region_2,timestep_6,value,scenario_1,parameter,technology_3
AT,h1441,0.3714353995574986,scr2002,avaStIn,bevFrtRoadLight
AT,h1442,0.3846086524108919,scr2002,avaStIn,bevFrtRoadLight
AT,h1443,0.42374952391826404,scr2002,avaStIn,bevFrtRoadLight
AT,h1444,0.4709102315761218,scr2002,avaStIn,bevFrtRoadLight
AT,h1445,0.5000591446961405,scr2002,avaStIn,bevFrtRoadLight
AT,h1446,0.495233345157142,scr2002,avaStIn,bevFrtRoadLight
AT,h1447,0.5008043596015221,scr2002,avaStIn,bevFrtRoadLight
AT,h1448,0.5021789974738545,scr2002,avaStIn,bevFrtRoadLight
AT,h1449,0.5231874460949842,scr2002,avaStIn,bevFrtRoadLight
AT,h1450,0.5308529822226913,scr2002,avaStIn,bevFrtRoadLight
AT,h1451,0.536356959269228,scr2002,avaStIn,bevFrtRoadLight
AT,h1452,0.5373881561276749,scr2002,avaStIn,bevFrtRoadLight
AT,h1453,0.5288075990651915,scr2002,avaStIn,bevFrtRoadLight
AT,h1454,0.5095709286669997,scr2002,avaStIn,bevFrtRoadLight
AT,h1455,0.473753550931062,scr2002,avaStIn,bevFrtRoadLight
AT,h1456,0.4304466538396562,scr2002,avaStIn,bevFrtRoadLight
AT,h1457,0.3826879992214788,scr2002,avaStIn,bevFrtRoadLight
AT,h1458,0.35009603390058996,scr2002,avaStIn,bevFrtRoadLight
AT,h1459,0.3349394292024723,scr2002,avaStIn,bevFrtRoadLight
AT,h1460,0.34869160218954365,scr2002,avaStIn,bevFrtRoadLight
AT,h1461,0.36780057797615695,scr2002,avaStIn,bevFrtRoadLight
AT,h1462,0.38682791024436847,scr2002,avaStIn,bevFrtRoadLight
AT,h1463,0.3912979680884232,scr2002,avaStIn,bevFrtRoadLight
AT,h1464,0.3985938980480803,scr2002,avaStIn,bevFrtRoadLight
AT,h1465,0.38540755881640665,scr2002,avaStIn,bevFrtRoadLight
AT,h1466,0.39834418280524153,scr2002,avaStIn,bevFrtRoadLight
AT,h1467,0.42374952391826404,scr2002,avaStIn,bevFrtRoadLight
AT,h1468,0.4709102315761218,scr2002,avaStIn,bevFrtRoadLight
AT,h1469,0.5000591446961405,scr2002,avaStIn,bevFrtRoadLight
AT,h1470,0.495233345157142,scr2002,avaStIn,bevFrtRoadLight
AT,h1471,0.5008043596015221,scr2002,avaStIn,bevFrtRoadLight
AT,h1472,0.5021789974738545,scr2002,avaStIn,bevFrtRoadLight
AT,h1473,0.5231874460949842,scr2002,avaStIn,bevFrtRoadLight
AT,h1474,0.5308529822226913,scr2002,avaStIn,bevFrtRoadLight
AT,h1475,0.536356959269228,scr2002,avaStIn,bevFrtRoadLight
AT,h1476,0.5373881561276749,scr2002,avaStIn,bevFrtRoadLight
AT,h1477,0.5288075990651915,scr2002,avaStIn,bevFrtRoadLight
AT,h1478,0.5095709286669997,scr2002,avaStIn,bevFrtRoadLight
AT,h1479,0.473753550931062,scr2002,avaStIn,bevFrtRoadLight
AT,h1480,0.4304466538396562,scr2002,avaStIn,bevFrtRoadLight
AT,h1481,0.3826879992214788,scr2002,avaStIn,bevFrtRoadLight
AT,h1482,0.35009603390058996,scr2002,avaStIn,bevFrtRoadLight
AT,h1483,0.3349394292024723,scr2002,avaStIn,bevFrtRoadLight
AT,h1484,0.34869160218954365,scr2002,avaStIn,bevFrtRoadLight
AT,h1485,0.36780057797615695,scr2002,avaStIn,bevFrtRoadLight
AT,h1486,0.38682791024436847,scr2002,avaStIn,bevFrtRoadLight
AT,h1487,0.3912979680884232,scr2002,avaStIn,bevFrtRoadLight
AT,h1488,0.3985938980480803,scr2002,avaStIn,bevFrtRoadLight
AT,h1489,0.4174388969205469,scr2002,avaStIn,bevFrtRoadLight
AT,h1490,0.4439543832070485,scr2002,avaStIn,bevFrtRoadLight
AT,h1491,0.464238846132911,scr2002,avaStIn,bevFrtRoadLight
AT,h1492,0.4692993118565085,scr2002,avaStIn,bevFrtRoadLight
AT,h1493,0.4647572130501477,scr2002,avaStIn,bevFrtRoadLight
AT,h1494,0.4606421333392813,scr2002,avaStIn,bevFrtRoadLight
AT,h1495,0.4606294501381404,scr2002,avaStIn,bevFrtRoadLight
AT,h1496,0.4771202000278558,scr2002,avaStIn,bevFrtRoadLight
AT,h1497,0.4942956004519071,scr2002,avaStIn,bevFrtRoadLight
AT,h1498,0.5099123823053463,scr2002,avaStIn,bevFrtRoadLight
AT,h1499,0.5161038254350148,scr2002,avaStIn,bevFrtRoadLight
AT,h1500,0.5219276355822776,scr2002,avaStIn,bevFrtRoadLight
AT,h1501,0.5234247828552905,scr2002,avaStIn,bevFrtRoadLight
AT,h1502,0.515666896351518,scr2002,avaStIn,bevFrtRoadLight
AT,h1503,0.4904757420921084,scr2002,avaStIn,bevFrtRoadLight
AT,h1504,0.4511048686615209,scr2002,avaStIn,bevFrtRoadLight
AT,h1505,0.401719554609377,scr2002,avaStIn,bevFrtRoadLight
AT,h1506,0.362910361244157,scr2002,avaStIn,bevFrtRoadLight
AT,h1507,0.3472619056461236,scr2002,avaStIn,bevFrtRoadLight
AT,h1508,0.35727079588328314,scr2002,avaStIn,bevFrtRoadLight
AT,h1509,0.378468834507535,scr2002,avaStIn,bevFrtRoadLight
AT,h1510,0.39319028121074384,scr2002,avaStIn,bevFrtRoadLight
AT,h1511,0.3959422870730802,scr2002,avaStIn,bevFrtRoadLight
AT,h1512,0.3854887711962275,scr2002,avaStIn,bevFrtRoadLight
AT,h1513,0.42769853598926943,scr2002,avaStIn,bevFrtRoadLight
AT,h1514,0.46444116177482064,scr2002,avaStIn,bevFrtRoadLight
AT,h1515,0.5002557267591349,scr2002,avaStIn,bevFrtRoadLight
AT,h1516,0.4779833592811431,scr2002,avaStIn,bevFrtRoadLight
AT,h1517,0.45518876455881485,scr2002,avaStIn,bevFrtRoadLight
AT,h1518,0.43596244051473665,scr2002,avaStIn,bevFrtRoadLight
AT,h1519,0.4287672948543091,scr2002,avaStIn,bevFrtRoadLight
AT,h1520,0.4310449118345231,scr2002,avaStIn,bevFrtRoadLight
AT,h1521,0.43651906754470926,scr2002,avaStIn,bevFrtRoadLight
AT,h1522,0.42784196327677315,scr2002,avaStIn,bevFrtRoadLight
AT,h1523,0.40165285769436365,scr2002,avaStIn,bevFrtRoadLight
AT,h1524,0.3554492048303812,scr2002,avaStIn,bevFrtRoadLight
AT,h1525,0.30743387757687923,scr2002,avaStIn,bevFrtRoadLight
AT,h1526,0.278936309503648,scr2002,avaStIn,bevFrtRoadLight
AT,h1527,0.28525649117608465,scr2002,avaStIn,bevFrtRoadLight
AT,h1528,0.33100477113297455,scr2002,avaStIn,bevFrtRoadLight
AT,h1529,0.3951643597987161,scr2002,avaStIn,bevFrtRoadLight
AT,h1530,0.46644985491696445,scr2002,avaStIn,bevFrtRoadLight
AT,h1531,0.5302489042156142,scr2002,avaStIn,bevFrtRoadLight
AT,h1532,0.5770673902258092,scr2002,avaStIn,bevFrtRoadLight
AT,h1533,0.5986769755958498,scr2002,avaStIn,bevFrtRoadLight
AT,h1534,0.6016883948095747,scr2002,avaStIn,bevFrtRoadLight
AT,h1535,0.5924055260109063,scr2002,avaStIn,bevFrtRoadLight
AT,h1536,0.5774847836798132,scr2002,avaStIn,bevFrtRoadLight
AT,h1537,0.5517773619954187,scr2002,avaStIn,bevFrtRoadLight
AT,h1538,0.5248358437172166,scr2002,avaStIn,bevFrtRoadLight
AT,h1539,0.5002557267591349,scr2002,avaStIn,bevFrtRoadLight
AT,h1540,0.4779833592811431,scr2002,avaStIn,bevFrtRoadLight
AT,h1541,0.45518876455881485,scr2002,avaStIn,bevFrtRoadLight
AT,h1542,0.43596244051473665,scr2002,avaStIn,bevFrtRoadLight
AT,h1543,0.4287672948543091,scr2002,avaStIn,bevFrtRoadLight
AT,h1544,0.4310449118345231,scr2002,avaStIn,bevFrtRoadLight
AT,h1545,0.43651906754470926,scr2002,avaStIn,bevFrtRoadLight
AT,h1546,0.42784196327677315,scr2002,avaStIn,bevFrtRoadLight
AT,h1547,0.40165285769436365,scr2002,avaStIn,bevFrtRoadLight
AT,h1548,0.3554492048303812,scr2002,avaStIn,bevFrtRoadLight
AT,h1549,0.30743387757687923,scr2002,avaStIn,bevFrtRoadLight
AT,h1550,0.278936309503648,scr2002,avaStIn,bevFrtRoadLight
AT,h1551,0.28525649117608465,scr2002,avaStIn,bevFrtRoadLight
AT,h1552,0.33100477113297455,scr2002,avaStIn,bevFrtRoadLight
AT,h1553,0.3951643597987161,scr2002,avaStIn,bevFrtRoadLight
AT,h1554,0.46644985491696445,scr2002,avaStIn,bevFrtRoadLight
AT,h1555,0.5302489042156142,scr2002,avaStIn,bevFrtRoadLight
AT,h1556,0.5770673902258092,scr2002,avaStIn,bevFrtRoadLight
AT,h1557,0.5986769755958498,scr2002,avaStIn,bevFrtRoadLight
AT,h1558,0.6016883948095747,scr2002,avaStIn,bevFrtRoadLight
AT,h1559,0.5924055260109063,scr2002,avaStIn,bevFrtRoadLight
AT,h1560,0.5774847836798132,scr2002,avaStIn,bevFrtRoadLight
AT,h1561,0.5517773619954187,scr2002,avaStIn,bevFrtRoadLight
AT,h1562,0.5248358437172166,scr2002,avaStIn,bevFrtRoadLight
AT,h1563,0.5002557267591349,scr2002,avaStIn,bevFrtRoadLight
AT,h1564,0.4779833592811431,scr2002,avaStIn,bevFrtRoadLight
AT,h1565,0.45518876455881485,scr2002,avaStIn,bevFrtRoadLight
AT,h1566,0.43596244051473665,scr2002,avaStIn,bevFrtRoadLight
AT,h1567,0.4287672948543091,scr2002,avaStIn,bevFrtRoadLight
AT,h1568,0.4310449118345231,scr2002,avaStIn,bevFrtRoadLight
AT,h1569,0.43651906754470926,scr2002,avaStIn,bevFrtRoadLight
AT,h1570,0.42784196327677315,scr2002,avaStIn,bevFrtRoadLight
AT,h1571,0.40165285769436365,scr2002,avaStIn,bevFrtRoadLight
AT,h1572,0.3554492048303812,scr2002,avaStIn,bevFrtRoadLight
AT,h1573,0.30743387757687923,scr2002,avaStIn,bevFrtRoadLight
AT,h1574,0.278936309503648,scr2002,avaStIn,bevFrtRoadLight
AT,h1575,0.28525649117608465,scr2002,avaStIn,bevFrtRoadLight
AT,h1576,0.33100477113297455,scr2002,avaStIn,bevFrtRoadLight
AT,h1577,0.3951643597987161,scr2002,avaStIn,bevFrtRoadLight
AT,h1578,0.46644985491696445,scr2002,avaStIn,bevFrtRoadLight
AT,h1579,0.5302489042156142,scr2002,avaStIn,bevFrtRoadLight
AT,h1580,0.5770673902258092,scr2002,avaStIn,bevFrtRoadLight
AT,h1581,0.5986769755958498,scr2002,avaStIn,bevFrtRoadLight
AT,h1582,0.6016883948095747,scr2002,avaStIn,bevFrtRoadLight
AT,h1583,0.5924055260109063,scr2002,avaStIn,bevFrtRoadLight
AT,h1584,0.5774847836798132,scr2002,avaStIn,bevFrtRoadLight
AT,h1585,0.5517773619954187,scr2002,avaStIn,bevFrtRoadLight
AT,h1586,0.5248358437172166,scr2002,avaStIn,bevFrtRoadLight
AT,h1587,0.5002557267591349,scr2002,avaStIn,bevFrtRoadLight
AT,h1588,0.4779833592811431,scr2002,avaStIn,bevFrtRoadLight
AT,h1589,0.45518876455881485,scr2002,avaStIn,bevFrtRoadLight
AT,h1590,0.43596244051473665,scr2002,avaStIn,bevFrtRoadLight
AT,h1591,0.4287672948543091,scr2002,avaStIn,bevFrtRoadLight
AT,h1592,0.4310449118345231,scr2002,avaStIn,bevFrtRoadLight
AT,h1593,0.43651906754470926,scr2002,avaStIn,bevFrtRoadLight
AT,h1594,0.42784196327677315,scr2002,avaStIn,bevFrtRoadLight
AT,h1595,0.40165285769436365,scr2002,avaStIn,bevFrtRoadLight
AT,h1596,0.3554492048303812,scr2002,avaStIn,bevFrtRoadLight
AT,h1597,0.30743387757687923,scr2002,avaStIn,bevFrtRoadLight
AT,h1598,0.278936309503648,scr2002,avaStIn,bevFrtRoadLight
AT,h1599,0.28525649117608465,scr2002,avaStIn,bevFrtRoadLight
AT,h1600,0.33100477113297455,scr2002,avaStIn,bevFrtRoadLight
AT,h1601,0.3951643597987161,scr2002,avaStIn,bevFrtRoadLight
AT,h1602,0.46644985491696445,scr2002,avaStIn,bevFrtRoadLight
AT,h1603,0.5302489042156142,scr2002,avaStIn,bevFrtRoadLight
AT,h1604,0.5770673902258092,scr2002,avaStIn,bevFrtRoadLight
AT,h1605,0.5986769755958498,scr2002,avaStIn,bevFrtRoadLight
AT,h1606,0.6016883948095747,scr2002,avaStIn,bevFrtRoadLight
AT,h1607,0.5924055260109063,scr2002,avaStIn,bevFrtRoadLight
AT,h1608,0.5774847836798132,scr2002,avaStIn,bevFrtRoadLight
AT,h1609,0.5399833096273894,scr2002,avaStIn,bevFrtRoadLight
AT,h1610,0.5020113380135911,scr2002,avaStIn,bevFrtRoadLight
AT,h1611,0.4635722307063156,scr2002,avaStIn,bevFrtRoadLight
AT,h1612,0.4380348659574729,scr2002,avaStIn,bevFrtRoadLight
AT,h1613,0.40762124803256283,scr2002,avaStIn,bevFrtRoadLight
AT,h1614,0.37888830724468336,scr2002,avaStIn,bevFrtRoadLight
AT,h1615,0.36958381422293585,scr2002,avaStIn,bevFrtRoadLight
AT,h1616,0.37840208488783933,scr2002,avaStIn,bevFrtRoadLight
AT,h1617,0.40312593459237533,scr2002,avaStIn,bevFrtRoadLight
AT,h1618,0.41362439373824156,scr2002,avaStIn,bevFrtRoadLight
AT,h1619,0.4028461315685412,scr2002,avaStIn,bevFrtRoadLight
AT,h1620,0.3603437041144123,scr2002,avaStIn,bevFrtRoadLight
AT,h1621,0.300735364069155,scr2002,avaStIn,bevFrtRoadLight
AT,h1622,0.24177370465061954,scr2002,avaStIn,bevFrtRoadLight
AT,h1623,0.21970614560615676,scr2002,avaStIn,bevFrtRoadLight
AT,h1624,0.25508395733229006,scr2002,avaStIn,bevFrtRoadLight
AT,h1625,0.34767139096765254,scr2002,avaStIn,bevFrtRoadLight
AT,h1626,0.45228041046836875,scr2002,avaStIn,bevFrtRoadLight
AT,h1627,0.5341134302691986,scr2002,avaStIn,bevFrtRoadLight
AT,h1628,0.5851656457268322,scr2002,avaStIn,bevFrtRoadLight
AT,h1629,0.6079565962864942,scr2002,avaStIn,bevFrtRoadLight
AT,h1630,0.6088378322847627,scr2002,avaStIn,bevFrtRoadLight
AT,h1631,0.5862547005889717,scr2002,avaStIn,bevFrtRoadLight
AT,h1632,0.5503272305028044,scr2002,avaStIn,bevFrtRoadLight
AT,h1633,0.5157882800473498,scr2002,avaStIn,bevFrtRoadLight
AT,h1634,0.4876212160339364,scr2002,avaStIn,bevFrtRoadLight
AT,h1635,0.4635722307063156,scr2002,avaStIn,bevFrtRoadLight
AT,h1636,0.4380348659574729,scr2002,avaStIn,bevFrtRoadLight
AT,h1637,0.40762124803256283,scr2002,avaStIn,bevFrtRoadLight
AT,h1638,0.37888830724468336,scr2002,avaStIn,bevFrtRoadLight
AT,h1639,0.36958381422293585,scr2002,avaStIn,bevFrtRoadLight
AT,h1640,0.37840208488783933,scr2002,avaStIn,bevFrtRoadLight
AT,h1641,0.40312593459237533,scr2002,avaStIn,bevFrtRoadLight
AT,h1642,0.41362439373824156,scr2002,avaStIn,bevFrtRoadLight
AT,h1643,0.4028461315685412,scr2002,avaStIn,bevFrtRoadLight
AT,h1644,0.3603437041144123,scr2002,avaStIn,bevFrtRoadLight
AT,h1645,0.300735364069155,scr2002,avaStIn,bevFrtRoadLight
AT,h1646,0.24177370465061954,scr2002,avaStIn,bevFrtRoadLight
AT,h1647,0.21970614560615676,scr2002,avaStIn,bevFrtRoadLight
AT,h1648,0.25508395733229006,scr2002,avaStIn,bevFrtRoadLight
AT,h1649,0.34767139096765254,scr2002,avaStIn,bevFrtRoadLight
AT,h1650,0.45228041046836875,scr2002,avaStIn,bevFrtRoadLight
AT,h1651,0.5341134302691986,scr2002,avaStIn,bevFrtRoadLight
AT,h1652,0.5851656457268322,scr2002,avaStIn,bevFrtRoadLight
AT,h1653,0.6079565962864942,scr2002,avaStIn,bevFrtRoadLight
AT,h1654,0.6088378322847627,scr2002,avaStIn,bevFrtRoadLight
AT,h1655,0.5862547005889717,scr2002,avaStIn,bevFrtRoadLight
AT,h1656,0.5503272305028044,scr2002,avaStIn,bevFrtRoadLight
AT,h1657,0.5277989482493217,scr2002,avaStIn,bevFrtRoadLight
AT,h1658,0.5107010378978177,scr2002,avaStIn,bevFrtRoadLight
AT,h1659,0.5002557267591349,scr2002,avaStIn,bevFrtRoadLight
AT,h1660,0.4779833592811431,scr2002,avaStIn,bevFrtRoadLight
AT,h1661,0.45518876455881485,scr2002,avaStIn,bevFrtRoadLight
AT,h1662,0.43596244051473665,scr2002,avaStIn,bevFrtRoadLight
AT,h1663,0.4287672948543091,scr2002,avaStIn,bevFrtRoadLight
AT,h1664,0.4310449118345231,scr2002,avaStIn,bevFrtRoadLight
AT,h1665,0.43651906754470926,scr2002,avaStIn,bevFrtRoadLight
AT,h1666,0.42784196327677315,scr2002,avaStIn,bevFrtRoadLight
AT,h1667,0.40165285769436365,scr2002,avaStIn,bevFrtRoadLight
AT,h1668,0.3554492048303812,scr2002,avaStIn,bevFrtRoadLight
AT,h1669,0.30743387757687923,scr2002,avaStIn,bevFrtRoadLight
AT,h1670,0.278936309503648,scr2002,avaStIn,bevFrtRoadLight
AT,h1671,0.28525649117608465,scr2002,avaStIn,bevFrtRoadLight
AT,h1672,0.33100477113297455,scr2002,avaStIn,bevFrtRoadLight
AT,h1673,0.3951643597987161,scr2002,avaStIn,bevFrtRoadLight
AT,h1674,0.46644985491696445,scr2002,avaStIn,bevFrtRoadLight
AT,h1675,0.5302489042156142,scr2002,avaStIn,bevFrtRoadLight
AT,h1676,0.5770673902258092,scr2002,avaStIn,bevFrtRoadLight
AT,h1677,0.5986769755958498,scr2002,avaStIn,bevFrtRoadLight
AT,h1678,0.6016883948095747,scr2002,avaStIn,bevFrtRoadLight
AT,h1679,0.5924055260109063,scr2002,avaStIn,bevFrtRoadLight
AT,h1680,0.5774847836798132,scr2002,avaStIn,bevFrtRoadLight
AT,h1681,0.5517773619954187,scr2002,avaStIn,bevFrtRoadLight
AT,h1682,0.5248358437172166,scr2002,avaStIn,bevFrtRoadLight
AT,h1683,0.5002557267591349,scr2002,avaStIn,bevFrtRoadLight
AT,h1684,0.4779833592811431,scr2002,avaStIn,bevFrtRoadLight
AT,h1685,0.45518876455881485,scr2002,avaStIn,bevFrtRoadLight
AT,h1686,0.43596244051473665,scr2002,avaStIn,bevFrtRoadLight
AT,h1687,0.4287672948543091,scr2002,avaStIn,bevFrtRoadLight
AT,h1688,0.4310449118345231,scr2002,avaStIn,bevFrtRoadLight
AT,h1689,0.43651906754470926,scr2002,avaStIn,bevFrtRoadLight
AT,h1690,0.42784196327677315,scr2002,avaStIn,bevFrtRoadLight
AT,h1691,0.40165285769436365,scr2002,avaStIn,bevFrtRoadLight
AT,h1692,0.3554492048303812,scr2002,avaStIn,bevFrtRoadLight
AT,h1693,0.30743387757687923,scr2002,avaStIn,bevFrtRoadLight
AT,h1694,0.278936309503648,scr2002,avaStIn,bevFrtRoadLight
AT,h1695,0.28525649117608465,scr2002,avaStIn,bevFrtRoadLight
AT,h1696,0.33100477113297455,scr2002,avaStIn,bevFrtRoadLight
AT,h1697,0.3951643597987161,scr2002,avaStIn,bevFrtRoadLight
AT,h1698,0.46644985491696445,scr2002,avaStIn,bevFrtRoadLight
AT,h1699,0.5302489042156142,scr2002,avaStIn,bevFrtRoadLight
AT,h1700,0.5770673902258092,scr2002,avaStIn,bevFrtRoadLight
AT,h1701,0.5986769755958498,scr2002,avaStIn,bevFrtRoadLight
AT,h1702,0.6016883948095747,scr2002,avaStIn,bevFrtRoadLight
AT,h1703,0.5924055260109063,scr2002,avaStIn,bevFrtRoadLight
AT,h1704,0.5774847836798132,scr2002,avaStIn,bevFrtRoadLight
AT,h1705,0.509038057831711,scr2002,avaStIn,bevFrtRoadLight
AT,h1706,0.45316073221470254,scr2002,avaStIn,bevFrtRoadLight
AT,h1707,0.4106293035759673,scr2002,avaStIn,bevFrtRoadLight
AT,h1708,0.4302562346105031,scr2002,avaStIn,bevFrtRoadLight
AT,h1709,0.4411964644145132,scr2002,avaStIn,bevFrtRoadLight
AT,h1710,0.45751109901302867,scr2002,avaStIn,bevFrtRoadLight
AT,h1711,0.48871757217710954,scr2002,avaStIn,bevFrtRoadLight
AT,h1712,0.5314509691002262,scr2002,avaStIn,bevFrtRoadLight
AT,h1713,0.5711878747561929,scr2002,avaStIn,bevFrtRoadLight
AT,h1714,0.5980939691710526,scr2002,avaStIn,bevFrtRoadLight
AT,h1715,0.608394034195855,scr2002,avaStIn,bevFrtRoadLight
AT,h1716,0.6010568773540479,scr2002,avaStIn,bevFrtRoadLight
AT,h1717,0.5764247164288175,scr2002,avaStIn,bevFrtRoadLight
AT,h1718,0.5401459054358786,scr2002,avaStIn,bevFrtRoadLight
AT,h1719,0.4982672792884357,scr2002,avaStIn,bevFrtRoadLight
AT,h1720,0.4574139907405833,scr2002,avaStIn,bevFrtRoadLight
AT,h1721,0.42470386872332366,scr2002,avaStIn,bevFrtRoadLight
AT,h1722,0.4070105681582177,scr2002,avaStIn,bevFrtRoadLight
AT,h1723,0.3993554704479094,scr2002,avaStIn,bevFrtRoadLight
AT,h1724,0.3942528360151184,scr2002,avaStIn,bevFrtRoadLight
AT,h1725,0.3809841238928826,scr2002,avaStIn,bevFrtRoadLight
AT,h1726,0.3497784944040866,scr2002,avaStIn,bevFrtRoadLight
AT,h1727,0.3123069662403203,scr2002,avaStIn,bevFrtRoadLight
AT,h1728,0.2821792829284123,scr2002,avaStIn,bevFrtRoadLight
AT,h1729,0.3106843918239848,scr2002,avaStIn,bevFrtRoadLight
AT,h1730,0.35866299968064763,scr2002,avaStIn,bevFrtRoadLight
AT,h1731,0.4106293035759673,scr2002,avaStIn,bevFrtRoadLight
AT,h1732,0.4302562346105031,scr2002,avaStIn,bevFrtRoadLight
AT,h1733,0.4411964644145132,scr2002,avaStIn,bevFrtRoadLight
AT,h1734,0.45751109901302867,scr2002,avaStIn,bevFrtRoadLight
AT,h1735,0.48871757217710954,scr2002,avaStIn,bevFrtRoadLight
AT,h1736,0.5314509691002262,scr2002,avaStIn,bevFrtRoadLight
AT,h1737,0.5711878747561929,scr2002,avaStIn,bevFrtRoadLight
AT,h1738,0.5980939691710526,scr2002,avaStIn,bevFrtRoadLight
AT,h1739,0.608394034195855,scr2002,avaStIn,bevFrtRoadLight
AT,h1740,0.6010568773540479,scr2002,avaStIn,bevFrtRoadLight
AT,h1741,0.5764247164288175,scr2002,avaStIn,bevFrtRoadLight
AT,h1742,0.5401459054358786,scr2002,avaStIn,bevFrtRoadLight
AT,h1743,0.4982672792884357,scr2002,avaStIn,bevFrtRoadLight
AT,h1744,0.4574139907405833,scr2002,avaStIn,bevFrtRoadLight
AT,h1745,0.42470386872332366,scr2002,avaStIn,bevFrtRoadLight
AT,h1746,0.4070105681582177,scr2002,avaStIn,bevFrtRoadLight
AT,h1747,0.3993554704479094,scr2002,avaStIn,bevFrtRoadLight
AT,h1748,0.3942528360151184,scr2002,avaStIn,bevFrtRoadLight
AT,h1749,0.3809841238928826,scr2002,avaStIn,bevFrtRoadLight
AT,h1750,0.3497784944040866,scr2002,avaStIn,bevFrtRoadLight
AT,h1751,0.3123069662403203,scr2002,avaStIn,bevFrtRoadLight
AT,h1752,0.2821792829284123,scr2002,avaStIn,bevFrtRoadLight
AT,h1753,0.3106843918239848,scr2002,avaStIn,bevFrtRoadLight
AT,h1754,0.35866299968064763,scr2002,avaStIn,bevFrtRoadLight
AT,h1755,0.4106293035759673,scr2002,avaStIn,bevFrtRoadLight
AT,h1756,0.4302562346105031,scr2002,avaStIn,bevFrtRoadLight
AT,h1757,0.4411964644145132,scr2002,avaStIn,bevFrtRoadLight
AT,h1758,0.45751109901302867,scr2002,avaStIn,bevFrtRoadLight
AT,h1759,0.48871757217710954,scr2002,avaStIn,bevFrtRoadLight
AT,h1760,0.5314509691002262,scr2002,avaStIn,bevFrtRoadLight
AT,h1761,0.5711878747561929,scr2002,avaStIn,bevFrtRoadLight
AT,h1762,0.5980939691710526,scr2002,avaStIn,bevFrtRoadLight
AT,h1763,0.608394034195855,scr2002,avaStIn,bevFrtRoadLight
AT,h1764,0.6010568773540479,scr2002,avaStIn,bevFrtRoadLight
AT,h1765,0.5764247164288175,scr2002,avaStIn,bevFrtRoadLight
AT,h1766,0.5401459054358786,scr2002,avaStIn,bevFrtRoadLight
AT,h1767,0.4982672792884357,scr2002,avaStIn,bevFrtRoadLight
AT,h1768,0.4574139907405833,scr2002,avaStIn,bevFrtRoadLight
AT,h1769,0.42470386872332366,scr2002,avaStIn,bevFrtRoadLight
AT,h1770,0.4070105681582177,scr2002,avaStIn,bevFrtRoadLight
AT,h1771,0.3993554704479094,scr2002,avaStIn,bevFrtRoadLight
AT,h1772,0.3942528360151184,scr2002,avaStIn,bevFrtRoadLight
AT,h1773,0.3809841238928826,scr2002,avaStIn,bevFrtRoadLight
AT,h1774,0.3497784944040866,scr2002,avaStIn,bevFrtRoadLight
AT,h1775,0.3123069662403203,scr2002,avaStIn,bevFrtRoadLight
AT,h1776,0.2821792829284123,scr2002,avaStIn,bevFrtRoadLight
AT,h1777,0.230095162221032,scr2002,avaStIn,bevFrtRoadLight
AT,h1778,0.2300917975935889,scr2002,avaStIn,bevFrtRoadLight
AT,h1779,0.27148343409663167,scr2002,avaStIn,bevFrtRoadLight
AT,h1780,0.3790725700696759,scr2002,avaStIn,bevFrtRoadLight
AT,h1781,0.4623404992613247,scr2002,avaStIn,bevFrtRoadLight
AT,h1782,0.5259162274800008,scr2002,avaStIn,bevFrtRoadLight
AT,h1783,0.5772992909654577,scr2002,avaStIn,bevFrtRoadLight
AT,h1784,0.6171735770568829,scr2002,avaStIn,bevFrtRoadLight
AT,h1785,0.6409152522621753,scr2002,avaStIn,bevFrtRoadLight
AT,h1786,0.6489166669999998,scr2002,avaStIn,bevFrtRoadLight
AT,h1787,0.6400350534574337,scr2002,avaStIn,bevFrtRoadLight
AT,h1788,0.61588415769173,scr2002,avaStIn,bevFrtRoadLight
AT,h1789,0.5753501172674538,scr2002,avaStIn,bevFrtRoadLight
AT,h1790,0.5273486726990765,scr2002,avaStIn,bevFrtRoadLight
AT,h1791,0.47682400205808595,scr2002,avaStIn,bevFrtRoadLight
AT,h1792,0.4288063768750643,scr2002,avaStIn,bevFrtRoadLight
AT,h1793,0.39374570481652504,scr2002,avaStIn,bevFrtRoadLight
AT,h1794,0.3749031506247579,scr2002,avaStIn,bevFrtRoadLight
AT,h1795,0.37209330121313156,scr2002,avaStIn,bevFrtRoadLight
AT,h1796,0.36873105182903665,scr2002,avaStIn,bevFrtRoadLight
AT,h1797,0.35436309979864666,scr2002,avaStIn,bevFrtRoadLight
AT,h1798,0.3154781828948128,scr2002,avaStIn,bevFrtRoadLight
AT,h1799,0.27112993299959987,scr2002,avaStIn,bevFrtRoadLight
AT,h1800,0.2381911639591776,scr2002,avaStIn,bevFrtRoadLight
AT,h1801,0.20075744833264675,scr2002,avaStIn,bevFrtRoadLight
AT,h1802,0.21575624655576675,scr2002,avaStIn,bevFrtRoadLight
AT,h1803,0.27148343409663167,scr2002,avaStIn,bevFrtRoadLight
AT,h1804,0.3790725700696759,scr2002,avaStIn,bevFrtRoadLight
AT,h1805,0.4623404992613247,scr2002,avaStIn,bevFrtRoadLight
AT,h1806,0.5259162274800008,scr2002,avaStIn,bevFrtRoadLight
AT,h1807,0.5772992909654577,scr2002,avaStIn,bevFrtRoadLight
AT,h1808,0.6171735770568829,scr2002,avaStIn,bevFrtRoadLight
AT,h1809,0.6409152522621753,scr2002,avaStIn,bevFrtRoadLight
AT,h1810,0.6489166669999998,scr2002,avaStIn,bevFrtRoadLight
AT,h1811,0.6400350534574337,scr2002,avaStIn,bevFrtRoadLight
AT,h1812,0.61588415769173,scr2002,avaStIn,bevFrtRoadLight
AT,h1813,0.5753501172674538,scr2002,avaStIn,bevFrtRoadLight
AT,h1814,0.5273486726990765,scr2002,avaStIn,bevFrtRoadLight
AT,h1815,0.47682400205808595,scr2002,avaStIn,bevFrtRoadLight
AT,h1816,0.4288063768750643,scr2002,avaStIn,bevFrtRoadLight
AT,h1817,0.39374570481652504,scr2002,avaStIn,bevFrtRoadLight
AT,h1818,0.3749031506247579,scr2002,avaStIn,bevFrtRoadLight
AT,h1819,0.37209330121313156,scr2002,avaStIn,bevFrtRoadLight
AT,h1820,0.36873105182903665,scr2002,avaStIn,bevFrtRoadLight
AT,h1821,0.35436309979864666,scr2002,avaStIn,bevFrtRoadLight
AT,h1822,0.3154781828948128,scr2002,avaStIn,bevFrtRoadLight
AT,h1823,0.27112993299959987,scr2002,avaStIn,bevFrtRoadLight
AT,h1824,0.2381911639591776,scr2002,avaStIn,bevFrtRoadLight
AT,h1825,0.28388199759953203,scr2002,avaStIn,bevFrtRoadLight
AT,h1826,0.34615260530650627,scr2002,avaStIn,bevFrtRoadLight
AT,h1827,0.4106293035759673,scr2002,avaStIn,bevFrtRoadLight
AT,h1828,0.4302562346105031,scr2002,avaStIn,bevFrtRoadLight
AT,h1829,0.4411964644145132,scr2002,avaStIn,bevFrtRoadLight
AT,h1830,0.45751109901302867,scr2002,avaStIn,bevFrtRoadLight
AT,h1831,0.48871757217710954,scr2002,avaStIn,bevFrtRoadLight
AT,h1832,0.5314509691002262,scr2002,avaStIn,bevFrtRoadLight
AT,h1833,0.5711878747561929,scr2002,avaStIn,bevFrtRoadLight
AT,h1834,0.5980939691710526,scr2002,avaStIn,bevFrtRoadLight
AT,h1835,0.608394034195855,scr2002,avaStIn,bevFrtRoadLight
AT,h1836,0.6010568773540479,scr2002,avaStIn,bevFrtRoadLight
AT,h1837,0.5764247164288175,scr2002,avaStIn,bevFrtRoadLight
AT,h1838,0.5401459054358786,scr2002,avaStIn,bevFrtRoadLight
AT,h1839,0.4982672792884357,scr2002,avaStIn,bevFrtRoadLight
AT,h1840,0.4574139907405833,scr2002,avaStIn,bevFrtRoadLight
AT,h1841,0.42470386872332366,scr2002,avaStIn,bevFrtRoadLight
AT,h1842,0.4070105681582177,scr2002,avaStIn,bevFrtRoadLight
AT,h1843,0.3993554704479094,scr2002,avaStIn,bevFrtRoadLight
AT,h1844,0.3942528360151184,scr2002,avaStIn,bevFrtRoadLight
AT,h1845,0.3809841238928826,scr2002,avaStIn,bevFrtRoadLight
AT,h1846,0.3497784944040866,scr2002,avaStIn,bevFrtRoadLight
AT,h1847,0.3123069662403203,scr2002,avaStIn,bevFrtRoadLight
AT,h1848,0.2821792829284123,scr2002,avaStIn,bevFrtRoadLight
AT,h1849,0.3106843918239848,scr2002,avaStIn,bevFrtRoadLight
AT,h1850,0.35866299968064763,scr2002,avaStIn,bevFrtRoadLight
AT,h1851,0.4106293035759673,scr2002,avaStIn,bevFrtRoadLight
AT,h1852,0.4302562346105031,scr2002,avaStIn,bevFrtRoadLight
AT,h1853,0.4411964644145132,scr2002,avaStIn,bevFrtRoadLight
AT,h1854,0.45751109901302867,scr2002,avaStIn,bevFrtRoadLight
AT,h1855,0.48871757217710954,scr2002,avaStIn,bevFrtRoadLight
AT,h1856,0.5314509691002262,scr2002,avaStIn,bevFrtRoadLight
AT,h1857,0.5711878747561929,scr2002,avaStIn,bevFrtRoadLight
AT,h1858,0.5980939691710526,scr2002,avaStIn,bevFrtRoadLight
AT,h1859,0.608394034195855,scr2002,avaStIn,bevFrtRoadLight
AT,h1860,0.6010568773540479,scr2002,avaStIn,bevFrtRoadLight
AT,h1861,0.5764247164288175,scr2002,avaStIn,bevFrtRoadLight
AT,h1862,0.5401459054358786,scr2002,avaStIn,bevFrtRoadLight
AT,h1863,0.4982672792884357,scr2002,avaStIn,bevFrtRoadLight
AT,h1864,0.4574139907405833,scr2002,avaStIn,bevFrtRoadLight
AT,h1865,0.42470386872332366,scr2002,avaStIn,bevFrtRoadLight
AT,h1866,0.4070105681582177,scr2002,avaStIn,bevFrtRoadLight
AT,h1867,0.3993554704479094,scr2002,avaStIn,bevFrtRoadLight
AT,h1868,0.3942528360151184,scr2002,avaStIn,bevFrtRoadLight
AT,h1869,0.3809841238928826,scr2002,avaStIn,bevFrtRoadLight
AT,h1870,0.3497784944040866,scr2002,avaStIn,bevFrtRoadLight
AT,h1871,0.3123069662403203,scr2002,avaStIn,bevFrtRoadLight
AT,h1872,0.2821792829284123,scr2002,avaStIn,bevFrtRoadLight
AT,h1873,0.3106843918239848,scr2002,avaStIn,bevFrtRoadLight
AT,h1874,0.35866299968064763,scr2002,avaStIn,bevFrtRoadLight
AT,h1875,0.4106293035759673,scr2002,avaStIn,bevFrtRoadLight
AT,h1876,0.4302562346105031,scr2002,avaStIn,bevFrtRoadLight
AT,h1877,0.4411964644145132,scr2002,avaStIn,bevFrtRoadLight
AT,h1878,0.45751109901302867,scr2002,avaStIn,bevFrtRoadLight
AT,h1879,0.48871757217710954,scr2002,avaStIn,bevFrtRoadLight
AT,h1880,0.5314509691002262,scr2002,avaStIn,bevFrtRoadLight
AT,h1881,0.5711878747561929,scr2002,avaStIn,bevFrtRoadLight
AT,h1882,0.5980939691710526,scr2002,avaStIn,bevFrtRoadLight
AT,h1883,0.608394034195855,scr2002,avaStIn,bevFrtRoadLight
AT,h1884,0.6010568773540479,scr2002,avaStIn,bevFrtRoadLight
AT,h1885,0.5764247164288175,scr2002,avaStIn,bevFrtRoadLight
AT,h1886,0.5401459054358786,scr2002,avaStIn,bevFrtRoadLight
AT,h1887,0.4982672792884357,scr2002,avaStIn,bevFrtRoadLight
AT,h1888,0.4574139907405833,scr2002,avaStIn,bevFrtRoadLight
AT,h1889,0.42470386872332366,scr2002,avaStIn,bevFrtRoadLight
AT,h1890,0.4070105681582177,scr2002,avaStIn,bevFrtRoadLight
AT,h1891,0.3993554704479094,scr2002,avaStIn,bevFrtRoadLight
AT,h1892,0.3942528360151184,scr2002,avaStIn,bevFrtRoadLight
AT,h1893,0.3809841238928826,scr2002,avaStIn,bevFrtRoadLight
AT,h1894,0.3497784944040866,scr2002,avaStIn,bevFrtRoadLight
AT,h1895,0.3123069662403203,scr2002,avaStIn,bevFrtRoadLight
AT,h1896,0.2821792829284123,scr2002,avaStIn,bevFrtRoadLight
AT,h1897,0.3106843918239848,scr2002,avaStIn,bevFrtRoadLight
AT,h1898,0.35866299968064763,scr2002,avaStIn,bevFrtRoadLight
AT,h1899,0.4106293035759673,scr2002,avaStIn,bevFrtRoadLight
AT,h1900,0.4302562346105031,scr2002,avaStIn,bevFrtRoadLight
AT,h1901,0.4411964644145132,scr2002,avaStIn,bevFrtRoadLight
AT,h1902,0.45751109901302867,scr2002,avaStIn,bevFrtRoadLight
AT,h1903,0.48871757217710954,scr2002,avaStIn,bevFrtRoadLight
AT,h1904,0.5314509691002262,scr2002,avaStIn,bevFrtRoadLight
AT,h1905,0.5711878747561929,scr2002,avaStIn,bevFrtRoadLight
AT,h1906,0.5980939691710526,scr2002,avaStIn,bevFrtRoadLight
AT,h1907,0.608394034195855,scr2002,avaStIn,bevFrtRoadLight
AT,h1908,0.6010568773540479,scr2002,avaStIn,bevFrtRoadLight
AT,h1909,0.5764247164288175,scr2002,avaStIn,bevFrtRoadLight
AT,h1910,0.5401459054358786,scr2002,avaStIn,bevFrtRoadLight
AT,h1911,0.4982672792884357,scr2002,avaStIn,bevFrtRoadLight
AT,h1912,0.4574139907405833,scr2002,avaStIn,bevFrtRoadLight
AT,h1913,0.42470386872332366,scr2002,avaStIn,bevFrtRoadLight
AT,h1914,0.4070105681582177,scr2002,avaStIn,bevFrtRoadLight
AT,h1915,0.3993554704479094,scr2002,avaStIn,bevFrtRoadLight
AT,h1916,0.3942528360151184,scr2002,avaStIn,bevFrtRoadLight
AT,h1917,0.3809841238928826,scr2002,avaStIn,bevFrtRoadLight
AT,h1918,0.3497784944040866,scr2002,avaStIn,bevFrtRoadLight
AT,h1919,0.3123069662403203,scr2002,avaStIn,bevFrtRoadLight
AT,h1920,0.2821792829284123,scr2002,avaStIn,bevFrtRoadLight
AT,h1921,0.3106843918239848,scr2002,avaStIn,bevFrtRoadLight
AT,h1922,0.35866299968064763,scr2002,avaStIn,bevFrtRoadLight
AT,h1923,0.4106293035759673,scr2002,avaStIn,bevFrtRoadLight
AT,h1924,0.4302562346105031,scr2002,avaStIn,bevFrtRoadLight
AT,h1925,0.4411964644145132,scr2002,avaStIn,bevFrtRoadLight
AT,h1926,0.45751109901302867,scr2002,avaStIn,bevFrtRoadLight
AT,h1927,0.48871757217710954,scr2002,avaStIn,bevFrtRoadLight
AT,h1928,0.5314509691002262,scr2002,avaStIn,bevFrtRoadLight
AT,h1929,0.5711878747561929,scr2002,avaStIn,bevFrtRoadLight
AT,h1930,0.5980939691710526,scr2002,avaStIn,bevFrtRoadLight
AT,h1931,0.608394034195855,scr2002,avaStIn,bevFrtRoadLight
AT,h1932,0.6010568773540479,scr2002,avaStIn,bevFrtRoadLight
AT,h1933,0.5764247164288175,scr2002,avaStIn,bevFrtRoadLight
AT,h1934,0.5401459054358786,scr2002,avaStIn,bevFrtRoadLight
AT,h1935,0.4982672792884357,scr2002,avaStIn,bevFrtRoadLight
AT,h1936,0.4574139907405833,scr2002,avaStIn,bevFrtRoadLight
AT,h1937,0.42470386872332366,scr2002,avaStIn,bevFrtRoadLight
AT,h1938,0.4070105681582177,scr2002,avaStIn,bevFrtRoadLight
AT,h1939,0.3993554704479094,scr2002,avaStIn,bevFrtRoadLight
AT,h1940,0.3942528360151184,scr2002,avaStIn,bevFrtRoadLight
AT,h1941,0.3809841238928826,scr2002,avaStIn,bevFrtRoadLight
AT,h1942,0.3497784944040866,scr2002,avaStIn,bevFrtRoadLight
AT,h1943,0.3123069662403203,scr2002,avaStIn,bevFrtRoadLight
AT,h1944,0.2821792829284123,scr2002,avaStIn,bevFrtRoadLight
AT,h1945,0.230095162221032,scr2002,avaStIn,bevFrtRoadLight
AT,h1946,0.2300917975935889,scr2002,avaStIn,bevFrtRoadLight
AT,h1947,0.27148343409663167,scr2002,avaStIn,bevFrtRoadLight
AT,h1948,0.3790725700696759,scr2002,avaStIn,bevFrtRoadLight
AT,h1949,0.4623404992613247,scr2002,avaStIn,bevFrtRoadLight
AT,h1950,0.5259162274800008,scr2002,avaStIn,bevFrtRoadLight
AT,h1951,0.5772992909654577,scr2002,avaStIn,bevFrtRoadLight
AT,h1952,0.6171735770568829,scr2002,avaStIn,bevFrtRoadLight
AT,h1953,0.6409152522621753,scr2002,avaStIn,bevFrtRoadLight
AT,h1954,0.6489166669999998,scr2002,avaStIn,bevFrtRoadLight
AT,h1955,0.6400350534574337,scr2002,avaStIn,bevFrtRoadLight
AT,h1956,0.61588415769173,scr2002,avaStIn,bevFrtRoadLight
AT,h1957,0.5753501172674538,scr2002,avaStIn,bevFrtRoadLight
AT,h1958,0.5273486726990765,scr2002,avaStIn,bevFrtRoadLight
AT,h1959,0.47682400205808595,scr2002,avaStIn,bevFrtRoadLight
AT,h1960,0.4288063768750643,scr2002,avaStIn,bevFrtRoadLight
AT,h1961,0.39374570481652504,scr2002,avaStIn,bevFrtRoadLight
AT,h1962,0.3749031506247579,scr2002,avaStIn,bevFrtRoadLight
AT,h1963,0.37209330121313156,scr2002,avaStIn,bevFrtRoadLight
AT,h1964,0.36873105182903665,scr2002,avaStIn,bevFrtRoadLight
AT,h1965,0.35436309979864666,scr2002,avaStIn,bevFrtRoadLight
AT,h1966,0.3154781828948128,scr2002,avaStIn,bevFrtRoadLight
AT,h1967,0.27112993299959987,scr2002,avaStIn,bevFrtRoadLight
AT,h1968,0.2381911639591776,scr2002,avaStIn,bevFrtRoadLight
AT,h1969,0.20075744833264675,scr2002,avaStIn,bevFrtRoadLight
AT,h1970,0.21575624655576675,scr2002,avaStIn,bevFrtRoadLight
AT,h1971,0.27148343409663167,scr2002,avaStIn,bevFrtRoadLight
AT,h1972,0.3790725700696759,scr2002,avaStIn,bevFrtRoadLight
AT,h1973,0.4623404992613247,scr2002,avaStIn,bevFrtRoadLight
AT,h1974,0.5259162274800008,scr2002,avaStIn,bevFrtRoadLight
AT,h1975,0.5772992909654577,scr2002,avaStIn,bevFrtRoadLight
AT,h1976,0.6171735770568829,scr2002,avaStIn,bevFrtRoadLight
AT,h1977,0.6409152522621753,scr2002,avaStIn,bevFrtRoadLight
AT,h1978,0.6489166669999998,scr2002,avaStIn,bevFrtRoadLight
AT,h1979,0.6400350534574337,scr2002,avaStIn,bevFrtRoadLight
AT,h1980,0.61588415769173,scr2002,avaStIn,bevFrtRoadLight
AT,h1981,0.5753501172674538,scr2002,avaStIn,bevFrtRoadLight
AT,h1982,0.5273486726990765,scr2002,avaStIn,bevFrtRoadLight
AT,h1983,0.47682400205808595,scr2002,avaStIn,bevFrtRoadLight
AT,h1984,0.4288063768750643,scr2002,avaStIn,bevFrtRoadLight
AT,h1985,0.39374570481652504,scr2002,avaStIn,bevFrtRoadLight
AT,h1986,0.3749031506247579,scr2002,avaStIn,bevFrtRoadLight
AT,h1987,0.37209330121313156,scr2002,avaStIn,bevFrtRoadLight
AT,h1988,0.36873105182903665,scr2002,avaStIn,bevFrtRoadLight
AT,h1989,0.35436309979864666,scr2002,avaStIn,bevFrtRoadLight
AT,h1990,0.3154781828948128,scr2002,avaStIn,bevFrtRoadLight
AT,h1991,0.27112993299959987,scr2002,avaStIn,bevFrtRoadLight
AT,h1992,0.2381911639591776,scr2002,avaStIn,bevFrtRoadLight
AT,h1993,0.28388199759953203,scr2002,avaStIn,bevFrtRoadLight
AT,h1994,0.34615260530650627,scr2002,avaStIn,bevFrtRoadLight
AT,h1995,0.4106293035759673,scr2002,avaStIn,bevFrtRoadLight
AT,h1996,0.4302562346105031,scr2002,avaStIn,bevFrtRoadLight
AT,h1997,0.4411964644145132,scr2002,avaStIn,bevFrtRoadLight
AT,h1998,0.45751109901302867,scr2002,avaStIn,bevFrtRoadLight
AT,h1999,0.48871757217710954,scr2002,avaStIn,bevFrtRoadLight
AT,h2000,0.5314509691002262,scr2002,avaStIn,bevFrtRoadLight
AT,h2001,0.5711878747561929,scr2002,avaStIn,bevFrtRoadLight
AT,h2002,0.5980939691710526,scr2002,avaStIn,bevFrtRoadLight
AT,h2003,0.608394034195855,scr2002,avaStIn,bevFrtRoadLight
AT,h2004,0.6010568773540479,scr2002,avaStIn,bevFrtRoadLight
AT,h2005,0.5764247164288175,scr2002,avaStIn,bevFrtRoadLight
AT,h2006,0.5401459054358786,scr2002,avaStIn,bevFrtRoadLight
AT,h2007,0.4982672792884357,scr2002,avaStIn,bevFrtRoadLight
AT,h2008,0.4574139907405833,scr2002,avaStIn,bevFrtRoadLight
AT,h2009,0.42470386872332366,scr2002,avaStIn,bevFrtRoadLight
AT,h2010,0.4070105681582177,scr2002,avaStIn,bevFrtRoadLight
AT,h2011,0.3993554704479094,scr2002,avaStIn,bevFrtRoadLight
AT,h2012,0.3942528360151184,scr2002,avaStIn,bevFrtRoadLight
AT,h2013,0.3809841238928826,scr2002,avaStIn,bevFrtRoadLight
AT,h2014,0.3497784944040866,scr2002,avaStIn,bevFrtRoadLight
AT,h2015,0.3123069662403203,scr2002,avaStIn,bevFrtRoadLight
AT,h2016,0.2821792829284123,scr2002,avaStIn,bevFrtRoadLight
AT,h2017,0.3072840894621327,scr2002,avaStIn,bevFrtRoadLight
AT,h2018,0.33666905394072466,scr2002,avaStIn,bevFrtRoadLight
AT,h2019,0.36655496485550265,scr2002,avaStIn,bevFrtRoadLight
AT,h2020,0.3745731212047183,scr2002,avaStIn,bevFrtRoadLight
AT,h2021,0.4026088526762964,scr2002,avaStIn,bevFrtRoadLight
AT,h2022,0.44640061438376677,scr2002,avaStIn,bevFrtRoadLight
AT,h2023,0.4973037920546317,scr2002,avaStIn,bevFrtRoadLight
AT,h2024,0.5420216950586382,scr2002,avaStIn,bevFrtRoadLight
AT,h2025,0.5736954068525849,scr2002,avaStIn,bevFrtRoadLight
AT,h2026,0.5880342997851788,scr2002,avaStIn,bevFrtRoadLight
AT,h2027,0.5918947845476326,scr2002,avaStIn,bevFrtRoadLight
AT,h2028,0.5837522950091351,scr2002,avaStIn,bevFrtRoadLight
AT,h2029,0.566630011228302,scr2002,avaStIn,bevFrtRoadLight
AT,h2030,0.5326460205473856,scr2002,avaStIn,bevFrtRoadLight
AT,h2031,0.48334141219508586,scr2002,avaStIn,bevFrtRoadLight
AT,h2032,0.4237800531764452,scr2002,avaStIn,bevFrtRoadLight
AT,h2033,0.3668064382544399,scr2002,avaStIn,bevFrtRoadLight
AT,h2034,0.33858624085132816,scr2002,avaStIn,bevFrtRoadLight
AT,h2035,0.33981235579051505,scr2002,avaStIn,bevFrtRoadLight
AT,h2036,0.3644150552627201,scr2002,avaStIn,bevFrtRoadLight
AT,h2037,0.39407002810213865,scr2002,avaStIn,bevFrtRoadLight
AT,h2038,0.4100441996396512,scr2002,avaStIn,bevFrtRoadLight
AT,h2039,0.41244752514225314,scr2002,avaStIn,bevFrtRoadLight
AT,h2040,0.3977671810575979,scr2002,avaStIn,bevFrtRoadLight
AT,h2041,0.3840802424090224,scr2002,avaStIn,bevFrtRoadLight
AT,h2042,0.37136048642151265,scr2002,avaStIn,bevFrtRoadLight
AT,h2043,0.36655496485550265,scr2002,avaStIn,bevFrtRoadLight
AT,h2044,0.3745731212047183,scr2002,avaStIn,bevFrtRoadLight
AT,h2045,0.4026088526762964,scr2002,avaStIn,bevFrtRoadLight
AT,h2046,0.44640061438376677,scr2002,avaStIn,bevFrtRoadLight
AT,h2047,0.4973037920546317,scr2002,avaStIn,bevFrtRoadLight
AT,h2048,0.5420216950586382,scr2002,avaStIn,bevFrtRoadLight
AT,h2049,0.5736954068525849,scr2002,avaStIn,bevFrtRoadLight
AT,h2050,0.5880342997851788,scr2002,avaStIn,bevFrtRoadLight
AT,h2051,0.5918947845476326,scr2002,avaStIn,bevFrtRoadLight
AT,h2052,0.5837522950091351,scr2002,avaStIn,bevFrtRoadLight
AT,h2053,0.566630011228302,scr2002,avaStIn,bevFrtRoadLight
AT,h2054,0.5326460205473856,scr2002,avaStIn,bevFrtRoadLight
AT,h2055,0.48334141219508586,scr2002,avaStIn,bevFrtRoadLight
AT,h2056,0.4237800531764452,scr2002,avaStIn,bevFrtRoadLight
AT,h2057,0.3668064382544399,scr2002,avaStIn,bevFrtRoadLight
AT,h2058,0.33858624085132816,scr2002,avaStIn,bevFrtRoadLight
AT,h2059,0.33981235579051505,scr2002,avaStIn,bevFrtRoadLight
AT,h2060,0.3644150552627201,scr2002,avaStIn,bevFrtRoadLight
AT,h2061,0.39407002810213865,scr2002,avaStIn,bevFrtRoadLight
AT,h2062,0.4100441996396512,scr2002,avaStIn,bevFrtRoadLight
AT,h2063,0.41244752514225314,scr2002,avaStIn,bevFrtRoadLight
AT,h2064,0.3977671810575979,scr2002,avaStIn,bevFrtRoadLight
AT,h2065,0.3840802424090224,scr2002,avaStIn,bevFrtRoadLight
AT,h2066,0.37136048642151265,scr2002,avaStIn,bevFrtRoadLight
AT,h2067,0.36655496485550265,scr2002,avaStIn,bevFrtRoadLight
AT,h2068,0.3745731212047183,scr2002,avaStIn,bevFrtRoadLight
AT,h2069,0.4026088526762964,scr2002,avaStIn,bevFrtRoadLight
AT,h2070,0.44640061438376677,scr2002,avaStIn,bevFrtRoadLight
AT,h2071,0.4973037920546317,scr2002,avaStIn,bevFrtRoadLight
AT,h2072,0.5420216950586382,scr2002,avaStIn,bevFrtRoadLight
AT,h2073,0.5736954068525849,scr2002,avaStIn,bevFrtRoadLight
AT,h2074,0.5880342997851788,scr2002,avaStIn,bevFrtRoadLight
AT,h2075,0.5918947845476326,scr2002,avaStIn,bevFrtRoadLight
AT,h2076,0.5837522950091351,scr2002,avaStIn,bevFrtRoadLight
AT,h2077,0.566630011228302,scr2002,avaStIn,bevFrtRoadLight
AT,h2078,0.5326460205473856,scr2002,avaStIn,bevFrtRoadLight
AT,h2079,0.48334141219508586,scr2002,avaStIn,bevFrtRoadLight
AT,h2080,0.4237800531764452,scr2002,avaStIn,bevFrtRoadLight
AT,h2081,0.3668064382544399,scr2002,avaStIn,bevFrtRoadLight
AT,h2082,0.33858624085132816,scr2002,avaStIn,bevFrtRoadLight
AT,h2083,0.33981235579051505,scr2002,avaStIn,bevFrtRoadLight
AT,h2084,0.3644150552627201,scr2002,avaStIn,bevFrtRoadLight
AT,h2085,0.39407002810213865,scr2002,avaStIn,bevFrtRoadLight
AT,h2086,0.4100441996396512,scr2002,avaStIn,bevFrtRoadLight
AT,h2087,0.41244752514225314,scr2002,avaStIn,bevFrtRoadLight
AT,h2088,0.3977671810575979,scr2002,avaStIn,bevFrtRoadLight
AT,h2089,0.3840802424090224,scr2002,avaStIn,bevFrtRoadLight
AT,h2090,0.37136048642151265,scr2002,avaStIn,bevFrtRoadLight
AT,h2091,0.36655496485550265,scr2002,avaStIn,bevFrtRoadLight
AT,h2092,0.3745731212047183,scr2002,avaStIn,bevFrtRoadLight
AT,h2093,0.4026088526762964,scr2002,avaStIn,bevFrtRoadLight
AT,h2094,0.44640061438376677,scr2002,avaStIn,bevFrtRoadLight
AT,h2095,0.4973037920546317,scr2002,avaStIn,bevFrtRoadLight
AT,h2096,0.5420216950586382,scr2002,avaStIn,bevFrtRoadLight
AT,h2097,0.5736954068525849,scr2002,avaStIn,bevFrtRoadLight
AT,h2098,0.5880342997851788,scr2002,avaStIn,bevFrtRoadLight
AT,h2099,0.5918947845476326,scr2002,avaStIn,bevFrtRoadLight
AT,h2100,0.5837522950091351,scr2002,avaStIn,bevFrtRoadLight
AT,h2101,0.566630011228302,scr2002,avaStIn,bevFrtRoadLight
AT,h2102,0.5326460205473856,scr2002,avaStIn,bevFrtRoadLight
AT,h2103,0.48334141219508586,scr2002,avaStIn,bevFrtRoadLight
AT,h2104,0.4237800531764452,scr2002,avaStIn,bevFrtRoadLight
AT,h2105,0.3668064382544399,scr2002,avaStIn,bevFrtRoadLight
AT,h2106,0.33858624085132816,scr2002,avaStIn,bevFrtRoadLight
AT,h2107,0.33981235579051505,scr2002,avaStIn,bevFrtRoadLight
AT,h2108,0.3644150552627201,scr2002,avaStIn,bevFrtRoadLight
AT,h2109,0.39407002810213865,scr2002,avaStIn,bevFrtRoadLight
AT,h2110,0.4100441996396512,scr2002,avaStIn,bevFrtRoadLight
AT,h2111,0.41244752514225314,scr2002,avaStIn,bevFrtRoadLight
AT,h2112,0.3977671810575979,scr2002,avaStIn,bevFrtRoadLight
AT,h2113,0.4215422859318668,scr2002,avaStIn,bevFrtRoadLight
AT,h2114,0.44561523253946533,scr2002,avaStIn,bevFrtRoadLight
AT,h2115,0.46890884939949806,scr2002,avaStIn,bevFrtRoadLight
AT,h2116,0.4606801828577375,scr2002,avaStIn,bevFrtRoadLight
AT,h2117,0.4598809008191356,scr2002,avaStIn,bevFrtRoadLight
AT,h2118,0.47373682010553864,scr2002,avaStIn,bevFrtRoadLight
AT,h2119,0.49837466067849223,scr2002,avaStIn,bevFrtRoadLight
AT,h2120,0.5249322712656334,scr2002,avaStIn,bevFrtRoadLight
AT,h2121,0.5295524702973696,scr2002,avaStIn,bevFrtRoadLight
AT,h2122,0.5237384833973733,scr2002,avaStIn,bevFrtRoadLight
AT,h2123,0.517462220076728,scr2002,avaStIn,bevFrtRoadLight
AT,h2124,0.5202231448594441,scr2002,avaStIn,bevFrtRoadLight
AT,h2125,0.5168074572603817,scr2002,avaStIn,bevFrtRoadLight
AT,h2126,0.4881087918461403,scr2002,avaStIn,bevFrtRoadLight
AT,h2127,0.4401501060096197,scr2002,avaStIn,bevFrtRoadLight
AT,h2128,0.3751810028677981,scr2002,avaStIn,bevFrtRoadLight
AT,h2129,0.3184738733356699,scr2002,avaStIn,bevFrtRoadLight
AT,h2130,0.2885496316681868,scr2002,avaStIn,bevFrtRoadLight
AT,h2131,0.2950430145218158,scr2002,avaStIn,bevFrtRoadLight
AT,h2132,0.3362350273761402,scr2002,avaStIn,bevFrtRoadLight
AT,h2133,0.3905257678468871,scr2002,avaStIn,bevFrtRoadLight
AT,h2134,0.4405757953478313,scr2002,avaStIn,bevFrtRoadLight
AT,h2135,0.4738121072088959,scr2002,avaStIn,bevFrtRoadLight
AT,h2136,0.4995552626921461,scr2002,avaStIn,bevFrtRoadLight
AT,h2137,0.5006979269249346,scr2002,avaStIn,bevFrtRoadLight
AT,h2138,0.49234384959123256,scr2002,avaStIn,bevFrtRoadLight
AT,h2139,0.46890884939949806,scr2002,avaStIn,bevFrtRoadLight
AT,h2140,0.4606801828577375,scr2002,avaStIn,bevFrtRoadLight
AT,h2141,0.4598809008191356,scr2002,avaStIn,bevFrtRoadLight
AT,h2142,0.47373682010553864,scr2002,avaStIn,bevFrtRoadLight
AT,h2143,0.49837466067849223,scr2002,avaStIn,bevFrtRoadLight
AT,h2144,0.5249322712656334,scr2002,avaStIn,bevFrtRoadLight
AT,h2145,0.5295524702973696,scr2002,avaStIn,bevFrtRoadLight
AT,h2146,0.5237384833973733,scr2002,avaStIn,bevFrtRoadLight
AT,h2147,0.517462220076728,scr2002,avaStIn,bevFrtRoadLight
AT,h2148,0.5202231448594441,scr2002,avaStIn,bevFrtRoadLight
AT,h2149,0.5168074572603817,scr2002,avaStIn,bevFrtRoadLight
AT,h2150,0.4881087918461403,scr2002,avaStIn,bevFrtRoadLight
AT,h2151,0.4401501060096197,scr2002,avaStIn,bevFrtRoadLight
AT,h2152,0.3751810028677981,scr2002,avaStIn,bevFrtRoadLight
AT,h2153,0.3184738733356699,scr2002,avaStIn,bevFrtRoadLight
AT,h2154,0.2885496316681868,scr2002,avaStIn,bevFrtRoadLight
AT,h2155,0.2950430145218158,scr2002,avaStIn,bevFrtRoadLight
AT,h2156,0.3362350273761402,scr2002,avaStIn,bevFrtRoadLight
AT,h2157,0.3905257678468871,scr2002,avaStIn,bevFrtRoadLight
AT,h2158,0.4405757953478313,scr2002,avaStIn,bevFrtRoadLight
AT,h2159,0.4738121072088959,scr2002,avaStIn,bevFrtRoadLight
AT,h2160,0.4995552626921461,scr2002,avaStIn,bevFrtRoadLight
BE,h1441,0.3714353995574986,scr2002,avaStIn,bevFrtRoadLight
BE,h1442,0.3846086524108919,scr2002,avaStIn,bevFrtRoadLight
BE,h1443,0.42374952391826404,scr2002,avaStIn,bevFrtRoadLight
BE,h1444,0.4709102315761218,scr2002,avaStIn,bevFrtRoadLight
BE,h1445,0.5000591446961408,scr2002,avaStIn,bevFrtRoadLight
BE,h1446,0.495233345157142,scr2002,avaStIn,bevFrtRoadLight
BE,h1447,0.5008043596015219,scr2002,avaStIn,bevFrtRoadLight
BE,h1448,0.5021789974738545,scr2002,avaStIn,bevFrtRoadLight
BE,h1449,0.5231874460949842,scr2002,avaStIn,bevFrtRoadLight
BE,h1450,0.5308529822226913,scr2002,avaStIn,bevFrtRoadLight
BE,h1451,0.536356959269228,scr2002,avaStIn,bevFrtRoadLight
BE,h1452,0.5373881561276749,scr2002,avaStIn,bevFrtRoadLight
BE,h1453,0.5288075990651915,scr2002,avaStIn,bevFrtRoadLight
BE,h1454,0.5095709286669997,scr2002,avaStIn,bevFrtRoadLight
BE,h1455,0.473753550931062,scr2002,avaStIn,bevFrtRoadLight
BE,h1456,0.4304466538396563,scr2002,avaStIn,bevFrtRoadLight
BE,h1457,0.3826879992214788,scr2002,avaStIn,bevFrtRoadLight
BE,h1458,0.35009603390058996,scr2002,avaStIn,bevFrtRoadLight
BE,h1459,0.3349394292024723,scr2002,avaStIn,bevFrtRoadLight
BE,h1460,0.34869160218954365,scr2002,avaStIn,bevFrtRoadLight
BE,h1461,0.36780057797615695,scr2002,avaStIn,bevFrtRoadLight
BE,h1462,0.38682791024436847,scr2002,avaStIn,bevFrtRoadLight
BE,h1463,0.3912979680884232,scr2002,avaStIn,bevFrtRoadLight
BE,h1464,0.3985938980480803,scr2002,avaStIn,bevFrtRoadLight
BE,h1465,0.38540755881640665,scr2002,avaStIn,bevFrtRoadLight
BE,h1466,0.39834418280524153,scr2002,avaStIn,bevFrtRoadLight
BE,h1467,0.42374952391826404,scr2002,avaStIn,bevFrtRoadLight
BE,h1468,0.4709102315761218,scr2002,avaStIn,bevFrtRoadLight
BE,h1469,0.5000591446961408,scr2002,avaStIn,bevFrtRoadLight
BE,h1470,0.495233345157142,scr2002,avaStIn,bevFrtRoadLight
BE,h1471,0.5008043596015219,scr2002,avaStIn,bevFrtRoadLight
BE,h1472,0.5021789974738545,scr2002,avaStIn,bevFrtRoadLight
BE,h1473,0.5231874460949842,scr2002,avaStIn,bevFrtRoadLight
BE,h1474,0.5308529822226913,scr2002,avaStIn,bevFrtRoadLight
BE,h1475,0.536356959269228,scr2002,avaStIn,bevFrtRoadLight
BE,h1476,0.5373881561276749,scr2002,avaStIn,bevFrtRoadLight
BE,h1477,0.5288075990651915,scr2002,avaStIn,bevFrtRoadLight
BE,h1478,0.5095709286669997,scr2002,avaStIn,bevFrtRoadLight
BE,h1479,0.473753550931062,scr2002,avaStIn,bevFrtRoadLight
BE,h1480,0.4304466538396563,scr2002,avaStIn,bevFrtRoadLight
BE,h1481,0.3826879992214788,scr2002,avaStIn,bevFrtRoadLight
BE,h1482,0.35009603390058996,scr2002,avaStIn,bevFrtRoadLight
BE,h1483,0.3349394292024723,scr2002,avaStIn,bevFrtRoadLight
BE,h1484,0.34869160218954365,scr2002,avaStIn,bevFrtRoadLight
BE,h1485,0.36780057797615695,scr2002,avaStIn,bevFrtRoadLight
BE,h1486,0.38682791024436847,scr2002,avaStIn,bevFrtRoadLight
BE,h1487,0.3912979680884232,scr2002,avaStIn,bevFrtRoadLight
BE,h1488,0.3985938980480803,scr2002,avaStIn,bevFrtRoadLight
BE,h1489,0.4174388969205469,scr2002,avaStIn,bevFrtRoadLight
BE,h1490,0.4439543832070485,scr2002,avaStIn,bevFrtRoadLight
BE,h1491,0.464238846132911,scr2002,avaStIn,bevFrtRoadLight
BE,h1492,0.4692993118565085,scr2002,avaStIn,bevFrtRoadLight
BE,h1493,0.4647572130501477,scr2002,avaStIn,bevFrtRoadLight
BE,h1494,0.4606421333392813,scr2002,avaStIn,bevFrtRoadLight
BE,h1495,0.4606294501381404,scr2002,avaStIn,bevFrtRoadLight
BE,h1496,0.4771202000278558,scr2002,avaStIn,bevFrtRoadLight
BE,h1497,0.4942956004519071,scr2002,avaStIn,bevFrtRoadLight
BE,h1498,0.5099123823053463,scr2002,avaStIn,bevFrtRoadLight
BE,h1499,0.5161038254350148,scr2002,avaStIn,bevFrtRoadLight
BE,h1500,0.5219276355822776,scr2002,avaStIn,bevFrtRoadLight
BE,h1501,0.5234247828552905,scr2002,avaStIn,bevFrtRoadLight
BE,h1502,0.515666896351518,scr2002,avaStIn,bevFrtRoadLight
BE,h1503,0.4904757420921084,scr2002,avaStIn,bevFrtRoadLight
BE,h1504,0.4511048686615209,scr2002,avaStIn,bevFrtRoadLight
BE,h1505,0.401719554609377,scr2002,avaStIn,bevFrtRoadLight
BE,h1506,0.362910361244157,scr2002,avaStIn,bevFrtRoadLight
BE,h1507,0.3472619056461236,scr2002,avaStIn,bevFrtRoadLight
BE,h1508,0.35727079588328314,scr2002,avaStIn,bevFrtRoadLight
BE,h1509,0.378468834507535,scr2002,avaStIn,bevFrtRoadLight
BE,h1510,0.39319028121074384,scr2002,avaStIn,bevFrtRoadLight
BE,h1511,0.3959422870730802,scr2002,avaStIn,bevFrtRoadLight
BE,h1512,0.3854887711962275,scr2002,avaStIn,bevFrtRoadLight
BE,h1513,0.42769853598926943,scr2002,avaStIn,bevFrtRoadLight
BE,h1514,0.46444116177482064,scr2002,avaStIn,bevFrtRoadLight
BE,h1515,0.5002557267591349,scr2002,avaStIn,bevFrtRoadLight
BE,h1516,0.4779833592811431,scr2002,avaStIn,bevFrtRoadLight
BE,h1517,0.45518876455881485,scr2002,avaStIn,bevFrtRoadLight
BE,h1518,0.43596244051473665,scr2002,avaStIn,bevFrtRoadLight
BE,h1519,0.4287672948543091,scr2002,avaStIn,bevFrtRoadLight
BE,h1520,0.4310449118345231,scr2002,avaStIn,bevFrtRoadLight
BE,h1521,0.43651906754470926,scr2002,avaStIn,bevFrtRoadLight
BE,h1522,0.42784196327677315,scr2002,avaStIn,bevFrtRoadLight
BE,h1523,0.40165285769436365,scr2002,avaStIn,bevFrtRoadLight
BE,h1524,0.3554492048303812,scr2002,avaStIn,bevFrtRoadLight
BE,h1525,0.30743387757687923,scr2002,avaStIn,bevFrtRoadLight
BE,h1526,0.278936309503648,scr2002,avaStIn,bevFrtRoadLight
BE,h1527,0.28525649117608465,scr2002,avaStIn,bevFrtRoadLight
BE,h1528,0.33100477113297455,scr2002,avaStIn,bevFrtRoadLight
BE,h1529,0.3951643597987161,scr2002,avaStIn,bevFrtRoadLight
BE,h1530,0.46644985491696445,scr2002,avaStIn,bevFrtRoadLight
BE,h1531,0.5302489042156142,scr2002,avaStIn,bevFrtRoadLight
BE,h1532,0.5770673902258092,scr2002,avaStIn,bevFrtRoadLight
BE,h1533,0.5986769755958498,scr2002,avaStIn,bevFrtRoadLight
BE,h1534,0.6016883948095747,scr2002,avaStIn,bevFrtRoadLight
BE,h1535,0.5924055260109063,scr2002,avaStIn,bevFrtRoadLight
BE,h1536,0.5774847836798132,scr2002,avaStIn,bevFrtRoadLight
BE,h1537,0.5517773619954187,scr2002,avaStIn,bevFrtRoadLight
BE,h1538,0.5248358437172166,scr2002,avaStIn,bevFrtRoadLight
BE,h1539,0.5002557267591349,scr2002,avaStIn,bevFrtRoadLight
BE,h1540,0.4779833592811431,scr2002,avaStIn,bevFrtRoadLight
BE,h1541,0.45518876455881485,scr2002,avaStIn,bevFrtRoadLight
BE,h1542,0.43596244051473665,scr2002,avaStIn,bevFrtRoadLight
BE,h1543,0.4287672948543091,scr2002,avaStIn,bevFrtRoadLight
BE,h1544,0.4310449118345231,scr2002,avaStIn,bevFrtRoadLight
BE,h1545,0.43651906754470926,scr2002,avaStIn,bevFrtRoadLight
BE,h1546,0.42784196327677315,scr2002,avaStIn,bevFrtRoadLight
BE,h1547,0.40165285769436365,scr2002,avaStIn,bevFrtRoadLight
BE,h1548,0.3554492048303812,scr2002,avaStIn,bevFrtRoadLight
BE,h1549,0.30743387757687923,scr2002,avaStIn,bevFrtRoadLight
BE,h1550,0.278936309503648,scr2002,avaStIn,bevFrtRoadLight
BE,h1551,0.28525649117608465,scr2002,avaStIn,bevFrtRoadLight
BE,h1552,0.33100477113297455,scr2002,avaStIn,bevFrtRoadLight
BE,h1553,0.3951643597987161,scr2002,avaStIn,bevFrtRoadLight
BE,h1554,0.46644985491696445,scr2002,avaStIn,bevFrtRoadLight
BE,h1555,0.5302489042156142,scr2002,avaStIn,bevFrtRoadLight
BE,h1556,0.5770673902258092,scr2002,avaStIn,bevFrtRoadLight
BE,h1557,0.5986769755958498,scr2002,avaStIn,bevFrtRoadLight
BE,h1558,0.6016883948095747,scr2002,avaStIn,bevFrtRoadLight
BE,h1559,0.5924055260109063,scr2002,avaStIn,bevFrtRoadLight
BE,h1560,0.5774847836798132,scr2002,avaStIn,bevFrtRoadLight
BE,h1561,0.5517773619954187,scr2002,avaStIn,bevFrtRoadLight
BE,h1562,0.5248358437172166,scr2002,avaStIn,bevFrtRoadLight
BE,h1563,0.5002557267591349,scr2002,avaStIn,bevFrtRoadLight
BE,h1564,0.4779833592811431,scr2002,avaStIn,bevFrtRoadLight
BE,h1565,0.45518876455881485,scr2002,avaStIn,bevFrtRoadLight
BE,h1566,0.43596244051473665,scr2002,avaStIn,bevFrtRoadLight
BE,h1567,0.4287672948543091,scr2002,avaStIn,bevFrtRoadLight
BE,h1568,0.4310449118345231,scr2002,avaStIn,bevFrtRoadLight
BE,h1569,0.43651906754470926,scr2002,avaStIn,bevFrtRoadLight
BE,h1570,0.42784196327677315,scr2002,avaStIn,bevFrtRoadLight
BE,h1571,0.40165285769436365,scr2002,avaStIn,bevFrtRoadLight
BE,h1572,0.3554492048303812,scr2002,avaStIn,bevFrtRoadLight
BE,h1573,0.30743387757687923,scr2002,avaStIn,bevFrtRoadLight
BE,h1574,0.278936309503648,scr2002,avaStIn,bevFrtRoadLight
BE,h1575,0.28525649117608465,scr2002,avaStIn,bevFrtRoadLight
BE,h1576,0.33100477113297455,scr2002,avaStIn,bevFrtRoadLight
BE,h1577,0.3951643597987161,scr2002,avaStIn,bevFrtRoadLight
BE,h1578,0.46644985491696445,scr2002,avaStIn,bevFrtRoadLight
BE,h1579,0.5302489042156142,scr2002,avaStIn,bevFrtRoadLight
BE,h1580,0.5770673902258092,scr2002,avaStIn,bevFrtRoadLight
BE,h1581,0.5986769755958498,scr2002,avaStIn,bevFrtRoadLight
BE,h1582,0.6016883948095747,scr2002,avaStIn,bevFrtRoadLight
BE,h1583,0.5924055260109063,scr2002,avaStIn,bevFrtRoadLight
BE,h1584,0.5774847836798132,scr2002,avaStIn,bevFrtRoadLight
BE,h1585,0.5517773619954187,scr2002,avaStIn,bevFrtRoadLight
BE,h1586,0.5248358437172166,scr2002,avaStIn,bevFrtRoadLight
BE,h1587,0.5002557267591349,scr2002,avaStIn,bevFrtRoadLight
BE,h1588,0.4779833592811431,scr2002,avaStIn,bevFrtRoadLight
BE,h1589,0.45518876455881485,scr2002,avaStIn,bevFrtRoadLight
BE,h1590,0.43596244051473665,scr2002,avaStIn,bevFrtRoadLight
BE,h1591,0.4287672948543091,scr2002,avaStIn,bevFrtRoadLight
BE,h1592,0.4310449118345231,scr2002,avaStIn,bevFrtRoadLight
BE,h1593,0.43651906754470926,scr2002,avaStIn,bevFrtRoadLight
BE,h1594,0.42784196327677315,scr2002,avaStIn,bevFrtRoadLight
BE,h1595,0.40165285769436365,scr2002,avaStIn,bevFrtRoadLight
BE,h1596,0.3554492048303812,scr2002,avaStIn,bevFrtRoadLight
BE,h1597,0.30743387757687923,scr2002,avaStIn,bevFrtRoadLight
BE,h1598,0.278936309503648,scr2002,avaStIn,bevFrtRoadLight
BE,h1599,0.28525649117608465,scr2002,avaStIn,bevFrtRoadLight
BE,h1600,0.33100477113297455,scr2002,avaStIn,bevFrtRoadLight
BE,h1601,0.3951643597987161,scr2002,avaStIn,bevFrtRoadLight
BE,h1602,0.46644985491696445,scr2002,avaStIn,bevFrtRoadLight
BE,h1603,0.5302489042156142,scr2002,avaStIn,bevFrtRoadLight
BE,h1604,0.5770673902258092,scr2002,avaStIn,bevFrtRoadLight
BE,h1605,0.5986769755958498,scr2002,avaStIn,bevFrtRoadLight
BE,h1606,0.6016883948095747,scr2002,avaStIn,bevFrtRoadLight
BE,h1607,0.5924055260109063,scr2002,avaStIn,bevFrtRoadLight
BE,h1608,0.5774847836798132,scr2002,avaStIn,bevFrtRoadLight
BE,h1609,0.5399833096273894,scr2002,avaStIn,bevFrtRoadLight
BE,h1610,0.5020113380135911,scr2002,avaStIn,bevFrtRoadLight
BE,h1611,0.4635722307063156,scr2002,avaStIn,bevFrtRoadLight
BE,h1612,0.4380348659574729,scr2002,avaStIn,bevFrtRoadLight
BE,h1613,0.40762124803256283,scr2002,avaStIn,bevFrtRoadLight
BE,h1614,0.37888830724468336,scr2002,avaStIn,bevFrtRoadLight
BE,h1615,0.36958381422293585,scr2002,avaStIn,bevFrtRoadLight
BE,h1616,0.37840208488783933,scr2002,avaStIn,bevFrtRoadLight
BE,h1617,0.40312593459237533,scr2002,avaStIn,bevFrtRoadLight
BE,h1618,0.41362439373824145,scr2002,avaStIn,bevFrtRoadLight
BE,h1619,0.4028461315685412,scr2002,avaStIn,bevFrtRoadLight
BE,h1620,0.3603437041144123,scr2002,avaStIn,bevFrtRoadLight
BE,h1621,0.300735364069155,scr2002,avaStIn,bevFrtRoadLight
BE,h1622,0.24177370465061954,scr2002,avaStIn,bevFrtRoadLight
BE,h1623,0.21970614560615676,scr2002,avaStIn,bevFrtRoadLight
BE,h1624,0.25508395733229006,scr2002,avaStIn,bevFrtRoadLight
BE,h1625,0.34767139096765254,scr2002,avaStIn,bevFrtRoadLight
BE,h1626,0.45228041046836875,scr2002,avaStIn,bevFrtRoadLight
BE,h1627,0.5341134302691986,scr2002,avaStIn,bevFrtRoadLight
BE,h1628,0.5851656457268322,scr2002,avaStIn,bevFrtRoadLight
BE,h1629,0.6079565962864942,scr2002,avaStIn,bevFrtRoadLight
BE,h1630,0.6088378322847627,scr2002,avaStIn,bevFrtRoadLight
BE,h1631,0.5862547005889717,scr2002,avaStIn,bevFrtRoadLight
BE,h1632,0.5503272305028044,scr2002,avaStIn,bevFrtRoadLight
BE,h1633,0.5157882800473498,scr2002,avaStIn,bevFrtRoadLight
BE,h1634,0.4876212160339364,scr2002,avaStIn,bevFrtRoadLight
BE,h1635,0.4635722307063156,scr2002,avaStIn,bevFrtRoadLight
BE,h1636,0.4380348659574729,scr2002,avaStIn,bevFrtRoadLight
BE,h1637,0.40762124803256283,scr2002,avaStIn,bevFrtRoadLight
BE,h1638,0.37888830724468336,scr2002,avaStIn,bevFrtRoadLight
BE,h1639,0.36958381422293585,scr2002,avaStIn,bevFrtRoadLight
BE,h1640,0.37840208488783933,scr2002,avaStIn,bevFrtRoadLight
BE,h1641,0.40312593459237533,scr2002,avaStIn,bevFrtRoadLight
BE,h1642,0.41362439373824145,scr2002,avaStIn,bevFrtRoadLight
BE,h1643,0.4028461315685412,scr2002,avaStIn,bevFrtRoadLight
BE,h1644,0.3603437041144123,scr2002,avaStIn,bevFrtRoadLight
BE,h1645,0.300735364069155,scr2002,avaStIn,bevFrtRoadLight
BE,h1646,0.24177370465061954,scr2002,avaStIn,bevFrtRoadLight
BE,h1647,0.21970614560615676,scr2002,avaStIn,bevFrtRoadLight
BE,h1648,0.25508395733229006,scr2002,avaStIn,bevFrtRoadLight
BE,h1649,0.34767139096765254,scr2002,avaStIn,bevFrtRoadLight
BE,h1650,0.45228041046836875,scr2002,avaStIn,bevFrtRoadLight
BE,h1651,0.5341134302691986,scr2002,avaStIn,bevFrtRoadLight
BE,h1652,0.5851656457268322,scr2002,avaStIn,bevFrtRoadLight
BE,h1653,0.6079565962864942,scr2002,avaStIn,bevFrtRoadLight
BE,h1654,0.6088378322847627,scr2002,avaStIn,bevFrtRoadLight
BE,h1655,0.5862547005889717,scr2002,avaStIn,bevFrtRoadLight
BE,h1656,0.5503272305028044,scr2002,avaStIn,bevFrtRoadLight
BE,h1657,0.5277989482493217,scr2002,avaStIn,bevFrtRoadLight
BE,h1658,0.5107010378978177,scr2002,avaStIn,bevFrtRoadLight
BE,h1659,0.5002557267591349,scr2002,avaStIn,bevFrtRoadLight
BE,h1660,0.4779833592811431,scr2002,avaStIn,bevFrtRoadLight
BE,h1661,0.45518876455881485,scr2002,avaStIn,bevFrtRoadLight
BE,h1662,0.43596244051473665,scr2002,avaStIn,bevFrtRoadLight
BE,h1663,0.4287672948543091,scr2002,avaStIn,bevFrtRoadLight
BE,h1664,0.4310449118345231,scr2002,avaStIn,bevFrtRoadLight
BE,h1665,0.43651906754470926,scr2002,avaStIn,bevFrtRoadLight
BE,h1666,0.42784196327677315,scr2002,avaStIn,bevFrtRoadLight
BE,h1667,0.40165285769436365,scr2002,avaStIn,bevFrtRoadLight
BE,h1668,0.3554492048303812,scr2002,avaStIn,bevFrtRoadLight
BE,h1669,0.30743387757687923,scr2002,avaStIn,bevFrtRoadLight
BE,h1670,0.278936309503648,scr2002,avaStIn,bevFrtRoadLight
BE,h1671,0.28525649117608465,scr2002,avaStIn,bevFrtRoadLight
BE,h1672,0.33100477113297455,scr2002,avaStIn,bevFrtRoadLight
BE,h1673,0.3951643597987161,scr2002,avaStIn,bevFrtRoadLight
BE,h1674,0.46644985491696445,scr2002,avaStIn,bevFrtRoadLight
BE,h1675,0.5302489042156142,scr2002,avaStIn,bevFrtRoadLight
BE,h1676,0.5770673902258092,scr2002,avaStIn,bevFrtRoadLight
BE,h1677,0.5986769755958498,scr2002,avaStIn,bevFrtRoadLight
BE,h1678,0.6016883948095747,scr2002,avaStIn,bevFrtRoadLight
BE,h1679,0.5924055260109063,scr2002,avaStIn,bevFrtRoadLight
BE,h1680,0.5774847836798132,scr2002,avaStIn,bevFrtRoadLight
BE,h1681,0.5517773619954187,scr2002,avaStIn,bevFrtRoadLight
BE,h1682,0.5248358437172166,scr2002,avaStIn,bevFrtRoadLight
BE,h1683,0.5002557267591349,scr2002,avaStIn,bevFrtRoadLight
BE,h1684,0.4779833592811431,scr2002,avaStIn,bevFrtRoadLight
BE,h1685,0.45518876455881485,scr2002,avaStIn,bevFrtRoadLight
BE,h1686,0.43596244051473665,scr2002,avaStIn,bevFrtRoadLight
BE,h1687,0.4287672948543091,scr2002,avaStIn,bevFrtRoadLight
BE,h1688,0.4310449118345231,scr2002,avaStIn,bevFrtRoadLight
BE,h1689,0.43651906754470926,scr2002,avaStIn,bevFrtRoadLight
BE,h1690,0.42784196327677315,scr2002,avaStIn,bevFrtRoadLight
BE,h1691,0.40165285769436365,scr2002,avaStIn,bevFrtRoadLight
BE,h1692,0.3554492048303812,scr2002,avaStIn,bevFrtRoadLight
BE,h1693,0.30743387757687923,scr2002,avaStIn,bevFrtRoadLight
BE,h1694,0.278936309503648,scr2002,avaStIn,bevFrtRoadLight
BE,h1695,0.28525649117608465,scr2002,avaStIn,bevFrtRoadLight
BE,h1696,0.33100477113297455,scr2002,avaStIn,bevFrtRoadLight
BE,h1697,0.3951643597987161,scr2002,avaStIn,bevFrtRoadLight
BE,h1698,0.46644985491696445,scr2002,avaStIn,bevFrtRoadLight
BE,h1699,0.5302489042156142,scr2002,avaStIn,bevFrtRoadLight
BE,h1700,0.5770673902258092,scr2002,avaStIn,bevFrtRoadLight
BE,h1701,0.5986769755958498,scr2002,avaStIn,bevFrtRoadLight
BE,h1702,0.6016883948095747,scr2002,avaStIn,bevFrtRoadLight
BE,h1703,0.5924055260109063,scr2002,avaStIn,bevFrtRoadLight
BE,h1704,0.5774847836798132,scr2002,avaStIn,bevFrtRoadLight
BE,h1705,0.509038057831711,scr2002,avaStIn,bevFrtRoadLight
BE,h1706,0.45316073221470254,scr2002,avaStIn,bevFrtRoadLight
BE,h1707,0.4106293035759673,scr2002,avaStIn,bevFrtRoadLight
BE,h1708,0.4302562346105031,scr2002,avaStIn,bevFrtRoadLight
BE,h1709,0.4411964644145132,scr2002,avaStIn,bevFrtRoadLight
BE,h1710,0.45751109901302867,scr2002,avaStIn,bevFrtRoadLight
BE,h1711,0.48871757217710954,scr2002,avaStIn,bevFrtRoadLight
BE,h1712,0.5314509691002262,scr2002,avaStIn,bevFrtRoadLight
BE,h1713,0.5711878747561929,scr2002,avaStIn,bevFrtRoadLight
BE,h1714,0.5980939691710526,scr2002,avaStIn,bevFrtRoadLight
BE,h1715,0.608394034195855,scr2002,avaStIn,bevFrtRoadLight
BE,h1716,0.6010568773540479,scr2002,avaStIn,bevFrtRoadLight
BE,h1717,0.5764247164288175,scr2002,avaStIn,bevFrtRoadLight
BE,h1718,0.5401459054358786,scr2002,avaStIn,bevFrtRoadLight
BE,h1719,0.4982672792884357,scr2002,avaStIn,bevFrtRoadLight
BE,h1720,0.4574139907405833,scr2002,avaStIn,bevFrtRoadLight
BE,h1721,0.42470386872332366,scr2002,avaStIn,bevFrtRoadLight
BE,h1722,0.4070105681582177,scr2002,avaStIn,bevFrtRoadLight
BE,h1723,0.3993554704479094,scr2002,avaStIn,bevFrtRoadLight
BE,h1724,0.3942528360151184,scr2002,avaStIn,bevFrtRoadLight
BE,h1725,0.3809841238928826,scr2002,avaStIn,bevFrtRoadLight
BE,h1726,0.3497784944040866,scr2002,avaStIn,bevFrtRoadLight
BE,h1727,0.3123069662403203,scr2002,avaStIn,bevFrtRoadLight
BE,h1728,0.2821792829284123,scr2002,avaStIn,bevFrtRoadLight
BE,h1729,0.3106843918239848,scr2002,avaStIn,bevFrtRoadLight
BE,h1730,0.35866299968064763,scr2002,avaStIn,bevFrtRoadLight
BE,h1731,0.4106293035759673,scr2002,avaStIn,bevFrtRoadLight
BE,h1732,0.4302562346105031,scr2002,avaStIn,bevFrtRoadLight
BE,h1733,0.4411964644145132,scr2002,avaStIn,bevFrtRoadLight
BE,h1734,0.45751109901302867,scr2002,avaStIn,bevFrtRoadLight
BE,h1735,0.48871757217710954,scr2002,avaStIn,bevFrtRoadLight
BE,h1736,0.5314509691002262,scr2002,avaStIn,bevFrtRoadLight
BE,h1737,0.5711878747561929,scr2002,avaStIn,bevFrtRoadLight
BE,h1738,0.5980939691710526,scr2002,avaStIn,bevFrtRoadLight
BE,h1739,0.608394034195855,scr2002,avaStIn,bevFrtRoadLight
BE,h1740,0.6010568773540479,scr2002,avaStIn,bevFrtRoadLight
BE,h1741,0.5764247164288175,scr2002,avaStIn,bevFrtRoadLight
BE,h1742,0.5401459054358786,scr2002,avaStIn,bevFrtRoadLight
BE,h1743,0.4982672792884357,scr2002,avaStIn,bevFrtRoadLight
BE,h1744,0.4574139907405833,scr2002,avaStIn,bevFrtRoadLight
BE,h1745,0.42470386872332366,scr2002,avaStIn,bevFrtRoadLight
BE,h1746,0.4070105681582177,scr2002,avaStIn,bevFrtRoadLight
BE,h1747,0.3993554704479094,scr2002,avaStIn,bevFrtRoadLight
BE,h1748,0.3942528360151184,scr2002,avaStIn,bevFrtRoadLight
BE,h1749,0.3809841238928826,scr2002,avaStIn,bevFrtRoadLight
BE,h1750,0.3497784944040866,scr2002,avaStIn,bevFrtRoadLight
BE,h1751,0.3123069662403203,scr2002,avaStIn,bevFrtRoadLight
BE,h1752,0.2821792829284123,scr2002,avaStIn,bevFrtRoadLight
BE,h1753,0.3106843918239848,scr2002,avaStIn,bevFrtRoadLight
BE,h1754,0.35866299968064763,scr2002,avaStIn,bevFrtRoadLight
BE,h1755,0.4106293035759673,scr2002,avaStIn,bevFrtRoadLight
BE,h1756,0.4302562346105031,scr2002,avaStIn,bevFrtRoadLight
BE,h1757,0.4411964644145132,scr2002,avaStIn,bevFrtRoadLight
BE,h1758,0.45751109901302867,scr2002,avaStIn,bevFrtRoadLight
BE,h1759,0.48871757217710954,scr2002,avaStIn,bevFrtRoadLight
BE,h1760,0.5314509691002262,scr2002,avaStIn,bevFrtRoadLight
BE,h1761,0.5711878747561929,scr2002,avaStIn,bevFrtRoadLight
BE,h1762,0.5980939691710526,scr2002,avaStIn,bevFrtRoadLight
BE,h1763,0.608394034195855,scr2002,avaStIn,bevFrtRoadLight
BE,h1764,0.6010568773540479,scr2002,avaStIn,bevFrtRoadLight
BE,h1765,0.5764247164288175,scr2002,avaStIn,bevFrtRoadLight
BE,h1766,0.5401459054358786,scr2002,avaStIn,bevFrtRoadLight
BE,h1767,0.4982672792884357,scr2002,avaStIn,bevFrtRoadLight
BE,h1768,0.4574139907405833,scr2002,avaStIn,bevFrtRoadLight
BE,h1769,0.42470386872332366,scr2002,avaStIn,bevFrtRoadLight
BE,h1770,0.4070105681582177,scr2002,avaStIn,bevFrtRoadLight
BE,h1771,0.3993554704479094,scr2002,avaStIn,bevFrtRoadLight
BE,h1772,0.3942528360151184,scr2002,avaStIn,bevFrtRoadLight
BE,h1773,0.3809841238928826,scr2002,avaStIn,bevFrtRoadLight
BE,h1774,0.3497784944040866,scr2002,avaStIn,bevFrtRoadLight
BE,h1775,0.3123069662403203,scr2002,avaStIn,bevFrtRoadLight
BE,h1776,0.2821792829284123,scr2002,avaStIn,bevFrtRoadLight
BE,h1777,0.230095162221032,scr2002,avaStIn,bevFrtRoadLight
BE,h1778,0.2300917975935889,scr2002,avaStIn,bevFrtRoadLight
BE,h1779,0.27148343409663167,scr2002,avaStIn,bevFrtRoadLight
BE,h1780,0.3790725700696759,scr2002,avaStIn,bevFrtRoadLight
BE,h1781,0.4623404992613247,scr2002,avaStIn,bevFrtRoadLight
BE,h1782,0.5259162274800008,scr2002,avaStIn,bevFrtRoadLight
BE,h1783,0.5772992909654577,scr2002,avaStIn,bevFrtRoadLight
BE,h1784,0.6171735770568829,scr2002,avaStIn,bevFrtRoadLight
BE,h1785,0.6409152522621753,scr2002,avaStIn,bevFrtRoadLight
BE,h1786,0.6489166669999998,scr2002,avaStIn,bevFrtRoadLight
BE,h1787,0.6400350534574337,scr2002,avaStIn,bevFrtRoadLight
BE,h1788,0.61588415769173,scr2002,avaStIn,bevFrtRoadLight
BE,h1789,0.5753501172674538,scr2002,avaStIn,bevFrtRoadLight
BE,h1790,0.5273486726990765,scr2002,avaStIn,bevFrtRoadLight
BE,h1791,0.47682400205808595,scr2002,avaStIn,bevFrtRoadLight
BE,h1792,0.4288063768750643,scr2002,avaStIn,bevFrtRoadLight
BE,h1793,0.39374570481652504,scr2002,avaStIn,bevFrtRoadLight
BE,h1794,0.3749031506247579,scr2002,avaStIn,bevFrtRoadLight
BE,h1795,0.37209330121313167,scr2002,avaStIn,bevFrtRoadLight
BE,h1796,0.36873105182903665,scr2002,avaStIn,bevFrtRoadLight
BE,h1797,0.3543630997986469,scr2002,avaStIn,bevFrtRoadLight
BE,h1798,0.3154781828948128,scr2002,avaStIn,bevFrtRoadLight
BE,h1799,0.27112993299959987,scr2002,avaStIn,bevFrtRoadLight
BE,h1800,0.2381911639591776,scr2002,avaStIn,bevFrtRoadLight
BE,h1801,0.20075744833264675,scr2002,avaStIn,bevFrtRoadLight
BE,h1802,0.21575624655576675,scr2002,avaStIn,bevFrtRoadLight
BE,h1803,0.27148343409663167,scr2002,avaStIn,bevFrtRoadLight
BE,h1804,0.3790725700696759,scr2002,avaStIn,bevFrtRoadLight
BE,h1805,0.4623404992613247,scr2002,avaStIn,bevFrtRoadLight
BE,h1806,0.5259162274800008,scr2002,avaStIn,bevFrtRoadLight
BE,h1807,0.5772992909654577,scr2002,avaStIn,bevFrtRoadLight
BE,h1808,0.6171735770568829,scr2002,avaStIn,bevFrtRoadLight
BE,h1809,0.6409152522621753,scr2002,avaStIn,bevFrtRoadLight
BE,h1810,0.6489166669999998,scr2002,avaStIn,bevFrtRoadLight
BE,h1811,0.6400350534574337,scr2002,avaStIn,bevFrtRoadLight
BE,h1812,0.61588415769173,scr2002,avaStIn,bevFrtRoadLight
BE,h1813,0.5753501172674538,scr2002,avaStIn,bevFrtRoadLight
BE,h1814,0.5273486726990765,scr2002,avaStIn,bevFrtRoadLight
BE,h1815,0.47682400205808595,scr2002,avaStIn,bevFrtRoadLight
BE,h1816,0.4288063768750643,scr2002,avaStIn,bevFrtRoadLight
BE,h1817,0.39374570481652504,scr2002,avaStIn,bevFrtRoadLight
BE,h1818,0.3749031506247579,scr2002,avaStIn,bevFrtRoadLight
BE,h1819,0.37209330121313167,scr2002,avaStIn,bevFrtRoadLight
BE,h1820,0.36873105182903665,scr2002,avaStIn,bevFrtRoadLight
BE,h1821,0.3543630997986469,scr2002,avaStIn,bevFrtRoadLight
BE,h1822,0.3154781828948128,scr2002,avaStIn,bevFrtRoadLight
BE,h1823,0.27112993299959987,scr2002,avaStIn,bevFrtRoadLight
BE,h1824,0.2381911639591776,scr2002,avaStIn,bevFrtRoadLight
BE,h1825,0.28388199759953203,scr2002,avaStIn,bevFrtRoadLight
BE,h1826,0.34615260530650627,scr2002,avaStIn,bevFrtRoadLight
BE,h1827,0.4106293035759673,scr2002,avaStIn,bevFrtRoadLight
BE,h1828,0.4302562346105031,scr2002,avaStIn,bevFrtRoadLight
BE,h1829,0.4411964644145132,scr2002,avaStIn,bevFrtRoadLight
BE,h1830,0.45751109901302867,scr2002,avaStIn,bevFrtRoadLight
BE,h1831,0.48871757217710954,scr2002,avaStIn,bevFrtRoadLight
BE,h1832,0.5314509691002262,scr2002,avaStIn,bevFrtRoadLight
BE,h1833,0.5711878747561929,scr2002,avaStIn,bevFrtRoadLight
BE,h1834,0.5980939691710526,scr2002,avaStIn,bevFrtRoadLight
BE,h1835,0.608394034195855,scr2002,avaStIn,bevFrtRoadLight
BE,h1836,0.6010568773540479,scr2002,avaStIn,bevFrtRoadLight
BE,h1837,0.5764247164288175,scr2002,avaStIn,bevFrtRoadLight
BE,h1838,0.5401459054358786,scr2002,avaStIn,bevFrtRoadLight
BE,h1839,0.4982672792884357,scr2002,avaStIn,bevFrtRoadLight
BE,h1840,0.4574139907405833,scr2002,avaStIn,bevFrtRoadLight
BE,h1841,0.42470386872332366,scr2002,avaStIn,bevFrtRoadLight
BE,h1842,0.4070105681582177,scr2002,avaStIn,bevFrtRoadLight
BE,h1843,0.3993554704479094,scr2002,avaStIn,bevFrtRoadLight
BE,h1844,0.3942528360151184,scr2002,avaStIn,bevFrtRoadLight
BE,h1845,0.3809841238928826,scr2002,avaStIn,bevFrtRoadLight
BE,h1846,0.3497784944040866,scr2002,avaStIn,bevFrtRoadLight
BE,h1847,0.3123069662403203,scr2002,avaStIn,bevFrtRoadLight
BE,h1848,0.2821792829284123,scr2002,avaStIn,bevFrtRoadLight
BE,h1849,0.3106843918239848,scr2002,avaStIn,bevFrtRoadLight
BE,h1850,0.35866299968064763,scr2002,avaStIn,bevFrtRoadLight
BE,h1851,0.4106293035759673,scr2002,avaStIn,bevFrtRoadLight
BE,h1852,0.4302562346105031,scr2002,avaStIn,bevFrtRoadLight
BE,h1853,0.4411964644145132,scr2002,avaStIn,bevFrtRoadLight
BE,h1854,0.45751109901302867,scr2002,avaStIn,bevFrtRoadLight
BE,h1855,0.48871757217710954,scr2002,avaStIn,bevFrtRoadLight
BE,h1856,0.5314509691002262,scr2002,avaStIn,bevFrtRoadLight
BE,h1857,0.5711878747561929,scr2002,avaStIn,bevFrtRoadLight
BE,h1858,0.5980939691710526,scr2002,avaStIn,bevFrtRoadLight
BE,h1859,0.608394034195855,scr2002,avaStIn,bevFrtRoadLight
BE,h1860,0.6010568773540479,scr2002,avaStIn,bevFrtRoadLight
BE,h1861,0.5764247164288175,scr2002,avaStIn,bevFrtRoadLight
BE,h1862,0.5401459054358786,scr2002,avaStIn,bevFrtRoadLight
BE,h1863,0.4982672792884357,scr2002,avaStIn,bevFrtRoadLight
BE,h1864,0.4574139907405833,scr2002,avaStIn,bevFrtRoadLight
BE,h1865,0.42470386872332366,scr2002,avaStIn,bevFrtRoadLight
BE,h1866,0.4070105681582177,scr2002,avaStIn,bevFrtRoadLight
BE,h1867,0.3993554704479094,scr2002,avaStIn,bevFrtRoadLight
BE,h1868,0.3942528360151184,scr2002,avaStIn,bevFrtRoadLight
BE,h1869,0.3809841238928826,scr2002,avaStIn,bevFrtRoadLight
BE,h1870,0.3497784944040866,scr2002,avaStIn,bevFrtRoadLight
BE,h1871,0.3123069662403203,scr2002,avaStIn,bevFrtRoadLight
BE,h1872,0.2821792829284123,scr2002,avaStIn,bevFrtRoadLight
BE,h1873,0.3106843918239848,scr2002,avaStIn,bevFrtRoadLight
BE,h1874,0.35866299968064763,scr2002,avaStIn,bevFrtRoadLight
BE,h1875,0.4106293035759673,scr2002,avaStIn,bevFrtRoadLight
BE,h1876,0.4302562346105031,scr2002,avaStIn,bevFrtRoadLight
BE,h1877,0.4411964644145132,scr2002,avaStIn,bevFrtRoadLight
BE,h1878,0.45751109901302867,scr2002,avaStIn,bevFrtRoadLight
BE,h1879,0.48871757217710954,scr2002,avaStIn,bevFrtRoadLight
BE,h1880,0.5314509691002262,scr2002,avaStIn,bevFrtRoadLight
BE,h1881,0.5711878747561929,scr2002,avaStIn,bevFrtRoadLight
BE,h1882,0.5980939691710526,scr2002,avaStIn,bevFrtRoadLight
BE,h1883,0.608394034195855,scr2002,avaStIn,bevFrtRoadLight
BE,h1884,0.6010568773540479,scr2002,avaStIn,bevFrtRoadLight
BE,h1885,0.5764247164288175,scr2002,avaStIn,bevFrtRoadLight
BE,h1886,0.5401459054358786,scr2002,avaStIn,bevFrtRoadLight
BE,h1887,0.4982672792884357,scr2002,avaStIn,bevFrtRoadLight
BE,h1888,0.4574139907405833,scr2002,avaStIn,bevFrtRoadLight
BE,h1889,0.42470386872332366,scr2002,avaStIn,bevFrtRoadLight
BE,h1890,0.4070105681582177,scr2002,avaStIn,bevFrtRoadLight
BE,h1891,0.3993554704479094,scr2002,avaStIn,bevFrtRoadLight
BE,h1892,0.3942528360151184,scr2002,avaStIn,bevFrtRoadLight
BE,h1893,0.3809841238928826,scr2002,avaStIn,bevFrtRoadLight
BE,h1894,0.3497784944040866,scr2002,avaStIn,bevFrtRoadLight
BE,h1895,0.3123069662403203,scr2002,avaStIn,bevFrtRoadLight
BE,h1896,0.2821792829284123,scr2002,avaStIn,bevFrtRoadLight
BE,h1897,0.3106843918239848,scr2002,avaStIn,bevFrtRoadLight
BE,h1898,0.35866299968064763,scr2002,avaStIn,bevFrtRoadLight
BE,h1899,0.4106293035759673,scr2002,avaStIn,bevFrtRoadLight
BE,h1900,0.4302562346105031,scr2002,avaStIn,bevFrtRoadLight
BE,h1901,0.4411964644145132,scr2002,avaStIn,bevFrtRoadLight
BE,h1902,0.45751109901302867,scr2002,avaStIn,bevFrtRoadLight
BE,h1903,0.48871757217710954,scr2002,avaStIn,bevFrtRoadLight
BE,h1904,0.5314509691002262,scr2002,avaStIn,bevFrtRoadLight
BE,h1905,0.5711878747561929,scr2002,avaStIn,bevFrtRoadLight
BE,h1906,0.5980939691710526,scr2002,avaStIn,bevFrtRoadLight
BE,h1907,0.608394034195855,scr2002,avaStIn,bevFrtRoadLight
BE,h1908,0.6010568773540479,scr2002,avaStIn,bevFrtRoadLight
BE,h1909,0.5764247164288175,scr2002,avaStIn,bevFrtRoadLight
BE,h1910,0.5401459054358786,scr2002,avaStIn,bevFrtRoadLight
BE,h1911,0.4982672792884357,scr2002,avaStIn,bevFrtRoadLight
BE,h1912,0.4574139907405833,scr2002,avaStIn,bevFrtRoadLight
BE,h1913,0.42470386872332366,scr2002,avaStIn,bevFrtRoadLight
BE,h1914,0.4070105681582177,scr2002,avaStIn,bevFrtRoadLight
BE,h1915,0.3993554704479094,scr2002,avaStIn,bevFrtRoadLight
BE,h1916,0.3942528360151184,scr2002,avaStIn,bevFrtRoadLight
BE,h1917,0.3809841238928826,scr2002,avaStIn,bevFrtRoadLight
BE,h1918,0.3497784944040866,scr2002,avaStIn,bevFrtRoadLight
BE,h1919,0.3123069662403203,scr2002,avaStIn,bevFrtRoadLight
BE,h1920,0.2821792829284123,scr2002,avaStIn,bevFrtRoadLight
BE,h1921,0.3106843918239848,scr2002,avaStIn,bevFrtRoadLight
BE,h1922,0.35866299968064763,scr2002,avaStIn,bevFrtRoadLight
BE,h1923,0.4106293035759673,scr2002,avaStIn,bevFrtRoadLight
BE,h1924,0.4302562346105031,scr2002,avaStIn,bevFrtRoadLight
BE,h1925,0.4411964644145132,scr2002,avaStIn,bevFrtRoadLight
BE,h1926,0.45751109901302867,scr2002,avaStIn,bevFrtRoadLight
BE,h1927,0.48871757217710954,scr2002,avaStIn,bevFrtRoadLight
BE,h1928,0.5314509691002262,scr2002,avaStIn,bevFrtRoadLight
BE,h1929,0.5711878747561929,scr2002,avaStIn,bevFrtRoadLight
BE,h1930,0.5980939691710526,scr2002,avaStIn,bevFrtRoadLight
BE,h1931,0.608394034195855,scr2002,avaStIn,bevFrtRoadLight
BE,h1932,0.6010568773540479,scr2002,avaStIn,bevFrtRoadLight
BE,h1933,0.5764247164288175,scr2002,avaStIn,bevFrtRoadLight
BE,h1934,0.5401459054358786,scr2002,avaStIn,bevFrtRoadLight
BE,h1935,0.4982672792884357,scr2002,avaStIn,bevFrtRoadLight
BE,h1936,0.4574139907405833,scr2002,avaStIn,bevFrtRoadLight
BE,h1937,0.42470386872332366,scr2002,avaStIn,bevFrtRoadLight
BE,h1938,0.4070105681582177,scr2002,avaStIn,bevFrtRoadLight
BE,h1939,0.3993554704479094,scr2002,avaStIn,bevFrtRoadLight
BE,h1940,0.3942528360151184,scr2002,avaStIn,bevFrtRoadLight
BE,h1941,0.3809841238928826,scr2002,avaStIn,bevFrtRoadLight
BE,h1942,0.3497784944040866,scr2002,avaStIn,bevFrtRoadLight
BE,h1943,0.3123069662403203,scr2002,avaStIn,bevFrtRoadLight
BE,h1944,0.2821792829284123,scr2002,avaStIn,bevFrtRoadLight
BE,h1945,0.230095162221032,scr2002,avaStIn,bevFrtRoadLight
BE,h1946,0.2300917975935889,scr2002,avaStIn,bevFrtRoadLight
BE,h1947,0.27148343409663167,scr2002,avaStIn,bevFrtRoadLight
BE,h1948,0.3790725700696759,scr2002,avaStIn,bevFrtRoadLight
BE,h1949,0.4623404992613247,scr2002,avaStIn,bevFrtRoadLight
BE,h1950,0.5259162274800008,scr2002,avaStIn,bevFrtRoadLight
BE,h1951,0.5772992909654577,scr2002,avaStIn,bevFrtRoadLight
BE,h1952,0.6171735770568829,scr2002,avaStIn,bevFrtRoadLight
BE,h1953,0.6409152522621753,scr2002,avaStIn,bevFrtRoadLight
BE,h1954,0.6489166669999998,scr2002,avaStIn,bevFrtRoadLight
BE,h1955,0.6400350534574337,scr2002,avaStIn,bevFrtRoadLight
BE,h1956,0.61588415769173,scr2002,avaStIn,bevFrtRoadLight
BE,h1957,0.5753501172674538,scr2002,avaStIn,bevFrtRoadLight
BE,h1958,0.5273486726990765,scr2002,avaStIn,bevFrtRoadLight
BE,h1959,0.47682400205808595,scr2002,avaStIn,bevFrtRoadLight
BE,h1960,0.4288063768750643,scr2002,avaStIn,bevFrtRoadLight
BE,h1961,0.39374570481652504,scr2002,avaStIn,bevFrtRoadLight
BE,h1962,0.3749031506247579,scr2002,avaStIn,bevFrtRoadLight
BE,h1963,0.37209330121313167,scr2002,avaStIn,bevFrtRoadLight
BE,h1964,0.36873105182903665,scr2002,avaStIn,bevFrtRoadLight
BE,h1965,0.3543630997986469,scr2002,avaStIn,bevFrtRoadLight
BE,h1966,0.3154781828948128,scr2002,avaStIn,bevFrtRoadLight
BE,h1967,0.27112993299959987,scr2002,avaStIn,bevFrtRoadLight
BE,h1968,0.2381911639591776,scr2002,avaStIn,bevFrtRoadLight
BE,h1969,0.20075744833264675,scr2002,avaStIn,bevFrtRoadLight
BE,h1970,0.21575624655576675,scr2002,avaStIn,bevFrtRoadLight
BE,h1971,0.27148343409663167,scr2002,avaStIn,bevFrtRoadLight
BE,h1972,0.3790725700696759,scr2002,avaStIn,bevFrtRoadLight
BE,h1973,0.4623404992613247,scr2002,avaStIn,bevFrtRoadLight
BE,h1974,0.5259162274800008,scr2002,avaStIn,bevFrtRoadLight
BE,h1975,0.5772992909654577,scr2002,avaStIn,bevFrtRoadLight
BE,h1976,0.6171735770568829,scr2002,avaStIn,bevFrtRoadLight
BE,h1977,0.6409152522621753,scr2002,avaStIn,bevFrtRoadLight
BE,h1978,0.6489166669999998,scr2002,avaStIn,bevFrtRoadLight
BE,h1979,0.6400350534574337,scr2002,avaStIn,bevFrtRoadLight
BE,h1980,0.61588415769173,scr2002,avaStIn,bevFrtRoadLight
BE,h1981,0.5753501172674538,scr2002,avaStIn,bevFrtRoadLight
BE,h1982,0.5273486726990765,scr2002,avaStIn,bevFrtRoadLight
BE,h1983,0.47682400205808595,scr2002,avaStIn,bevFrtRoadLight
BE,h1984,0.4288063768750643,scr2002,avaStIn,bevFrtRoadLight
BE,h1985,0.39374570481652504,scr2002,avaStIn,bevFrtRoadLight
BE,h1986,0.3749031506247579,scr2002,avaStIn,bevFrtRoadLight
BE,h1987,0.37209330121313167,scr2002,avaStIn,bevFrtRoadLight
BE,h1988,0.36873105182903665,scr2002,avaStIn,bevFrtRoadLight
BE,h1989,0.3543630997986469,scr2002,avaStIn,bevFrtRoadLight
BE,h1990,0.3154781828948128,scr2002,avaStIn,bevFrtRoadLight
BE,h1991,0.27112993299959987,scr2002,avaStIn,bevFrtRoadLight
BE,h1992,0.2381911639591776,scr2002,avaStIn,bevFrtRoadLight
BE,h1993,0.28388199759953203,scr2002,avaStIn,bevFrtRoadLight
BE,h1994,0.34615260530650627,scr2002,avaStIn,bevFrtRoadLight
BE,h1995,0.4106293035759673,scr2002,avaStIn,bevFrtRoadLight
BE,h1996,0.4302562346105031,scr2002,avaStIn,bevFrtRoadLight
BE,h1997,0.4411964644145132,scr2002,avaStIn,bevFrtRoadLight
BE,h1998,0.45751109901302867,scr2002,avaStIn,bevFrtRoadLight
BE,h1999,0.48871757217710954,scr2002,avaStIn,bevFrtRoadLight
BE,h2000,0.5314509691002262,scr2002,avaStIn,bevFrtRoadLight
BE,h2001,0.5711878747561929,scr2002,avaStIn,bevFrtRoadLight
BE,h2002,0.5980939691710526,scr2002,avaStIn,bevFrtRoadLight
BE,h2003,0.608394034195855,scr2002,avaStIn,bevFrtRoadLight
BE,h2004,0.6010568773540479,scr2002,avaStIn,bevFrtRoadLight
BE,h2005,0.5764247164288175,scr2002,avaStIn,bevFrtRoadLight
BE,h2006,0.5401459054358786,scr2002,avaStIn,bevFrtRoadLight
BE,h2007,0.4982672792884357,scr2002,avaStIn,bevFrtRoadLight
BE,h2008,0.4574139907405833,scr2002,avaStIn,bevFrtRoadLight
BE,h2009,0.42470386872332366,scr2002,avaStIn,bevFrtRoadLight
BE,h2010,0.4070105681582177,scr2002,avaStIn,bevFrtRoadLight
BE,h2011,0.3993554704479094,scr2002,avaStIn,bevFrtRoadLight
BE,h2012,0.3942528360151184,scr2002,avaStIn,bevFrtRoadLight
BE,h2013,0.3809841238928826,scr2002,avaStIn,bevFrtRoadLight
BE,h2014,0.3497784944040866,scr2002,avaStIn,bevFrtRoadLight
BE,h2015,0.3123069662403203,scr2002,avaStIn,bevFrtRoadLight
BE,h2016,0.2821792829284123,scr2002,avaStIn,bevFrtRoadLight
BE,h2017,0.3072840894621327,scr2002,avaStIn,bevFrtRoadLight
BE,h2018,0.33666905394072466,scr2002,avaStIn,bevFrtRoadLight
BE,h2019,0.36655496485550265,scr2002,avaStIn,bevFrtRoadLight
BE,h2020,0.3745731212047183,scr2002,avaStIn,bevFrtRoadLight
BE,h2021,0.4026088526762964,scr2002,avaStIn,bevFrtRoadLight
BE,h2022,0.44640061438376677,scr2002,avaStIn,bevFrtRoadLight
BE,h2023,0.4973037920546317,scr2002,avaStIn,bevFrtRoadLight
BE,h2024,0.5420216950586382,scr2002,avaStIn,bevFrtRoadLight
BE,h2025,0.5736954068525849,scr2002,avaStIn,bevFrtRoadLight
BE,h2026,0.5880342997851788,scr2002,avaStIn,bevFrtRoadLight
BE,h2027,0.5918947845476326,scr2002,avaStIn,bevFrtRoadLight
BE,h2028,0.5837522950091351,scr2002,avaStIn,bevFrtRoadLight
BE,h2029,0.566630011228302,scr2002,avaStIn,bevFrtRoadLight
BE,h2030,0.5326460205473856,scr2002,avaStIn,bevFrtRoadLight
BE,h2031,0.48334141219508586,scr2002,avaStIn,bevFrtRoadLight
BE,h2032,0.4237800531764452,scr2002,avaStIn,bevFrtRoadLight
BE,h2033,0.3668064382544399,scr2002,avaStIn,bevFrtRoadLight
BE,h2034,0.33858624085132816,scr2002,avaStIn,bevFrtRoadLight
BE,h2035,0.33981235579051505,scr2002,avaStIn,bevFrtRoadLight
BE,h2036,0.3644150552627201,scr2002,avaStIn,bevFrtRoadLight
BE,h2037,0.39407002810213865,scr2002,avaStIn,bevFrtRoadLight
BE,h2038,0.4100441996396512,scr2002,avaStIn,bevFrtRoadLight
BE,h2039,0.41244752514225314,scr2002,avaStIn,bevFrtRoadLight
BE,h2040,0.3977671810575979,scr2002,avaStIn,bevFrtRoadLight
BE,h2041,0.3840802424090224,scr2002,avaStIn,bevFrtRoadLight
BE,h2042,0.37136048642151265,scr2002,avaStIn,bevFrtRoadLight
BE,h2043,0.36655496485550265,scr2002,avaStIn,bevFrtRoadLight
BE,h2044,0.3745731212047183,scr2002,avaStIn,bevFrtRoadLight
BE,h2045,0.4026088526762964,scr2002,avaStIn,bevFrtRoadLight
BE,h2046,0.44640061438376677,scr2002,avaStIn,bevFrtRoadLight
BE,h2047,0.4973037920546317,scr2002,avaStIn,bevFrtRoadLight
BE,h2048,0.5420216950586382,scr2002,avaStIn,bevFrtRoadLight
BE,h2049,0.5736954068525849,scr2002,avaStIn,bevFrtRoadLight
BE,h2050,0.5880342997851788,scr2002,avaStIn,bevFrtRoadLight
BE,h2051,0.5918947845476326,scr2002,avaStIn,bevFrtRoadLight
BE,h2052,0.5837522950091351,scr2002,avaStIn,bevFrtRoadLight
BE,h2053,0.566630011228302,scr2002,avaStIn,bevFrtRoadLight
BE,h2054,0.5326460205473856,scr2002,avaStIn,bevFrtRoadLight
BE,h2055,0.48334141219508586,scr2002,avaStIn,bevFrtRoadLight
BE,h2056,0.4237800531764452,scr2002,avaStIn,bevFrtRoadLight
BE,h2057,0.3668064382544399,scr2002,avaStIn,bevFrtRoadLight
BE,h2058,0.33858624085132816,scr2002,avaStIn,bevFrtRoadLight
BE,h2059,0.33981235579051505,scr2002,avaStIn,bevFrtRoadLight
BE,h2060,0.3644150552627201,scr2002,avaStIn,bevFrtRoadLight
BE,h2061,0.39407002810213865,scr2002,avaStIn,bevFrtRoadLight
BE,h2062,0.4100441996396512,scr2002,avaStIn,bevFrtRoadLight
BE,h2063,0.41244752514225314,scr2002,avaStIn,bevFrtRoadLight
BE,h2064,0.3977671810575979,scr2002,avaStIn,bevFrtRoadLight
BE,h2065,0.3840802424090224,scr2002,avaStIn,bevFrtRoadLight
BE,h2066,0.37136048642151265,scr2002,avaStIn,bevFrtRoadLight
BE,h2067,0.36655496485550265,scr2002,avaStIn,bevFrtRoadLight
BE,h2068,0.3745731212047183,scr2002,avaStIn,bevFrtRoadLight
BE,h2069,0.4026088526762964,scr2002,avaStIn,bevFrtRoadLight
BE,h2070,0.44640061438376677,scr2002,avaStIn,bevFrtRoadLight
BE,h2071,0.4973037920546317,scr2002,avaStIn,bevFrtRoadLight
BE,h2072,0.5420216950586382,scr2002,avaStIn,bevFrtRoadLight
BE,h2073,0.5736954068525849,scr2002,avaStIn,bevFrtRoadLight
BE,h2074,0.5880342997851788,scr2002,avaStIn,bevFrtRoadLight
BE,h2075,0.5918947845476326,scr2002,avaStIn,bevFrtRoadLight
BE,h2076,0.5837522950091351,scr2002,avaStIn,bevFrtRoadLight
BE,h2077,0.566630011228302,scr2002,avaStIn,bevFrtRoadLight
BE,h2078,0.5326460205473856,scr2002,avaStIn,bevFrtRoadLight
BE,h2079,0.48334141219508586,scr2002,avaStIn,bevFrtRoadLight
BE,h2080,0.4237800531764452,scr2002,avaStIn,bevFrtRoadLight
BE,h2081,0.3668064382544399,scr2002,avaStIn,bevFrtRoadLight
BE,h2082,0.33858624085132816,scr2002,avaStIn,bevFrtRoadLight
BE,h2083,0.33981235579051505,scr2002,avaStIn,bevFrtRoadLight
BE,h2084,0.3644150552627201,scr2002,avaStIn,bevFrtRoadLight
BE,h2085,0.39407002810213865,scr2002,avaStIn,bevFrtRoadLight
BE,h2086,0.4100441996396512,scr2002,avaStIn,bevFrtRoadLight
BE,h2087,0.41244752514225314,scr2002,avaStIn,bevFrtRoadLight
BE,h2088,0.3977671810575979,scr2002,avaStIn,bevFrtRoadLight
BE,h2089,0.3840802424090224,scr2002,avaStIn,bevFrtRoadLight
BE,h2090,0.37136048642151265,scr2002,avaStIn,bevFrtRoadLight
BE,h2091,0.36655496485550265,scr2002,avaStIn,bevFrtRoadLight
BE,h2092,0.3745731212047183,scr2002,avaStIn,bevFrtRoadLight
BE,h2093,0.4026088526762964,scr2002,avaStIn,bevFrtRoadLight
BE,h2094,0.44640061438376677,scr2002,avaStIn,bevFrtRoadLight
BE,h2095,0.4973037920546317,scr2002,avaStIn,bevFrtRoadLight
BE,h2096,0.5420216950586382,scr2002,avaStIn,bevFrtRoadLight
BE,h2097,0.5736954068525849,scr2002,avaStIn,bevFrtRoadLight
BE,h2098,0.5880342997851788,scr2002,avaStIn,bevFrtRoadLight
BE,h2099,0.5918947845476326,scr2002,avaStIn,bevFrtRoadLight
BE,h2100,0.5837522950091351,scr2002,avaStIn,bevFrtRoadLight
BE,h2101,0.566630011228302,scr2002,avaStIn,bevFrtRoadLight
BE,h2102,0.5326460205473856,scr2002,avaStIn,bevFrtRoadLight
BE,h2103,0.48334141219508586,scr2002,avaStIn,bevFrtRoadLight
BE,h2104,0.4237800531764452,scr2002,avaStIn,bevFrtRoadLight
BE,h2105,0.3668064382544399,scr2002,avaStIn,bevFrtRoadLight
BE,h2106,0.33858624085132816,scr2002,avaStIn,bevFrtRoadLight
BE,h2107,0.33981235579051505,scr2002,avaStIn,bevFrtRoadLight
BE,h2108,0.3644150552627201,scr2002,avaStIn,bevFrtRoadLight
BE,h2109,0.39407002810213865,scr2002,avaStIn,bevFrtRoadLight
BE,h2110,0.4100441996396512,scr2002,avaStIn,bevFrtRoadLight
BE,h2111,0.41244752514225314,scr2002,avaStIn,bevFrtRoadLight
BE,h2112,0.3977671810575979,scr2002,avaStIn,bevFrtRoadLight
BE,h2113,0.4215422859318668,scr2002,avaStIn,bevFrtRoadLight
BE,h2114,0.44561523253946533,scr2002,avaStIn,bevFrtRoadLight
BE,h2115,0.46890884939949806,scr2002,avaStIn,bevFrtRoadLight
BE,h2116,0.4606801828577375,scr2002,avaStIn,bevFrtRoadLight
BE,h2117,0.4598809008191356,scr2002,avaStIn,bevFrtRoadLight
BE,h2118,0.47373682010553864,scr2002,avaStIn,bevFrtRoadLight
BE,h2119,0.49837466067849223,scr2002,avaStIn,bevFrtRoadLight
BE,h2120,0.5249322712656334,scr2002,avaStIn,bevFrtRoadLight
BE,h2121,0.5295524702973696,scr2002,avaStIn,bevFrtRoadLight
BE,h2122,0.5237384833973733,scr2002,avaStIn,bevFrtRoadLight
BE,h2123,0.517462220076728,scr2002,avaStIn,bevFrtRoadLight
BE,h2124,0.5202231448594441,scr2002,avaStIn,bevFrtRoadLight
BE,h2125,0.5168074572603817,scr2002,avaStIn,bevFrtRoadLight
BE,h2126,0.4881087918461403,scr2002,avaStIn,bevFrtRoadLight
BE,h2127,0.4401501060096197,scr2002,avaStIn,bevFrtRoadLight
BE,h2128,0.3751810028677981,scr2002,avaStIn,bevFrtRoadLight
BE,h2129,0.3184738733356699,scr2002,avaStIn,bevFrtRoadLight
BE,h2130,0.2885496316681868,scr2002,avaStIn,bevFrtRoadLight
BE,h2131,0.2950430145218158,scr2002,avaStIn,bevFrtRoadLight
BE,h2132,0.3362350273761402,scr2002,avaStIn,bevFrtRoadLight
BE,h2133,0.3905257678468871,scr2002,avaStIn,bevFrtRoadLight
BE,h2134,0.4405757953478313,scr2002,avaStIn,bevFrtRoadLight
BE,h2135,0.4738121072088959,scr2002,avaStIn,bevFrtRoadLight
BE,h2136,0.4995552626921461,scr2002,avaStIn,bevFrtRoadLight
BE,h2137,0.5006979269249346,scr2002,avaStIn,bevFrtRoadLight
BE,h2138,0.49234384959123256,scr2002,avaStIn,bevFrtRoadLight
BE,h2139,0.46890884939949806,scr2002,avaStIn,bevFrtRoadLight
BE,h2140,0.4606801828577375,scr2002,avaStIn,bevFrtRoadLight
BE,h2141,0.4598809008191356,scr2002,avaStIn,bevFrtRoadLight
BE,h2142,0.47373682010553864,scr2002,avaStIn,bevFrtRoadLight
BE,h2143,0.49837466067849223,scr2002,avaStIn,bevFrtRoadLight
BE,h2144,0.5249322712656334,scr2002,avaStIn,bevFrtRoadLight
BE,h2145,0.5295524702973696,scr2002,avaStIn,bevFrtRoadLight
BE,h2146,0.5237384833973733,scr2002,avaStIn,bevFrtRoadLight
BE,h2147,0.517462220076728,scr2002,avaStIn,bevFrtRoadLight
BE,h2148,0.5202231448594441,scr2002,avaStIn,bevFrtRoadLight
BE,h2149,0.5168074572603817,scr2002,avaStIn,bevFrtRoadLight
BE,h2150,0.4881087918461403,scr2002,avaStIn,bevFrtRoadLight
BE,h2151,0.4401501060096197,scr2002,avaStIn,bevFrtRoadLight
BE,h2152,0.3751810028677981,scr2002,avaStIn,bevFrtRoadLight
BE,h2153,0.3184738733356699,scr2002,avaStIn,bevFrtRoadLight
BE,h2154,0.2885496316681868,scr2002,avaStIn,bevFrtRoadLight
BE,h2155,0.2950430145218158,scr2002,avaStIn,bevFrtRoadLight
BE,h2156,0.3362350273761402,scr2002,avaStIn,bevFrtRoadLight
BE,h2157,0.3905257678468871,scr2002,avaStIn,bevFrtRoadLight
BE,h2158,0.4405757953478313,scr2002,avaStIn,bevFrtRoadLight
BE,h2159,0.4738121072088959,scr2002,avaStIn,bevFrtRoadLight
BE,h2160,0.4995552626921461,scr2002,avaStIn,bevFrtRoadLight
BG,h1441,0.3714353995574986,scr2002,avaStIn,bevFrtRoadLight
BG,h1442,0.3846086524108919,scr2002,avaStIn,bevFrtRoadLight
BG,h1443,0.42374952391826404,scr2002,avaStIn,bevFrtRoadLight
BG,h1444,0.4709102315761218,scr2002,avaStIn,bevFrtRoadLight
BG,h1445,0.5000591446961408,scr2002,avaStIn,bevFrtRoadLight
BG,h1446,0.495233345157142,scr2002,avaStIn,bevFrtRoadLight
BG,h1447,0.5008043596015219,scr2002,avaStIn,bevFrtRoadLight
BG,h1448,0.5021789974738545,scr2002,avaStIn,bevFrtRoadLight
BG,h1449,0.5231874460949842,scr2002,avaStIn,bevFrtRoadLight
BG,h1450,0.5308529822226913,scr2002,avaStIn,bevFrtRoadLight
BG,h1451,0.536356959269228,scr2002,avaStIn,bevFrtRoadLight
BG,h1452,0.5373881561276749,scr2002,avaStIn,bevFrtRoadLight
BG,h1453,0.5288075990651915,scr2002,avaStIn,bevFrtRoadLight
BG,h1454,0.5095709286669997,scr2002,avaStIn,bevFrtRoadLight
BG,h1455,0.473753550931062,scr2002,avaStIn,bevFrtRoadLight
BG,h1456,0.4304466538396563,scr2002,avaStIn,bevFrtRoadLight
BG,h1457,0.3826879992214788,scr2002,avaStIn,bevFrtRoadLight
BG,h1458,0.35009603390058996,scr2002,avaStIn,bevFrtRoadLight
BG,h1459,0.3349394292024723,scr2002,avaStIn,bevFrtRoadLight
BG,h1460,0.34869160218954365,scr2002,avaStIn,bevFrtRoadLight
BG,h1461,0.36780057797615695,scr2002,avaStIn,bevFrtRoadLight
BG,h1462,0.38682791024436847,scr2002,avaStIn,bevFrtRoadLight
BG,h1463,0.3912979680884232,scr2002,avaStIn,bevFrtRoadLight
BG,h1464,0.3985938980480803,scr2002,avaStIn,bevFrtRoadLight
BG,h1465,0.38540755881640665,scr2002,avaStIn,bevFrtRoadLight
BG,h1466,0.39834418280524153,scr2002,avaStIn,bevFrtRoadLight
BG,h1467,0.42374952391826404,scr2002,avaStIn,bevFrtRoadLight
BG,h1468,0.4709102315761218,scr2002,avaStIn,bevFrtRoadLight
BG,h1469,0.5000591446961408,scr2002,avaStIn,bevFrtRoadLight
BG,h1470,0.495233345157142,scr2002,avaStIn,bevFrtRoadLight
BG,h1471,0.5008043596015219,scr2002,avaStIn,bevFrtRoadLight
BG,h1472,0.5021789974738545,scr2002,avaStIn,bevFrtRoadLight
BG,h1473,0.5231874460949842,scr2002,avaStIn,bevFrtRoadLight
BG,h1474,0.5308529822226913,scr2002,avaStIn,bevFrtRoadLight
BG,h1475,0.536356959269228,scr2002,avaStIn,bevFrtRoadLight
BG,h1476,0.5373881561276749,scr2002,avaStIn,bevFrtRoadLight
BG,h1477,0.5288075990651915,scr2002,avaStIn,bevFrtRoadLight
BG,h1478,0.5095709286669997,scr2002,avaStIn,bevFrtRoadLight
BG,h1479,0.473753550931062,scr2002,avaStIn,bevFrtRoadLight
BG,h1480,0.4304466538396563,scr2002,avaStIn,bevFrtRoadLight
BG,h1481,0.3826879992214788,scr2002,avaStIn,bevFrtRoadLight
BG,h1482,0.35009603390058996,scr2002,avaStIn,bevFrtRoadLight
BG,h1483,0.3349394292024723,scr2002,avaStIn,bevFrtRoadLight
BG,h1484,0.34869160218954365,scr2002,avaStIn,bevFrtRoadLight
BG,h1485,0.36780057797615695,scr2002,avaStIn,bevFrtRoadLight
BG,h1486,0.38682791024436847,scr2002,avaStIn,bevFrtRoadLight
BG,h1487,0.3912979680884232,scr2002,avaStIn,bevFrtRoadLight
BG,h1488,0.3985938980480803,scr2002,avaStIn,bevFrtRoadLight
BG,h1489,0.4174388969205469,scr2002,avaStIn,bevFrtRoadLight
BG,h1490,0.4439543832070485,scr2002,avaStIn,bevFrtRoadLight
BG,h1491,0.464238846132911,scr2002,avaStIn,bevFrtRoadLight
BG,h1492,0.4692993118565085,scr2002,avaStIn,bevFrtRoadLight
BG,h1493,0.4647572130501477,scr2002,avaStIn,bevFrtRoadLight
BG,h1494,0.4606421333392813,scr2002,avaStIn,bevFrtRoadLight
BG,h1495,0.4606294501381404,scr2002,avaStIn,bevFrtRoadLight
BG,h1496,0.4771202000278558,scr2002,avaStIn,bevFrtRoadLight
BG,h1497,0.4942956004519071,scr2002,avaStIn,bevFrtRoadLight
BG,h1498,0.5099123823053463,scr2002,avaStIn,bevFrtRoadLight
BG,h1499,0.5161038254350148,scr2002,avaStIn,bevFrtRoadLight
BG,h1500,0.5219276355822776,scr2002,avaStIn,bevFrtRoadLight
BG,h1501,0.5234247828552905,scr2002,avaStIn,bevFrtRoadLight
BG,h1502,0.515666896351518,scr2002,avaStIn,bevFrtRoadLight
BG,h1503,0.4904757420921084,scr2002,avaStIn,bevFrtRoadLight
BG,h1504,0.4511048686615209,scr2002,avaStIn,bevFrtRoadLight
BG,h1505,0.401719554609377,scr2002,avaStIn,bevFrtRoadLight
BG,h1506,0.362910361244157,scr2002,avaStIn,bevFrtRoadLight
BG,h1507,0.3472619056461236,scr2002,avaStIn,bevFrtRoadLight
BG,h1508,0.35727079588328314,scr2002,avaStIn,bevFrtRoadLight
BG,h1509,0.378468834507535,scr2002,avaStIn,bevFrtRoadLight
BG,h1510,0.39319028121074384,scr2002,avaStIn,bevFrtRoadLight
BG,h1511,0.3959422870730802,scr2002,avaStIn,bevFrtRoadLight
BG,h1512,0.3854887711962275,scr2002,avaStIn,bevFrtRoadLight
BG,h1513,0.42769853598926943,scr2002,avaStIn,bevFrtRoadLight
BG,h1514,0.46444116177482064,scr2002,avaStIn,bevFrtRoadLight
BG,h1515,0.5002557267591349,scr2002,avaStIn,bevFrtRoadLight
BG,h1516,0.4779833592811431,scr2002,avaStIn,bevFrtRoadLight
BG,h1517,0.45518876455881485,scr2002,avaStIn,bevFrtRoadLight
BG,h1518,0.43596244051473665,scr2002,avaStIn,bevFrtRoadLight
BG,h1519,0.4287672948543091,scr2002,avaStIn,bevFrtRoadLight
BG,h1520,0.4310449118345231,scr2002,avaStIn,bevFrtRoadLight
BG,h1521,0.43651906754470926,scr2002,avaStIn,bevFrtRoadLight
BG,h1522,0.42784196327677315,scr2002,avaStIn,bevFrtRoadLight
BG,h1523,0.40165285769436365,scr2002,avaStIn,bevFrtRoadLight
BG,h1524,0.3554492048303812,scr2002,avaStIn,bevFrtRoadLight
BG,h1525,0.30743387757687923,scr2002,avaStIn,bevFrtRoadLight
BG,h1526,0.278936309503648,scr2002,avaStIn,bevFrtRoadLight
BG,h1527,0.28525649117608465,scr2002,avaStIn,bevFrtRoadLight
BG,h1528,0.33100477113297455,scr2002,avaStIn,bevFrtRoadLight
BG,h1529,0.3951643597987161,scr2002,avaStIn,bevFrtRoadLight
BG,h1530,0.46644985491696445,scr2002,avaStIn,bevFrtRoadLight
BG,h1531,0.5302489042156142,scr2002,avaStIn,bevFrtRoadLight
BG,h1532,0.5770673902258092,scr2002,avaStIn,bevFrtRoadLight
BG,h1533,0.5986769755958498,scr2002,avaStIn,bevFrtRoadLight
BG,h1534,0.6016883948095747,scr2002,avaStIn,bevFrtRoadLight
BG,h1535,0.5924055260109063,scr2002,avaStIn,bevFrtRoadLight
BG,h1536,0.5774847836798132,scr2002,avaStIn,bevFrtRoadLight
BG,h1537,0.5517773619954187,scr2002,avaStIn,bevFrtRoadLight
BG,h1538,0.5248358437172166,scr2002,avaStIn,bevFrtRoadLight
BG,h1539,0.5002557267591349,scr2002,avaStIn,bevFrtRoadLight
BG,h1540,0.4779833592811431,scr2002,avaStIn,bevFrtRoadLight
BG,h1541,0.45518876455881485,scr2002,avaStIn,bevFrtRoadLight
BG,h1542,0.43596244051473665,scr2002,avaStIn,bevFrtRoadLight
BG,h1543,0.4287672948543091,scr2002,avaStIn,bevFrtRoadLight
BG,h1544,0.4310449118345231,scr2002,avaStIn,bevFrtRoadLight
BG,h1545,0.43651906754470926,scr2002,avaStIn,bevFrtRoadLight
BG,h1546,0.42784196327677315,scr2002,avaStIn,bevFrtRoadLight
BG,h1547,0.40165285769436365,scr2002,avaStIn,bevFrtRoadLight
BG,h1548,0.3554492048303812,scr2002,avaStIn,bevFrtRoadLight
BG,h1549,0.30743387757687923,scr2002,avaStIn,bevFrtRoadLight
BG,h1550,0.278936309503648,scr2002,avaStIn,bevFrtRoadLight
BG,h1551,0.28525649117608465,scr2002,avaStIn,bevFrtRoadLight
BG,h1552,0.33100477113297455,scr2002,avaStIn,bevFrtRoadLight
BG,h1553,0.3951643597987161,scr2002,avaStIn,bevFrtRoadLight
BG,h1554,0.46644985491696445,scr2002,avaStIn,bevFrtRoadLight
BG,h1555,0.5302489042156142,scr2002,avaStIn,bevFrtRoadLight
BG,h1556,0.5770673902258092,scr2002,avaStIn,bevFrtRoadLight
BG,h1557,0.5986769755958498,scr2002,avaStIn,bevFrtRoadLight
BG,h1558,0.6016883948095747,scr2002,avaStIn,bevFrtRoadLight
BG,h1559,0.5924055260109063,scr2002,avaStIn,bevFrtRoadLight
BG,h1560,0.5774847836798132,scr2002,avaStIn,bevFrtRoadLight
BG,h1561,0.5517773619954187,scr2002,avaStIn,bevFrtRoadLight
BG,h1562,0.5248358437172166,scr2002,avaStIn,bevFrtRoadLight
BG,h1563,0.5002557267591349,scr2002,avaStIn,bevFrtRoadLight
BG,h1564,0.4779833592811431,scr2002,avaStIn,bevFrtRoadLight
BG,h1565,0.45518876455881485,scr2002,avaStIn,bevFrtRoadLight
BG,h1566,0.43596244051473665,scr2002,avaStIn,bevFrtRoadLight
BG,h1567,0.4287672948543091,scr2002,avaStIn,bevFrtRoadLight
BG,h1568,0.4310449118345231,scr2002,avaStIn,bevFrtRoadLight
BG,h1569,0.43651906754470926,scr2002,avaStIn,bevFrtRoadLight
BG,h1570,0.42784196327677315,scr2002,avaStIn,bevFrtRoadLight
BG,h1571,0.40165285769436365,scr2002,avaStIn,bevFrtRoadLight
BG,h1572,0.3554492048303812,scr2002,avaStIn,bevFrtRoadLight
BG,h1573,0.30743387757687923,scr2002,avaStIn,bevFrtRoadLight
BG,h1574,0.278936309503648,scr2002,avaStIn,bevFrtRoadLight
BG,h1575,0.28525649117608465,scr2002,avaStIn,bevFrtRoadLight
BG,h1576,0.33100477113297455,scr2002,avaStIn,bevFrtRoadLight
BG,h1577,0.3951643597987161,scr2002,avaStIn,bevFrtRoadLight
BG,h1578,0.46644985491696445,scr2002,avaStIn,bevFrtRoadLight
BG,h1579,0.5302489042156142,scr2002,avaStIn,bevFrtRoadLight
BG,h1580,0.5770673902258092,scr2002,avaStIn,bevFrtRoadLight
BG,h1581,0.5986769755958498,scr2002,avaStIn,bevFrtRoadLight
BG,h1582,0.6016883948095747,scr2002,avaStIn,bevFrtRoadLight
BG,h1583,0.5924055260109063,scr2002,avaStIn,bevFrtRoadLight
BG,h1584,0.5774847836798132,scr2002,avaStIn,bevFrtRoadLight
BG,h1585,0.5517773619954187,scr2002,avaStIn,bevFrtRoadLight
BG,h1586,0.5248358437172166,scr2002,avaStIn,bevFrtRoadLight
BG,h1587,0.5002557267591349,scr2002,avaStIn,bevFrtRoadLight
BG,h1588,0.4779833592811431,scr2002,avaStIn,bevFrtRoadLight
BG,h1589,0.45518876455881485,scr2002,avaStIn,bevFrtRoadLight
BG,h1590,0.43596244051473665,scr2002,avaStIn,bevFrtRoadLight
BG,h1591,0.4287672948543091,scr2002,avaStIn,bevFrtRoadLight
BG,h1592,0.4310449118345231,scr2002,avaStIn,bevFrtRoadLight
BG,h1593,0.43651906754470926,scr2002,avaStIn,bevFrtRoadLight
BG,h1594,0.42784196327677315,scr2002,avaStIn,bevFrtRoadLight
BG,h1595,0.40165285769436365,scr2002,avaStIn,bevFrtRoadLight
BG,h1596,0.3554492048303812,scr2002,avaStIn,bevFrtRoadLight
BG,h1597,0.30743387757687923,scr2002,avaStIn,bevFrtRoadLight
BG,h1598,0.278936309503648,scr2002,avaStIn,bevFrtRoadLight
BG,h1599,0.28525649117608465,scr2002,avaStIn,bevFrtRoadLight
BG,h1600,0.33100477113297455,scr2002,avaStIn,bevFrtRoadLight
BG,h1601,0.3951643597987161,scr2002,avaStIn,bevFrtRoadLight
BG,h1602,0.46644985491696445,scr2002,avaStIn,bevFrtRoadLight
BG,h1603,0.5302489042156142,scr2002,avaStIn,bevFrtRoadLight
BG,h1604,0.5770673902258092,scr2002,avaStIn,bevFrtRoadLight
BG,h1605,0.5986769755958498,scr2002,avaStIn,bevFrtRoadLight
BG,h1606,0.6016883948095747,scr2002,avaStIn,bevFrtRoadLight
BG,h1607,0.5924055260109063,scr2002,avaStIn,bevFrtRoadLight
BG,h1608,0.5774847836798132,scr2002,avaStIn,bevFrtRoadLight
BG,h1609,0.5399833096273894,scr2002,avaStIn,bevFrtRoadLight
BG,h1610,0.5020113380135911,scr2002,avaStIn,bevFrtRoadLight
BG,h1611,0.4635722307063156,scr2002,avaStIn,bevFrtRoadLight
BG,h1612,0.4380348659574729,scr2002,avaStIn,bevFrtRoadLight
BG,h1613,0.40762124803256283,scr2002,avaStIn,bevFrtRoadLight
BG,h1614,0.37888830724468336,scr2002,avaStIn,bevFrtRoadLight
BG,h1615,0.36958381422293585,scr2002,avaStIn,bevFrtRoadLight
BG,h1616,0.37840208488783933,scr2002,avaStIn,bevFrtRoadLight
BG,h1617,0.40312593459237533,scr2002,avaStIn,bevFrtRoadLight
BG,h1618,0.41362439373824145,scr2002,avaStIn,bevFrtRoadLight
BG,h1619,0.4028461315685412,scr2002,avaStIn,bevFrtRoadLight
BG,h1620,0.3603437041144123,scr2002,avaStIn,bevFrtRoadLight
BG,h1621,0.300735364069155,scr2002,avaStIn,bevFrtRoadLight
BG,h1622,0.24177370465061954,scr2002,avaStIn,bevFrtRoadLight
BG,h1623,0.21970614560615676,scr2002,avaStIn,bevFrtRoadLight
BG,h1624,0.25508395733229006,scr2002,avaStIn,bevFrtRoadLight
BG,h1625,0.34767139096765254,scr2002,avaStIn,bevFrtRoadLight
BG,h1626,0.45228041046836875,scr2002,avaStIn,bevFrtRoadLight
BG,h1627,0.5341134302691986,scr2002,avaStIn,bevFrtRoadLight
BG,h1628,0.5851656457268322,scr2002,avaStIn,bevFrtRoadLight
BG,h1629,0.6079565962864942,scr2002,avaStIn,bevFrtRoadLight
BG,h1630,0.6088378322847627,scr2002,avaStIn,bevFrtRoadLight
BG,h1631,0.5862547005889717,scr2002,avaStIn,bevFrtRoadLight
BG,h1632,0.5503272305028044,scr2002,avaStIn,bevFrtRoadLight
BG,h1633,0.5157882800473498,scr2002,avaStIn,bevFrtRoadLight
BG,h1634,0.4876212160339364,scr2002,avaStIn,bevFrtRoadLight
BG,h1635,0.4635722307063156,scr2002,avaStIn,bevFrtRoadLight
BG,h1636,0.4380348659574729,scr2002,avaStIn,bevFrtRoadLight
BG,h1637,0.40762124803256283,scr2002,avaStIn,bevFrtRoadLight
BG,h1638,0.37888830724468336,scr2002,avaStIn,bevFrtRoadLight
BG,h1639,0.36958381422293585,scr2002,avaStIn,bevFrtRoadLight
BG,h1640,0.37840208488783933,scr2002,avaStIn,bevFrtRoadLight
BG,h1641,0.40312593459237533,scr2002,avaStIn,bevFrtRoadLight
BG,h1642,0.41362439373824145,scr2002,avaStIn,bevFrtRoadLight
BG,h1643,0.4028461315685412,scr2002,avaStIn,bevFrtRoadLight
BG,h1644,0.3603437041144123,scr2002,avaStIn,bevFrtRoadLight
BG,h1645,0.300735364069155,scr2002,avaStIn,bevFrtRoadLight
BG,h1646,0.24177370465061954,scr2002,avaStIn,bevFrtRoadLight
BG,h1647,0.21970614560615676,scr2002,avaStIn,bevFrtRoadLight
BG,h1648,0.25508395733229006,scr2002,avaStIn,bevFrtRoadLight
BG,h1649,0.34767139096765254,scr2002,avaStIn,bevFrtRoadLight
BG,h1650,0.45228041046836875,scr2002,avaStIn,bevFrtRoadLight
BG,h1651,0.5341134302691986,scr2002,avaStIn,bevFrtRoadLight
BG,h1652,0.5851656457268322,scr2002,avaStIn,bevFrtRoadLight
BG,h1653,0.6079565962864942,scr2002,avaStIn,bevFrtRoadLight
BG,h1654,0.6088378322847627,scr2002,avaStIn,bevFrtRoadLight
BG,h1655,0.5862547005889717,scr2002,avaStIn,bevFrtRoadLight
BG,h1656,0.5503272305028044,scr2002,avaStIn,bevFrtRoadLight
BG,h1657,0.5277989482493217,scr2002,avaStIn,bevFrtRoadLight
BG,h1658,0.5107010378978177,scr2002,avaStIn,bevFrtRoadLight
BG,h1659,0.5002557267591349,scr2002,avaStIn,bevFrtRoadLight
BG,h1660,0.4779833592811431,scr2002,avaStIn,bevFrtRoadLight
BG,h1661,0.45518876455881485,scr2002,avaStIn,bevFrtRoadLight
BG,h1662,0.43596244051473665,scr2002,avaStIn,bevFrtRoadLight
BG,h1663,0.4287672948543091,scr2002,avaStIn,bevFrtRoadLight
BG,h1664,0.4310449118345231,scr2002,avaStIn,bevFrtRoadLight
BG,h1665,0.43651906754470926,scr2002,avaStIn,bevFrtRoadLight
BG,h1666,0.42784196327677315,scr2002,avaStIn,bevFrtRoadLight
BG,h1667,0.40165285769436365,scr2002,avaStIn,bevFrtRoadLight
BG,h1668,0.3554492048303812,scr2002,avaStIn,bevFrtRoadLight
BG,h1669,0.30743387757687923,scr2002,avaStIn,bevFrtRoadLight
BG,h1670,0.278936309503648,scr2002,avaStIn,bevFrtRoadLight
BG,h1671,0.28525649117608465,scr2002,avaStIn,bevFrtRoadLight
BG,h1672,0.33100477113297455,scr2002,avaStIn,bevFrtRoadLight
BG,h1673,0.3951643597987161,scr2002,avaStIn,bevFrtRoadLight
BG,h1674,0.46644985491696445,scr2002,avaStIn,bevFrtRoadLight
BG,h1675,0.5302489042156142,scr2002,avaStIn,bevFrtRoadLight
BG,h1676,0.5770673902258092,scr2002,avaStIn,bevFrtRoadLight
BG,h1677,0.5986769755958498,scr2002,avaStIn,bevFrtRoadLight
BG,h1678,0.6016883948095747,scr2002,avaStIn,bevFrtRoadLight
BG,h1679,0.5924055260109063,scr2002,avaStIn,bevFrtRoadLight
BG,h1680,0.5774847836798132,scr2002,avaStIn,bevFrtRoadLight
BG,h1681,0.5517773619954187,scr2002,avaStIn,bevFrtRoadLight
BG,h1682,0.5248358437172166,scr2002,avaStIn,bevFrtRoadLight
BG,h1683,0.5002557267591349,scr2002,avaStIn,bevFrtRoadLight
BG,h1684,0.4779833592811431,scr2002,avaStIn,bevFrtRoadLight
BG,h1685,0.45518876455881485,scr2002,avaStIn,bevFrtRoadLight
BG,h1686,0.43596244051473665,scr2002,avaStIn,bevFrtRoadLight
BG,h1687,0.4287672948543091,scr2002,avaStIn,bevFrtRoadLight
BG,h1688,0.4310449118345231,scr2002,avaStIn,bevFrtRoadLight
BG,h1689,0.43651906754470926,scr2002,avaStIn,bevFrtRoadLight
BG,h1690,0.42784196327677315,scr2002,avaStIn,bevFrtRoadLight
BG,h1691,0.40165285769436365,scr2002,avaStIn,bevFrtRoadLight
BG,h1692,0.3554492048303812,scr2002,avaStIn,bevFrtRoadLight
BG,h1693,0.30743387757687923,scr2002,avaStIn,bevFrtRoadLight
BG,h1694,0.278936309503648,scr2002,avaStIn,bevFrtRoadLight
BG,h1695,0.28525649117608465,scr2002,avaStIn,bevFrtRoadLight
BG,h1696,0.33100477113297455,scr2002,avaStIn,bevFrtRoadLight
BG,h1697,0.3951643597987161,scr2002,avaStIn,bevFrtRoadLight
BG,h1698,0.46644985491696445,scr2002,avaStIn,bevFrtRoadLight
BG,h1699,0.5302489042156142,scr2002,avaStIn,bevFrtRoadLight
BG,h1700,0.5770673902258092,scr2002,avaStIn,bevFrtRoadLight
BG,h1701,0.5986769755958498,scr2002,avaStIn,bevFrtRoadLight
BG,h1702,0.6016883948095747,scr2002,avaStIn,bevFrtRoadLight
BG,h1703,0.5924055260109063,scr2002,avaStIn,bevFrtRoadLight
BG,h1704,0.5774847836798132,scr2002,avaStIn,bevFrtRoadLight
BG,h1705,0.509038057831711,scr2002,avaStIn,bevFrtRoadLight
BG,h1706,0.45316073221470254,scr2002,avaStIn,bevFrtRoadLight
BG,h1707,0.4106293035759673,scr2002,avaStIn,bevFrtRoadLight
BG,h1708,0.4302562346105031,scr2002,avaStIn,bevFrtRoadLight
BG,h1709,0.4411964644145132,scr2002,avaStIn,bevFrtRoadLight
BG,h1710,0.45751109901302867,scr2002,avaStIn,bevFrtRoadLight
BG,h1711,0.48871757217710954,scr2002,avaStIn,bevFrtRoadLight
BG,h1712,0.5314509691002262,scr2002,avaStIn,bevFrtRoadLight
BG,h1713,0.5711878747561929,scr2002,avaStIn,bevFrtRoadLight
BG,h1714,0.5980939691710526,scr2002,avaStIn,bevFrtRoadLight
BG,h1715,0.608394034195855,scr2002,avaStIn,bevFrtRoadLight
BG,h1716,0.6010568773540479,scr2002,avaStIn,bevFrtRoadLight
BG,h1717,0.5764247164288175,scr2002,avaStIn,bevFrtRoadLight
BG,h1718,0.5401459054358786,scr2002,avaStIn,bevFrtRoadLight
BG,h1719,0.4982672792884357,scr2002,avaStIn,bevFrtRoadLight
BG,h1720,0.4574139907405833,scr2002,avaStIn,bevFrtRoadLight
BG,h1721,0.42470386872332366,scr2002,avaStIn,bevFrtRoadLight
BG,h1722,0.4070105681582177,scr2002,avaStIn,bevFrtRoadLight
BG,h1723,0.3993554704479094,scr2002,avaStIn,bevFrtRoadLight
BG,h1724,0.3942528360151184,scr2002,avaStIn,bevFrtRoadLight
BG,h1725,0.3809841238928826,scr2002,avaStIn,bevFrtRoadLight
BG,h1726,0.3497784944040866,scr2002,avaStIn,bevFrtRoadLight
BG,h1727,0.3123069662403203,scr2002,avaStIn,bevFrtRoadLight
BG,h1728,0.2821792829284123,scr2002,avaStIn,bevFrtRoadLight
BG,h1729,0.3106843918239848,scr2002,avaStIn,bevFrtRoadLight
BG,h1730,0.35866299968064763,scr2002,avaStIn,bevFrtRoadLight
BG,h1731,0.4106293035759673,scr2002,avaStIn,bevFrtRoadLight
BG,h1732,0.4302562346105031,scr2002,avaStIn,bevFrtRoadLight
BG,h1733,0.4411964644145132,scr2002,avaStIn,bevFrtRoadLight
BG,h1734,0.45751109901302867,scr2002,avaStIn,bevFrtRoadLight
BG,h1735,0.48871757217710954,scr2002,avaStIn,bevFrtRoadLight
BG,h1736,0.5314509691002262,scr2002,avaStIn,bevFrtRoadLight
BG,h1737,0.5711878747561929,scr2002,avaStIn,bevFrtRoadLight
BG,h1738,0.5980939691710526,scr2002,avaStIn,bevFrtRoadLight
BG,h1739,0.608394034195855,scr2002,avaStIn,bevFrtRoadLight
BG,h1740,0.6010568773540479,scr2002,avaStIn,bevFrtRoadLight
BG,h1741,0.5764247164288175,scr2002,avaStIn,bevFrtRoadLight
BG,h1742,0.5401459054358786,scr2002,avaStIn,bevFrtRoadLight
BG,h1743,0.4982672792884357,scr2002,avaStIn,bevFrtRoadLight
BG,h1744,0.4574139907405833,scr2002,avaStIn,bevFrtRoadLight
BG,h1745,0.42470386872332366,scr2002,avaStIn,bevFrtRoadLight
BG,h1746,0.4070105681582177,scr2002,avaStIn,bevFrtRoadLight
BG,h1747,0.3993554704479094,scr2002,avaStIn,bevFrtRoadLight
BG,h1748,0.3942528360151184,scr2002,avaStIn,bevFrtRoadLight
BG,h1749,0.3809841238928826,scr2002,avaStIn,bevFrtRoadLight
BG,h1750,0.3497784944040866,scr2002,avaStIn,bevFrtRoadLight
BG,h1751,0.3123069662403203,scr2002,avaStIn,bevFrtRoadLight
BG,h1752,0.2821792829284123,scr2002,avaStIn,bevFrtRoadLight
BG,h1753,0.3106843918239848,scr2002,avaStIn,bevFrtRoadLight
BG,h1754,0.35866299968064763,scr2002,avaStIn,bevFrtRoadLight
BG,h1755,0.4106293035759673,scr2002,avaStIn,bevFrtRoadLight
BG,h1756,0.4302562346105031,scr2002,avaStIn,bevFrtRoadLight
BG,h1757,0.4411964644145132,scr2002,avaStIn,bevFrtRoadLight
BG,h1758,0.45751109901302867,scr2002,avaStIn,bevFrtRoadLight
BG,h1759,0.48871757217710954,scr2002,avaStIn,bevFrtRoadLight
BG,h1760,0.5314509691002262,scr2002,avaStIn,bevFrtRoadLight
BG,h1761,0.5711878747561929,scr2002,avaStIn,bevFrtRoadLight
BG,h1762,0.5980939691710526,scr2002,avaStIn,bevFrtRoadLight
BG,h1763,0.608394034195855,scr2002,avaStIn,bevFrtRoadLight
BG,h1764,0.6010568773540479,scr2002,avaStIn,bevFrtRoadLight
BG,h1765,0.5764247164288175,scr2002,avaStIn,bevFrtRoadLight
BG,h1766,0.5401459054358786,scr2002,avaStIn,bevFrtRoadLight
BG,h1767,0.4982672792884357,scr2002,avaStIn,bevFrtRoadLight
BG,h1768,0.4574139907405833,scr2002,avaStIn,bevFrtRoadLight
BG,h1769,0.42470386872332366,scr2002,avaStIn,bevFrtRoadLight
BG,h1770,0.4070105681582177,scr2002,avaStIn,bevFrtRoadLight
BG,h1771,0.3993554704479094,scr2002,avaStIn,bevFrtRoadLight
BG,h1772,0.3942528360151184,scr2002,avaStIn,bevFrtRoadLight
BG,h1773,0.3809841238928826,scr2002,avaStIn,bevFrtRoadLight
BG,h1774,0.3497784944040866,scr2002,avaStIn,bevFrtRoadLight
BG,h1775,0.3123069662403203,scr2002,avaStIn,bevFrtRoadLight
BG,h1776,0.2821792829284123,scr2002,avaStIn,bevFrtRoadLight
BG,h1777,0.230095162221032,scr2002,avaStIn,bevFrtRoadLight
BG,h1778,0.2300917975935889,scr2002,avaStIn,bevFrtRoadLight
BG,h1779,0.27148343409663167,scr2002,avaStIn,bevFrtRoadLight
BG,h1780,0.3790725700696759,scr2002,avaStIn,bevFrtRoadLight
BG,h1781,0.4623404992613247,scr2002,avaStIn,bevFrtRoadLight
BG,h1782,0.5259162274800008,scr2002,avaStIn,bevFrtRoadLight
BG,h1783,0.5772992909654577,scr2002,avaStIn,bevFrtRoadLight
BG,h1784,0.6171735770568829,scr2002,avaStIn,bevFrtRoadLight
BG,h1785,0.6409152522621753,scr2002,avaStIn,bevFrtRoadLight
BG,h1786,0.6489166669999998,scr2002,avaStIn,bevFrtRoadLight
BG,h1787,0.6400350534574337,scr2002,avaStIn,bevFrtRoadLight
BG,h1788,0.61588415769173,scr2002,avaStIn,bevFrtRoadLight
BG,h1789,0.5753501172674538,scr2002,avaStIn,bevFrtRoadLight
BG,h1790,0.5273486726990765,scr2002,avaStIn,bevFrtRoadLight
BG,h1791,0.47682400205808595,scr2002,avaStIn,bevFrtRoadLight
BG,h1792,0.4288063768750643,scr2002,avaStIn,bevFrtRoadLight
BG,h1793,0.39374570481652504,scr2002,avaStIn,bevFrtRoadLight
BG,h1794,0.3749031506247579,scr2002,avaStIn,bevFrtRoadLight
BG,h1795,0.37209330121313167,scr2002,avaStIn,bevFrtRoadLight
BG,h1796,0.36873105182903665,scr2002,avaStIn,bevFrtRoadLight
BG,h1797,0.3543630997986469,scr2002,avaStIn,bevFrtRoadLight
BG,h1798,0.3154781828948128,scr2002,avaStIn,bevFrtRoadLight
BG,h1799,0.27112993299959987,scr2002,avaStIn,bevFrtRoadLight
BG,h1800,0.2381911639591776,scr2002,avaStIn,bevFrtRoadLight
BG,h1801,0.20075744833264675,scr2002,avaStIn,bevFrtRoadLight
BG,h1802,0.21575624655576675,scr2002,avaStIn,bevFrtRoadLight
BG,h1803,0.27148343409663167,scr2002,avaStIn,bevFrtRoadLight
BG,h1804,0.3790725700696759,scr2002,avaStIn,bevFrtRoadLight
BG,h1805,0.4623404992613247,scr2002,avaStIn,bevFrtRoadLight
BG,h1806,0.5259162274800008,scr2002,avaStIn,bevFrtRoadLight
BG,h1807,0.5772992909654577,scr2002,avaStIn,bevFrtRoadLight
BG,h1808,0.6171735770568829,scr2002,avaStIn,bevFrtRoadLight
BG,h1809,0.6409152522621753,scr2002,avaStIn,bevFrtRoadLight
BG,h1810,0.6489166669999998,scr2002,avaStIn,bevFrtRoadLight
BG,h1811,0.6400350534574337,scr2002,avaStIn,bevFrtRoadLight
BG,h1812,0.61588415769173,scr2002,avaStIn,bevFrtRoadLight
BG,h1813,0.5753501172674538,scr2002,avaStIn,bevFrtRoadLight
BG,h1814,0.5273486726990765,scr2002,avaStIn,bevFrtRoadLight
BG,h1815,0.47682400205808595,scr2002,avaStIn,bevFrtRoadLight
BG,h1816,0.4288063768750643,scr2002,avaStIn,bevFrtRoadLight
BG,h1817,0.39374570481652504,scr2002,avaStIn,bevFrtRoadLight
BG,h1818,0.3749031506247579,scr2002,avaStIn,bevFrtRoadLight
BG,h1819,0.37209330121313167,scr2002,avaStIn,bevFrtRoadLight
BG,h1820,0.36873105182903665,scr2002,avaStIn,bevFrtRoadLight
BG,h1821,0.3543630997986469,scr2002,avaStIn,bevFrtRoadLight
BG,h1822,0.3154781828948128,scr2002,avaStIn,bevFrtRoadLight
BG,h1823,0.27112993299959987,scr2002,avaStIn,bevFrtRoadLight
BG,h1824,0.2381911639591776,scr2002,avaStIn,bevFrtRoadLight
BG,h1825,0.28388199759953203,scr2002,avaStIn,bevFrtRoadLight
BG,h1826,0.34615260530650627,scr2002,avaStIn,bevFrtRoadLight
BG,h1827,0.4106293035759673,scr2002,avaStIn,bevFrtRoadLight
BG,h1828,0.4302562346105031,scr2002,avaStIn,bevFrtRoadLight
BG,h1829,0.4411964644145132,scr2002,avaStIn,bevFrtRoadLight
BG,h1830,0.45751109901302867,scr2002,avaStIn,bevFrtRoadLight
BG,h1831,0.48871757217710954,scr2002,avaStIn,bevFrtRoadLight
BG,h1832,0.5314509691002262,scr2002,avaStIn,bevFrtRoadLight
BG,h1833,0.5711878747561929,scr2002,avaStIn,bevFrtRoadLight
BG,h1834,0.5980939691710526,scr2002,avaStIn,bevFrtRoadLight
BG,h1835,0.608394034195855,scr2002,avaStIn,bevFrtRoadLight
BG,h1836,0.6010568773540479,scr2002,avaStIn,bevFrtRoadLight
BG,h1837,0.5764247164288175,scr2002,avaStIn,bevFrtRoadLight
BG,h1838,0.5401459054358786,scr2002,avaStIn,bevFrtRoadLight
BG,h1839,0.4982672792884357,scr2002,avaStIn,bevFrtRoadLight
BG,h1840,0.4574139907405833,scr2002,avaStIn,bevFrtRoadLight
BG,h1841,0.42470386872332366,scr2002,avaStIn,bevFrtRoadLight
BG,h1842,0.4070105681582177,scr2002,avaStIn,bevFrtRoadLight
BG,h1843,0.3993554704479094,scr2002,avaStIn,bevFrtRoadLight
BG,h1844,0.3942528360151184,scr2002,avaStIn,bevFrtRoadLight
BG,h1845,0.3809841238928826,scr2002,avaStIn,bevFrtRoadLight
BG,h1846,0.3497784944040866,scr2002,avaStIn,bevFrtRoadLight
BG,h1847,0.3123069662403203,scr2002,avaStIn,bevFrtRoadLight
BG,h1848,0.2821792829284123,scr2002,avaStIn,bevFrtRoadLight
BG,h1849,0.3106843918239848,scr2002,avaStIn,bevFrtRoadLight
BG,h1850,0.35866299968064763,scr2002,avaStIn,bevFrtRoadLight
BG,h1851,0.4106293035759673,scr2002,avaStIn,bevFrtRoadLight
BG,h1852,0.4302562346105031,scr2002,avaStIn,bevFrtRoadLight
BG,h1853,0.4411964644145132,scr2002,avaStIn,bevFrtRoadLight
BG,h1854,0.45751109901302867,scr2002,avaStIn,bevFrtRoadLight
BG,h1855,0.48871757217710954,scr2002,avaStIn,bevFrtRoadLight
BG,h1856,0.5314509691002262,scr2002,avaStIn,bevFrtRoadLight
BG,h1857,0.5711878747561929,scr2002,avaStIn,bevFrtRoadLight
BG,h1858,0.5980939691710526,scr2002,avaStIn,bevFrtRoadLight
BG,h1859,0.608394034195855,scr2002,avaStIn,bevFrtRoadLight
BG,h1860,0.6010568773540479,scr2002,avaStIn,bevFrtRoadLight
BG,h1861,0.5764247164288175,scr2002,avaStIn,bevFrtRoadLight
BG,h1862,0.5401459054358786,scr2002,avaStIn,bevFrtRoadLight
BG,h1863,0.4982672792884357,scr2002,avaStIn,bevFrtRoadLight
BG,h1864,0.4574139907405833,scr2002,avaStIn,bevFrtRoadLight
BG,h1865,0.42470386872332366,scr2002,avaStIn,bevFrtRoadLight
BG,h1866,0.4070105681582177,scr2002,avaStIn,bevFrtRoadLight
BG,h1867,0.3993554704479094,scr2002,avaStIn,bevFrtRoadLight
BG,h1868,0.3942528360151184,scr2002,avaStIn,bevFrtRoadLight
BG,h1869,0.3809841238928826,scr2002,avaStIn,bevFrtRoadLight
BG,h1870,0.3497784944040866,scr2002,avaStIn,bevFrtRoadLight
BG,h1871,0.3123069662403203,scr2002,avaStIn,bevFrtRoadLight
BG,h1872,0.2821792829284123,scr2002,avaStIn,bevFrtRoadLight
BG,h1873,0.3106843918239848,scr2002,avaStIn,bevFrtRoadLight
BG,h1874,0.35866299968064763,scr2002,avaStIn,bevFrtRoadLight
BG,h1875,0.4106293035759673,scr2002,avaStIn,bevFrtRoadLight
BG,h1876,0.4302562346105031,scr2002,avaStIn,bevFrtRoadLight
BG,h1877,0.4411964644145132,scr2002,avaStIn,bevFrtRoadLight
BG,h1878,0.45751109901302867,scr2002,avaStIn,bevFrtRoadLight
BG,h1879,0.48871757217710954,scr2002,avaStIn,bevFrtRoadLight
BG,h1880,0.5314509691002262,scr2002,avaStIn,bevFrtRoadLight
BG,h1881,0.5711878747561929,scr2002,avaStIn,bevFrtRoadLight
BG,h1882,0.5980939691710526,scr2002,avaStIn,bevFrtRoadLight
BG,h1883,0.608394034195855,scr2002,avaStIn,bevFrtRoadLight
BG,h1884,0.6010568773540479,scr2002,avaStIn,bevFrtRoadLight
BG,h1885,0.5764247164288175,scr2002,avaStIn,bevFrtRoadLight
BG,h1886,0.5401459054358786,scr2002,avaStIn,bevFrtRoadLight
BG,h1887,0.4982672792884357,scr2002,avaStIn,bevFrtRoadLight
BG,h1888,0.4574139907405833,scr2002,avaStIn,bevFrtRoadLight
BG,h1889,0.42470386872332366,scr2002,avaStIn,bevFrtRoadLight
BG,h1890,0.4070105681582177,scr2002,avaStIn,bevFrtRoadLight
BG,h1891,0.3993554704479094,scr2002,avaStIn,bevFrtRoadLight
BG,h1892,0.3942528360151184,scr2002,avaStIn,bevFrtRoadLight
BG,h1893,0.3809841238928826,scr2002,avaStIn,bevFrtRoadLight
BG,h1894,0.3497784944040866,scr2002,avaStIn,bevFrtRoadLight
BG,h1895,0.3123069662403203,scr2002,avaStIn,bevFrtRoadLight
BG,h1896,0.2821792829284123,scr2002,avaStIn,bevFrtRoadLight
BG,h1897,0.3106843918239848,scr2002,avaStIn,bevFrtRoadLight
BG,h1898,0.35866299968064763,scr2002,avaStIn,bevFrtRoadLight
BG,h1899,0.4106293035759673,scr2002,avaStIn,bevFrtRoadLight
BG,h1900,0.4302562346105031,scr2002,avaStIn,bevFrtRoadLight
BG,h1901,0.4411964644145132,scr2002,avaStIn,bevFrtRoadLight
BG,h1902,0.45751109901302867,scr2002,avaStIn,bevFrtRoadLight
BG,h1903,0.48871757217710954,scr2002,avaStIn,bevFrtRoadLight
BG,h1904,0.5314509691002262,scr2002,avaStIn,bevFrtRoadLight
BG,h1905,0.5711878747561929,scr2002,avaStIn,bevFrtRoadLight
BG,h1906,0.5980939691710526,scr2002,avaStIn,bevFrtRoadLight
BG,h1907,0.608394034195855,scr2002,avaStIn,bevFrtRoadLight
BG,h1908,0.6010568773540479,scr2002,avaStIn,bevFrtRoadLight
BG,h1909,0.5764247164288175,scr2002,avaStIn,bevFrtRoadLight
BG,h1910,0.5401459054358786,scr2002,avaStIn,bevFrtRoadLight
BG,h1911,0.4982672792884357,scr2002,avaStIn,bevFrtRoadLight
BG,h1912,0.4574139907405833,scr2002,avaStIn,bevFrtRoadLight
BG,h1913,0.42470386872332366,scr2002,avaStIn,bevFrtRoadLight
BG,h1914,0.4070105681582177,scr2002,avaStIn,bevFrtRoadLight
BG,h1915,0.3993554704479094,scr2002,avaStIn,bevFrtRoadLight
BG,h1916,0.3942528360151184,scr2002,avaStIn,bevFrtRoadLight
BG,h1917,0.3809841238928826,scr2002,avaStIn,bevFrtRoadLight
BG,h1918,0.3497784944040866,scr2002,avaStIn,bevFrtRoadLight
BG,h1919,0.3123069662403203,scr2002,avaStIn,bevFrtRoadLight
BG,h1920,0.2821792829284123,scr2002,avaStIn,bevFrtRoadLight
BG,h1921,0.3106843918239848,scr2002,avaStIn,bevFrtRoadLight
BG,h1922,0.35866299968064763,scr2002,avaStIn,bevFrtRoadLight
BG,h1923,0.4106293035759673,scr2002,avaStIn,bevFrtRoadLight
BG,h1924,0.4302562346105031,scr2002,avaStIn,bevFrtRoadLight
BG,h1925,0.4411964644145132,scr2002,avaStIn,bevFrtRoadLight
BG,h1926,0.45751109901302867,scr2002,avaStIn,bevFrtRoadLight
BG,h1927,0.48871757217710954,scr2002,avaStIn,bevFrtRoadLight
BG,h1928,0.5314509691002262,scr2002,avaStIn,bevFrtRoadLight
BG,h1929,0.5711878747561929,scr2002,avaStIn,bevFrtRoadLight
BG,h1930,0.5980939691710526,scr2002,avaStIn,bevFrtRoadLight
BG,h1931,0.608394034195855,scr2002,avaStIn,bevFrtRoadLight
BG,h1932,0.6010568773540479,scr2002,avaStIn,bevFrtRoadLight
BG,h1933,0.5764247164288175,scr2002,avaStIn,bevFrtRoadLight
BG,h1934,0.5401459054358786,scr2002,avaStIn,bevFrtRoadLight
BG,h1935,0.4982672792884357,scr2002,avaStIn,bevFrtRoadLight
BG,h1936,0.4574139907405833,scr2002,avaStIn,bevFrtRoadLight
BG,h1937,0.42470386872332366,scr2002,avaStIn,bevFrtRoadLight
BG,h1938,0.4070105681582177,scr2002,avaStIn,bevFrtRoadLight
BG,h1939,0.3993554704479094,scr2002,avaStIn,bevFrtRoadLight
BG,h1940,0.3942528360151184,scr2002,avaStIn,bevFrtRoadLight
BG,h1941,0.3809841238928826,scr2002,avaStIn,bevFrtRoadLight
BG,h1942,0.3497784944040866,scr2002,avaStIn,bevFrtRoadLight
BG,h1943,0.3123069662403203,scr2002,avaStIn,bevFrtRoadLight
BG,h1944,0.2821792829284123,scr2002,avaStIn,bevFrtRoadLight
BG,h1945,0.230095162221032,scr2002,avaStIn,bevFrtRoadLight
BG,h1946,0.2300917975935889,scr2002,avaStIn,bevFrtRoadLight
BG,h1947,0.27148343409663167,scr2002,avaStIn,bevFrtRoadLight
BG,h1948,0.3790725700696759,scr2002,avaStIn,bevFrtRoadLight
BG,h1949,0.4623404992613247,scr2002,avaStIn,bevFrtRoadLight
BG,h1950,0.5259162274800008,scr2002,avaStIn,bevFrtRoadLight
BG,h1951,0.5772992909654577,scr2002,avaStIn,bevFrtRoadLight
BG,h1952,0.6171735770568829,scr2002,avaStIn,bevFrtRoadLight
BG,h1953,0.6409152522621753,scr2002,avaStIn,bevFrtRoadLight
BG,h1954,0.6489166669999998,scr2002,avaStIn,bevFrtRoadLight
BG,h1955,0.6400350534574337,scr2002,avaStIn,bevFrtRoadLight
BG,h1956,0.61588415769173,scr2002,avaStIn,bevFrtRoadLight
BG,h1957,0.5753501172674538,scr2002,avaStIn,bevFrtRoadLight
BG,h1958,0.5273486726990765,scr2002,avaStIn,bevFrtRoadLight
BG,h1959,0.47682400205808595,scr2002,avaStIn,bevFrtRoadLight
BG,h1960,0.4288063768750643,scr2002,avaStIn,bevFrtRoadLight
BG,h1961,0.39374570481652504,scr2002,avaStIn,bevFrtRoadLight
BG,h1962,0.3749031506247579,scr2002,avaStIn,bevFrtRoadLight
BG,h1963,0.37209330121313167,scr2002,avaStIn,bevFrtRoadLight
BG,h1964,0.36873105182903665,scr2002,avaStIn,bevFrtRoadLight
BG,h1965,0.3543630997986469,scr2002,avaStIn,bevFrtRoadLight
BG,h1966,0.3154781828948128,scr2002,avaStIn,bevFrtRoadLight
BG,h1967,0.27112993299959987,scr2002,avaStIn,bevFrtRoadLight
BG,h1968,0.2381911639591776,scr2002,avaStIn,bevFrtRoadLight
BG,h1969,0.20075744833264675,scr2002,avaStIn,bevFrtRoadLight
BG,h1970,0.21575624655576675,scr2002,avaStIn,bevFrtRoadLight
BG,h1971,0.27148343409663167,scr2002,avaStIn,bevFrtRoadLight
BG,h1972,0.3790725700696759,scr2002,avaStIn,bevFrtRoadLight
BG,h1973,0.4623404992613247,scr2002,avaStIn,bevFrtRoadLight
BG,h1974,0.5259162274800008,scr2002,avaStIn,bevFrtRoadLight
BG,h1975,0.5772992909654577,scr2002,avaStIn,bevFrtRoadLight
BG,h1976,0.6171735770568829,scr2002,avaStIn,bevFrtRoadLight
BG,h1977,0.6409152522621753,scr2002,avaStIn,bevFrtRoadLight
BG,h1978,0.6489166669999998,scr2002,avaStIn,bevFrtRoadLight
BG,h1979,0.6400350534574337,scr2002,avaStIn,bevFrtRoadLight
BG,h1980,0.61588415769173,scr2002,avaStIn,bevFrtRoadLight
BG,h1981,0.5753501172674538,scr2002,avaStIn,bevFrtRoadLight
BG,h1982,0.5273486726990765,scr2002,avaStIn,bevFrtRoadLight
BG,h1983,0.47682400205808595,scr2002,avaStIn,bevFrtRoadLight
BG,h1984,0.4288063768750643,scr2002,avaStIn,bevFrtRoadLight
BG,h1985,0.39374570481652504,scr2002,avaStIn,bevFrtRoadLight
BG,h1986,0.3749031506247579,scr2002,avaStIn,bevFrtRoadLight
BG,h1987,0.37209330121313167,scr2002,avaStIn,bevFrtRoadLight
BG,h1988,0.36873105182903665,scr2002,avaStIn,bevFrtRoadLight
BG,h1989,0.3543630997986469,scr2002,avaStIn,bevFrtRoadLight
BG,h1990,0.3154781828948128,scr2002,avaStIn,bevFrtRoadLight
BG,h1991,0.27112993299959987,scr2002,avaStIn,bevFrtRoadLight
BG,h1992,0.2381911639591776,scr2002,avaStIn,bevFrtRoadLight
BG,h1993,0.28388199759953203,scr2002,avaStIn,bevFrtRoadLight
BG,h1994,0.34615260530650627,scr2002,avaStIn,bevFrtRoadLight
BG,h1995,0.4106293035759673,scr2002,avaStIn,bevFrtRoadLight
BG,h1996,0.4302562346105031,scr2002,avaStIn,bevFrtRoadLight
BG,h1997,0.4411964644145132,scr2002,avaStIn,bevFrtRoadLight
BG,h1998,0.45751109901302867,scr2002,avaStIn,bevFrtRoadLight
BG,h1999,0.48871757217710954,scr2002,avaStIn,bevFrtRoadLight
BG,h2000,0.5314509691002262,scr2002,avaStIn,bevFrtRoadLight
BG,h2001,0.5711878747561929,scr2002,avaStIn,bevFrtRoadLight
BG,h2002,0.5980939691710526,scr2002,avaStIn,bevFrtRoadLight
BG,h2003,0.608394034195855,scr2002,avaStIn,bevFrtRoadLight
BG,h2004,0.6010568773540479,scr2002,avaStIn,bevFrtRoadLight
BG,h2005,0.5764247164288175,scr2002,avaStIn,bevFrtRoadLight
BG,h2006,0.5401459054358786,scr2002,avaStIn,bevFrtRoadLight
BG,h2007,0.4982672792884357,scr2002,avaStIn,bevFrtRoadLight
BG,h2008,0.4574139907405833,scr2002,avaStIn,bevFrtRoadLight
BG,h2009,0.42470386872332366,scr2002,avaStIn,bevFrtRoadLight
BG,h2010,0.4070105681582177,scr2002,avaStIn,bevFrtRoadLight
BG,h2011,0.3993554704479094,scr2002,avaStIn,bevFrtRoadLight
BG,h2012,0.3942528360151184,scr2002,avaStIn,bevFrtRoadLight
BG,h2013,0.3809841238928826,scr2002,avaStIn,bevFrtRoadLight
BG,h2014,0.3497784944040866,scr2002,avaStIn,bevFrtRoadLight
BG,h2015,0.3123069662403203,scr2002,avaStIn,bevFrtRoadLight
BG,h2016,0.2821792829284123,scr2002,avaStIn,bevFrtRoadLight
BG,h2017,0.3072840894621327,scr2002,avaStIn,bevFrtRoadLight
BG,h2018,0.33666905394072466,scr2002,avaStIn,bevFrtRoadLight
BG,h2019,0.36655496485550265,scr2002,avaStIn,bevFrtRoadLight
BG,h2020,0.3745731212047183,scr2002,avaStIn,bevFrtRoadLight
BG,h2021,0.4026088526762964,scr2002,avaStIn,bevFrtRoadLight
BG,h2022,0.44640061438376677,scr2002,avaStIn,bevFrtRoadLight
BG,h2023,0.4973037920546317,scr2002,avaStIn,bevFrtRoadLight
BG,h2024,0.5420216950586382,scr2002,avaStIn,bevFrtRoadLight
BG,h2025,0.5736954068525849,scr2002,avaStIn,bevFrtRoadLight
BG,h2026,0.5880342997851788,scr2002,avaStIn,bevFrtRoadLight
BG,h2027,0.5918947845476326,scr2002,avaStIn,bevFrtRoadLight
BG,h2028,0.5837522950091351,scr2002,avaStIn,bevFrtRoadLight
BG,h2029,0.566630011228302,scr2002,avaStIn,bevFrtRoadLight
BG,h2030,0.5326460205473856,scr2002,avaStIn,bevFrtRoadLight
BG,h2031,0.48334141219508586,scr2002,avaStIn,bevFrtRoadLight
BG,h2032,0.4237800531764452,scr2002,avaStIn,bevFrtRoadLight
BG,h2033,0.3668064382544399,scr2002,avaStIn,bevFrtRoadLight
BG,h2034,0.33858624085132816,scr2002,avaStIn,bevFrtRoadLight
BG,h2035,0.33981235579051505,scr2002,avaStIn,bevFrtRoadLight
BG,h2036,0.3644150552627201,scr2002,avaStIn,bevFrtRoadLight
BG,h2037,0.39407002810213865,scr2002,avaStIn,bevFrtRoadLight
BG,h2038,0.4100441996396512,scr2002,avaStIn,bevFrtRoadLight
BG,h2039,0.41244752514225314,scr2002,avaStIn,bevFrtRoadLight
BG,h2040,0.3977671810575979,scr2002,avaStIn,bevFrtRoadLight
BG,h2041,0.3840802424090224,scr2002,avaStIn,bevFrtRoadLight
BG,h2042,0.37136048642151265,scr2002,avaStIn,bevFrtRoadLight
BG,h2043,0.36655496485550265,scr2002,avaStIn,bevFrtRoadLight
BG,h2044,0.3745731212047183,scr2002,avaStIn,bevFrtRoadLight
BG,h2045,0.4026088526762964,scr2002,avaStIn,bevFrtRoadLight
BG,h2046,0.44640061438376677,scr2002,avaStIn,bevFrtRoadLight
BG,h2047,0.4973037920546317,scr2002,avaStIn,bevFrtRoadLight
BG,h2048,0.5420216950586382,scr2002,avaStIn,bevFrtRoadLight
BG,h2049,0.5736954068525849,scr2002,avaStIn,bevFrtRoadLight
BG,h2050,0.5880342997851788,scr2002,avaStIn,bevFrtRoadLight
BG,h2051,0.5918947845476326,scr2002,avaStIn,bevFrtRoadLight
BG,h2052,0.5837522950091351,scr2002,avaStIn,bevFrtRoadLight
BG,h2053,0.566630011228302,scr2002,avaStIn,bevFrtRoadLight
BG,h2054,0.5326460205473856,scr2002,avaStIn,bevFrtRoadLight
BG,h2055,0.48334141219508586,scr2002,avaStIn,bevFrtRoadLight
BG,h2056,0.4237800531764452,scr2002,avaStIn,bevFrtRoadLight
BG,h2057,0.3668064382544399,scr2002,avaStIn,bevFrtRoadLight
BG,h2058,0.33858624085132816,scr2002,avaStIn,bevFrtRoadLight
BG,h2059,0.33981235579051505,scr2002,avaStIn,bevFrtRoadLight
BG,h2060,0.3644150552627201,scr2002,avaStIn,bevFrtRoadLight
BG,h2061,0.39407002810213865,scr2002,avaStIn,bevFrtRoadLight
BG,h2062,0.4100441996396512,scr2002,avaStIn,bevFrtRoadLight
BG,h2063,0.41244752514225314,scr2002,avaStIn,bevFrtRoadLight
BG,h2064,0.3977671810575979,scr2002,avaStIn,bevFrtRoadLight
BG,h2065,0.3840802424090224,scr2002,avaStIn,bevFrtRoadLight
BG,h2066,0.37136048642151265,scr2002,avaStIn,bevFrtRoadLight
BG,h2067,0.36655496485550265,scr2002,avaStIn,bevFrtRoadLight
BG,h2068,0.3745731212047183,scr2002,avaStIn,bevFrtRoadLight
BG,h2069,0.4026088526762964,scr2002,avaStIn,bevFrtRoadLight
BG,h2070,0.44640061438376677,scr2002,avaStIn,bevFrtRoadLight
BG,h2071,0.4973037920546317,scr2002,avaStIn,bevFrtRoadLight
BG,h2072,0.5420216950586382,scr2002,avaStIn,bevFrtRoadLight
BG,h2073,0.5736954068525849,scr2002,avaStIn,bevFrtRoadLight
BG,h2074,0.5880342997851788,scr2002,avaStIn,bevFrtRoadLight
BG,h2075,0.5918947845476326,scr2002,avaStIn,bevFrtRoadLight
BG,h2076,0.5837522950091351,scr2002,avaStIn,bevFrtRoadLight
BG,h2077,0.566630011228302,scr2002,avaStIn,bevFrtRoadLight
BG,h2078,0.5326460205473856,scr2002,avaStIn,bevFrtRoadLight
BG,h2079,0.48334141219508586,scr2002,avaStIn,bevFrtRoadLight
BG,h2080,0.4237800531764452,scr2002,avaStIn,bevFrtRoadLight
BG,h2081,0.3668064382544399,scr2002,avaStIn,bevFrtRoadLight
BG,h2082,0.33858624085132816,scr2002,avaStIn,bevFrtRoadLight
BG,h2083,0.33981235579051505,scr2002,avaStIn,bevFrtRoadLight
BG,h2084,0.3644150552627201,scr2002,avaStIn,bevFrtRoadLight
BG,h2085,0.39407002810213865,scr2002,avaStIn,bevFrtRoadLight
BG,h2086,0.4100441996396512,scr2002,avaStIn,bevFrtRoadLight
BG,h2087,0.41244752514225314,scr2002,avaStIn,bevFrtRoadLight
BG,h2088,0.3977671810575979,scr2002,avaStIn,bevFrtRoadLight
BG,h2089,0.3840802424090224,scr2002,avaStIn,bevFrtRoadLight
BG,h2090,0.37136048642151265,scr2002,avaStIn,bevFrtRoadLight
BG,h2091,0.36655496485550265,scr2002,avaStIn,bevFrtRoadLight
BG,h2092,0.3745731212047183,scr2002,avaStIn,bevFrtRoadLight
BG,h2093,0.4026088526762964,scr2002,avaStIn,bevFrtRoadLight
BG,h2094,0.44640061438376677,scr2002,avaStIn,bevFrtRoadLight
BG,h2095,0.4973037920546317,scr2002,avaStIn,bevFrtRoadLight
BG,h2096,0.5420216950586382,scr2002,avaStIn,bevFrtRoadLight
BG,h2097,0.5736954068525849,scr2002,avaStIn,bevFrtRoadLight
BG,h2098,0.5880342997851788,scr2002,avaStIn,bevFrtRoadLight
BG,h2099,0.5918947845476326,scr2002,avaStIn,bevFrtRoadLight
BG,h2100,0.5837522950091351,scr2002,avaStIn,bevFrtRoadLight
BG,h2101,0.566630011228302,scr2002,avaStIn,bevFrtRoadLight
BG,h2102,0.5326460205473856,scr2002,avaStIn,bevFrtRoadLight
BG,h2103,0.48334141219508586,scr2002,avaStIn,bevFrtRoadLight
BG,h2104,0.4237800531764452,scr2002,avaStIn,bevFrtRoadLight
BG,h2105,0.3668064382544399,scr2002,avaStIn,bevFrtRoadLight
BG,h2106,0.33858624085132816,scr2002,avaStIn,bevFrtRoadLight
BG,h2107,0.33981235579051505,scr2002,avaStIn,bevFrtRoadLight
BG,h2108,0.3644150552627201,scr2002,avaStIn,bevFrtRoadLight
BG,h2109,0.39407002810213865,scr2002,avaStIn,bevFrtRoadLight
BG,h2110,0.4100441996396512,scr2002,avaStIn,bevFrtRoadLight
BG,h2111,0.41244752514225314,scr2002,avaStIn,bevFrtRoadLight
BG,h2112,0.3977671810575979,scr2002,avaStIn,bevFrtRoadLight
BG,h2113,0.4215422859318668,scr2002,avaStIn,bevFrtRoadLight
BG,h2114,0.44561523253946533,scr2002,avaStIn,bevFrtRoadLight
BG,h2115,0.46890884939949806,scr2002,avaStIn,bevFrtRoadLight
BG,h2116,0.4606801828577375,scr2002,avaStIn,bevFrtRoadLight
BG,h2117,0.4598809008191356,scr2002,avaStIn,bevFrtRoadLight
BG,h2118,0.47373682010553864,scr2002,avaStIn,bevFrtRoadLight
BG,h2119,0.49837466067849223,scr2002,avaStIn,bevFrtRoadLight
BG,h2120,0.5249322712656334,scr2002,avaStIn,bevFrtRoadLight
BG,h2121,0.5295524702973696,scr2002,avaStIn,bevFrtRoadLight
BG,h2122,0.5237384833973733,scr2002,avaStIn,bevFrtRoadLight
BG,h2123,0.517462220076728,scr2002,avaStIn,bevFrtRoadLight
BG,h2124,0.5202231448594441,scr2002,avaStIn,bevFrtRoadLight
BG,h2125,0.5168074572603817,scr2002,avaStIn,bevFrtRoadLight
BG,h2126,0.4881087918461403,scr2002,avaStIn,bevFrtRoadLight
BG,h2127,0.4401501060096197,scr2002,avaStIn,bevFrtRoadLight
BG,h2128,0.3751810028677981,scr2002,avaStIn,bevFrtRoadLight
BG,h2129,0.3184738733356699,scr2002,avaStIn,bevFrtRoadLight
BG,h2130,0.2885496316681868,scr2002,avaStIn,bevFrtRoadLight
BG,h2131,0.2950430145218158,scr2002,avaStIn,bevFrtRoadLight
BG,h2132,0.3362350273761402,scr2002,avaStIn,bevFrtRoadLight
BG,h2133,0.3905257678468871,scr2002,avaStIn,bevFrtRoadLight
BG,h2134,0.4405757953478313,scr2002,avaStIn,bevFrtRoadLight
BG,h2135,0.4738121072088959,scr2002,avaStIn,bevFrtRoadLight
BG,h2136,0.4995552626921461,scr2002,avaStIn,bevFrtRoadLight
BG,h2137,0.5006979269249346,scr2002,avaStIn,bevFrtRoadLight
BG,h2138,0.49234384959123256,scr2002,avaStIn,bevFrtRoadLight
BG,h2139,0.46890884939949806,scr2002,avaStIn,bevFrtRoadLight
BG,h2140,0.4606801828577375,scr2002,avaStIn,bevFrtRoadLight
BG,h2141,0.4598809008191356,scr2002,avaStIn,bevFrtRoadLight
BG,h2142,0.47373682010553864,scr2002,avaStIn,bevFrtRoadLight
BG,h2143,0.49837466067849223,scr2002,avaStIn,bevFrtRoadLight
BG,h2144,0.5249322712656334,scr2002,avaStIn,bevFrtRoadLight
BG,h2145,0.5295524702973696,scr2002,avaStIn,bevFrtRoadLight
BG,h2146,0.5237384833973733,scr2002,avaStIn,bevFrtRoadLight
BG,h2147,0.517462220076728,scr2002,avaStIn,bevFrtRoadLight
BG,h2148,0.5202231448594441,scr2002,avaStIn,bevFrtRoadLight
BG,h2149,0.5168074572603817,scr2002,avaStIn,bevFrtRoadLight
BG,h2150,0.4881087918461403,scr2002,avaStIn,bevFrtRoadLight
BG,h2151,0.4401501060096197,scr2002,avaStIn,bevFrtRoadLight
BG,h2152,0.3751810028677981,scr2002,avaStIn,bevFrtRoadLight
BG,h2153,0.3184738733356699,scr2002,avaStIn,bevFrtRoadLight
BG,h2154,0.2885496316681868,scr2002,avaStIn,bevFrtRoadLight
BG,h2155,0.2950430145218158,scr2002,avaStIn,bevFrtRoadLight
BG,h2156,0.3362350273761402,scr2002,avaStIn,bevFrtRoadLight
BG,h2157,0.3905257678468871,scr2002,avaStIn,bevFrtRoadLight
BG,h2158,0.4405757953478313,scr2002,avaStIn,bevFrtRoadLight
BG,h2159,0.4738121072088959,scr2002,avaStIn,bevFrtRoadLight
BG,h2160,0.4995552626921461,scr2002,avaStIn,bevFrtRoadLight
CH,h1441,0.3714353995574986,scr2002,avaStIn,bevFrtRoadLight
CH,h1442,0.3846086524108919,scr2002,avaStIn,bevFrtRoadLight
CH,h1443,0.42374952391826404,scr2002,avaStIn,bevFrtRoadLight
CH,h1444,0.4709102315761218,scr2002,avaStIn,bevFrtRoadLight
CH,h1445,0.5000591446961408,scr2002,avaStIn,bevFrtRoadLight
CH,h1446,0.495233345157142,scr2002,avaStIn,bevFrtRoadLight
CH,h1447,0.5008043596015219,scr2002,avaStIn,bevFrtRoadLight
CH,h1448,0.5021789974738545,scr2002,avaStIn,bevFrtRoadLight
CH,h1449,0.5231874460949842,scr2002,avaStIn,bevFrtRoadLight
CH,h1450,0.5308529822226913,scr2002,avaStIn,bevFrtRoadLight
CH,h1451,0.536356959269228,scr2002,avaStIn,bevFrtRoadLight
CH,h1452,0.5373881561276749,scr2002,avaStIn,bevFrtRoadLight
CH,h1453,0.5288075990651915,scr2002,avaStIn,bevFrtRoadLight
CH,h1454,0.5095709286669997,scr2002,avaStIn,bevFrtRoadLight
CH,h1455,0.473753550931062,scr2002,avaStIn,bevFrtRoadLight
CH,h1456,0.4304466538396563,scr2002,avaStIn,bevFrtRoadLight
CH,h1457,0.3826879992214788,scr2002,avaStIn,bevFrtRoadLight
CH,h1458,0.35009603390058996,scr2002,avaStIn,bevFrtRoadLight
CH,h1459,0.3349394292024723,scr2002,avaStIn,bevFrtRoadLight
CH,h1460,0.34869160218954365,scr2002,avaStIn,bevFrtRoadLight
CH,h1461,0.36780057797615695,scr2002,avaStIn,bevFrtRoadLight
CH,h1462,0.38682791024436847,scr2002,avaStIn,bevFrtRoadLight
CH,h1463,0.3912979680884232,scr2002,avaStIn,bevFrtRoadLight
CH,h1464,0.3985938980480803,scr2002,avaStIn,bevFrtRoadLight
CH,h1465,0.38540755881640665,scr2002,avaStIn,bevFrtRoadLight
CH,h1466,0.39834418280524153,scr2002,avaStIn,bevFrtRoadLight
CH,h1467,0.42374952391826404,scr2002,avaStIn,bevFrtRoadLight
CH,h1468,0.4709102315761218,scr2002,avaStIn,bevFrtRoadLight
CH,h1469,0.5000591446961408,scr2002,avaStIn,bevFrtRoadLight
CH,h1470,0.495233345157142,scr2002,avaStIn,bevFrtRoadLight
CH,h1471,0.5008043596015219,scr2002,avaStIn,bevFrtRoadLight
CH,h1472,0.5021789974738545,scr2002,avaStIn,bevFrtRoadLight
CH,h1473,0.5231874460949842,scr2002,avaStIn,bevFrtRoadLight
CH,h1474,0.5308529822226913,scr2002,avaStIn,bevFrtRoadLight
CH,h1475,0.536356959269228,scr2002,avaStIn,bevFrtRoadLight
CH,h1476,0.5373881561276749,scr2002,avaStIn,bevFrtRoadLight
CH,h1477,0.5288075990651915,scr2002,avaStIn,bevFrtRoadLight
CH,h1478,0.5095709286669997,scr2002,avaStIn,bevFrtRoadLight
CH,h1479,0.473753550931062,scr2002,avaStIn,bevFrtRoadLight
CH,h1480,0.4304466538396563,scr2002,avaStIn,bevFrtRoadLight
CH,h1481,0.3826879992214788,scr2002,avaStIn,bevFrtRoadLight
CH,h1482,0.35009603390058996,scr2002,avaStIn,bevFrtRoadLight
CH,h1483,0.3349394292024723,scr2002,avaStIn,bevFrtRoadLight
CH,h1484,0.34869160218954365,scr2002,avaStIn,bevFrtRoadLight
CH,h1485,0.36780057797615695,scr2002,avaStIn,bevFrtRoadLight
CH,h1486,0.38682791024436847,scr2002,avaStIn,bevFrtRoadLight
CH,h1487,0.3912979680884232,scr2002,avaStIn,bevFrtRoadLight
CH,h1488,0.3985938980480803,scr2002,avaStIn,bevFrtRoadLight
CH,h1489,0.4174388969205469,scr2002,avaStIn,bevFrtRoadLight
CH,h1490,0.4439543832070485,scr2002,avaStIn,bevFrtRoadLight
CH,h1491,0.464238846132911,scr2002,avaStIn,bevFrtRoadLight
CH,h1492,0.4692993118565085,scr2002,avaStIn,bevFrtRoadLight
CH,h1493,0.4647572130501477,scr2002,avaStIn,bevFrtRoadLight
CH,h1494,0.4606421333392813,scr2002,avaStIn,bevFrtRoadLight
CH,h1495,0.4606294501381404,scr2002,avaStIn,bevFrtRoadLight
CH,h1496,0.4771202000278558,scr2002,avaStIn,bevFrtRoadLight
CH,h1497,0.4942956004519071,scr2002,avaStIn,bevFrtRoadLight
CH,h1498,0.5099123823053463,scr2002,avaStIn,bevFrtRoadLight
CH,h1499,0.5161038254350148,scr2002,avaStIn,bevFrtRoadLight
CH,h1500,0.5219276355822776,scr2002,avaStIn,bevFrtRoadLight
CH,h1501,0.5234247828552905,scr2002,avaStIn,bevFrtRoadLight
CH,h1502,0.515666896351518,scr2002,avaStIn,bevFrtRoadLight
CH,h1503,0.4904757420921084,scr2002,avaStIn,bevFrtRoadLight
CH,h1504,0.4511048686615209,scr2002,avaStIn,bevFrtRoadLight
CH,h1505,0.401719554609377,scr2002,avaStIn,bevFrtRoadLight
CH,h1506,0.362910361244157,scr2002,avaStIn,bevFrtRoadLight
CH,h1507,0.3472619056461236,scr2002,avaStIn,bevFrtRoadLight
CH,h1508,0.35727079588328314,scr2002,avaStIn,bevFrtRoadLight
CH,h1509,0.378468834507535,scr2002,avaStIn,bevFrtRoadLight
CH,h1510,0.39319028121074384,scr2002,avaStIn,bevFrtRoadLight
CH,h1511,0.3959422870730802,scr2002,avaStIn,bevFrtRoadLight
CH,h1512,0.3854887711962275,scr2002,avaStIn,bevFrtRoadLight
CH,h1513,0.42769853598926943,scr2002,avaStIn,bevFrtRoadLight
CH,h1514,0.46444116177482064,scr2002,avaStIn,bevFrtRoadLight
CH,h1515,0.5002557267591349,scr2002,avaStIn,bevFrtRoadLight
CH,h1516,0.4779833592811431,scr2002,avaStIn,bevFrtRoadLight
CH,h1517,0.45518876455881485,scr2002,avaStIn,bevFrtRoadLight
CH,h1518,0.43596244051473665,scr2002,avaStIn,bevFrtRoadLight
CH,h1519,0.4287672948543091,scr2002,avaStIn,bevFrtRoadLight
CH,h1520,0.4310449118345231,scr2002,avaStIn,bevFrtRoadLight
CH,h1521,0.43651906754470926,scr2002,avaStIn,bevFrtRoadLight
CH,h1522,0.42784196327677315,scr2002,avaStIn,bevFrtRoadLight
CH,h1523,0.40165285769436365,scr2002,avaStIn,bevFrtRoadLight
CH,h1524,0.3554492048303812,scr2002,avaStIn,bevFrtRoadLight
CH,h1525,0.30743387757687923,scr2002,avaStIn,bevFrtRoadLight
CH,h1526,0.278936309503648,scr2002,avaStIn,bevFrtRoadLight
CH,h1527,0.28525649117608465,scr2002,avaStIn,bevFrtRoadLight
CH,h1528,0.33100477113297455,scr2002,avaStIn,bevFrtRoadLight
CH,h1529,0.3951643597987161,scr2002,avaStIn,bevFrtRoadLight
CH,h1530,0.46644985491696445,scr2002,avaStIn,bevFrtRoadLight
CH,h1531,0.5302489042156142,scr2002,avaStIn,bevFrtRoadLight
CH,h1532,0.5770673902258092,scr2002,avaStIn,bevFrtRoadLight
CH,h1533,0.5986769755958498,scr2002,avaStIn,bevFrtRoadLight
CH,h1534,0.6016883948095747,scr2002,avaStIn,bevFrtRoadLight
CH,h1535,0.5924055260109063,scr2002,avaStIn,bevFrtRoadLight
CH,h1536,0.5774847836798132,scr2002,avaStIn,bevFrtRoadLight
CH,h1537,0.5517773619954187,scr2002,avaStIn,bevFrtRoadLight
CH,h1538,0.5248358437172166,scr2002,avaStIn,bevFrtRoadLight
CH,h1539,0.5002557267591349,scr2002,avaStIn,bevFrtRoadLight
CH,h1540,0.4779833592811431,scr2002,avaStIn,bevFrtRoadLight
CH,h1541,0.45518876455881485,scr2002,avaStIn,bevFrtRoadLight
CH,h1542,0.43596244051473665,scr2002,avaStIn,bevFrtRoadLight
CH,h1543,0.4287672948543091,scr2002,avaStIn,bevFrtRoadLight
CH,h1544,0.4310449118345231,scr2002,avaStIn,bevFrtRoadLight
CH,h1545,0.43651906754470926,scr2002,avaStIn,bevFrtRoadLight
CH,h1546,0.42784196327677315,scr2002,avaStIn,bevFrtRoadLight
CH,h1547,0.40165285769436365,scr2002,avaStIn,bevFrtRoadLight
CH,h1548,0.3554492048303812,scr2002,avaStIn,bevFrtRoadLight
CH,h1549,0.30743387757687923,scr2002,avaStIn,bevFrtRoadLight
CH,h1550,0.278936309503648,scr2002,avaStIn,bevFrtRoadLight
CH,h1551,0.28525649117608465,scr2002,avaStIn,bevFrtRoadLight
CH,h1552,0.33100477113297455,scr2002,avaStIn,bevFrtRoadLight
CH,h1553,0.3951643597987161,scr2002,avaStIn,bevFrtRoadLight
CH,h1554,0.46644985491696445,scr2002,avaStIn,bevFrtRoadLight
CH,h1555,0.5302489042156142,scr2002,avaStIn,bevFrtRoadLight
CH,h1556,0.5770673902258092,scr2002,avaStIn,bevFrtRoadLight
CH,h1557,0.5986769755958498,scr2002,avaStIn,bevFrtRoadLight
CH,h1558,0.6016883948095747,scr2002,avaStIn,bevFrtRoadLight
CH,h1559,0.5924055260109063,scr2002,avaStIn,bevFrtRoadLight
CH,h1560,0.5774847836798132,scr2002,avaStIn,bevFrtRoadLight
CH,h1561,0.5517773619954187,scr2002,avaStIn,bevFrtRoadLight
CH,h1562,0.5248358437172166,scr2002,avaStIn,bevFrtRoadLight
CH,h1563,0.5002557267591349,scr2002,avaStIn,bevFrtRoadLight
CH,h1564,0.4779833592811431,scr2002,avaStIn,bevFrtRoadLight
CH,h1565,0.45518876455881485,scr2002,avaStIn,bevFrtRoadLight
CH,h1566,0.43596244051473665,scr2002,avaStIn,bevFrtRoadLight
CH,h1567,0.4287672948543091,scr2002,avaStIn,bevFrtRoadLight
CH,h1568,0.4310449118345231,scr2002,avaStIn,bevFrtRoadLight
CH,h1569,0.43651906754470926,scr2002,avaStIn,bevFrtRoadLight
CH,h1570,0.42784196327677315,scr2002,avaStIn,bevFrtRoadLight
CH,h1571,0.40165285769436365,scr2002,avaStIn,bevFrtRoadLight
CH,h1572,0.3554492048303812,scr2002,avaStIn,bevFrtRoadLight
CH,h1573,0.30743387757687923,scr2002,avaStIn,bevFrtRoadLight
CH,h1574,0.278936309503648,scr2002,avaStIn,bevFrtRoadLight
CH,h1575,0.28525649117608465,scr2002,avaStIn,bevFrtRoadLight
CH,h1576,0.33100477113297455,scr2002,avaStIn,bevFrtRoadLight
CH,h1577,0.3951643597987161,scr2002,avaStIn,bevFrtRoadLight
CH,h1578,0.46644985491696445,scr2002,avaStIn,bevFrtRoadLight
CH,h1579,0.5302489042156142,scr2002,avaStIn,bevFrtRoadLight
CH,h1580,0.5770673902258092,scr2002,avaStIn,bevFrtRoadLight
CH,h1581,0.5986769755958498,scr2002,avaStIn,bevFrtRoadLight
CH,h1582,0.6016883948095747,scr2002,avaStIn,bevFrtRoadLight
CH,h1583,0.5924055260109063,scr2002,avaStIn,bevFrtRoadLight
CH,h1584,0.5774847836798132,scr2002,avaStIn,bevFrtRoadLight
CH,h1585,0.5517773619954187,scr2002,avaStIn,bevFrtRoadLight
CH,h1586,0.5248358437172166,scr2002,avaStIn,bevFrtRoadLight
CH,h1587,0.5002557267591349,scr2002,avaStIn,bevFrtRoadLight
CH,h1588,0.4779833592811431,scr2002,avaStIn,bevFrtRoadLight
CH,h1589,0.45518876455881485,scr2002,avaStIn,bevFrtRoadLight
CH,h1590,0.43596244051473665,scr2002,avaStIn,bevFrtRoadLight
CH,h1591,0.4287672948543091,scr2002,avaStIn,bevFrtRoadLight
CH,h1592,0.4310449118345231,scr2002,avaStIn,bevFrtRoadLight
CH,h1593,0.43651906754470926,scr2002,avaStIn,bevFrtRoadLight
CH,h1594,0.42784196327677315,scr2002,avaStIn,bevFrtRoadLight
CH,h1595,0.40165285769436365,scr2002,avaStIn,bevFrtRoadLight
CH,h1596,0.3554492048303812,scr2002,avaStIn,bevFrtRoadLight
CH,h1597,0.30743387757687923,scr2002,avaStIn,bevFrtRoadLight
CH,h1598,0.278936309503648,scr2002,avaStIn,bevFrtRoadLight
CH,h1599,0.28525649117608465,scr2002,avaStIn,bevFrtRoadLight
CH,h1600,0.33100477113297455,scr2002,avaStIn,bevFrtRoadLight
CH,h1601,0.3951643597987161,scr2002,avaStIn,bevFrtRoadLight
CH,h1602,0.46644985491696445,scr2002,avaStIn,bevFrtRoadLight
CH,h1603,0.5302489042156142,scr2002,avaStIn,bevFrtRoadLight
CH,h1604,0.5770673902258092,scr2002,avaStIn,bevFrtRoadLight
CH,h1605,0.5986769755958498,scr2002,avaStIn,bevFrtRoadLight
CH,h1606,0.6016883948095747,scr2002,avaStIn,bevFrtRoadLight
CH,h1607,0.5924055260109063,scr2002,avaStIn,bevFrtRoadLight
CH,h1608,0.5774847836798132,scr2002,avaStIn,bevFrtRoadLight
CH,h1609,0.5399833096273894,scr2002,avaStIn,bevFrtRoadLight
CH,h1610,0.5020113380135911,scr2002,avaStIn,bevFrtRoadLight
CH,h1611,0.4635722307063156,scr2002,avaStIn,bevFrtRoadLight
CH,h1612,0.4380348659574729,scr2002,avaStIn,bevFrtRoadLight
CH,h1613,0.40762124803256283,scr2002,avaStIn,bevFrtRoadLight
CH,h1614,0.37888830724468336,scr2002,avaStIn,bevFrtRoadLight
CH,h1615,0.36958381422293585,scr2002,avaStIn,bevFrtRoadLight
CH,h1616,0.37840208488783933,scr2002,avaStIn,bevFrtRoadLight
CH,h1617,0.40312593459237533,scr2002,avaStIn,bevFrtRoadLight
CH,h1618,0.41362439373824145,scr2002,avaStIn,bevFrtRoadLight
CH,h1619,0.4028461315685412,scr2002,avaStIn,bevFrtRoadLight
CH,h1620,0.3603437041144123,scr2002,avaStIn,bevFrtRoadLight
CH,h1621,0.300735364069155,scr2002,avaStIn,bevFrtRoadLight
CH,h1622,0.24177370465061954,scr2002,avaStIn,bevFrtRoadLight
CH,h1623,0.21970614560615676,scr2002,avaStIn,bevFrtRoadLight
CH,h1624,0.25508395733229006,scr2002,avaStIn,bevFrtRoadLight
CH,h1625,0.34767139096765254,scr2002,avaStIn,bevFrtRoadLight
CH,h1626,0.45228041046836875,scr2002,avaStIn,bevFrtRoadLight
CH,h1627,0.5341134302691986,scr2002,avaStIn,bevFrtRoadLight
CH,h1628,0.5851656457268322,scr2002,avaStIn,bevFrtRoadLight
CH,h1629,0.6079565962864942,scr2002,avaStIn,bevFrtRoadLight
CH,h1630,0.6088378322847627,scr2002,avaStIn,bevFrtRoadLight
CH,h1631,0.5862547005889717,scr2002,avaStIn,bevFrtRoadLight
CH,h1632,0.5503272305028044,scr2002,avaStIn,bevFrtRoadLight
CH,h1633,0.5157882800473498,scr2002,avaStIn,bevFrtRoadLight
CH,h1634,0.4876212160339364,scr2002,avaStIn,bevFrtRoadLight
CH,h1635,0.4635722307063156,scr2002,avaStIn,bevFrtRoadLight
CH,h1636,0.4380348659574729,scr2002,avaStIn,bevFrtRoadLight
CH,h1637,0.40762124803256283,scr2002,avaStIn,bevFrtRoadLight
CH,h1638,0.37888830724468336,scr2002,avaStIn,bevFrtRoadLight
CH,h1639,0.36958381422293585,scr2002,avaStIn,bevFrtRoadLight
CH,h1640,0.37840208488783933,scr2002,avaStIn,bevFrtRoadLight
CH,h1641,0.40312593459237533,scr2002,avaStIn,bevFrtRoadLight
CH,h1642,0.41362439373824145,scr2002,avaStIn,bevFrtRoadLight
CH,h1643,0.4028461315685412,scr2002,avaStIn,bevFrtRoadLight
CH,h1644,0.3603437041144123,scr2002,avaStIn,bevFrtRoadLight
CH,h1645,0.300735364069155,scr2002,avaStIn,bevFrtRoadLight
CH,h1646,0.24177370465061954,scr2002,avaStIn,bevFrtRoadLight
CH,h1647,0.21970614560615676,scr2002,avaStIn,bevFrtRoadLight
CH,h1648,0.25508395733229006,scr2002,avaStIn,bevFrtRoadLight
CH,h1649,0.34767139096765254,scr2002,avaStIn,bevFrtRoadLight
CH,h1650,0.45228041046836875,scr2002,avaStIn,bevFrtRoadLight
CH,h1651,0.5341134302691986,scr2002,avaStIn,bevFrtRoadLight
CH,h1652,0.5851656457268322,scr2002,avaStIn,bevFrtRoadLight
CH,h1653,0.6079565962864942,scr2002,avaStIn,bevFrtRoadLight
CH,h1654,0.6088378322847627,scr2002,avaStIn,bevFrtRoadLight
CH,h1655,0.5862547005889717,scr2002,avaStIn,bevFrtRoadLight
CH,h1656,0.5503272305028044,scr2002,avaStIn,bevFrtRoadLight
CH,h1657,0.5277989482493217,scr2002,avaStIn,bevFrtRoadLight
CH,h1658,0.5107010378978177,scr2002,avaStIn,bevFrtRoadLight
CH,h1659,0.5002557267591349,scr2002,avaStIn,bevFrtRoadLight
CH,h1660,0.4779833592811431,scr2002,avaStIn,bevFrtRoadLight
CH,h1661,0.45518876455881485,scr2002,avaStIn,bevFrtRoadLight
CH,h1662,0.43596244051473665,scr2002,avaStIn,bevFrtRoadLight
CH,h1663,0.4287672948543091,scr2002,avaStIn,bevFrtRoadLight
CH,h1664,0.4310449118345231,scr2002,avaStIn,bevFrtRoadLight
CH,h1665,0.43651906754470926,scr2002,avaStIn,bevFrtRoadLight
CH,h1666,0.42784196327677315,scr2002,avaStIn,bevFrtRoadLight
CH,h1667,0.40165285769436365,scr2002,avaStIn,bevFrtRoadLight
CH,h1668,0.3554492048303812,scr2002,avaStIn,bevFrtRoadLight
CH,h1669,0.30743387757687923,scr2002,avaStIn,bevFrtRoadLight
CH,h1670,0.278936309503648,scr2002,avaStIn,bevFrtRoadLight
CH,h1671,0.28525649117608465,scr2002,avaStIn,bevFrtRoadLight
CH,h1672,0.33100477113297455,scr2002,avaStIn,bevFrtRoadLight
CH,h1673,0.3951643597987161,scr2002,avaStIn,bevFrtRoadLight
CH,h1674,0.46644985491696445,scr2002,avaStIn,bevFrtRoadLight
CH,h1675,0.5302489042156142,scr2002,avaStIn,bevFrtRoadLight
CH,h1676,0.5770673902258092,scr2002,avaStIn,bevFrtRoadLight
CH,h1677,0.5986769755958498,scr2002,avaStIn,bevFrtRoadLight
CH,h1678,0.6016883948095747,scr2002,avaStIn,bevFrtRoadLight
CH,h1679,0.5924055260109063,scr2002,avaStIn,bevFrtRoadLight
CH,h1680,0.5774847836798132,scr2002,avaStIn,bevFrtRoadLight
CH,h1681,0.5517773619954187,scr2002,avaStIn,bevFrtRoadLight
CH,h1682,0.5248358437172166,scr2002,avaStIn,bevFrtRoadLight
CH,h1683,0.5002557267591349,scr2002,avaStIn,bevFrtRoadLight
CH,h1684,0.4779833592811431,scr2002,avaStIn,bevFrtRoadLight
CH,h1685,0.45518876455881485,scr2002,avaStIn,bevFrtRoadLight
CH,h1686,0.43596244051473665,scr2002,avaStIn,bevFrtRoadLight
CH,h1687,0.4287672948543091,scr2002,avaStIn,bevFrtRoadLight
CH,h1688,0.4310449118345231,scr2002,avaStIn,bevFrtRoadLight
CH,h1689,0.43651906754470926,scr2002,avaStIn,bevFrtRoadLight
CH,h1690,0.42784196327677315,scr2002,avaStIn,bevFrtRoadLight
CH,h1691,0.40165285769436365,scr2002,avaStIn,bevFrtRoadLight
CH,h1692,0.3554492048303812,scr2002,avaStIn,bevFrtRoadLight
CH,h1693,0.30743387757687923,scr2002,avaStIn,bevFrtRoadLight
CH,h1694,0.278936309503648,scr2002,avaStIn,bevFrtRoadLight
CH,h1695,0.28525649117608465,scr2002,avaStIn,bevFrtRoadLight
CH,h1696,0.33100477113297455,scr2002,avaStIn,bevFrtRoadLight
CH,h1697,0.3951643597987161,scr2002,avaStIn,bevFrtRoadLight
CH,h1698,0.46644985491696445,scr2002,avaStIn,bevFrtRoadLight
CH,h1699,0.5302489042156142,scr2002,avaStIn,bevFrtRoadLight
CH,h1700,0.5770673902258092,scr2002,avaStIn,bevFrtRoadLight
CH,h1701,0.5986769755958498,scr2002,avaStIn,bevFrtRoadLight
CH,h1702,0.6016883948095747,scr2002,avaStIn,bevFrtRoadLight
CH,h1703,0.5924055260109063,scr2002,avaStIn,bevFrtRoadLight
CH,h1704,0.5774847836798132,scr2002,avaStIn,bevFrtRoadLight
CH,h1705,0.509038057831711,scr2002,avaStIn,bevFrtRoadLight
CH,h1706,0.45316073221470254,scr2002,avaStIn,bevFrtRoadLight
CH,h1707,0.4106293035759673,scr2002,avaStIn,bevFrtRoadLight
CH,h1708,0.4302562346105031,scr2002,avaStIn,bevFrtRoadLight
CH,h1709,0.4411964644145132,scr2002,avaStIn,bevFrtRoadLight
CH,h1710,0.45751109901302867,scr2002,avaStIn,bevFrtRoadLight
CH,h1711,0.48871757217710954,scr2002,avaStIn,bevFrtRoadLight
CH,h1712,0.5314509691002262,scr2002,avaStIn,bevFrtRoadLight
CH,h1713,0.5711878747561929,scr2002,avaStIn,bevFrtRoadLight
CH,h1714,0.5980939691710526,scr2002,avaStIn,bevFrtRoadLight
CH,h1715,0.608394034195855,scr2002,avaStIn,bevFrtRoadLight
CH,h1716,0.6010568773540479,scr2002,avaStIn,bevFrtRoadLight
CH,h1717,0.5764247164288175,scr2002,avaStIn,bevFrtRoadLight
CH,h1718,0.5401459054358786,scr2002,avaStIn,bevFrtRoadLight
CH,h1719,0.4982672792884357,scr2002,avaStIn,bevFrtRoadLight
CH,h1720,0.4574139907405833,scr2002,avaStIn,bevFrtRoadLight
CH,h1721,0.42470386872332366,scr2002,avaStIn,bevFrtRoadLight
CH,h1722,0.4070105681582177,scr2002,avaStIn,bevFrtRoadLight
CH,h1723,0.3993554704479094,scr2002,avaStIn,bevFrtRoadLight
CH,h1724,0.3942528360151184,scr2002,avaStIn,bevFrtRoadLight
CH,h1725,0.3809841238928826,scr2002,avaStIn,bevFrtRoadLight
CH,h1726,0.3497784944040866,scr2002,avaStIn,bevFrtRoadLight
CH,h1727,0.3123069662403203,scr2002,avaStIn,bevFrtRoadLight
CH,h1728,0.2821792829284123,scr2002,avaStIn,bevFrtRoadLight
CH,h1729,0.3106843918239848,scr2002,avaStIn,bevFrtRoadLight
CH,h1730,0.35866299968064763,scr2002,avaStIn,bevFrtRoadLight
CH,h1731,0.4106293035759673,scr2002,avaStIn,bevFrtRoadLight
CH,h1732,0.4302562346105031,scr2002,avaStIn,bevFrtRoadLight
CH,h1733,0.4411964644145132,scr2002,avaStIn,bevFrtRoadLight
CH,h1734,0.45751109901302867,scr2002,avaStIn,bevFrtRoadLight
CH,h1735,0.48871757217710954,scr2002,avaStIn,bevFrtRoadLight
CH,h1736,0.5314509691002262,scr2002,avaStIn,bevFrtRoadLight
CH,h1737,0.5711878747561929,scr2002,avaStIn,bevFrtRoadLight
CH,h1738,0.5980939691710526,scr2002,avaStIn,bevFrtRoadLight
CH,h1739,0.608394034195855,scr2002,avaStIn,bevFrtRoadLight
CH,h1740,0.6010568773540479,scr2002,avaStIn,bevFrtRoadLight
CH,h1741,0.5764247164288175,scr2002,avaStIn,bevFrtRoadLight
CH,h1742,0.5401459054358786,scr2002,avaStIn,bevFrtRoadLight
CH,h1743,0.4982672792884357,scr2002,avaStIn,bevFrtRoadLight
CH,h1744,0.4574139907405833,scr2002,avaStIn,bevFrtRoadLight
CH,h1745,0.42470386872332366,scr2002,avaStIn,bevFrtRoadLight
CH,h1746,0.4070105681582177,scr2002,avaStIn,bevFrtRoadLight
CH,h1747,0.3993554704479094,scr2002,avaStIn,bevFrtRoadLight
CH,h1748,0.3942528360151184,scr2002,avaStIn,bevFrtRoadLight
CH,h1749,0.3809841238928826,scr2002,avaStIn,bevFrtRoadLight
CH,h1750,0.3497784944040866,scr2002,avaStIn,bevFrtRoadLight
CH,h1751,0.3123069662403203,scr2002,avaStIn,bevFrtRoadLight
CH,h1752,0.2821792829284123,scr2002,avaStIn,bevFrtRoadLight
CH,h1753,0.3106843918239848,scr2002,avaStIn,bevFrtRoadLight
CH,h1754,0.35866299968064763,scr2002,avaStIn,bevFrtRoadLight
CH,h1755,0.4106293035759673,scr2002,avaStIn,bevFrtRoadLight
CH,h1756,0.4302562346105031,scr2002,avaStIn,bevFrtRoadLight
CH,h1757,0.4411964644145132,scr2002,avaStIn,bevFrtRoadLight
CH,h1758,0.45751109901302867,scr2002,avaStIn,bevFrtRoadLight
CH,h1759,0.48871757217710954,scr2002,avaStIn,bevFrtRoadLight
CH,h1760,0.5314509691002262,scr2002,avaStIn,bevFrtRoadLight
CH,h1761,0.5711878747561929,scr2002,avaStIn,bevFrtRoadLight
CH,h1762,0.5980939691710526,scr2002,avaStIn,bevFrtRoadLight
CH,h1763,0.608394034195855,scr2002,avaStIn,bevFrtRoadLight
CH,h1764,0.6010568773540479,scr2002,avaStIn,bevFrtRoadLight
CH,h1765,0.5764247164288175,scr2002,avaStIn,bevFrtRoadLight
CH,h1766,0.5401459054358786,scr2002,avaStIn,bevFrtRoadLight
CH,h1767,0.4982672792884357,scr2002,avaStIn,bevFrtRoadLight
CH,h1768,0.4574139907405833,scr2002,avaStIn,bevFrtRoadLight
CH,h1769,0.42470386872332366,scr2002,avaStIn,bevFrtRoadLight
CH,h1770,0.4070105681582177,scr2002,avaStIn,bevFrtRoadLight
CH,h1771,0.3993554704479094,scr2002,avaStIn,bevFrtRoadLight
CH,h1772,0.3942528360151184,scr2002,avaStIn,bevFrtRoadLight
CH,h1773,0.3809841238928826,scr2002,avaStIn,bevFrtRoadLight
CH,h1774,0.3497784944040866,scr2002,avaStIn,bevFrtRoadLight
CH,h1775,0.3123069662403203,scr2002,avaStIn,bevFrtRoadLight
CH,h1776,0.2821792829284123,scr2002,avaStIn,bevFrtRoadLight
CH,h1777,0.230095162221032,scr2002,avaStIn,bevFrtRoadLight
CH,h1778,0.2300917975935889,scr2002,avaStIn,bevFrtRoadLight
CH,h1779,0.27148343409663167,scr2002,avaStIn,bevFrtRoadLight
CH,h1780,0.3790725700696759,scr2002,avaStIn,bevFrtRoadLight
CH,h1781,0.4623404992613247,scr2002,avaStIn,bevFrtRoadLight
CH,h1782,0.5259162274800008,scr2002,avaStIn,bevFrtRoadLight
CH,h1783,0.5772992909654577,scr2002,avaStIn,bevFrtRoadLight
CH,h1784,0.6171735770568829,scr2002,avaStIn,bevFrtRoadLight
CH,h1785,0.6409152522621753,scr2002,avaStIn,bevFrtRoadLight
CH,h1786,0.6489166669999998,scr2002,avaStIn,bevFrtRoadLight
CH,h1787,0.6400350534574337,scr2002,avaStIn,bevFrtRoadLight
CH,h1788,0.61588415769173,scr2002,avaStIn,bevFrtRoadLight
CH,h1789,0.5753501172674538,scr2002,avaStIn,bevFrtRoadLight
CH,h1790,0.5273486726990765,scr2002,avaStIn,bevFrtRoadLight
CH,h1791,0.47682400205808595,scr2002,avaStIn,bevFrtRoadLight
CH,h1792,0.4288063768750643,scr2002,avaStIn,bevFrtRoadLight
CH,h1793,0.39374570481652504,scr2002,avaStIn,bevFrtRoadLight
CH,h1794,0.3749031506247579,scr2002,avaStIn,bevFrtRoadLight
CH,h1795,0.37209330121313167,scr2002,avaStIn,bevFrtRoadLight
CH,h1796,0.36873105182903665,scr2002,avaStIn,bevFrtRoadLight
CH,h1797,0.3543630997986469,scr2002,avaStIn,bevFrtRoadLight
CH,h1798,0.3154781828948128,scr2002,avaStIn,bevFrtRoadLight
CH,h1799,0.27112993299959987,scr2002,avaStIn,bevFrtRoadLight
CH,h1800,0.2381911639591776,scr2002,avaStIn,bevFrtRoadLight
CH,h1801,0.20075744833264675,scr2002,avaStIn,bevFrtRoadLight
CH,h1802,0.21575624655576675,scr2002,avaStIn,bevFrtRoadLight
CH,h1803,0.27148343409663167,scr2002,avaStIn,bevFrtRoadLight
CH,h1804,0.3790725700696759,scr2002,avaStIn,bevFrtRoadLight
CH,h1805,0.4623404992613247,scr2002,avaStIn,bevFrtRoadLight
CH,h1806,0.5259162274800008,scr2002,avaStIn,bevFrtRoadLight
CH,h1807,0.5772992909654577,scr2002,avaStIn,bevFrtRoadLight
CH,h1808,0.6171735770568829,scr2002,avaStIn,bevFrtRoadLight
CH,h1809,0.6409152522621753,scr2002,avaStIn,bevFrtRoadLight
CH,h1810,0.6489166669999998,scr2002,avaStIn,bevFrtRoadLight
CH,h1811,0.6400350534574337,scr2002,avaStIn,bevFrtRoadLight
CH,h1812,0.61588415769173,scr2002,avaStIn,bevFrtRoadLight
CH,h1813,0.5753501172674538,scr2002,avaStIn,bevFrtRoadLight
CH,h1814,0.5273486726990765,scr2002,avaStIn,bevFrtRoadLight
CH,h1815,0.47682400205808595,scr2002,avaStIn,bevFrtRoadLight
CH,h1816,0.4288063768750643,scr2002,avaStIn,bevFrtRoadLight
CH,h1817,0.39374570481652504,scr2002,avaStIn,bevFrtRoadLight
CH,h1818,0.3749031506247579,scr2002,avaStIn,bevFrtRoadLight
CH,h1819,0.37209330121313167,scr2002,avaStIn,bevFrtRoadLight
CH,h1820,0.36873105182903665,scr2002,avaStIn,bevFrtRoadLight
CH,h1821,0.3543630997986469,scr2002,avaStIn,bevFrtRoadLight
CH,h1822,0.3154781828948128,scr2002,avaStIn,bevFrtRoadLight
CH,h1823,0.27112993299959987,scr2002,avaStIn,bevFrtRoadLight
CH,h1824,0.2381911639591776,scr2002,avaStIn,bevFrtRoadLight
CH,h1825,0.28388199759953203,scr2002,avaStIn,bevFrtRoadLight
CH,h1826,0.34615260530650627,scr2002,avaStIn,bevFrtRoadLight
CH,h1827,0.4106293035759673,scr2002,avaStIn,bevFrtRoadLight
CH,h1828,0.4302562346105031,scr2002,avaStIn,bevFrtRoadLight
CH,h1829,0.4411964644145132,scr2002,avaStIn,bevFrtRoadLight
CH,h1830,0.45751109901302867,scr2002,avaStIn,bevFrtRoadLight
CH,h1831,0.48871757217710954,scr2002,avaStIn,bevFrtRoadLight
CH,h1832,0.5314509691002262,scr2002,avaStIn,bevFrtRoadLight
CH,h1833,0.5711878747561929,scr2002,avaStIn,bevFrtRoadLight
CH,h1834,0.5980939691710526,scr2002,avaStIn,bevFrtRoadLight
CH,h1835,0.608394034195855,scr2002,avaStIn,bevFrtRoadLight
CH,h1836,0.6010568773540479,scr2002,avaStIn,bevFrtRoadLight
CH,h1837,0.5764247164288175,scr2002,avaStIn,bevFrtRoadLight
CH,h1838,0.5401459054358786,scr2002,avaStIn,bevFrtRoadLight
CH,h1839,0.4982672792884357,scr2002,avaStIn,bevFrtRoadLight
CH,h1840,0.4574139907405833,scr2002,avaStIn,bevFrtRoadLight
CH,h1841,0.42470386872332366,scr2002,avaStIn,bevFrtRoadLight
CH,h1842,0.4070105681582177,scr2002,avaStIn,bevFrtRoadLight
CH,h1843,0.3993554704479094,scr2002,avaStIn,bevFrtRoadLight
CH,h1844,0.3942528360151184,scr2002,avaStIn,bevFrtRoadLight
CH,h1845,0.3809841238928826,scr2002,avaStIn,bevFrtRoadLight
CH,h1846,0.3497784944040866,scr2002,avaStIn,bevFrtRoadLight
CH,h1847,0.3123069662403203,scr2002,avaStIn,bevFrtRoadLight
CH,h1848,0.2821792829284123,scr2002,avaStIn,bevFrtRoadLight
CH,h1849,0.3106843918239848,scr2002,avaStIn,bevFrtRoadLight
CH,h1850,0.35866299968064763,scr2002,avaStIn,bevFrtRoadLight
CH,h1851,0.4106293035759673,scr2002,avaStIn,bevFrtRoadLight
CH,h1852,0.4302562346105031,scr2002,avaStIn,bevFrtRoadLight
CH,h1853,0.4411964644145132,scr2002,avaStIn,bevFrtRoadLight
CH,h1854,0.45751109901302867,scr2002,avaStIn,bevFrtRoadLight
CH,h1855,0.48871757217710954,scr2002,avaStIn,bevFrtRoadLight
CH,h1856,0.5314509691002262,scr2002,avaStIn,bevFrtRoadLight
CH,h1857,0.5711878747561929,scr2002,avaStIn,bevFrtRoadLight
CH,h1858,0.5980939691710526,scr2002,avaStIn,bevFrtRoadLight
CH,h1859,0.608394034195855,scr2002,avaStIn,bevFrtRoadLight
CH,h1860,0.6010568773540479,scr2002,avaStIn,bevFrtRoadLight
CH,h1861,0.5764247164288175,scr2002,avaStIn,bevFrtRoadLight
CH,h1862,0.5401459054358786,scr2002,avaStIn,bevFrtRoadLight
CH,h1863,0.4982672792884357,scr2002,avaStIn,bevFrtRoadLight
CH,h1864,0.4574139907405833,scr2002,avaStIn,bevFrtRoadLight
CH,h1865,0.42470386872332366,scr2002,avaStIn,bevFrtRoadLight
CH,h1866,0.4070105681582177,scr2002,avaStIn,bevFrtRoadLight
CH,h1867,0.3993554704479094,scr2002,avaStIn,bevFrtRoadLight
CH,h1868,0.3942528360151184,scr2002,avaStIn,bevFrtRoadLight
CH,h1869,0.3809841238928826,scr2002,avaStIn,bevFrtRoadLight
CH,h1870,0.3497784944040866,scr2002,avaStIn,bevFrtRoadLight
CH,h1871,0.3123069662403203,scr2002,avaStIn,bevFrtRoadLight
CH,h1872,0.2821792829284123,scr2002,avaStIn,bevFrtRoadLight
CH,h1873,0.3106843918239848,scr2002,avaStIn,bevFrtRoadLight
CH,h1874,0.35866299968064763,scr2002,avaStIn,bevFrtRoadLight
CH,h1875,0.4106293035759673,scr2002,avaStIn,bevFrtRoadLight
CH,h1876,0.4302562346105031,scr2002,avaStIn,bevFrtRoadLight
CH,h1877,0.4411964644145132,scr2002,avaStIn,bevFrtRoadLight
CH,h1878,0.45751109901302867,scr2002,avaStIn,bevFrtRoadLight
CH,h1879,0.48871757217710954,scr2002,avaStIn,bevFrtRoadLight
CH,h1880,0.5314509691002262,scr2002,avaStIn,bevFrtRoadLight
CH,h1881,0.5711878747561929,scr2002,avaStIn,bevFrtRoadLight
CH,h1882,0.5980939691710526,scr2002,avaStIn,bevFrtRoadLight
CH,h1883,0.608394034195855,scr2002,avaStIn,bevFrtRoadLight
CH,h1884,0.6010568773540479,scr2002,avaStIn,bevFrtRoadLight
CH,h1885,0.5764247164288175,scr2002,avaStIn,bevFrtRoadLight
CH,h1886,0.5401459054358786,scr2002,avaStIn,bevFrtRoadLight
CH,h1887,0.4982672792884357,scr2002,avaStIn,bevFrtRoadLight
CH,h1888,0.4574139907405833,scr2002,avaStIn,bevFrtRoadLight
CH,h1889,0.42470386872332366,scr2002,avaStIn,bevFrtRoadLight
CH,h1890,0.4070105681582177,scr2002,avaStIn,bevFrtRoadLight
CH,h1891,0.3993554704479094,scr2002,avaStIn,bevFrtRoadLight
CH,h1892,0.3942528360151184,scr2002,avaStIn,bevFrtRoadLight
CH,h1893,0.3809841238928826,scr2002,avaStIn,bevFrtRoadLight
CH,h1894,0.3497784944040866,scr2002,avaStIn,bevFrtRoadLight
CH,h1895,0.3123069662403203,scr2002,avaStIn,bevFrtRoadLight
CH,h1896,0.2821792829284123,scr2002,avaStIn,bevFrtRoadLight
CH,h1897,0.3106843918239848,scr2002,avaStIn,bevFrtRoadLight
CH,h1898,0.35866299968064763,scr2002,avaStIn,bevFrtRoadLight
CH,h1899,0.4106293035759673,scr2002,avaStIn,bevFrtRoadLight
CH,h1900,0.4302562346105031,scr2002,avaStIn,bevFrtRoadLight
CH,h1901,0.4411964644145132,scr2002,avaStIn,bevFrtRoadLight
CH,h1902,0.45751109901302867,scr2002,avaStIn,bevFrtRoadLight
CH,h1903,0.48871757217710954,scr2002,avaStIn,bevFrtRoadLight
CH,h1904,0.5314509691002262,scr2002,avaStIn,bevFrtRoadLight
CH,h1905,0.5711878747561929,scr2002,avaStIn,bevFrtRoadLight
CH,h1906,0.5980939691710526,scr2002,avaStIn,bevFrtRoadLight
CH,h1907,0.608394034195855,scr2002,avaStIn,bevFrtRoadLight
CH,h1908,0.6010568773540479,scr2002,avaStIn,bevFrtRoadLight
CH,h1909,0.5764247164288175,scr2002,avaStIn,bevFrtRoadLight
CH,h1910,0.5401459054358786,scr2002,avaStIn,bevFrtRoadLight
CH,h1911,0.4982672792884357,scr2002,avaStIn,bevFrtRoadLight
CH,h1912,0.4574139907405833,scr2002,avaStIn,bevFrtRoadLight
CH,h1913,0.42470386872332366,scr2002,avaStIn,bevFrtRoadLight
CH,h1914,0.4070105681582177,scr2002,avaStIn,bevFrtRoadLight
CH,h1915,0.3993554704479094,scr2002,avaStIn,bevFrtRoadLight
CH,h1916,0.3942528360151184,scr2002,avaStIn,bevFrtRoadLight
CH,h1917,0.3809841238928826,scr2002,avaStIn,bevFrtRoadLight
CH,h1918,0.3497784944040866,scr2002,avaStIn,bevFrtRoadLight
CH,h1919,0.3123069662403203,scr2002,avaStIn,bevFrtRoadLight
CH,h1920,0.2821792829284123,scr2002,avaStIn,bevFrtRoadLight
CH,h1921,0.3106843918239848,scr2002,avaStIn,bevFrtRoadLight
CH,h1922,0.35866299968064763,scr2002,avaStIn,bevFrtRoadLight
CH,h1923,0.4106293035759673,scr2002,avaStIn,bevFrtRoadLight
CH,h1924,0.4302562346105031,scr2002,avaStIn,bevFrtRoadLight
CH,h1925,0.4411964644145132,scr2002,avaStIn,bevFrtRoadLight
CH,h1926,0.45751109901302867,scr2002,avaStIn,bevFrtRoadLight
CH,h1927,0.48871757217710954,scr2002,avaStIn,bevFrtRoadLight
CH,h1928,0.5314509691002262,scr2002,avaStIn,bevFrtRoadLight
CH,h1929,0.5711878747561929,scr2002,avaStIn,bevFrtRoadLight
CH,h1930,0.5980939691710526,scr2002,avaStIn,bevFrtRoadLight
CH,h1931,0.608394034195855,scr2002,avaStIn,bevFrtRoadLight
CH,h1932,0.6010568773540479,scr2002,avaStIn,bevFrtRoadLight
CH,h1933,0.5764247164288175,scr2002,avaStIn,bevFrtRoadLight
CH,h1934,0.5401459054358786,scr2002,avaStIn,bevFrtRoadLight
CH,h1935,0.4982672792884357,scr2002,avaStIn,bevFrtRoadLight
CH,h1936,0.4574139907405833,scr2002,avaStIn,bevFrtRoadLight
CH,h1937,0.42470386872332366,scr2002,avaStIn,bevFrtRoadLight
CH,h1938,0.4070105681582177,scr2002,avaStIn,bevFrtRoadLight
CH,h1939,0.3993554704479094,scr2002,avaStIn,bevFrtRoadLight
CH,h1940,0.3942528360151184,scr2002,avaStIn,bevFrtRoadLight
CH,h1941,0.3809841238928826,scr2002,avaStIn,bevFrtRoadLight
CH,h1942,0.3497784944040866,scr2002,avaStIn,bevFrtRoadLight
CH,h1943,0.3123069662403203,scr2002,avaStIn,bevFrtRoadLight
CH,h1944,0.2821792829284123,scr2002,avaStIn,bevFrtRoadLight
CH,h1945,0.230095162221032,scr2002,avaStIn,bevFrtRoadLight
CH,h1946,0.2300917975935889,scr2002,avaStIn,bevFrtRoadLight
CH,h1947,0.27148343409663167,scr2002,avaStIn,bevFrtRoadLight
CH,h1948,0.3790725700696759,scr2002,avaStIn,bevFrtRoadLight
CH,h1949,0.4623404992613247,scr2002,avaStIn,bevFrtRoadLight
CH,h1950,0.5259162274800008,scr2002,avaStIn,bevFrtRoadLight
CH,h1951,0.5772992909654577,scr2002,avaStIn,bevFrtRoadLight
CH,h1952,0.6171735770568829,scr2002,avaStIn,bevFrtRoadLight
CH,h1953,0.6409152522621753,scr2002,avaStIn,bevFrtRoadLight
CH,h1954,0.6489166669999998,scr2002,avaStIn,bevFrtRoadLight
CH,h1955,0.6400350534574337,scr2002,avaStIn,bevFrtRoadLight
CH,h1956,0.61588415769173,scr2002,avaStIn,bevFrtRoadLight
CH,h1957,0.5753501172674538,scr2002,avaStIn,bevFrtRoadLight
CH,h1958,0.5273486726990765,scr2002,avaStIn,bevFrtRoadLight
CH,h1959,0.47682400205808595,scr2002,avaStIn,bevFrtRoadLight
CH,h1960,0.4288063768750643,scr2002,avaStIn,bevFrtRoadLight
CH,h1961,0.39374570481652504,scr2002,avaStIn,bevFrtRoadLight
CH,h1962,0.3749031506247579,scr2002,avaStIn,bevFrtRoadLight
CH,h1963,0.37209330121313167,scr2002,avaStIn,bevFrtRoadLight
CH,h1964,0.36873105182903665,scr2002,avaStIn,bevFrtRoadLight
CH,h1965,0.3543630997986469,scr2002,avaStIn,bevFrtRoadLight
CH,h1966,0.3154781828948128,scr2002,avaStIn,bevFrtRoadLight
CH,h1967,0.27112993299959987,scr2002,avaStIn,bevFrtRoadLight
CH,h1968,0.2381911639591776,scr2002,avaStIn,bevFrtRoadLight
CH,h1969,0.20075744833264675,scr2002,avaStIn,bevFrtRoadLight
CH,h1970,0.21575624655576675,scr2002,avaStIn,bevFrtRoadLight
CH,h1971,0.27148343409663167,scr2002,avaStIn,bevFrtRoadLight
CH,h1972,0.3790725700696759,scr2002,avaStIn,bevFrtRoadLight
CH,h1973,0.4623404992613247,scr2002,avaStIn,bevFrtRoadLight
CH,h1974,0.5259162274800008,scr2002,avaStIn,bevFrtRoadLight
CH,h1975,0.5772992909654577,scr2002,avaStIn,bevFrtRoadLight
CH,h1976,0.6171735770568829,scr2002,avaStIn,bevFrtRoadLight
CH,h1977,0.6409152522621753,scr2002,avaStIn,bevFrtRoadLight
CH,h1978,0.6489166669999998,scr2002,avaStIn,bevFrtRoadLight
CH,h1979,0.6400350534574337,scr2002,avaStIn,bevFrtRoadLight
CH,h1980,0.61588415769173,scr2002,avaStIn,bevFrtRoadLight
CH,h1981,0.5753501172674538,scr2002,avaStIn,bevFrtRoadLight
CH,h1982,0.5273486726990765,scr2002,avaStIn,bevFrtRoadLight
CH,h1983,0.47682400205808595,scr2002,avaStIn,bevFrtRoadLight
CH,h1984,0.4288063768750643,scr2002,avaStIn,bevFrtRoadLight
CH,h1985,0.39374570481652504,scr2002,avaStIn,bevFrtRoadLight
CH,h1986,0.3749031506247579,scr2002,avaStIn,bevFrtRoadLight
CH,h1987,0.37209330121313167,scr2002,avaStIn,bevFrtRoadLight
CH,h1988,0.36873105182903665,scr2002,avaStIn,bevFrtRoadLight
CH,h1989,0.3543630997986469,scr2002,avaStIn,bevFrtRoadLight
CH,h1990,0.3154781828948128,scr2002,avaStIn,bevFrtRoadLight
CH,h1991,0.27112993299959987,scr2002,avaStIn,bevFrtRoadLight
CH,h1992,0.2381911639591776,scr2002,avaStIn,bevFrtRoadLight
CH,h1993,0.28388199759953203,scr2002,avaStIn,bevFrtRoadLight
CH,h1994,0.34615260530650627,scr2002,avaStIn,bevFrtRoadLight
CH,h1995,0.4106293035759673,scr2002,avaStIn,bevFrtRoadLight
CH,h1996,0.4302562346105031,scr2002,avaStIn,bevFrtRoadLight
CH,h1997,0.4411964644145132,scr2002,avaStIn,bevFrtRoadLight
CH,h1998,0.45751109901302867,scr2002,avaStIn,bevFrtRoadLight
CH,h1999,0.48871757217710954,scr2002,avaStIn,bevFrtRoadLight
CH,h2000,0.5314509691002262,scr2002,avaStIn,bevFrtRoadLight
CH,h2001,0.5711878747561929,scr2002,avaStIn,bevFrtRoadLight
CH,h2002,0.5980939691710526,scr2002,avaStIn,bevFrtRoadLight
CH,h2003,0.608394034195855,scr2002,avaStIn,bevFrtRoadLight
CH,h2004,0.6010568773540479,scr2002,avaStIn,bevFrtRoadLight
CH,h2005,0.5764247164288175,scr2002,avaStIn,bevFrtRoadLight
CH,h2006,0.5401459054358786,scr2002,avaStIn,bevFrtRoadLight
CH,h2007,0.4982672792884357,scr2002,avaStIn,bevFrtRoadLight
CH,h2008,0.4574139907405833,scr2002,avaStIn,bevFrtRoadLight
CH,h2009,0.42470386872332366,scr2002,avaStIn,bevFrtRoadLight
CH,h2010,0.4070105681582177,scr2002,avaStIn,bevFrtRoadLight
CH,h2011,0.3993554704479094,scr2002,avaStIn,bevFrtRoadLight
CH,h2012,0.3942528360151184,scr2002,avaStIn,bevFrtRoadLight
CH,h2013,0.3809841238928826,scr2002,avaStIn,bevFrtRoadLight
CH,h2014,0.3497784944040866,scr2002,avaStIn,bevFrtRoadLight
CH,h2015,0.3123069662403203,scr2002,avaStIn,bevFrtRoadLight
CH,h2016,0.2821792829284123,scr2002,avaStIn,bevFrtRoadLight
CH,h2017,0.3072840894621327,scr2002,avaStIn,bevFrtRoadLight
CH,h2018,0.33666905394072466,scr2002,avaStIn,bevFrtRoadLight
CH,h2019,0.36655496485550265,scr2002,avaStIn,bevFrtRoadLight
CH,h2020,0.3745731212047183,scr2002,avaStIn,bevFrtRoadLight
CH,h2021,0.4026088526762964,scr2002,avaStIn,bevFrtRoadLight
CH,h2022,0.44640061438376677,scr2002,avaStIn,bevFrtRoadLight
CH,h2023,0.4973037920546317,scr2002,avaStIn,bevFrtRoadLight
CH,h2024,0.5420216950586382,scr2002,avaStIn,bevFrtRoadLight
CH,h2025,0.5736954068525849,scr2002,avaStIn,bevFrtRoadLight
CH,h2026,0.5880342997851788,scr2002,avaStIn,bevFrtRoadLight
CH,h2027,0.5918947845476326,scr2002,avaStIn,bevFrtRoadLight
CH,h2028,0.5837522950091351,scr2002,avaStIn,bevFrtRoadLight
CH,h2029,0.566630011228302,scr2002,avaStIn,bevFrtRoadLight
CH,h2030,0.5326460205473856,scr2002,avaStIn,bevFrtRoadLight
CH,h2031,0.48334141219508586,scr2002,avaStIn,bevFrtRoadLight
CH,h2032,0.4237800531764452,scr2002,avaStIn,bevFrtRoadLight
CH,h2033,0.3668064382544399,scr2002,avaStIn,bevFrtRoadLight
CH,h2034,0.33858624085132816,scr2002,avaStIn,bevFrtRoadLight
CH,h2035,0.33981235579051505,scr2002,avaStIn,bevFrtRoadLight
CH,h2036,0.3644150552627201,scr2002,avaStIn,bevFrtRoadLight
CH,h2037,0.39407002810213865,scr2002,avaStIn,bevFrtRoadLight
CH,h2038,0.4100441996396512,scr2002,avaStIn,bevFrtRoadLight
CH,h2039,0.41244752514225314,scr2002,avaStIn,bevFrtRoadLight
CH,h2040,0.3977671810575979,scr2002,avaStIn,bevFrtRoadLight
CH,h2041,0.3840802424090224,scr2002,avaStIn,bevFrtRoadLight
CH,h2042,0.37136048642151265,scr2002,avaStIn,bevFrtRoadLight
CH,h2043,0.36655496485550265,scr2002,avaStIn,bevFrtRoadLight
CH,h2044,0.3745731212047183,scr2002,avaStIn,bevFrtRoadLight
CH,h2045,0.4026088526762964,scr2002,avaStIn,bevFrtRoadLight
CH,h2046,0.44640061438376677,scr2002,avaStIn,bevFrtRoadLight
CH,h2047,0.4973037920546317,scr2002,avaStIn,bevFrtRoadLight
CH,h2048,0.5420216950586382,scr2002,avaStIn,bevFrtRoadLight
CH,h2049,0.5736954068525849,scr2002,avaStIn,bevFrtRoadLight
CH,h2050,0.5880342997851788,scr2002,avaStIn,bevFrtRoadLight
CH,h2051,0.5918947845476326,scr2002,avaStIn,bevFrtRoadLight
CH,h2052,0.5837522950091351,scr2002,avaStIn,bevFrtRoadLight
CH,h2053,0.566630011228302,scr2002,avaStIn,bevFrtRoadLight
CH,h2054,0.5326460205473856,scr2002,avaStIn,bevFrtRoadLight
CH,h2055,0.48334141219508586,scr2002,avaStIn,bevFrtRoadLight
CH,h2056,0.4237800531764452,scr2002,avaStIn,bevFrtRoadLight
CH,h2057,0.3668064382544399,scr2002,avaStIn,bevFrtRoadLight
CH,h2058,0.33858624085132816,scr2002,avaStIn,bevFrtRoadLight
CH,h2059,0.33981235579051505,scr2002,avaStIn,bevFrtRoadLight
CH,h2060,0.3644150552627201,scr2002,avaStIn,bevFrtRoadLight
CH,h2061,0.39407002810213865,scr2002,avaStIn,bevFrtRoadLight
CH,h2062,0.4100441996396512,scr2002,avaStIn,bevFrtRoadLight
CH,h2063,0.41244752514225314,scr2002,avaStIn,bevFrtRoadLight
CH,h2064,0.3977671810575979,scr2002,avaStIn,bevFrtRoadLight
CH,h2065,0.3840802424090224,scr2002,avaStIn,bevFrtRoadLight
CH,h2066,0.37136048642151265,scr2002,avaStIn,bevFrtRoadLight
CH,h2067,0.36655496485550265,scr2002,avaStIn,bevFrtRoadLight
CH,h2068,0.3745731212047183,scr2002,avaStIn,bevFrtRoadLight
CH,h2069,0.4026088526762964,scr2002,avaStIn,bevFrtRoadLight
CH,h2070,0.44640061438376677,scr2002,avaStIn,bevFrtRoadLight
CH,h2071,0.4973037920546317,scr2002,avaStIn,bevFrtRoadLight
CH,h2072,0.5420216950586382,scr2002,avaStIn,bevFrtRoadLight
CH,h2073,0.5736954068525849,scr2002,avaStIn,bevFrtRoadLight
CH,h2074,0.5880342997851788,scr2002,avaStIn,bevFrtRoadLight
CH,h2075,0.5918947845476326,scr2002,avaStIn,bevFrtRoadLight
CH,h2076,0.5837522950091351,scr2002,avaStIn,bevFrtRoadLight
CH,h2077,0.566630011228302,scr2002,avaStIn,bevFrtRoadLight
CH,h2078,0.5326460205473856,scr2002,avaStIn,bevFrtRoadLight
CH,h2079,0.48334141219508586,scr2002,avaStIn,bevFrtRoadLight
CH,h2080,0.4237800531764452,scr2002,avaStIn,bevFrtRoadLight
CH,h2081,0.3668064382544399,scr2002,avaStIn,bevFrtRoadLight
CH,h2082,0.33858624085132816,scr2002,avaStIn,bevFrtRoadLight
CH,h2083,0.33981235579051505,scr2002,avaStIn,bevFrtRoadLight
CH,h2084,0.3644150552627201,scr2002,avaStIn,bevFrtRoadLight
CH,h2085,0.39407002810213865,scr2002,avaStIn,bevFrtRoadLight
CH,h2086,0.4100441996396512,scr2002,avaStIn,bevFrtRoadLight
CH,h2087,0.41244752514225314,scr2002,avaStIn,bevFrtRoadLight
CH,h2088,0.3977671810575979,scr2002,avaStIn,bevFrtRoadLight
CH,h2089,0.3840802424090224,scr2002,avaStIn,bevFrtRoadLight
CH,h2090,0.37136048642151265,scr2002,avaStIn,bevFrtRoadLight
CH,h2091,0.36655496485550265,scr2002,avaStIn,bevFrtRoadLight
CH,h2092,0.3745731212047183,scr2002,avaStIn,bevFrtRoadLight
CH,h2093,0.4026088526762964,scr2002,avaStIn,bevFrtRoadLight
CH,h2094,0.44640061438376677,scr2002,avaStIn,bevFrtRoadLight
CH,h2095,0.4973037920546317,scr2002,avaStIn,bevFrtRoadLight
CH,h2096,0.5420216950586382,scr2002,avaStIn,bevFrtRoadLight
CH,h2097,0.5736954068525849,scr2002,avaStIn,bevFrtRoadLight
CH,h2098,0.5880342997851788,scr2002,avaStIn,bevFrtRoadLight
CH,h2099,0.5918947845476326,scr2002,avaStIn,bevFrtRoadLight
CH,h2100,0.5837522950091351,scr2002,avaStIn,bevFrtRoadLight
CH,h2101,0.566630011228302,scr2002,avaStIn,bevFrtRoadLight
CH,h2102,0.5326460205473856,scr2002,avaStIn,bevFrtRoadLight
CH,h2103,0.48334141219508586,scr2002,avaStIn,bevFrtRoadLight
CH,h2104,0.4237800531764452,scr2002,avaStIn,bevFrtRoadLight
CH,h2105,0.3668064382544399,scr2002,avaStIn,bevFrtRoadLight
CH,h2106,0.33858624085132816,scr2002,avaStIn,bevFrtRoadLight
CH,h2107,0.33981235579051505,scr2002,avaStIn,bevFrtRoadLight
CH,h2108,0.3644150552627201,scr2002,avaStIn,bevFrtRoadLight
CH,h2109,0.39407002810213865,scr2002,avaStIn,bevFrtRoadLight
CH,h2110,0.4100441996396512,scr2002,avaStIn,bevFrtRoadLight
CH,h2111,0.41244752514225314,scr2002,avaStIn,bevFrtRoadLight
CH,h2112,0.3977671810575979,scr2002,avaStIn,bevFrtRoadLight
CH,h2113,0.4215422859318668,scr2002,avaStIn,bevFrtRoadLight
CH,h2114,0.44561523253946533,scr2002,avaStIn,bevFrtRoadLight
CH,h2115,0.46890884939949806,scr2002,avaStIn,bevFrtRoadLight
CH,h2116,0.4606801828577375,scr2002,avaStIn,bevFrtRoadLight
CH,h2117,0.4598809008191356,scr2002,avaStIn,bevFrtRoadLight
CH,h2118,0.47373682010553864,scr2002,avaStIn,bevFrtRoadLight
CH,h2119,0.49837466067849223,scr2002,avaStIn,bevFrtRoadLight
CH,h2120,0.5249322712656334,scr2002,avaStIn,bevFrtRoadLight
CH,h2121,0.5295524702973696,scr2002,avaStIn,bevFrtRoadLight
CH,h2122,0.5237384833973733,scr2002,avaStIn,bevFrtRoadLight
CH,h2123,0.517462220076728,scr2002,avaStIn,bevFrtRoadLight
CH,h2124,0.5202231448594441,scr2002,avaStIn,bevFrtRoadLight
CH,h2125,0.5168074572603817,scr2002,avaStIn,bevFrtRoadLight
CH,h2126,0.4881087918461403,scr2002,avaStIn,bevFrtRoadLight
CH,h2127,0.4401501060096197,scr2002,avaStIn,bevFrtRoadLight
CH,h2128,0.3751810028677981,scr2002,avaStIn,bevFrtRoadLight
CH,h2129,0.3184738733356699,scr2002,avaStIn,bevFrtRoadLight
CH,h2130,0.2885496316681868,scr2002,avaStIn,bevFrtRoadLight
CH,h2131,0.2950430145218158,scr2002,avaStIn,bevFrtRoadLight
CH,h2132,0.3362350273761402,scr2002,avaStIn,bevFrtRoadLight
CH,h2133,0.3905257678468871,scr2002,avaStIn,bevFrtRoadLight
CH,h2134,0.4405757953478313,scr2002,avaStIn,bevFrtRoadLight
CH,h2135,0.4738121072088959,scr2002,avaStIn,bevFrtRoadLight
CH,h2136,0.4995552626921461,scr2002,avaStIn,bevFrtRoadLight
CH,h2137,0.5006979269249346,scr2002,avaStIn,bevFrtRoadLight
CH,h2138,0.49234384959123256,scr2002,avaStIn,bevFrtRoadLight
CH,h2139,0.46890884939949806,scr2002,avaStIn,bevFrtRoadLight
CH,h2140,0.4606801828577375,scr2002,avaStIn,bevFrtRoadLight
CH,h2141,0.4598809008191356,scr2002,avaStIn,bevFrtRoadLight
CH,h2142,0.47373682010553864,scr2002,avaStIn,bevFrtRoadLight
CH,h2143,0.49837466067849223,scr2002,avaStIn,bevFrtRoadLight
CH,h2144,0.5249322712656334,scr2002,avaStIn,bevFrtRoadLight
CH,h2145,0.5295524702973696,scr2002,avaStIn,bevFrtRoadLight
CH,h2146,0.5237384833973733,scr2002,avaStIn,bevFrtRoadLight
CH,h2147,0.517462220076728,scr2002,avaStIn,bevFrtRoadLight
CH,h2148,0.5202231448594441,scr2002,avaStIn,bevFrtRoadLight
CH,h2149,0.5168074572603817,scr2002,avaStIn,bevFrtRoadLight
CH,h2150,0.4881087918461403,scr2002,avaStIn,bevFrtRoadLight
CH,h2151,0.4401501060096197,scr2002,avaStIn,bevFrtRoadLight
CH,h2152,0.3751810028677981,scr2002,avaStIn,bevFrtRoadLight
CH,h2153,0.3184738733356699,scr2002,avaStIn,bevFrtRoadLight
CH,h2154,0.2885496316681868,scr2002,avaStIn,bevFrtRoadLight
CH,h2155,0.2950430145218158,scr2002,avaStIn,bevFrtRoadLight
CH,h2156,0.3362350273761402,scr2002,avaStIn,bevFrtRoadLight
CH,h2157,0.3905257678468871,scr2002,avaStIn,bevFrtRoadLight
CH,h2158,0.4405757953478313,scr2002,avaStIn,bevFrtRoadLight
CH,h2159,0.4738121072088959,scr2002,avaStIn,bevFrtRoadLight
CH,h2160,0.4995552626921461,scr2002,avaStIn,bevFrtRoadLight
CZ,h1441,0.3714353995574986,scr2002,avaStIn,bevFrtRoadLight
CZ,h1442,0.3846086524108919,scr2002,avaStIn,bevFrtRoadLight
CZ,h1443,0.42374952391826404,scr2002,avaStIn,bevFrtRoadLight
CZ,h1444,0.4709102315761218,scr2002,avaStIn,bevFrtRoadLight
CZ,h1445,0.5000591446961408,scr2002,avaStIn,bevFrtRoadLight
CZ,h1446,0.495233345157142,scr2002,avaStIn,bevFrtRoadLight
CZ,h1447,0.5008043596015219,scr2002,avaStIn,bevFrtRoadLight
CZ,h1448,0.5021789974738545,scr2002,avaStIn,bevFrtRoadLight
CZ,h1449,0.5231874460949842,scr2002,avaStIn,bevFrtRoadLight
CZ,h1450,0.5308529822226913,scr2002,avaStIn,bevFrtRoadLight
CZ,h1451,0.536356959269228,scr2002,avaStIn,bevFrtRoadLight
CZ,h1452,0.5373881561276749,scr2002,avaStIn,bevFrtRoadLight
CZ,h1453,0.5288075990651915,scr2002,avaStIn,bevFrtRoadLight
CZ,h1454,0.5095709286669997,scr2002,avaStIn,bevFrtRoadLight
CZ,h1455,0.473753550931062,scr2002,avaStIn,bevFrtRoadLight
CZ,h1456,0.4304466538396563,scr2002,avaStIn,bevFrtRoadLight
CZ,h1457,0.3826879992214788,scr2002,avaStIn,bevFrtRoadLight
CZ,h1458,0.35009603390058996,scr2002,avaStIn,bevFrtRoadLight
CZ,h1459,0.3349394292024723,scr2002,avaStIn,bevFrtRoadLight
CZ,h1460,0.34869160218954365,scr2002,avaStIn,bevFrtRoadLight
CZ,h1461,0.36780057797615695,scr2002,avaStIn,bevFrtRoadLight
CZ,h1462,0.38682791024436847,scr2002,avaStIn,bevFrtRoadLight
CZ,h1463,0.3912979680884232,scr2002,avaStIn,bevFrtRoadLight
CZ,h1464,0.3985938980480803,scr2002,avaStIn,bevFrtRoadLight
CZ,h1465,0.38540755881640665,scr2002,avaStIn,bevFrtRoadLight
CZ,h1466,0.39834418280524153,scr2002,avaStIn,bevFrtRoadLight
CZ,h1467,0.42374952391826404,scr2002,avaStIn,bevFrtRoadLight
CZ,h1468,0.4709102315761218,scr2002,avaStIn,bevFrtRoadLight
CZ,h1469,0.5000591446961408,scr2002,avaStIn,bevFrtRoadLight
CZ,h1470,0.495233345157142,scr2002,avaStIn,bevFrtRoadLight
CZ,h1471,0.5008043596015219,scr2002,avaStIn,bevFrtRoadLight
CZ,h1472,0.5021789974738545,scr2002,avaStIn,bevFrtRoadLight
CZ,h1473,0.5231874460949842,scr2002,avaStIn,bevFrtRoadLight
CZ,h1474,0.5308529822226913,scr2002,avaStIn,bevFrtRoadLight
CZ,h1475,0.536356959269228,scr2002,avaStIn,bevFrtRoadLight
CZ,h1476,0.5373881561276749,scr2002,avaStIn,bevFrtRoadLight
CZ,h1477,0.5288075990651915,scr2002,avaStIn,bevFrtRoadLight
CZ,h1478,0.5095709286669997,scr2002,avaStIn,bevFrtRoadLight
CZ,h1479,0.473753550931062,scr2002,avaStIn,bevFrtRoadLight
CZ,h1480,0.4304466538396563,scr2002,avaStIn,bevFrtRoadLight
CZ,h1481,0.3826879992214788,scr2002,avaStIn,bevFrtRoadLight
CZ,h1482,0.35009603390058996,scr2002,avaStIn,bevFrtRoadLight
CZ,h1483,0.3349394292024723,scr2002,avaStIn,bevFrtRoadLight
CZ,h1484,0.34869160218954365,scr2002,avaStIn,bevFrtRoadLight
CZ,h1485,0.36780057797615695,scr2002,avaStIn,bevFrtRoadLight
CZ,h1486,0.38682791024436847,scr2002,avaStIn,bevFrtRoadLight
CZ,h1487,0.3912979680884232,scr2002,avaStIn,bevFrtRoadLight
CZ,h1488,0.3985938980480803,scr2002,avaStIn,bevFrtRoadLight
CZ,h1489,0.4174388969205469,scr2002,avaStIn,bevFrtRoadLight
CZ,h1490,0.4439543832070485,scr2002,avaStIn,bevFrtRoadLight
CZ,h1491,0.464238846132911,scr2002,avaStIn,bevFrtRoadLight
CZ,h1492,0.4692993118565085,scr2002,avaStIn,bevFrtRoadLight
CZ,h1493,0.4647572130501477,scr2002,avaStIn,bevFrtRoadLight
CZ,h1494,0.4606421333392813,scr2002,avaStIn,bevFrtRoadLight
CZ,h1495,0.4606294501381404,scr2002,avaStIn,bevFrtRoadLight
CZ,h1496,0.4771202000278558,scr2002,avaStIn,bevFrtRoadLight
CZ,h1497,0.4942956004519071,scr2002,avaStIn,bevFrtRoadLight
CZ,h1498,0.5099123823053463,scr2002,avaStIn,bevFrtRoadLight
CZ,h1499,0.5161038254350148,scr2002,avaStIn,bevFrtRoadLight
CZ,h1500,0.5219276355822776,scr2002,avaStIn,bevFrtRoadLight
CZ,h1501,0.5234247828552905,scr2002,avaStIn,bevFrtRoadLight
CZ,h1502,0.515666896351518,scr2002,avaStIn,bevFrtRoadLight
CZ,h1503,0.4904757420921084,scr2002,avaStIn,bevFrtRoadLight
CZ,h1504,0.4511048686615209,scr2002,avaStIn,bevFrtRoadLight
CZ,h1505,0.401719554609377,scr2002,avaStIn,bevFrtRoadLight
CZ,h1506,0.362910361244157,scr2002,avaStIn,bevFrtRoadLight
CZ,h1507,0.3472619056461236,scr2002,avaStIn,bevFrtRoadLight
CZ,h1508,0.35727079588328314,scr2002,avaStIn,bevFrtRoadLight
CZ,h1509,0.378468834507535,scr2002,avaStIn,bevFrtRoadLight
CZ,h1510,0.39319028121074384,scr2002,avaStIn,bevFrtRoadLight
CZ,h1511,0.3959422870730802,scr2002,avaStIn,bevFrtRoadLight
CZ,h1512,0.3854887711962275,scr2002,avaStIn,bevFrtRoadLight
CZ,h1513,0.42769853598926943,scr2002,avaStIn,bevFrtRoadLight
CZ,h1514,0.46444116177482064,scr2002,avaStIn,bevFrtRoadLight
CZ,h1515,0.5002557267591349,scr2002,avaStIn,bevFrtRoadLight
CZ,h1516,0.4779833592811431,scr2002,avaStIn,bevFrtRoadLight
CZ,h1517,0.45518876455881485,scr2002,avaStIn,bevFrtRoadLight
CZ,h1518,0.43596244051473665,scr2002,avaStIn,bevFrtRoadLight
CZ,h1519,0.4287672948543091,scr2002,avaStIn,bevFrtRoadLight
CZ,h1520,0.4310449118345231,scr2002,avaStIn,bevFrtRoadLight
CZ,h1521,0.43651906754470926,scr2002,avaStIn,bevFrtRoadLight
CZ,h1522,0.42784196327677315,scr2002,avaStIn,bevFrtRoadLight
CZ,h1523,0.40165285769436365,scr2002,avaStIn,bevFrtRoadLight
CZ,h1524,0.3554492048303812,scr2002,avaStIn,bevFrtRoadLight
CZ,h1525,0.30743387757687923,scr2002,avaStIn,bevFrtRoadLight
CZ,h1526,0.278936309503648,scr2002,avaStIn,bevFrtRoadLight
CZ,h1527,0.28525649117608465,scr2002,avaStIn,bevFrtRoadLight
CZ,h1528,0.33100477113297455,scr2002,avaStIn,bevFrtRoadLight
CZ,h1529,0.3951643597987161,scr2002,avaStIn,bevFrtRoadLight
CZ,h1530,0.46644985491696445,scr2002,avaStIn,bevFrtRoadLight
CZ,h1531,0.5302489042156142,scr2002,avaStIn,bevFrtRoadLight
CZ,h1532,0.5770673902258092,scr2002,avaStIn,bevFrtRoadLight
CZ,h1533,0.5986769755958498,scr2002,avaStIn,bevFrtRoadLight
CZ,h1534,0.6016883948095747,scr2002,avaStIn,bevFrtRoadLight
CZ,h1535,0.5924055260109063,scr2002,avaStIn,bevFrtRoadLight
CZ,h1536,0.5774847836798132,scr2002,avaStIn,bevFrtRoadLight
CZ,h1537,0.5517773619954187,scr2002,avaStIn,bevFrtRoadLight
CZ,h1538,0.5248358437172166,scr2002,avaStIn,bevFrtRoadLight
CZ,h1539,0.5002557267591349,scr2002,avaStIn,bevFrtRoadLight
CZ,h1540,0.4779833592811431,scr2002,avaStIn,bevFrtRoadLight
CZ,h1541,0.45518876455881485,scr2002,avaStIn,bevFrtRoadLight
CZ,h1542,0.43596244051473665,scr2002,avaStIn,bevFrtRoadLight
CZ,h1543,0.4287672948543091,scr2002,avaStIn,bevFrtRoadLight
CZ,h1544,0.4310449118345231,scr2002,avaStIn,bevFrtRoadLight
CZ,h1545,0.43651906754470926,scr2002,avaStIn,bevFrtRoadLight
CZ,h1546,0.42784196327677315,scr2002,avaStIn,bevFrtRoadLight
CZ,h1547,0.40165285769436365,scr2002,avaStIn,bevFrtRoadLight
CZ,h1548,0.3554492048303812,scr2002,avaStIn,bevFrtRoadLight
CZ,h1549,0.30743387757687923,scr2002,avaStIn,bevFrtRoadLight
CZ,h1550,0.278936309503648,scr2002,avaStIn,bevFrtRoadLight
CZ,h1551,0.28525649117608465,scr2002,avaStIn,bevFrtRoadLight
CZ,h1552,0.33100477113297455,scr2002,avaStIn,bevFrtRoadLight
CZ,h1553,0.3951643597987161,scr2002,avaStIn,bevFrtRoadLight
CZ,h1554,0.46644985491696445,scr2002,avaStIn,bevFrtRoadLight
CZ,h1555,0.5302489042156142,scr2002,avaStIn,bevFrtRoadLight
CZ,h1556,0.5770673902258092,scr2002,avaStIn,bevFrtRoadLight
CZ,h1557,0.5986769755958498,scr2002,avaStIn,bevFrtRoadLight
CZ,h1558,0.6016883948095747,scr2002,avaStIn,bevFrtRoadLight
CZ,h1559,0.5924055260109063,scr2002,avaStIn,bevFrtRoadLight
CZ,h1560,0.5774847836798132,scr2002,avaStIn,bevFrtRoadLight
CZ,h1561,0.5517773619954187,scr2002,avaStIn,bevFrtRoadLight
CZ,h1562,0.5248358437172166,scr2002,avaStIn,bevFrtRoadLight
CZ,h1563,0.5002557267591349,scr2002,avaStIn,bevFrtRoadLight
CZ,h1564,0.4779833592811431,scr2002,avaStIn,bevFrtRoadLight
CZ,h1565,0.45518876455881485,scr2002,avaStIn,bevFrtRoadLight
CZ,h1566,0.43596244051473665,scr2002,avaStIn,bevFrtRoadLight
CZ,h1567,0.4287672948543091,scr2002,avaStIn,bevFrtRoadLight
CZ,h1568,0.4310449118345231,scr2002,avaStIn,bevFrtRoadLight
CZ,h1569,0.43651906754470926,scr2002,avaStIn,bevFrtRoadLight
CZ,h1570,0.42784196327677315,scr2002,avaStIn,bevFrtRoadLight
CZ,h1571,0.40165285769436365,scr2002,avaStIn,bevFrtRoadLight
CZ,h1572,0.3554492048303812,scr2002,avaStIn,bevFrtRoadLight
CZ,h1573,0.30743387757687923,scr2002,avaStIn,bevFrtRoadLight
CZ,h1574,0.278936309503648,scr2002,avaStIn,bevFrtRoadLight
CZ,h1575,0.28525649117608465,scr2002,avaStIn,bevFrtRoadLight
CZ,h1576,0.33100477113297455,scr2002,avaStIn,bevFrtRoadLight
CZ,h1577,0.3951643597987161,scr2002,avaStIn,bevFrtRoadLight
CZ,h1578,0.46644985491696445,scr2002,avaStIn,bevFrtRoadLight
CZ,h1579,0.5302489042156142,scr2002,avaStIn,bevFrtRoadLight
CZ,h1580,0.5770673902258092,scr2002,avaStIn,bevFrtRoadLight
CZ,h1581,0.5986769755958498,scr2002,avaStIn,bevFrtRoadLight
CZ,h1582,0.6016883948095747,scr2002,avaStIn,bevFrtRoadLight
CZ,h1583,0.5924055260109063,scr2002,avaStIn,bevFrtRoadLight
CZ,h1584,0.5774847836798132,scr2002,avaStIn,bevFrtRoadLight
CZ,h1585,0.5517773619954187,scr2002,avaStIn,bevFrtRoadLight
CZ,h1586,0.5248358437172166,scr2002,avaStIn,bevFrtRoadLight
CZ,h1587,0.5002557267591349,scr2002,avaStIn,bevFrtRoadLight
CZ,h1588,0.4779833592811431,scr2002,avaStIn,bevFrtRoadLight
CZ,h1589,0.45518876455881485,scr2002,avaStIn,bevFrtRoadLight
CZ,h1590,0.43596244051473665,scr2002,avaStIn,bevFrtRoadLight
CZ,h1591,0.4287672948543091,scr2002,avaStIn,bevFrtRoadLight
CZ,h1592,0.4310449118345231,scr2002,avaStIn,bevFrtRoadLight
CZ,h1593,0.43651906754470926,scr2002,avaStIn,bevFrtRoadLight
CZ,h1594,0.42784196327677315,scr2002,avaStIn,bevFrtRoadLight
CZ,h1595,0.40165285769436365,scr2002,avaStIn,bevFrtRoadLight
CZ,h1596,0.3554492048303812,scr2002,avaStIn,bevFrtRoadLight
CZ,h1597,0.30743387757687923,scr2002,avaStIn,bevFrtRoadLight
CZ,h1598,0.278936309503648,scr2002,avaStIn,bevFrtRoadLight
CZ,h1599,0.28525649117608465,scr2002,avaStIn,bevFrtRoadLight
CZ,h1600,0.33100477113297455,scr2002,avaStIn,bevFrtRoadLight
CZ,h1601,0.3951643597987161,scr2002,avaStIn,bevFrtRoadLight
CZ,h1602,0.46644985491696445,scr2002,avaStIn,bevFrtRoadLight
CZ,h1603,0.5302489042156142,scr2002,avaStIn,bevFrtRoadLight
CZ,h1604,0.5770673902258092,scr2002,avaStIn,bevFrtRoadLight
CZ,h1605,0.5986769755958498,scr2002,avaStIn,bevFrtRoadLight
CZ,h1606,0.6016883948095747,scr2002,avaStIn,bevFrtRoadLight
CZ,h1607,0.5924055260109063,scr2002,avaStIn,bevFrtRoadLight
CZ,h1608,0.5774847836798132,scr2002,avaStIn,bevFrtRoadLight
CZ,h1609,0.5399833096273894,scr2002,avaStIn,bevFrtRoadLight
CZ,h1610,0.5020113380135911,scr2002,avaStIn,bevFrtRoadLight
CZ,h1611,0.4635722307063156,scr2002,avaStIn,bevFrtRoadLight
CZ,h1612,0.4380348659574729,scr2002,avaStIn,bevFrtRoadLight
CZ,h1613,0.40762124803256283,scr2002,avaStIn,bevFrtRoadLight
CZ,h1614,0.37888830724468336,scr2002,avaStIn,bevFrtRoadLight
CZ,h1615,0.36958381422293585,scr2002,avaStIn,bevFrtRoadLight
CZ,h1616,0.37840208488783933,scr2002,avaStIn,bevFrtRoadLight
CZ,h1617,0.40312593459237533,scr2002,avaStIn,bevFrtRoadLight
CZ,h1618,0.41362439373824145,scr2002,avaStIn,bevFrtRoadLight
CZ,h1619,0.4028461315685412,scr2002,avaStIn,bevFrtRoadLight
CZ,h1620,0.3603437041144123,scr2002,avaStIn,bevFrtRoadLight
CZ,h1621,0.300735364069155,scr2002,avaStIn,bevFrtRoadLight
CZ,h1622,0.24177370465061954,scr2002,avaStIn,bevFrtRoadLight
CZ,h1623,0.21970614560615676,scr2002,avaStIn,bevFrtRoadLight
CZ,h1624,0.25508395733229006,scr2002,avaStIn,bevFrtRoadLight
CZ,h1625,0.34767139096765254,scr2002,avaStIn,bevFrtRoadLight
CZ,h1626,0.45228041046836875,scr2002,avaStIn,bevFrtRoadLight
CZ,h1627,0.5341134302691986,scr2002,avaStIn,bevFrtRoadLight
CZ,h1628,0.5851656457268322,scr2002,avaStIn,bevFrtRoadLight
CZ,h1629,0.6079565962864942,scr2002,avaStIn,bevFrtRoadLight
CZ,h1630,0.6088378322847627,scr2002,avaStIn,bevFrtRoadLight
CZ,h1631,0.5862547005889717,scr2002,avaStIn,bevFrtRoadLight
CZ,h1632,0.5503272305028044,scr2002,avaStIn,bevFrtRoadLight
CZ,h1633,0.5157882800473498,scr2002,avaStIn,bevFrtRoadLight
CZ,h1634,0.4876212160339364,scr2002,avaStIn,bevFrtRoadLight
CZ,h1635,0.4635722307063156,scr2002,avaStIn,bevFrtRoadLight
CZ,h1636,0.4380348659574729,scr2002,avaStIn,bevFrtRoadLight
CZ,h1637,0.40762124803256283,scr2002,avaStIn,bevFrtRoadLight
CZ,h1638,0.37888830724468336,scr2002,avaStIn,bevFrtRoadLight
CZ,h1639,0.36958381422293585,scr2002,avaStIn,bevFrtRoadLight
CZ,h1640,0.37840208488783933,scr2002,avaStIn,bevFrtRoadLight
CZ,h1641,0.40312593459237533,scr2002,avaStIn,bevFrtRoadLight
CZ,h1642,0.41362439373824145,scr2002,avaStIn,bevFrtRoadLight
CZ,h1643,0.4028461315685412,scr2002,avaStIn,bevFrtRoadLight
CZ,h1644,0.3603437041144123,scr2002,avaStIn,bevFrtRoadLight
CZ,h1645,0.300735364069155,scr2002,avaStIn,bevFrtRoadLight
CZ,h1646,0.24177370465061954,scr2002,avaStIn,bevFrtRoadLight
CZ,h1647,0.21970614560615676,scr2002,avaStIn,bevFrtRoadLight
CZ,h1648,0.25508395733229006,scr2002,avaStIn,bevFrtRoadLight
CZ,h1649,0.34767139096765254,scr2002,avaStIn,bevFrtRoadLight
CZ,h1650,0.45228041046836875,scr2002,avaStIn,bevFrtRoadLight
CZ,h1651,0.5341134302691986,scr2002,avaStIn,bevFrtRoadLight
CZ,h1652,0.5851656457268322,scr2002,avaStIn,bevFrtRoadLight
CZ,h1653,0.6079565962864942,scr2002,avaStIn,bevFrtRoadLight
CZ,h1654,0.6088378322847627,scr2002,avaStIn,bevFrtRoadLight
CZ,h1655,0.5862547005889717,scr2002,avaStIn,bevFrtRoadLight
CZ,h1656,0.5503272305028044,scr2002,avaStIn,bevFrtRoadLight
CZ,h1657,0.5277989482493217,scr2002,avaStIn,bevFrtRoadLight
CZ,h1658,0.5107010378978177,scr2002,avaStIn,bevFrtRoadLight
CZ,h1659,0.5002557267591349,scr2002,avaStIn,bevFrtRoadLight
CZ,h1660,0.4779833592811431,scr2002,avaStIn,bevFrtRoadLight
CZ,h1661,0.45518876455881485,scr2002,avaStIn,bevFrtRoadLight
CZ,h1662,0.43596244051473665,scr2002,avaStIn,bevFrtRoadLight
CZ,h1663,0.4287672948543091,scr2002,avaStIn,bevFrtRoadLight
CZ,h1664,0.4310449118345231,scr2002,avaStIn,bevFrtRoadLight
CZ,h1665,0.43651906754470926,scr2002,avaStIn,bevFrtRoadLight
CZ,h1666,0.42784196327677315,scr2002,avaStIn,bevFrtRoadLight
CZ,h1667,0.40165285769436365,scr2002,avaStIn,bevFrtRoadLight
CZ,h1668,0.3554492048303812,scr2002,avaStIn,bevFrtRoadLight
CZ,h1669,0.30743387757687923,scr2002,avaStIn,bevFrtRoadLight
CZ,h1670,0.278936309503648,scr2002,avaStIn,bevFrtRoadLight
CZ,h1671,0.28525649117608465,scr2002,avaStIn,bevFrtRoadLight
CZ,h1672,0.33100477113297455,scr2002,avaStIn,bevFrtRoadLight
CZ,h1673,0.3951643597987161,scr2002,avaStIn,bevFrtRoadLight
CZ,h1674,0.46644985491696445,scr2002,avaStIn,bevFrtRoadLight
CZ,h1675,0.5302489042156142,scr2002,avaStIn,bevFrtRoadLight
CZ,h1676,0.5770673902258092,scr2002,avaStIn,bevFrtRoadLight
CZ,h1677,0.5986769755958498,scr2002,avaStIn,bevFrtRoadLight
CZ,h1678,0.6016883948095747,scr2002,avaStIn,bevFrtRoadLight
CZ,h1679,0.5924055260109063,scr2002,avaStIn,bevFrtRoadLight
CZ,h1680,0.5774847836798132,scr2002,avaStIn,bevFrtRoadLight
CZ,h1681,0.5517773619954187,scr2002,avaStIn,bevFrtRoadLight
CZ,h1682,0.5248358437172166,scr2002,avaStIn,bevFrtRoadLight
CZ,h1683,0.5002557267591349,scr2002,avaStIn,bevFrtRoadLight
CZ,h1684,0.4779833592811431,scr2002,avaStIn,bevFrtRoadLight
CZ,h1685,0.45518876455881485,scr2002,avaStIn,bevFrtRoadLight
CZ,h1686,0.43596244051473665,scr2002,avaStIn,bevFrtRoadLight
CZ,h1687,0.4287672948543091,scr2002,avaStIn,bevFrtRoadLight
CZ,h1688,0.4310449118345231,scr2002,avaStIn,bevFrtRoadLight
CZ,h1689,0.43651906754470926,scr2002,avaStIn,bevFrtRoadLight
CZ,h1690,0.42784196327677315,scr2002,avaStIn,bevFrtRoadLight
CZ,h1691,0.40165285769436365,scr2002,avaStIn,bevFrtRoadLight
CZ,h1692,0.3554492048303812,scr2002,avaStIn,bevFrtRoadLight
CZ,h1693,0.30743387757687923,scr2002,avaStIn,bevFrtRoadLight
CZ,h1694,0.278936309503648,scr2002,avaStIn,bevFrtRoadLight
CZ,h1695,0.28525649117608465,scr2002,avaStIn,bevFrtRoadLight
CZ,h1696,0.33100477113297455,scr2002,avaStIn,bevFrtRoadLight
CZ,h1697,0.3951643597987161,scr2002,avaStIn,bevFrtRoadLight
CZ,h1698,0.46644985491696445,scr2002,avaStIn,bevFrtRoadLight
CZ,h1699,0.5302489042156142,scr2002,avaStIn,bevFrtRoadLight
CZ,h1700,0.5770673902258092,scr2002,avaStIn,bevFrtRoadLight
CZ,h1701,0.5986769755958498,scr2002,avaStIn,bevFrtRoadLight
CZ,h1702,0.6016883948095747,scr2002,avaStIn,bevFrtRoadLight
CZ,h1703,0.5924055260109063,scr2002,avaStIn,bevFrtRoadLight
CZ,h1704,0.5774847836798132,scr2002,avaStIn,bevFrtRoadLight
CZ,h1705,0.509038057831711,scr2002,avaStIn,bevFrtRoadLight
CZ,h1706,0.45316073221470254,scr2002,avaStIn,bevFrtRoadLight
CZ,h1707,0.4106293035759673,scr2002,avaStIn,bevFrtRoadLight
CZ,h1708,0.4302562346105031,scr2002,avaStIn,bevFrtRoadLight
CZ,h1709,0.4411964644145132,scr2002,avaStIn,bevFrtRoadLight
CZ,h1710,0.45751109901302867,scr2002,avaStIn,bevFrtRoadLight
CZ,h1711,0.48871757217710954,scr2002,avaStIn,bevFrtRoadLight
CZ,h1712,0.5314509691002262,scr2002,avaStIn,bevFrtRoadLight
CZ,h1713,0.5711878747561929,scr2002,avaStIn,bevFrtRoadLight
CZ,h1714,0.5980939691710526,scr2002,avaStIn,bevFrtRoadLight
CZ,h1715,0.608394034195855,scr2002,avaStIn,bevFrtRoadLight
CZ,h1716,0.6010568773540479,scr2002,avaStIn,bevFrtRoadLight
CZ,h1717,0.5764247164288175,scr2002,avaStIn,bevFrtRoadLight
CZ,h1718,0.5401459054358786,scr2002,avaStIn,bevFrtRoadLight
CZ,h1719,0.4982672792884357,scr2002,avaStIn,bevFrtRoadLight
CZ,h1720,0.4574139907405833,scr2002,avaStIn,bevFrtRoadLight
CZ,h1721,0.42470386872332366,scr2002,avaStIn,bevFrtRoadLight
CZ,h1722,0.4070105681582177,scr2002,avaStIn,bevFrtRoadLight
CZ,h1723,0.3993554704479094,scr2002,avaStIn,bevFrtRoadLight
CZ,h1724,0.3942528360151184,scr2002,avaStIn,bevFrtRoadLight
CZ,h1725,0.3809841238928826,scr2002,avaStIn,bevFrtRoadLight
CZ,h1726,0.3497784944040866,scr2002,avaStIn,bevFrtRoadLight
CZ,h1727,0.3123069662403203,scr2002,avaStIn,bevFrtRoadLight
CZ,h1728,0.2821792829284123,scr2002,avaStIn,bevFrtRoadLight
CZ,h1729,0.3106843918239848,scr2002,avaStIn,bevFrtRoadLight
CZ,h1730,0.35866299968064763,scr2002,avaStIn,bevFrtRoadLight
CZ,h1731,0.4106293035759673,scr2002,avaStIn,bevFrtRoadLight
CZ,h1732,0.4302562346105031,scr2002,avaStIn,bevFrtRoadLight
CZ,h1733,0.4411964644145132,scr2002,avaStIn,bevFrtRoadLight
CZ,h1734,0.45751109901302867,scr2002,avaStIn,bevFrtRoadLight
CZ,h1735,0.48871757217710954,scr2002,avaStIn,bevFrtRoadLight
CZ,h1736,0.5314509691002262,scr2002,avaStIn,bevFrtRoadLight
CZ,h1737,0.5711878747561929,scr2002,avaStIn,bevFrtRoadLight
CZ,h1738,0.5980939691710526,scr2002,avaStIn,bevFrtRoadLight
CZ,h1739,0.608394034195855,scr2002,avaStIn,bevFrtRoadLight
CZ,h1740,0.6010568773540479,scr2002,avaStIn,bevFrtRoadLight
CZ,h1741,0.5764247164288175,scr2002,avaStIn,bevFrtRoadLight
CZ,h1742,0.5401459054358786,scr2002,avaStIn,bevFrtRoadLight
CZ,h1743,0.4982672792884357,scr2002,avaStIn,bevFrtRoadLight
CZ,h1744,0.4574139907405833,scr2002,avaStIn,bevFrtRoadLight
CZ,h1745,0.42470386872332366,scr2002,avaStIn,bevFrtRoadLight
CZ,h1746,0.4070105681582177,scr2002,avaStIn,bevFrtRoadLight
CZ,h1747,0.3993554704479094,scr2002,avaStIn,bevFrtRoadLight
CZ,h1748,0.3942528360151184,scr2002,avaStIn,bevFrtRoadLight
CZ,h1749,0.3809841238928826,scr2002,avaStIn,bevFrtRoadLight
CZ,h1750,0.3497784944040866,scr2002,avaStIn,bevFrtRoadLight
CZ,h1751,0.3123069662403203,scr2002,avaStIn,bevFrtRoadLight
CZ,h1752,0.2821792829284123,scr2002,avaStIn,bevFrtRoadLight
CZ,h1753,0.3106843918239848,scr2002,avaStIn,bevFrtRoadLight
CZ,h1754,0.35866299968064763,scr2002,avaStIn,bevFrtRoadLight
CZ,h1755,0.4106293035759673,scr2002,avaStIn,bevFrtRoadLight
CZ,h1756,0.4302562346105031,scr2002,avaStIn,bevFrtRoadLight
CZ,h1757,0.4411964644145132,scr2002,avaStIn,bevFrtRoadLight
CZ,h1758,0.45751109901302867,scr2002,avaStIn,bevFrtRoadLight
CZ,h1759,0.48871757217710954,scr2002,avaStIn,bevFrtRoadLight
CZ,h1760,0.5314509691002262,scr2002,avaStIn,bevFrtRoadLight
CZ,h1761,0.5711878747561929,scr2002,avaStIn,bevFrtRoadLight
CZ,h1762,0.5980939691710526,scr2002,avaStIn,bevFrtRoadLight
CZ,h1763,0.608394034195855,scr2002,avaStIn,bevFrtRoadLight
CZ,h1764,0.6010568773540479,scr2002,avaStIn,bevFrtRoadLight
CZ,h1765,0.5764247164288175,scr2002,avaStIn,bevFrtRoadLight
CZ,h1766,0.5401459054358786,scr2002,avaStIn,bevFrtRoadLight
CZ,h1767,0.4982672792884357,scr2002,avaStIn,bevFrtRoadLight
CZ,h1768,0.4574139907405833,scr2002,avaStIn,bevFrtRoadLight
CZ,h1769,0.42470386872332366,scr2002,avaStIn,bevFrtRoadLight
CZ,h1770,0.4070105681582177,scr2002,avaStIn,bevFrtRoadLight
CZ,h1771,0.3993554704479094,scr2002,avaStIn,bevFrtRoadLight
CZ,h1772,0.3942528360151184,scr2002,avaStIn,bevFrtRoadLight
CZ,h1773,0.3809841238928826,scr2002,avaStIn,bevFrtRoadLight
CZ,h1774,0.3497784944040866,scr2002,avaStIn,bevFrtRoadLight
CZ,h1775,0.3123069662403203,scr2002,avaStIn,bevFrtRoadLight
CZ,h1776,0.2821792829284123,scr2002,avaStIn,bevFrtRoadLight
CZ,h1777,0.230095162221032,scr2002,avaStIn,bevFrtRoadLight
CZ,h1778,0.2300917975935889,scr2002,avaStIn,bevFrtRoadLight
CZ,h1779,0.27148343409663167,scr2002,avaStIn,bevFrtRoadLight
CZ,h1780,0.3790725700696759,scr2002,avaStIn,bevFrtRoadLight
CZ,h1781,0.4623404992613247,scr2002,avaStIn,bevFrtRoadLight
CZ,h1782,0.5259162274800008,scr2002,avaStIn,bevFrtRoadLight
CZ,h1783,0.5772992909654577,scr2002,avaStIn,bevFrtRoadLight
CZ,h1784,0.6171735770568829,scr2002,avaStIn,bevFrtRoadLight
CZ,h1785,0.6409152522621753,scr2002,avaStIn,bevFrtRoadLight
CZ,h1786,0.6489166669999998,scr2002,avaStIn,bevFrtRoadLight
CZ,h1787,0.6400350534574337,scr2002,avaStIn,bevFrtRoadLight
CZ,h1788,0.61588415769173,scr2002,avaStIn,bevFrtRoadLight
CZ,h1789,0.5753501172674538,scr2002,avaStIn,bevFrtRoadLight
CZ,h1790,0.5273486726990765,scr2002,avaStIn,bevFrtRoadLight
CZ,h1791,0.47682400205808595,scr2002,avaStIn,bevFrtRoadLight
CZ,h1792,0.4288063768750643,scr2002,avaStIn,bevFrtRoadLight
CZ,h1793,0.39374570481652504,scr2002,avaStIn,bevFrtRoadLight
CZ,h1794,0.3749031506247579,scr2002,avaStIn,bevFrtRoadLight
CZ,h1795,0.37209330121313167,scr2002,avaStIn,bevFrtRoadLight
CZ,h1796,0.36873105182903665,scr2002,avaStIn,bevFrtRoadLight
CZ,h1797,0.3543630997986469,scr2002,avaStIn,bevFrtRoadLight
CZ,h1798,0.3154781828948128,scr2002,avaStIn,bevFrtRoadLight
CZ,h1799,0.27112993299959987,scr2002,avaStIn,bevFrtRoadLight
CZ,h1800,0.2381911639591776,scr2002,avaStIn,bevFrtRoadLight
CZ,h1801,0.20075744833264675,scr2002,avaStIn,bevFrtRoadLight
CZ,h1802,0.21575624655576675,scr2002,avaStIn,bevFrtRoadLight
CZ,h1803,0.27148343409663167,scr2002,avaStIn,bevFrtRoadLight
CZ,h1804,0.3790725700696759,scr2002,avaStIn,bevFrtRoadLight
CZ,h1805,0.4623404992613247,scr2002,avaStIn,bevFrtRoadLight
CZ,h1806,0.5259162274800008,scr2002,avaStIn,bevFrtRoadLight
CZ,h1807,0.5772992909654577,scr2002,avaStIn,bevFrtRoadLight
CZ,h1808,0.6171735770568829,scr2002,avaStIn,bevFrtRoadLight
CZ,h1809,0.6409152522621753,scr2002,avaStIn,bevFrtRoadLight
CZ,h1810,0.6489166669999998,scr2002,avaStIn,bevFrtRoadLight
CZ,h1811,0.6400350534574337,scr2002,avaStIn,bevFrtRoadLight
CZ,h1812,0.61588415769173,scr2002,avaStIn,bevFrtRoadLight
CZ,h1813,0.5753501172674538,scr2002,avaStIn,bevFrtRoadLight
CZ,h1814,0.5273486726990765,scr2002,avaStIn,bevFrtRoadLight
CZ,h1815,0.47682400205808595,scr2002,avaStIn,bevFrtRoadLight
CZ,h1816,0.4288063768750643,scr2002,avaStIn,bevFrtRoadLight
CZ,h1817,0.39374570481652504,scr2002,avaStIn,bevFrtRoadLight
CZ,h1818,0.3749031506247579,scr2002,avaStIn,bevFrtRoadLight
CZ,h1819,0.37209330121313167,scr2002,avaStIn,bevFrtRoadLight
CZ,h1820,0.36873105182903665,scr2002,avaStIn,bevFrtRoadLight
CZ,h1821,0.3543630997986469,scr2002,avaStIn,bevFrtRoadLight
CZ,h1822,0.3154781828948128,scr2002,avaStIn,bevFrtRoadLight
CZ,h1823,0.27112993299959987,scr2002,avaStIn,bevFrtRoadLight
CZ,h1824,0.2381911639591776,scr2002,avaStIn,bevFrtRoadLight
CZ,h1825,0.28388199759953203,scr2002,avaStIn,bevFrtRoadLight
CZ,h1826,0.34615260530650627,scr2002,avaStIn,bevFrtRoadLight
CZ,h1827,0.4106293035759673,scr2002,avaStIn,bevFrtRoadLight
CZ,h1828,0.4302562346105031,scr2002,avaStIn,bevFrtRoadLight
CZ,h1829,0.4411964644145132,scr2002,avaStIn,bevFrtRoadLight
CZ,h1830,0.45751109901302867,scr2002,avaStIn,bevFrtRoadLight
CZ,h1831,0.48871757217710954,scr2002,avaStIn,bevFrtRoadLight
CZ,h1832,0.5314509691002262,scr2002,avaStIn,bevFrtRoadLight
CZ,h1833,0.5711878747561929,scr2002,avaStIn,bevFrtRoadLight
CZ,h1834,0.5980939691710526,scr2002,avaStIn,bevFrtRoadLight
CZ,h1835,0.608394034195855,scr2002,avaStIn,bevFrtRoadLight
CZ,h1836,0.6010568773540479,scr2002,avaStIn,bevFrtRoadLight
CZ,h1837,0.5764247164288175,scr2002,avaStIn,bevFrtRoadLight
CZ,h1838,0.5401459054358786,scr2002,avaStIn,bevFrtRoadLight
CZ,h1839,0.4982672792884357,scr2002,avaStIn,bevFrtRoadLight
CZ,h1840,0.4574139907405833,scr2002,avaStIn,bevFrtRoadLight
CZ,h1841,0.42470386872332366,scr2002,avaStIn,bevFrtRoadLight
CZ,h1842,0.4070105681582177,scr2002,avaStIn,bevFrtRoadLight
CZ,h1843,0.3993554704479094,scr2002,avaStIn,bevFrtRoadLight
CZ,h1844,0.3942528360151184,scr2002,avaStIn,bevFrtRoadLight
CZ,h1845,0.3809841238928826,scr2002,avaStIn,bevFrtRoadLight
CZ,h1846,0.3497784944040866,scr2002,avaStIn,bevFrtRoadLight
CZ,h1847,0.3123069662403203,scr2002,avaStIn,bevFrtRoadLight
CZ,h1848,0.2821792829284123,scr2002,avaStIn,bevFrtRoadLight
CZ,h1849,0.3106843918239848,scr2002,avaStIn,bevFrtRoadLight
CZ,h1850,0.35866299968064763,scr2002,avaStIn,bevFrtRoadLight
CZ,h1851,0.4106293035759673,scr2002,avaStIn,bevFrtRoadLight
CZ,h1852,0.4302562346105031,scr2002,avaStIn,bevFrtRoadLight
CZ,h1853,0.4411964644145132,scr2002,avaStIn,bevFrtRoadLight
CZ,h1854,0.45751109901302867,scr2002,avaStIn,bevFrtRoadLight
CZ,h1855,0.48871757217710954,scr2002,avaStIn,bevFrtRoadLight
CZ,h1856,0.5314509691002262,scr2002,avaStIn,bevFrtRoadLight
CZ,h1857,0.5711878747561929,scr2002,avaStIn,bevFrtRoadLight
CZ,h1858,0.5980939691710526,scr2002,avaStIn,bevFrtRoadLight
CZ,h1859,0.608394034195855,scr2002,avaStIn,bevFrtRoadLight
CZ,h1860,0.6010568773540479,scr2002,avaStIn,bevFrtRoadLight
CZ,h1861,0.5764247164288175,scr2002,avaStIn,bevFrtRoadLight
CZ,h1862,0.5401459054358786,scr2002,avaStIn,bevFrtRoadLight
CZ,h1863,0.4982672792884357,scr2002,avaStIn,bevFrtRoadLight
CZ,h1864,0.4574139907405833,scr2002,avaStIn,bevFrtRoadLight
CZ,h1865,0.42470386872332366,scr2002,avaStIn,bevFrtRoadLight
CZ,h1866,0.4070105681582177,scr2002,avaStIn,bevFrtRoadLight
CZ,h1867,0.3993554704479094,scr2002,avaStIn,bevFrtRoadLight
CZ,h1868,0.3942528360151184,scr2002,avaStIn,bevFrtRoadLight
CZ,h1869,0.3809841238928826,scr2002,avaStIn,bevFrtRoadLight
CZ,h1870,0.3497784944040866,scr2002,avaStIn,bevFrtRoadLight
CZ,h1871,0.3123069662403203,scr2002,avaStIn,bevFrtRoadLight
CZ,h1872,0.2821792829284123,scr2002,avaStIn,bevFrtRoadLight
CZ,h1873,0.3106843918239848,scr2002,avaStIn,bevFrtRoadLight
CZ,h1874,0.35866299968064763,scr2002,avaStIn,bevFrtRoadLight
CZ,h1875,0.4106293035759673,scr2002,avaStIn,bevFrtRoadLight
CZ,h1876,0.4302562346105031,scr2002,avaStIn,bevFrtRoadLight
CZ,h1877,0.4411964644145132,scr2002,avaStIn,bevFrtRoadLight
CZ,h1878,0.45751109901302867,scr2002,avaStIn,bevFrtRoadLight
CZ,h1879,0.48871757217710954,scr2002,avaStIn,bevFrtRoadLight
CZ,h1880,0.5314509691002262,scr2002,avaStIn,bevFrtRoadLight
CZ,h1881,0.5711878747561929,scr2002,avaStIn,bevFrtRoadLight
CZ,h1882,0.5980939691710526,scr2002,avaStIn,bevFrtRoadLight
CZ,h1883,0.608394034195855,scr2002,avaStIn,bevFrtRoadLight
CZ,h1884,0.6010568773540479,scr2002,avaStIn,bevFrtRoadLight
CZ,h1885,0.5764247164288175,scr2002,avaStIn,bevFrtRoadLight
CZ,h1886,0.5401459054358786,scr2002,avaStIn,bevFrtRoadLight
CZ,h1887,0.4982672792884357,scr2002,avaStIn,bevFrtRoadLight
CZ,h1888,0.4574139907405833,scr2002,avaStIn,bevFrtRoadLight
CZ,h1889,0.42470386872332366,scr2002,avaStIn,bevFrtRoadLight
CZ,h1890,0.4070105681582177,scr2002,avaStIn,bevFrtRoadLight
CZ,h1891,0.3993554704479094,scr2002,avaStIn,bevFrtRoadLight
CZ,h1892,0.3942528360151184,scr2002,avaStIn,bevFrtRoadLight
CZ,h1893,0.3809841238928826,scr2002,avaStIn,bevFrtRoadLight
CZ,h1894,0.3497784944040866,scr2002,avaStIn,bevFrtRoadLight
CZ,h1895,0.3123069662403203,scr2002,avaStIn,bevFrtRoadLight
CZ,h1896,0.2821792829284123,scr2002,avaStIn,bevFrtRoadLight
CZ,h1897,0.3106843918239848,scr2002,avaStIn,bevFrtRoadLight
CZ,h1898,0.35866299968064763,scr2002,avaStIn,bevFrtRoadLight
CZ,h1899,0.4106293035759673,scr2002,avaStIn,bevFrtRoadLight
CZ,h1900,0.4302562346105031,scr2002,avaStIn,bevFrtRoadLight
CZ,h1901,0.4411964644145132,scr2002,avaStIn,bevFrtRoadLight
CZ,h1902,0.45751109901302867,scr2002,avaStIn,bevFrtRoadLight
CZ,h1903,0.48871757217710954,scr2002,avaStIn,bevFrtRoadLight
CZ,h1904,0.5314509691002262,scr2002,avaStIn,bevFrtRoadLight
CZ,h1905,0.5711878747561929,scr2002,avaStIn,bevFrtRoadLight
CZ,h1906,0.5980939691710526,scr2002,avaStIn,bevFrtRoadLight
CZ,h1907,0.608394034195855,scr2002,avaStIn,bevFrtRoadLight
CZ,h1908,0.6010568773540479,scr2002,avaStIn,bevFrtRoadLight
CZ,h1909,0.5764247164288175,scr2002,avaStIn,bevFrtRoadLight
CZ,h1910,0.5401459054358786,scr2002,avaStIn,bevFrtRoadLight
CZ,h1911,0.4982672792884357,scr2002,avaStIn,bevFrtRoadLight
CZ,h1912,0.4574139907405833,scr2002,avaStIn,bevFrtRoadLight
CZ,h1913,0.42470386872332366,scr2002,avaStIn,bevFrtRoadLight
CZ,h1914,0.4070105681582177,scr2002,avaStIn,bevFrtRoadLight
CZ,h1915,0.3993554704479094,scr2002,avaStIn,bevFrtRoadLight
CZ,h1916,0.3942528360151184,scr2002,avaStIn,bevFrtRoadLight
CZ,h1917,0.3809841238928826,scr2002,avaStIn,bevFrtRoadLight
CZ,h1918,0.3497784944040866,scr2002,avaStIn,bevFrtRoadLight
CZ,h1919,0.3123069662403203,scr2002,avaStIn,bevFrtRoadLight
CZ,h1920,0.2821792829284123,scr2002,avaStIn,bevFrtRoadLight
CZ,h1921,0.3106843918239848,scr2002,avaStIn,bevFrtRoadLight
CZ,h1922,0.35866299968064763,scr2002,avaStIn,bevFrtRoadLight
CZ,h1923,0.4106293035759673,scr2002,avaStIn,bevFrtRoadLight
CZ,h1924,0.4302562346105031,scr2002,avaStIn,bevFrtRoadLight
CZ,h1925,0.4411964644145132,scr2002,avaStIn,bevFrtRoadLight
CZ,h1926,0.45751109901302867,scr2002,avaStIn,bevFrtRoadLight
CZ,h1927,0.48871757217710954,scr2002,avaStIn,bevFrtRoadLight
CZ,h1928,0.5314509691002262,scr2002,avaStIn,bevFrtRoadLight
CZ,h1929,0.5711878747561929,scr2002,avaStIn,bevFrtRoadLight
CZ,h1930,0.5980939691710526,scr2002,avaStIn,bevFrtRoadLight
CZ,h1931,0.608394034195855,scr2002,avaStIn,bevFrtRoadLight
CZ,h1932,0.6010568773540479,scr2002,avaStIn,bevFrtRoadLight
CZ,h1933,0.5764247164288175,scr2002,avaStIn,bevFrtRoadLight
CZ,h1934,0.5401459054358786,scr2002,avaStIn,bevFrtRoadLight
CZ,h1935,0.4982672792884357,scr2002,avaStIn,bevFrtRoadLight
CZ,h1936,0.4574139907405833,scr2002,avaStIn,bevFrtRoadLight
CZ,h1937,0.42470386872332366,scr2002,avaStIn,bevFrtRoadLight
CZ,h1938,0.4070105681582177,scr2002,avaStIn,bevFrtRoadLight
CZ,h1939,0.3993554704479094,scr2002,avaStIn,bevFrtRoadLight
CZ,h1940,0.3942528360151184,scr2002,avaStIn,bevFrtRoadLight
CZ,h1941,0.3809841238928826,scr2002,avaStIn,bevFrtRoadLight
CZ,h1942,0.3497784944040866,scr2002,avaStIn,bevFrtRoadLight
CZ,h1943,0.3123069662403203,scr2002,avaStIn,bevFrtRoadLight
CZ,h1944,0.2821792829284123,scr2002,avaStIn,bevFrtRoadLight
CZ,h1945,0.230095162221032,scr2002,avaStIn,bevFrtRoadLight
CZ,h1946,0.2300917975935889,scr2002,avaStIn,bevFrtRoadLight
CZ,h1947,0.27148343409663167,scr2002,avaStIn,bevFrtRoadLight
CZ,h1948,0.3790725700696759,scr2002,avaStIn,bevFrtRoadLight
CZ,h1949,0.4623404992613247,scr2002,avaStIn,bevFrtRoadLight
CZ,h1950,0.5259162274800008,scr2002,avaStIn,bevFrtRoadLight
CZ,h1951,0.5772992909654577,scr2002,avaStIn,bevFrtRoadLight
CZ,h1952,0.6171735770568829,scr2002,avaStIn,bevFrtRoadLight
CZ,h1953,0.6409152522621753,scr2002,avaStIn,bevFrtRoadLight
CZ,h1954,0.6489166669999998,scr2002,avaStIn,bevFrtRoadLight
CZ,h1955,0.6400350534574337,scr2002,avaStIn,bevFrtRoadLight
CZ,h1956,0.61588415769173,scr2002,avaStIn,bevFrtRoadLight
CZ,h1957,0.5753501172674538,scr2002,avaStIn,bevFrtRoadLight
CZ,h1958,0.5273486726990765,scr2002,avaStIn,bevFrtRoadLight
CZ,h1959,0.47682400205808595,scr2002,avaStIn,bevFrtRoadLight
CZ,h1960,0.4288063768750643,scr2002,avaStIn,bevFrtRoadLight
CZ,h1961,0.39374570481652504,scr2002,avaStIn,bevFrtRoadLight
CZ,h1962,0.3749031506247579,scr2002,avaStIn,bevFrtRoadLight
CZ,h1963,0.37209330121313167,scr2002,avaStIn,bevFrtRoadLight
CZ,h1964,0.36873105182903665,scr2002,avaStIn,bevFrtRoadLight
CZ,h1965,0.3543630997986469,scr2002,avaStIn,bevFrtRoadLight
CZ,h1966,0.3154781828948128,scr2002,avaStIn,bevFrtRoadLight
CZ,h1967,0.27112993299959987,scr2002,avaStIn,bevFrtRoadLight
CZ,h1968,0.2381911639591776,scr2002,avaStIn,bevFrtRoadLight
CZ,h1969,0.20075744833264675,scr2002,avaStIn,bevFrtRoadLight
CZ,h1970,0.21575624655576675,scr2002,avaStIn,bevFrtRoadLight
CZ,h1971,0.27148343409663167,scr2002,avaStIn,bevFrtRoadLight
CZ,h1972,0.3790725700696759,scr2002,avaStIn,bevFrtRoadLight
CZ,h1973,0.4623404992613247,scr2002,avaStIn,bevFrtRoadLight
CZ,h1974,0.5259162274800008,scr2002,avaStIn,bevFrtRoadLight
CZ,h1975,0.5772992909654577,scr2002,avaStIn,bevFrtRoadLight
CZ,h1976,0.6171735770568829,scr2002,avaStIn,bevFrtRoadLight
CZ,h1977,0.6409152522621753,scr2002,avaStIn,bevFrtRoadLight
CZ,h1978,0.6489166669999998,scr2002,avaStIn,bevFrtRoadLight
CZ,h1979,0.6400350534574337,scr2002,avaStIn,bevFrtRoadLight
CZ,h1980,0.61588415769173,scr2002,avaStIn,bevFrtRoadLight
CZ,h1981,0.5753501172674538,scr2002,avaStIn,bevFrtRoadLight
CZ,h1982,0.5273486726990765,scr2002,avaStIn,bevFrtRoadLight
CZ,h1983,0.47682400205808595,scr2002,avaStIn,bevFrtRoadLight
CZ,h1984,0.4288063768750643,scr2002,avaStIn,bevFrtRoadLight
CZ,h1985,0.39374570481652504,scr2002,avaStIn,bevFrtRoadLight
CZ,h1986,0.3749031506247579,scr2002,avaStIn,bevFrtRoadLight
CZ,h1987,0.37209330121313167,scr2002,avaStIn,bevFrtRoadLight
CZ,h1988,0.36873105182903665,scr2002,avaStIn,bevFrtRoadLight
CZ,h1989,0.3543630997986469,scr2002,avaStIn,bevFrtRoadLight
CZ,h1990,0.3154781828948128,scr2002,avaStIn,bevFrtRoadLight
CZ,h1991,0.27112993299959987,scr2002,avaStIn,bevFrtRoadLight
CZ,h1992,0.2381911639591776,scr2002,avaStIn,bevFrtRoadLight
CZ,h1993,0.28388199759953203,scr2002,avaStIn,bevFrtRoadLight
CZ,h1994,0.34615260530650627,scr2002,avaStIn,bevFrtRoadLight
CZ,h1995,0.4106293035759673,scr2002,avaStIn,bevFrtRoadLight
CZ,h1996,0.4302562346105031,scr2002,avaStIn,bevFrtRoadLight
CZ,h1997,0.4411964644145132,scr2002,avaStIn,bevFrtRoadLight
CZ,h1998,0.45751109901302867,scr2002,avaStIn,bevFrtRoadLight
CZ,h1999,0.48871757217710954,scr2002,avaStIn,bevFrtRoadLight
CZ,h2000,0.5314509691002262,scr2002,avaStIn,bevFrtRoadLight
CZ,h2001,0.5711878747561929,scr2002,avaStIn,bevFrtRoadLight
CZ,h2002,0.5980939691710526,scr2002,avaStIn,bevFrtRoadLight
CZ,h2003,0.608394034195855,scr2002,avaStIn,bevFrtRoadLight
CZ,h2004,0.6010568773540479,scr2002,avaStIn,bevFrtRoadLight
CZ,h2005,0.5764247164288175,scr2002,avaStIn,bevFrtRoadLight
CZ,h2006,0.5401459054358786,scr2002,avaStIn,bevFrtRoadLight
CZ,h2007,0.4982672792884357,scr2002,avaStIn,bevFrtRoadLight
CZ,h2008,0.4574139907405833,scr2002,avaStIn,bevFrtRoadLight
CZ,h2009,0.42470386872332366,scr2002,avaStIn,bevFrtRoadLight
CZ,h2010,0.4070105681582177,scr2002,avaStIn,bevFrtRoadLight
CZ,h2011,0.3993554704479094,scr2002,avaStIn,bevFrtRoadLight
CZ,h2012,0.3942528360151184,scr2002,avaStIn,bevFrtRoadLight
CZ,h2013,0.3809841238928826,scr2002,avaStIn,bevFrtRoadLight
CZ,h2014,0.3497784944040866,scr2002,avaStIn,bevFrtRoadLight
CZ,h2015,0.3123069662403203,scr2002,avaStIn,bevFrtRoadLight
CZ,h2016,0.2821792829284123,scr2002,avaStIn,bevFrtRoadLight
CZ,h2017,0.3072840894621327,scr2002,avaStIn,bevFrtRoadLight
CZ,h2018,0.33666905394072466,scr2002,avaStIn,bevFrtRoadLight
CZ,h2019,0.36655496485550265,scr2002,avaStIn,bevFrtRoadLight
CZ,h2020,0.3745731212047183,scr2002,avaStIn,bevFrtRoadLight
CZ,h2021,0.4026088526762964,scr2002,avaStIn,bevFrtRoadLight
CZ,h2022,0.44640061438376677,scr2002,avaStIn,bevFrtRoadLight
CZ,h2023,0.4973037920546317,scr2002,avaStIn,bevFrtRoadLight
CZ,h2024,0.5420216950586382,scr2002,avaStIn,bevFrtRoadLight
CZ,h2025,0.5736954068525849,scr2002,avaStIn,bevFrtRoadLight
CZ,h2026,0.5880342997851788,scr2002,avaStIn,bevFrtRoadLight
CZ,h2027,0.5918947845476326,scr2002,avaStIn,bevFrtRoadLight
CZ,h2028,0.5837522950091351,scr2002,avaStIn,bevFrtRoadLight
CZ,h2029,0.566630011228302,scr2002,avaStIn,bevFrtRoadLight
CZ,h2030,0.5326460205473856,scr2002,avaStIn,bevFrtRoadLight
CZ,h2031,0.48334141219508586,scr2002,avaStIn,bevFrtRoadLight
CZ,h2032,0.4237800531764452,scr2002,avaStIn,bevFrtRoadLight
CZ,h2033,0.3668064382544399,scr2002,avaStIn,bevFrtRoadLight
CZ,h2034,0.33858624085132816,scr2002,avaStIn,bevFrtRoadLight
CZ,h2035,0.33981235579051505,scr2002,avaStIn,bevFrtRoadLight
CZ,h2036,0.3644150552627201,scr2002,avaStIn,bevFrtRoadLight
CZ,h2037,0.39407002810213865,scr2002,avaStIn,bevFrtRoadLight
CZ,h2038,0.4100441996396512,scr2002,avaStIn,bevFrtRoadLight
CZ,h2039,0.41244752514225314,scr2002,avaStIn,bevFrtRoadLight
CZ,h2040,0.3977671810575979,scr2002,avaStIn,bevFrtRoadLight
CZ,h2041,0.3840802424090224,scr2002,avaStIn,bevFrtRoadLight
CZ,h2042,0.37136048642151265,scr2002,avaStIn,bevFrtRoadLight
CZ,h2043,0.36655496485550265,scr2002,avaStIn,bevFrtRoadLight
CZ,h2044,0.3745731212047183,scr2002,avaStIn,bevFrtRoadLight
CZ,h2045,0.4026088526762964,scr2002,avaStIn,bevFrtRoadLight
CZ,h2046,0.44640061438376677,scr2002,avaStIn,bevFrtRoadLight
CZ,h2047,0.4973037920546317,scr2002,avaStIn,bevFrtRoadLight
CZ,h2048,0.5420216950586382,scr2002,avaStIn,bevFrtRoadLight
CZ,h2049,0.5736954068525849,scr2002,avaStIn,bevFrtRoadLight
CZ,h2050,0.5880342997851788,scr2002,avaStIn,bevFrtRoadLight
CZ,h2051,0.5918947845476326,scr2002,avaStIn,bevFrtRoadLight
CZ,h2052,0.5837522950091351,scr2002,avaStIn,bevFrtRoadLight
CZ,h2053,0.566630011228302,scr2002,avaStIn,bevFrtRoadLight
CZ,h2054,0.5326460205473856,scr2002,avaStIn,bevFrtRoadLight
CZ,h2055,0.48334141219508586,scr2002,avaStIn,bevFrtRoadLight
CZ,h2056,0.4237800531764452,scr2002,avaStIn,bevFrtRoadLight
CZ,h2057,0.3668064382544399,scr2002,avaStIn,bevFrtRoadLight
CZ,h2058,0.33858624085132816,scr2002,avaStIn,bevFrtRoadLight
CZ,h2059,0.33981235579051505,scr2002,avaStIn,bevFrtRoadLight
CZ,h2060,0.3644150552627201,scr2002,avaStIn,bevFrtRoadLight
CZ,h2061,0.39407002810213865,scr2002,avaStIn,bevFrtRoadLight
CZ,h2062,0.4100441996396512,scr2002,avaStIn,bevFrtRoadLight
CZ,h2063,0.41244752514225314,scr2002,avaStIn,bevFrtRoadLight
CZ,h2064,0.3977671810575979,scr2002,avaStIn,bevFrtRoadLight
CZ,h2065,0.3840802424090224,scr2002,avaStIn,bevFrtRoadLight
CZ,h2066,0.37136048642151265,scr2002,avaStIn,bevFrtRoadLight
CZ,h2067,0.36655496485550265,scr2002,avaStIn,bevFrtRoadLight
CZ,h2068,0.3745731212047183,scr2002,avaStIn,bevFrtRoadLight
CZ,h2069,0.4026088526762964,scr2002,avaStIn,bevFrtRoadLight
CZ,h2070,0.44640061438376677,scr2002,avaStIn,bevFrtRoadLight
CZ,h2071,0.4973037920546317,scr2002,avaStIn,bevFrtRoadLight
CZ,h2072,0.5420216950586382,scr2002,avaStIn,bevFrtRoadLight
CZ,h2073,0.5736954068525849,scr2002,avaStIn,bevFrtRoadLight
CZ,h2074,0.5880342997851788,scr2002,avaStIn,bevFrtRoadLight
CZ,h2075,0.5918947845476326,scr2002,avaStIn,bevFrtRoadLight
CZ,h2076,0.5837522950091351,scr2002,avaStIn,bevFrtRoadLight
CZ,h2077,0.566630011228302,scr2002,avaStIn,bevFrtRoadLight
CZ,h2078,0.5326460205473856,scr2002,avaStIn,bevFrtRoadLight
CZ,h2079,0.48334141219508586,scr2002,avaStIn,bevFrtRoadLight
CZ,h2080,0.4237800531764452,scr2002,avaStIn,bevFrtRoadLight
CZ,h2081,0.3668064382544399,scr2002,avaStIn,bevFrtRoadLight
CZ,h2082,0.33858624085132816,scr2002,avaStIn,bevFrtRoadLight
CZ,h2083,0.33981235579051505,scr2002,avaStIn,bevFrtRoadLight
CZ,h2084,0.3644150552627201,scr2002,avaStIn,bevFrtRoadLight
CZ,h2085,0.39407002810213865,scr2002,avaStIn,bevFrtRoadLight
CZ,h2086,0.4100441996396512,scr2002,avaStIn,bevFrtRoadLight
CZ,h2087,0.41244752514225314,scr2002,avaStIn,bevFrtRoadLight
CZ,h2088,0.3977671810575979,scr2002,avaStIn,bevFrtRoadLight
CZ,h2089,0.3840802424090224,scr2002,avaStIn,bevFrtRoadLight
CZ,h2090,0.37136048642151265,scr2002,avaStIn,bevFrtRoadLight
CZ,h2091,0.36655496485550265,scr2002,avaStIn,bevFrtRoadLight
CZ,h2092,0.3745731212047183,scr2002,avaStIn,bevFrtRoadLight
CZ,h2093,0.4026088526762964,scr2002,avaStIn,bevFrtRoadLight
CZ,h2094,0.44640061438376677,scr2002,avaStIn,bevFrtRoadLight
CZ,h2095,0.4973037920546317,scr2002,avaStIn,bevFrtRoadLight
CZ,h2096,0.5420216950586382,scr2002,avaStIn,bevFrtRoadLight
CZ,h2097,0.5736954068525849,scr2002,avaStIn,bevFrtRoadLight
CZ,h2098,0.5880342997851788,scr2002,avaStIn,bevFrtRoadLight
CZ,h2099,0.5918947845476326,scr2002,avaStIn,bevFrtRoadLight
CZ,h2100,0.5837522950091351,scr2002,avaStIn,bevFrtRoadLight
CZ,h2101,0.566630011228302,scr2002,avaStIn,bevFrtRoadLight
CZ,h2102,0.5326460205473856,scr2002,avaStIn,bevFrtRoadLight
CZ,h2103,0.48334141219508586,scr2002,avaStIn,bevFrtRoadLight
CZ,h2104,0.4237800531764452,scr2002,avaStIn,bevFrtRoadLight
CZ,h2105,0.3668064382544399,scr2002,avaStIn,bevFrtRoadLight
CZ,h2106,0.33858624085132816,scr2002,avaStIn,bevFrtRoadLight
CZ,h2107,0.33981235579051505,scr2002,avaStIn,bevFrtRoadLight
CZ,h2108,0.3644150552627201,scr2002,avaStIn,bevFrtRoadLight
CZ,h2109,0.39407002810213865,scr2002,avaStIn,bevFrtRoadLight
CZ,h2110,0.4100441996396512,scr2002,avaStIn,bevFrtRoadLight
CZ,h2111,0.41244752514225314,scr2002,avaStIn,bevFrtRoadLight
CZ,h2112,0.3977671810575979,scr2002,avaStIn,bevFrtRoadLight
CZ,h2113,0.4215422859318668,scr2002,avaStIn,bevFrtRoadLight
CZ,h2114,0.44561523253946533,scr2002,avaStIn,bevFrtRoadLight
CZ,h2115,0.46890884939949806,scr2002,avaStIn,bevFrtRoadLight
CZ,h2116,0.4606801828577375,scr2002,avaStIn,bevFrtRoadLight
CZ,h2117,0.4598809008191356,scr2002,avaStIn,bevFrtRoadLight
CZ,h2118,0.47373682010553864,scr2002,avaStIn,bevFrtRoadLight
CZ,h2119,0.49837466067849223,scr2002,avaStIn,bevFrtRoadLight
CZ,h2120,0.5249322712656334,scr2002,avaStIn,bevFrtRoadLight
CZ,h2121,0.5295524702973696,scr2002,avaStIn,bevFrtRoadLight
CZ,h2122,0.5237384833973733,scr2002,avaStIn,bevFrtRoadLight
CZ,h2123,0.517462220076728,scr2002,avaStIn,bevFrtRoadLight
CZ,h2124,0.5202231448594441,scr2002,avaStIn,bevFrtRoadLight
CZ,h2125,0.5168074572603817,scr2002,avaStIn,bevFrtRoadLight
CZ,h2126,0.4881087918461403,scr2002,avaStIn,bevFrtRoadLight
CZ,h2127,0.4401501060096197,scr2002,avaStIn,bevFrtRoadLight
CZ,h2128,0.3751810028677981,scr2002,avaStIn,bevFrtRoadLight
CZ,h2129,0.3184738733356699,scr2002,avaStIn,bevFrtRoadLight
CZ,h2130,0.2885496316681868,scr2002,avaStIn,bevFrtRoadLight
CZ,h2131,0.2950430145218158,scr2002,avaStIn,bevFrtRoadLight
CZ,h2132,0.3362350273761402,scr2002,avaStIn,bevFrtRoadLight
CZ,h2133,0.3905257678468871,scr2002,avaStIn,bevFrtRoadLight
CZ,h2134,0.4405757953478313,scr2002,avaStIn,bevFrtRoadLight
CZ,h2135,0.4738121072088959,scr2002,avaStIn,bevFrtRoadLight
CZ,h2136,0.4995552626921461,scr2002,avaStIn,bevFrtRoadLight
CZ,h2137,0.5006979269249346,scr2002,avaStIn,bevFrtRoadLight
CZ,h2138,0.49234384959123256,scr2002,avaStIn,bevFrtRoadLight
CZ,h2139,0.46890884939949806,scr2002,avaStIn,bevFrtRoadLight
CZ,h2140,0.4606801828577375,scr2002,avaStIn,bevFrtRoadLight
CZ,h2141,0.4598809008191356,scr2002,avaStIn,bevFrtRoadLight
CZ,h2142,0.47373682010553864,scr2002,avaStIn,bevFrtRoadLight
CZ,h2143,0.49837466067849223,scr2002,avaStIn,bevFrtRoadLight
CZ,h2144,0.5249322712656334,scr2002,avaStIn,bevFrtRoadLight
CZ,h2145,0.5295524702973696,scr2002,avaStIn,bevFrtRoadLight
CZ,h2146,0.5237384833973733,scr2002,avaStIn,bevFrtRoadLight
CZ,h2147,0.517462220076728,scr2002,avaStIn,bevFrtRoadLight
CZ,h2148,0.5202231448594441,scr2002,avaStIn,bevFrtRoadLight
CZ,h2149,0.5168074572603817,scr2002,avaStIn,bevFrtRoadLight
CZ,h2150,0.4881087918461403,scr2002,avaStIn,bevFrtRoadLight
CZ,h2151,0.4401501060096197,scr2002,avaStIn,bevFrtRoadLight
CZ,h2152,0.3751810028677981,scr2002,avaStIn,bevFrtRoadLight
CZ,h2153,0.3184738733356699,scr2002,avaStIn,bevFrtRoadLight
CZ,h2154,0.2885496316681868,scr2002,avaStIn,bevFrtRoadLight
CZ,h2155,0.2950430145218158,scr2002,avaStIn,bevFrtRoadLight
CZ,h2156,0.3362350273761402,scr2002,avaStIn,bevFrtRoadLight
CZ,h2157,0.3905257678468871,scr2002,avaStIn,bevFrtRoadLight
CZ,h2158,0.4405757953478313,scr2002,avaStIn,bevFrtRoadLight
CZ,h2159,0.4738121072088959,scr2002,avaStIn,bevFrtRoadLight
CZ,h2160,0.4995552626921461,scr2002,avaStIn,bevFrtRoadLight
DE,h1441,0.3714353995574987,scr2002,avaStIn,bevFrtRoadLight
DE,h1442,0.3846086524108919,scr2002,avaStIn,bevFrtRoadLight
DE,h1443,0.42374952391826426,scr2002,avaStIn,bevFrtRoadLight
DE,h1444,0.470910231576122,scr2002,avaStIn,bevFrtRoadLight
DE,h1445,0.5000591446961408,scr2002,avaStIn,bevFrtRoadLight
DE,h1446,0.495233345157142,scr2002,avaStIn,bevFrtRoadLight
DE,h1447,0.5008043596015221,scr2002,avaStIn,bevFrtRoadLight
DE,h1448,0.5021789974738545,scr2002,avaStIn,bevFrtRoadLight
DE,h1449,0.5231874460949842,scr2002,avaStIn,bevFrtRoadLight
DE,h1450,0.5308529822226913,scr2002,avaStIn,bevFrtRoadLight
DE,h1451,0.536356959269228,scr2002,avaStIn,bevFrtRoadLight
DE,h1452,0.537388156127675,scr2002,avaStIn,bevFrtRoadLight
DE,h1453,0.5288075990651915,scr2002,avaStIn,bevFrtRoadLight
DE,h1454,0.509570928667,scr2002,avaStIn,bevFrtRoadLight
DE,h1455,0.4737535509310621,scr2002,avaStIn,bevFrtRoadLight
DE,h1456,0.4304466538396563,scr2002,avaStIn,bevFrtRoadLight
DE,h1457,0.382687999221479,scr2002,avaStIn,bevFrtRoadLight
DE,h1458,0.35009603390058996,scr2002,avaStIn,bevFrtRoadLight
DE,h1459,0.3349394292024722,scr2002,avaStIn,bevFrtRoadLight
DE,h1460,0.34869160218954365,scr2002,avaStIn,bevFrtRoadLight
DE,h1461,0.36780057797615695,scr2002,avaStIn,bevFrtRoadLight
DE,h1462,0.38682791024436847,scr2002,avaStIn,bevFrtRoadLight
DE,h1463,0.3912979680884232,scr2002,avaStIn,bevFrtRoadLight
DE,h1464,0.3985938980480803,scr2002,avaStIn,bevFrtRoadLight
DE,h1465,0.38540755881640665,scr2002,avaStIn,bevFrtRoadLight
DE,h1466,0.39834418280524175,scr2002,avaStIn,bevFrtRoadLight
DE,h1467,0.42374952391826426,scr2002,avaStIn,bevFrtRoadLight
DE,h1468,0.470910231576122,scr2002,avaStIn,bevFrtRoadLight
DE,h1469,0.5000591446961408,scr2002,avaStIn,bevFrtRoadLight
DE,h1470,0.495233345157142,scr2002,avaStIn,bevFrtRoadLight
DE,h1471,0.5008043596015221,scr2002,avaStIn,bevFrtRoadLight
DE,h1472,0.5021789974738545,scr2002,avaStIn,bevFrtRoadLight
DE,h1473,0.5231874460949842,scr2002,avaStIn,bevFrtRoadLight
DE,h1474,0.5308529822226913,scr2002,avaStIn,bevFrtRoadLight
DE,h1475,0.536356959269228,scr2002,avaStIn,bevFrtRoadLight
DE,h1476,0.537388156127675,scr2002,avaStIn,bevFrtRoadLight
DE,h1477,0.5288075990651915,scr2002,avaStIn,bevFrtRoadLight
DE,h1478,0.509570928667,scr2002,avaStIn,bevFrtRoadLight
DE,h1479,0.4737535509310621,scr2002,avaStIn,bevFrtRoadLight
DE,h1480,0.4304466538396563,scr2002,avaStIn,bevFrtRoadLight
DE,h1481,0.382687999221479,scr2002,avaStIn,bevFrtRoadLight
DE,h1482,0.35009603390058996,scr2002,avaStIn,bevFrtRoadLight
DE,h1483,0.3349394292024722,scr2002,avaStIn,bevFrtRoadLight
DE,h1484,0.34869160218954365,scr2002,avaStIn,bevFrtRoadLight
DE,h1485,0.36780057797615695,scr2002,avaStIn,bevFrtRoadLight
DE,h1486,0.38682791024436847,scr2002,avaStIn,bevFrtRoadLight
DE,h1487,0.3912979680884232,scr2002,avaStIn,bevFrtRoadLight
DE,h1488,0.3985938980480803,scr2002,avaStIn,bevFrtRoadLight
DE,h1489,0.4174388969205469,scr2002,avaStIn,bevFrtRoadLight
DE,h1490,0.4439543832070486,scr2002,avaStIn,bevFrtRoadLight
DE,h1491,0.464238846132911,scr2002,avaStIn,bevFrtRoadLight
DE,h1492,0.4692993118565085,scr2002,avaStIn,bevFrtRoadLight
DE,h1493,0.4647572130501477,scr2002,avaStIn,bevFrtRoadLight
DE,h1494,0.4606421333392814,scr2002,avaStIn,bevFrtRoadLight
DE,h1495,0.4606294501381405,scr2002,avaStIn,bevFrtRoadLight
DE,h1496,0.4771202000278558,scr2002,avaStIn,bevFrtRoadLight
DE,h1497,0.4942956004519071,scr2002,avaStIn,bevFrtRoadLight
DE,h1498,0.5099123823053464,scr2002,avaStIn,bevFrtRoadLight
DE,h1499,0.5161038254350149,scr2002,avaStIn,bevFrtRoadLight
DE,h1500,0.5219276355822776,scr2002,avaStIn,bevFrtRoadLight
DE,h1501,0.5234247828552906,scr2002,avaStIn,bevFrtRoadLight
DE,h1502,0.5156668963515182,scr2002,avaStIn,bevFrtRoadLight
DE,h1503,0.49047574209210854,scr2002,avaStIn,bevFrtRoadLight
DE,h1504,0.4511048686615209,scr2002,avaStIn,bevFrtRoadLight
DE,h1505,0.40171955460937714,scr2002,avaStIn,bevFrtRoadLight
DE,h1506,0.362910361244157,scr2002,avaStIn,bevFrtRoadLight
DE,h1507,0.3472619056461236,scr2002,avaStIn,bevFrtRoadLight
DE,h1508,0.35727079588328314,scr2002,avaStIn,bevFrtRoadLight
DE,h1509,0.3784688345075352,scr2002,avaStIn,bevFrtRoadLight
DE,h1510,0.39319028121074384,scr2002,avaStIn,bevFrtRoadLight
DE,h1511,0.3959422870730802,scr2002,avaStIn,bevFrtRoadLight
DE,h1512,0.3854887711962276,scr2002,avaStIn,bevFrtRoadLight
DE,h1513,0.42769853598926943,scr2002,avaStIn,bevFrtRoadLight
DE,h1514,0.46444116177482087,scr2002,avaStIn,bevFrtRoadLight
DE,h1515,0.5002557267591349,scr2002,avaStIn,bevFrtRoadLight
DE,h1516,0.4779833592811431,scr2002,avaStIn,bevFrtRoadLight
DE,h1517,0.45518876455881474,scr2002,avaStIn,bevFrtRoadLight
DE,h1518,0.43596244051473665,scr2002,avaStIn,bevFrtRoadLight
DE,h1519,0.4287672948543092,scr2002,avaStIn,bevFrtRoadLight
DE,h1520,0.4310449118345231,scr2002,avaStIn,bevFrtRoadLight
DE,h1521,0.43651906754470937,scr2002,avaStIn,bevFrtRoadLight
DE,h1522,0.42784196327677315,scr2002,avaStIn,bevFrtRoadLight
DE,h1523,0.40165285769436365,scr2002,avaStIn,bevFrtRoadLight
DE,h1524,0.3554492048303812,scr2002,avaStIn,bevFrtRoadLight
DE,h1525,0.30743387757687923,scr2002,avaStIn,bevFrtRoadLight
DE,h1526,0.278936309503648,scr2002,avaStIn,bevFrtRoadLight
DE,h1527,0.28525649117608465,scr2002,avaStIn,bevFrtRoadLight
DE,h1528,0.33100477113297455,scr2002,avaStIn,bevFrtRoadLight
DE,h1529,0.3951643597987161,scr2002,avaStIn,bevFrtRoadLight
DE,h1530,0.46644985491696456,scr2002,avaStIn,bevFrtRoadLight
DE,h1531,0.5302489042156142,scr2002,avaStIn,bevFrtRoadLight
DE,h1532,0.5770673902258092,scr2002,avaStIn,bevFrtRoadLight
DE,h1533,0.5986769755958499,scr2002,avaStIn,bevFrtRoadLight
DE,h1534,0.6016883948095748,scr2002,avaStIn,bevFrtRoadLight
DE,h1535,0.5924055260109063,scr2002,avaStIn,bevFrtRoadLight
DE,h1536,0.5774847836798133,scr2002,avaStIn,bevFrtRoadLight
DE,h1537,0.5517773619954188,scr2002,avaStIn,bevFrtRoadLight
DE,h1538,0.5248358437172167,scr2002,avaStIn,bevFrtRoadLight
DE,h1539,0.5002557267591349,scr2002,avaStIn,bevFrtRoadLight
DE,h1540,0.4779833592811431,scr2002,avaStIn,bevFrtRoadLight
DE,h1541,0.45518876455881474,scr2002,avaStIn,bevFrtRoadLight
DE,h1542,0.43596244051473665,scr2002,avaStIn,bevFrtRoadLight
DE,h1543,0.4287672948543092,scr2002,avaStIn,bevFrtRoadLight
DE,h1544,0.4310449118345231,scr2002,avaStIn,bevFrtRoadLight
DE,h1545,0.43651906754470937,scr2002,avaStIn,bevFrtRoadLight
DE,h1546,0.42784196327677315,scr2002,avaStIn,bevFrtRoadLight
DE,h1547,0.40165285769436365,scr2002,avaStIn,bevFrtRoadLight
DE,h1548,0.3554492048303812,scr2002,avaStIn,bevFrtRoadLight
DE,h1549,0.30743387757687923,scr2002,avaStIn,bevFrtRoadLight
DE,h1550,0.278936309503648,scr2002,avaStIn,bevFrtRoadLight
DE,h1551,0.28525649117608465,scr2002,avaStIn,bevFrtRoadLight
DE,h1552,0.33100477113297455,scr2002,avaStIn,bevFrtRoadLight
DE,h1553,0.3951643597987161,scr2002,avaStIn,bevFrtRoadLight
DE,h1554,0.46644985491696456,scr2002,avaStIn,bevFrtRoadLight
DE,h1555,0.5302489042156142,scr2002,avaStIn,bevFrtRoadLight
DE,h1556,0.5770673902258092,scr2002,avaStIn,bevFrtRoadLight
DE,h1557,0.5986769755958499,scr2002,avaStIn,bevFrtRoadLight
DE,h1558,0.6016883948095748,scr2002,avaStIn,bevFrtRoadLight
DE,h1559,0.5924055260109063,scr2002,avaStIn,bevFrtRoadLight
DE,h1560,0.5774847836798133,scr2002,avaStIn,bevFrtRoadLight
DE,h1561,0.5517773619954188,scr2002,avaStIn,bevFrtRoadLight
DE,h1562,0.5248358437172167,scr2002,avaStIn,bevFrtRoadLight
DE,h1563,0.5002557267591349,scr2002,avaStIn,bevFrtRoadLight
DE,h1564,0.4779833592811431,scr2002,avaStIn,bevFrtRoadLight
DE,h1565,0.45518876455881474,scr2002,avaStIn,bevFrtRoadLight
DE,h1566,0.43596244051473665,scr2002,avaStIn,bevFrtRoadLight
DE,h1567,0.4287672948543092,scr2002,avaStIn,bevFrtRoadLight
DE,h1568,0.4310449118345231,scr2002,avaStIn,bevFrtRoadLight
DE,h1569,0.43651906754470937,scr2002,avaStIn,bevFrtRoadLight
DE,h1570,0.42784196327677315,scr2002,avaStIn,bevFrtRoadLight
DE,h1571,0.40165285769436365,scr2002,avaStIn,bevFrtRoadLight
DE,h1572,0.3554492048303812,scr2002,avaStIn,bevFrtRoadLight
DE,h1573,0.30743387757687923,scr2002,avaStIn,bevFrtRoadLight
DE,h1574,0.278936309503648,scr2002,avaStIn,bevFrtRoadLight
DE,h1575,0.28525649117608465,scr2002,avaStIn,bevFrtRoadLight
DE,h1576,0.33100477113297455,scr2002,avaStIn,bevFrtRoadLight
DE,h1577,0.3951643597987161,scr2002,avaStIn,bevFrtRoadLight
DE,h1578,0.46644985491696456,scr2002,avaStIn,bevFrtRoadLight
DE,h1579,0.5302489042156142,scr2002,avaStIn,bevFrtRoadLight
DE,h1580,0.5770673902258092,scr2002,avaStIn,bevFrtRoadLight
DE,h1581,0.5986769755958499,scr2002,avaStIn,bevFrtRoadLight
DE,h1582,0.6016883948095748,scr2002,avaStIn,bevFrtRoadLight
DE,h1583,0.5924055260109063,scr2002,avaStIn,bevFrtRoadLight
DE,h1584,0.5774847836798133,scr2002,avaStIn,bevFrtRoadLight
DE,h1585,0.5517773619954188,scr2002,avaStIn,bevFrtRoadLight
DE,h1586,0.5248358437172167,scr2002,avaStIn,bevFrtRoadLight
DE,h1587,0.5002557267591349,scr2002,avaStIn,bevFrtRoadLight
DE,h1588,0.4779833592811431,scr2002,avaStIn,bevFrtRoadLight
DE,h1589,0.45518876455881474,scr2002,avaStIn,bevFrtRoadLight
DE,h1590,0.43596244051473665,scr2002,avaStIn,bevFrtRoadLight
DE,h1591,0.4287672948543092,scr2002,avaStIn,bevFrtRoadLight
DE,h1592,0.4310449118345231,scr2002,avaStIn,bevFrtRoadLight
DE,h1593,0.43651906754470937,scr2002,avaStIn,bevFrtRoadLight
DE,h1594,0.42784196327677315,scr2002,avaStIn,bevFrtRoadLight
DE,h1595,0.40165285769436365,scr2002,avaStIn,bevFrtRoadLight
DE,h1596,0.3554492048303812,scr2002,avaStIn,bevFrtRoadLight
DE,h1597,0.30743387757687923,scr2002,avaStIn,bevFrtRoadLight
DE,h1598,0.278936309503648,scr2002,avaStIn,bevFrtRoadLight
DE,h1599,0.28525649117608465,scr2002,avaStIn,bevFrtRoadLight
DE,h1600,0.33100477113297455,scr2002,avaStIn,bevFrtRoadLight
DE,h1601,0.3951643597987161,scr2002,avaStIn,bevFrtRoadLight
DE,h1602,0.46644985491696456,scr2002,avaStIn,bevFrtRoadLight
DE,h1603,0.5302489042156142,scr2002,avaStIn,bevFrtRoadLight
DE,h1604,0.5770673902258092,scr2002,avaStIn,bevFrtRoadLight
DE,h1605,0.5986769755958499,scr2002,avaStIn,bevFrtRoadLight
DE,h1606,0.6016883948095748,scr2002,avaStIn,bevFrtRoadLight
DE,h1607,0.5924055260109063,scr2002,avaStIn,bevFrtRoadLight
DE,h1608,0.5774847836798133,scr2002,avaStIn,bevFrtRoadLight
DE,h1609,0.5399833096273894,scr2002,avaStIn,bevFrtRoadLight
DE,h1610,0.5020113380135912,scr2002,avaStIn,bevFrtRoadLight
DE,h1611,0.4635722307063156,scr2002,avaStIn,bevFrtRoadLight
DE,h1612,0.438034865957473,scr2002,avaStIn,bevFrtRoadLight
DE,h1613,0.40762124803256283,scr2002,avaStIn,bevFrtRoadLight
DE,h1614,0.37888830724468336,scr2002,avaStIn,bevFrtRoadLight
DE,h1615,0.36958381422293585,scr2002,avaStIn,bevFrtRoadLight
DE,h1616,0.37840208488783944,scr2002,avaStIn,bevFrtRoadLight
DE,h1617,0.4031259345923752,scr2002,avaStIn,bevFrtRoadLight
DE,h1618,0.41362439373824145,scr2002,avaStIn,bevFrtRoadLight
DE,h1619,0.4028461315685412,scr2002,avaStIn,bevFrtRoadLight
DE,h1620,0.3603437041144123,scr2002,avaStIn,bevFrtRoadLight
DE,h1621,0.300735364069155,scr2002,avaStIn,bevFrtRoadLight
DE,h1622,0.24177370465061954,scr2002,avaStIn,bevFrtRoadLight
DE,h1623,0.21970614560615676,scr2002,avaStIn,bevFrtRoadLight
DE,h1624,0.25508395733229006,scr2002,avaStIn,bevFrtRoadLight
DE,h1625,0.34767139096765254,scr2002,avaStIn,bevFrtRoadLight
DE,h1626,0.45228041046836875,scr2002,avaStIn,bevFrtRoadLight
DE,h1627,0.5341134302691987,scr2002,avaStIn,bevFrtRoadLight
DE,h1628,0.5851656457268322,scr2002,avaStIn,bevFrtRoadLight
DE,h1629,0.6079565962864942,scr2002,avaStIn,bevFrtRoadLight
DE,h1630,0.608837832284763,scr2002,avaStIn,bevFrtRoadLight
DE,h1631,0.5862547005889719,scr2002,avaStIn,bevFrtRoadLight
DE,h1632,0.5503272305028046,scr2002,avaStIn,bevFrtRoadLight
DE,h1633,0.5157882800473498,scr2002,avaStIn,bevFrtRoadLight
DE,h1634,0.4876212160339365,scr2002,avaStIn,bevFrtRoadLight
DE,h1635,0.4635722307063156,scr2002,avaStIn,bevFrtRoadLight
DE,h1636,0.438034865957473,scr2002,avaStIn,bevFrtRoadLight
DE,h1637,0.40762124803256283,scr2002,avaStIn,bevFrtRoadLight
DE,h1638,0.37888830724468336,scr2002,avaStIn,bevFrtRoadLight
DE,h1639,0.36958381422293585,scr2002,avaStIn,bevFrtRoadLight
DE,h1640,0.37840208488783944,scr2002,avaStIn,bevFrtRoadLight
DE,h1641,0.4031259345923752,scr2002,avaStIn,bevFrtRoadLight
DE,h1642,0.41362439373824145,scr2002,avaStIn,bevFrtRoadLight
DE,h1643,0.4028461315685412,scr2002,avaStIn,bevFrtRoadLight
DE,h1644,0.3603437041144123,scr2002,avaStIn,bevFrtRoadLight
DE,h1645,0.300735364069155,scr2002,avaStIn,bevFrtRoadLight
DE,h1646,0.24177370465061954,scr2002,avaStIn,bevFrtRoadLight
DE,h1647,0.21970614560615676,scr2002,avaStIn,bevFrtRoadLight
DE,h1648,0.25508395733229006,scr2002,avaStIn,bevFrtRoadLight
DE,h1649,0.34767139096765254,scr2002,avaStIn,bevFrtRoadLight
DE,h1650,0.45228041046836875,scr2002,avaStIn,bevFrtRoadLight
DE,h1651,0.5341134302691987,scr2002,avaStIn,bevFrtRoadLight
DE,h1652,0.5851656457268322,scr2002,avaStIn,bevFrtRoadLight
DE,h1653,0.6079565962864942,scr2002,avaStIn,bevFrtRoadLight
DE,h1654,0.608837832284763,scr2002,avaStIn,bevFrtRoadLight
DE,h1655,0.5862547005889719,scr2002,avaStIn,bevFrtRoadLight
DE,h1656,0.5503272305028046,scr2002,avaStIn,bevFrtRoadLight
DE,h1657,0.5277989482493217,scr2002,avaStIn,bevFrtRoadLight
DE,h1658,0.510701037897818,scr2002,avaStIn,bevFrtRoadLight
DE,h1659,0.5002557267591349,scr2002,avaStIn,bevFrtRoadLight
DE,h1660,0.4779833592811431,scr2002,avaStIn,bevFrtRoadLight
DE,h1661,0.45518876455881474,scr2002,avaStIn,bevFrtRoadLight
DE,h1662,0.43596244051473665,scr2002,avaStIn,bevFrtRoadLight
DE,h1663,0.4287672948543092,scr2002,avaStIn,bevFrtRoadLight
DE,h1664,0.4310449118345231,scr2002,avaStIn,bevFrtRoadLight
DE,h1665,0.43651906754470937,scr2002,avaStIn,bevFrtRoadLight
DE,h1666,0.42784196327677315,scr2002,avaStIn,bevFrtRoadLight
DE,h1667,0.40165285769436365,scr2002,avaStIn,bevFrtRoadLight
DE,h1668,0.3554492048303812,scr2002,avaStIn,bevFrtRoadLight
DE,h1669,0.30743387757687923,scr2002,avaStIn,bevFrtRoadLight
DE,h1670,0.278936309503648,scr2002,avaStIn,bevFrtRoadLight
DE,h1671,0.28525649117608465,scr2002,avaStIn,bevFrtRoadLight
DE,h1672,0.33100477113297455,scr2002,avaStIn,bevFrtRoadLight
DE,h1673,0.3951643597987161,scr2002,avaStIn,bevFrtRoadLight
DE,h1674,0.46644985491696456,scr2002,avaStIn,bevFrtRoadLight
DE,h1675,0.5302489042156142,scr2002,avaStIn,bevFrtRoadLight
DE,h1676,0.5770673902258092,scr2002,avaStIn,bevFrtRoadLight
DE,h1677,0.5986769755958499,scr2002,avaStIn,bevFrtRoadLight
DE,h1678,0.6016883948095748,scr2002,avaStIn,bevFrtRoadLight
DE,h1679,0.5924055260109063,scr2002,avaStIn,bevFrtRoadLight
DE,h1680,0.5774847836798133,scr2002,avaStIn,bevFrtRoadLight
DE,h1681,0.5517773619954188,scr2002,avaStIn,bevFrtRoadLight
DE,h1682,0.5248358437172167,scr2002,avaStIn,bevFrtRoadLight
DE,h1683,0.5002557267591349,scr2002,avaStIn,bevFrtRoadLight
DE,h1684,0.4779833592811431,scr2002,avaStIn,bevFrtRoadLight
DE,h1685,0.45518876455881474,scr2002,avaStIn,bevFrtRoadLight
DE,h1686,0.43596244051473665,scr2002,avaStIn,bevFrtRoadLight
DE,h1687,0.4287672948543092,scr2002,avaStIn,bevFrtRoadLight
DE,h1688,0.4310449118345231,scr2002,avaStIn,bevFrtRoadLight
DE,h1689,0.43651906754470937,scr2002,avaStIn,bevFrtRoadLight
DE,h1690,0.42784196327677315,scr2002,avaStIn,bevFrtRoadLight
DE,h1691,0.40165285769436365,scr2002,avaStIn,bevFrtRoadLight
DE,h1692,0.3554492048303812,scr2002,avaStIn,bevFrtRoadLight
DE,h1693,0.30743387757687923,scr2002,avaStIn,bevFrtRoadLight
DE,h1694,0.278936309503648,scr2002,avaStIn,bevFrtRoadLight
DE,h1695,0.28525649117608465,scr2002,avaStIn,bevFrtRoadLight
DE,h1696,0.33100477113297455,scr2002,avaStIn,bevFrtRoadLight
DE,h1697,0.3951643597987161,scr2002,avaStIn,bevFrtRoadLight
DE,h1698,0.46644985491696456,scr2002,avaStIn,bevFrtRoadLight
DE,h1699,0.5302489042156142,scr2002,avaStIn,bevFrtRoadLight
DE,h1700,0.5770673902258092,scr2002,avaStIn,bevFrtRoadLight
DE,h1701,0.5986769755958499,scr2002,avaStIn,bevFrtRoadLight
DE,h1702,0.6016883948095748,scr2002,avaStIn,bevFrtRoadLight
DE,h1703,0.5924055260109063,scr2002,avaStIn,bevFrtRoadLight
DE,h1704,0.5774847836798133,scr2002,avaStIn,bevFrtRoadLight
DE,h1705,0.5090380578317111,scr2002,avaStIn,bevFrtRoadLight
DE,h1706,0.45316073221470266,scr2002,avaStIn,bevFrtRoadLight
DE,h1707,0.4106293035759674,scr2002,avaStIn,bevFrtRoadLight
DE,h1708,0.4302562346105031,scr2002,avaStIn,bevFrtRoadLight
DE,h1709,0.4411964644145133,scr2002,avaStIn,bevFrtRoadLight
DE,h1710,0.45751109901302867,scr2002,avaStIn,bevFrtRoadLight
DE,h1711,0.48871757217710954,scr2002,avaStIn,bevFrtRoadLight
DE,h1712,0.5314509691002264,scr2002,avaStIn,bevFrtRoadLight
DE,h1713,0.5711878747561928,scr2002,avaStIn,bevFrtRoadLight
DE,h1714,0.5980939691710527,scr2002,avaStIn,bevFrtRoadLight
DE,h1715,0.608394034195855,scr2002,avaStIn,bevFrtRoadLight
DE,h1716,0.601056877354048,scr2002,avaStIn,bevFrtRoadLight
DE,h1717,0.5764247164288178,scr2002,avaStIn,bevFrtRoadLight
DE,h1718,0.5401459054358788,scr2002,avaStIn,bevFrtRoadLight
DE,h1719,0.4982672792884357,scr2002,avaStIn,bevFrtRoadLight
DE,h1720,0.4574139907405833,scr2002,avaStIn,bevFrtRoadLight
DE,h1721,0.42470386872332355,scr2002,avaStIn,bevFrtRoadLight
DE,h1722,0.4070105681582177,scr2002,avaStIn,bevFrtRoadLight
DE,h1723,0.3993554704479093,scr2002,avaStIn,bevFrtRoadLight
DE,h1724,0.3942528360151184,scr2002,avaStIn,bevFrtRoadLight
DE,h1725,0.3809841238928826,scr2002,avaStIn,bevFrtRoadLight
DE,h1726,0.3497784944040866,scr2002,avaStIn,bevFrtRoadLight
DE,h1727,0.3123069662403203,scr2002,avaStIn,bevFrtRoadLight
DE,h1728,0.2821792829284123,scr2002,avaStIn,bevFrtRoadLight
DE,h1729,0.3106843918239848,scr2002,avaStIn,bevFrtRoadLight
DE,h1730,0.35866299968064763,scr2002,avaStIn,bevFrtRoadLight
DE,h1731,0.4106293035759674,scr2002,avaStIn,bevFrtRoadLight
DE,h1732,0.4302562346105031,scr2002,avaStIn,bevFrtRoadLight
DE,h1733,0.4411964644145133,scr2002,avaStIn,bevFrtRoadLight
DE,h1734,0.45751109901302867,scr2002,avaStIn,bevFrtRoadLight
DE,h1735,0.48871757217710954,scr2002,avaStIn,bevFrtRoadLight
DE,h1736,0.5314509691002264,scr2002,avaStIn,bevFrtRoadLight
DE,h1737,0.5711878747561928,scr2002,avaStIn,bevFrtRoadLight
DE,h1738,0.5980939691710527,scr2002,avaStIn,bevFrtRoadLight
DE,h1739,0.608394034195855,scr2002,avaStIn,bevFrtRoadLight
DE,h1740,0.601056877354048,scr2002,avaStIn,bevFrtRoadLight
DE,h1741,0.5764247164288178,scr2002,avaStIn,bevFrtRoadLight
DE,h1742,0.5401459054358788,scr2002,avaStIn,bevFrtRoadLight
DE,h1743,0.4982672792884357,scr2002,avaStIn,bevFrtRoadLight
DE,h1744,0.4574139907405833,scr2002,avaStIn,bevFrtRoadLight
DE,h1745,0.42470386872332355,scr2002,avaStIn,bevFrtRoadLight
DE,h1746,0.4070105681582177,scr2002,avaStIn,bevFrtRoadLight
DE,h1747,0.3993554704479093,scr2002,avaStIn,bevFrtRoadLight
DE,h1748,0.3942528360151184,scr2002,avaStIn,bevFrtRoadLight
DE,h1749,0.3809841238928826,scr2002,avaStIn,bevFrtRoadLight
DE,h1750,0.3497784944040866,scr2002,avaStIn,bevFrtRoadLight
DE,h1751,0.3123069662403203,scr2002,avaStIn,bevFrtRoadLight
DE,h1752,0.2821792829284123,scr2002,avaStIn,bevFrtRoadLight
DE,h1753,0.3106843918239848,scr2002,avaStIn,bevFrtRoadLight
DE,h1754,0.35866299968064763,scr2002,avaStIn,bevFrtRoadLight
DE,h1755,0.4106293035759674,scr2002,avaStIn,bevFrtRoadLight
DE,h1756,0.4302562346105031,scr2002,avaStIn,bevFrtRoadLight
DE,h1757,0.4411964644145133,scr2002,avaStIn,bevFrtRoadLight
DE,h1758,0.45751109901302867,scr2002,avaStIn,bevFrtRoadLight
DE,h1759,0.48871757217710954,scr2002,avaStIn,bevFrtRoadLight
DE,h1760,0.5314509691002264,scr2002,avaStIn,bevFrtRoadLight
DE,h1761,0.5711878747561928,scr2002,avaStIn,bevFrtRoadLight
DE,h1762,0.5980939691710527,scr2002,avaStIn,bevFrtRoadLight
DE,h1763,0.608394034195855,scr2002,avaStIn,bevFrtRoadLight
DE,h1764,0.601056877354048,scr2002,avaStIn,bevFrtRoadLight
DE,h1765,0.5764247164288178,scr2002,avaStIn,bevFrtRoadLight
DE,h1766,0.5401459054358788,scr2002,avaStIn,bevFrtRoadLight
DE,h1767,0.4982672792884357,scr2002,avaStIn,bevFrtRoadLight
DE,h1768,0.4574139907405833,scr2002,avaStIn,bevFrtRoadLight
DE,h1769,0.42470386872332355,scr2002,avaStIn,bevFrtRoadLight
DE,h1770,0.4070105681582177,scr2002,avaStIn,bevFrtRoadLight
DE,h1771,0.3993554704479093,scr2002,avaStIn,bevFrtRoadLight
DE,h1772,0.3942528360151184,scr2002,avaStIn,bevFrtRoadLight
DE,h1773,0.3809841238928826,scr2002,avaStIn,bevFrtRoadLight
DE,h1774,0.3497784944040866,scr2002,avaStIn,bevFrtRoadLight
DE,h1775,0.3123069662403203,scr2002,avaStIn,bevFrtRoadLight
DE,h1776,0.2821792829284123,scr2002,avaStIn,bevFrtRoadLight
DE,h1777,0.230095162221032,scr2002,avaStIn,bevFrtRoadLight
DE,h1778,0.2300917975935889,scr2002,avaStIn,bevFrtRoadLight
DE,h1779,0.27148343409663167,scr2002,avaStIn,bevFrtRoadLight
DE,h1780,0.3790725700696759,scr2002,avaStIn,bevFrtRoadLight
DE,h1781,0.4623404992613246,scr2002,avaStIn,bevFrtRoadLight
DE,h1782,0.525916227480001,scr2002,avaStIn,bevFrtRoadLight
DE,h1783,0.5772992909654577,scr2002,avaStIn,bevFrtRoadLight
DE,h1784,0.6171735770568829,scr2002,avaStIn,bevFrtRoadLight
DE,h1785,0.6409152522621755,scr2002,avaStIn,bevFrtRoadLight
DE,h1786,0.648916667,scr2002,avaStIn,bevFrtRoadLight
DE,h1787,0.6400350534574338,scr2002,avaStIn,bevFrtRoadLight
DE,h1788,0.6158841576917301,scr2002,avaStIn,bevFrtRoadLight
DE,h1789,0.5753501172674538,scr2002,avaStIn,bevFrtRoadLight
DE,h1790,0.5273486726990765,scr2002,avaStIn,bevFrtRoadLight
DE,h1791,0.47682400205808606,scr2002,avaStIn,bevFrtRoadLight
DE,h1792,0.4288063768750644,scr2002,avaStIn,bevFrtRoadLight
DE,h1793,0.39374570481652504,scr2002,avaStIn,bevFrtRoadLight
DE,h1794,0.3749031506247579,scr2002,avaStIn,bevFrtRoadLight
DE,h1795,0.3720933012131318,scr2002,avaStIn,bevFrtRoadLight
DE,h1796,0.36873105182903687,scr2002,avaStIn,bevFrtRoadLight
DE,h1797,0.3543630997986469,scr2002,avaStIn,bevFrtRoadLight
DE,h1798,0.3154781828948128,scr2002,avaStIn,bevFrtRoadLight
DE,h1799,0.27112993299959975,scr2002,avaStIn,bevFrtRoadLight
DE,h1800,0.2381911639591776,scr2002,avaStIn,bevFrtRoadLight
DE,h1801,0.20075744833264675,scr2002,avaStIn,bevFrtRoadLight
DE,h1802,0.21575624655576675,scr2002,avaStIn,bevFrtRoadLight
DE,h1803,0.27148343409663167,scr2002,avaStIn,bevFrtRoadLight
DE,h1804,0.3790725700696759,scr2002,avaStIn,bevFrtRoadLight
DE,h1805,0.4623404992613246,scr2002,avaStIn,bevFrtRoadLight
DE,h1806,0.525916227480001,scr2002,avaStIn,bevFrtRoadLight
DE,h1807,0.5772992909654577,scr2002,avaStIn,bevFrtRoadLight
DE,h1808,0.6171735770568829,scr2002,avaStIn,bevFrtRoadLight
DE,h1809,0.6409152522621755,scr2002,avaStIn,bevFrtRoadLight
DE,h1810,0.648916667,scr2002,avaStIn,bevFrtRoadLight
DE,h1811,0.6400350534574338,scr2002,avaStIn,bevFrtRoadLight
DE,h1812,0.6158841576917301,scr2002,avaStIn,bevFrtRoadLight
DE,h1813,0.5753501172674538,scr2002,avaStIn,bevFrtRoadLight
DE,h1814,0.5273486726990765,scr2002,avaStIn,bevFrtRoadLight
DE,h1815,0.47682400205808606,scr2002,avaStIn,bevFrtRoadLight
DE,h1816,0.4288063768750644,scr2002,avaStIn,bevFrtRoadLight
DE,h1817,0.39374570481652504,scr2002,avaStIn,bevFrtRoadLight
DE,h1818,0.3749031506247579,scr2002,avaStIn,bevFrtRoadLight
DE,h1819,0.3720933012131318,scr2002,avaStIn,bevFrtRoadLight
DE,h1820,0.36873105182903687,scr2002,avaStIn,bevFrtRoadLight
DE,h1821,0.3543630997986469,scr2002,avaStIn,bevFrtRoadLight
DE,h1822,0.3154781828948128,scr2002,avaStIn,bevFrtRoadLight
DE,h1823,0.27112993299959975,scr2002,avaStIn,bevFrtRoadLight
DE,h1824,0.2381911639591776,scr2002,avaStIn,bevFrtRoadLight
DE,h1825,0.28388199759953203,scr2002,avaStIn,bevFrtRoadLight
DE,h1826,0.34615260530650627,scr2002,avaStIn,bevFrtRoadLight
DE,h1827,0.4106293035759674,scr2002,avaStIn,bevFrtRoadLight
DE,h1828,0.4302562346105031,scr2002,avaStIn,bevFrtRoadLight
DE,h1829,0.4411964644145133,scr2002,avaStIn,bevFrtRoadLight
DE,h1830,0.45751109901302867,scr2002,avaStIn,bevFrtRoadLight
DE,h1831,0.48871757217710954,scr2002,avaStIn,bevFrtRoadLight
DE,h1832,0.5314509691002264,scr2002,avaStIn,bevFrtRoadLight
DE,h1833,0.5711878747561928,scr2002,avaStIn,bevFrtRoadLight
DE,h1834,0.5980939691710527,scr2002,avaStIn,bevFrtRoadLight
DE,h1835,0.608394034195855,scr2002,avaStIn,bevFrtRoadLight
DE,h1836,0.601056877354048,scr2002,avaStIn,bevFrtRoadLight
DE,h1837,0.5764247164288178,scr2002,avaStIn,bevFrtRoadLight
DE,h1838,0.5401459054358788,scr2002,avaStIn,bevFrtRoadLight
DE,h1839,0.4982672792884357,scr2002,avaStIn,bevFrtRoadLight
DE,h1840,0.4574139907405833,scr2002,avaStIn,bevFrtRoadLight
DE,h1841,0.42470386872332355,scr2002,avaStIn,bevFrtRoadLight
DE,h1842,0.4070105681582177,scr2002,avaStIn,bevFrtRoadLight
DE,h1843,0.3993554704479093,scr2002,avaStIn,bevFrtRoadLight
DE,h1844,0.3942528360151184,scr2002,avaStIn,bevFrtRoadLight
DE,h1845,0.3809841238928826,scr2002,avaStIn,bevFrtRoadLight
DE,h1846,0.3497784944040866,scr2002,avaStIn,bevFrtRoadLight
DE,h1847,0.3123069662403203,scr2002,avaStIn,bevFrtRoadLight
DE,h1848,0.2821792829284123,scr2002,avaStIn,bevFrtRoadLight
DE,h1849,0.3106843918239848,scr2002,avaStIn,bevFrtRoadLight
DE,h1850,0.35866299968064763,scr2002,avaStIn,bevFrtRoadLight
DE,h1851,0.4106293035759674,scr2002,avaStIn,bevFrtRoadLight
DE,h1852,0.4302562346105031,scr2002,avaStIn,bevFrtRoadLight
DE,h1853,0.4411964644145133,scr2002,avaStIn,bevFrtRoadLight
DE,h1854,0.45751109901302867,scr2002,avaStIn,bevFrtRoadLight
DE,h1855,0.48871757217710954,scr2002,avaStIn,bevFrtRoadLight
DE,h1856,0.5314509691002264,scr2002,avaStIn,bevFrtRoadLight
DE,h1857,0.5711878747561928,scr2002,avaStIn,bevFrtRoadLight
DE,h1858,0.5980939691710527,scr2002,avaStIn,bevFrtRoadLight
DE,h1859,0.608394034195855,scr2002,avaStIn,bevFrtRoadLight
DE,h1860,0.601056877354048,scr2002,avaStIn,bevFrtRoadLight
DE,h1861,0.5764247164288178,scr2002,avaStIn,bevFrtRoadLight
DE,h1862,0.5401459054358788,scr2002,avaStIn,bevFrtRoadLight
DE,h1863,0.4982672792884357,scr2002,avaStIn,bevFrtRoadLight
DE,h1864,0.4574139907405833,scr2002,avaStIn,bevFrtRoadLight
DE,h1865,0.42470386872332355,scr2002,avaStIn,bevFrtRoadLight
DE,h1866,0.4070105681582177,scr2002,avaStIn,bevFrtRoadLight
DE,h1867,0.3993554704479093,scr2002,avaStIn,bevFrtRoadLight
DE,h1868,0.3942528360151184,scr2002,avaStIn,bevFrtRoadLight
DE,h1869,0.3809841238928826,scr2002,avaStIn,bevFrtRoadLight
DE,h1870,0.3497784944040866,scr2002,avaStIn,bevFrtRoadLight
DE,h1871,0.3123069662403203,scr2002,avaStIn,bevFrtRoadLight
DE,h1872,0.2821792829284123,scr2002,avaStIn,bevFrtRoadLight
DE,h1873,0.3106843918239848,scr2002,avaStIn,bevFrtRoadLight
DE,h1874,0.35866299968064763,scr2002,avaStIn,bevFrtRoadLight
DE,h1875,0.4106293035759674,scr2002,avaStIn,bevFrtRoadLight
DE,h1876,0.4302562346105031,scr2002,avaStIn,bevFrtRoadLight
DE,h1877,0.4411964644145133,scr2002,avaStIn,bevFrtRoadLight
DE,h1878,0.45751109901302867,scr2002,avaStIn,bevFrtRoadLight
DE,h1879,0.48871757217710954,scr2002,avaStIn,bevFrtRoadLight
DE,h1880,0.5314509691002264,scr2002,avaStIn,bevFrtRoadLight
DE,h1881,0.5711878747561928,scr2002,avaStIn,bevFrtRoadLight
DE,h1882,0.5980939691710527,scr2002,avaStIn,bevFrtRoadLight
DE,h1883,0.608394034195855,scr2002,avaStIn,bevFrtRoadLight
DE,h1884,0.601056877354048,scr2002,avaStIn,bevFrtRoadLight
DE,h1885,0.5764247164288178,scr2002,avaStIn,bevFrtRoadLight
DE,h1886,0.5401459054358788,scr2002,avaStIn,bevFrtRoadLight
DE,h1887,0.4982672792884357,scr2002,avaStIn,bevFrtRoadLight
DE,h1888,0.4574139907405833,scr2002,avaStIn,bevFrtRoadLight
DE,h1889,0.42470386872332355,scr2002,avaStIn,bevFrtRoadLight
DE,h1890,0.4070105681582177,scr2002,avaStIn,bevFrtRoadLight
DE,h1891,0.3993554704479093,scr2002,avaStIn,bevFrtRoadLight
DE,h1892,0.3942528360151184,scr2002,avaStIn,bevFrtRoadLight
DE,h1893,0.3809841238928826,scr2002,avaStIn,bevFrtRoadLight
DE,h1894,0.3497784944040866,scr2002,avaStIn,bevFrtRoadLight
DE,h1895,0.3123069662403203,scr2002,avaStIn,bevFrtRoadLight
DE,h1896,0.2821792829284123,scr2002,avaStIn,bevFrtRoadLight
DE,h1897,0.3106843918239848,scr2002,avaStIn,bevFrtRoadLight
DE,h1898,0.35866299968064763,scr2002,avaStIn,bevFrtRoadLight
DE,h1899,0.4106293035759674,scr2002,avaStIn,bevFrtRoadLight
DE,h1900,0.4302562346105031,scr2002,avaStIn,bevFrtRoadLight
DE,h1901,0.4411964644145133,scr2002,avaStIn,bevFrtRoadLight
DE,h1902,0.45751109901302867,scr2002,avaStIn,bevFrtRoadLight
DE,h1903,0.48871757217710954,scr2002,avaStIn,bevFrtRoadLight
DE,h1904,0.5314509691002264,scr2002,avaStIn,bevFrtRoadLight
DE,h1905,0.5711878747561928,scr2002,avaStIn,bevFrtRoadLight
DE,h1906,0.5980939691710527,scr2002,avaStIn,bevFrtRoadLight
DE,h1907,0.608394034195855,scr2002,avaStIn,bevFrtRoadLight
DE,h1908,0.601056877354048,scr2002,avaStIn,bevFrtRoadLight
DE,h1909,0.5764247164288178,scr2002,avaStIn,bevFrtRoadLight
DE,h1910,0.5401459054358788,scr2002,avaStIn,bevFrtRoadLight
DE,h1911,0.4982672792884357,scr2002,avaStIn,bevFrtRoadLight
DE,h1912,0.4574139907405833,scr2002,avaStIn,bevFrtRoadLight
DE,h1913,0.42470386872332355,scr2002,avaStIn,bevFrtRoadLight
DE,h1914,0.4070105681582177,scr2002,avaStIn,bevFrtRoadLight
DE,h1915,0.3993554704479093,scr2002,avaStIn,bevFrtRoadLight
DE,h1916,0.3942528360151184,scr2002,avaStIn,bevFrtRoadLight
DE,h1917,0.3809841238928826,scr2002,avaStIn,bevFrtRoadLight
DE,h1918,0.3497784944040866,scr2002,avaStIn,bevFrtRoadLight
DE,h1919,0.3123069662403203,scr2002,avaStIn,bevFrtRoadLight
DE,h1920,0.2821792829284123,scr2002,avaStIn,bevFrtRoadLight
DE,h1921,0.3106843918239848,scr2002,avaStIn,bevFrtRoadLight
DE,h1922,0.35866299968064763,scr2002,avaStIn,bevFrtRoadLight
DE,h1923,0.4106293035759674,scr2002,avaStIn,bevFrtRoadLight
DE,h1924,0.4302562346105031,scr2002,avaStIn,bevFrtRoadLight
DE,h1925,0.4411964644145133,scr2002,avaStIn,bevFrtRoadLight
DE,h1926,0.45751109901302867,scr2002,avaStIn,bevFrtRoadLight
DE,h1927,0.48871757217710954,scr2002,avaStIn,bevFrtRoadLight
DE,h1928,0.5314509691002264,scr2002,avaStIn,bevFrtRoadLight
DE,h1929,0.5711878747561928,scr2002,avaStIn,bevFrtRoadLight
DE,h1930,0.5980939691710527,scr2002,avaStIn,bevFrtRoadLight
DE,h1931,0.608394034195855,scr2002,avaStIn,bevFrtRoadLight
DE,h1932,0.601056877354048,scr2002,avaStIn,bevFrtRoadLight
DE,h1933,0.5764247164288178,scr2002,avaStIn,bevFrtRoadLight
DE,h1934,0.5401459054358788,scr2002,avaStIn,bevFrtRoadLight
DE,h1935,0.4982672792884357,scr2002,avaStIn,bevFrtRoadLight
DE,h1936,0.4574139907405833,scr2002,avaStIn,bevFrtRoadLight
DE,h1937,0.42470386872332355,scr2002,avaStIn,bevFrtRoadLight
DE,h1938,0.4070105681582177,scr2002,avaStIn,bevFrtRoadLight
DE,h1939,0.3993554704479093,scr2002,avaStIn,bevFrtRoadLight
DE,h1940,0.3942528360151184,scr2002,avaStIn,bevFrtRoadLight
DE,h1941,0.3809841238928826,scr2002,avaStIn,bevFrtRoadLight
DE,h1942,0.3497784944040866,scr2002,avaStIn,bevFrtRoadLight
DE,h1943,0.3123069662403203,scr2002,avaStIn,bevFrtRoadLight
DE,h1944,0.2821792829284123,scr2002,avaStIn,bevFrtRoadLight
DE,h1945,0.230095162221032,scr2002,avaStIn,bevFrtRoadLight
DE,h1946,0.2300917975935889,scr2002,avaStIn,bevFrtRoadLight
DE,h1947,0.27148343409663167,scr2002,avaStIn,bevFrtRoadLight
DE,h1948,0.3790725700696759,scr2002,avaStIn,bevFrtRoadLight
DE,h1949,0.4623404992613246,scr2002,avaStIn,bevFrtRoadLight
DE,h1950,0.525916227480001,scr2002,avaStIn,bevFrtRoadLight
DE,h1951,0.5772992909654577,scr2002,avaStIn,bevFrtRoadLight
DE,h1952,0.6171735770568829,scr2002,avaStIn,bevFrtRoadLight
DE,h1953,0.6409152522621755,scr2002,avaStIn,bevFrtRoadLight
DE,h1954,0.648916667,scr2002,avaStIn,bevFrtRoadLight
DE,h1955,0.6400350534574338,scr2002,avaStIn,bevFrtRoadLight
DE,h1956,0.6158841576917301,scr2002,avaStIn,bevFrtRoadLight
DE,h1957,0.5753501172674538,scr2002,avaStIn,bevFrtRoadLight
DE,h1958,0.5273486726990765,scr2002,avaStIn,bevFrtRoadLight
DE,h1959,0.47682400205808606,scr2002,avaStIn,bevFrtRoadLight
DE,h1960,0.4288063768750644,scr2002,avaStIn,bevFrtRoadLight
DE,h1961,0.39374570481652504,scr2002,avaStIn,bevFrtRoadLight
DE,h1962,0.3749031506247579,scr2002,avaStIn,bevFrtRoadLight
DE,h1963,0.3720933012131318,scr2002,avaStIn,bevFrtRoadLight
DE,h1964,0.36873105182903687,scr2002,avaStIn,bevFrtRoadLight
DE,h1965,0.3543630997986469,scr2002,avaStIn,bevFrtRoadLight
DE,h1966,0.3154781828948128,scr2002,avaStIn,bevFrtRoadLight
DE,h1967,0.27112993299959975,scr2002,avaStIn,bevFrtRoadLight
DE,h1968,0.2381911639591776,scr2002,avaStIn,bevFrtRoadLight
DE,h1969,0.20075744833264675,scr2002,avaStIn,bevFrtRoadLight
DE,h1970,0.21575624655576675,scr2002,avaStIn,bevFrtRoadLight
DE,h1971,0.27148343409663167,scr2002,avaStIn,bevFrtRoadLight
DE,h1972,0.3790725700696759,scr2002,avaStIn,bevFrtRoadLight
DE,h1973,0.4623404992613246,scr2002,avaStIn,bevFrtRoadLight
DE,h1974,0.525916227480001,scr2002,avaStIn,bevFrtRoadLight
DE,h1975,0.5772992909654577,scr2002,avaStIn,bevFrtRoadLight
DE,h1976,0.6171735770568829,scr2002,avaStIn,bevFrtRoadLight
DE,h1977,0.6409152522621755,scr2002,avaStIn,bevFrtRoadLight
DE,h1978,0.648916667,scr2002,avaStIn,bevFrtRoadLight
DE,h1979,0.6400350534574338,scr2002,avaStIn,bevFrtRoadLight
DE,h1980,0.6158841576917301,scr2002,avaStIn,bevFrtRoadLight
DE,h1981,0.5753501172674538,scr2002,avaStIn,bevFrtRoadLight
DE,h1982,0.5273486726990765,scr2002,avaStIn,bevFrtRoadLight
DE,h1983,0.47682400205808606,scr2002,avaStIn,bevFrtRoadLight
DE,h1984,0.4288063768750644,scr2002,avaStIn,bevFrtRoadLight
DE,h1985,0.39374570481652504,scr2002,avaStIn,bevFrtRoadLight
DE,h1986,0.3749031506247579,scr2002,avaStIn,bevFrtRoadLight
DE,h1987,0.3720933012131318,scr2002,avaStIn,bevFrtRoadLight
DE,h1988,0.36873105182903687,scr2002,avaStIn,bevFrtRoadLight
DE,h1989,0.3543630997986469,scr2002,avaStIn,bevFrtRoadLight
DE,h1990,0.3154781828948128,scr2002,avaStIn,bevFrtRoadLight
DE,h1991,0.27112993299959975,scr2002,avaStIn,bevFrtRoadLight
DE,h1992,0.2381911639591776,scr2002,avaStIn,bevFrtRoadLight
DE,h1993,0.28388199759953203,scr2002,avaStIn,bevFrtRoadLight
DE,h1994,0.34615260530650627,scr2002,avaStIn,bevFrtRoadLight
DE,h1995,0.4106293035759674,scr2002,avaStIn,bevFrtRoadLight
DE,h1996,0.4302562346105031,scr2002,avaStIn,bevFrtRoadLight
DE,h1997,0.4411964644145133,scr2002,avaStIn,bevFrtRoadLight
DE,h1998,0.45751109901302867,scr2002,avaStIn,bevFrtRoadLight
DE,h1999,0.48871757217710954,scr2002,avaStIn,bevFrtRoadLight
DE,h2000,0.5314509691002264,scr2002,avaStIn,bevFrtRoadLight
DE,h2001,0.5711878747561928,scr2002,avaStIn,bevFrtRoadLight
DE,h2002,0.5980939691710527,scr2002,avaStIn,bevFrtRoadLight
DE,h2003,0.608394034195855,scr2002,avaStIn,bevFrtRoadLight
DE,h2004,0.601056877354048,scr2002,avaStIn,bevFrtRoadLight
DE,h2005,0.5764247164288178,scr2002,avaStIn,bevFrtRoadLight
DE,h2006,0.5401459054358788,scr2002,avaStIn,bevFrtRoadLight
DE,h2007,0.4982672792884357,scr2002,avaStIn,bevFrtRoadLight
DE,h2008,0.4574139907405833,scr2002,avaStIn,bevFrtRoadLight
DE,h2009,0.42470386872332355,scr2002,avaStIn,bevFrtRoadLight
DE,h2010,0.4070105681582177,scr2002,avaStIn,bevFrtRoadLight
DE,h2011,0.3993554704479093,scr2002,avaStIn,bevFrtRoadLight
DE,h2012,0.3942528360151184,scr2002,avaStIn,bevFrtRoadLight
DE,h2013,0.3809841238928826,scr2002,avaStIn,bevFrtRoadLight
DE,h2014,0.3497784944040866,scr2002,avaStIn,bevFrtRoadLight
DE,h2015,0.3123069662403203,scr2002,avaStIn,bevFrtRoadLight
DE,h2016,0.2821792829284123,scr2002,avaStIn,bevFrtRoadLight
DE,h2017,0.3072840894621327,scr2002,avaStIn,bevFrtRoadLight
DE,h2018,0.33666905394072477,scr2002,avaStIn,bevFrtRoadLight
DE,h2019,0.36655496485550265,scr2002,avaStIn,bevFrtRoadLight
DE,h2020,0.3745731212047183,scr2002,avaStIn,bevFrtRoadLight
DE,h2021,0.4026088526762964,scr2002,avaStIn,bevFrtRoadLight
DE,h2022,0.44640061438376677,scr2002,avaStIn,bevFrtRoadLight
DE,h2023,0.4973037920546317,scr2002,avaStIn,bevFrtRoadLight
DE,h2024,0.5420216950586382,scr2002,avaStIn,bevFrtRoadLight
DE,h2025,0.5736954068525849,scr2002,avaStIn,bevFrtRoadLight
DE,h2026,0.5880342997851788,scr2002,avaStIn,bevFrtRoadLight
DE,h2027,0.5918947845476328,scr2002,avaStIn,bevFrtRoadLight
DE,h2028,0.5837522950091353,scr2002,avaStIn,bevFrtRoadLight
DE,h2029,0.5666300112283023,scr2002,avaStIn,bevFrtRoadLight
DE,h2030,0.5326460205473856,scr2002,avaStIn,bevFrtRoadLight
DE,h2031,0.48334141219508575,scr2002,avaStIn,bevFrtRoadLight
DE,h2032,0.4237800531764452,scr2002,avaStIn,bevFrtRoadLight
DE,h2033,0.3668064382544399,scr2002,avaStIn,bevFrtRoadLight
DE,h2034,0.33858624085132816,scr2002,avaStIn,bevFrtRoadLight
DE,h2035,0.33981235579051494,scr2002,avaStIn,bevFrtRoadLight
DE,h2036,0.36441505526272,scr2002,avaStIn,bevFrtRoadLight
DE,h2037,0.39407002810213865,scr2002,avaStIn,bevFrtRoadLight
DE,h2038,0.4100441996396511,scr2002,avaStIn,bevFrtRoadLight
DE,h2039,0.41244752514225314,scr2002,avaStIn,bevFrtRoadLight
DE,h2040,0.397767181057598,scr2002,avaStIn,bevFrtRoadLight
DE,h2041,0.3840802424090225,scr2002,avaStIn,bevFrtRoadLight
DE,h2042,0.37136048642151265,scr2002,avaStIn,bevFrtRoadLight
DE,h2043,0.36655496485550265,scr2002,avaStIn,bevFrtRoadLight
DE,h2044,0.3745731212047183,scr2002,avaStIn,bevFrtRoadLight
DE,h2045,0.4026088526762964,scr2002,avaStIn,bevFrtRoadLight
DE,h2046,0.44640061438376677,scr2002,avaStIn,bevFrtRoadLight
DE,h2047,0.4973037920546317,scr2002,avaStIn,bevFrtRoadLight
DE,h2048,0.5420216950586382,scr2002,avaStIn,bevFrtRoadLight
DE,h2049,0.5736954068525849,scr2002,avaStIn,bevFrtRoadLight
DE,h2050,0.5880342997851788,scr2002,avaStIn,bevFrtRoadLight
DE,h2051,0.5918947845476328,scr2002,avaStIn,bevFrtRoadLight
DE,h2052,0.5837522950091353,scr2002,avaStIn,bevFrtRoadLight
DE,h2053,0.5666300112283023,scr2002,avaStIn,bevFrtRoadLight
DE,h2054,0.5326460205473856,scr2002,avaStIn,bevFrtRoadLight
DE,h2055,0.48334141219508575,scr2002,avaStIn,bevFrtRoadLight
DE,h2056,0.4237800531764452,scr2002,avaStIn,bevFrtRoadLight
DE,h2057,0.3668064382544399,scr2002,avaStIn,bevFrtRoadLight
DE,h2058,0.33858624085132816,scr2002,avaStIn,bevFrtRoadLight
DE,h2059,0.33981235579051494,scr2002,avaStIn,bevFrtRoadLight
DE,h2060,0.36441505526272,scr2002,avaStIn,bevFrtRoadLight
DE,h2061,0.39407002810213865,scr2002,avaStIn,bevFrtRoadLight
DE,h2062,0.4100441996396511,scr2002,avaStIn,bevFrtRoadLight
DE,h2063,0.41244752514225314,scr2002,avaStIn,bevFrtRoadLight
DE,h2064,0.397767181057598,scr2002,avaStIn,bevFrtRoadLight
DE,h2065,0.3840802424090225,scr2002,avaStIn,bevFrtRoadLight
DE,h2066,0.37136048642151265,scr2002,avaStIn,bevFrtRoadLight
DE,h2067,0.36655496485550265,scr2002,avaStIn,bevFrtRoadLight
DE,h2068,0.3745731212047183,scr2002,avaStIn,bevFrtRoadLight
DE,h2069,0.4026088526762964,scr2002,avaStIn,bevFrtRoadLight
DE,h2070,0.44640061438376677,scr2002,avaStIn,bevFrtRoadLight
DE,h2071,0.4973037920546317,scr2002,avaStIn,bevFrtRoadLight
DE,h2072,0.5420216950586382,scr2002,avaStIn,bevFrtRoadLight
DE,h2073,0.5736954068525849,scr2002,avaStIn,bevFrtRoadLight
DE,h2074,0.5880342997851788,scr2002,avaStIn,bevFrtRoadLight
DE,h2075,0.5918947845476328,scr2002,avaStIn,bevFrtRoadLight
DE,h2076,0.5837522950091353,scr2002,avaStIn,bevFrtRoadLight
DE,h2077,0.5666300112283023,scr2002,avaStIn,bevFrtRoadLight
DE,h2078,0.5326460205473856,scr2002,avaStIn,bevFrtRoadLight
DE,h2079,0.48334141219508575,scr2002,avaStIn,bevFrtRoadLight
DE,h2080,0.4237800531764452,scr2002,avaStIn,bevFrtRoadLight
DE,h2081,0.3668064382544399,scr2002,avaStIn,bevFrtRoadLight
DE,h2082,0.33858624085132816,scr2002,avaStIn,bevFrtRoadLight
DE,h2083,0.33981235579051494,scr2002,avaStIn,bevFrtRoadLight
DE,h2084,0.36441505526272,scr2002,avaStIn,bevFrtRoadLight
DE,h2085,0.39407002810213865,scr2002,avaStIn,bevFrtRoadLight
DE,h2086,0.4100441996396511,scr2002,avaStIn,bevFrtRoadLight
DE,h2087,0.41244752514225314,scr2002,avaStIn,bevFrtRoadLight
DE,h2088,0.397767181057598,scr2002,avaStIn,bevFrtRoadLight
DE,h2089,0.3840802424090225,scr2002,avaStIn,bevFrtRoadLight
DE,h2090,0.37136048642151265,scr2002,avaStIn,bevFrtRoadLight
DE,h2091,0.36655496485550265,scr2002,avaStIn,bevFrtRoadLight
DE,h2092,0.3745731212047183,scr2002,avaStIn,bevFrtRoadLight
DE,h2093,0.4026088526762964,scr2002,avaStIn,bevFrtRoadLight
DE,h2094,0.44640061438376677,scr2002,avaStIn,bevFrtRoadLight
DE,h2095,0.4973037920546317,scr2002,avaStIn,bevFrtRoadLight
DE,h2096,0.5420216950586382,scr2002,avaStIn,bevFrtRoadLight
DE,h2097,0.5736954068525849,scr2002,avaStIn,bevFrtRoadLight
DE,h2098,0.5880342997851788,scr2002,avaStIn,bevFrtRoadLight
DE,h2099,0.5918947845476328,scr2002,avaStIn,bevFrtRoadLight
DE,h2100,0.5837522950091353,scr2002,avaStIn,bevFrtRoadLight
DE,h2101,0.5666300112283023,scr2002,avaStIn,bevFrtRoadLight
DE,h2102,0.5326460205473856,scr2002,avaStIn,bevFrtRoadLight
DE,h2103,0.48334141219508575,scr2002,avaStIn,bevFrtRoadLight
DE,h2104,0.4237800531764452,scr2002,avaStIn,bevFrtRoadLight
DE,h2105,0.3668064382544399,scr2002,avaStIn,bevFrtRoadLight
DE,h2106,0.33858624085132816,scr2002,avaStIn,bevFrtRoadLight
DE,h2107,0.33981235579051494,scr2002,avaStIn,bevFrtRoadLight
DE,h2108,0.36441505526272,scr2002,avaStIn,bevFrtRoadLight
DE,h2109,0.39407002810213865,scr2002,avaStIn,bevFrtRoadLight
DE,h2110,0.4100441996396511,scr2002,avaStIn,bevFrtRoadLight
DE,h2111,0.41244752514225314,scr2002,avaStIn,bevFrtRoadLight
DE,h2112,0.397767181057598,scr2002,avaStIn,bevFrtRoadLight
DE,h2113,0.42154228593186693,scr2002,avaStIn,bevFrtRoadLight
DE,h2114,0.4456152325394652,scr2002,avaStIn,bevFrtRoadLight
DE,h2115,0.46890884939949806,scr2002,avaStIn,bevFrtRoadLight
DE,h2116,0.4606801828577375,scr2002,avaStIn,bevFrtRoadLight
DE,h2117,0.4598809008191356,scr2002,avaStIn,bevFrtRoadLight
DE,h2118,0.4737368201055385,scr2002,avaStIn,bevFrtRoadLight
DE,h2119,0.49837466067849223,scr2002,avaStIn,bevFrtRoadLight
DE,h2120,0.5249322712656334,scr2002,avaStIn,bevFrtRoadLight
DE,h2121,0.5295524702973696,scr2002,avaStIn,bevFrtRoadLight
DE,h2122,0.5237384833973733,scr2002,avaStIn,bevFrtRoadLight
DE,h2123,0.517462220076728,scr2002,avaStIn,bevFrtRoadLight
DE,h2124,0.5202231448594442,scr2002,avaStIn,bevFrtRoadLight
DE,h2125,0.5168074572603817,scr2002,avaStIn,bevFrtRoadLight
DE,h2126,0.4881087918461403,scr2002,avaStIn,bevFrtRoadLight
DE,h2127,0.4401501060096197,scr2002,avaStIn,bevFrtRoadLight
DE,h2128,0.3751810028677981,scr2002,avaStIn,bevFrtRoadLight
DE,h2129,0.3184738733356699,scr2002,avaStIn,bevFrtRoadLight
DE,h2130,0.2885496316681868,scr2002,avaStIn,bevFrtRoadLight
DE,h2131,0.2950430145218158,scr2002,avaStIn,bevFrtRoadLight
DE,h2132,0.3362350273761402,scr2002,avaStIn,bevFrtRoadLight
DE,h2133,0.3905257678468872,scr2002,avaStIn,bevFrtRoadLight
DE,h2134,0.4405757953478314,scr2002,avaStIn,bevFrtRoadLight
DE,h2135,0.4738121072088959,scr2002,avaStIn,bevFrtRoadLight
DE,h2136,0.4995552626921461,scr2002,avaStIn,bevFrtRoadLight
DE,h2137,0.5006979269249345,scr2002,avaStIn,bevFrtRoadLight
DE,h2138,0.49234384959123245,scr2002,avaStIn,bevFrtRoadLight
DE,h2139,0.46890884939949806,scr2002,avaStIn,bevFrtRoadLight
DE,h2140,0.4606801828577375,scr2002,avaStIn,bevFrtRoadLight
DE,h2141,0.4598809008191356,scr2002,avaStIn,bevFrtRoadLight
DE,h2142,0.4737368201055385,scr2002,avaStIn,bevFrtRoadLight
DE,h2143,0.49837466067849223,scr2002,avaStIn,bevFrtRoadLight
DE,h2144,0.5249322712656334,scr2002,avaStIn,bevFrtRoadLight
DE,h2145,0.5295524702973696,scr2002,avaStIn,bevFrtRoadLight
DE,h2146,0.5237384833973733,scr2002,avaStIn,bevFrtRoadLight
DE,h2147,0.517462220076728,scr2002,avaStIn,bevFrtRoadLight
DE,h2148,0.5202231448594442,scr2002,avaStIn,bevFrtRoadLight
DE,h2149,0.5168074572603817,scr2002,avaStIn,bevFrtRoadLight
DE,h2150,0.4881087918461403,scr2002,avaStIn,bevFrtRoadLight
DE,h2151,0.4401501060096197,scr2002,avaStIn,bevFrtRoadLight
DE,h2152,0.3751810028677981,scr2002,avaStIn,bevFrtRoadLight
DE,h2153,0.3184738733356699,scr2002,avaStIn,bevFrtRoadLight
DE,h2154,0.2885496316681868,scr2002,avaStIn,bevFrtRoadLight
DE,h2155,0.2950430145218158,scr2002,avaStIn,bevFrtRoadLight
DE,h2156,0.3362350273761402,scr2002,avaStIn,bevFrtRoadLight
DE,h2157,0.3905257678468872,scr2002,avaStIn,bevFrtRoadLight
DE,h2158,0.4405757953478314,scr2002,avaStIn,bevFrtRoadLight
DE,h2159,0.4738121072088959,scr2002,avaStIn,bevFrtRoadLight
DE,h2160,0.4995552626921461,scr2002,avaStIn,bevFrtRoadLight
GR,h1441,0.3714353995574986,scr2002,avaStIn,bevFrtRoadLight
GR,h1442,0.3846086524108919,scr2002,avaStIn,bevFrtRoadLight
GR,h1443,0.42374952391826404,scr2002,avaStIn,bevFrtRoadLight
GR,h1444,0.4709102315761218,scr2002,avaStIn,bevFrtRoadLight
GR,h1445,0.5000591446961408,scr2002,avaStIn,bevFrtRoadLight
GR,h1446,0.495233345157142,scr2002,avaStIn,bevFrtRoadLight
GR,h1447,0.5008043596015219,scr2002,avaStIn,bevFrtRoadLight
GR,h1448,0.5021789974738545,scr2002,avaStIn,bevFrtRoadLight
GR,h1449,0.5231874460949842,scr2002,avaStIn,bevFrtRoadLight
GR,h1450,0.5308529822226913,scr2002,avaStIn,bevFrtRoadLight
GR,h1451,0.536356959269228,scr2002,avaStIn,bevFrtRoadLight
GR,h1452,0.5373881561276749,scr2002,avaStIn,bevFrtRoadLight
GR,h1453,0.5288075990651915,scr2002,avaStIn,bevFrtRoadLight
GR,h1454,0.5095709286669997,scr2002,avaStIn,bevFrtRoadLight
GR,h1455,0.473753550931062,scr2002,avaStIn,bevFrtRoadLight
GR,h1456,0.4304466538396563,scr2002,avaStIn,bevFrtRoadLight
GR,h1457,0.3826879992214788,scr2002,avaStIn,bevFrtRoadLight
GR,h1458,0.35009603390058996,scr2002,avaStIn,bevFrtRoadLight
GR,h1459,0.3349394292024723,scr2002,avaStIn,bevFrtRoadLight
GR,h1460,0.34869160218954365,scr2002,avaStIn,bevFrtRoadLight
GR,h1461,0.36780057797615695,scr2002,avaStIn,bevFrtRoadLight
GR,h1462,0.38682791024436847,scr2002,avaStIn,bevFrtRoadLight
GR,h1463,0.3912979680884232,scr2002,avaStIn,bevFrtRoadLight
GR,h1464,0.3985938980480803,scr2002,avaStIn,bevFrtRoadLight
GR,h1465,0.38540755881640665,scr2002,avaStIn,bevFrtRoadLight
GR,h1466,0.39834418280524153,scr2002,avaStIn,bevFrtRoadLight
GR,h1467,0.42374952391826404,scr2002,avaStIn,bevFrtRoadLight
GR,h1468,0.4709102315761218,scr2002,avaStIn,bevFrtRoadLight
GR,h1469,0.5000591446961408,scr2002,avaStIn,bevFrtRoadLight
GR,h1470,0.495233345157142,scr2002,avaStIn,bevFrtRoadLight
GR,h1471,0.5008043596015219,scr2002,avaStIn,bevFrtRoadLight
GR,h1472,0.5021789974738545,scr2002,avaStIn,bevFrtRoadLight
GR,h1473,0.5231874460949842,scr2002,avaStIn,bevFrtRoadLight
GR,h1474,0.5308529822226913,scr2002,avaStIn,bevFrtRoadLight
GR,h1475,0.536356959269228,scr2002,avaStIn,bevFrtRoadLight
GR,h1476,0.5373881561276749,scr2002,avaStIn,bevFrtRoadLight
GR,h1477,0.5288075990651915,scr2002,avaStIn,bevFrtRoadLight
GR,h1478,0.5095709286669997,scr2002,avaStIn,bevFrtRoadLight
GR,h1479,0.473753550931062,scr2002,avaStIn,bevFrtRoadLight
GR,h1480,0.4304466538396563,scr2002,avaStIn,bevFrtRoadLight
GR,h1481,0.3826879992214788,scr2002,avaStIn,bevFrtRoadLight
GR,h1482,0.35009603390058996,scr2002,avaStIn,bevFrtRoadLight
GR,h1483,0.3349394292024723,scr2002,avaStIn,bevFrtRoadLight
GR,h1484,0.34869160218954365,scr2002,avaStIn,bevFrtRoadLight
GR,h1485,0.36780057797615695,scr2002,avaStIn,bevFrtRoadLight
GR,h1486,0.38682791024436847,scr2002,avaStIn,bevFrtRoadLight
GR,h1487,0.3912979680884232,scr2002,avaStIn,bevFrtRoadLight
GR,h1488,0.3985938980480803,scr2002,avaStIn,bevFrtRoadLight
GR,h1489,0.4174388969205469,scr2002,avaStIn,bevFrtRoadLight
GR,h1490,0.4439543832070485,scr2002,avaStIn,bevFrtRoadLight
GR,h1491,0.464238846132911,scr2002,avaStIn,bevFrtRoadLight
GR,h1492,0.4692993118565085,scr2002,avaStIn,bevFrtRoadLight
GR,h1493,0.4647572130501477,scr2002,avaStIn,bevFrtRoadLight
GR,h1494,0.4606421333392813,scr2002,avaStIn,bevFrtRoadLight
GR,h1495,0.4606294501381404,scr2002,avaStIn,bevFrtRoadLight
GR,h1496,0.4771202000278558,scr2002,avaStIn,bevFrtRoadLight
GR,h1497,0.4942956004519071,scr2002,avaStIn,bevFrtRoadLight
GR,h1498,0.5099123823053463,scr2002,avaStIn,bevFrtRoadLight
GR,h1499,0.5161038254350148,scr2002,avaStIn,bevFrtRoadLight
GR,h1500,0.5219276355822776,scr2002,avaStIn,bevFrtRoadLight
GR,h1501,0.5234247828552905,scr2002,avaStIn,bevFrtRoadLight
GR,h1502,0.515666896351518,scr2002,avaStIn,bevFrtRoadLight
GR,h1503,0.4904757420921084,scr2002,avaStIn,bevFrtRoadLight
GR,h1504,0.4511048686615209,scr2002,avaStIn,bevFrtRoadLight
GR,h1505,0.401719554609377,scr2002,avaStIn,bevFrtRoadLight
GR,h1506,0.362910361244157,scr2002,avaStIn,bevFrtRoadLight
GR,h1507,0.3472619056461236,scr2002,avaStIn,bevFrtRoadLight
GR,h1508,0.35727079588328314,scr2002,avaStIn,bevFrtRoadLight
GR,h1509,0.378468834507535,scr2002,avaStIn,bevFrtRoadLight
GR,h1510,0.39319028121074384,scr2002,avaStIn,bevFrtRoadLight
GR,h1511,0.3959422870730802,scr2002,avaStIn,bevFrtRoadLight
GR,h1512,0.3854887711962275,scr2002,avaStIn,bevFrtRoadLight
GR,h1513,0.42769853598926943,scr2002,avaStIn,bevFrtRoadLight
GR,h1514,0.46444116177482064,scr2002,avaStIn,bevFrtRoadLight
GR,h1515,0.5002557267591349,scr2002,avaStIn,bevFrtRoadLight
GR,h1516,0.4779833592811431,scr2002,avaStIn,bevFrtRoadLight
GR,h1517,0.45518876455881485,scr2002,avaStIn,bevFrtRoadLight
GR,h1518,0.43596244051473665,scr2002,avaStIn,bevFrtRoadLight
GR,h1519,0.4287672948543091,scr2002,avaStIn,bevFrtRoadLight
GR,h1520,0.4310449118345231,scr2002,avaStIn,bevFrtRoadLight
GR,h1521,0.43651906754470926,scr2002,avaStIn,bevFrtRoadLight
GR,h1522,0.42784196327677315,scr2002,avaStIn,bevFrtRoadLight
GR,h1523,0.40165285769436365,scr2002,avaStIn,bevFrtRoadLight
GR,h1524,0.3554492048303812,scr2002,avaStIn,bevFrtRoadLight
GR,h1525,0.30743387757687923,scr2002,avaStIn,bevFrtRoadLight
GR,h1526,0.278936309503648,scr2002,avaStIn,bevFrtRoadLight
GR,h1527,0.28525649117608465,scr2002,avaStIn,bevFrtRoadLight
GR,h1528,0.33100477113297455,scr2002,avaStIn,bevFrtRoadLight
GR,h1529,0.3951643597987161,scr2002,avaStIn,bevFrtRoadLight
GR,h1530,0.46644985491696445,scr2002,avaStIn,bevFrtRoadLight
GR,h1531,0.5302489042156142,scr2002,avaStIn,bevFrtRoadLight
GR,h1532,0.5770673902258092,scr2002,avaStIn,bevFrtRoadLight
GR,h1533,0.5986769755958498,scr2002,avaStIn,bevFrtRoadLight
GR,h1534,0.6016883948095747,scr2002,avaStIn,bevFrtRoadLight
GR,h1535,0.5924055260109063,scr2002,avaStIn,bevFrtRoadLight
GR,h1536,0.5774847836798132,scr2002,avaStIn,bevFrtRoadLight
GR,h1537,0.5517773619954187,scr2002,avaStIn,bevFrtRoadLight
GR,h1538,0.5248358437172166,scr2002,avaStIn,bevFrtRoadLight
GR,h1539,0.5002557267591349,scr2002,avaStIn,bevFrtRoadLight
GR,h1540,0.4779833592811431,scr2002,avaStIn,bevFrtRoadLight
GR,h1541,0.45518876455881485,scr2002,avaStIn,bevFrtRoadLight
GR,h1542,0.43596244051473665,scr2002,avaStIn,bevFrtRoadLight
GR,h1543,0.4287672948543091,scr2002,avaStIn,bevFrtRoadLight
GR,h1544,0.4310449118345231,scr2002,avaStIn,bevFrtRoadLight
GR,h1545,0.43651906754470926,scr2002,avaStIn,bevFrtRoadLight
GR,h1546,0.42784196327677315,scr2002,avaStIn,bevFrtRoadLight
GR,h1547,0.40165285769436365,scr2002,avaStIn,bevFrtRoadLight
GR,h1548,0.3554492048303812,scr2002,avaStIn,bevFrtRoadLight
GR,h1549,0.30743387757687923,scr2002,avaStIn,bevFrtRoadLight
GR,h1550,0.278936309503648,scr2002,avaStIn,bevFrtRoadLight
GR,h1551,0.28525649117608465,scr2002,avaStIn,bevFrtRoadLight
GR,h1552,0.33100477113297455,scr2002,avaStIn,bevFrtRoadLight
GR,h1553,0.3951643597987161,scr2002,avaStIn,bevFrtRoadLight
GR,h1554,0.46644985491696445,scr2002,avaStIn,bevFrtRoadLight
GR,h1555,0.5302489042156142,scr2002,avaStIn,bevFrtRoadLight
GR,h1556,0.5770673902258092,scr2002,avaStIn,bevFrtRoadLight
GR,h1557,0.5986769755958498,scr2002,avaStIn,bevFrtRoadLight
GR,h1558,0.6016883948095747,scr2002,avaStIn,bevFrtRoadLight
GR,h1559,0.5924055260109063,scr2002,avaStIn,bevFrtRoadLight
GR,h1560,0.5774847836798132,scr2002,avaStIn,bevFrtRoadLight
GR,h1561,0.5517773619954187,scr2002,avaStIn,bevFrtRoadLight
GR,h1562,0.5248358437172166,scr2002,avaStIn,bevFrtRoadLight
GR,h1563,0.5002557267591349,scr2002,avaStIn,bevFrtRoadLight
GR,h1564,0.4779833592811431,scr2002,avaStIn,bevFrtRoadLight
GR,h1565,0.45518876455881485,scr2002,avaStIn,bevFrtRoadLight
GR,h1566,0.43596244051473665,scr2002,avaStIn,bevFrtRoadLight
GR,h1567,0.4287672948543091,scr2002,avaStIn,bevFrtRoadLight
GR,h1568,0.4310449118345231,scr2002,avaStIn,bevFrtRoadLight
GR,h1569,0.43651906754470926,scr2002,avaStIn,bevFrtRoadLight
GR,h1570,0.42784196327677315,scr2002,avaStIn,bevFrtRoadLight
GR,h1571,0.40165285769436365,scr2002,avaStIn,bevFrtRoadLight
GR,h1572,0.3554492048303812,scr2002,avaStIn,bevFrtRoadLight
GR,h1573,0.30743387757687923,scr2002,avaStIn,bevFrtRoadLight
GR,h1574,0.278936309503648,scr2002,avaStIn,bevFrtRoadLight
GR,h1575,0.28525649117608465,scr2002,avaStIn,bevFrtRoadLight
GR,h1576,0.33100477113297455,scr2002,avaStIn,bevFrtRoadLight
GR,h1577,0.3951643597987161,scr2002,avaStIn,bevFrtRoadLight
GR,h1578,0.46644985491696445,scr2002,avaStIn,bevFrtRoadLight
GR,h1579,0.5302489042156142,scr2002,avaStIn,bevFrtRoadLight
GR,h1580,0.5770673902258092,scr2002,avaStIn,bevFrtRoadLight
GR,h1581,0.5986769755958498,scr2002,avaStIn,bevFrtRoadLight
GR,h1582,0.6016883948095747,scr2002,avaStIn,bevFrtRoadLight
GR,h1583,0.5924055260109063,scr2002,avaStIn,bevFrtRoadLight
GR,h1584,0.5774847836798132,scr2002,avaStIn,bevFrtRoadLight
GR,h1585,0.5517773619954187,scr2002,avaStIn,bevFrtRoadLight
GR,h1586,0.5248358437172166,scr2002,avaStIn,bevFrtRoadLight
GR,h1587,0.5002557267591349,scr2002,avaStIn,bevFrtRoadLight
GR,h1588,0.4779833592811431,scr2002,avaStIn,bevFrtRoadLight
GR,h1589,0.45518876455881485,scr2002,avaStIn,bevFrtRoadLight
GR,h1590,0.43596244051473665,scr2002,avaStIn,bevFrtRoadLight
GR,h1591,0.4287672948543091,scr2002,avaStIn,bevFrtRoadLight
GR,h1592,0.4310449118345231,scr2002,avaStIn,bevFrtRoadLight
GR,h1593,0.43651906754470926,scr2002,avaStIn,bevFrtRoadLight
GR,h1594,0.42784196327677315,scr2002,avaStIn,bevFrtRoadLight
GR,h1595,0.40165285769436365,scr2002,avaStIn,bevFrtRoadLight
GR,h1596,0.3554492048303812,scr2002,avaStIn,bevFrtRoadLight
GR,h1597,0.30743387757687923,scr2002,avaStIn,bevFrtRoadLight
GR,h1598,0.278936309503648,scr2002,avaStIn,bevFrtRoadLight
GR,h1599,0.28525649117608465,scr2002,avaStIn,bevFrtRoadLight
GR,h1600,0.33100477113297455,scr2002,avaStIn,bevFrtRoadLight
GR,h1601,0.3951643597987161,scr2002,avaStIn,bevFrtRoadLight
GR,h1602,0.46644985491696445,scr2002,avaStIn,bevFrtRoadLight
GR,h1603,0.5302489042156142,scr2002,avaStIn,bevFrtRoadLight
GR,h1604,0.5770673902258092,scr2002,avaStIn,bevFrtRoadLight
GR,h1605,0.5986769755958498,scr2002,avaStIn,bevFrtRoadLight
GR,h1606,0.6016883948095747,scr2002,avaStIn,bevFrtRoadLight
GR,h1607,0.5924055260109063,scr2002,avaStIn,bevFrtRoadLight
GR,h1608,0.5774847836798132,scr2002,avaStIn,bevFrtRoadLight
GR,h1609,0.5399833096273894,scr2002,avaStIn,bevFrtRoadLight
GR,h1610,0.5020113380135911,scr2002,avaStIn,bevFrtRoadLight
GR,h1611,0.4635722307063156,scr2002,avaStIn,bevFrtRoadLight
GR,h1612,0.4380348659574729,scr2002,avaStIn,bevFrtRoadLight
GR,h1613,0.40762124803256283,scr2002,avaStIn,bevFrtRoadLight
GR,h1614,0.37888830724468336,scr2002,avaStIn,bevFrtRoadLight
GR,h1615,0.36958381422293585,scr2002,avaStIn,bevFrtRoadLight
GR,h1616,0.37840208488783933,scr2002,avaStIn,bevFrtRoadLight
GR,h1617,0.40312593459237533,scr2002,avaStIn,bevFrtRoadLight
GR,h1618,0.41362439373824145,scr2002,avaStIn,bevFrtRoadLight
GR,h1619,0.4028461315685412,scr2002,avaStIn,bevFrtRoadLight
GR,h1620,0.3603437041144123,scr2002,avaStIn,bevFrtRoadLight
GR,h1621,0.300735364069155,scr2002,avaStIn,bevFrtRoadLight
GR,h1622,0.24177370465061954,scr2002,avaStIn,bevFrtRoadLight
GR,h1623,0.21970614560615676,scr2002,avaStIn,bevFrtRoadLight
GR,h1624,0.25508395733229006,scr2002,avaStIn,bevFrtRoadLight
GR,h1625,0.34767139096765254,scr2002,avaStIn,bevFrtRoadLight
GR,h1626,0.45228041046836875,scr2002,avaStIn,bevFrtRoadLight
GR,h1627,0.5341134302691986,scr2002,avaStIn,bevFrtRoadLight
GR,h1628,0.5851656457268322,scr2002,avaStIn,bevFrtRoadLight
GR,h1629,0.6079565962864942,scr2002,avaStIn,bevFrtRoadLight
GR,h1630,0.6088378322847627,scr2002,avaStIn,bevFrtRoadLight
GR,h1631,0.5862547005889717,scr2002,avaStIn,bevFrtRoadLight
GR,h1632,0.5503272305028044,scr2002,avaStIn,bevFrtRoadLight
GR,h1633,0.5157882800473498,scr2002,avaStIn,bevFrtRoadLight
GR,h1634,0.4876212160339364,scr2002,avaStIn,bevFrtRoadLight
GR,h1635,0.4635722307063156,scr2002,avaStIn,bevFrtRoadLight
GR,h1636,0.4380348659574729,scr2002,avaStIn,bevFrtRoadLight
GR,h1637,0.40762124803256283,scr2002,avaStIn,bevFrtRoadLight
GR,h1638,0.37888830724468336,scr2002,avaStIn,bevFrtRoadLight
GR,h1639,0.36958381422293585,scr2002,avaStIn,bevFrtRoadLight
GR,h1640,0.37840208488783933,scr2002,avaStIn,bevFrtRoadLight
GR,h1641,0.40312593459237533,scr2002,avaStIn,bevFrtRoadLight
GR,h1642,0.41362439373824145,scr2002,avaStIn,bevFrtRoadLight
GR,h1643,0.4028461315685412,scr2002,avaStIn,bevFrtRoadLight
GR,h1644,0.3603437041144123,scr2002,avaStIn,bevFrtRoadLight
GR,h1645,0.300735364069155,scr2002,avaStIn,bevFrtRoadLight
GR,h1646,0.24177370465061954,scr2002,avaStIn,bevFrtRoadLight
GR,h1647,0.21970614560615676,scr2002,avaStIn,bevFrtRoadLight
GR,h1648,0.25508395733229006,scr2002,avaStIn,bevFrtRoadLight
GR,h1649,0.34767139096765254,scr2002,avaStIn,bevFrtRoadLight
GR,h1650,0.45228041046836875,scr2002,avaStIn,bevFrtRoadLight
GR,h1651,0.5341134302691986,scr2002,avaStIn,bevFrtRoadLight
GR,h1652,0.5851656457268322,scr2002,avaStIn,bevFrtRoadLight
GR,h1653,0.6079565962864942,scr2002,avaStIn,bevFrtRoadLight
GR,h1654,0.6088378322847627,scr2002,avaStIn,bevFrtRoadLight
GR,h1655,0.5862547005889717,scr2002,avaStIn,bevFrtRoadLight
GR,h1656,0.5503272305028044,scr2002,avaStIn,bevFrtRoadLight
GR,h1657,0.5277989482493217,scr2002,avaStIn,bevFrtRoadLight
GR,h1658,0.5107010378978177,scr2002,avaStIn,bevFrtRoadLight
GR,h1659,0.5002557267591349,scr2002,avaStIn,bevFrtRoadLight
GR,h1660,0.4779833592811431,scr2002,avaStIn,bevFrtRoadLight
GR,h1661,0.45518876455881485,scr2002,avaStIn,bevFrtRoadLight
GR,h1662,0.43596244051473665,scr2002,avaStIn,bevFrtRoadLight
GR,h1663,0.4287672948543091,scr2002,avaStIn,bevFrtRoadLight
GR,h1664,0.4310449118345231,scr2002,avaStIn,bevFrtRoadLight
GR,h1665,0.43651906754470926,scr2002,avaStIn,bevFrtRoadLight
GR,h1666,0.42784196327677315,scr2002,avaStIn,bevFrtRoadLight
GR,h1667,0.40165285769436365,scr2002,avaStIn,bevFrtRoadLight
GR,h1668,0.3554492048303812,scr2002,avaStIn,bevFrtRoadLight
GR,h1669,0.30743387757687923,scr2002,avaStIn,bevFrtRoadLight
GR,h1670,0.278936309503648,scr2002,avaStIn,bevFrtRoadLight
GR,h1671,0.28525649117608465,scr2002,avaStIn,bevFrtRoadLight
GR,h1672,0.33100477113297455,scr2002,avaStIn,bevFrtRoadLight
GR,h1673,0.3951643597987161,scr2002,avaStIn,bevFrtRoadLight
GR,h1674,0.46644985491696445,scr2002,avaStIn,bevFrtRoadLight
GR,h1675,0.5302489042156142,scr2002,avaStIn,bevFrtRoadLight
GR,h1676,0.5770673902258092,scr2002,avaStIn,bevFrtRoadLight
GR,h1677,0.5986769755958498,scr2002,avaStIn,bevFrtRoadLight
GR,h1678,0.6016883948095747,scr2002,avaStIn,bevFrtRoadLight
GR,h1679,0.5924055260109063,scr2002,avaStIn,bevFrtRoadLight
GR,h1680,0.5774847836798132,scr2002,avaStIn,bevFrtRoadLight
GR,h1681,0.5517773619954187,scr2002,avaStIn,bevFrtRoadLight
GR,h1682,0.5248358437172166,scr2002,avaStIn,bevFrtRoadLight
GR,h1683,0.5002557267591349,scr2002,avaStIn,bevFrtRoadLight
GR,h1684,0.4779833592811431,scr2002,avaStIn,bevFrtRoadLight
GR,h1685,0.45518876455881485,scr2002,avaStIn,bevFrtRoadLight
GR,h1686,0.43596244051473665,scr2002,avaStIn,bevFrtRoadLight
GR,h1687,0.4287672948543091,scr2002,avaStIn,bevFrtRoadLight
GR,h1688,0.4310449118345231,scr2002,avaStIn,bevFrtRoadLight
GR,h1689,0.43651906754470926,scr2002,avaStIn,bevFrtRoadLight
GR,h1690,0.42784196327677315,scr2002,avaStIn,bevFrtRoadLight
GR,h1691,0.40165285769436365,scr2002,avaStIn,bevFrtRoadLight
GR,h1692,0.3554492048303812,scr2002,avaStIn,bevFrtRoadLight
GR,h1693,0.30743387757687923,scr2002,avaStIn,bevFrtRoadLight
GR,h1694,0.278936309503648,scr2002,avaStIn,bevFrtRoadLight
GR,h1695,0.28525649117608465,scr2002,avaStIn,bevFrtRoadLight
GR,h1696,0.33100477113297455,scr2002,avaStIn,bevFrtRoadLight
GR,h1697,0.3951643597987161,scr2002,avaStIn,bevFrtRoadLight
GR,h1698,0.46644985491696445,scr2002,avaStIn,bevFrtRoadLight
GR,h1699,0.5302489042156142,scr2002,avaStIn,bevFrtRoadLight
GR,h1700,0.5770673902258092,scr2002,avaStIn,bevFrtRoadLight
GR,h1701,0.5986769755958498,scr2002,avaStIn,bevFrtRoadLight
GR,h1702,0.6016883948095747,scr2002,avaStIn,bevFrtRoadLight
GR,h1703,0.5924055260109063,scr2002,avaStIn,bevFrtRoadLight
GR,h1704,0.5774847836798132,scr2002,avaStIn,bevFrtRoadLight
GR,h1705,0.509038057831711,scr2002,avaStIn,bevFrtRoadLight
GR,h1706,0.45316073221470254,scr2002,avaStIn,bevFrtRoadLight
GR,h1707,0.4106293035759673,scr2002,avaStIn,bevFrtRoadLight
GR,h1708,0.4302562346105031,scr2002,avaStIn,bevFrtRoadLight
GR,h1709,0.4411964644145132,scr2002,avaStIn,bevFrtRoadLight
GR,h1710,0.45751109901302867,scr2002,avaStIn,bevFrtRoadLight
GR,h1711,0.48871757217710954,scr2002,avaStIn,bevFrtRoadLight
GR,h1712,0.5314509691002262,scr2002,avaStIn,bevFrtRoadLight
GR,h1713,0.5711878747561929,scr2002,avaStIn,bevFrtRoadLight
GR,h1714,0.5980939691710526,scr2002,avaStIn,bevFrtRoadLight
GR,h1715,0.608394034195855,scr2002,avaStIn,bevFrtRoadLight
GR,h1716,0.6010568773540479,scr2002,avaStIn,bevFrtRoadLight
GR,h1717,0.5764247164288175,scr2002,avaStIn,bevFrtRoadLight
GR,h1718,0.5401459054358786,scr2002,avaStIn,bevFrtRoadLight
GR,h1719,0.4982672792884357,scr2002,avaStIn,bevFrtRoadLight
GR,h1720,0.4574139907405833,scr2002,avaStIn,bevFrtRoadLight
GR,h1721,0.42470386872332366,scr2002,avaStIn,bevFrtRoadLight
GR,h1722,0.4070105681582177,scr2002,avaStIn,bevFrtRoadLight
GR,h1723,0.3993554704479094,scr2002,avaStIn,bevFrtRoadLight
GR,h1724,0.3942528360151184,scr2002,avaStIn,bevFrtRoadLight
GR,h1725,0.3809841238928826,scr2002,avaStIn,bevFrtRoadLight
GR,h1726,0.3497784944040866,scr2002,avaStIn,bevFrtRoadLight
GR,h1727,0.3123069662403203,scr2002,avaStIn,bevFrtRoadLight
GR,h1728,0.2821792829284123,scr2002,avaStIn,bevFrtRoadLight
GR,h1729,0.3106843918239848,scr2002,avaStIn,bevFrtRoadLight
GR,h1730,0.35866299968064763,scr2002,avaStIn,bevFrtRoadLight
GR,h1731,0.4106293035759673,scr2002,avaStIn,bevFrtRoadLight
GR,h1732,0.4302562346105031,scr2002,avaStIn,bevFrtRoadLight
GR,h1733,0.4411964644145132,scr2002,avaStIn,bevFrtRoadLight
GR,h1734,0.45751109901302867,scr2002,avaStIn,bevFrtRoadLight
GR,h1735,0.48871757217710954,scr2002,avaStIn,bevFrtRoadLight
GR,h1736,0.5314509691002262,scr2002,avaStIn,bevFrtRoadLight
GR,h1737,0.5711878747561929,scr2002,avaStIn,bevFrtRoadLight
GR,h1738,0.5980939691710526,scr2002,avaStIn,bevFrtRoadLight
GR,h1739,0.608394034195855,scr2002,avaStIn,bevFrtRoadLight
GR,h1740,0.6010568773540479,scr2002,avaStIn,bevFrtRoadLight
GR,h1741,0.5764247164288175,scr2002,avaStIn,bevFrtRoadLight
GR,h1742,0.5401459054358786,scr2002,avaStIn,bevFrtRoadLight
GR,h1743,0.4982672792884357,scr2002,avaStIn,bevFrtRoadLight
GR,h1744,0.4574139907405833,scr2002,avaStIn,bevFrtRoadLight
GR,h1745,0.42470386872332366,scr2002,avaStIn,bevFrtRoadLight
GR,h1746,0.4070105681582177,scr2002,avaStIn,bevFrtRoadLight
GR,h1747,0.3993554704479094,scr2002,avaStIn,bevFrtRoadLight
GR,h1748,0.3942528360151184,scr2002,avaStIn,bevFrtRoadLight
GR,h1749,0.3809841238928826,scr2002,avaStIn,bevFrtRoadLight
GR,h1750,0.3497784944040866,scr2002,avaStIn,bevFrtRoadLight
GR,h1751,0.3123069662403203,scr2002,avaStIn,bevFrtRoadLight
GR,h1752,0.2821792829284123,scr2002,avaStIn,bevFrtRoadLight
GR,h1753,0.3106843918239848,scr2002,avaStIn,bevFrtRoadLight
GR,h1754,0.35866299968064763,scr2002,avaStIn,bevFrtRoadLight
GR,h1755,0.4106293035759673,scr2002,avaStIn,bevFrtRoadLight
GR,h1756,0.4302562346105031,scr2002,avaStIn,bevFrtRoadLight
GR,h1757,0.4411964644145132,scr2002,avaStIn,bevFrtRoadLight
GR,h1758,0.45751109901302867,scr2002,avaStIn,bevFrtRoadLight
GR,h1759,0.48871757217710954,scr2002,avaStIn,bevFrtRoadLight
GR,h1760,0.5314509691002262,scr2002,avaStIn,bevFrtRoadLight
GR,h1761,0.5711878747561929,scr2002,avaStIn,bevFrtRoadLight
GR,h1762,0.5980939691710526,scr2002,avaStIn,bevFrtRoadLight
GR,h1763,0.608394034195855,scr2002,avaStIn,bevFrtRoadLight
GR,h1764,0.6010568773540479,scr2002,avaStIn,bevFrtRoadLight
GR,h1765,0.5764247164288175,scr2002,avaStIn,bevFrtRoadLight
GR,h1766,0.5401459054358786,scr2002,avaStIn,bevFrtRoadLight
GR,h1767,0.4982672792884357,scr2002,avaStIn,bevFrtRoadLight
GR,h1768,0.4574139907405833,scr2002,avaStIn,bevFrtRoadLight
GR,h1769,0.42470386872332366,scr2002,avaStIn,bevFrtRoadLight
GR,h1770,0.4070105681582177,scr2002,avaStIn,bevFrtRoadLight
GR,h1771,0.3993554704479094,scr2002,avaStIn,bevFrtRoadLight
GR,h1772,0.3942528360151184,scr2002,avaStIn,bevFrtRoadLight
GR,h1773,0.3809841238928826,scr2002,avaStIn,bevFrtRoadLight
GR,h1774,0.3497784944040866,scr2002,avaStIn,bevFrtRoadLight
GR,h1775,0.3123069662403203,scr2002,avaStIn,bevFrtRoadLight
GR,h1776,0.2821792829284123,scr2002,avaStIn,bevFrtRoadLight
GR,h1777,0.230095162221032,scr2002,avaStIn,bevFrtRoadLight
GR,h1778,0.2300917975935889,scr2002,avaStIn,bevFrtRoadLight
GR,h1779,0.27148343409663167,scr2002,avaStIn,bevFrtRoadLight
GR,h1780,0.3790725700696759,scr2002,avaStIn,bevFrtRoadLight
GR,h1781,0.4623404992613247,scr2002,avaStIn,bevFrtRoadLight
GR,h1782,0.5259162274800008,scr2002,avaStIn,bevFrtRoadLight
GR,h1783,0.5772992909654577,scr2002,avaStIn,bevFrtRoadLight
GR,h1784,0.6171735770568829,scr2002,avaStIn,bevFrtRoadLight
GR,h1785,0.6409152522621753,scr2002,avaStIn,bevFrtRoadLight
GR,h1786,0.6489166669999998,scr2002,avaStIn,bevFrtRoadLight
GR,h1787,0.6400350534574337,scr2002,avaStIn,bevFrtRoadLight
GR,h1788,0.61588415769173,scr2002,avaStIn,bevFrtRoadLight
GR,h1789,0.5753501172674538,scr2002,avaStIn,bevFrtRoadLight
GR,h1790,0.5273486726990765,scr2002,avaStIn,bevFrtRoadLight
GR,h1791,0.47682400205808595,scr2002,avaStIn,bevFrtRoadLight
GR,h1792,0.4288063768750643,scr2002,avaStIn,bevFrtRoadLight
GR,h1793,0.39374570481652504,scr2002,avaStIn,bevFrtRoadLight
GR,h1794,0.3749031506247579,scr2002,avaStIn,bevFrtRoadLight
GR,h1795,0.37209330121313167,scr2002,avaStIn,bevFrtRoadLight
GR,h1796,0.36873105182903665,scr2002,avaStIn,bevFrtRoadLight
GR,h1797,0.3543630997986469,scr2002,avaStIn,bevFrtRoadLight
GR,h1798,0.3154781828948128,scr2002,avaStIn,bevFrtRoadLight
GR,h1799,0.27112993299959987,scr2002,avaStIn,bevFrtRoadLight
GR,h1800,0.2381911639591776,scr2002,avaStIn,bevFrtRoadLight
GR,h1801,0.20075744833264675,scr2002,avaStIn,bevFrtRoadLight
GR,h1802,0.21575624655576675,scr2002,avaStIn,bevFrtRoadLight
GR,h1803,0.27148343409663167,scr2002,avaStIn,bevFrtRoadLight
GR,h1804,0.3790725700696759,scr2002,avaStIn,bevFrtRoadLight
GR,h1805,0.4623404992613247,scr2002,avaStIn,bevFrtRoadLight
GR,h1806,0.5259162274800008,scr2002,avaStIn,bevFrtRoadLight
GR,h1807,0.5772992909654577,scr2002,avaStIn,bevFrtRoadLight
GR,h1808,0.6171735770568829,scr2002,avaStIn,bevFrtRoadLight
GR,h1809,0.6409152522621753,scr2002,avaStIn,bevFrtRoadLight
GR,h1810,0.6489166669999998,scr2002,avaStIn,bevFrtRoadLight
GR,h1811,0.6400350534574337,scr2002,avaStIn,bevFrtRoadLight
GR,h1812,0.61588415769173,scr2002,avaStIn,bevFrtRoadLight
GR,h1813,0.5753501172674538,scr2002,avaStIn,bevFrtRoadLight
GR,h1814,0.5273486726990765,scr2002,avaStIn,bevFrtRoadLight
GR,h1815,0.47682400205808595,scr2002,avaStIn,bevFrtRoadLight
GR,h1816,0.4288063768750643,scr2002,avaStIn,bevFrtRoadLight
GR,h1817,0.39374570481652504,scr2002,avaStIn,bevFrtRoadLight
GR,h1818,0.3749031506247579,scr2002,avaStIn,bevFrtRoadLight
GR,h1819,0.37209330121313167,scr2002,avaStIn,bevFrtRoadLight
GR,h1820,0.36873105182903665,scr2002,avaStIn,bevFrtRoadLight
GR,h1821,0.3543630997986469,scr2002,avaStIn,bevFrtRoadLight
GR,h1822,0.3154781828948128,scr2002,avaStIn,bevFrtRoadLight
GR,h1823,0.27112993299959987,scr2002,avaStIn,bevFrtRoadLight
GR,h1824,0.2381911639591776,scr2002,avaStIn,bevFrtRoadLight
GR,h1825,0.28388199759953203,scr2002,avaStIn,bevFrtRoadLight
GR,h1826,0.34615260530650627,scr2002,avaStIn,bevFrtRoadLight
GR,h1827,0.4106293035759673,scr2002,avaStIn,bevFrtRoadLight
GR,h1828,0.4302562346105031,scr2002,avaStIn,bevFrtRoadLight
GR,h1829,0.4411964644145132,scr2002,avaStIn,bevFrtRoadLight
GR,h1830,0.45751109901302867,scr2002,avaStIn,bevFrtRoadLight
GR,h1831,0.48871757217710954,scr2002,avaStIn,bevFrtRoadLight
GR,h1832,0.5314509691002262,scr2002,avaStIn,bevFrtRoadLight
GR,h1833,0.5711878747561929,scr2002,avaStIn,bevFrtRoadLight
GR,h1834,0.5980939691710526,scr2002,avaStIn,bevFrtRoadLight
GR,h1835,0.608394034195855,scr2002,avaStIn,bevFrtRoadLight
GR,h1836,0.6010568773540479,scr2002,avaStIn,bevFrtRoadLight
GR,h1837,0.5764247164288175,scr2002,avaStIn,bevFrtRoadLight
GR,h1838,0.5401459054358786,scr2002,avaStIn,bevFrtRoadLight
GR,h1839,0.4982672792884357,scr2002,avaStIn,bevFrtRoadLight
GR,h1840,0.4574139907405833,scr2002,avaStIn,bevFrtRoadLight
GR,h1841,0.42470386872332366,scr2002,avaStIn,bevFrtRoadLight
GR,h1842,0.4070105681582177,scr2002,avaStIn,bevFrtRoadLight
GR,h1843,0.3993554704479094,scr2002,avaStIn,bevFrtRoadLight
GR,h1844,0.3942528360151184,scr2002,avaStIn,bevFrtRoadLight
GR,h1845,0.3809841238928826,scr2002,avaStIn,bevFrtRoadLight
GR,h1846,0.3497784944040866,scr2002,avaStIn,bevFrtRoadLight
GR,h1847,0.3123069662403203,scr2002,avaStIn,bevFrtRoadLight
GR,h1848,0.2821792829284123,scr2002,avaStIn,bevFrtRoadLight
GR,h1849,0.3106843918239848,scr2002,avaStIn,bevFrtRoadLight
GR,h1850,0.35866299968064763,scr2002,avaStIn,bevFrtRoadLight
GR,h1851,0.4106293035759673,scr2002,avaStIn,bevFrtRoadLight
GR,h1852,0.4302562346105031,scr2002,avaStIn,bevFrtRoadLight
GR,h1853,0.4411964644145132,scr2002,avaStIn,bevFrtRoadLight
GR,h1854,0.45751109901302867,scr2002,avaStIn,bevFrtRoadLight
GR,h1855,0.48871757217710954,scr2002,avaStIn,bevFrtRoadLight
GR,h1856,0.5314509691002262,scr2002,avaStIn,bevFrtRoadLight
GR,h1857,0.5711878747561929,scr2002,avaStIn,bevFrtRoadLight
GR,h1858,0.5980939691710526,scr2002,avaStIn,bevFrtRoadLight
GR,h1859,0.608394034195855,scr2002,avaStIn,bevFrtRoadLight
GR,h1860,0.6010568773540479,scr2002,avaStIn,bevFrtRoadLight
GR,h1861,0.5764247164288175,scr2002,avaStIn,bevFrtRoadLight
GR,h1862,0.5401459054358786,scr2002,avaStIn,bevFrtRoadLight
GR,h1863,0.4982672792884357,scr2002,avaStIn,bevFrtRoadLight
GR,h1864,0.4574139907405833,scr2002,avaStIn,bevFrtRoadLight
GR,h1865,0.42470386872332366,scr2002,avaStIn,bevFrtRoadLight
GR,h1866,0.4070105681582177,scr2002,avaStIn,bevFrtRoadLight
GR,h1867,0.3993554704479094,scr2002,avaStIn,bevFrtRoadLight
GR,h1868,0.3942528360151184,scr2002,avaStIn,bevFrtRoadLight
GR,h1869,0.3809841238928826,scr2002,avaStIn,bevFrtRoadLight
GR,h1870,0.3497784944040866,scr2002,avaStIn,bevFrtRoadLight
GR,h1871,0.3123069662403203,scr2002,avaStIn,bevFrtRoadLight
GR,h1872,0.2821792829284123,scr2002,avaStIn,bevFrtRoadLight
GR,h1873,0.3106843918239848,scr2002,avaStIn,bevFrtRoadLight
GR,h1874,0.35866299968064763,scr2002,avaStIn,bevFrtRoadLight
GR,h1875,0.4106293035759673,scr2002,avaStIn,bevFrtRoadLight
GR,h1876,0.4302562346105031,scr2002,avaStIn,bevFrtRoadLight
GR,h1877,0.4411964644145132,scr2002,avaStIn,bevFrtRoadLight
GR,h1878,0.45751109901302867,scr2002,avaStIn,bevFrtRoadLight
GR,h1879,0.48871757217710954,scr2002,avaStIn,bevFrtRoadLight
GR,h1880,0.5314509691002262,scr2002,avaStIn,bevFrtRoadLight
GR,h1881,0.5711878747561929,scr2002,avaStIn,bevFrtRoadLight
GR,h1882,0.5980939691710526,scr2002,avaStIn,bevFrtRoadLight
GR,h1883,0.608394034195855,scr2002,avaStIn,bevFrtRoadLight
GR,h1884,0.6010568773540479,scr2002,avaStIn,bevFrtRoadLight
GR,h1885,0.5764247164288175,scr2002,avaStIn,bevFrtRoadLight
GR,h1886,0.5401459054358786,scr2002,avaStIn,bevFrtRoadLight
GR,h1887,0.4982672792884357,scr2002,avaStIn,bevFrtRoadLight
GR,h1888,0.4574139907405833,scr2002,avaStIn,bevFrtRoadLight
GR,h1889,0.42470386872332366,scr2002,avaStIn,bevFrtRoadLight
GR,h1890,0.4070105681582177,scr2002,avaStIn,bevFrtRoadLight
GR,h1891,0.3993554704479094,scr2002,avaStIn,bevFrtRoadLight
GR,h1892,0.3942528360151184,scr2002,avaStIn,bevFrtRoadLight
GR,h1893,0.3809841238928826,scr2002,avaStIn,bevFrtRoadLight
GR,h1894,0.3497784944040866,scr2002,avaStIn,bevFrtRoadLight
GR,h1895,0.3123069662403203,scr2002,avaStIn,bevFrtRoadLight
GR,h1896,0.2821792829284123,scr2002,avaStIn,bevFrtRoadLight
GR,h1897,0.3106843918239848,scr2002,avaStIn,bevFrtRoadLight
GR,h1898,0.35866299968064763,scr2002,avaStIn,bevFrtRoadLight
GR,h1899,0.4106293035759673,scr2002,avaStIn,bevFrtRoadLight
GR,h1900,0.4302562346105031,scr2002,avaStIn,bevFrtRoadLight
GR,h1901,0.4411964644145132,scr2002,avaStIn,bevFrtRoadLight
GR,h1902,0.45751109901302867,scr2002,avaStIn,bevFrtRoadLight
GR,h1903,0.48871757217710954,scr2002,avaStIn,bevFrtRoadLight
GR,h1904,0.5314509691002262,scr2002,avaStIn,bevFrtRoadLight
GR,h1905,0.5711878747561929,scr2002,avaStIn,bevFrtRoadLight
GR,h1906,0.5980939691710526,scr2002,avaStIn,bevFrtRoadLight
GR,h1907,0.608394034195855,scr2002,avaStIn,bevFrtRoadLight
GR,h1908,0.6010568773540479,scr2002,avaStIn,bevFrtRoadLight
GR,h1909,0.5764247164288175,scr2002,avaStIn,bevFrtRoadLight
GR,h1910,0.5401459054358786,scr2002,avaStIn,bevFrtRoadLight
GR,h1911,0.4982672792884357,scr2002,avaStIn,bevFrtRoadLight
GR,h1912,0.4574139907405833,scr2002,avaStIn,bevFrtRoadLight
GR,h1913,0.42470386872332366,scr2002,avaStIn,bevFrtRoadLight
GR,h1914,0.4070105681582177,scr2002,avaStIn,bevFrtRoadLight
GR,h1915,0.3993554704479094,scr2002,avaStIn,bevFrtRoadLight
GR,h1916,0.3942528360151184,scr2002,avaStIn,bevFrtRoadLight
GR,h1917,0.3809841238928826,scr2002,avaStIn,bevFrtRoadLight
GR,h1918,0.3497784944040866,scr2002,avaStIn,bevFrtRoadLight
GR,h1919,0.3123069662403203,scr2002,avaStIn,bevFrtRoadLight
GR,h1920,0.2821792829284123,scr2002,avaStIn,bevFrtRoadLight
GR,h1921,0.3106843918239848,scr2002,avaStIn,bevFrtRoadLight
GR,h1922,0.35866299968064763,scr2002,avaStIn,bevFrtRoadLight
GR,h1923,0.4106293035759673,scr2002,avaStIn,bevFrtRoadLight
GR,h1924,0.4302562346105031,scr2002,avaStIn,bevFrtRoadLight
GR,h1925,0.4411964644145132,scr2002,avaStIn,bevFrtRoadLight
GR,h1926,0.45751109901302867,scr2002,avaStIn,bevFrtRoadLight
GR,h1927,0.48871757217710954,scr2002,avaStIn,bevFrtRoadLight
GR,h1928,0.5314509691002262,scr2002,avaStIn,bevFrtRoadLight
GR,h1929,0.5711878747561929,scr2002,avaStIn,bevFrtRoadLight
GR,h1930,0.5980939691710526,scr2002,avaStIn,bevFrtRoadLight
GR,h1931,0.608394034195855,scr2002,avaStIn,bevFrtRoadLight
GR,h1932,0.6010568773540479,scr2002,avaStIn,bevFrtRoadLight
GR,h1933,0.5764247164288175,scr2002,avaStIn,bevFrtRoadLight
GR,h1934,0.5401459054358786,scr2002,avaStIn,bevFrtRoadLight
GR,h1935,0.4982672792884357,scr2002,avaStIn,bevFrtRoadLight
GR,h1936,0.4574139907405833,scr2002,avaStIn,bevFrtRoadLight
GR,h1937,0.42470386872332366,scr2002,avaStIn,bevFrtRoadLight
GR,h1938,0.4070105681582177,scr2002,avaStIn,bevFrtRoadLight
GR,h1939,0.3993554704479094,scr2002,avaStIn,bevFrtRoadLight
GR,h1940,0.3942528360151184,scr2002,avaStIn,bevFrtRoadLight
GR,h1941,0.3809841238928826,scr2002,avaStIn,bevFrtRoadLight
GR,h1942,0.3497784944040866,scr2002,avaStIn,bevFrtRoadLight
GR,h1943,0.3123069662403203,scr2002,avaStIn,bevFrtRoadLight
GR,h1944,0.2821792829284123,scr2002,avaStIn,bevFrtRoadLight
GR,h1945,0.230095162221032,scr2002,avaStIn,bevFrtRoadLight
GR,h1946,0.2300917975935889,scr2002,avaStIn,bevFrtRoadLight
GR,h1947,0.27148343409663167,scr2002,avaStIn,bevFrtRoadLight
GR,h1948,0.3790725700696759,scr2002,avaStIn,bevFrtRoadLight
GR,h1949,0.4623404992613247,scr2002,avaStIn,bevFrtRoadLight
GR,h1950,0.5259162274800008,scr2002,avaStIn,bevFrtRoadLight
GR,h1951,0.5772992909654577,scr2002,avaStIn,bevFrtRoadLight
GR,h1952,0.6171735770568829,scr2002,avaStIn,bevFrtRoadLight
GR,h1953,0.6409152522621753,scr2002,avaStIn,bevFrtRoadLight
GR,h1954,0.6489166669999998,scr2002,avaStIn,bevFrtRoadLight
GR,h1955,0.6400350534574337,scr2002,avaStIn,bevFrtRoadLight
GR,h1956,0.61588415769173,scr2002,avaStIn,bevFrtRoadLight
GR,h1957,0.5753501172674538,scr2002,avaStIn,bevFrtRoadLight
GR,h1958,0.5273486726990765,scr2002,avaStIn,bevFrtRoadLight
GR,h1959,0.47682400205808595,scr2002,avaStIn,bevFrtRoadLight
GR,h1960,0.4288063768750643,scr2002,avaStIn,bevFrtRoadLight
GR,h1961,0.39374570481652504,scr2002,avaStIn,bevFrtRoadLight
GR,h1962,0.3749031506247579,scr2002,avaStIn,bevFrtRoadLight
GR,h1963,0.37209330121313167,scr2002,avaStIn,bevFrtRoadLight
GR,h1964,0.36873105182903665,scr2002,avaStIn,bevFrtRoadLight
GR,h1965,0.3543630997986469,scr2002,avaStIn,bevFrtRoadLight
GR,h1966,0.3154781828948128,scr2002,avaStIn,bevFrtRoadLight
GR,h1967,0.27112993299959987,scr2002,avaStIn,bevFrtRoadLight
GR,h1968,0.2381911639591776,scr2002,avaStIn,bevFrtRoadLight
GR,h1969,0.20075744833264675,scr2002,avaStIn,bevFrtRoadLight
GR,h1970,0.21575624655576675,scr2002,avaStIn,bevFrtRoadLight
GR,h1971,0.27148343409663167,scr2002,avaStIn,bevFrtRoadLight
GR,h1972,0.3790725700696759,scr2002,avaStIn,bevFrtRoadLight
GR,h1973,0.4623404992613247,scr2002,avaStIn,bevFrtRoadLight
GR,h1974,0.5259162274800008,scr2002,avaStIn,bevFrtRoadLight
GR,h1975,0.5772992909654577,scr2002,avaStIn,bevFrtRoadLight
GR,h1976,0.6171735770568829,scr2002,avaStIn,bevFrtRoadLight
GR,h1977,0.6409152522621753,scr2002,avaStIn,bevFrtRoadLight
GR,h1978,0.6489166669999998,scr2002,avaStIn,bevFrtRoadLight
GR,h1979,0.6400350534574337,scr2002,avaStIn,bevFrtRoadLight
GR,h1980,0.61588415769173,scr2002,avaStIn,bevFrtRoadLight
GR,h1981,0.5753501172674538,scr2002,avaStIn,bevFrtRoadLight
GR,h1982,0.5273486726990765,scr2002,avaStIn,bevFrtRoadLight
GR,h1983,0.47682400205808595,scr2002,avaStIn,bevFrtRoadLight
GR,h1984,0.4288063768750643,scr2002,avaStIn,bevFrtRoadLight
GR,h1985,0.39374570481652504,scr2002,avaStIn,bevFrtRoadLight
GR,h1986,0.3749031506247579,scr2002,avaStIn,bevFrtRoadLight
GR,h1987,0.37209330121313167,scr2002,avaStIn,bevFrtRoadLight
GR,h1988,0.36873105182903665,scr2002,avaStIn,bevFrtRoadLight
GR,h1989,0.3543630997986469,scr2002,avaStIn,bevFrtRoadLight
GR,h1990,0.3154781828948128,scr2002,avaStIn,bevFrtRoadLight
GR,h1991,0.27112993299959987,scr2002,avaStIn,bevFrtRoadLight
GR,h1992,0.2381911639591776,scr2002,avaStIn,bevFrtRoadLight
GR,h1993,0.28388199759953203,scr2002,avaStIn,bevFrtRoadLight
GR,h1994,0.34615260530650627,scr2002,avaStIn,bevFrtRoadLight
GR,h1995,0.4106293035759673,scr2002,avaStIn,bevFrtRoadLight
GR,h1996,0.4302562346105031,scr2002,avaStIn,bevFrtRoadLight
GR,h1997,0.4411964644145132,scr2002,avaStIn,bevFrtRoadLight
GR,h1998,0.45751109901302867,scr2002,avaStIn,bevFrtRoadLight
GR,h1999,0.48871757217710954,scr2002,avaStIn,bevFrtRoadLight
GR,h2000,0.5314509691002262,scr2002,avaStIn,bevFrtRoadLight
GR,h2001,0.5711878747561929,scr2002,avaStIn,bevFrtRoadLight
GR,h2002,0.5980939691710526,scr2002,avaStIn,bevFrtRoadLight
GR,h2003,0.608394034195855,scr2002,avaStIn,bevFrtRoadLight
GR,h2004,0.6010568773540479,scr2002,avaStIn,bevFrtRoadLight
GR,h2005,0.5764247164288175,scr2002,avaStIn,bevFrtRoadLight
GR,h2006,0.5401459054358786,scr2002,avaStIn,bevFrtRoadLight
GR,h2007,0.4982672792884357,scr2002,avaStIn,bevFrtRoadLight
GR,h2008,0.4574139907405833,scr2002,avaStIn,bevFrtRoadLight
GR,h2009,0.42470386872332366,scr2002,avaStIn,bevFrtRoadLight
GR,h2010,0.4070105681582177,scr2002,avaStIn,bevFrtRoadLight
GR,h2011,0.3993554704479094,scr2002,avaStIn,bevFrtRoadLight
GR,h2012,0.3942528360151184,scr2002,avaStIn,bevFrtRoadLight
GR,h2013,0.3809841238928826,scr2002,avaStIn,bevFrtRoadLight
GR,h2014,0.3497784944040866,scr2002,avaStIn,bevFrtRoadLight
GR,h2015,0.3123069662403203,scr2002,avaStIn,bevFrtRoadLight
GR,h2016,0.2821792829284123,scr2002,avaStIn,bevFrtRoadLight
GR,h2017,0.3072840894621327,scr2002,avaStIn,bevFrtRoadLight
GR,h2018,0.33666905394072466,scr2002,avaStIn,bevFrtRoadLight
GR,h2019,0.36655496485550265,scr2002,avaStIn,bevFrtRoadLight
GR,h2020,0.3745731212047183,scr2002,avaStIn,bevFrtRoadLight
GR,h2021,0.4026088526762964,scr2002,avaStIn,bevFrtRoadLight
GR,h2022,0.44640061438376677,scr2002,avaStIn,bevFrtRoadLight
GR,h2023,0.4973037920546317,scr2002,avaStIn,bevFrtRoadLight
GR,h2024,0.5420216950586382,scr2002,avaStIn,bevFrtRoadLight
GR,h2025,0.5736954068525849,scr2002,avaStIn,bevFrtRoadLight
GR,h2026,0.5880342997851788,scr2002,avaStIn,bevFrtRoadLight
GR,h2027,0.5918947845476326,scr2002,avaStIn,bevFrtRoadLight
GR,h2028,0.5837522950091351,scr2002,avaStIn,bevFrtRoadLight
GR,h2029,0.566630011228302,scr2002,avaStIn,bevFrtRoadLight
GR,h2030,0.5326460205473856,scr2002,avaStIn,bevFrtRoadLight
GR,h2031,0.48334141219508586,scr2002,avaStIn,bevFrtRoadLight
GR,h2032,0.4237800531764452,scr2002,avaStIn,bevFrtRoadLight
GR,h2033,0.3668064382544399,scr2002,avaStIn,bevFrtRoadLight
GR,h2034,0.33858624085132816,scr2002,avaStIn,bevFrtRoadLight
GR,h2035,0.33981235579051505,scr2002,avaStIn,bevFrtRoadLight
GR,h2036,0.3644150552627201,scr2002,avaStIn,bevFrtRoadLight
GR,h2037,0.39407002810213865,scr2002,avaStIn,bevFrtRoadLight
GR,h2038,0.4100441996396512,scr2002,avaStIn,bevFrtRoadLight
GR,h2039,0.41244752514225314,scr2002,avaStIn,bevFrtRoadLight
GR,h2040,0.3977671810575979,scr2002,avaStIn,bevFrtRoadLight
GR,h2041,0.3840802424090224,scr2002,avaStIn,bevFrtRoadLight
GR,h2042,0.37136048642151265,scr2002,avaStIn,bevFrtRoadLight
GR,h2043,0.36655496485550265,scr2002,avaStIn,bevFrtRoadLight
GR,h2044,0.3745731212047183,scr2002,avaStIn,bevFrtRoadLight
GR,h2045,0.4026088526762964,scr2002,avaStIn,bevFrtRoadLight
GR,h2046,0.44640061438376677,scr2002,avaStIn,bevFrtRoadLight
GR,h2047,0.4973037920546317,scr2002,avaStIn,bevFrtRoadLight
GR,h2048,0.5420216950586382,scr2002,avaStIn,bevFrtRoadLight
GR,h2049,0.5736954068525849,scr2002,avaStIn,bevFrtRoadLight
GR,h2050,0.5880342997851788,scr2002,avaStIn,bevFrtRoadLight
GR,h2051,0.5918947845476326,scr2002,avaStIn,bevFrtRoadLight
GR,h2052,0.5837522950091351,scr2002,avaStIn,bevFrtRoadLight
GR,h2053,0.566630011228302,scr2002,avaStIn,bevFrtRoadLight
GR,h2054,0.5326460205473856,scr2002,avaStIn,bevFrtRoadLight
GR,h2055,0.48334141219508586,scr2002,avaStIn,bevFrtRoadLight
GR,h2056,0.4237800531764452,scr2002,avaStIn,bevFrtRoadLight
GR,h2057,0.3668064382544399,scr2002,avaStIn,bevFrtRoadLight
GR,h2058,0.33858624085132816,scr2002,avaStIn,bevFrtRoadLight
GR,h2059,0.33981235579051505,scr2002,avaStIn,bevFrtRoadLight
GR,h2060,0.3644150552627201,scr2002,avaStIn,bevFrtRoadLight
GR,h2061,0.39407002810213865,scr2002,avaStIn,bevFrtRoadLight
GR,h2062,0.4100441996396512,scr2002,avaStIn,bevFrtRoadLight
GR,h2063,0.41244752514225314,scr2002,avaStIn,bevFrtRoadLight
GR,h2064,0.3977671810575979,scr2002,avaStIn,bevFrtRoadLight
GR,h2065,0.3840802424090224,scr2002,avaStIn,bevFrtRoadLight
GR,h2066,0.37136048642151265,scr2002,avaStIn,bevFrtRoadLight
GR,h2067,0.36655496485550265,scr2002,avaStIn,bevFrtRoadLight
GR,h2068,0.3745731212047183,scr2002,avaStIn,bevFrtRoadLight
GR,h2069,0.4026088526762964,scr2002,avaStIn,bevFrtRoadLight
GR,h2070,0.44640061438376677,scr2002,avaStIn,bevFrtRoadLight
GR,h2071,0.4973037920546317,scr2002,avaStIn,bevFrtRoadLight
GR,h2072,0.5420216950586382,scr2002,avaStIn,bevFrtRoadLight
GR,h2073,0.5736954068525849,scr2002,avaStIn,bevFrtRoadLight
GR,h2074,0.5880342997851788,scr2002,avaStIn,bevFrtRoadLight
GR,h2075,0.5918947845476326,scr2002,avaStIn,bevFrtRoadLight
GR,h2076,0.5837522950091351,scr2002,avaStIn,bevFrtRoadLight
GR,h2077,0.566630011228302,scr2002,avaStIn,bevFrtRoadLight
GR,h2078,0.5326460205473856,scr2002,avaStIn,bevFrtRoadLight
GR,h2079,0.48334141219508586,scr2002,avaStIn,bevFrtRoadLight
GR,h2080,0.4237800531764452,scr2002,avaStIn,bevFrtRoadLight
GR,h2081,0.3668064382544399,scr2002,avaStIn,bevFrtRoadLight
GR,h2082,0.33858624085132816,scr2002,avaStIn,bevFrtRoadLight
GR,h2083,0.33981235579051505,scr2002,avaStIn,bevFrtRoadLight
GR,h2084,0.3644150552627201,scr2002,avaStIn,bevFrtRoadLight
GR,h2085,0.39407002810213865,scr2002,avaStIn,bevFrtRoadLight
GR,h2086,0.4100441996396512,scr2002,avaStIn,bevFrtRoadLight
GR,h2087,0.41244752514225314,scr2002,avaStIn,bevFrtRoadLight
GR,h2088,0.3977671810575979,scr2002,avaStIn,bevFrtRoadLight
GR,h2089,0.3840802424090224,scr2002,avaStIn,bevFrtRoadLight
GR,h2090,0.37136048642151265,scr2002,avaStIn,bevFrtRoadLight
GR,h2091,0.36655496485550265,scr2002,avaStIn,bevFrtRoadLight
GR,h2092,0.3745731212047183,scr2002,avaStIn,bevFrtRoadLight
GR,h2093,0.4026088526762964,scr2002,avaStIn,bevFrtRoadLight
GR,h2094,0.44640061438376677,scr2002,avaStIn,bevFrtRoadLight
GR,h2095,0.4973037920546317,scr2002,avaStIn,bevFrtRoadLight
GR,h2096,0.5420216950586382,scr2002,avaStIn,bevFrtRoadLight
GR,h2097,0.5736954068525849,scr2002,avaStIn,bevFrtRoadLight
GR,h2098,0.5880342997851788,scr2002,avaStIn,bevFrtRoadLight
GR,h2099,0.5918947845476326,scr2002,avaStIn,bevFrtRoadLight
GR,h2100,0.5837522950091351,scr2002,avaStIn,bevFrtRoadLight
GR,h2101,0.566630011228302,scr2002,avaStIn,bevFrtRoadLight
GR,h2102,0.5326460205473856,scr2002,avaStIn,bevFrtRoadLight
GR,h2103,0.48334141219508586,scr2002,avaStIn,bevFrtRoadLight
GR,h2104,0.4237800531764452,scr2002,avaStIn,bevFrtRoadLight
GR,h2105,0.3668064382544399,scr2002,avaStIn,bevFrtRoadLight
GR,h2106,0.33858624085132816,scr2002,avaStIn,bevFrtRoadLight
GR,h2107,0.33981235579051505,scr2002,avaStIn,bevFrtRoadLight
GR,h2108,0.3644150552627201,scr2002,avaStIn,bevFrtRoadLight
GR,h2109,0.39407002810213865,scr2002,avaStIn,bevFrtRoadLight
GR,h2110,0.4100441996396512,scr2002,avaStIn,bevFrtRoadLight
GR,h2111,0.41244752514225314,scr2002,avaStIn,bevFrtRoadLight
GR,h2112,0.3977671810575979,scr2002,avaStIn,bevFrtRoadLight
GR,h2113,0.4215422859318668,scr2002,avaStIn,bevFrtRoadLight
GR,h2114,0.44561523253946533,scr2002,avaStIn,bevFrtRoadLight
GR,h2115,0.46890884939949806,scr2002,avaStIn,bevFrtRoadLight
GR,h2116,0.4606801828577375,scr2002,avaStIn,bevFrtRoadLight
GR,h2117,0.4598809008191356,scr2002,avaStIn,bevFrtRoadLight
GR,h2118,0.47373682010553864,scr2002,avaStIn,bevFrtRoadLight
GR,h2119,0.49837466067849223,scr2002,avaStIn,bevFrtRoadLight
GR,h2120,0.5249322712656334,scr2002,avaStIn,bevFrtRoadLight
GR,h2121,0.5295524702973696,scr2002,avaStIn,bevFrtRoadLight
GR,h2122,0.5237384833973733,scr2002,avaStIn,bevFrtRoadLight
GR,h2123,0.517462220076728,scr2002,avaStIn,bevFrtRoadLight
GR,h2124,0.5202231448594441,scr2002,avaStIn,bevFrtRoadLight
GR,h2125,0.5168074572603817,scr2002,avaStIn,bevFrtRoadLight
GR,h2126,0.4881087918461403,scr2002,avaStIn,bevFrtRoadLight
GR,h2127,0.4401501060096197,scr2002,avaStIn,bevFrtRoadLight
GR,h2128,0.3751810028677981,scr2002,avaStIn,bevFrtRoadLight
GR,h2129,0.3184738733356699,scr2002,avaStIn,bevFrtRoadLight
GR,h2130,0.2885496316681868,scr2002,avaStIn,bevFrtRoadLight
GR,h2131,0.2950430145218158,scr2002,avaStIn,bevFrtRoadLight
GR,h2132,0.3362350273761402,scr2002,avaStIn,bevFrtRoadLight
GR,h2133,0.3905257678468871,scr2002,avaStIn,bevFrtRoadLight
GR,h2134,0.4405757953478313,scr2002,avaStIn,bevFrtRoadLight
GR,h2135,0.4738121072088959,scr2002,avaStIn,bevFrtRoadLight
GR,h2136,0.4995552626921461,scr2002,avaStIn,bevFrtRoadLight
GR,h2137,0.5006979269249346,scr2002,avaStIn,bevFrtRoadLight
GR,h2138,0.49234384959123256,scr2002,avaStIn,bevFrtRoadLight
GR,h2139,0.46890884939949806,scr2002,avaStIn,bevFrtRoadLight
GR,h2140,0.4606801828577375,scr2002,avaStIn,bevFrtRoadLight
GR,h2141,0.4598809008191356,scr2002,avaStIn,bevFrtRoadLight
GR,h2142,0.47373682010553864,scr2002,avaStIn,bevFrtRoadLight
GR,h2143,0.49837466067849223,scr2002,avaStIn,bevFrtRoadLight
GR,h2144,0.5249322712656334,scr2002,avaStIn,bevFrtRoadLight
GR,h2145,0.5295524702973696,scr2002,avaStIn,bevFrtRoadLight
GR,h2146,0.5237384833973733,scr2002,avaStIn,bevFrtRoadLight
GR,h2147,0.517462220076728,scr2002,avaStIn,bevFrtRoadLight
GR,h2148,0.5202231448594441,scr2002,avaStIn,bevFrtRoadLight
GR,h2149,0.5168074572603817,scr2002,avaStIn,bevFrtRoadLight
GR,h2150,0.4881087918461403,scr2002,avaStIn,bevFrtRoadLight
GR,h2151,0.4401501060096197,scr2002,avaStIn,bevFrtRoadLight
GR,h2152,0.3751810028677981,scr2002,avaStIn,bevFrtRoadLight
GR,h2153,0.3184738733356699,scr2002,avaStIn,bevFrtRoadLight
GR,h2154,0.2885496316681868,scr2002,avaStIn,bevFrtRoadLight
GR,h2155,0.2950430145218158,scr2002,avaStIn,bevFrtRoadLight
GR,h2156,0.3362350273761402,scr2002,avaStIn,bevFrtRoadLight
GR,h2157,0.3905257678468871,scr2002,avaStIn,bevFrtRoadLight
GR,h2158,0.4405757953478313,scr2002,avaStIn,bevFrtRoadLight
GR,h2159,0.4738121072088959,scr2002,avaStIn,bevFrtRoadLight
GR,h2160,0.4995552626921461,scr2002,avaStIn,bevFrtRoadLight
ES,h1441,0.37143539955749877,scr2002,avaStIn,bevFrtRoadLight
ES,h1442,0.384608652410892,scr2002,avaStIn,bevFrtRoadLight
ES,h1443,0.4237495239182643,scr2002,avaStIn,bevFrtRoadLight
ES,h1444,0.47091023157612183,scr2002,avaStIn,bevFrtRoadLight
ES,h1445,0.5000591446961409,scr2002,avaStIn,bevFrtRoadLight
ES,h1446,0.49523334515714207,scr2002,avaStIn,bevFrtRoadLight
ES,h1447,0.5008043596015221,scr2002,avaStIn,bevFrtRoadLight
ES,h1448,0.5021789974738546,scr2002,avaStIn,bevFrtRoadLight
ES,h1449,0.5231874460949844,scr2002,avaStIn,bevFrtRoadLight
ES,h1450,0.5308529822226915,scr2002,avaStIn,bevFrtRoadLight
ES,h1451,0.5363569592692281,scr2002,avaStIn,bevFrtRoadLight
ES,h1452,0.5373881561276752,scr2002,avaStIn,bevFrtRoadLight
ES,h1453,0.5288075990651915,scr2002,avaStIn,bevFrtRoadLight
ES,h1454,0.5095709286669998,scr2002,avaStIn,bevFrtRoadLight
ES,h1455,0.47375355093106214,scr2002,avaStIn,bevFrtRoadLight
ES,h1456,0.43044665383965636,scr2002,avaStIn,bevFrtRoadLight
ES,h1457,0.38268799922147906,scr2002,avaStIn,bevFrtRoadLight
ES,h1458,0.35009603390059,scr2002,avaStIn,bevFrtRoadLight
ES,h1459,0.33493942920247227,scr2002,avaStIn,bevFrtRoadLight
ES,h1460,0.3486916021895437,scr2002,avaStIn,bevFrtRoadLight
ES,h1461,0.367800577976157,scr2002,avaStIn,bevFrtRoadLight
ES,h1462,0.3868279102443685,scr2002,avaStIn,bevFrtRoadLight
ES,h1463,0.39129796808842326,scr2002,avaStIn,bevFrtRoadLight
ES,h1464,0.3985938980480804,scr2002,avaStIn,bevFrtRoadLight
ES,h1465,0.3854075588164067,scr2002,avaStIn,bevFrtRoadLight
ES,h1466,0.3983441828052418,scr2002,avaStIn,bevFrtRoadLight
ES,h1467,0.4237495239182643,scr2002,avaStIn,bevFrtRoadLight
ES,h1468,0.47091023157612183,scr2002,avaStIn,bevFrtRoadLight
ES,h1469,0.5000591446961409,scr2002,avaStIn,bevFrtRoadLight
ES,h1470,0.49523334515714207,scr2002,avaStIn,bevFrtRoadLight
ES,h1471,0.5008043596015221,scr2002,avaStIn,bevFrtRoadLight
ES,h1472,0.5021789974738546,scr2002,avaStIn,bevFrtRoadLight
ES,h1473,0.5231874460949844,scr2002,avaStIn,bevFrtRoadLight
ES,h1474,0.5308529822226915,scr2002,avaStIn,bevFrtRoadLight
ES,h1475,0.5363569592692281,scr2002,avaStIn,bevFrtRoadLight
ES,h1476,0.5373881561276752,scr2002,avaStIn,bevFrtRoadLight
ES,h1477,0.5288075990651915,scr2002,avaStIn,bevFrtRoadLight
ES,h1478,0.5095709286669998,scr2002,avaStIn,bevFrtRoadLight
ES,h1479,0.47375355093106214,scr2002,avaStIn,bevFrtRoadLight
ES,h1480,0.43044665383965636,scr2002,avaStIn,bevFrtRoadLight
ES,h1481,0.38268799922147906,scr2002,avaStIn,bevFrtRoadLight
ES,h1482,0.35009603390059,scr2002,avaStIn,bevFrtRoadLight
ES,h1483,0.33493942920247227,scr2002,avaStIn,bevFrtRoadLight
ES,h1484,0.3486916021895437,scr2002,avaStIn,bevFrtRoadLight
ES,h1485,0.367800577976157,scr2002,avaStIn,bevFrtRoadLight
ES,h1486,0.3868279102443685,scr2002,avaStIn,bevFrtRoadLight
ES,h1487,0.39129796808842326,scr2002,avaStIn,bevFrtRoadLight
ES,h1488,0.3985938980480804,scr2002,avaStIn,bevFrtRoadLight
ES,h1489,0.417438896920547,scr2002,avaStIn,bevFrtRoadLight
ES,h1490,0.4439543832070488,scr2002,avaStIn,bevFrtRoadLight
ES,h1491,0.46423884613291105,scr2002,avaStIn,bevFrtRoadLight
ES,h1492,0.4692993118565086,scr2002,avaStIn,bevFrtRoadLight
ES,h1493,0.4647572130501479,scr2002,avaStIn,bevFrtRoadLight
ES,h1494,0.46064213333928145,scr2002,avaStIn,bevFrtRoadLight
ES,h1495,0.46062945013814055,scr2002,avaStIn,bevFrtRoadLight
ES,h1496,0.4771202000278559,scr2002,avaStIn,bevFrtRoadLight
ES,h1497,0.4942956004519072,scr2002,avaStIn,bevFrtRoadLight
ES,h1498,0.5099123823053466,scr2002,avaStIn,bevFrtRoadLight
ES,h1499,0.516103825435015,scr2002,avaStIn,bevFrtRoadLight
ES,h1500,0.5219276355822777,scr2002,avaStIn,bevFrtRoadLight
ES,h1501,0.5234247828552907,scr2002,avaStIn,bevFrtRoadLight
ES,h1502,0.5156668963515183,scr2002,avaStIn,bevFrtRoadLight
ES,h1503,0.4904757420921086,scr2002,avaStIn,bevFrtRoadLight
ES,h1504,0.45110486866152094,scr2002,avaStIn,bevFrtRoadLight
ES,h1505,0.4017195546093772,scr2002,avaStIn,bevFrtRoadLight
ES,h1506,0.36291036124415704,scr2002,avaStIn,bevFrtRoadLight
ES,h1507,0.34726190564612364,scr2002,avaStIn,bevFrtRoadLight
ES,h1508,0.3572707958832832,scr2002,avaStIn,bevFrtRoadLight
ES,h1509,0.37846883450753527,scr2002,avaStIn,bevFrtRoadLight
ES,h1510,0.3931902812107439,scr2002,avaStIn,bevFrtRoadLight
ES,h1511,0.39594228707308027,scr2002,avaStIn,bevFrtRoadLight
ES,h1512,0.38548877119622765,scr2002,avaStIn,bevFrtRoadLight
ES,h1513,0.4276985359892695,scr2002,avaStIn,bevFrtRoadLight
ES,h1514,0.4644411617748209,scr2002,avaStIn,bevFrtRoadLight
ES,h1515,0.5002557267591352,scr2002,avaStIn,bevFrtRoadLight
ES,h1516,0.47798335928114316,scr2002,avaStIn,bevFrtRoadLight
ES,h1517,0.4551887645588149,scr2002,avaStIn,bevFrtRoadLight
ES,h1518,0.4359624405147366,scr2002,avaStIn,bevFrtRoadLight
ES,h1519,0.42876729485430926,scr2002,avaStIn,bevFrtRoadLight
ES,h1520,0.43104491183452315,scr2002,avaStIn,bevFrtRoadLight
ES,h1521,0.4365190675447094,scr2002,avaStIn,bevFrtRoadLight
ES,h1522,0.4278419632767732,scr2002,avaStIn,bevFrtRoadLight
ES,h1523,0.4016528576943637,scr2002,avaStIn,bevFrtRoadLight
ES,h1524,0.35544920483038117,scr2002,avaStIn,bevFrtRoadLight
ES,h1525,0.3074338775768793,scr2002,avaStIn,bevFrtRoadLight
ES,h1526,0.27893630950364795,scr2002,avaStIn,bevFrtRoadLight
ES,h1527,0.2852564911760847,scr2002,avaStIn,bevFrtRoadLight
ES,h1528,0.3310047711329746,scr2002,avaStIn,bevFrtRoadLight
ES,h1529,0.3951643597987164,scr2002,avaStIn,bevFrtRoadLight
ES,h1530,0.4664498549169646,scr2002,avaStIn,bevFrtRoadLight
ES,h1531,0.5302489042156142,scr2002,avaStIn,bevFrtRoadLight
ES,h1532,0.5770673902258092,scr2002,avaStIn,bevFrtRoadLight
ES,h1533,0.5986769755958499,scr2002,avaStIn,bevFrtRoadLight
ES,h1534,0.6016883948095748,scr2002,avaStIn,bevFrtRoadLight
ES,h1535,0.5924055260109065,scr2002,avaStIn,bevFrtRoadLight
ES,h1536,0.5774847836798134,scr2002,avaStIn,bevFrtRoadLight
ES,h1537,0.5517773619954187,scr2002,avaStIn,bevFrtRoadLight
ES,h1538,0.5248358437172167,scr2002,avaStIn,bevFrtRoadLight
ES,h1539,0.5002557267591352,scr2002,avaStIn,bevFrtRoadLight
ES,h1540,0.47798335928114316,scr2002,avaStIn,bevFrtRoadLight
ES,h1541,0.4551887645588149,scr2002,avaStIn,bevFrtRoadLight
ES,h1542,0.4359624405147366,scr2002,avaStIn,bevFrtRoadLight
ES,h1543,0.42876729485430926,scr2002,avaStIn,bevFrtRoadLight
ES,h1544,0.43104491183452315,scr2002,avaStIn,bevFrtRoadLight
ES,h1545,0.4365190675447094,scr2002,avaStIn,bevFrtRoadLight
ES,h1546,0.4278419632767732,scr2002,avaStIn,bevFrtRoadLight
ES,h1547,0.4016528576943637,scr2002,avaStIn,bevFrtRoadLight
ES,h1548,0.35544920483038117,scr2002,avaStIn,bevFrtRoadLight
ES,h1549,0.3074338775768793,scr2002,avaStIn,bevFrtRoadLight
ES,h1550,0.27893630950364795,scr2002,avaStIn,bevFrtRoadLight
ES,h1551,0.2852564911760847,scr2002,avaStIn,bevFrtRoadLight
ES,h1552,0.3310047711329746,scr2002,avaStIn,bevFrtRoadLight
ES,h1553,0.3951643597987164,scr2002,avaStIn,bevFrtRoadLight
ES,h1554,0.4664498549169646,scr2002,avaStIn,bevFrtRoadLight
ES,h1555,0.5302489042156142,scr2002,avaStIn,bevFrtRoadLight
ES,h1556,0.5770673902258092,scr2002,avaStIn,bevFrtRoadLight
ES,h1557,0.5986769755958499,scr2002,avaStIn,bevFrtRoadLight
ES,h1558,0.6016883948095748,scr2002,avaStIn,bevFrtRoadLight
ES,h1559,0.5924055260109065,scr2002,avaStIn,bevFrtRoadLight
ES,h1560,0.5774847836798134,scr2002,avaStIn,bevFrtRoadLight
ES,h1561,0.5517773619954187,scr2002,avaStIn,bevFrtRoadLight
ES,h1562,0.5248358437172167,scr2002,avaStIn,bevFrtRoadLight
ES,h1563,0.5002557267591352,scr2002,avaStIn,bevFrtRoadLight
ES,h1564,0.47798335928114316,scr2002,avaStIn,bevFrtRoadLight
ES,h1565,0.4551887645588149,scr2002,avaStIn,bevFrtRoadLight
ES,h1566,0.4359624405147366,scr2002,avaStIn,bevFrtRoadLight
ES,h1567,0.42876729485430926,scr2002,avaStIn,bevFrtRoadLight
ES,h1568,0.43104491183452315,scr2002,avaStIn,bevFrtRoadLight
ES,h1569,0.4365190675447094,scr2002,avaStIn,bevFrtRoadLight
ES,h1570,0.4278419632767732,scr2002,avaStIn,bevFrtRoadLight
ES,h1571,0.4016528576943637,scr2002,avaStIn,bevFrtRoadLight
ES,h1572,0.35544920483038117,scr2002,avaStIn,bevFrtRoadLight
ES,h1573,0.3074338775768793,scr2002,avaStIn,bevFrtRoadLight
ES,h1574,0.27893630950364795,scr2002,avaStIn,bevFrtRoadLight
ES,h1575,0.2852564911760847,scr2002,avaStIn,bevFrtRoadLight
ES,h1576,0.3310047711329746,scr2002,avaStIn,bevFrtRoadLight
ES,h1577,0.3951643597987164,scr2002,avaStIn,bevFrtRoadLight
ES,h1578,0.4664498549169646,scr2002,avaStIn,bevFrtRoadLight
ES,h1579,0.5302489042156142,scr2002,avaStIn,bevFrtRoadLight
ES,h1580,0.5770673902258092,scr2002,avaStIn,bevFrtRoadLight
ES,h1581,0.5986769755958499,scr2002,avaStIn,bevFrtRoadLight
ES,h1582,0.6016883948095748,scr2002,avaStIn,bevFrtRoadLight
ES,h1583,0.5924055260109065,scr2002,avaStIn,bevFrtRoadLight
ES,h1584,0.5774847836798134,scr2002,avaStIn,bevFrtRoadLight
ES,h1585,0.5517773619954187,scr2002,avaStIn,bevFrtRoadLight
ES,h1586,0.5248358437172167,scr2002,avaStIn,bevFrtRoadLight
ES,h1587,0.5002557267591352,scr2002,avaStIn,bevFrtRoadLight
ES,h1588,0.47798335928114316,scr2002,avaStIn,bevFrtRoadLight
ES,h1589,0.4551887645588149,scr2002,avaStIn,bevFrtRoadLight
ES,h1590,0.4359624405147366,scr2002,avaStIn,bevFrtRoadLight
ES,h1591,0.42876729485430926,scr2002,avaStIn,bevFrtRoadLight
ES,h1592,0.43104491183452315,scr2002,avaStIn,bevFrtRoadLight
ES,h1593,0.4365190675447094,scr2002,avaStIn,bevFrtRoadLight
ES,h1594,0.4278419632767732,scr2002,avaStIn,bevFrtRoadLight
ES,h1595,0.4016528576943637,scr2002,avaStIn,bevFrtRoadLight
ES,h1596,0.35544920483038117,scr2002,avaStIn,bevFrtRoadLight
ES,h1597,0.3074338775768793,scr2002,avaStIn,bevFrtRoadLight
ES,h1598,0.27893630950364795,scr2002,avaStIn,bevFrtRoadLight
ES,h1599,0.2852564911760847,scr2002,avaStIn,bevFrtRoadLight
ES,h1600,0.3310047711329746,scr2002,avaStIn,bevFrtRoadLight
ES,h1601,0.3951643597987164,scr2002,avaStIn,bevFrtRoadLight
ES,h1602,0.4664498549169646,scr2002,avaStIn,bevFrtRoadLight
ES,h1603,0.5302489042156142,scr2002,avaStIn,bevFrtRoadLight
ES,h1604,0.5770673902258092,scr2002,avaStIn,bevFrtRoadLight
ES,h1605,0.5986769755958499,scr2002,avaStIn,bevFrtRoadLight
ES,h1606,0.6016883948095748,scr2002,avaStIn,bevFrtRoadLight
ES,h1607,0.5924055260109065,scr2002,avaStIn,bevFrtRoadLight
ES,h1608,0.5774847836798134,scr2002,avaStIn,bevFrtRoadLight
ES,h1609,0.5399833096273894,scr2002,avaStIn,bevFrtRoadLight
ES,h1610,0.5020113380135913,scr2002,avaStIn,bevFrtRoadLight
ES,h1611,0.46357223070631565,scr2002,avaStIn,bevFrtRoadLight
ES,h1612,0.43803486595747304,scr2002,avaStIn,bevFrtRoadLight
ES,h1613,0.4076212480325629,scr2002,avaStIn,bevFrtRoadLight
ES,h1614,0.3788883072446834,scr2002,avaStIn,bevFrtRoadLight
ES,h1615,0.3695838142229359,scr2002,avaStIn,bevFrtRoadLight
ES,h1616,0.3784020848878395,scr2002,avaStIn,bevFrtRoadLight
ES,h1617,0.4031259345923753,scr2002,avaStIn,bevFrtRoadLight
ES,h1618,0.4136243937382416,scr2002,avaStIn,bevFrtRoadLight
ES,h1619,0.40284613156854127,scr2002,avaStIn,bevFrtRoadLight
ES,h1620,0.36034370411441236,scr2002,avaStIn,bevFrtRoadLight
ES,h1621,0.3007353640691551,scr2002,avaStIn,bevFrtRoadLight
ES,h1622,0.2417737046506196,scr2002,avaStIn,bevFrtRoadLight
ES,h1623,0.2197061456061568,scr2002,avaStIn,bevFrtRoadLight
ES,h1624,0.2550839573322901,scr2002,avaStIn,bevFrtRoadLight
ES,h1625,0.3476713909676526,scr2002,avaStIn,bevFrtRoadLight
ES,h1626,0.4522804104683688,scr2002,avaStIn,bevFrtRoadLight
ES,h1627,0.5341134302691986,scr2002,avaStIn,bevFrtRoadLight
ES,h1628,0.5851656457268322,scr2002,avaStIn,bevFrtRoadLight
ES,h1629,0.6079565962864941,scr2002,avaStIn,bevFrtRoadLight
ES,h1630,0.608837832284763,scr2002,avaStIn,bevFrtRoadLight
ES,h1631,0.586254700588972,scr2002,avaStIn,bevFrtRoadLight
ES,h1632,0.5503272305028046,scr2002,avaStIn,bevFrtRoadLight
ES,h1633,0.5157882800473499,scr2002,avaStIn,bevFrtRoadLight
ES,h1634,0.48762121603393654,scr2002,avaStIn,bevFrtRoadLight
ES,h1635,0.46357223070631565,scr2002,avaStIn,bevFrtRoadLight
ES,h1636,0.43803486595747304,scr2002,avaStIn,bevFrtRoadLight
ES,h1637,0.4076212480325629,scr2002,avaStIn,bevFrtRoadLight
ES,h1638,0.3788883072446834,scr2002,avaStIn,bevFrtRoadLight
ES,h1639,0.3695838142229359,scr2002,avaStIn,bevFrtRoadLight
ES,h1640,0.3784020848878395,scr2002,avaStIn,bevFrtRoadLight
ES,h1641,0.4031259345923753,scr2002,avaStIn,bevFrtRoadLight
ES,h1642,0.4136243937382416,scr2002,avaStIn,bevFrtRoadLight
ES,h1643,0.40284613156854127,scr2002,avaStIn,bevFrtRoadLight
ES,h1644,0.36034370411441236,scr2002,avaStIn,bevFrtRoadLight
ES,h1645,0.3007353640691551,scr2002,avaStIn,bevFrtRoadLight
ES,h1646,0.2417737046506196,scr2002,avaStIn,bevFrtRoadLight
ES,h1647,0.2197061456061568,scr2002,avaStIn,bevFrtRoadLight
ES,h1648,0.2550839573322901,scr2002,avaStIn,bevFrtRoadLight
ES,h1649,0.3476713909676526,scr2002,avaStIn,bevFrtRoadLight
ES,h1650,0.4522804104683688,scr2002,avaStIn,bevFrtRoadLight
ES,h1651,0.5341134302691986,scr2002,avaStIn,bevFrtRoadLight
ES,h1652,0.5851656457268322,scr2002,avaStIn,bevFrtRoadLight
ES,h1653,0.6079565962864941,scr2002,avaStIn,bevFrtRoadLight
ES,h1654,0.608837832284763,scr2002,avaStIn,bevFrtRoadLight
ES,h1655,0.586254700588972,scr2002,avaStIn,bevFrtRoadLight
ES,h1656,0.5503272305028046,scr2002,avaStIn,bevFrtRoadLight
ES,h1657,0.5277989482493217,scr2002,avaStIn,bevFrtRoadLight
ES,h1658,0.5107010378978181,scr2002,avaStIn,bevFrtRoadLight
ES,h1659,0.5002557267591352,scr2002,avaStIn,bevFrtRoadLight
ES,h1660,0.47798335928114316,scr2002,avaStIn,bevFrtRoadLight
ES,h1661,0.4551887645588149,scr2002,avaStIn,bevFrtRoadLight
ES,h1662,0.4359624405147366,scr2002,avaStIn,bevFrtRoadLight
ES,h1663,0.42876729485430926,scr2002,avaStIn,bevFrtRoadLight
ES,h1664,0.43104491183452315,scr2002,avaStIn,bevFrtRoadLight
ES,h1665,0.4365190675447094,scr2002,avaStIn,bevFrtRoadLight
ES,h1666,0.4278419632767732,scr2002,avaStIn,bevFrtRoadLight
ES,h1667,0.4016528576943637,scr2002,avaStIn,bevFrtRoadLight
ES,h1668,0.35544920483038117,scr2002,avaStIn,bevFrtRoadLight
ES,h1669,0.3074338775768793,scr2002,avaStIn,bevFrtRoadLight
ES,h1670,0.27893630950364795,scr2002,avaStIn,bevFrtRoadLight
ES,h1671,0.2852564911760847,scr2002,avaStIn,bevFrtRoadLight
ES,h1672,0.3310047711329746,scr2002,avaStIn,bevFrtRoadLight
ES,h1673,0.3951643597987164,scr2002,avaStIn,bevFrtRoadLight
ES,h1674,0.4664498549169646,scr2002,avaStIn,bevFrtRoadLight
ES,h1675,0.5302489042156142,scr2002,avaStIn,bevFrtRoadLight
ES,h1676,0.5770673902258092,scr2002,avaStIn,bevFrtRoadLight
ES,h1677,0.5986769755958499,scr2002,avaStIn,bevFrtRoadLight
ES,h1678,0.6016883948095748,scr2002,avaStIn,bevFrtRoadLight
ES,h1679,0.5924055260109065,scr2002,avaStIn,bevFrtRoadLight
ES,h1680,0.5774847836798134,scr2002,avaStIn,bevFrtRoadLight
ES,h1681,0.5517773619954187,scr2002,avaStIn,bevFrtRoadLight
ES,h1682,0.5248358437172167,scr2002,avaStIn,bevFrtRoadLight
ES,h1683,0.5002557267591352,scr2002,avaStIn,bevFrtRoadLight
ES,h1684,0.47798335928114316,scr2002,avaStIn,bevFrtRoadLight
ES,h1685,0.4551887645588149,scr2002,avaStIn,bevFrtRoadLight
ES,h1686,0.4359624405147366,scr2002,avaStIn,bevFrtRoadLight
ES,h1687,0.42876729485430926,scr2002,avaStIn,bevFrtRoadLight
ES,h1688,0.43104491183452315,scr2002,avaStIn,bevFrtRoadLight
ES,h1689,0.4365190675447094,scr2002,avaStIn,bevFrtRoadLight
ES,h1690,0.4278419632767732,scr2002,avaStIn,bevFrtRoadLight
ES,h1691,0.4016528576943637,scr2002,avaStIn,bevFrtRoadLight
ES,h1692,0.35544920483038117,scr2002,avaStIn,bevFrtRoadLight
ES,h1693,0.3074338775768793,scr2002,avaStIn,bevFrtRoadLight
ES,h1694,0.27893630950364795,scr2002,avaStIn,bevFrtRoadLight
ES,h1695,0.2852564911760847,scr2002,avaStIn,bevFrtRoadLight
ES,h1696,0.3310047711329746,scr2002,avaStIn,bevFrtRoadLight
ES,h1697,0.3951643597987164,scr2002,avaStIn,bevFrtRoadLight
ES,h1698,0.4664498549169646,scr2002,avaStIn,bevFrtRoadLight
ES,h1699,0.5302489042156142,scr2002,avaStIn,bevFrtRoadLight
ES,h1700,0.5770673902258092,scr2002,avaStIn,bevFrtRoadLight
ES,h1701,0.5986769755958499,scr2002,avaStIn,bevFrtRoadLight
ES,h1702,0.6016883948095748,scr2002,avaStIn,bevFrtRoadLight
ES,h1703,0.5924055260109065,scr2002,avaStIn,bevFrtRoadLight
ES,h1704,0.5774847836798134,scr2002,avaStIn,bevFrtRoadLight
ES,h1705,0.5090380578317111,scr2002,avaStIn,bevFrtRoadLight
ES,h1706,0.4531607322147027,scr2002,avaStIn,bevFrtRoadLight
ES,h1707,0.41062930357596744,scr2002,avaStIn,bevFrtRoadLight
ES,h1708,0.43025623461050316,scr2002,avaStIn,bevFrtRoadLight
ES,h1709,0.4411964644145134,scr2002,avaStIn,bevFrtRoadLight
ES,h1710,0.4575110990130287,scr2002,avaStIn,bevFrtRoadLight
ES,h1711,0.4887175721771096,scr2002,avaStIn,bevFrtRoadLight
ES,h1712,0.5314509691002265,scr2002,avaStIn,bevFrtRoadLight
ES,h1713,0.5711878747561929,scr2002,avaStIn,bevFrtRoadLight
ES,h1714,0.5980939691710527,scr2002,avaStIn,bevFrtRoadLight
ES,h1715,0.6083940341958551,scr2002,avaStIn,bevFrtRoadLight
ES,h1716,0.6010568773540481,scr2002,avaStIn,bevFrtRoadLight
ES,h1717,0.5764247164288179,scr2002,avaStIn,bevFrtRoadLight
ES,h1718,0.5401459054358786,scr2002,avaStIn,bevFrtRoadLight
ES,h1719,0.498267279288436,scr2002,avaStIn,bevFrtRoadLight
ES,h1720,0.45741399074058336,scr2002,avaStIn,bevFrtRoadLight
ES,h1721,0.4247038687233236,scr2002,avaStIn,bevFrtRoadLight
ES,h1722,0.40701056815821773,scr2002,avaStIn,bevFrtRoadLight
ES,h1723,0.39935547044790937,scr2002,avaStIn,bevFrtRoadLight
ES,h1724,0.39425283601511846,scr2002,avaStIn,bevFrtRoadLight
ES,h1725,0.38098412389288266,scr2002,avaStIn,bevFrtRoadLight
ES,h1726,0.34977849440408665,scr2002,avaStIn,bevFrtRoadLight
ES,h1727,0.31230696624032034,scr2002,avaStIn,bevFrtRoadLight
ES,h1728,0.2821792829284124,scr2002,avaStIn,bevFrtRoadLight
ES,h1729,0.31068439182398483,scr2002,avaStIn,bevFrtRoadLight
ES,h1730,0.3586629996806477,scr2002,avaStIn,bevFrtRoadLight
ES,h1731,0.41062930357596744,scr2002,avaStIn,bevFrtRoadLight
ES,h1732,0.43025623461050316,scr2002,avaStIn,bevFrtRoadLight
ES,h1733,0.4411964644145134,scr2002,avaStIn,bevFrtRoadLight
ES,h1734,0.4575110990130287,scr2002,avaStIn,bevFrtRoadLight
ES,h1735,0.4887175721771096,scr2002,avaStIn,bevFrtRoadLight
ES,h1736,0.5314509691002265,scr2002,avaStIn,bevFrtRoadLight
ES,h1737,0.5711878747561929,scr2002,avaStIn,bevFrtRoadLight
ES,h1738,0.5980939691710527,scr2002,avaStIn,bevFrtRoadLight
ES,h1739,0.6083940341958551,scr2002,avaStIn,bevFrtRoadLight
ES,h1740,0.6010568773540481,scr2002,avaStIn,bevFrtRoadLight
ES,h1741,0.5764247164288179,scr2002,avaStIn,bevFrtRoadLight
ES,h1742,0.5401459054358786,scr2002,avaStIn,bevFrtRoadLight
ES,h1743,0.498267279288436,scr2002,avaStIn,bevFrtRoadLight
ES,h1744,0.45741399074058336,scr2002,avaStIn,bevFrtRoadLight
ES,h1745,0.4247038687233236,scr2002,avaStIn,bevFrtRoadLight
ES,h1746,0.40701056815821773,scr2002,avaStIn,bevFrtRoadLight
ES,h1747,0.39935547044790937,scr2002,avaStIn,bevFrtRoadLight
ES,h1748,0.39425283601511846,scr2002,avaStIn,bevFrtRoadLight
ES,h1749,0.38098412389288266,scr2002,avaStIn,bevFrtRoadLight
ES,h1750,0.34977849440408665,scr2002,avaStIn,bevFrtRoadLight
ES,h1751,0.31230696624032034,scr2002,avaStIn,bevFrtRoadLight
ES,h1752,0.2821792829284124,scr2002,avaStIn,bevFrtRoadLight
ES,h1753,0.31068439182398483,scr2002,avaStIn,bevFrtRoadLight
ES,h1754,0.3586629996806477,scr2002,avaStIn,bevFrtRoadLight
ES,h1755,0.41062930357596744,scr2002,avaStIn,bevFrtRoadLight
ES,h1756,0.43025623461050316,scr2002,avaStIn,bevFrtRoadLight
ES,h1757,0.4411964644145134,scr2002,avaStIn,bevFrtRoadLight
ES,h1758,0.4575110990130287,scr2002,avaStIn,bevFrtRoadLight
ES,h1759,0.4887175721771096,scr2002,avaStIn,bevFrtRoadLight
ES,h1760,0.5314509691002265,scr2002,avaStIn,bevFrtRoadLight
ES,h1761,0.5711878747561929,scr2002,avaStIn,bevFrtRoadLight
ES,h1762,0.5980939691710527,scr2002,avaStIn,bevFrtRoadLight
ES,h1763,0.6083940341958551,scr2002,avaStIn,bevFrtRoadLight
ES,h1764,0.6010568773540481,scr2002,avaStIn,bevFrtRoadLight
ES,h1765,0.5764247164288179,scr2002,avaStIn,bevFrtRoadLight
ES,h1766,0.5401459054358786,scr2002,avaStIn,bevFrtRoadLight
ES,h1767,0.498267279288436,scr2002,avaStIn,bevFrtRoadLight
ES,h1768,0.45741399074058336,scr2002,avaStIn,bevFrtRoadLight
ES,h1769,0.4247038687233236,scr2002,avaStIn,bevFrtRoadLight
ES,h1770,0.40701056815821773,scr2002,avaStIn,bevFrtRoadLight
ES,h1771,0.39935547044790937,scr2002,avaStIn,bevFrtRoadLight
ES,h1772,0.39425283601511846,scr2002,avaStIn,bevFrtRoadLight
ES,h1773,0.38098412389288266,scr2002,avaStIn,bevFrtRoadLight
ES,h1774,0.34977849440408665,scr2002,avaStIn,bevFrtRoadLight
ES,h1775,0.31230696624032034,scr2002,avaStIn,bevFrtRoadLight
ES,h1776,0.2821792829284124,scr2002,avaStIn,bevFrtRoadLight
ES,h1777,0.23009516222103205,scr2002,avaStIn,bevFrtRoadLight
ES,h1778,0.23009179759358894,scr2002,avaStIn,bevFrtRoadLight
ES,h1779,0.27148343409663184,scr2002,avaStIn,bevFrtRoadLight
ES,h1780,0.37907257006967593,scr2002,avaStIn,bevFrtRoadLight
ES,h1781,0.46234049926132464,scr2002,avaStIn,bevFrtRoadLight
ES,h1782,0.5259162274800007,scr2002,avaStIn,bevFrtRoadLight
ES,h1783,0.5772992909654577,scr2002,avaStIn,bevFrtRoadLight
ES,h1784,0.6171735770568829,scr2002,avaStIn,bevFrtRoadLight
ES,h1785,0.6409152522621755,scr2002,avaStIn,bevFrtRoadLight
ES,h1786,0.648916667,scr2002,avaStIn,bevFrtRoadLight
ES,h1787,0.640035053457434,scr2002,avaStIn,bevFrtRoadLight
ES,h1788,0.6158841576917302,scr2002,avaStIn,bevFrtRoadLight
ES,h1789,0.5753501172674538,scr2002,avaStIn,bevFrtRoadLight
ES,h1790,0.5273486726990766,scr2002,avaStIn,bevFrtRoadLight
ES,h1791,0.4768240020580861,scr2002,avaStIn,bevFrtRoadLight
ES,h1792,0.42880637687506445,scr2002,avaStIn,bevFrtRoadLight
ES,h1793,0.3937457048165251,scr2002,avaStIn,bevFrtRoadLight
ES,h1794,0.37490315062475793,scr2002,avaStIn,bevFrtRoadLight
ES,h1795,0.37209330121313183,scr2002,avaStIn,bevFrtRoadLight
ES,h1796,0.3687310518290369,scr2002,avaStIn,bevFrtRoadLight
ES,h1797,0.35436309979864694,scr2002,avaStIn,bevFrtRoadLight
ES,h1798,0.31547818289481283,scr2002,avaStIn,bevFrtRoadLight
ES,h1799,0.2711299329995998,scr2002,avaStIn,bevFrtRoadLight
ES,h1800,0.23819116395917778,scr2002,avaStIn,bevFrtRoadLight
ES,h1801,0.20075744833264692,scr2002,avaStIn,bevFrtRoadLight
ES,h1802,0.2157562465557668,scr2002,avaStIn,bevFrtRoadLight
ES,h1803,0.27148343409663184,scr2002,avaStIn,bevFrtRoadLight
ES,h1804,0.37907257006967593,scr2002,avaStIn,bevFrtRoadLight
ES,h1805,0.46234049926132464,scr2002,avaStIn,bevFrtRoadLight
ES,h1806,0.5259162274800007,scr2002,avaStIn,bevFrtRoadLight
ES,h1807,0.5772992909654577,scr2002,avaStIn,bevFrtRoadLight
ES,h1808,0.6171735770568829,scr2002,avaStIn,bevFrtRoadLight
ES,h1809,0.6409152522621755,scr2002,avaStIn,bevFrtRoadLight
ES,h1810,0.648916667,scr2002,avaStIn,bevFrtRoadLight
ES,h1811,0.640035053457434,scr2002,avaStIn,bevFrtRoadLight
ES,h1812,0.6158841576917302,scr2002,avaStIn,bevFrtRoadLight
ES,h1813,0.5753501172674538,scr2002,avaStIn,bevFrtRoadLight
ES,h1814,0.5273486726990766,scr2002,avaStIn,bevFrtRoadLight
ES,h1815,0.4768240020580861,scr2002,avaStIn,bevFrtRoadLight
ES,h1816,0.42880637687506445,scr2002,avaStIn,bevFrtRoadLight
ES,h1817,0.3937457048165251,scr2002,avaStIn,bevFrtRoadLight
ES,h1818,0.37490315062475793,scr2002,avaStIn,bevFrtRoadLight
ES,h1819,0.37209330121313183,scr2002,avaStIn,bevFrtRoadLight
ES,h1820,0.3687310518290369,scr2002,avaStIn,bevFrtRoadLight
ES,h1821,0.35436309979864694,scr2002,avaStIn,bevFrtRoadLight
ES,h1822,0.31547818289481283,scr2002,avaStIn,bevFrtRoadLight
ES,h1823,0.2711299329995998,scr2002,avaStIn,bevFrtRoadLight
ES,h1824,0.23819116395917778,scr2002,avaStIn,bevFrtRoadLight
ES,h1825,0.2838819975995321,scr2002,avaStIn,bevFrtRoadLight
ES,h1826,0.34615260530650654,scr2002,avaStIn,bevFrtRoadLight
ES,h1827,0.41062930357596744,scr2002,avaStIn,bevFrtRoadLight
ES,h1828,0.43025623461050316,scr2002,avaStIn,bevFrtRoadLight
ES,h1829,0.4411964644145134,scr2002,avaStIn,bevFrtRoadLight
ES,h1830,0.4575110990130287,scr2002,avaStIn,bevFrtRoadLight
ES,h1831,0.4887175721771096,scr2002,avaStIn,bevFrtRoadLight
ES,h1832,0.5314509691002265,scr2002,avaStIn,bevFrtRoadLight
ES,h1833,0.5711878747561929,scr2002,avaStIn,bevFrtRoadLight
ES,h1834,0.5980939691710527,scr2002,avaStIn,bevFrtRoadLight
ES,h1835,0.6083940341958551,scr2002,avaStIn,bevFrtRoadLight
ES,h1836,0.6010568773540481,scr2002,avaStIn,bevFrtRoadLight
ES,h1837,0.5764247164288179,scr2002,avaStIn,bevFrtRoadLight
ES,h1838,0.5401459054358786,scr2002,avaStIn,bevFrtRoadLight
ES,h1839,0.498267279288436,scr2002,avaStIn,bevFrtRoadLight
ES,h1840,0.45741399074058336,scr2002,avaStIn,bevFrtRoadLight
ES,h1841,0.4247038687233236,scr2002,avaStIn,bevFrtRoadLight
ES,h1842,0.40701056815821773,scr2002,avaStIn,bevFrtRoadLight
ES,h1843,0.39935547044790937,scr2002,avaStIn,bevFrtRoadLight
ES,h1844,0.39425283601511846,scr2002,avaStIn,bevFrtRoadLight
ES,h1845,0.38098412389288266,scr2002,avaStIn,bevFrtRoadLight
ES,h1846,0.34977849440408665,scr2002,avaStIn,bevFrtRoadLight
ES,h1847,0.31230696624032034,scr2002,avaStIn,bevFrtRoadLight
ES,h1848,0.2821792829284124,scr2002,avaStIn,bevFrtRoadLight
ES,h1849,0.31068439182398483,scr2002,avaStIn,bevFrtRoadLight
ES,h1850,0.3586629996806477,scr2002,avaStIn,bevFrtRoadLight
ES,h1851,0.41062930357596744,scr2002,avaStIn,bevFrtRoadLight
ES,h1852,0.43025623461050316,scr2002,avaStIn,bevFrtRoadLight
ES,h1853,0.4411964644145134,scr2002,avaStIn,bevFrtRoadLight
ES,h1854,0.4575110990130287,scr2002,avaStIn,bevFrtRoadLight
ES,h1855,0.4887175721771096,scr2002,avaStIn,bevFrtRoadLight
ES,h1856,0.5314509691002265,scr2002,avaStIn,bevFrtRoadLight
ES,h1857,0.5711878747561929,scr2002,avaStIn,bevFrtRoadLight
ES,h1858,0.5980939691710527,scr2002,avaStIn,bevFrtRoadLight
ES,h1859,0.6083940341958551,scr2002,avaStIn,bevFrtRoadLight
ES,h1860,0.6010568773540481,scr2002,avaStIn,bevFrtRoadLight
ES,h1861,0.5764247164288179,scr2002,avaStIn,bevFrtRoadLight
ES,h1862,0.5401459054358786,scr2002,avaStIn,bevFrtRoadLight
ES,h1863,0.498267279288436,scr2002,avaStIn,bevFrtRoadLight
ES,h1864,0.45741399074058336,scr2002,avaStIn,bevFrtRoadLight
ES,h1865,0.4247038687233236,scr2002,avaStIn,bevFrtRoadLight
ES,h1866,0.40701056815821773,scr2002,avaStIn,bevFrtRoadLight
ES,h1867,0.39935547044790937,scr2002,avaStIn,bevFrtRoadLight
ES,h1868,0.39425283601511846,scr2002,avaStIn,bevFrtRoadLight
ES,h1869,0.38098412389288266,scr2002,avaStIn,bevFrtRoadLight
ES,h1870,0.34977849440408665,scr2002,avaStIn,bevFrtRoadLight
ES,h1871,0.31230696624032034,scr2002,avaStIn,bevFrtRoadLight
ES,h1872,0.2821792829284124,scr2002,avaStIn,bevFrtRoadLight
ES,h1873,0.31068439182398483,scr2002,avaStIn,bevFrtRoadLight
ES,h1874,0.3586629996806477,scr2002,avaStIn,bevFrtRoadLight
ES,h1875,0.41062930357596744,scr2002,avaStIn,bevFrtRoadLight
ES,h1876,0.43025623461050316,scr2002,avaStIn,bevFrtRoadLight
ES,h1877,0.4411964644145134,scr2002,avaStIn,bevFrtRoadLight
ES,h1878,0.4575110990130287,scr2002,avaStIn,bevFrtRoadLight
ES,h1879,0.4887175721771096,scr2002,avaStIn,bevFrtRoadLight
ES,h1880,0.5314509691002265,scr2002,avaStIn,bevFrtRoadLight
ES,h1881,0.5711878747561929,scr2002,avaStIn,bevFrtRoadLight
ES,h1882,0.5980939691710527,scr2002,avaStIn,bevFrtRoadLight
ES,h1883,0.6083940341958551,scr2002,avaStIn,bevFrtRoadLight
ES,h1884,0.6010568773540481,scr2002,avaStIn,bevFrtRoadLight
ES,h1885,0.5764247164288179,scr2002,avaStIn,bevFrtRoadLight
ES,h1886,0.5401459054358786,scr2002,avaStIn,bevFrtRoadLight
ES,h1887,0.498267279288436,scr2002,avaStIn,bevFrtRoadLight
ES,h1888,0.45741399074058336,scr2002,avaStIn,bevFrtRoadLight
ES,h1889,0.4247038687233236,scr2002,avaStIn,bevFrtRoadLight
ES,h1890,0.40701056815821773,scr2002,avaStIn,bevFrtRoadLight
ES,h1891,0.39935547044790937,scr2002,avaStIn,bevFrtRoadLight
ES,h1892,0.39425283601511846,scr2002,avaStIn,bevFrtRoadLight
ES,h1893,0.38098412389288266,scr2002,avaStIn,bevFrtRoadLight
ES,h1894,0.34977849440408665,scr2002,avaStIn,bevFrtRoadLight
ES,h1895,0.31230696624032034,scr2002,avaStIn,bevFrtRoadLight
ES,h1896,0.2821792829284124,scr2002,avaStIn,bevFrtRoadLight
ES,h1897,0.31068439182398483,scr2002,avaStIn,bevFrtRoadLight
ES,h1898,0.3586629996806477,scr2002,avaStIn,bevFrtRoadLight
ES,h1899,0.41062930357596744,scr2002,avaStIn,bevFrtRoadLight
ES,h1900,0.43025623461050316,scr2002,avaStIn,bevFrtRoadLight
ES,h1901,0.4411964644145134,scr2002,avaStIn,bevFrtRoadLight
ES,h1902,0.4575110990130287,scr2002,avaStIn,bevFrtRoadLight
ES,h1903,0.4887175721771096,scr2002,avaStIn,bevFrtRoadLight
ES,h1904,0.5314509691002265,scr2002,avaStIn,bevFrtRoadLight
ES,h1905,0.5711878747561929,scr2002,avaStIn,bevFrtRoadLight
ES,h1906,0.5980939691710527,scr2002,avaStIn,bevFrtRoadLight
ES,h1907,0.6083940341958551,scr2002,avaStIn,bevFrtRoadLight
ES,h1908,0.6010568773540481,scr2002,avaStIn,bevFrtRoadLight
ES,h1909,0.5764247164288179,scr2002,avaStIn,bevFrtRoadLight
ES,h1910,0.5401459054358786,scr2002,avaStIn,bevFrtRoadLight
ES,h1911,0.498267279288436,scr2002,avaStIn,bevFrtRoadLight
ES,h1912,0.45741399074058336,scr2002,avaStIn,bevFrtRoadLight
ES,h1913,0.4247038687233236,scr2002,avaStIn,bevFrtRoadLight
ES,h1914,0.40701056815821773,scr2002,avaStIn,bevFrtRoadLight
ES,h1915,0.39935547044790937,scr2002,avaStIn,bevFrtRoadLight
ES,h1916,0.39425283601511846,scr2002,avaStIn,bevFrtRoadLight
ES,h1917,0.38098412389288266,scr2002,avaStIn,bevFrtRoadLight
ES,h1918,0.34977849440408665,scr2002,avaStIn,bevFrtRoadLight
ES,h1919,0.31230696624032034,scr2002,avaStIn,bevFrtRoadLight
ES,h1920,0.2821792829284124,scr2002,avaStIn,bevFrtRoadLight
ES,h1921,0.31068439182398483,scr2002,avaStIn,bevFrtRoadLight
ES,h1922,0.3586629996806477,scr2002,avaStIn,bevFrtRoadLight
ES,h1923,0.41062930357596744,scr2002,avaStIn,bevFrtRoadLight
ES,h1924,0.43025623461050316,scr2002,avaStIn,bevFrtRoadLight
ES,h1925,0.4411964644145134,scr2002,avaStIn,bevFrtRoadLight
ES,h1926,0.4575110990130287,scr2002,avaStIn,bevFrtRoadLight
ES,h1927,0.4887175721771096,scr2002,avaStIn,bevFrtRoadLight
ES,h1928,0.5314509691002265,scr2002,avaStIn,bevFrtRoadLight
ES,h1929,0.5711878747561929,scr2002,avaStIn,bevFrtRoadLight
ES,h1930,0.5980939691710527,scr2002,avaStIn,bevFrtRoadLight
ES,h1931,0.6083940341958551,scr2002,avaStIn,bevFrtRoadLight
ES,h1932,0.6010568773540481,scr2002,avaStIn,bevFrtRoadLight
ES,h1933,0.5764247164288179,scr2002,avaStIn,bevFrtRoadLight
ES,h1934,0.5401459054358786,scr2002,avaStIn,bevFrtRoadLight
ES,h1935,0.498267279288436,scr2002,avaStIn,bevFrtRoadLight
ES,h1936,0.45741399074058336,scr2002,avaStIn,bevFrtRoadLight
ES,h1937,0.4247038687233236,scr2002,avaStIn,bevFrtRoadLight
ES,h1938,0.40701056815821773,scr2002,avaStIn,bevFrtRoadLight
ES,h1939,0.39935547044790937,scr2002,avaStIn,bevFrtRoadLight
ES,h1940,0.39425283601511846,scr2002,avaStIn,bevFrtRoadLight
ES,h1941,0.38098412389288266,scr2002,avaStIn,bevFrtRoadLight
ES,h1942,0.34977849440408665,scr2002,avaStIn,bevFrtRoadLight
ES,h1943,0.31230696624032034,scr2002,avaStIn,bevFrtRoadLight
ES,h1944,0.2821792829284124,scr2002,avaStIn,bevFrtRoadLight
ES,h1945,0.23009516222103205,scr2002,avaStIn,bevFrtRoadLight
ES,h1946,0.23009179759358894,scr2002,avaStIn,bevFrtRoadLight
ES,h1947,0.27148343409663184,scr2002,avaStIn,bevFrtRoadLight
ES,h1948,0.37907257006967593,scr2002,avaStIn,bevFrtRoadLight
ES,h1949,0.46234049926132464,scr2002,avaStIn,bevFrtRoadLight
ES,h1950,0.5259162274800007,scr2002,avaStIn,bevFrtRoadLight
ES,h1951,0.5772992909654577,scr2002,avaStIn,bevFrtRoadLight
ES,h1952,0.6171735770568829,scr2002,avaStIn,bevFrtRoadLight
ES,h1953,0.6409152522621755,scr2002,avaStIn,bevFrtRoadLight
ES,h1954,0.648916667,scr2002,avaStIn,bevFrtRoadLight
ES,h1955,0.640035053457434,scr2002,avaStIn,bevFrtRoadLight
ES,h1956,0.6158841576917302,scr2002,avaStIn,bevFrtRoadLight
ES,h1957,0.5753501172674538,scr2002,avaStIn,bevFrtRoadLight
ES,h1958,0.5273486726990766,scr2002,avaStIn,bevFrtRoadLight
ES,h1959,0.4768240020580861,scr2002,avaStIn,bevFrtRoadLight
ES,h1960,0.42880637687506445,scr2002,avaStIn,bevFrtRoadLight
ES,h1961,0.3937457048165251,scr2002,avaStIn,bevFrtRoadLight
ES,h1962,0.37490315062475793,scr2002,avaStIn,bevFrtRoadLight
ES,h1963,0.37209330121313183,scr2002,avaStIn,bevFrtRoadLight
ES,h1964,0.3687310518290369,scr2002,avaStIn,bevFrtRoadLight
ES,h1965,0.35436309979864694,scr2002,avaStIn,bevFrtRoadLight
ES,h1966,0.31547818289481283,scr2002,avaStIn,bevFrtRoadLight
ES,h1967,0.2711299329995998,scr2002,avaStIn,bevFrtRoadLight
ES,h1968,0.23819116395917778,scr2002,avaStIn,bevFrtRoadLight
ES,h1969,0.20075744833264692,scr2002,avaStIn,bevFrtRoadLight
ES,h1970,0.2157562465557668,scr2002,avaStIn,bevFrtRoadLight
ES,h1971,0.27148343409663184,scr2002,avaStIn,bevFrtRoadLight
ES,h1972,0.37907257006967593,scr2002,avaStIn,bevFrtRoadLight
ES,h1973,0.46234049926132464,scr2002,avaStIn,bevFrtRoadLight
ES,h1974,0.5259162274800007,scr2002,avaStIn,bevFrtRoadLight
ES,h1975,0.5772992909654577,scr2002,avaStIn,bevFrtRoadLight
ES,h1976,0.6171735770568829,scr2002,avaStIn,bevFrtRoadLight
ES,h1977,0.6409152522621755,scr2002,avaStIn,bevFrtRoadLight
ES,h1978,0.648916667,scr2002,avaStIn,bevFrtRoadLight
ES,h1979,0.640035053457434,scr2002,avaStIn,bevFrtRoadLight
ES,h1980,0.6158841576917302,scr2002,avaStIn,bevFrtRoadLight
ES,h1981,0.5753501172674538,scr2002,avaStIn,bevFrtRoadLight
ES,h1982,0.5273486726990766,scr2002,avaStIn,bevFrtRoadLight
ES,h1983,0.4768240020580861,scr2002,avaStIn,bevFrtRoadLight
ES,h1984,0.42880637687506445,scr2002,avaStIn,bevFrtRoadLight
ES,h1985,0.3937457048165251,scr2002,avaStIn,bevFrtRoadLight
ES,h1986,0.37490315062475793,scr2002,avaStIn,bevFrtRoadLight
ES,h1987,0.37209330121313183,scr2002,avaStIn,bevFrtRoadLight
ES,h1988,0.3687310518290369,scr2002,avaStIn,bevFrtRoadLight
ES,h1989,0.35436309979864694,scr2002,avaStIn,bevFrtRoadLight
ES,h1990,0.31547818289481283,scr2002,avaStIn,bevFrtRoadLight
ES,h1991,0.2711299329995998,scr2002,avaStIn,bevFrtRoadLight
ES,h1992,0.23819116395917778,scr2002,avaStIn,bevFrtRoadLight
ES,h1993,0.2838819975995321,scr2002,avaStIn,bevFrtRoadLight
ES,h1994,0.34615260530650654,scr2002,avaStIn,bevFrtRoadLight
ES,h1995,0.41062930357596744,scr2002,avaStIn,bevFrtRoadLight
ES,h1996,0.43025623461050316,scr2002,avaStIn,bevFrtRoadLight
ES,h1997,0.4411964644145134,scr2002,avaStIn,bevFrtRoadLight
ES,h1998,0.4575110990130287,scr2002,avaStIn,bevFrtRoadLight
ES,h1999,0.4887175721771096,scr2002,avaStIn,bevFrtRoadLight
ES,h2000,0.5314509691002265,scr2002,avaStIn,bevFrtRoadLight
ES,h2001,0.5711878747561929,scr2002,avaStIn,bevFrtRoadLight
ES,h2002,0.5980939691710527,scr2002,avaStIn,bevFrtRoadLight
ES,h2003,0.6083940341958551,scr2002,avaStIn,bevFrtRoadLight
ES,h2004,0.6010568773540481,scr2002,avaStIn,bevFrtRoadLight
ES,h2005,0.5764247164288179,scr2002,avaStIn,bevFrtRoadLight
ES,h2006,0.5401459054358786,scr2002,avaStIn,bevFrtRoadLight
ES,h2007,0.498267279288436,scr2002,avaStIn,bevFrtRoadLight
ES,h2008,0.45741399074058336,scr2002,avaStIn,bevFrtRoadLight
ES,h2009,0.4247038687233236,scr2002,avaStIn,bevFrtRoadLight
ES,h2010,0.40701056815821773,scr2002,avaStIn,bevFrtRoadLight
ES,h2011,0.39935547044790937,scr2002,avaStIn,bevFrtRoadLight
ES,h2012,0.39425283601511846,scr2002,avaStIn,bevFrtRoadLight
ES,h2013,0.38098412389288266,scr2002,avaStIn,bevFrtRoadLight
ES,h2014,0.34977849440408665,scr2002,avaStIn,bevFrtRoadLight
ES,h2015,0.31230696624032034,scr2002,avaStIn,bevFrtRoadLight
ES,h2016,0.2821792829284124,scr2002,avaStIn,bevFrtRoadLight
ES,h2017,0.30728408946213276,scr2002,avaStIn,bevFrtRoadLight
ES,h2018,0.3366690539407247,scr2002,avaStIn,bevFrtRoadLight
ES,h2019,0.3665549648555027,scr2002,avaStIn,bevFrtRoadLight
ES,h2020,0.37457312120471836,scr2002,avaStIn,bevFrtRoadLight
ES,h2021,0.4026088526762965,scr2002,avaStIn,bevFrtRoadLight
ES,h2022,0.4464006143837668,scr2002,avaStIn,bevFrtRoadLight
ES,h2023,0.49730379205463177,scr2002,avaStIn,bevFrtRoadLight
ES,h2024,0.5420216950586383,scr2002,avaStIn,bevFrtRoadLight
ES,h2025,0.573695406852585,scr2002,avaStIn,bevFrtRoadLight
ES,h2026,0.5880342997851791,scr2002,avaStIn,bevFrtRoadLight
ES,h2027,0.5918947845476328,scr2002,avaStIn,bevFrtRoadLight
ES,h2028,0.5837522950091354,scr2002,avaStIn,bevFrtRoadLight
ES,h2029,0.5666300112283023,scr2002,avaStIn,bevFrtRoadLight
ES,h2030,0.5326460205473857,scr2002,avaStIn,bevFrtRoadLight
ES,h2031,0.4833414121950858,scr2002,avaStIn,bevFrtRoadLight
ES,h2032,0.42378005317644524,scr2002,avaStIn,bevFrtRoadLight
ES,h2033,0.36680643825444,scr2002,avaStIn,bevFrtRoadLight
ES,h2034,0.3385862408513282,scr2002,avaStIn,bevFrtRoadLight
ES,h2035,0.339812355790515,scr2002,avaStIn,bevFrtRoadLight
ES,h2036,0.36441505526272006,scr2002,avaStIn,bevFrtRoadLight
ES,h2037,0.3940700281021387,scr2002,avaStIn,bevFrtRoadLight
ES,h2038,0.41004419963965116,scr2002,avaStIn,bevFrtRoadLight
ES,h2039,0.4124475251422532,scr2002,avaStIn,bevFrtRoadLight
ES,h2040,0.39776718105759806,scr2002,avaStIn,bevFrtRoadLight
ES,h2041,0.38408024240902255,scr2002,avaStIn,bevFrtRoadLight
ES,h2042,0.3713604864215127,scr2002,avaStIn,bevFrtRoadLight
ES,h2043,0.3665549648555027,scr2002,avaStIn,bevFrtRoadLight
ES,h2044,0.37457312120471836,scr2002,avaStIn,bevFrtRoadLight
ES,h2045,0.4026088526762965,scr2002,avaStIn,bevFrtRoadLight
ES,h2046,0.4464006143837668,scr2002,avaStIn,bevFrtRoadLight
ES,h2047,0.49730379205463177,scr2002,avaStIn,bevFrtRoadLight
ES,h2048,0.5420216950586383,scr2002,avaStIn,bevFrtRoadLight
ES,h2049,0.573695406852585,scr2002,avaStIn,bevFrtRoadLight
ES,h2050,0.5880342997851791,scr2002,avaStIn,bevFrtRoadLight
ES,h2051,0.5918947845476328,scr2002,avaStIn,bevFrtRoadLight
ES,h2052,0.5837522950091354,scr2002,avaStIn,bevFrtRoadLight
ES,h2053,0.5666300112283023,scr2002,avaStIn,bevFrtRoadLight
ES,h2054,0.5326460205473857,scr2002,avaStIn,bevFrtRoadLight
ES,h2055,0.4833414121950858,scr2002,avaStIn,bevFrtRoadLight
ES,h2056,0.42378005317644524,scr2002,avaStIn,bevFrtRoadLight
ES,h2057,0.36680643825444,scr2002,avaStIn,bevFrtRoadLight
ES,h2058,0.3385862408513282,scr2002,avaStIn,bevFrtRoadLight
ES,h2059,0.339812355790515,scr2002,avaStIn,bevFrtRoadLight
ES,h2060,0.36441505526272006,scr2002,avaStIn,bevFrtRoadLight
ES,h2061,0.3940700281021387,scr2002,avaStIn,bevFrtRoadLight
ES,h2062,0.41004419963965116,scr2002,avaStIn,bevFrtRoadLight
ES,h2063,0.4124475251422532,scr2002,avaStIn,bevFrtRoadLight
ES,h2064,0.39776718105759806,scr2002,avaStIn,bevFrtRoadLight
ES,h2065,0.38408024240902255,scr2002,avaStIn,bevFrtRoadLight
ES,h2066,0.3713604864215127,scr2002,avaStIn,bevFrtRoadLight
ES,h2067,0.3665549648555027,scr2002,avaStIn,bevFrtRoadLight
ES,h2068,0.37457312120471836,scr2002,avaStIn,bevFrtRoadLight
ES,h2069,0.4026088526762965,scr2002,avaStIn,bevFrtRoadLight
ES,h2070,0.4464006143837668,scr2002,avaStIn,bevFrtRoadLight
ES,h2071,0.49730379205463177,scr2002,avaStIn,bevFrtRoadLight
ES,h2072,0.5420216950586383,scr2002,avaStIn,bevFrtRoadLight
ES,h2073,0.573695406852585,scr2002,avaStIn,bevFrtRoadLight
ES,h2074,0.5880342997851791,scr2002,avaStIn,bevFrtRoadLight
ES,h2075,0.5918947845476328,scr2002,avaStIn,bevFrtRoadLight
ES,h2076,0.5837522950091354,scr2002,avaStIn,bevFrtRoadLight
ES,h2077,0.5666300112283023,scr2002,avaStIn,bevFrtRoadLight
ES,h2078,0.5326460205473857,scr2002,avaStIn,bevFrtRoadLight
ES,h2079,0.4833414121950858,scr2002,avaStIn,bevFrtRoadLight
ES,h2080,0.42378005317644524,scr2002,avaStIn,bevFrtRoadLight
ES,h2081,0.36680643825444,scr2002,avaStIn,bevFrtRoadLight
ES,h2082,0.3385862408513282,scr2002,avaStIn,bevFrtRoadLight
ES,h2083,0.339812355790515,scr2002,avaStIn,bevFrtRoadLight
ES,h2084,0.36441505526272006,scr2002,avaStIn,bevFrtRoadLight
ES,h2085,0.3940700281021387,scr2002,avaStIn,bevFrtRoadLight
ES,h2086,0.41004419963965116,scr2002,avaStIn,bevFrtRoadLight
ES,h2087,0.4124475251422532,scr2002,avaStIn,bevFrtRoadLight
ES,h2088,0.39776718105759806,scr2002,avaStIn,bevFrtRoadLight
ES,h2089,0.38408024240902255,scr2002,avaStIn,bevFrtRoadLight
ES,h2090,0.3713604864215127,scr2002,avaStIn,bevFrtRoadLight
ES,h2091,0.3665549648555027,scr2002,avaStIn,bevFrtRoadLight
ES,h2092,0.37457312120471836,scr2002,avaStIn,bevFrtRoadLight
ES,h2093,0.4026088526762965,scr2002,avaStIn,bevFrtRoadLight
ES,h2094,0.4464006143837668,scr2002,avaStIn,bevFrtRoadLight
ES,h2095,0.49730379205463177,scr2002,avaStIn,bevFrtRoadLight
ES,h2096,0.5420216950586383,scr2002,avaStIn,bevFrtRoadLight
ES,h2097,0.573695406852585,scr2002,avaStIn,bevFrtRoadLight
ES,h2098,0.5880342997851791,scr2002,avaStIn,bevFrtRoadLight
ES,h2099,0.5918947845476328,scr2002,avaStIn,bevFrtRoadLight
ES,h2100,0.5837522950091354,scr2002,avaStIn,bevFrtRoadLight
ES,h2101,0.5666300112283023,scr2002,avaStIn,bevFrtRoadLight
ES,h2102,0.5326460205473857,scr2002,avaStIn,bevFrtRoadLight
ES,h2103,0.4833414121950858,scr2002,avaStIn,bevFrtRoadLight
ES,h2104,0.42378005317644524,scr2002,avaStIn,bevFrtRoadLight
ES,h2105,0.36680643825444,scr2002,avaStIn,bevFrtRoadLight
ES,h2106,0.3385862408513282,scr2002,avaStIn,bevFrtRoadLight
ES,h2107,0.339812355790515,scr2002,avaStIn,bevFrtRoadLight
ES,h2108,0.36441505526272006,scr2002,avaStIn,bevFrtRoadLight
ES,h2109,0.3940700281021387,scr2002,avaStIn,bevFrtRoadLight
ES,h2110,0.41004419963965116,scr2002,avaStIn,bevFrtRoadLight
ES,h2111,0.4124475251422532,scr2002,avaStIn,bevFrtRoadLight
ES,h2112,0.39776718105759806,scr2002,avaStIn,bevFrtRoadLight
ES,h2113,0.421542285931867,scr2002,avaStIn,bevFrtRoadLight
ES,h2114,0.44561523253946517,scr2002,avaStIn,bevFrtRoadLight
ES,h2115,0.468908849399498,scr2002,avaStIn,bevFrtRoadLight
ES,h2116,0.46068018285773754,scr2002,avaStIn,bevFrtRoadLight
ES,h2117,0.45988090081913563,scr2002,avaStIn,bevFrtRoadLight
ES,h2118,0.4737368201055387,scr2002,avaStIn,bevFrtRoadLight
ES,h2119,0.4983746606784924,scr2002,avaStIn,bevFrtRoadLight
ES,h2120,0.5249322712656335,scr2002,avaStIn,bevFrtRoadLight
ES,h2121,0.5295524702973697,scr2002,avaStIn,bevFrtRoadLight
ES,h2122,0.5237384833973735,scr2002,avaStIn,bevFrtRoadLight
ES,h2123,0.5174622200767283,scr2002,avaStIn,bevFrtRoadLight
ES,h2124,0.5202231448594441,scr2002,avaStIn,bevFrtRoadLight
ES,h2125,0.5168074572603818,scr2002,avaStIn,bevFrtRoadLight
ES,h2126,0.48810879184614037,scr2002,avaStIn,bevFrtRoadLight
ES,h2127,0.44015010600961973,scr2002,avaStIn,bevFrtRoadLight
ES,h2128,0.37518100286779815,scr2002,avaStIn,bevFrtRoadLight
ES,h2129,0.31847387333566995,scr2002,avaStIn,bevFrtRoadLight
ES,h2130,0.28854963166818687,scr2002,avaStIn,bevFrtRoadLight
ES,h2131,0.29504301452181586,scr2002,avaStIn,bevFrtRoadLight
ES,h2132,0.33623502737614014,scr2002,avaStIn,bevFrtRoadLight
ES,h2133,0.39052576784688725,scr2002,avaStIn,bevFrtRoadLight
ES,h2134,0.4405757953478315,scr2002,avaStIn,bevFrtRoadLight
ES,h2135,0.47381210720889594,scr2002,avaStIn,bevFrtRoadLight
ES,h2136,0.4995552626921462,scr2002,avaStIn,bevFrtRoadLight
ES,h2137,0.5006979269249345,scr2002,avaStIn,bevFrtRoadLight
ES,h2138,0.4923438495912326,scr2002,avaStIn,bevFrtRoadLight
ES,h2139,0.468908849399498,scr2002,avaStIn,bevFrtRoadLight
ES,h2140,0.46068018285773754,scr2002,avaStIn,bevFrtRoadLight
ES,h2141,0.45988090081913563,scr2002,avaStIn,bevFrtRoadLight
ES,h2142,0.4737368201055387,scr2002,avaStIn,bevFrtRoadLight
ES,h2143,0.4983746606784924,scr2002,avaStIn,bevFrtRoadLight
ES,h2144,0.5249322712656335,scr2002,avaStIn,bevFrtRoadLight
ES,h2145,0.5295524702973697,scr2002,avaStIn,bevFrtRoadLight
ES,h2146,0.5237384833973735,scr2002,avaStIn,bevFrtRoadLight
ES,h2147,0.5174622200767283,scr2002,avaStIn,bevFrtRoadLight
ES,h2148,0.5202231448594441,scr2002,avaStIn,bevFrtRoadLight
ES,h2149,0.5168074572603818,scr2002,avaStIn,bevFrtRoadLight
ES,h2150,0.48810879184614037,scr2002,avaStIn,bevFrtRoadLight
ES,h2151,0.44015010600961973,scr2002,avaStIn,bevFrtRoadLight
ES,h2152,0.37518100286779815,scr2002,avaStIn,bevFrtRoadLight
ES,h2153,0.31847387333566995,scr2002,avaStIn,bevFrtRoadLight
ES,h2154,0.28854963166818687,scr2002,avaStIn,bevFrtRoadLight
ES,h2155,0.29504301452181586,scr2002,avaStIn,bevFrtRoadLight
ES,h2156,0.33623502737614014,scr2002,avaStIn,bevFrtRoadLight
ES,h2157,0.39052576784688725,scr2002,avaStIn,bevFrtRoadLight
ES,h2158,0.4405757953478315,scr2002,avaStIn,bevFrtRoadLight
ES,h2159,0.47381210720889594,scr2002,avaStIn,bevFrtRoadLight
ES,h2160,0.4995552626921462,scr2002,avaStIn,bevFrtRoadLight
DK,h1441,0.3714353995574986,scr2002,avaStIn,bevFrtRoadLight
DK,h1442,0.3846086524108919,scr2002,avaStIn,bevFrtRoadLight
DK,h1443,0.42374952391826404,scr2002,avaStIn,bevFrtRoadLight
DK,h1444,0.4709102315761218,scr2002,avaStIn,bevFrtRoadLight
DK,h1445,0.5000591446961408,scr2002,avaStIn,bevFrtRoadLight
DK,h1446,0.495233345157142,scr2002,avaStIn,bevFrtRoadLight
DK,h1447,0.5008043596015219,scr2002,avaStIn,bevFrtRoadLight
DK,h1448,0.5021789974738545,scr2002,avaStIn,bevFrtRoadLight
DK,h1449,0.5231874460949842,scr2002,avaStIn,bevFrtRoadLight
DK,h1450,0.5308529822226913,scr2002,avaStIn,bevFrtRoadLight
DK,h1451,0.536356959269228,scr2002,avaStIn,bevFrtRoadLight
DK,h1452,0.5373881561276749,scr2002,avaStIn,bevFrtRoadLight
DK,h1453,0.5288075990651915,scr2002,avaStIn,bevFrtRoadLight
DK,h1454,0.5095709286669997,scr2002,avaStIn,bevFrtRoadLight
DK,h1455,0.473753550931062,scr2002,avaStIn,bevFrtRoadLight
DK,h1456,0.4304466538396563,scr2002,avaStIn,bevFrtRoadLight
DK,h1457,0.3826879992214788,scr2002,avaStIn,bevFrtRoadLight
DK,h1458,0.35009603390058996,scr2002,avaStIn,bevFrtRoadLight
DK,h1459,0.3349394292024723,scr2002,avaStIn,bevFrtRoadLight
DK,h1460,0.34869160218954365,scr2002,avaStIn,bevFrtRoadLight
DK,h1461,0.36780057797615695,scr2002,avaStIn,bevFrtRoadLight
DK,h1462,0.38682791024436847,scr2002,avaStIn,bevFrtRoadLight
DK,h1463,0.3912979680884232,scr2002,avaStIn,bevFrtRoadLight
DK,h1464,0.3985938980480803,scr2002,avaStIn,bevFrtRoadLight
DK,h1465,0.38540755881640665,scr2002,avaStIn,bevFrtRoadLight
DK,h1466,0.39834418280524153,scr2002,avaStIn,bevFrtRoadLight
DK,h1467,0.42374952391826404,scr2002,avaStIn,bevFrtRoadLight
DK,h1468,0.4709102315761218,scr2002,avaStIn,bevFrtRoadLight
DK,h1469,0.5000591446961408,scr2002,avaStIn,bevFrtRoadLight
DK,h1470,0.495233345157142,scr2002,avaStIn,bevFrtRoadLight
DK,h1471,0.5008043596015219,scr2002,avaStIn,bevFrtRoadLight
DK,h1472,0.5021789974738545,scr2002,avaStIn,bevFrtRoadLight
DK,h1473,0.5231874460949842,scr2002,avaStIn,bevFrtRoadLight
DK,h1474,0.5308529822226913,scr2002,avaStIn,bevFrtRoadLight
DK,h1475,0.536356959269228,scr2002,avaStIn,bevFrtRoadLight
DK,h1476,0.5373881561276749,scr2002,avaStIn,bevFrtRoadLight
DK,h1477,0.5288075990651915,scr2002,avaStIn,bevFrtRoadLight
DK,h1478,0.5095709286669997,scr2002,avaStIn,bevFrtRoadLight
DK,h1479,0.473753550931062,scr2002,avaStIn,bevFrtRoadLight
DK,h1480,0.4304466538396563,scr2002,avaStIn,bevFrtRoadLight
DK,h1481,0.3826879992214788,scr2002,avaStIn,bevFrtRoadLight
DK,h1482,0.35009603390058996,scr2002,avaStIn,bevFrtRoadLight
DK,h1483,0.3349394292024723,scr2002,avaStIn,bevFrtRoadLight
DK,h1484,0.34869160218954365,scr2002,avaStIn,bevFrtRoadLight
DK,h1485,0.36780057797615695,scr2002,avaStIn,bevFrtRoadLight
DK,h1486,0.38682791024436847,scr2002,avaStIn,bevFrtRoadLight
DK,h1487,0.3912979680884232,scr2002,avaStIn,bevFrtRoadLight
DK,h1488,0.3985938980480803,scr2002,avaStIn,bevFrtRoadLight
DK,h1489,0.4174388969205469,scr2002,avaStIn,bevFrtRoadLight
DK,h1490,0.4439543832070485,scr2002,avaStIn,bevFrtRoadLight
DK,h1491,0.464238846132911,scr2002,avaStIn,bevFrtRoadLight
DK,h1492,0.4692993118565085,scr2002,avaStIn,bevFrtRoadLight
DK,h1493,0.4647572130501477,scr2002,avaStIn,bevFrtRoadLight
DK,h1494,0.4606421333392813,scr2002,avaStIn,bevFrtRoadLight
DK,h1495,0.4606294501381404,scr2002,avaStIn,bevFrtRoadLight
DK,h1496,0.4771202000278558,scr2002,avaStIn,bevFrtRoadLight
DK,h1497,0.4942956004519071,scr2002,avaStIn,bevFrtRoadLight
DK,h1498,0.5099123823053463,scr2002,avaStIn,bevFrtRoadLight
DK,h1499,0.5161038254350148,scr2002,avaStIn,bevFrtRoadLight
DK,h1500,0.5219276355822776,scr2002,avaStIn,bevFrtRoadLight
DK,h1501,0.5234247828552905,scr2002,avaStIn,bevFrtRoadLight
DK,h1502,0.515666896351518,scr2002,avaStIn,bevFrtRoadLight
DK,h1503,0.4904757420921084,scr2002,avaStIn,bevFrtRoadLight
DK,h1504,0.4511048686615209,scr2002,avaStIn,bevFrtRoadLight
DK,h1505,0.401719554609377,scr2002,avaStIn,bevFrtRoadLight
DK,h1506,0.362910361244157,scr2002,avaStIn,bevFrtRoadLight
DK,h1507,0.3472619056461236,scr2002,avaStIn,bevFrtRoadLight
DK,h1508,0.35727079588328314,scr2002,avaStIn,bevFrtRoadLight
DK,h1509,0.378468834507535,scr2002,avaStIn,bevFrtRoadLight
DK,h1510,0.39319028121074384,scr2002,avaStIn,bevFrtRoadLight
DK,h1511,0.3959422870730802,scr2002,avaStIn,bevFrtRoadLight
DK,h1512,0.3854887711962275,scr2002,avaStIn,bevFrtRoadLight
DK,h1513,0.42769853598926943,scr2002,avaStIn,bevFrtRoadLight
DK,h1514,0.46444116177482064,scr2002,avaStIn,bevFrtRoadLight
DK,h1515,0.5002557267591349,scr2002,avaStIn,bevFrtRoadLight
DK,h1516,0.4779833592811431,scr2002,avaStIn,bevFrtRoadLight
DK,h1517,0.45518876455881485,scr2002,avaStIn,bevFrtRoadLight
DK,h1518,0.43596244051473665,scr2002,avaStIn,bevFrtRoadLight
DK,h1519,0.4287672948543091,scr2002,avaStIn,bevFrtRoadLight
DK,h1520,0.4310449118345231,scr2002,avaStIn,bevFrtRoadLight
DK,h1521,0.43651906754470926,scr2002,avaStIn,bevFrtRoadLight
DK,h1522,0.42784196327677315,scr2002,avaStIn,bevFrtRoadLight
DK,h1523,0.40165285769436365,scr2002,avaStIn,bevFrtRoadLight
DK,h1524,0.3554492048303812,scr2002,avaStIn,bevFrtRoadLight
DK,h1525,0.30743387757687923,scr2002,avaStIn,bevFrtRoadLight
DK,h1526,0.278936309503648,scr2002,avaStIn,bevFrtRoadLight
DK,h1527,0.28525649117608465,scr2002,avaStIn,bevFrtRoadLight
DK,h1528,0.33100477113297455,scr2002,avaStIn,bevFrtRoadLight
DK,h1529,0.3951643597987161,scr2002,avaStIn,bevFrtRoadLight
DK,h1530,0.46644985491696445,scr2002,avaStIn,bevFrtRoadLight
DK,h1531,0.5302489042156142,scr2002,avaStIn,bevFrtRoadLight
DK,h1532,0.5770673902258092,scr2002,avaStIn,bevFrtRoadLight
DK,h1533,0.5986769755958498,scr2002,avaStIn,bevFrtRoadLight
DK,h1534,0.6016883948095747,scr2002,avaStIn,bevFrtRoadLight
DK,h1535,0.5924055260109063,scr2002,avaStIn,bevFrtRoadLight
DK,h1536,0.5774847836798132,scr2002,avaStIn,bevFrtRoadLight
DK,h1537,0.5517773619954187,scr2002,avaStIn,bevFrtRoadLight
DK,h1538,0.5248358437172166,scr2002,avaStIn,bevFrtRoadLight
DK,h1539,0.5002557267591349,scr2002,avaStIn,bevFrtRoadLight
DK,h1540,0.4779833592811431,scr2002,avaStIn,bevFrtRoadLight
DK,h1541,0.45518876455881485,scr2002,avaStIn,bevFrtRoadLight
DK,h1542,0.43596244051473665,scr2002,avaStIn,bevFrtRoadLight
DK,h1543,0.4287672948543091,scr2002,avaStIn,bevFrtRoadLight
DK,h1544,0.4310449118345231,scr2002,avaStIn,bevFrtRoadLight
DK,h1545,0.43651906754470926,scr2002,avaStIn,bevFrtRoadLight
DK,h1546,0.42784196327677315,scr2002,avaStIn,bevFrtRoadLight
DK,h1547,0.40165285769436365,scr2002,avaStIn,bevFrtRoadLight
DK,h1548,0.3554492048303812,scr2002,avaStIn,bevFrtRoadLight
DK,h1549,0.30743387757687923,scr2002,avaStIn,bevFrtRoadLight
DK,h1550,0.278936309503648,scr2002,avaStIn,bevFrtRoadLight
DK,h1551,0.28525649117608465,scr2002,avaStIn,bevFrtRoadLight
DK,h1552,0.33100477113297455,scr2002,avaStIn,bevFrtRoadLight
DK,h1553,0.3951643597987161,scr2002,avaStIn,bevFrtRoadLight
DK,h1554,0.46644985491696445,scr2002,avaStIn,bevFrtRoadLight
DK,h1555,0.5302489042156142,scr2002,avaStIn,bevFrtRoadLight
DK,h1556,0.5770673902258092,scr2002,avaStIn,bevFrtRoadLight
DK,h1557,0.5986769755958498,scr2002,avaStIn,bevFrtRoadLight
DK,h1558,0.6016883948095747,scr2002,avaStIn,bevFrtRoadLight
DK,h1559,0.5924055260109063,scr2002,avaStIn,bevFrtRoadLight
DK,h1560,0.5774847836798132,scr2002,avaStIn,bevFrtRoadLight
DK,h1561,0.5517773619954187,scr2002,avaStIn,bevFrtRoadLight
DK,h1562,0.5248358437172166,scr2002,avaStIn,bevFrtRoadLight
DK,h1563,0.5002557267591349,scr2002,avaStIn,bevFrtRoadLight
DK,h1564,0.4779833592811431,scr2002,avaStIn,bevFrtRoadLight
DK,h1565,0.45518876455881485,scr2002,avaStIn,bevFrtRoadLight
DK,h1566,0.43596244051473665,scr2002,avaStIn,bevFrtRoadLight
DK,h1567,0.4287672948543091,scr2002,avaStIn,bevFrtRoadLight
DK,h1568,0.4310449118345231,scr2002,avaStIn,bevFrtRoadLight
DK,h1569,0.43651906754470926,scr2002,avaStIn,bevFrtRoadLight
DK,h1570,0.42784196327677315,scr2002,avaStIn,bevFrtRoadLight
DK,h1571,0.40165285769436365,scr2002,avaStIn,bevFrtRoadLight
DK,h1572,0.3554492048303812,scr2002,avaStIn,bevFrtRoadLight
DK,h1573,0.30743387757687923,scr2002,avaStIn,bevFrtRoadLight
DK,h1574,0.278936309503648,scr2002,avaStIn,bevFrtRoadLight
DK,h1575,0.28525649117608465,scr2002,avaStIn,bevFrtRoadLight
DK,h1576,0.33100477113297455,scr2002,avaStIn,bevFrtRoadLight
DK,h1577,0.3951643597987161,scr2002,avaStIn,bevFrtRoadLight
DK,h1578,0.46644985491696445,scr2002,avaStIn,bevFrtRoadLight
DK,h1579,0.5302489042156142,scr2002,avaStIn,bevFrtRoadLight
DK,h1580,0.5770673902258092,scr2002,avaStIn,bevFrtRoadLight
DK,h1581,0.5986769755958498,scr2002,avaStIn,bevFrtRoadLight
DK,h1582,0.6016883948095747,scr2002,avaStIn,bevFrtRoadLight
DK,h1583,0.5924055260109063,scr2002,avaStIn,bevFrtRoadLight
DK,h1584,0.5774847836798132,scr2002,avaStIn,bevFrtRoadLight
DK,h1585,0.5517773619954187,scr2002,avaStIn,bevFrtRoadLight
DK,h1586,0.5248358437172166,scr2002,avaStIn,bevFrtRoadLight
DK,h1587,0.5002557267591349,scr2002,avaStIn,bevFrtRoadLight
DK,h1588,0.4779833592811431,scr2002,avaStIn,bevFrtRoadLight
DK,h1589,0.45518876455881485,scr2002,avaStIn,bevFrtRoadLight
DK,h1590,0.43596244051473665,scr2002,avaStIn,bevFrtRoadLight
DK,h1591,0.4287672948543091,scr2002,avaStIn,bevFrtRoadLight
DK,h1592,0.4310449118345231,scr2002,avaStIn,bevFrtRoadLight
DK,h1593,0.43651906754470926,scr2002,avaStIn,bevFrtRoadLight
DK,h1594,0.42784196327677315,scr2002,avaStIn,bevFrtRoadLight
DK,h1595,0.40165285769436365,scr2002,avaStIn,bevFrtRoadLight
DK,h1596,0.3554492048303812,scr2002,avaStIn,bevFrtRoadLight
DK,h1597,0.30743387757687923,scr2002,avaStIn,bevFrtRoadLight
DK,h1598,0.278936309503648,scr2002,avaStIn,bevFrtRoadLight
DK,h1599,0.28525649117608465,scr2002,avaStIn,bevFrtRoadLight
DK,h1600,0.33100477113297455,scr2002,avaStIn,bevFrtRoadLight
DK,h1601,0.3951643597987161,scr2002,avaStIn,bevFrtRoadLight
DK,h1602,0.46644985491696445,scr2002,avaStIn,bevFrtRoadLight
DK,h1603,0.5302489042156142,scr2002,avaStIn,bevFrtRoadLight
DK,h1604,0.5770673902258092,scr2002,avaStIn,bevFrtRoadLight
DK,h1605,0.5986769755958498,scr2002,avaStIn,bevFrtRoadLight
DK,h1606,0.6016883948095747,scr2002,avaStIn,bevFrtRoadLight
DK,h1607,0.5924055260109063,scr2002,avaStIn,bevFrtRoadLight
DK,h1608,0.5774847836798132,scr2002,avaStIn,bevFrtRoadLight
DK,h1609,0.5399833096273894,scr2002,avaStIn,bevFrtRoadLight
DK,h1610,0.5020113380135911,scr2002,avaStIn,bevFrtRoadLight
DK,h1611,0.4635722307063156,scr2002,avaStIn,bevFrtRoadLight
DK,h1612,0.4380348659574729,scr2002,avaStIn,bevFrtRoadLight
DK,h1613,0.40762124803256283,scr2002,avaStIn,bevFrtRoadLight
DK,h1614,0.37888830724468336,scr2002,avaStIn,bevFrtRoadLight
DK,h1615,0.36958381422293585,scr2002,avaStIn,bevFrtRoadLight
DK,h1616,0.37840208488783933,scr2002,avaStIn,bevFrtRoadLight
DK,h1617,0.40312593459237533,scr2002,avaStIn,bevFrtRoadLight
DK,h1618,0.41362439373824145,scr2002,avaStIn,bevFrtRoadLight
DK,h1619,0.4028461315685412,scr2002,avaStIn,bevFrtRoadLight
DK,h1620,0.3603437041144123,scr2002,avaStIn,bevFrtRoadLight
DK,h1621,0.300735364069155,scr2002,avaStIn,bevFrtRoadLight
DK,h1622,0.24177370465061954,scr2002,avaStIn,bevFrtRoadLight
DK,h1623,0.21970614560615676,scr2002,avaStIn,bevFrtRoadLight
DK,h1624,0.25508395733229006,scr2002,avaStIn,bevFrtRoadLight
DK,h1625,0.34767139096765254,scr2002,avaStIn,bevFrtRoadLight
DK,h1626,0.45228041046836875,scr2002,avaStIn,bevFrtRoadLight
DK,h1627,0.5341134302691986,scr2002,avaStIn,bevFrtRoadLight
DK,h1628,0.5851656457268322,scr2002,avaStIn,bevFrtRoadLight
DK,h1629,0.6079565962864942,scr2002,avaStIn,bevFrtRoadLight
DK,h1630,0.6088378322847627,scr2002,avaStIn,bevFrtRoadLight
DK,h1631,0.5862547005889717,scr2002,avaStIn,bevFrtRoadLight
DK,h1632,0.5503272305028044,scr2002,avaStIn,bevFrtRoadLight
DK,h1633,0.5157882800473498,scr2002,avaStIn,bevFrtRoadLight
DK,h1634,0.4876212160339364,scr2002,avaStIn,bevFrtRoadLight
DK,h1635,0.4635722307063156,scr2002,avaStIn,bevFrtRoadLight
DK,h1636,0.4380348659574729,scr2002,avaStIn,bevFrtRoadLight
DK,h1637,0.40762124803256283,scr2002,avaStIn,bevFrtRoadLight
DK,h1638,0.37888830724468336,scr2002,avaStIn,bevFrtRoadLight
DK,h1639,0.36958381422293585,scr2002,avaStIn,bevFrtRoadLight
DK,h1640,0.37840208488783933,scr2002,avaStIn,bevFrtRoadLight
DK,h1641,0.40312593459237533,scr2002,avaStIn,bevFrtRoadLight
DK,h1642,0.41362439373824145,scr2002,avaStIn,bevFrtRoadLight
DK,h1643,0.4028461315685412,scr2002,avaStIn,bevFrtRoadLight
DK,h1644,0.3603437041144123,scr2002,avaStIn,bevFrtRoadLight
DK,h1645,0.300735364069155,scr2002,avaStIn,bevFrtRoadLight
DK,h1646,0.24177370465061954,scr2002,avaStIn,bevFrtRoadLight
DK,h1647,0.21970614560615676,scr2002,avaStIn,bevFrtRoadLight
DK,h1648,0.25508395733229006,scr2002,avaStIn,bevFrtRoadLight
DK,h1649,0.34767139096765254,scr2002,avaStIn,bevFrtRoadLight
DK,h1650,0.45228041046836875,scr2002,avaStIn,bevFrtRoadLight
DK,h1651,0.5341134302691986,scr2002,avaStIn,bevFrtRoadLight
DK,h1652,0.5851656457268322,scr2002,avaStIn,bevFrtRoadLight
DK,h1653,0.6079565962864942,scr2002,avaStIn,bevFrtRoadLight
DK,h1654,0.6088378322847627,scr2002,avaStIn,bevFrtRoadLight
DK,h1655,0.5862547005889717,scr2002,avaStIn,bevFrtRoadLight
DK,h1656,0.5503272305028044,scr2002,avaStIn,bevFrtRoadLight
DK,h1657,0.5277989482493217,scr2002,avaStIn,bevFrtRoadLight
DK,h1658,0.5107010378978177,scr2002,avaStIn,bevFrtRoadLight
DK,h1659,0.5002557267591349,scr2002,avaStIn,bevFrtRoadLight
DK,h1660,0.4779833592811431,scr2002,avaStIn,bevFrtRoadLight
DK,h1661,0.45518876455881485,scr2002,avaStIn,bevFrtRoadLight
DK,h1662,0.43596244051473665,scr2002,avaStIn,bevFrtRoadLight
DK,h1663,0.4287672948543091,scr2002,avaStIn,bevFrtRoadLight
DK,h1664,0.4310449118345231,scr2002,avaStIn,bevFrtRoadLight
DK,h1665,0.43651906754470926,scr2002,avaStIn,bevFrtRoadLight
DK,h1666,0.42784196327677315,scr2002,avaStIn,bevFrtRoadLight
DK,h1667,0.40165285769436365,scr2002,avaStIn,bevFrtRoadLight
DK,h1668,0.3554492048303812,scr2002,avaStIn,bevFrtRoadLight
DK,h1669,0.30743387757687923,scr2002,avaStIn,bevFrtRoadLight
DK,h1670,0.278936309503648,scr2002,avaStIn,bevFrtRoadLight
DK,h1671,0.28525649117608465,scr2002,avaStIn,bevFrtRoadLight
DK,h1672,0.33100477113297455,scr2002,avaStIn,bevFrtRoadLight
DK,h1673,0.3951643597987161,scr2002,avaStIn,bevFrtRoadLight
DK,h1674,0.46644985491696445,scr2002,avaStIn,bevFrtRoadLight
DK,h1675,0.5302489042156142,scr2002,avaStIn,bevFrtRoadLight
DK,h1676,0.5770673902258092,scr2002,avaStIn,bevFrtRoadLight
DK,h1677,0.5986769755958498,scr2002,avaStIn,bevFrtRoadLight
DK,h1678,0.6016883948095747,scr2002,avaStIn,bevFrtRoadLight
DK,h1679,0.5924055260109063,scr2002,avaStIn,bevFrtRoadLight
DK,h1680,0.5774847836798132,scr2002,avaStIn,bevFrtRoadLight
DK,h1681,0.5517773619954187,scr2002,avaStIn,bevFrtRoadLight
DK,h1682,0.5248358437172166,scr2002,avaStIn,bevFrtRoadLight
DK,h1683,0.5002557267591349,scr2002,avaStIn,bevFrtRoadLight
DK,h1684,0.4779833592811431,scr2002,avaStIn,bevFrtRoadLight
DK,h1685,0.45518876455881485,scr2002,avaStIn,bevFrtRoadLight
DK,h1686,0.43596244051473665,scr2002,avaStIn,bevFrtRoadLight
DK,h1687,0.4287672948543091,scr2002,avaStIn,bevFrtRoadLight
DK,h1688,0.4310449118345231,scr2002,avaStIn,bevFrtRoadLight
DK,h1689,0.43651906754470926,scr2002,avaStIn,bevFrtRoadLight
DK,h1690,0.42784196327677315,scr2002,avaStIn,bevFrtRoadLight
DK,h1691,0.40165285769436365,scr2002,avaStIn,bevFrtRoadLight
DK,h1692,0.3554492048303812,scr2002,avaStIn,bevFrtRoadLight
DK,h1693,0.30743387757687923,scr2002,avaStIn,bevFrtRoadLight
DK,h1694,0.278936309503648,scr2002,avaStIn,bevFrtRoadLight
DK,h1695,0.28525649117608465,scr2002,avaStIn,bevFrtRoadLight
DK,h1696,0.33100477113297455,scr2002,avaStIn,bevFrtRoadLight
DK,h1697,0.3951643597987161,scr2002,avaStIn,bevFrtRoadLight
DK,h1698,0.46644985491696445,scr2002,avaStIn,bevFrtRoadLight
DK,h1699,0.5302489042156142,scr2002,avaStIn,bevFrtRoadLight
DK,h1700,0.5770673902258092,scr2002,avaStIn,bevFrtRoadLight
DK,h1701,0.5986769755958498,scr2002,avaStIn,bevFrtRoadLight
DK,h1702,0.6016883948095747,scr2002,avaStIn,bevFrtRoadLight
DK,h1703,0.5924055260109063,scr2002,avaStIn,bevFrtRoadLight
DK,h1704,0.5774847836798132,scr2002,avaStIn,bevFrtRoadLight
DK,h1705,0.509038057831711,scr2002,avaStIn,bevFrtRoadLight
DK,h1706,0.45316073221470254,scr2002,avaStIn,bevFrtRoadLight
DK,h1707,0.4106293035759673,scr2002,avaStIn,bevFrtRoadLight
DK,h1708,0.4302562346105031,scr2002,avaStIn,bevFrtRoadLight
DK,h1709,0.4411964644145132,scr2002,avaStIn,bevFrtRoadLight
DK,h1710,0.45751109901302867,scr2002,avaStIn,bevFrtRoadLight
DK,h1711,0.48871757217710954,scr2002,avaStIn,bevFrtRoadLight
DK,h1712,0.5314509691002262,scr2002,avaStIn,bevFrtRoadLight
DK,h1713,0.5711878747561929,scr2002,avaStIn,bevFrtRoadLight
DK,h1714,0.5980939691710526,scr2002,avaStIn,bevFrtRoadLight
DK,h1715,0.608394034195855,scr2002,avaStIn,bevFrtRoadLight
DK,h1716,0.6010568773540479,scr2002,avaStIn,bevFrtRoadLight
DK,h1717,0.5764247164288175,scr2002,avaStIn,bevFrtRoadLight
DK,h1718,0.5401459054358786,scr2002,avaStIn,bevFrtRoadLight
DK,h1719,0.4982672792884357,scr2002,avaStIn,bevFrtRoadLight
DK,h1720,0.4574139907405833,scr2002,avaStIn,bevFrtRoadLight
DK,h1721,0.42470386872332366,scr2002,avaStIn,bevFrtRoadLight
DK,h1722,0.4070105681582177,scr2002,avaStIn,bevFrtRoadLight
DK,h1723,0.3993554704479094,scr2002,avaStIn,bevFrtRoadLight
DK,h1724,0.3942528360151184,scr2002,avaStIn,bevFrtRoadLight
DK,h1725,0.3809841238928826,scr2002,avaStIn,bevFrtRoadLight
DK,h1726,0.3497784944040866,scr2002,avaStIn,bevFrtRoadLight
DK,h1727,0.3123069662403203,scr2002,avaStIn,bevFrtRoadLight
DK,h1728,0.2821792829284123,scr2002,avaStIn,bevFrtRoadLight
DK,h1729,0.3106843918239848,scr2002,avaStIn,bevFrtRoadLight
DK,h1730,0.35866299968064763,scr2002,avaStIn,bevFrtRoadLight
DK,h1731,0.4106293035759673,scr2002,avaStIn,bevFrtRoadLight
DK,h1732,0.4302562346105031,scr2002,avaStIn,bevFrtRoadLight
DK,h1733,0.4411964644145132,scr2002,avaStIn,bevFrtRoadLight
DK,h1734,0.45751109901302867,scr2002,avaStIn,bevFrtRoadLight
DK,h1735,0.48871757217710954,scr2002,avaStIn,bevFrtRoadLight
DK,h1736,0.5314509691002262,scr2002,avaStIn,bevFrtRoadLight
DK,h1737,0.5711878747561929,scr2002,avaStIn,bevFrtRoadLight
DK,h1738,0.5980939691710526,scr2002,avaStIn,bevFrtRoadLight
DK,h1739,0.608394034195855,scr2002,avaStIn,bevFrtRoadLight
DK,h1740,0.6010568773540479,scr2002,avaStIn,bevFrtRoadLight
DK,h1741,0.5764247164288175,scr2002,avaStIn,bevFrtRoadLight
DK,h1742,0.5401459054358786,scr2002,avaStIn,bevFrtRoadLight
DK,h1743,0.4982672792884357,scr2002,avaStIn,bevFrtRoadLight
DK,h1744,0.4574139907405833,scr2002,avaStIn,bevFrtRoadLight
DK,h1745,0.42470386872332366,scr2002,avaStIn,bevFrtRoadLight
DK,h1746,0.4070105681582177,scr2002,avaStIn,bevFrtRoadLight
DK,h1747,0.3993554704479094,scr2002,avaStIn,bevFrtRoadLight
DK,h1748,0.3942528360151184,scr2002,avaStIn,bevFrtRoadLight
DK,h1749,0.3809841238928826,scr2002,avaStIn,bevFrtRoadLight
DK,h1750,0.3497784944040866,scr2002,avaStIn,bevFrtRoadLight
DK,h1751,0.3123069662403203,scr2002,avaStIn,bevFrtRoadLight
DK,h1752,0.2821792829284123,scr2002,avaStIn,bevFrtRoadLight
DK,h1753,0.3106843918239848,scr2002,avaStIn,bevFrtRoadLight
DK,h1754,0.35866299968064763,scr2002,avaStIn,bevFrtRoadLight
DK,h1755,0.4106293035759673,scr2002,avaStIn,bevFrtRoadLight
DK,h1756,0.4302562346105031,scr2002,avaStIn,bevFrtRoadLight
DK,h1757,0.4411964644145132,scr2002,avaStIn,bevFrtRoadLight
DK,h1758,0.45751109901302867,scr2002,avaStIn,bevFrtRoadLight
DK,h1759,0.48871757217710954,scr2002,avaStIn,bevFrtRoadLight
DK,h1760,0.5314509691002262,scr2002,avaStIn,bevFrtRoadLight
DK,h1761,0.5711878747561929,scr2002,avaStIn,bevFrtRoadLight
DK,h1762,0.5980939691710526,scr2002,avaStIn,bevFrtRoadLight
DK,h1763,0.608394034195855,scr2002,avaStIn,bevFrtRoadLight
DK,h1764,0.6010568773540479,scr2002,avaStIn,bevFrtRoadLight
DK,h1765,0.5764247164288175,scr2002,avaStIn,bevFrtRoadLight
DK,h1766,0.5401459054358786,scr2002,avaStIn,bevFrtRoadLight
DK,h1767,0.4982672792884357,scr2002,avaStIn,bevFrtRoadLight
DK,h1768,0.4574139907405833,scr2002,avaStIn,bevFrtRoadLight
DK,h1769,0.42470386872332366,scr2002,avaStIn,bevFrtRoadLight
DK,h1770,0.4070105681582177,scr2002,avaStIn,bevFrtRoadLight
DK,h1771,0.3993554704479094,scr2002,avaStIn,bevFrtRoadLight
DK,h1772,0.3942528360151184,scr2002,avaStIn,bevFrtRoadLight
DK,h1773,0.3809841238928826,scr2002,avaStIn,bevFrtRoadLight
DK,h1774,0.3497784944040866,scr2002,avaStIn,bevFrtRoadLight
DK,h1775,0.3123069662403203,scr2002,avaStIn,bevFrtRoadLight
DK,h1776,0.2821792829284123,scr2002,avaStIn,bevFrtRoadLight
DK,h1777,0.230095162221032,scr2002,avaStIn,bevFrtRoadLight
DK,h1778,0.2300917975935889,scr2002,avaStIn,bevFrtRoadLight
DK,h1779,0.27148343409663167,scr2002,avaStIn,bevFrtRoadLight
DK,h1780,0.3790725700696759,scr2002,avaStIn,bevFrtRoadLight
DK,h1781,0.4623404992613247,scr2002,avaStIn,bevFrtRoadLight
DK,h1782,0.5259162274800008,scr2002,avaStIn,bevFrtRoadLight
DK,h1783,0.5772992909654577,scr2002,avaStIn,bevFrtRoadLight
DK,h1784,0.6171735770568829,scr2002,avaStIn,bevFrtRoadLight
DK,h1785,0.6409152522621753,scr2002,avaStIn,bevFrtRoadLight
DK,h1786,0.6489166669999998,scr2002,avaStIn,bevFrtRoadLight
DK,h1787,0.6400350534574337,scr2002,avaStIn,bevFrtRoadLight
DK,h1788,0.61588415769173,scr2002,avaStIn,bevFrtRoadLight
DK,h1789,0.5753501172674538,scr2002,avaStIn,bevFrtRoadLight
DK,h1790,0.5273486726990765,scr2002,avaStIn,bevFrtRoadLight
DK,h1791,0.47682400205808595,scr2002,avaStIn,bevFrtRoadLight
DK,h1792,0.4288063768750643,scr2002,avaStIn,bevFrtRoadLight
DK,h1793,0.39374570481652504,scr2002,avaStIn,bevFrtRoadLight
DK,h1794,0.3749031506247579,scr2002,avaStIn,bevFrtRoadLight
DK,h1795,0.37209330121313167,scr2002,avaStIn,bevFrtRoadLight
DK,h1796,0.36873105182903665,scr2002,avaStIn,bevFrtRoadLight
DK,h1797,0.3543630997986469,scr2002,avaStIn,bevFrtRoadLight
DK,h1798,0.3154781828948128,scr2002,avaStIn,bevFrtRoadLight
DK,h1799,0.27112993299959987,scr2002,avaStIn,bevFrtRoadLight
DK,h1800,0.2381911639591776,scr2002,avaStIn,bevFrtRoadLight
DK,h1801,0.20075744833264675,scr2002,avaStIn,bevFrtRoadLight
DK,h1802,0.21575624655576675,scr2002,avaStIn,bevFrtRoadLight
DK,h1803,0.27148343409663167,scr2002,avaStIn,bevFrtRoadLight
DK,h1804,0.3790725700696759,scr2002,avaStIn,bevFrtRoadLight
DK,h1805,0.4623404992613247,scr2002,avaStIn,bevFrtRoadLight
DK,h1806,0.5259162274800008,scr2002,avaStIn,bevFrtRoadLight
DK,h1807,0.5772992909654577,scr2002,avaStIn,bevFrtRoadLight
DK,h1808,0.6171735770568829,scr2002,avaStIn,bevFrtRoadLight
DK,h1809,0.6409152522621753,scr2002,avaStIn,bevFrtRoadLight
DK,h1810,0.6489166669999998,scr2002,avaStIn,bevFrtRoadLight
DK,h1811,0.6400350534574337,scr2002,avaStIn,bevFrtRoadLight
DK,h1812,0.61588415769173,scr2002,avaStIn,bevFrtRoadLight
DK,h1813,0.5753501172674538,scr2002,avaStIn,bevFrtRoadLight
DK,h1814,0.5273486726990765,scr2002,avaStIn,bevFrtRoadLight
DK,h1815,0.47682400205808595,scr2002,avaStIn,bevFrtRoadLight
DK,h1816,0.4288063768750643,scr2002,avaStIn,bevFrtRoadLight
DK,h1817,0.39374570481652504,scr2002,avaStIn,bevFrtRoadLight
DK,h1818,0.3749031506247579,scr2002,avaStIn,bevFrtRoadLight
DK,h1819,0.37209330121313167,scr2002,avaStIn,bevFrtRoadLight
DK,h1820,0.36873105182903665,scr2002,avaStIn,bevFrtRoadLight
DK,h1821,0.3543630997986469,scr2002,avaStIn,bevFrtRoadLight
DK,h1822,0.3154781828948128,scr2002,avaStIn,bevFrtRoadLight
DK,h1823,0.27112993299959987,scr2002,avaStIn,bevFrtRoadLight
DK,h1824,0.2381911639591776,scr2002,avaStIn,bevFrtRoadLight
DK,h1825,0.28388199759953203,scr2002,avaStIn,bevFrtRoadLight
DK,h1826,0.34615260530650627,scr2002,avaStIn,bevFrtRoadLight
DK,h1827,0.4106293035759673,scr2002,avaStIn,bevFrtRoadLight
DK,h1828,0.4302562346105031,scr2002,avaStIn,bevFrtRoadLight
DK,h1829,0.4411964644145132,scr2002,avaStIn,bevFrtRoadLight
DK,h1830,0.45751109901302867,scr2002,avaStIn,bevFrtRoadLight
DK,h1831,0.48871757217710954,scr2002,avaStIn,bevFrtRoadLight
DK,h1832,0.5314509691002262,scr2002,avaStIn,bevFrtRoadLight
DK,h1833,0.5711878747561929,scr2002,avaStIn,bevFrtRoadLight
DK,h1834,0.5980939691710526,scr2002,avaStIn,bevFrtRoadLight
DK,h1835,0.608394034195855,scr2002,avaStIn,bevFrtRoadLight
DK,h1836,0.6010568773540479,scr2002,avaStIn,bevFrtRoadLight
DK,h1837,0.5764247164288175,scr2002,avaStIn,bevFrtRoadLight
DK,h1838,0.5401459054358786,scr2002,avaStIn,bevFrtRoadLight
DK,h1839,0.4982672792884357,scr2002,avaStIn,bevFrtRoadLight
DK,h1840,0.4574139907405833,scr2002,avaStIn,bevFrtRoadLight
DK,h1841,0.42470386872332366,scr2002,avaStIn,bevFrtRoadLight
DK,h1842,0.4070105681582177,scr2002,avaStIn,bevFrtRoadLight
DK,h1843,0.3993554704479094,scr2002,avaStIn,bevFrtRoadLight
DK,h1844,0.3942528360151184,scr2002,avaStIn,bevFrtRoadLight
DK,h1845,0.3809841238928826,scr2002,avaStIn,bevFrtRoadLight
DK,h1846,0.3497784944040866,scr2002,avaStIn,bevFrtRoadLight
DK,h1847,0.3123069662403203,scr2002,avaStIn,bevFrtRoadLight
DK,h1848,0.2821792829284123,scr2002,avaStIn,bevFrtRoadLight
DK,h1849,0.3106843918239848,scr2002,avaStIn,bevFrtRoadLight
DK,h1850,0.35866299968064763,scr2002,avaStIn,bevFrtRoadLight
DK,h1851,0.4106293035759673,scr2002,avaStIn,bevFrtRoadLight
DK,h1852,0.4302562346105031,scr2002,avaStIn,bevFrtRoadLight
DK,h1853,0.4411964644145132,scr2002,avaStIn,bevFrtRoadLight
DK,h1854,0.45751109901302867,scr2002,avaStIn,bevFrtRoadLight
DK,h1855,0.48871757217710954,scr2002,avaStIn,bevFrtRoadLight
DK,h1856,0.5314509691002262,scr2002,avaStIn,bevFrtRoadLight
DK,h1857,0.5711878747561929,scr2002,avaStIn,bevFrtRoadLight
DK,h1858,0.5980939691710526,scr2002,avaStIn,bevFrtRoadLight
DK,h1859,0.608394034195855,scr2002,avaStIn,bevFrtRoadLight
DK,h1860,0.6010568773540479,scr2002,avaStIn,bevFrtRoadLight
DK,h1861,0.5764247164288175,scr2002,avaStIn,bevFrtRoadLight
DK,h1862,0.5401459054358786,scr2002,avaStIn,bevFrtRoadLight
DK,h1863,0.4982672792884357,scr2002,avaStIn,bevFrtRoadLight
DK,h1864,0.4574139907405833,scr2002,avaStIn,bevFrtRoadLight
DK,h1865,0.42470386872332366,scr2002,avaStIn,bevFrtRoadLight
DK,h1866,0.4070105681582177,scr2002,avaStIn,bevFrtRoadLight
DK,h1867,0.3993554704479094,scr2002,avaStIn,bevFrtRoadLight
DK,h1868,0.3942528360151184,scr2002,avaStIn,bevFrtRoadLight
DK,h1869,0.3809841238928826,scr2002,avaStIn,bevFrtRoadLight
DK,h1870,0.3497784944040866,scr2002,avaStIn,bevFrtRoadLight
DK,h1871,0.3123069662403203,scr2002,avaStIn,bevFrtRoadLight
DK,h1872,0.2821792829284123,scr2002,avaStIn,bevFrtRoadLight
DK,h1873,0.3106843918239848,scr2002,avaStIn,bevFrtRoadLight
DK,h1874,0.35866299968064763,scr2002,avaStIn,bevFrtRoadLight
DK,h1875,0.4106293035759673,scr2002,avaStIn,bevFrtRoadLight
DK,h1876,0.4302562346105031,scr2002,avaStIn,bevFrtRoadLight
DK,h1877,0.4411964644145132,scr2002,avaStIn,bevFrtRoadLight
DK,h1878,0.45751109901302867,scr2002,avaStIn,bevFrtRoadLight
DK,h1879,0.48871757217710954,scr2002,avaStIn,bevFrtRoadLight
DK,h1880,0.5314509691002262,scr2002,avaStIn,bevFrtRoadLight
DK,h1881,0.5711878747561929,scr2002,avaStIn,bevFrtRoadLight
DK,h1882,0.5980939691710526,scr2002,avaStIn,bevFrtRoadLight
DK,h1883,0.608394034195855,scr2002,avaStIn,bevFrtRoadLight
DK,h1884,0.6010568773540479,scr2002,avaStIn,bevFrtRoadLight
DK,h1885,0.5764247164288175,scr2002,avaStIn,bevFrtRoadLight
DK,h1886,0.5401459054358786,scr2002,avaStIn,bevFrtRoadLight
DK,h1887,0.4982672792884357,scr2002,avaStIn,bevFrtRoadLight
DK,h1888,0.4574139907405833,scr2002,avaStIn,bevFrtRoadLight
DK,h1889,0.42470386872332366,scr2002,avaStIn,bevFrtRoadLight
DK,h1890,0.4070105681582177,scr2002,avaStIn,bevFrtRoadLight
DK,h1891,0.3993554704479094,scr2002,avaStIn,bevFrtRoadLight
DK,h1892,0.3942528360151184,scr2002,avaStIn,bevFrtRoadLight
DK,h1893,0.3809841238928826,scr2002,avaStIn,bevFrtRoadLight
DK,h1894,0.3497784944040866,scr2002,avaStIn,bevFrtRoadLight
DK,h1895,0.3123069662403203,scr2002,avaStIn,bevFrtRoadLight
DK,h1896,0.2821792829284123,scr2002,avaStIn,bevFrtRoadLight
DK,h1897,0.3106843918239848,scr2002,avaStIn,bevFrtRoadLight
DK,h1898,0.35866299968064763,scr2002,avaStIn,bevFrtRoadLight
DK,h1899,0.4106293035759673,scr2002,avaStIn,bevFrtRoadLight
DK,h1900,0.4302562346105031,scr2002,avaStIn,bevFrtRoadLight
DK,h1901,0.4411964644145132,scr2002,avaStIn,bevFrtRoadLight
DK,h1902,0.45751109901302867,scr2002,avaStIn,bevFrtRoadLight
DK,h1903,0.48871757217710954,scr2002,avaStIn,bevFrtRoadLight
DK,h1904,0.5314509691002262,scr2002,avaStIn,bevFrtRoadLight
DK,h1905,0.5711878747561929,scr2002,avaStIn,bevFrtRoadLight
DK,h1906,0.5980939691710526,scr2002,avaStIn,bevFrtRoadLight
DK,h1907,0.608394034195855,scr2002,avaStIn,bevFrtRoadLight
DK,h1908,0.6010568773540479,scr2002,avaStIn,bevFrtRoadLight
DK,h1909,0.5764247164288175,scr2002,avaStIn,bevFrtRoadLight
DK,h1910,0.5401459054358786,scr2002,avaStIn,bevFrtRoadLight
DK,h1911,0.4982672792884357,scr2002,avaStIn,bevFrtRoadLight
DK,h1912,0.4574139907405833,scr2002,avaStIn,bevFrtRoadLight
DK,h1913,0.42470386872332366,scr2002,avaStIn,bevFrtRoadLight
DK,h1914,0.4070105681582177,scr2002,avaStIn,bevFrtRoadLight
DK,h1915,0.3993554704479094,scr2002,avaStIn,bevFrtRoadLight
DK,h1916,0.3942528360151184,scr2002,avaStIn,bevFrtRoadLight
DK,h1917,0.3809841238928826,scr2002,avaStIn,bevFrtRoadLight
DK,h1918,0.3497784944040866,scr2002,avaStIn,bevFrtRoadLight
DK,h1919,0.3123069662403203,scr2002,avaStIn,bevFrtRoadLight
DK,h1920,0.2821792829284123,scr2002,avaStIn,bevFrtRoadLight
DK,h1921,0.3106843918239848,scr2002,avaStIn,bevFrtRoadLight
DK,h1922,0.35866299968064763,scr2002,avaStIn,bevFrtRoadLight
DK,h1923,0.4106293035759673,scr2002,avaStIn,bevFrtRoadLight
DK,h1924,0.4302562346105031,scr2002,avaStIn,bevFrtRoadLight
DK,h1925,0.4411964644145132,scr2002,avaStIn,bevFrtRoadLight
DK,h1926,0.45751109901302867,scr2002,avaStIn,bevFrtRoadLight
DK,h1927,0.48871757217710954,scr2002,avaStIn,bevFrtRoadLight
DK,h1928,0.5314509691002262,scr2002,avaStIn,bevFrtRoadLight
DK,h1929,0.5711878747561929,scr2002,avaStIn,bevFrtRoadLight
DK,h1930,0.5980939691710526,scr2002,avaStIn,bevFrtRoadLight
DK,h1931,0.608394034195855,scr2002,avaStIn,bevFrtRoadLight
DK,h1932,0.6010568773540479,scr2002,avaStIn,bevFrtRoadLight
DK,h1933,0.5764247164288175,scr2002,avaStIn,bevFrtRoadLight
DK,h1934,0.5401459054358786,scr2002,avaStIn,bevFrtRoadLight
DK,h1935,0.4982672792884357,scr2002,avaStIn,bevFrtRoadLight
DK,h1936,0.4574139907405833,scr2002,avaStIn,bevFrtRoadLight
DK,h1937,0.42470386872332366,scr2002,avaStIn,bevFrtRoadLight
DK,h1938,0.4070105681582177,scr2002,avaStIn,bevFrtRoadLight
DK,h1939,0.3993554704479094,scr2002,avaStIn,bevFrtRoadLight
DK,h1940,0.3942528360151184,scr2002,avaStIn,bevFrtRoadLight
DK,h1941,0.3809841238928826,scr2002,avaStIn,bevFrtRoadLight
DK,h1942,0.3497784944040866,scr2002,avaStIn,bevFrtRoadLight
DK,h1943,0.3123069662403203,scr2002,avaStIn,bevFrtRoadLight
DK,h1944,0.2821792829284123,scr2002,avaStIn,bevFrtRoadLight
DK,h1945,0.230095162221032,scr2002,avaStIn,bevFrtRoadLight
DK,h1946,0.2300917975935889,scr2002,avaStIn,bevFrtRoadLight
DK,h1947,0.27148343409663167,scr2002,avaStIn,bevFrtRoadLight
DK,h1948,0.3790725700696759,scr2002,avaStIn,bevFrtRoadLight
DK,h1949,0.4623404992613247,scr2002,avaStIn,bevFrtRoadLight
DK,h1950,0.5259162274800008,scr2002,avaStIn,bevFrtRoadLight
DK,h1951,0.5772992909654577,scr2002,avaStIn,bevFrtRoadLight
DK,h1952,0.6171735770568829,scr2002,avaStIn,bevFrtRoadLight
DK,h1953,0.6409152522621753,scr2002,avaStIn,bevFrtRoadLight
DK,h1954,0.6489166669999998,scr2002,avaStIn,bevFrtRoadLight
DK,h1955,0.6400350534574337,scr2002,avaStIn,bevFrtRoadLight
DK,h1956,0.61588415769173,scr2002,avaStIn,bevFrtRoadLight
DK,h1957,0.5753501172674538,scr2002,avaStIn,bevFrtRoadLight
DK,h1958,0.5273486726990765,scr2002,avaStIn,bevFrtRoadLight
DK,h1959,0.47682400205808595,scr2002,avaStIn,bevFrtRoadLight
DK,h1960,0.4288063768750643,scr2002,avaStIn,bevFrtRoadLight
DK,h1961,0.39374570481652504,scr2002,avaStIn,bevFrtRoadLight
DK,h1962,0.3749031506247579,scr2002,avaStIn,bevFrtRoadLight
DK,h1963,0.37209330121313167,scr2002,avaStIn,bevFrtRoadLight
DK,h1964,0.36873105182903665,scr2002,avaStIn,bevFrtRoadLight
DK,h1965,0.3543630997986469,scr2002,avaStIn,bevFrtRoadLight
DK,h1966,0.3154781828948128,scr2002,avaStIn,bevFrtRoadLight
DK,h1967,0.27112993299959987,scr2002,avaStIn,bevFrtRoadLight
DK,h1968,0.2381911639591776,scr2002,avaStIn,bevFrtRoadLight
DK,h1969,0.20075744833264675,scr2002,avaStIn,bevFrtRoadLight
DK,h1970,0.21575624655576675,scr2002,avaStIn,bevFrtRoadLight
DK,h1971,0.27148343409663167,scr2002,avaStIn,bevFrtRoadLight
DK,h1972,0.3790725700696759,scr2002,avaStIn,bevFrtRoadLight
DK,h1973,0.4623404992613247,scr2002,avaStIn,bevFrtRoadLight
DK,h1974,0.5259162274800008,scr2002,avaStIn,bevFrtRoadLight
DK,h1975,0.5772992909654577,scr2002,avaStIn,bevFrtRoadLight
DK,h1976,0.6171735770568829,scr2002,avaStIn,bevFrtRoadLight
DK,h1977,0.6409152522621753,scr2002,avaStIn,bevFrtRoadLight
DK,h1978,0.6489166669999998,scr2002,avaStIn,bevFrtRoadLight
DK,h1979,0.6400350534574337,scr2002,avaStIn,bevFrtRoadLight
DK,h1980,0.61588415769173,scr2002,avaStIn,bevFrtRoadLight
DK,h1981,0.5753501172674538,scr2002,avaStIn,bevFrtRoadLight
DK,h1982,0.5273486726990765,scr2002,avaStIn,bevFrtRoadLight
DK,h1983,0.47682400205808595,scr2002,avaStIn,bevFrtRoadLight
DK,h1984,0.4288063768750643,scr2002,avaStIn,bevFrtRoadLight
DK,h1985,0.39374570481652504,scr2002,avaStIn,bevFrtRoadLight
DK,h1986,0.3749031506247579,scr2002,avaStIn,bevFrtRoadLight
DK,h1987,0.37209330121313167,scr2002,avaStIn,bevFrtRoadLight
DK,h1988,0.36873105182903665,scr2002,avaStIn,bevFrtRoadLight
DK,h1989,0.3543630997986469,scr2002,avaStIn,bevFrtRoadLight
DK,h1990,0.3154781828948128,scr2002,avaStIn,bevFrtRoadLight
DK,h1991,0.27112993299959987,scr2002,avaStIn,bevFrtRoadLight
DK,h1992,0.2381911639591776,scr2002,avaStIn,bevFrtRoadLight
DK,h1993,0.28388199759953203,scr2002,avaStIn,bevFrtRoadLight
DK,h1994,0.34615260530650627,scr2002,avaStIn,bevFrtRoadLight
DK,h1995,0.4106293035759673,scr2002,avaStIn,bevFrtRoadLight
DK,h1996,0.4302562346105031,scr2002,avaStIn,bevFrtRoadLight
DK,h1997,0.4411964644145132,scr2002,avaStIn,bevFrtRoadLight
DK,h1998,0.45751109901302867,scr2002,avaStIn,bevFrtRoadLight
DK,h1999,0.48871757217710954,scr2002,avaStIn,bevFrtRoadLight
DK,h2000,0.5314509691002262,scr2002,avaStIn,bevFrtRoadLight
DK,h2001,0.5711878747561929,scr2002,avaStIn,bevFrtRoadLight
DK,h2002,0.5980939691710526,scr2002,avaStIn,bevFrtRoadLight
DK,h2003,0.608394034195855,scr2002,avaStIn,bevFrtRoadLight
DK,h2004,0.6010568773540479,scr2002,avaStIn,bevFrtRoadLight
DK,h2005,0.5764247164288175,scr2002,avaStIn,bevFrtRoadLight
DK,h2006,0.5401459054358786,scr2002,avaStIn,bevFrtRoadLight
DK,h2007,0.4982672792884357,scr2002,avaStIn,bevFrtRoadLight
DK,h2008,0.4574139907405833,scr2002,avaStIn,bevFrtRoadLight
DK,h2009,0.42470386872332366,scr2002,avaStIn,bevFrtRoadLight
DK,h2010,0.4070105681582177,scr2002,avaStIn,bevFrtRoadLight
DK,h2011,0.3993554704479094,scr2002,avaStIn,bevFrtRoadLight
DK,h2012,0.3942528360151184,scr2002,avaStIn,bevFrtRoadLight
DK,h2013,0.3809841238928826,scr2002,avaStIn,bevFrtRoadLight
DK,h2014,0.3497784944040866,scr2002,avaStIn,bevFrtRoadLight
DK,h2015,0.3123069662403203,scr2002,avaStIn,bevFrtRoadLight
DK,h2016,0.2821792829284123,scr2002,avaStIn,bevFrtRoadLight
DK,h2017,0.3072840894621327,scr2002,avaStIn,bevFrtRoadLight
DK,h2018,0.33666905394072466,scr2002,avaStIn,bevFrtRoadLight
DK,h2019,0.36655496485550265,scr2002,avaStIn,bevFrtRoadLight
DK,h2020,0.3745731212047183,scr2002,avaStIn,bevFrtRoadLight
DK,h2021,0.4026088526762964,scr2002,avaStIn,bevFrtRoadLight
DK,h2022,0.44640061438376677,scr2002,avaStIn,bevFrtRoadLight
DK,h2023,0.4973037920546317,scr2002,avaStIn,bevFrtRoadLight
DK,h2024,0.5420216950586382,scr2002,avaStIn,bevFrtRoadLight
DK,h2025,0.5736954068525849,scr2002,avaStIn,bevFrtRoadLight
DK,h2026,0.5880342997851788,scr2002,avaStIn,bevFrtRoadLight
DK,h2027,0.5918947845476326,scr2002,avaStIn,bevFrtRoadLight
DK,h2028,0.5837522950091351,scr2002,avaStIn,bevFrtRoadLight
DK,h2029,0.566630011228302,scr2002,avaStIn,bevFrtRoadLight
DK,h2030,0.5326460205473856,scr2002,avaStIn,bevFrtRoadLight
DK,h2031,0.48334141219508586,scr2002,avaStIn,bevFrtRoadLight
DK,h2032,0.4237800531764452,scr2002,avaStIn,bevFrtRoadLight
DK,h2033,0.3668064382544399,scr2002,avaStIn,bevFrtRoadLight
DK,h2034,0.33858624085132816,scr2002,avaStIn,bevFrtRoadLight
DK,h2035,0.33981235579051505,scr2002,avaStIn,bevFrtRoadLight
DK,h2036,0.3644150552627201,scr2002,avaStIn,bevFrtRoadLight
DK,h2037,0.39407002810213865,scr2002,avaStIn,bevFrtRoadLight
DK,h2038,0.4100441996396512,scr2002,avaStIn,bevFrtRoadLight
DK,h2039,0.41244752514225314,scr2002,avaStIn,bevFrtRoadLight
DK,h2040,0.3977671810575979,scr2002,avaStIn,bevFrtRoadLight
DK,h2041,0.3840802424090224,scr2002,avaStIn,bevFrtRoadLight
DK,h2042,0.37136048642151265,scr2002,avaStIn,bevFrtRoadLight
DK,h2043,0.36655496485550265,scr2002,avaStIn,bevFrtRoadLight
DK,h2044,0.3745731212047183,scr2002,avaStIn,bevFrtRoadLight
DK,h2045,0.4026088526762964,scr2002,avaStIn,bevFrtRoadLight
DK,h2046,0.44640061438376677,scr2002,avaStIn,bevFrtRoadLight
DK,h2047,0.4973037920546317,scr2002,avaStIn,bevFrtRoadLight
DK,h2048,0.5420216950586382,scr2002,avaStIn,bevFrtRoadLight
DK,h2049,0.5736954068525849,scr2002,avaStIn,bevFrtRoadLight
DK,h2050,0.5880342997851788,scr2002,avaStIn,bevFrtRoadLight
DK,h2051,0.5918947845476326,scr2002,avaStIn,bevFrtRoadLight
DK,h2052,0.5837522950091351,scr2002,avaStIn,bevFrtRoadLight
DK,h2053,0.566630011228302,scr2002,avaStIn,bevFrtRoadLight
DK,h2054,0.5326460205473856,scr2002,avaStIn,bevFrtRoadLight
DK,h2055,0.48334141219508586,scr2002,avaStIn,bevFrtRoadLight
DK,h2056,0.4237800531764452,scr2002,avaStIn,bevFrtRoadLight
DK,h2057,0.3668064382544399,scr2002,avaStIn,bevFrtRoadLight
DK,h2058,0.33858624085132816,scr2002,avaStIn,bevFrtRoadLight
DK,h2059,0.33981235579051505,scr2002,avaStIn,bevFrtRoadLight
DK,h2060,0.3644150552627201,scr2002,avaStIn,bevFrtRoadLight
DK,h2061,0.39407002810213865,scr2002,avaStIn,bevFrtRoadLight
DK,h2062,0.4100441996396512,scr2002,avaStIn,bevFrtRoadLight
DK,h2063,0.41244752514225314,scr2002,avaStIn,bevFrtRoadLight
DK,h2064,0.3977671810575979,scr2002,avaStIn,bevFrtRoadLight
DK,h2065,0.3840802424090224,scr2002,avaStIn,bevFrtRoadLight
DK,h2066,0.37136048642151265,scr2002,avaStIn,bevFrtRoadLight
DK,h2067,0.36655496485550265,scr2002,avaStIn,bevFrtRoadLight
DK,h2068,0.3745731212047183,scr2002,avaStIn,bevFrtRoadLight
DK,h2069,0.4026088526762964,scr2002,avaStIn,bevFrtRoadLight
DK,h2070,0.44640061438376677,scr2002,avaStIn,bevFrtRoadLight
DK,h2071,0.4973037920546317,scr2002,avaStIn,bevFrtRoadLight
DK,h2072,0.5420216950586382,scr2002,avaStIn,bevFrtRoadLight
DK,h2073,0.5736954068525849,scr2002,avaStIn,bevFrtRoadLight
DK,h2074,0.5880342997851788,scr2002,avaStIn,bevFrtRoadLight
DK,h2075,0.5918947845476326,scr2002,avaStIn,bevFrtRoadLight
DK,h2076,0.5837522950091351,scr2002,avaStIn,bevFrtRoadLight
DK,h2077,0.566630011228302,scr2002,avaStIn,bevFrtRoadLight
DK,h2078,0.5326460205473856,scr2002,avaStIn,bevFrtRoadLight
DK,h2079,0.48334141219508586,scr2002,avaStIn,bevFrtRoadLight
DK,h2080,0.4237800531764452,scr2002,avaStIn,bevFrtRoadLight
DK,h2081,0.3668064382544399,scr2002,avaStIn,bevFrtRoadLight
DK,h2082,0.33858624085132816,scr2002,avaStIn,bevFrtRoadLight
DK,h2083,0.33981235579051505,scr2002,avaStIn,bevFrtRoadLight
DK,h2084,0.3644150552627201,scr2002,avaStIn,bevFrtRoadLight
DK,h2085,0.39407002810213865,scr2002,avaStIn,bevFrtRoadLight
DK,h2086,0.4100441996396512,scr2002,avaStIn,bevFrtRoadLight
DK,h2087,0.41244752514225314,scr2002,avaStIn,bevFrtRoadLight
DK,h2088,0.3977671810575979,scr2002,avaStIn,bevFrtRoadLight
DK,h2089,0.3840802424090224,scr2002,avaStIn,bevFrtRoadLight
DK,h2090,0.37136048642151265,scr2002,avaStIn,bevFrtRoadLight
DK,h2091,0.36655496485550265,scr2002,avaStIn,bevFrtRoadLight
DK,h2092,0.3745731212047183,scr2002,avaStIn,bevFrtRoadLight
DK,h2093,0.4026088526762964,scr2002,avaStIn,bevFrtRoadLight
DK,h2094,0.44640061438376677,scr2002,avaStIn,bevFrtRoadLight
DK,h2095,0.4973037920546317,scr2002,avaStIn,bevFrtRoadLight
DK,h2096,0.5420216950586382,scr2002,avaStIn,bevFrtRoadLight
DK,h2097,0.5736954068525849,scr2002,avaStIn,bevFrtRoadLight
DK,h2098,0.5880342997851788,scr2002,avaStIn,bevFrtRoadLight
DK,h2099,0.5918947845476326,scr2002,avaStIn,bevFrtRoadLight
DK,h2100,0.5837522950091351,scr2002,avaStIn,bevFrtRoadLight
DK,h2101,0.566630011228302,scr2002,avaStIn,bevFrtRoadLight
DK,h2102,0.5326460205473856,scr2002,avaStIn,bevFrtRoadLight
DK,h2103,0.48334141219508586,scr2002,avaStIn,bevFrtRoadLight
DK,h2104,0.4237800531764452,scr2002,avaStIn,bevFrtRoadLight
DK,h2105,0.3668064382544399,scr2002,avaStIn,bevFrtRoadLight
DK,h2106,0.33858624085132816,scr2002,avaStIn,bevFrtRoadLight
DK,h2107,0.33981235579051505,scr2002,avaStIn,bevFrtRoadLight
DK,h2108,0.3644150552627201,scr2002,avaStIn,bevFrtRoadLight
DK,h2109,0.39407002810213865,scr2002,avaStIn,bevFrtRoadLight
DK,h2110,0.4100441996396512,scr2002,avaStIn,bevFrtRoadLight
DK,h2111,0.41244752514225314,scr2002,avaStIn,bevFrtRoadLight
DK,h2112,0.3977671810575979,scr2002,avaStIn,bevFrtRoadLight
DK,h2113,0.4215422859318668,scr2002,avaStIn,bevFrtRoadLight
DK,h2114,0.44561523253946533,scr2002,avaStIn,bevFrtRoadLight
DK,h2115,0.46890884939949806,scr2002,avaStIn,bevFrtRoadLight
DK,h2116,0.4606801828577375,scr2002,avaStIn,bevFrtRoadLight
DK,h2117,0.4598809008191356,scr2002,avaStIn,bevFrtRoadLight
DK,h2118,0.47373682010553864,scr2002,avaStIn,bevFrtRoadLight
DK,h2119,0.49837466067849223,scr2002,avaStIn,bevFrtRoadLight
DK,h2120,0.5249322712656334,scr2002,avaStIn,bevFrtRoadLight
DK,h2121,0.5295524702973696,scr2002,avaStIn,bevFrtRoadLight
DK,h2122,0.5237384833973733,scr2002,avaStIn,bevFrtRoadLight
DK,h2123,0.517462220076728,scr2002,avaStIn,bevFrtRoadLight
DK,h2124,0.5202231448594441,scr2002,avaStIn,bevFrtRoadLight
DK,h2125,0.5168074572603817,scr2002,avaStIn,bevFrtRoadLight
DK,h2126,0.4881087918461403,scr2002,avaStIn,bevFrtRoadLight
DK,h2127,0.4401501060096197,scr2002,avaStIn,bevFrtRoadLight
DK,h2128,0.3751810028677981,scr2002,avaStIn,bevFrtRoadLight
DK,h2129,0.3184738733356699,scr2002,avaStIn,bevFrtRoadLight
DK,h2130,0.2885496316681868,scr2002,avaStIn,bevFrtRoadLight
DK,h2131,0.2950430145218158,scr2002,avaStIn,bevFrtRoadLight
DK,h2132,0.3362350273761402,scr2002,avaStIn,bevFrtRoadLight
DK,h2133,0.3905257678468871,scr2002,avaStIn,bevFrtRoadLight
DK,h2134,0.4405757953478313,scr2002,avaStIn,bevFrtRoadLight
DK,h2135,0.4738121072088959,scr2002,avaStIn,bevFrtRoadLight
DK,h2136,0.4995552626921461,scr2002,avaStIn,bevFrtRoadLight
DK,h2137,0.5006979269249346,scr2002,avaStIn,bevFrtRoadLight
DK,h2138,0.49234384959123256,scr2002,avaStIn,bevFrtRoadLight
DK,h2139,0.46890884939949806,scr2002,avaStIn,bevFrtRoadLight
DK,h2140,0.4606801828577375,scr2002,avaStIn,bevFrtRoadLight
DK,h2141,0.4598809008191356,scr2002,avaStIn,bevFrtRoadLight
DK,h2142,0.47373682010553864,scr2002,avaStIn,bevFrtRoadLight
DK,h2143,0.49837466067849223,scr2002,avaStIn,bevFrtRoadLight
DK,h2144,0.5249322712656334,scr2002,avaStIn,bevFrtRoadLight
DK,h2145,0.5295524702973696,scr2002,avaStIn,bevFrtRoadLight
DK,h2146,0.5237384833973733,scr2002,avaStIn,bevFrtRoadLight
DK,h2147,0.517462220076728,scr2002,avaStIn,bevFrtRoadLight
DK,h2148,0.5202231448594441,scr2002,avaStIn,bevFrtRoadLight
DK,h2149,0.5168074572603817,scr2002,avaStIn,bevFrtRoadLight
DK,h2150,0.4881087918461403,scr2002,avaStIn,bevFrtRoadLight
DK,h2151,0.4401501060096197,scr2002,avaStIn,bevFrtRoadLight
DK,h2152,0.3751810028677981,scr2002,avaStIn,bevFrtRoadLight
DK,h2153,0.3184738733356699,scr2002,avaStIn,bevFrtRoadLight
DK,h2154,0.2885496316681868,scr2002,avaStIn,bevFrtRoadLight
DK,h2155,0.2950430145218158,scr2002,avaStIn,bevFrtRoadLight
DK,h2156,0.3362350273761402,scr2002,avaStIn,bevFrtRoadLight
DK,h2157,0.3905257678468871,scr2002,avaStIn,bevFrtRoadLight
DK,h2158,0.4405757953478313,scr2002,avaStIn,bevFrtRoadLight
DK,h2159,0.4738121072088959,scr2002,avaStIn,bevFrtRoadLight
DK,h2160,0.4995552626921461,scr2002,avaStIn,bevFrtRoadLight
EE,h1441,0.3714353995574986,scr2002,avaStIn,bevFrtRoadLight
EE,h1442,0.3846086524108919,scr2002,avaStIn,bevFrtRoadLight
EE,h1443,0.42374952391826404,scr2002,avaStIn,bevFrtRoadLight
EE,h1444,0.4709102315761218,scr2002,avaStIn,bevFrtRoadLight
EE,h1445,0.5000591446961408,scr2002,avaStIn,bevFrtRoadLight
EE,h1446,0.495233345157142,scr2002,avaStIn,bevFrtRoadLight
EE,h1447,0.5008043596015219,scr2002,avaStIn,bevFrtRoadLight
EE,h1448,0.5021789974738545,scr2002,avaStIn,bevFrtRoadLight
EE,h1449,0.5231874460949842,scr2002,avaStIn,bevFrtRoadLight
EE,h1450,0.5308529822226913,scr2002,avaStIn,bevFrtRoadLight
EE,h1451,0.536356959269228,scr2002,avaStIn,bevFrtRoadLight
EE,h1452,0.5373881561276749,scr2002,avaStIn,bevFrtRoadLight
EE,h1453,0.5288075990651915,scr2002,avaStIn,bevFrtRoadLight
EE,h1454,0.5095709286669997,scr2002,avaStIn,bevFrtRoadLight
EE,h1455,0.473753550931062,scr2002,avaStIn,bevFrtRoadLight
EE,h1456,0.4304466538396563,scr2002,avaStIn,bevFrtRoadLight
EE,h1457,0.3826879992214788,scr2002,avaStIn,bevFrtRoadLight
EE,h1458,0.35009603390058996,scr2002,avaStIn,bevFrtRoadLight
EE,h1459,0.3349394292024723,scr2002,avaStIn,bevFrtRoadLight
EE,h1460,0.34869160218954365,scr2002,avaStIn,bevFrtRoadLight
EE,h1461,0.36780057797615695,scr2002,avaStIn,bevFrtRoadLight
EE,h1462,0.38682791024436847,scr2002,avaStIn,bevFrtRoadLight
EE,h1463,0.3912979680884232,scr2002,avaStIn,bevFrtRoadLight
EE,h1464,0.3985938980480803,scr2002,avaStIn,bevFrtRoadLight
EE,h1465,0.38540755881640665,scr2002,avaStIn,bevFrtRoadLight
EE,h1466,0.39834418280524153,scr2002,avaStIn,bevFrtRoadLight
EE,h1467,0.42374952391826404,scr2002,avaStIn,bevFrtRoadLight
EE,h1468,0.4709102315761218,scr2002,avaStIn,bevFrtRoadLight
EE,h1469,0.5000591446961408,scr2002,avaStIn,bevFrtRoadLight
EE,h1470,0.495233345157142,scr2002,avaStIn,bevFrtRoadLight
EE,h1471,0.5008043596015219,scr2002,avaStIn,bevFrtRoadLight
EE,h1472,0.5021789974738545,scr2002,avaStIn,bevFrtRoadLight
EE,h1473,0.5231874460949842,scr2002,avaStIn,bevFrtRoadLight
EE,h1474,0.5308529822226913,scr2002,avaStIn,bevFrtRoadLight
EE,h1475,0.536356959269228,scr2002,avaStIn,bevFrtRoadLight
EE,h1476,0.5373881561276749,scr2002,avaStIn,bevFrtRoadLight
EE,h1477,0.5288075990651915,scr2002,avaStIn,bevFrtRoadLight
EE,h1478,0.5095709286669997,scr2002,avaStIn,bevFrtRoadLight
EE,h1479,0.473753550931062,scr2002,avaStIn,bevFrtRoadLight
EE,h1480,0.4304466538396563,scr2002,avaStIn,bevFrtRoadLight
EE,h1481,0.3826879992214788,scr2002,avaStIn,bevFrtRoadLight
EE,h1482,0.35009603390058996,scr2002,avaStIn,bevFrtRoadLight
EE,h1483,0.3349394292024723,scr2002,avaStIn,bevFrtRoadLight
EE,h1484,0.34869160218954365,scr2002,avaStIn,bevFrtRoadLight
EE,h1485,0.36780057797615695,scr2002,avaStIn,bevFrtRoadLight
EE,h1486,0.38682791024436847,scr2002,avaStIn,bevFrtRoadLight
EE,h1487,0.3912979680884232,scr2002,avaStIn,bevFrtRoadLight
EE,h1488,0.3985938980480803,scr2002,avaStIn,bevFrtRoadLight
EE,h1489,0.4174388969205469,scr2002,avaStIn,bevFrtRoadLight
EE,h1490,0.4439543832070485,scr2002,avaStIn,bevFrtRoadLight
EE,h1491,0.464238846132911,scr2002,avaStIn,bevFrtRoadLight
EE,h1492,0.4692993118565085,scr2002,avaStIn,bevFrtRoadLight
EE,h1493,0.4647572130501477,scr2002,avaStIn,bevFrtRoadLight
EE,h1494,0.4606421333392813,scr2002,avaStIn,bevFrtRoadLight
EE,h1495,0.4606294501381404,scr2002,avaStIn,bevFrtRoadLight
EE,h1496,0.4771202000278558,scr2002,avaStIn,bevFrtRoadLight
EE,h1497,0.4942956004519071,scr2002,avaStIn,bevFrtRoadLight
EE,h1498,0.5099123823053463,scr2002,avaStIn,bevFrtRoadLight
EE,h1499,0.5161038254350148,scr2002,avaStIn,bevFrtRoadLight
EE,h1500,0.5219276355822776,scr2002,avaStIn,bevFrtRoadLight
EE,h1501,0.5234247828552905,scr2002,avaStIn,bevFrtRoadLight
EE,h1502,0.515666896351518,scr2002,avaStIn,bevFrtRoadLight
EE,h1503,0.4904757420921084,scr2002,avaStIn,bevFrtRoadLight
EE,h1504,0.4511048686615209,scr2002,avaStIn,bevFrtRoadLight
EE,h1505,0.401719554609377,scr2002,avaStIn,bevFrtRoadLight
EE,h1506,0.362910361244157,scr2002,avaStIn,bevFrtRoadLight
EE,h1507,0.3472619056461236,scr2002,avaStIn,bevFrtRoadLight
EE,h1508,0.35727079588328314,scr2002,avaStIn,bevFrtRoadLight
EE,h1509,0.378468834507535,scr2002,avaStIn,bevFrtRoadLight
EE,h1510,0.39319028121074384,scr2002,avaStIn,bevFrtRoadLight
EE,h1511,0.3959422870730802,scr2002,avaStIn,bevFrtRoadLight
EE,h1512,0.3854887711962275,scr2002,avaStIn,bevFrtRoadLight
EE,h1513,0.42769853598926943,scr2002,avaStIn,bevFrtRoadLight
EE,h1514,0.46444116177482064,scr2002,avaStIn,bevFrtRoadLight
EE,h1515,0.5002557267591349,scr2002,avaStIn,bevFrtRoadLight
EE,h1516,0.4779833592811431,scr2002,avaStIn,bevFrtRoadLight
EE,h1517,0.45518876455881485,scr2002,avaStIn,bevFrtRoadLight
EE,h1518,0.43596244051473665,scr2002,avaStIn,bevFrtRoadLight
EE,h1519,0.4287672948543091,scr2002,avaStIn,bevFrtRoadLight
EE,h1520,0.4310449118345231,scr2002,avaStIn,bevFrtRoadLight
EE,h1521,0.43651906754470926,scr2002,avaStIn,bevFrtRoadLight
EE,h1522,0.42784196327677315,scr2002,avaStIn,bevFrtRoadLight
EE,h1523,0.40165285769436365,scr2002,avaStIn,bevFrtRoadLight
EE,h1524,0.3554492048303812,scr2002,avaStIn,bevFrtRoadLight
EE,h1525,0.30743387757687923,scr2002,avaStIn,bevFrtRoadLight
EE,h1526,0.278936309503648,scr2002,avaStIn,bevFrtRoadLight
EE,h1527,0.28525649117608465,scr2002,avaStIn,bevFrtRoadLight
EE,h1528,0.33100477113297455,scr2002,avaStIn,bevFrtRoadLight
EE,h1529,0.3951643597987161,scr2002,avaStIn,bevFrtRoadLight
EE,h1530,0.46644985491696445,scr2002,avaStIn,bevFrtRoadLight
EE,h1531,0.5302489042156142,scr2002,avaStIn,bevFrtRoadLight
EE,h1532,0.5770673902258092,scr2002,avaStIn,bevFrtRoadLight
EE,h1533,0.5986769755958498,scr2002,avaStIn,bevFrtRoadLight
EE,h1534,0.6016883948095747,scr2002,avaStIn,bevFrtRoadLight
EE,h1535,0.5924055260109063,scr2002,avaStIn,bevFrtRoadLight
EE,h1536,0.5774847836798132,scr2002,avaStIn,bevFrtRoadLight
EE,h1537,0.5517773619954187,scr2002,avaStIn,bevFrtRoadLight
EE,h1538,0.5248358437172166,scr2002,avaStIn,bevFrtRoadLight
EE,h1539,0.5002557267591349,scr2002,avaStIn,bevFrtRoadLight
EE,h1540,0.4779833592811431,scr2002,avaStIn,bevFrtRoadLight
EE,h1541,0.45518876455881485,scr2002,avaStIn,bevFrtRoadLight
EE,h1542,0.43596244051473665,scr2002,avaStIn,bevFrtRoadLight
EE,h1543,0.4287672948543091,scr2002,avaStIn,bevFrtRoadLight
EE,h1544,0.4310449118345231,scr2002,avaStIn,bevFrtRoadLight
EE,h1545,0.43651906754470926,scr2002,avaStIn,bevFrtRoadLight
EE,h1546,0.42784196327677315,scr2002,avaStIn,bevFrtRoadLight
EE,h1547,0.40165285769436365,scr2002,avaStIn,bevFrtRoadLight
EE,h1548,0.3554492048303812,scr2002,avaStIn,bevFrtRoadLight
EE,h1549,0.30743387757687923,scr2002,avaStIn,bevFrtRoadLight
EE,h1550,0.278936309503648,scr2002,avaStIn,bevFrtRoadLight
EE,h1551,0.28525649117608465,scr2002,avaStIn,bevFrtRoadLight
EE,h1552,0.33100477113297455,scr2002,avaStIn,bevFrtRoadLight
EE,h1553,0.3951643597987161,scr2002,avaStIn,bevFrtRoadLight
EE,h1554,0.46644985491696445,scr2002,avaStIn,bevFrtRoadLight
EE,h1555,0.5302489042156142,scr2002,avaStIn,bevFrtRoadLight
EE,h1556,0.5770673902258092,scr2002,avaStIn,bevFrtRoadLight
EE,h1557,0.5986769755958498,scr2002,avaStIn,bevFrtRoadLight
EE,h1558,0.6016883948095747,scr2002,avaStIn,bevFrtRoadLight
EE,h1559,0.5924055260109063,scr2002,avaStIn,bevFrtRoadLight
EE,h1560,0.5774847836798132,scr2002,avaStIn,bevFrtRoadLight
EE,h1561,0.5517773619954187,scr2002,avaStIn,bevFrtRoadLight
EE,h1562,0.5248358437172166,scr2002,avaStIn,bevFrtRoadLight
EE,h1563,0.5002557267591349,scr2002,avaStIn,bevFrtRoadLight
EE,h1564,0.4779833592811431,scr2002,avaStIn,bevFrtRoadLight
EE,h1565,0.45518876455881485,scr2002,avaStIn,bevFrtRoadLight
EE,h1566,0.43596244051473665,scr2002,avaStIn,bevFrtRoadLight
EE,h1567,0.4287672948543091,scr2002,avaStIn,bevFrtRoadLight
EE,h1568,0.4310449118345231,scr2002,avaStIn,bevFrtRoadLight
EE,h1569,0.43651906754470926,scr2002,avaStIn,bevFrtRoadLight
EE,h1570,0.42784196327677315,scr2002,avaStIn,bevFrtRoadLight
EE,h1571,0.40165285769436365,scr2002,avaStIn,bevFrtRoadLight
EE,h1572,0.3554492048303812,scr2002,avaStIn,bevFrtRoadLight
EE,h1573,0.30743387757687923,scr2002,avaStIn,bevFrtRoadLight
EE,h1574,0.278936309503648,scr2002,avaStIn,bevFrtRoadLight
EE,h1575,0.28525649117608465,scr2002,avaStIn,bevFrtRoadLight
EE,h1576,0.33100477113297455,scr2002,avaStIn,bevFrtRoadLight
EE,h1577,0.3951643597987161,scr2002,avaStIn,bevFrtRoadLight
EE,h1578,0.46644985491696445,scr2002,avaStIn,bevFrtRoadLight
EE,h1579,0.5302489042156142,scr2002,avaStIn,bevFrtRoadLight
EE,h1580,0.5770673902258092,scr2002,avaStIn,bevFrtRoadLight
EE,h1581,0.5986769755958498,scr2002,avaStIn,bevFrtRoadLight
EE,h1582,0.6016883948095747,scr2002,avaStIn,bevFrtRoadLight
EE,h1583,0.5924055260109063,scr2002,avaStIn,bevFrtRoadLight
EE,h1584,0.5774847836798132,scr2002,avaStIn,bevFrtRoadLight
EE,h1585,0.5517773619954187,scr2002,avaStIn,bevFrtRoadLight
EE,h1586,0.5248358437172166,scr2002,avaStIn,bevFrtRoadLight
EE,h1587,0.5002557267591349,scr2002,avaStIn,bevFrtRoadLight
EE,h1588,0.4779833592811431,scr2002,avaStIn,bevFrtRoadLight
EE,h1589,0.45518876455881485,scr2002,avaStIn,bevFrtRoadLight
EE,h1590,0.43596244051473665,scr2002,avaStIn,bevFrtRoadLight
EE,h1591,0.4287672948543091,scr2002,avaStIn,bevFrtRoadLight
EE,h1592,0.4310449118345231,scr2002,avaStIn,bevFrtRoadLight
EE,h1593,0.43651906754470926,scr2002,avaStIn,bevFrtRoadLight
EE,h1594,0.42784196327677315,scr2002,avaStIn,bevFrtRoadLight
EE,h1595,0.40165285769436365,scr2002,avaStIn,bevFrtRoadLight
EE,h1596,0.3554492048303812,scr2002,avaStIn,bevFrtRoadLight
EE,h1597,0.30743387757687923,scr2002,avaStIn,bevFrtRoadLight
EE,h1598,0.278936309503648,scr2002,avaStIn,bevFrtRoadLight
EE,h1599,0.28525649117608465,scr2002,avaStIn,bevFrtRoadLight
EE,h1600,0.33100477113297455,scr2002,avaStIn,bevFrtRoadLight
EE,h1601,0.3951643597987161,scr2002,avaStIn,bevFrtRoadLight
EE,h1602,0.46644985491696445,scr2002,avaStIn,bevFrtRoadLight
EE,h1603,0.5302489042156142,scr2002,avaStIn,bevFrtRoadLight
EE,h1604,0.5770673902258092,scr2002,avaStIn,bevFrtRoadLight
EE,h1605,0.5986769755958498,scr2002,avaStIn,bevFrtRoadLight
EE,h1606,0.6016883948095747,scr2002,avaStIn,bevFrtRoadLight
EE,h1607,0.5924055260109063,scr2002,avaStIn,bevFrtRoadLight
EE,h1608,0.5774847836798132,scr2002,avaStIn,bevFrtRoadLight
EE,h1609,0.5399833096273894,scr2002,avaStIn,bevFrtRoadLight
EE,h1610,0.5020113380135911,scr2002,avaStIn,bevFrtRoadLight
EE,h1611,0.4635722307063156,scr2002,avaStIn,bevFrtRoadLight
EE,h1612,0.4380348659574729,scr2002,avaStIn,bevFrtRoadLight
EE,h1613,0.40762124803256283,scr2002,avaStIn,bevFrtRoadLight
EE,h1614,0.37888830724468336,scr2002,avaStIn,bevFrtRoadLight
EE,h1615,0.36958381422293585,scr2002,avaStIn,bevFrtRoadLight
EE,h1616,0.37840208488783933,scr2002,avaStIn,bevFrtRoadLight
EE,h1617,0.40312593459237533,scr2002,avaStIn,bevFrtRoadLight
EE,h1618,0.41362439373824145,scr2002,avaStIn,bevFrtRoadLight
EE,h1619,0.4028461315685412,scr2002,avaStIn,bevFrtRoadLight
EE,h1620,0.3603437041144123,scr2002,avaStIn,bevFrtRoadLight
EE,h1621,0.300735364069155,scr2002,avaStIn,bevFrtRoadLight
EE,h1622,0.24177370465061954,scr2002,avaStIn,bevFrtRoadLight
EE,h1623,0.21970614560615676,scr2002,avaStIn,bevFrtRoadLight
EE,h1624,0.25508395733229006,scr2002,avaStIn,bevFrtRoadLight
EE,h1625,0.34767139096765254,scr2002,avaStIn,bevFrtRoadLight
EE,h1626,0.45228041046836875,scr2002,avaStIn,bevFrtRoadLight
EE,h1627,0.5341134302691986,scr2002,avaStIn,bevFrtRoadLight
EE,h1628,0.5851656457268322,scr2002,avaStIn,bevFrtRoadLight
EE,h1629,0.6079565962864942,scr2002,avaStIn,bevFrtRoadLight
EE,h1630,0.6088378322847627,scr2002,avaStIn,bevFrtRoadLight
EE,h1631,0.5862547005889717,scr2002,avaStIn,bevFrtRoadLight
EE,h1632,0.5503272305028044,scr2002,avaStIn,bevFrtRoadLight
EE,h1633,0.5157882800473498,scr2002,avaStIn,bevFrtRoadLight
EE,h1634,0.4876212160339364,scr2002,avaStIn,bevFrtRoadLight
EE,h1635,0.4635722307063156,scr2002,avaStIn,bevFrtRoadLight
EE,h1636,0.4380348659574729,scr2002,avaStIn,bevFrtRoadLight
EE,h1637,0.40762124803256283,scr2002,avaStIn,bevFrtRoadLight
EE,h1638,0.37888830724468336,scr2002,avaStIn,bevFrtRoadLight
EE,h1639,0.36958381422293585,scr2002,avaStIn,bevFrtRoadLight
EE,h1640,0.37840208488783933,scr2002,avaStIn,bevFrtRoadLight
EE,h1641,0.40312593459237533,scr2002,avaStIn,bevFrtRoadLight
EE,h1642,0.41362439373824145,scr2002,avaStIn,bevFrtRoadLight
EE,h1643,0.4028461315685412,scr2002,avaStIn,bevFrtRoadLight
EE,h1644,0.3603437041144123,scr2002,avaStIn,bevFrtRoadLight
EE,h1645,0.300735364069155,scr2002,avaStIn,bevFrtRoadLight
EE,h1646,0.24177370465061954,scr2002,avaStIn,bevFrtRoadLight
EE,h1647,0.21970614560615676,scr2002,avaStIn,bevFrtRoadLight
EE,h1648,0.25508395733229006,scr2002,avaStIn,bevFrtRoadLight
EE,h1649,0.34767139096765254,scr2002,avaStIn,bevFrtRoadLight
EE,h1650,0.45228041046836875,scr2002,avaStIn,bevFrtRoadLight
EE,h1651,0.5341134302691986,scr2002,avaStIn,bevFrtRoadLight
EE,h1652,0.5851656457268322,scr2002,avaStIn,bevFrtRoadLight
EE,h1653,0.6079565962864942,scr2002,avaStIn,bevFrtRoadLight
EE,h1654,0.6088378322847627,scr2002,avaStIn,bevFrtRoadLight
EE,h1655,0.5862547005889717,scr2002,avaStIn,bevFrtRoadLight
EE,h1656,0.5503272305028044,scr2002,avaStIn,bevFrtRoadLight
EE,h1657,0.5277989482493217,scr2002,avaStIn,bevFrtRoadLight
EE,h1658,0.5107010378978177,scr2002,avaStIn,bevFrtRoadLight
EE,h1659,0.5002557267591349,scr2002,avaStIn,bevFrtRoadLight
EE,h1660,0.4779833592811431,scr2002,avaStIn,bevFrtRoadLight
EE,h1661,0.45518876455881485,scr2002,avaStIn,bevFrtRoadLight
EE,h1662,0.43596244051473665,scr2002,avaStIn,bevFrtRoadLight
EE,h1663,0.4287672948543091,scr2002,avaStIn,bevFrtRoadLight
EE,h1664,0.4310449118345231,scr2002,avaStIn,bevFrtRoadLight
EE,h1665,0.43651906754470926,scr2002,avaStIn,bevFrtRoadLight
EE,h1666,0.42784196327677315,scr2002,avaStIn,bevFrtRoadLight
EE,h1667,0.40165285769436365,scr2002,avaStIn,bevFrtRoadLight
EE,h1668,0.3554492048303812,scr2002,avaStIn,bevFrtRoadLight
EE,h1669,0.30743387757687923,scr2002,avaStIn,bevFrtRoadLight
EE,h1670,0.278936309503648,scr2002,avaStIn,bevFrtRoadLight
EE,h1671,0.28525649117608465,scr2002,avaStIn,bevFrtRoadLight
EE,h1672,0.33100477113297455,scr2002,avaStIn,bevFrtRoadLight
EE,h1673,0.3951643597987161,scr2002,avaStIn,bevFrtRoadLight
EE,h1674,0.46644985491696445,scr2002,avaStIn,bevFrtRoadLight
EE,h1675,0.5302489042156142,scr2002,avaStIn,bevFrtRoadLight
EE,h1676,0.5770673902258092,scr2002,avaStIn,bevFrtRoadLight
EE,h1677,0.5986769755958498,scr2002,avaStIn,bevFrtRoadLight
EE,h1678,0.6016883948095747,scr2002,avaStIn,bevFrtRoadLight
EE,h1679,0.5924055260109063,scr2002,avaStIn,bevFrtRoadLight
EE,h1680,0.5774847836798132,scr2002,avaStIn,bevFrtRoadLight
EE,h1681,0.5517773619954187,scr2002,avaStIn,bevFrtRoadLight
EE,h1682,0.5248358437172166,scr2002,avaStIn,bevFrtRoadLight
EE,h1683,0.5002557267591349,scr2002,avaStIn,bevFrtRoadLight
EE,h1684,0.4779833592811431,scr2002,avaStIn,bevFrtRoadLight
EE,h1685,0.45518876455881485,scr2002,avaStIn,bevFrtRoadLight
EE,h1686,0.43596244051473665,scr2002,avaStIn,bevFrtRoadLight
EE,h1687,0.4287672948543091,scr2002,avaStIn,bevFrtRoadLight
EE,h1688,0.4310449118345231,scr2002,avaStIn,bevFrtRoadLight
EE,h1689,0.43651906754470926,scr2002,avaStIn,bevFrtRoadLight
EE,h1690,0.42784196327677315,scr2002,avaStIn,bevFrtRoadLight
EE,h1691,0.40165285769436365,scr2002,avaStIn,bevFrtRoadLight
EE,h1692,0.3554492048303812,scr2002,avaStIn,bevFrtRoadLight
EE,h1693,0.30743387757687923,scr2002,avaStIn,bevFrtRoadLight
EE,h1694,0.278936309503648,scr2002,avaStIn,bevFrtRoadLight
EE,h1695,0.28525649117608465,scr2002,avaStIn,bevFrtRoadLight
EE,h1696,0.33100477113297455,scr2002,avaStIn,bevFrtRoadLight
EE,h1697,0.3951643597987161,scr2002,avaStIn,bevFrtRoadLight
EE,h1698,0.46644985491696445,scr2002,avaStIn,bevFrtRoadLight
EE,h1699,0.5302489042156142,scr2002,avaStIn,bevFrtRoadLight
EE,h1700,0.5770673902258092,scr2002,avaStIn,bevFrtRoadLight
EE,h1701,0.5986769755958498,scr2002,avaStIn,bevFrtRoadLight
EE,h1702,0.6016883948095747,scr2002,avaStIn,bevFrtRoadLight
EE,h1703,0.5924055260109063,scr2002,avaStIn,bevFrtRoadLight
EE,h1704,0.5774847836798132,scr2002,avaStIn,bevFrtRoadLight
EE,h1705,0.509038057831711,scr2002,avaStIn,bevFrtRoadLight
EE,h1706,0.45316073221470254,scr2002,avaStIn,bevFrtRoadLight
EE,h1707,0.4106293035759673,scr2002,avaStIn,bevFrtRoadLight
EE,h1708,0.4302562346105031,scr2002,avaStIn,bevFrtRoadLight
EE,h1709,0.4411964644145132,scr2002,avaStIn,bevFrtRoadLight
EE,h1710,0.45751109901302867,scr2002,avaStIn,bevFrtRoadLight
EE,h1711,0.48871757217710954,scr2002,avaStIn,bevFrtRoadLight
EE,h1712,0.5314509691002262,scr2002,avaStIn,bevFrtRoadLight
EE,h1713,0.5711878747561929,scr2002,avaStIn,bevFrtRoadLight
EE,h1714,0.5980939691710526,scr2002,avaStIn,bevFrtRoadLight
EE,h1715,0.608394034195855,scr2002,avaStIn,bevFrtRoadLight
EE,h1716,0.6010568773540479,scr2002,avaStIn,bevFrtRoadLight
EE,h1717,0.5764247164288175,scr2002,avaStIn,bevFrtRoadLight
EE,h1718,0.5401459054358786,scr2002,avaStIn,bevFrtRoadLight
EE,h1719,0.4982672792884357,scr2002,avaStIn,bevFrtRoadLight
EE,h1720,0.4574139907405833,scr2002,avaStIn,bevFrtRoadLight
EE,h1721,0.42470386872332366,scr2002,avaStIn,bevFrtRoadLight
EE,h1722,0.4070105681582177,scr2002,avaStIn,bevFrtRoadLight
EE,h1723,0.3993554704479094,scr2002,avaStIn,bevFrtRoadLight
EE,h1724,0.3942528360151184,scr2002,avaStIn,bevFrtRoadLight
EE,h1725,0.3809841238928826,scr2002,avaStIn,bevFrtRoadLight
EE,h1726,0.3497784944040866,scr2002,avaStIn,bevFrtRoadLight
EE,h1727,0.3123069662403203,scr2002,avaStIn,bevFrtRoadLight
EE,h1728,0.2821792829284123,scr2002,avaStIn,bevFrtRoadLight
EE,h1729,0.3106843918239848,scr2002,avaStIn,bevFrtRoadLight
EE,h1730,0.35866299968064763,scr2002,avaStIn,bevFrtRoadLight
EE,h1731,0.4106293035759673,scr2002,avaStIn,bevFrtRoadLight
EE,h1732,0.4302562346105031,scr2002,avaStIn,bevFrtRoadLight
EE,h1733,0.4411964644145132,scr2002,avaStIn,bevFrtRoadLight
EE,h1734,0.45751109901302867,scr2002,avaStIn,bevFrtRoadLight
EE,h1735,0.48871757217710954,scr2002,avaStIn,bevFrtRoadLight
EE,h1736,0.5314509691002262,scr2002,avaStIn,bevFrtRoadLight
EE,h1737,0.5711878747561929,scr2002,avaStIn,bevFrtRoadLight
EE,h1738,0.5980939691710526,scr2002,avaStIn,bevFrtRoadLight
EE,h1739,0.608394034195855,scr2002,avaStIn,bevFrtRoadLight
EE,h1740,0.6010568773540479,scr2002,avaStIn,bevFrtRoadLight
EE,h1741,0.5764247164288175,scr2002,avaStIn,bevFrtRoadLight
EE,h1742,0.5401459054358786,scr2002,avaStIn,bevFrtRoadLight
EE,h1743,0.4982672792884357,scr2002,avaStIn,bevFrtRoadLight
EE,h1744,0.4574139907405833,scr2002,avaStIn,bevFrtRoadLight
EE,h1745,0.42470386872332366,scr2002,avaStIn,bevFrtRoadLight
EE,h1746,0.4070105681582177,scr2002,avaStIn,bevFrtRoadLight
EE,h1747,0.3993554704479094,scr2002,avaStIn,bevFrtRoadLight
EE,h1748,0.3942528360151184,scr2002,avaStIn,bevFrtRoadLight
EE,h1749,0.3809841238928826,scr2002,avaStIn,bevFrtRoadLight
EE,h1750,0.3497784944040866,scr2002,avaStIn,bevFrtRoadLight
EE,h1751,0.3123069662403203,scr2002,avaStIn,bevFrtRoadLight
EE,h1752,0.2821792829284123,scr2002,avaStIn,bevFrtRoadLight
EE,h1753,0.3106843918239848,scr2002,avaStIn,bevFrtRoadLight
EE,h1754,0.35866299968064763,scr2002,avaStIn,bevFrtRoadLight
EE,h1755,0.4106293035759673,scr2002,avaStIn,bevFrtRoadLight
EE,h1756,0.4302562346105031,scr2002,avaStIn,bevFrtRoadLight
EE,h1757,0.4411964644145132,scr2002,avaStIn,bevFrtRoadLight
EE,h1758,0.45751109901302867,scr2002,avaStIn,bevFrtRoadLight
EE,h1759,0.48871757217710954,scr2002,avaStIn,bevFrtRoadLight
EE,h1760,0.5314509691002262,scr2002,avaStIn,bevFrtRoadLight
EE,h1761,0.5711878747561929,scr2002,avaStIn,bevFrtRoadLight
EE,h1762,0.5980939691710526,scr2002,avaStIn,bevFrtRoadLight
EE,h1763,0.608394034195855,scr2002,avaStIn,bevFrtRoadLight
EE,h1764,0.6010568773540479,scr2002,avaStIn,bevFrtRoadLight
EE,h1765,0.5764247164288175,scr2002,avaStIn,bevFrtRoadLight
EE,h1766,0.5401459054358786,scr2002,avaStIn,bevFrtRoadLight
EE,h1767,0.4982672792884357,scr2002,avaStIn,bevFrtRoadLight
EE,h1768,0.4574139907405833,scr2002,avaStIn,bevFrtRoadLight
EE,h1769,0.42470386872332366,scr2002,avaStIn,bevFrtRoadLight
EE,h1770,0.4070105681582177,scr2002,avaStIn,bevFrtRoadLight
EE,h1771,0.3993554704479094,scr2002,avaStIn,bevFrtRoadLight
EE,h1772,0.3942528360151184,scr2002,avaStIn,bevFrtRoadLight
EE,h1773,0.3809841238928826,scr2002,avaStIn,bevFrtRoadLight
EE,h1774,0.3497784944040866,scr2002,avaStIn,bevFrtRoadLight
EE,h1775,0.3123069662403203,scr2002,avaStIn,bevFrtRoadLight
EE,h1776,0.2821792829284123,scr2002,avaStIn,bevFrtRoadLight
EE,h1777,0.230095162221032,scr2002,avaStIn,bevFrtRoadLight
EE,h1778,0.2300917975935889,scr2002,avaStIn,bevFrtRoadLight
EE,h1779,0.27148343409663167,scr2002,avaStIn,bevFrtRoadLight
EE,h1780,0.3790725700696759,scr2002,avaStIn,bevFrtRoadLight
EE,h1781,0.4623404992613247,scr2002,avaStIn,bevFrtRoadLight
EE,h1782,0.5259162274800008,scr2002,avaStIn,bevFrtRoadLight
EE,h1783,0.5772992909654577,scr2002,avaStIn,bevFrtRoadLight
EE,h1784,0.6171735770568829,scr2002,avaStIn,bevFrtRoadLight
EE,h1785,0.6409152522621753,scr2002,avaStIn,bevFrtRoadLight
EE,h1786,0.6489166669999998,scr2002,avaStIn,bevFrtRoadLight
EE,h1787,0.6400350534574337,scr2002,avaStIn,bevFrtRoadLight
EE,h1788,0.61588415769173,scr2002,avaStIn,bevFrtRoadLight
EE,h1789,0.5753501172674538,scr2002,avaStIn,bevFrtRoadLight
EE,h1790,0.5273486726990765,scr2002,avaStIn,bevFrtRoadLight
EE,h1791,0.47682400205808595,scr2002,avaStIn,bevFrtRoadLight
EE,h1792,0.4288063768750643,scr2002,avaStIn,bevFrtRoadLight
EE,h1793,0.39374570481652504,scr2002,avaStIn,bevFrtRoadLight
EE,h1794,0.3749031506247579,scr2002,avaStIn,bevFrtRoadLight
EE,h1795,0.37209330121313167,scr2002,avaStIn,bevFrtRoadLight
EE,h1796,0.36873105182903665,scr2002,avaStIn,bevFrtRoadLight
EE,h1797,0.3543630997986469,scr2002,avaStIn,bevFrtRoadLight
EE,h1798,0.3154781828948128,scr2002,avaStIn,bevFrtRoadLight
EE,h1799,0.27112993299959987,scr2002,avaStIn,bevFrtRoadLight
EE,h1800,0.2381911639591776,scr2002,avaStIn,bevFrtRoadLight
EE,h1801,0.20075744833264675,scr2002,avaStIn,bevFrtRoadLight
EE,h1802,0.21575624655576675,scr2002,avaStIn,bevFrtRoadLight
EE,h1803,0.27148343409663167,scr2002,avaStIn,bevFrtRoadLight
EE,h1804,0.3790725700696759,scr2002,avaStIn,bevFrtRoadLight
EE,h1805,0.4623404992613247,scr2002,avaStIn,bevFrtRoadLight
EE,h1806,0.5259162274800008,scr2002,avaStIn,bevFrtRoadLight
EE,h1807,0.5772992909654577,scr2002,avaStIn,bevFrtRoadLight
EE,h1808,0.6171735770568829,scr2002,avaStIn,bevFrtRoadLight
EE,h1809,0.6409152522621753,scr2002,avaStIn,bevFrtRoadLight
EE,h1810,0.6489166669999998,scr2002,avaStIn,bevFrtRoadLight
EE,h1811,0.6400350534574337,scr2002,avaStIn,bevFrtRoadLight
EE,h1812,0.61588415769173,scr2002,avaStIn,bevFrtRoadLight
EE,h1813,0.5753501172674538,scr2002,avaStIn,bevFrtRoadLight
EE,h1814,0.5273486726990765,scr2002,avaStIn,bevFrtRoadLight
EE,h1815,0.47682400205808595,scr2002,avaStIn,bevFrtRoadLight
EE,h1816,0.4288063768750643,scr2002,avaStIn,bevFrtRoadLight
EE,h1817,0.39374570481652504,scr2002,avaStIn,bevFrtRoadLight
EE,h1818,0.3749031506247579,scr2002,avaStIn,bevFrtRoadLight
EE,h1819,0.37209330121313167,scr2002,avaStIn,bevFrtRoadLight
EE,h1820,0.36873105182903665,scr2002,avaStIn,bevFrtRoadLight
EE,h1821,0.3543630997986469,scr2002,avaStIn,bevFrtRoadLight
EE,h1822,0.3154781828948128,scr2002,avaStIn,bevFrtRoadLight
EE,h1823,0.27112993299959987,scr2002,avaStIn,bevFrtRoadLight
EE,h1824,0.2381911639591776,scr2002,avaStIn,bevFrtRoadLight
EE,h1825,0.28388199759953203,scr2002,avaStIn,bevFrtRoadLight
EE,h1826,0.34615260530650627,scr2002,avaStIn,bevFrtRoadLight
EE,h1827,0.4106293035759673,scr2002,avaStIn,bevFrtRoadLight
EE,h1828,0.4302562346105031,scr2002,avaStIn,bevFrtRoadLight
EE,h1829,0.4411964644145132,scr2002,avaStIn,bevFrtRoadLight
EE,h1830,0.45751109901302867,scr2002,avaStIn,bevFrtRoadLight
EE,h1831,0.48871757217710954,scr2002,avaStIn,bevFrtRoadLight
EE,h1832,0.5314509691002262,scr2002,avaStIn,bevFrtRoadLight
EE,h1833,0.5711878747561929,scr2002,avaStIn,bevFrtRoadLight
EE,h1834,0.5980939691710526,scr2002,avaStIn,bevFrtRoadLight
EE,h1835,0.608394034195855,scr2002,avaStIn,bevFrtRoadLight
EE,h1836,0.6010568773540479,scr2002,avaStIn,bevFrtRoadLight
EE,h1837,0.5764247164288175,scr2002,avaStIn,bevFrtRoadLight
EE,h1838,0.5401459054358786,scr2002,avaStIn,bevFrtRoadLight
EE,h1839,0.4982672792884357,scr2002,avaStIn,bevFrtRoadLight
EE,h1840,0.4574139907405833,scr2002,avaStIn,bevFrtRoadLight
EE,h1841,0.42470386872332366,scr2002,avaStIn,bevFrtRoadLight
EE,h1842,0.4070105681582177,scr2002,avaStIn,bevFrtRoadLight
EE,h1843,0.3993554704479094,scr2002,avaStIn,bevFrtRoadLight
EE,h1844,0.3942528360151184,scr2002,avaStIn,bevFrtRoadLight
EE,h1845,0.3809841238928826,scr2002,avaStIn,bevFrtRoadLight
EE,h1846,0.3497784944040866,scr2002,avaStIn,bevFrtRoadLight
EE,h1847,0.3123069662403203,scr2002,avaStIn,bevFrtRoadLight
EE,h1848,0.2821792829284123,scr2002,avaStIn,bevFrtRoadLight
EE,h1849,0.3106843918239848,scr2002,avaStIn,bevFrtRoadLight
EE,h1850,0.35866299968064763,scr2002,avaStIn,bevFrtRoadLight
EE,h1851,0.4106293035759673,scr2002,avaStIn,bevFrtRoadLight
EE,h1852,0.4302562346105031,scr2002,avaStIn,bevFrtRoadLight
EE,h1853,0.4411964644145132,scr2002,avaStIn,bevFrtRoadLight
EE,h1854,0.45751109901302867,scr2002,avaStIn,bevFrtRoadLight
EE,h1855,0.48871757217710954,scr2002,avaStIn,bevFrtRoadLight
EE,h1856,0.5314509691002262,scr2002,avaStIn,bevFrtRoadLight
EE,h1857,0.5711878747561929,scr2002,avaStIn,bevFrtRoadLight
EE,h1858,0.5980939691710526,scr2002,avaStIn,bevFrtRoadLight
EE,h1859,0.608394034195855,scr2002,avaStIn,bevFrtRoadLight
EE,h1860,0.6010568773540479,scr2002,avaStIn,bevFrtRoadLight
EE,h1861,0.5764247164288175,scr2002,avaStIn,bevFrtRoadLight
EE,h1862,0.5401459054358786,scr2002,avaStIn,bevFrtRoadLight
EE,h1863,0.4982672792884357,scr2002,avaStIn,bevFrtRoadLight
EE,h1864,0.4574139907405833,scr2002,avaStIn,bevFrtRoadLight
EE,h1865,0.42470386872332366,scr2002,avaStIn,bevFrtRoadLight
EE,h1866,0.4070105681582177,scr2002,avaStIn,bevFrtRoadLight
EE,h1867,0.3993554704479094,scr2002,avaStIn,bevFrtRoadLight
EE,h1868,0.3942528360151184,scr2002,avaStIn,bevFrtRoadLight
EE,h1869,0.3809841238928826,scr2002,avaStIn,bevFrtRoadLight
EE,h1870,0.3497784944040866,scr2002,avaStIn,bevFrtRoadLight
EE,h1871,0.3123069662403203,scr2002,avaStIn,bevFrtRoadLight
EE,h1872,0.2821792829284123,scr2002,avaStIn,bevFrtRoadLight
EE,h1873,0.3106843918239848,scr2002,avaStIn,bevFrtRoadLight
EE,h1874,0.35866299968064763,scr2002,avaStIn,bevFrtRoadLight
EE,h1875,0.4106293035759673,scr2002,avaStIn,bevFrtRoadLight
EE,h1876,0.4302562346105031,scr2002,avaStIn,bevFrtRoadLight
EE,h1877,0.4411964644145132,scr2002,avaStIn,bevFrtRoadLight
EE,h1878,0.45751109901302867,scr2002,avaStIn,bevFrtRoadLight
EE,h1879,0.48871757217710954,scr2002,avaStIn,bevFrtRoadLight
EE,h1880,0.5314509691002262,scr2002,avaStIn,bevFrtRoadLight
EE,h1881,0.5711878747561929,scr2002,avaStIn,bevFrtRoadLight
EE,h1882,0.5980939691710526,scr2002,avaStIn,bevFrtRoadLight
EE,h1883,0.608394034195855,scr2002,avaStIn,bevFrtRoadLight
EE,h1884,0.6010568773540479,scr2002,avaStIn,bevFrtRoadLight
EE,h1885,0.5764247164288175,scr2002,avaStIn,bevFrtRoadLight
EE,h1886,0.5401459054358786,scr2002,avaStIn,bevFrtRoadLight
EE,h1887,0.4982672792884357,scr2002,avaStIn,bevFrtRoadLight
EE,h1888,0.4574139907405833,scr2002,avaStIn,bevFrtRoadLight
EE,h1889,0.42470386872332366,scr2002,avaStIn,bevFrtRoadLight
EE,h1890,0.4070105681582177,scr2002,avaStIn,bevFrtRoadLight
EE,h1891,0.3993554704479094,scr2002,avaStIn,bevFrtRoadLight
EE,h1892,0.3942528360151184,scr2002,avaStIn,bevFrtRoadLight
EE,h1893,0.3809841238928826,scr2002,avaStIn,bevFrtRoadLight
EE,h1894,0.3497784944040866,scr2002,avaStIn,bevFrtRoadLight
EE,h1895,0.3123069662403203,scr2002,avaStIn,bevFrtRoadLight
EE,h1896,0.2821792829284123,scr2002,avaStIn,bevFrtRoadLight
EE,h1897,0.3106843918239848,scr2002,avaStIn,bevFrtRoadLight
EE,h1898,0.35866299968064763,scr2002,avaStIn,bevFrtRoadLight
EE,h1899,0.4106293035759673,scr2002,avaStIn,bevFrtRoadLight
EE,h1900,0.4302562346105031,scr2002,avaStIn,bevFrtRoadLight
EE,h1901,0.4411964644145132,scr2002,avaStIn,bevFrtRoadLight
EE,h1902,0.45751109901302867,scr2002,avaStIn,bevFrtRoadLight
EE,h1903,0.48871757217710954,scr2002,avaStIn,bevFrtRoadLight
EE,h1904,0.5314509691002262,scr2002,avaStIn,bevFrtRoadLight
EE,h1905,0.5711878747561929,scr2002,avaStIn,bevFrtRoadLight
EE,h1906,0.5980939691710526,scr2002,avaStIn,bevFrtRoadLight
EE,h1907,0.608394034195855,scr2002,avaStIn,bevFrtRoadLight
EE,h1908,0.6010568773540479,scr2002,avaStIn,bevFrtRoadLight
EE,h1909,0.5764247164288175,scr2002,avaStIn,bevFrtRoadLight
EE,h1910,0.5401459054358786,scr2002,avaStIn,bevFrtRoadLight
EE,h1911,0.4982672792884357,scr2002,avaStIn,bevFrtRoadLight
EE,h1912,0.4574139907405833,scr2002,avaStIn,bevFrtRoadLight
EE,h1913,0.42470386872332366,scr2002,avaStIn,bevFrtRoadLight
EE,h1914,0.4070105681582177,scr2002,avaStIn,bevFrtRoadLight
EE,h1915,0.3993554704479094,scr2002,avaStIn,bevFrtRoadLight
EE,h1916,0.3942528360151184,scr2002,avaStIn,bevFrtRoadLight
EE,h1917,0.3809841238928826,scr2002,avaStIn,bevFrtRoadLight
EE,h1918,0.3497784944040866,scr2002,avaStIn,bevFrtRoadLight
EE,h1919,0.3123069662403203,scr2002,avaStIn,bevFrtRoadLight
EE,h1920,0.2821792829284123,scr2002,avaStIn,bevFrtRoadLight
EE,h1921,0.3106843918239848,scr2002,avaStIn,bevFrtRoadLight
EE,h1922,0.35866299968064763,scr2002,avaStIn,bevFrtRoadLight
EE,h1923,0.4106293035759673,scr2002,avaStIn,bevFrtRoadLight
EE,h1924,0.4302562346105031,scr2002,avaStIn,bevFrtRoadLight
EE,h1925,0.4411964644145132,scr2002,avaStIn,bevFrtRoadLight
EE,h1926,0.45751109901302867,scr2002,avaStIn,bevFrtRoadLight
EE,h1927,0.48871757217710954,scr2002,avaStIn,bevFrtRoadLight
EE,h1928,0.5314509691002262,scr2002,avaStIn,bevFrtRoadLight
EE,h1929,0.5711878747561929,scr2002,avaStIn,bevFrtRoadLight
EE,h1930,0.5980939691710526,scr2002,avaStIn,bevFrtRoadLight
EE,h1931,0.608394034195855,scr2002,avaStIn,bevFrtRoadLight
EE,h1932,0.6010568773540479,scr2002,avaStIn,bevFrtRoadLight
EE,h1933,0.5764247164288175,scr2002,avaStIn,bevFrtRoadLight
EE,h1934,0.5401459054358786,scr2002,avaStIn,bevFrtRoadLight
EE,h1935,0.4982672792884357,scr2002,avaStIn,bevFrtRoadLight
EE,h1936,0.4574139907405833,scr2002,avaStIn,bevFrtRoadLight
EE,h1937,0.42470386872332366,scr2002,avaStIn,bevFrtRoadLight
EE,h1938,0.4070105681582177,scr2002,avaStIn,bevFrtRoadLight
EE,h1939,0.3993554704479094,scr2002,avaStIn,bevFrtRoadLight
EE,h1940,0.3942528360151184,scr2002,avaStIn,bevFrtRoadLight
EE,h1941,0.3809841238928826,scr2002,avaStIn,bevFrtRoadLight
EE,h1942,0.3497784944040866,scr2002,avaStIn,bevFrtRoadLight
EE,h1943,0.3123069662403203,scr2002,avaStIn,bevFrtRoadLight
EE,h1944,0.2821792829284123,scr2002,avaStIn,bevFrtRoadLight
EE,h1945,0.230095162221032,scr2002,avaStIn,bevFrtRoadLight
EE,h1946,0.2300917975935889,scr2002,avaStIn,bevFrtRoadLight
EE,h1947,0.27148343409663167,scr2002,avaStIn,bevFrtRoadLight
EE,h1948,0.3790725700696759,scr2002,avaStIn,bevFrtRoadLight
EE,h1949,0.4623404992613247,scr2002,avaStIn,bevFrtRoadLight
EE,h1950,0.5259162274800008,scr2002,avaStIn,bevFrtRoadLight
EE,h1951,0.5772992909654577,scr2002,avaStIn,bevFrtRoadLight
EE,h1952,0.6171735770568829,scr2002,avaStIn,bevFrtRoadLight
EE,h1953,0.6409152522621753,scr2002,avaStIn,bevFrtRoadLight
EE,h1954,0.6489166669999998,scr2002,avaStIn,bevFrtRoadLight
EE,h1955,0.6400350534574337,scr2002,avaStIn,bevFrtRoadLight
EE,h1956,0.61588415769173,scr2002,avaStIn,bevFrtRoadLight
EE,h1957,0.5753501172674538,scr2002,avaStIn,bevFrtRoadLight
EE,h1958,0.5273486726990765,scr2002,avaStIn,bevFrtRoadLight
EE,h1959,0.47682400205808595,scr2002,avaStIn,bevFrtRoadLight
EE,h1960,0.4288063768750643,scr2002,avaStIn,bevFrtRoadLight
EE,h1961,0.39374570481652504,scr2002,avaStIn,bevFrtRoadLight
EE,h1962,0.3749031506247579,scr2002,avaStIn,bevFrtRoadLight
EE,h1963,0.37209330121313167,scr2002,avaStIn,bevFrtRoadLight
EE,h1964,0.36873105182903665,scr2002,avaStIn,bevFrtRoadLight
EE,h1965,0.3543630997986469,scr2002,avaStIn,bevFrtRoadLight
EE,h1966,0.3154781828948128,scr2002,avaStIn,bevFrtRoadLight
EE,h1967,0.27112993299959987,scr2002,avaStIn,bevFrtRoadLight
EE,h1968,0.2381911639591776,scr2002,avaStIn,bevFrtRoadLight
EE,h1969,0.20075744833264675,scr2002,avaStIn,bevFrtRoadLight
EE,h1970,0.21575624655576675,scr2002,avaStIn,bevFrtRoadLight
EE,h1971,0.27148343409663167,scr2002,avaStIn,bevFrtRoadLight
EE,h1972,0.3790725700696759,scr2002,avaStIn,bevFrtRoadLight
EE,h1973,0.4623404992613247,scr2002,avaStIn,bevFrtRoadLight
EE,h1974,0.5259162274800008,scr2002,avaStIn,bevFrtRoadLight
EE,h1975,0.5772992909654577,scr2002,avaStIn,bevFrtRoadLight
EE,h1976,0.6171735770568829,scr2002,avaStIn,bevFrtRoadLight
EE,h1977,0.6409152522621753,scr2002,avaStIn,bevFrtRoadLight
EE,h1978,0.6489166669999998,scr2002,avaStIn,bevFrtRoadLight
EE,h1979,0.6400350534574337,scr2002,avaStIn,bevFrtRoadLight
EE,h1980,0.61588415769173,scr2002,avaStIn,bevFrtRoadLight
EE,h1981,0.5753501172674538,scr2002,avaStIn,bevFrtRoadLight
EE,h1982,0.5273486726990765,scr2002,avaStIn,bevFrtRoadLight
EE,h1983,0.47682400205808595,scr2002,avaStIn,bevFrtRoadLight
EE,h1984,0.4288063768750643,scr2002,avaStIn,bevFrtRoadLight
EE,h1985,0.39374570481652504,scr2002,avaStIn,bevFrtRoadLight
EE,h1986,0.3749031506247579,scr2002,avaStIn,bevFrtRoadLight
EE,h1987,0.37209330121313167,scr2002,avaStIn,bevFrtRoadLight
EE,h1988,0.36873105182903665,scr2002,avaStIn,bevFrtRoadLight
EE,h1989,0.3543630997986469,scr2002,avaStIn,bevFrtRoadLight
EE,h1990,0.3154781828948128,scr2002,avaStIn,bevFrtRoadLight
EE,h1991,0.27112993299959987,scr2002,avaStIn,bevFrtRoadLight
EE,h1992,0.2381911639591776,scr2002,avaStIn,bevFrtRoadLight
EE,h1993,0.28388199759953203,scr2002,avaStIn,bevFrtRoadLight
EE,h1994,0.34615260530650627,scr2002,avaStIn,bevFrtRoadLight
EE,h1995,0.4106293035759673,scr2002,avaStIn,bevFrtRoadLight
EE,h1996,0.4302562346105031,scr2002,avaStIn,bevFrtRoadLight
EE,h1997,0.4411964644145132,scr2002,avaStIn,bevFrtRoadLight
EE,h1998,0.45751109901302867,scr2002,avaStIn,bevFrtRoadLight
EE,h1999,0.48871757217710954,scr2002,avaStIn,bevFrtRoadLight
EE,h2000,0.5314509691002262,scr2002,avaStIn,bevFrtRoadLight
EE,h2001,0.5711878747561929,scr2002,avaStIn,bevFrtRoadLight
EE,h2002,0.5980939691710526,scr2002,avaStIn,bevFrtRoadLight
EE,h2003,0.608394034195855,scr2002,avaStIn,bevFrtRoadLight
EE,h2004,0.6010568773540479,scr2002,avaStIn,bevFrtRoadLight
EE,h2005,0.5764247164288175,scr2002,avaStIn,bevFrtRoadLight
EE,h2006,0.5401459054358786,scr2002,avaStIn,bevFrtRoadLight
EE,h2007,0.4982672792884357,scr2002,avaStIn,bevFrtRoadLight
EE,h2008,0.4574139907405833,scr2002,avaStIn,bevFrtRoadLight
EE,h2009,0.42470386872332366,scr2002,avaStIn,bevFrtRoadLight
EE,h2010,0.4070105681582177,scr2002,avaStIn,bevFrtRoadLight
EE,h2011,0.3993554704479094,scr2002,avaStIn,bevFrtRoadLight
EE,h2012,0.3942528360151184,scr2002,avaStIn,bevFrtRoadLight
EE,h2013,0.3809841238928826,scr2002,avaStIn,bevFrtRoadLight
EE,h2014,0.3497784944040866,scr2002,avaStIn,bevFrtRoadLight
EE,h2015,0.3123069662403203,scr2002,avaStIn,bevFrtRoadLight
EE,h2016,0.2821792829284123,scr2002,avaStIn,bevFrtRoadLight
EE,h2017,0.3072840894621327,scr2002,avaStIn,bevFrtRoadLight
EE,h2018,0.33666905394072466,scr2002,avaStIn,bevFrtRoadLight
EE,h2019,0.36655496485550265,scr2002,avaStIn,bevFrtRoadLight
EE,h2020,0.3745731212047183,scr2002,avaStIn,bevFrtRoadLight
EE,h2021,0.4026088526762964,scr2002,avaStIn,bevFrtRoadLight
EE,h2022,0.44640061438376677,scr2002,avaStIn,bevFrtRoadLight
EE,h2023,0.4973037920546317,scr2002,avaStIn,bevFrtRoadLight
EE,h2024,0.5420216950586382,scr2002,avaStIn,bevFrtRoadLight
EE,h2025,0.5736954068525849,scr2002,avaStIn,bevFrtRoadLight
EE,h2026,0.5880342997851788,scr2002,avaStIn,bevFrtRoadLight
EE,h2027,0.5918947845476326,scr2002,avaStIn,bevFrtRoadLight
EE,h2028,0.5837522950091351,scr2002,avaStIn,bevFrtRoadLight
EE,h2029,0.566630011228302,scr2002,avaStIn,bevFrtRoadLight
EE,h2030,0.5326460205473856,scr2002,avaStIn,bevFrtRoadLight
EE,h2031,0.48334141219508586,scr2002,avaStIn,bevFrtRoadLight
EE,h2032,0.4237800531764452,scr2002,avaStIn,bevFrtRoadLight
EE,h2033,0.3668064382544399,scr2002,avaStIn,bevFrtRoadLight
EE,h2034,0.33858624085132816,scr2002,avaStIn,bevFrtRoadLight
EE,h2035,0.33981235579051505,scr2002,avaStIn,bevFrtRoadLight
EE,h2036,0.3644150552627201,scr2002,avaStIn,bevFrtRoadLight
EE,h2037,0.39407002810213865,scr2002,avaStIn,bevFrtRoadLight
EE,h2038,0.4100441996396512,scr2002,avaStIn,bevFrtRoadLight
EE,h2039,0.41244752514225314,scr2002,avaStIn,bevFrtRoadLight
EE,h2040,0.3977671810575979,scr2002,avaStIn,bevFrtRoadLight
EE,h2041,0.3840802424090224,scr2002,avaStIn,bevFrtRoadLight
EE,h2042,0.37136048642151265,scr2002,avaStIn,bevFrtRoadLight
EE,h2043,0.36655496485550265,scr2002,avaStIn,bevFrtRoadLight
EE,h2044,0.3745731212047183,scr2002,avaStIn,bevFrtRoadLight
EE,h2045,0.4026088526762964,scr2002,avaStIn,bevFrtRoadLight
EE,h2046,0.44640061438376677,scr2002,avaStIn,bevFrtRoadLight
EE,h2047,0.4973037920546317,scr2002,avaStIn,bevFrtRoadLight
EE,h2048,0.5420216950586382,scr2002,avaStIn,bevFrtRoadLight
EE,h2049,0.5736954068525849,scr2002,avaStIn,bevFrtRoadLight
EE,h2050,0.5880342997851788,scr2002,avaStIn,bevFrtRoadLight
EE,h2051,0.5918947845476326,scr2002,avaStIn,bevFrtRoadLight
EE,h2052,0.5837522950091351,scr2002,avaStIn,bevFrtRoadLight
EE,h2053,0.566630011228302,scr2002,avaStIn,bevFrtRoadLight
EE,h2054,0.5326460205473856,scr2002,avaStIn,bevFrtRoadLight
EE,h2055,0.48334141219508586,scr2002,avaStIn,bevFrtRoadLight
EE,h2056,0.4237800531764452,scr2002,avaStIn,bevFrtRoadLight
EE,h2057,0.3668064382544399,scr2002,avaStIn,bevFrtRoadLight
EE,h2058,0.33858624085132816,scr2002,avaStIn,bevFrtRoadLight
EE,h2059,0.33981235579051505,scr2002,avaStIn,bevFrtRoadLight
EE,h2060,0.3644150552627201,scr2002,avaStIn,bevFrtRoadLight
EE,h2061,0.39407002810213865,scr2002,avaStIn,bevFrtRoadLight
EE,h2062,0.4100441996396512,scr2002,avaStIn,bevFrtRoadLight
EE,h2063,0.41244752514225314,scr2002,avaStIn,bevFrtRoadLight
EE,h2064,0.3977671810575979,scr2002,avaStIn,bevFrtRoadLight
EE,h2065,0.3840802424090224,scr2002,avaStIn,bevFrtRoadLight
EE,h2066,0.37136048642151265,scr2002,avaStIn,bevFrtRoadLight
EE,h2067,0.36655496485550265,scr2002,avaStIn,bevFrtRoadLight
EE,h2068,0.3745731212047183,scr2002,avaStIn,bevFrtRoadLight
EE,h2069,0.4026088526762964,scr2002,avaStIn,bevFrtRoadLight
EE,h2070,0.44640061438376677,scr2002,avaStIn,bevFrtRoadLight
EE,h2071,0.4973037920546317,scr2002,avaStIn,bevFrtRoadLight
EE,h2072,0.5420216950586382,scr2002,avaStIn,bevFrtRoadLight
EE,h2073,0.5736954068525849,scr2002,avaStIn,bevFrtRoadLight
EE,h2074,0.5880342997851788,scr2002,avaStIn,bevFrtRoadLight
EE,h2075,0.5918947845476326,scr2002,avaStIn,bevFrtRoadLight
EE,h2076,0.5837522950091351,scr2002,avaStIn,bevFrtRoadLight
EE,h2077,0.566630011228302,scr2002,avaStIn,bevFrtRoadLight
EE,h2078,0.5326460205473856,scr2002,avaStIn,bevFrtRoadLight
EE,h2079,0.48334141219508586,scr2002,avaStIn,bevFrtRoadLight
EE,h2080,0.4237800531764452,scr2002,avaStIn,bevFrtRoadLight
EE,h2081,0.3668064382544399,scr2002,avaStIn,bevFrtRoadLight
EE,h2082,0.33858624085132816,scr2002,avaStIn,bevFrtRoadLight
EE,h2083,0.33981235579051505,scr2002,avaStIn,bevFrtRoadLight
EE,h2084,0.3644150552627201,scr2002,avaStIn,bevFrtRoadLight
EE,h2085,0.39407002810213865,scr2002,avaStIn,bevFrtRoadLight
EE,h2086,0.4100441996396512,scr2002,avaStIn,bevFrtRoadLight
EE,h2087,0.41244752514225314,scr2002,avaStIn,bevFrtRoadLight
EE,h2088,0.3977671810575979,scr2002,avaStIn,bevFrtRoadLight
EE,h2089,0.3840802424090224,scr2002,avaStIn,bevFrtRoadLight
EE,h2090,0.37136048642151265,scr2002,avaStIn,bevFrtRoadLight
EE,h2091,0.36655496485550265,scr2002,avaStIn,bevFrtRoadLight
EE,h2092,0.3745731212047183,scr2002,avaStIn,bevFrtRoadLight
EE,h2093,0.4026088526762964,scr2002,avaStIn,bevFrtRoadLight
EE,h2094,0.44640061438376677,scr2002,avaStIn,bevFrtRoadLight
EE,h2095,0.4973037920546317,scr2002,avaStIn,bevFrtRoadLight
EE,h2096,0.5420216950586382,scr2002,avaStIn,bevFrtRoadLight
EE,h2097,0.5736954068525849,scr2002,avaStIn,bevFrtRoadLight
EE,h2098,0.5880342997851788,scr2002,avaStIn,bevFrtRoadLight
EE,h2099,0.5918947845476326,scr2002,avaStIn,bevFrtRoadLight
EE,h2100,0.5837522950091351,scr2002,avaStIn,bevFrtRoadLight
EE,h2101,0.566630011228302,scr2002,avaStIn,bevFrtRoadLight
EE,h2102,0.5326460205473856,scr2002,avaStIn,bevFrtRoadLight
EE,h2103,0.48334141219508586,scr2002,avaStIn,bevFrtRoadLight
EE,h2104,0.4237800531764452,scr2002,avaStIn,bevFrtRoadLight
EE,h2105,0.3668064382544399,scr2002,avaStIn,bevFrtRoadLight
EE,h2106,0.33858624085132816,scr2002,avaStIn,bevFrtRoadLight
EE,h2107,0.33981235579051505,scr2002,avaStIn,bevFrtRoadLight
EE,h2108,0.3644150552627201,scr2002,avaStIn,bevFrtRoadLight
EE,h2109,0.39407002810213865,scr2002,avaStIn,bevFrtRoadLight
EE,h2110,0.4100441996396512,scr2002,avaStIn,bevFrtRoadLight
EE,h2111,0.41244752514225314,scr2002,avaStIn,bevFrtRoadLight
EE,h2112,0.3977671810575979,scr2002,avaStIn,bevFrtRoadLight
EE,h2113,0.4215422859318668,scr2002,avaStIn,bevFrtRoadLight
EE,h2114,0.44561523253946533,scr2002,avaStIn,bevFrtRoadLight
EE,h2115,0.46890884939949806,scr2002,avaStIn,bevFrtRoadLight
EE,h2116,0.4606801828577375,scr2002,avaStIn,bevFrtRoadLight
EE,h2117,0.4598809008191356,scr2002,avaStIn,bevFrtRoadLight
EE,h2118,0.47373682010553864,scr2002,avaStIn,bevFrtRoadLight
EE,h2119,0.49837466067849223,scr2002,avaStIn,bevFrtRoadLight
EE,h2120,0.5249322712656334,scr2002,avaStIn,bevFrtRoadLight
EE,h2121,0.5295524702973696,scr2002,avaStIn,bevFrtRoadLight
EE,h2122,0.5237384833973733,scr2002,avaStIn,bevFrtRoadLight
EE,h2123,0.517462220076728,scr2002,avaStIn,bevFrtRoadLight
EE,h2124,0.5202231448594441,scr2002,avaStIn,bevFrtRoadLight
EE,h2125,0.5168074572603817,scr2002,avaStIn,bevFrtRoadLight
EE,h2126,0.4881087918461403,scr2002,avaStIn,bevFrtRoadLight
EE,h2127,0.4401501060096197,scr2002,avaStIn,bevFrtRoadLight
EE,h2128,0.3751810028677981,scr2002,avaStIn,bevFrtRoadLight
EE,h2129,0.3184738733356699,scr2002,avaStIn,bevFrtRoadLight
EE,h2130,0.2885496316681868,scr2002,avaStIn,bevFrtRoadLight
EE,h2131,0.2950430145218158,scr2002,avaStIn,bevFrtRoadLight
EE,h2132,0.3362350273761402,scr2002,avaStIn,bevFrtRoadLight
EE,h2133,0.3905257678468871,scr2002,avaStIn,bevFrtRoadLight
EE,h2134,0.4405757953478313,scr2002,avaStIn,bevFrtRoadLight
EE,h2135,0.4738121072088959,scr2002,avaStIn,bevFrtRoadLight
EE,h2136,0.4995552626921461,scr2002,avaStIn,bevFrtRoadLight
EE,h2137,0.5006979269249346,scr2002,avaStIn,bevFrtRoadLight
EE,h2138,0.49234384959123256,scr2002,avaStIn,bevFrtRoadLight
EE,h2139,0.46890884939949806,scr2002,avaStIn,bevFrtRoadLight
EE,h2140,0.4606801828577375,scr2002,avaStIn,bevFrtRoadLight
EE,h2141,0.4598809008191356,scr2002,avaStIn,bevFrtRoadLight
EE,h2142,0.47373682010553864,scr2002,avaStIn,bevFrtRoadLight
EE,h2143,0.49837466067849223,scr2002,avaStIn,bevFrtRoadLight
EE,h2144,0.5249322712656334,scr2002,avaStIn,bevFrtRoadLight
EE,h2145,0.5295524702973696,scr2002,avaStIn,bevFrtRoadLight
EE,h2146,0.5237384833973733,scr2002,avaStIn,bevFrtRoadLight
EE,h2147,0.517462220076728,scr2002,avaStIn,bevFrtRoadLight
EE,h2148,0.5202231448594441,scr2002,avaStIn,bevFrtRoadLight
EE,h2149,0.5168074572603817,scr2002,avaStIn,bevFrtRoadLight
EE,h2150,0.4881087918461403,scr2002,avaStIn,bevFrtRoadLight
EE,h2151,0.4401501060096197,scr2002,avaStIn,bevFrtRoadLight
EE,h2152,0.3751810028677981,scr2002,avaStIn,bevFrtRoadLight
EE,h2153,0.3184738733356699,scr2002,avaStIn,bevFrtRoadLight
EE,h2154,0.2885496316681868,scr2002,avaStIn,bevFrtRoadLight
EE,h2155,0.2950430145218158,scr2002,avaStIn,bevFrtRoadLight
EE,h2156,0.3362350273761402,scr2002,avaStIn,bevFrtRoadLight
EE,h2157,0.3905257678468871,scr2002,avaStIn,bevFrtRoadLight
EE,h2158,0.4405757953478313,scr2002,avaStIn,bevFrtRoadLight
EE,h2159,0.4738121072088959,scr2002,avaStIn,bevFrtRoadLight
EE,h2160,0.4995552626921461,scr2002,avaStIn,bevFrtRoadLight
FI,h1441,0.3714353995574986,scr2002,avaStIn,bevFrtRoadLight
FI,h1442,0.3846086524108919,scr2002,avaStIn,bevFrtRoadLight
FI,h1443,0.42374952391826404,scr2002,avaStIn,bevFrtRoadLight
FI,h1444,0.4709102315761218,scr2002,avaStIn,bevFrtRoadLight
FI,h1445,0.5000591446961408,scr2002,avaStIn,bevFrtRoadLight
FI,h1446,0.495233345157142,scr2002,avaStIn,bevFrtRoadLight
FI,h1447,0.5008043596015219,scr2002,avaStIn,bevFrtRoadLight
FI,h1448,0.5021789974738545,scr2002,avaStIn,bevFrtRoadLight
FI,h1449,0.5231874460949842,scr2002,avaStIn,bevFrtRoadLight
FI,h1450,0.5308529822226913,scr2002,avaStIn,bevFrtRoadLight
FI,h1451,0.536356959269228,scr2002,avaStIn,bevFrtRoadLight
FI,h1452,0.5373881561276749,scr2002,avaStIn,bevFrtRoadLight
FI,h1453,0.5288075990651915,scr2002,avaStIn,bevFrtRoadLight
FI,h1454,0.5095709286669997,scr2002,avaStIn,bevFrtRoadLight
FI,h1455,0.473753550931062,scr2002,avaStIn,bevFrtRoadLight
FI,h1456,0.4304466538396563,scr2002,avaStIn,bevFrtRoadLight
FI,h1457,0.3826879992214788,scr2002,avaStIn,bevFrtRoadLight
FI,h1458,0.35009603390058996,scr2002,avaStIn,bevFrtRoadLight
FI,h1459,0.3349394292024723,scr2002,avaStIn,bevFrtRoadLight
FI,h1460,0.34869160218954365,scr2002,avaStIn,bevFrtRoadLight
FI,h1461,0.36780057797615695,scr2002,avaStIn,bevFrtRoadLight
FI,h1462,0.38682791024436847,scr2002,avaStIn,bevFrtRoadLight
FI,h1463,0.3912979680884232,scr2002,avaStIn,bevFrtRoadLight
FI,h1464,0.3985938980480803,scr2002,avaStIn,bevFrtRoadLight
FI,h1465,0.38540755881640665,scr2002,avaStIn,bevFrtRoadLight
FI,h1466,0.39834418280524153,scr2002,avaStIn,bevFrtRoadLight
FI,h1467,0.42374952391826404,scr2002,avaStIn,bevFrtRoadLight
FI,h1468,0.4709102315761218,scr2002,avaStIn,bevFrtRoadLight
FI,h1469,0.5000591446961408,scr2002,avaStIn,bevFrtRoadLight
FI,h1470,0.495233345157142,scr2002,avaStIn,bevFrtRoadLight
FI,h1471,0.5008043596015219,scr2002,avaStIn,bevFrtRoadLight
FI,h1472,0.5021789974738545,scr2002,avaStIn,bevFrtRoadLight
FI,h1473,0.5231874460949842,scr2002,avaStIn,bevFrtRoadLight
FI,h1474,0.5308529822226913,scr2002,avaStIn,bevFrtRoadLight
FI,h1475,0.536356959269228,scr2002,avaStIn,bevFrtRoadLight
FI,h1476,0.5373881561276749,scr2002,avaStIn,bevFrtRoadLight
FI,h1477,0.5288075990651915,scr2002,avaStIn,bevFrtRoadLight
FI,h1478,0.5095709286669997,scr2002,avaStIn,bevFrtRoadLight
FI,h1479,0.473753550931062,scr2002,avaStIn,bevFrtRoadLight
FI,h1480,0.4304466538396563,scr2002,avaStIn,bevFrtRoadLight
FI,h1481,0.3826879992214788,scr2002,avaStIn,bevFrtRoadLight
FI,h1482,0.35009603390058996,scr2002,avaStIn,bevFrtRoadLight
FI,h1483,0.3349394292024723,scr2002,avaStIn,bevFrtRoadLight
FI,h1484,0.34869160218954365,scr2002,avaStIn,bevFrtRoadLight
FI,h1485,0.36780057797615695,scr2002,avaStIn,bevFrtRoadLight
FI,h1486,0.38682791024436847,scr2002,avaStIn,bevFrtRoadLight
FI,h1487,0.3912979680884232,scr2002,avaStIn,bevFrtRoadLight
FI,h1488,0.3985938980480803,scr2002,avaStIn,bevFrtRoadLight
FI,h1489,0.4174388969205469,scr2002,avaStIn,bevFrtRoadLight
FI,h1490,0.4439543832070485,scr2002,avaStIn,bevFrtRoadLight
FI,h1491,0.464238846132911,scr2002,avaStIn,bevFrtRoadLight
FI,h1492,0.4692993118565085,scr2002,avaStIn,bevFrtRoadLight
FI,h1493,0.4647572130501477,scr2002,avaStIn,bevFrtRoadLight
FI,h1494,0.4606421333392813,scr2002,avaStIn,bevFrtRoadLight
FI,h1495,0.4606294501381404,scr2002,avaStIn,bevFrtRoadLight
FI,h1496,0.4771202000278558,scr2002,avaStIn,bevFrtRoadLight
FI,h1497,0.4942956004519071,scr2002,avaStIn,bevFrtRoadLight
FI,h1498,0.5099123823053463,scr2002,avaStIn,bevFrtRoadLight
FI,h1499,0.5161038254350148,scr2002,avaStIn,bevFrtRoadLight
FI,h1500,0.5219276355822776,scr2002,avaStIn,bevFrtRoadLight
FI,h1501,0.5234247828552905,scr2002,avaStIn,bevFrtRoadLight
FI,h1502,0.515666896351518,scr2002,avaStIn,bevFrtRoadLight
FI,h1503,0.4904757420921084,scr2002,avaStIn,bevFrtRoadLight
FI,h1504,0.4511048686615209,scr2002,avaStIn,bevFrtRoadLight
FI,h1505,0.401719554609377,scr2002,avaStIn,bevFrtRoadLight
FI,h1506,0.362910361244157,scr2002,avaStIn,bevFrtRoadLight
FI,h1507,0.3472619056461236,scr2002,avaStIn,bevFrtRoadLight
FI,h1508,0.35727079588328314,scr2002,avaStIn,bevFrtRoadLight
FI,h1509,0.378468834507535,scr2002,avaStIn,bevFrtRoadLight
FI,h1510,0.39319028121074384,scr2002,avaStIn,bevFrtRoadLight
FI,h1511,0.3959422870730802,scr2002,avaStIn,bevFrtRoadLight
FI,h1512,0.3854887711962275,scr2002,avaStIn,bevFrtRoadLight
FI,h1513,0.42769853598926943,scr2002,avaStIn,bevFrtRoadLight
FI,h1514,0.46444116177482064,scr2002,avaStIn,bevFrtRoadLight
FI,h1515,0.5002557267591349,scr2002,avaStIn,bevFrtRoadLight
FI,h1516,0.4779833592811431,scr2002,avaStIn,bevFrtRoadLight
FI,h1517,0.45518876455881485,scr2002,avaStIn,bevFrtRoadLight
FI,h1518,0.43596244051473665,scr2002,avaStIn,bevFrtRoadLight
FI,h1519,0.4287672948543091,scr2002,avaStIn,bevFrtRoadLight
FI,h1520,0.4310449118345231,scr2002,avaStIn,bevFrtRoadLight
FI,h1521,0.43651906754470926,scr2002,avaStIn,bevFrtRoadLight
FI,h1522,0.42784196327677315,scr2002,avaStIn,bevFrtRoadLight
FI,h1523,0.40165285769436365,scr2002,avaStIn,bevFrtRoadLight
FI,h1524,0.3554492048303812,scr2002,avaStIn,bevFrtRoadLight
FI,h1525,0.30743387757687923,scr2002,avaStIn,bevFrtRoadLight
FI,h1526,0.278936309503648,scr2002,avaStIn,bevFrtRoadLight
FI,h1527,0.28525649117608465,scr2002,avaStIn,bevFrtRoadLight
FI,h1528,0.33100477113297455,scr2002,avaStIn,bevFrtRoadLight
FI,h1529,0.3951643597987161,scr2002,avaStIn,bevFrtRoadLight
FI,h1530,0.46644985491696445,scr2002,avaStIn,bevFrtRoadLight
FI,h1531,0.5302489042156142,scr2002,avaStIn,bevFrtRoadLight
FI,h1532,0.5770673902258092,scr2002,avaStIn,bevFrtRoadLight
FI,h1533,0.5986769755958498,scr2002,avaStIn,bevFrtRoadLight
FI,h1534,0.6016883948095747,scr2002,avaStIn,bevFrtRoadLight
FI,h1535,0.5924055260109063,scr2002,avaStIn,bevFrtRoadLight
FI,h1536,0.5774847836798132,scr2002,avaStIn,bevFrtRoadLight
FI,h1537,0.5517773619954187,scr2002,avaStIn,bevFrtRoadLight
FI,h1538,0.5248358437172166,scr2002,avaStIn,bevFrtRoadLight
FI,h1539,0.5002557267591349,scr2002,avaStIn,bevFrtRoadLight
FI,h1540,0.4779833592811431,scr2002,avaStIn,bevFrtRoadLight
FI,h1541,0.45518876455881485,scr2002,avaStIn,bevFrtRoadLight
FI,h1542,0.43596244051473665,scr2002,avaStIn,bevFrtRoadLight
FI,h1543,0.4287672948543091,scr2002,avaStIn,bevFrtRoadLight
FI,h1544,0.4310449118345231,scr2002,avaStIn,bevFrtRoadLight
FI,h1545,0.43651906754470926,scr2002,avaStIn,bevFrtRoadLight
FI,h1546,0.42784196327677315,scr2002,avaStIn,bevFrtRoadLight
FI,h1547,0.40165285769436365,scr2002,avaStIn,bevFrtRoadLight
FI,h1548,0.3554492048303812,scr2002,avaStIn,bevFrtRoadLight
FI,h1549,0.30743387757687923,scr2002,avaStIn,bevFrtRoadLight
FI,h1550,0.278936309503648,scr2002,avaStIn,bevFrtRoadLight
FI,h1551,0.28525649117608465,scr2002,avaStIn,bevFrtRoadLight
FI,h1552,0.33100477113297455,scr2002,avaStIn,bevFrtRoadLight
FI,h1553,0.3951643597987161,scr2002,avaStIn,bevFrtRoadLight
FI,h1554,0.46644985491696445,scr2002,avaStIn,bevFrtRoadLight
FI,h1555,0.5302489042156142,scr2002,avaStIn,bevFrtRoadLight
FI,h1556,0.5770673902258092,scr2002,avaStIn,bevFrtRoadLight
FI,h1557,0.5986769755958498,scr2002,avaStIn,bevFrtRoadLight
FI,h1558,0.6016883948095747,scr2002,avaStIn,bevFrtRoadLight
FI,h1559,0.5924055260109063,scr2002,avaStIn,bevFrtRoadLight
FI,h1560,0.5774847836798132,scr2002,avaStIn,bevFrtRoadLight
FI,h1561,0.5517773619954187,scr2002,avaStIn,bevFrtRoadLight
FI,h1562,0.5248358437172166,scr2002,avaStIn,bevFrtRoadLight
FI,h1563,0.5002557267591349,scr2002,avaStIn,bevFrtRoadLight
FI,h1564,0.4779833592811431,scr2002,avaStIn,bevFrtRoadLight
FI,h1565,0.45518876455881485,scr2002,avaStIn,bevFrtRoadLight
FI,h1566,0.43596244051473665,scr2002,avaStIn,bevFrtRoadLight
FI,h1567,0.4287672948543091,scr2002,avaStIn,bevFrtRoadLight
FI,h1568,0.4310449118345231,scr2002,avaStIn,bevFrtRoadLight
FI,h1569,0.43651906754470926,scr2002,avaStIn,bevFrtRoadLight
FI,h1570,0.42784196327677315,scr2002,avaStIn,bevFrtRoadLight
FI,h1571,0.40165285769436365,scr2002,avaStIn,bevFrtRoadLight
FI,h1572,0.3554492048303812,scr2002,avaStIn,bevFrtRoadLight
FI,h1573,0.30743387757687923,scr2002,avaStIn,bevFrtRoadLight
FI,h1574,0.278936309503648,scr2002,avaStIn,bevFrtRoadLight
FI,h1575,0.28525649117608465,scr2002,avaStIn,bevFrtRoadLight
FI,h1576,0.33100477113297455,scr2002,avaStIn,bevFrtRoadLight
FI,h1577,0.3951643597987161,scr2002,avaStIn,bevFrtRoadLight
FI,h1578,0.46644985491696445,scr2002,avaStIn,bevFrtRoadLight
FI,h1579,0.5302489042156142,scr2002,avaStIn,bevFrtRoadLight
FI,h1580,0.5770673902258092,scr2002,avaStIn,bevFrtRoadLight
FI,h1581,0.5986769755958498,scr2002,avaStIn,bevFrtRoadLight
FI,h1582,0.6016883948095747,scr2002,avaStIn,bevFrtRoadLight
FI,h1583,0.5924055260109063,scr2002,avaStIn,bevFrtRoadLight
FI,h1584,0.5774847836798132,scr2002,avaStIn,bevFrtRoadLight
FI,h1585,0.5517773619954187,scr2002,avaStIn,bevFrtRoadLight
FI,h1586,0.5248358437172166,scr2002,avaStIn,bevFrtRoadLight
FI,h1587,0.5002557267591349,scr2002,avaStIn,bevFrtRoadLight
FI,h1588,0.4779833592811431,scr2002,avaStIn,bevFrtRoadLight
FI,h1589,0.45518876455881485,scr2002,avaStIn,bevFrtRoadLight
FI,h1590,0.43596244051473665,scr2002,avaStIn,bevFrtRoadLight
FI,h1591,0.4287672948543091,scr2002,avaStIn,bevFrtRoadLight
FI,h1592,0.4310449118345231,scr2002,avaStIn,bevFrtRoadLight
FI,h1593,0.43651906754470926,scr2002,avaStIn,bevFrtRoadLight
FI,h1594,0.42784196327677315,scr2002,avaStIn,bevFrtRoadLight
FI,h1595,0.40165285769436365,scr2002,avaStIn,bevFrtRoadLight
FI,h1596,0.3554492048303812,scr2002,avaStIn,bevFrtRoadLight
FI,h1597,0.30743387757687923,scr2002,avaStIn,bevFrtRoadLight
FI,h1598,0.278936309503648,scr2002,avaStIn,bevFrtRoadLight
FI,h1599,0.28525649117608465,scr2002,avaStIn,bevFrtRoadLight
FI,h1600,0.33100477113297455,scr2002,avaStIn,bevFrtRoadLight
FI,h1601,0.3951643597987161,scr2002,avaStIn,bevFrtRoadLight
FI,h1602,0.46644985491696445,scr2002,avaStIn,bevFrtRoadLight
FI,h1603,0.5302489042156142,scr2002,avaStIn,bevFrtRoadLight
FI,h1604,0.5770673902258092,scr2002,avaStIn,bevFrtRoadLight
FI,h1605,0.5986769755958498,scr2002,avaStIn,bevFrtRoadLight
FI,h1606,0.6016883948095747,scr2002,avaStIn,bevFrtRoadLight
FI,h1607,0.5924055260109063,scr2002,avaStIn,bevFrtRoadLight
FI,h1608,0.5774847836798132,scr2002,avaStIn,bevFrtRoadLight
FI,h1609,0.5399833096273894,scr2002,avaStIn,bevFrtRoadLight
FI,h1610,0.5020113380135911,scr2002,avaStIn,bevFrtRoadLight
FI,h1611,0.4635722307063156,scr2002,avaStIn,bevFrtRoadLight
FI,h1612,0.4380348659574729,scr2002,avaStIn,bevFrtRoadLight
FI,h1613,0.40762124803256283,scr2002,avaStIn,bevFrtRoadLight
FI,h1614,0.37888830724468336,scr2002,avaStIn,bevFrtRoadLight
FI,h1615,0.36958381422293585,scr2002,avaStIn,bevFrtRoadLight
FI,h1616,0.37840208488783933,scr2002,avaStIn,bevFrtRoadLight
FI,h1617,0.40312593459237533,scr2002,avaStIn,bevFrtRoadLight
FI,h1618,0.41362439373824145,scr2002,avaStIn,bevFrtRoadLight
FI,h1619,0.4028461315685412,scr2002,avaStIn,bevFrtRoadLight
FI,h1620,0.3603437041144123,scr2002,avaStIn,bevFrtRoadLight
FI,h1621,0.300735364069155,scr2002,avaStIn,bevFrtRoadLight
FI,h1622,0.24177370465061954,scr2002,avaStIn,bevFrtRoadLight
FI,h1623,0.21970614560615676,scr2002,avaStIn,bevFrtRoadLight
FI,h1624,0.25508395733229006,scr2002,avaStIn,bevFrtRoadLight
FI,h1625,0.34767139096765254,scr2002,avaStIn,bevFrtRoadLight
FI,h1626,0.45228041046836875,scr2002,avaStIn,bevFrtRoadLight
FI,h1627,0.5341134302691986,scr2002,avaStIn,bevFrtRoadLight
FI,h1628,0.5851656457268322,scr2002,avaStIn,bevFrtRoadLight
FI,h1629,0.6079565962864942,scr2002,avaStIn,bevFrtRoadLight
FI,h1630,0.6088378322847627,scr2002,avaStIn,bevFrtRoadLight
FI,h1631,0.5862547005889717,scr2002,avaStIn,bevFrtRoadLight
FI,h1632,0.5503272305028044,scr2002,avaStIn,bevFrtRoadLight
FI,h1633,0.5157882800473498,scr2002,avaStIn,bevFrtRoadLight
FI,h1634,0.4876212160339364,scr2002,avaStIn,bevFrtRoadLight
FI,h1635,0.4635722307063156,scr2002,avaStIn,bevFrtRoadLight
FI,h1636,0.4380348659574729,scr2002,avaStIn,bevFrtRoadLight
FI,h1637,0.40762124803256283,scr2002,avaStIn,bevFrtRoadLight
FI,h1638,0.37888830724468336,scr2002,avaStIn,bevFrtRoadLight
FI,h1639,0.36958381422293585,scr2002,avaStIn,bevFrtRoadLight
FI,h1640,0.37840208488783933,scr2002,avaStIn,bevFrtRoadLight
FI,h1641,0.40312593459237533,scr2002,avaStIn,bevFrtRoadLight
FI,h1642,0.41362439373824145,scr2002,avaStIn,bevFrtRoadLight
FI,h1643,0.4028461315685412,scr2002,avaStIn,bevFrtRoadLight
FI,h1644,0.3603437041144123,scr2002,avaStIn,bevFrtRoadLight
FI,h1645,0.300735364069155,scr2002,avaStIn,bevFrtRoadLight
FI,h1646,0.24177370465061954,scr2002,avaStIn,bevFrtRoadLight
FI,h1647,0.21970614560615676,scr2002,avaStIn,bevFrtRoadLight
FI,h1648,0.25508395733229006,scr2002,avaStIn,bevFrtRoadLight
FI,h1649,0.34767139096765254,scr2002,avaStIn,bevFrtRoadLight
FI,h1650,0.45228041046836875,scr2002,avaStIn,bevFrtRoadLight
FI,h1651,0.5341134302691986,scr2002,avaStIn,bevFrtRoadLight
FI,h1652,0.5851656457268322,scr2002,avaStIn,bevFrtRoadLight
FI,h1653,0.6079565962864942,scr2002,avaStIn,bevFrtRoadLight
FI,h1654,0.6088378322847627,scr2002,avaStIn,bevFrtRoadLight
FI,h1655,0.5862547005889717,scr2002,avaStIn,bevFrtRoadLight
FI,h1656,0.5503272305028044,scr2002,avaStIn,bevFrtRoadLight
FI,h1657,0.5277989482493217,scr2002,avaStIn,bevFrtRoadLight
FI,h1658,0.5107010378978177,scr2002,avaStIn,bevFrtRoadLight
FI,h1659,0.5002557267591349,scr2002,avaStIn,bevFrtRoadLight
FI,h1660,0.4779833592811431,scr2002,avaStIn,bevFrtRoadLight
FI,h1661,0.45518876455881485,scr2002,avaStIn,bevFrtRoadLight
FI,h1662,0.43596244051473665,scr2002,avaStIn,bevFrtRoadLight
FI,h1663,0.4287672948543091,scr2002,avaStIn,bevFrtRoadLight
FI,h1664,0.4310449118345231,scr2002,avaStIn,bevFrtRoadLight
FI,h1665,0.43651906754470926,scr2002,avaStIn,bevFrtRoadLight
FI,h1666,0.42784196327677315,scr2002,avaStIn,bevFrtRoadLight
FI,h1667,0.40165285769436365,scr2002,avaStIn,bevFrtRoadLight
FI,h1668,0.3554492048303812,scr2002,avaStIn,bevFrtRoadLight
FI,h1669,0.30743387757687923,scr2002,avaStIn,bevFrtRoadLight
FI,h1670,0.278936309503648,scr2002,avaStIn,bevFrtRoadLight
FI,h1671,0.28525649117608465,scr2002,avaStIn,bevFrtRoadLight
FI,h1672,0.33100477113297455,scr2002,avaStIn,bevFrtRoadLight
FI,h1673,0.3951643597987161,scr2002,avaStIn,bevFrtRoadLight
FI,h1674,0.46644985491696445,scr2002,avaStIn,bevFrtRoadLight
FI,h1675,0.5302489042156142,scr2002,avaStIn,bevFrtRoadLight
FI,h1676,0.5770673902258092,scr2002,avaStIn,bevFrtRoadLight
FI,h1677,0.5986769755958498,scr2002,avaStIn,bevFrtRoadLight
FI,h1678,0.6016883948095747,scr2002,avaStIn,bevFrtRoadLight
FI,h1679,0.5924055260109063,scr2002,avaStIn,bevFrtRoadLight
FI,h1680,0.5774847836798132,scr2002,avaStIn,bevFrtRoadLight
FI,h1681,0.5517773619954187,scr2002,avaStIn,bevFrtRoadLight
FI,h1682,0.5248358437172166,scr2002,avaStIn,bevFrtRoadLight
FI,h1683,0.5002557267591349,scr2002,avaStIn,bevFrtRoadLight
FI,h1684,0.4779833592811431,scr2002,avaStIn,bevFrtRoadLight
FI,h1685,0.45518876455881485,scr2002,avaStIn,bevFrtRoadLight
FI,h1686,0.43596244051473665,scr2002,avaStIn,bevFrtRoadLight
FI,h1687,0.4287672948543091,scr2002,avaStIn,bevFrtRoadLight
FI,h1688,0.4310449118345231,scr2002,avaStIn,bevFrtRoadLight
FI,h1689,0.43651906754470926,scr2002,avaStIn,bevFrtRoadLight
FI,h1690,0.42784196327677315,scr2002,avaStIn,bevFrtRoadLight
FI,h1691,0.40165285769436365,scr2002,avaStIn,bevFrtRoadLight
FI,h1692,0.3554492048303812,scr2002,avaStIn,bevFrtRoadLight
FI,h1693,0.30743387757687923,scr2002,avaStIn,bevFrtRoadLight
FI,h1694,0.278936309503648,scr2002,avaStIn,bevFrtRoadLight
FI,h1695,0.28525649117608465,scr2002,avaStIn,bevFrtRoadLight
FI,h1696,0.33100477113297455,scr2002,avaStIn,bevFrtRoadLight
FI,h1697,0.3951643597987161,scr2002,avaStIn,bevFrtRoadLight
FI,h1698,0.46644985491696445,scr2002,avaStIn,bevFrtRoadLight
FI,h1699,0.5302489042156142,scr2002,avaStIn,bevFrtRoadLight
FI,h1700,0.5770673902258092,scr2002,avaStIn,bevFrtRoadLight
FI,h1701,0.5986769755958498,scr2002,avaStIn,bevFrtRoadLight
FI,h1702,0.6016883948095747,scr2002,avaStIn,bevFrtRoadLight
FI,h1703,0.5924055260109063,scr2002,avaStIn,bevFrtRoadLight
FI,h1704,0.5774847836798132,scr2002,avaStIn,bevFrtRoadLight
FI,h1705,0.509038057831711,scr2002,avaStIn,bevFrtRoadLight
FI,h1706,0.45316073221470254,scr2002,avaStIn,bevFrtRoadLight
FI,h1707,0.4106293035759673,scr2002,avaStIn,bevFrtRoadLight
FI,h1708,0.4302562346105031,scr2002,avaStIn,bevFrtRoadLight
FI,h1709,0.4411964644145132,scr2002,avaStIn,bevFrtRoadLight
FI,h1710,0.45751109901302867,scr2002,avaStIn,bevFrtRoadLight
FI,h1711,0.48871757217710954,scr2002,avaStIn,bevFrtRoadLight
FI,h1712,0.5314509691002262,scr2002,avaStIn,bevFrtRoadLight
FI,h1713,0.5711878747561929,scr2002,avaStIn,bevFrtRoadLight
FI,h1714,0.5980939691710526,scr2002,avaStIn,bevFrtRoadLight
FI,h1715,0.608394034195855,scr2002,avaStIn,bevFrtRoadLight
FI,h1716,0.6010568773540479,scr2002,avaStIn,bevFrtRoadLight
FI,h1717,0.5764247164288175,scr2002,avaStIn,bevFrtRoadLight
FI,h1718,0.5401459054358786,scr2002,avaStIn,bevFrtRoadLight
FI,h1719,0.4982672792884357,scr2002,avaStIn,bevFrtRoadLight
FI,h1720,0.4574139907405833,scr2002,avaStIn,bevFrtRoadLight
FI,h1721,0.42470386872332366,scr2002,avaStIn,bevFrtRoadLight
FI,h1722,0.4070105681582177,scr2002,avaStIn,bevFrtRoadLight
FI,h1723,0.3993554704479094,scr2002,avaStIn,bevFrtRoadLight
FI,h1724,0.3942528360151184,scr2002,avaStIn,bevFrtRoadLight
FI,h1725,0.3809841238928826,scr2002,avaStIn,bevFrtRoadLight
FI,h1726,0.3497784944040866,scr2002,avaStIn,bevFrtRoadLight
FI,h1727,0.3123069662403203,scr2002,avaStIn,bevFrtRoadLight
FI,h1728,0.2821792829284123,scr2002,avaStIn,bevFrtRoadLight
FI,h1729,0.3106843918239848,scr2002,avaStIn,bevFrtRoadLight
FI,h1730,0.35866299968064763,scr2002,avaStIn,bevFrtRoadLight
FI,h1731,0.4106293035759673,scr2002,avaStIn,bevFrtRoadLight
FI,h1732,0.4302562346105031,scr2002,avaStIn,bevFrtRoadLight
FI,h1733,0.4411964644145132,scr2002,avaStIn,bevFrtRoadLight
FI,h1734,0.45751109901302867,scr2002,avaStIn,bevFrtRoadLight
FI,h1735,0.48871757217710954,scr2002,avaStIn,bevFrtRoadLight
FI,h1736,0.5314509691002262,scr2002,avaStIn,bevFrtRoadLight
FI,h1737,0.5711878747561929,scr2002,avaStIn,bevFrtRoadLight
FI,h1738,0.5980939691710526,scr2002,avaStIn,bevFrtRoadLight
FI,h1739,0.608394034195855,scr2002,avaStIn,bevFrtRoadLight
FI,h1740,0.6010568773540479,scr2002,avaStIn,bevFrtRoadLight
FI,h1741,0.5764247164288175,scr2002,avaStIn,bevFrtRoadLight
FI,h1742,0.5401459054358786,scr2002,avaStIn,bevFrtRoadLight
FI,h1743,0.4982672792884357,scr2002,avaStIn,bevFrtRoadLight
FI,h1744,0.4574139907405833,scr2002,avaStIn,bevFrtRoadLight
FI,h1745,0.42470386872332366,scr2002,avaStIn,bevFrtRoadLight
FI,h1746,0.4070105681582177,scr2002,avaStIn,bevFrtRoadLight
FI,h1747,0.3993554704479094,scr2002,avaStIn,bevFrtRoadLight
FI,h1748,0.3942528360151184,scr2002,avaStIn,bevFrtRoadLight
FI,h1749,0.3809841238928826,scr2002,avaStIn,bevFrtRoadLight
FI,h1750,0.3497784944040866,scr2002,avaStIn,bevFrtRoadLight
FI,h1751,0.3123069662403203,scr2002,avaStIn,bevFrtRoadLight
FI,h1752,0.2821792829284123,scr2002,avaStIn,bevFrtRoadLight
FI,h1753,0.3106843918239848,scr2002,avaStIn,bevFrtRoadLight
FI,h1754,0.35866299968064763,scr2002,avaStIn,bevFrtRoadLight
FI,h1755,0.4106293035759673,scr2002,avaStIn,bevFrtRoadLight
FI,h1756,0.4302562346105031,scr2002,avaStIn,bevFrtRoadLight
FI,h1757,0.4411964644145132,scr2002,avaStIn,bevFrtRoadLight
FI,h1758,0.45751109901302867,scr2002,avaStIn,bevFrtRoadLight
FI,h1759,0.48871757217710954,scr2002,avaStIn,bevFrtRoadLight
FI,h1760,0.5314509691002262,scr2002,avaStIn,bevFrtRoadLight
FI,h1761,0.5711878747561929,scr2002,avaStIn,bevFrtRoadLight
FI,h1762,0.5980939691710526,scr2002,avaStIn,bevFrtRoadLight
FI,h1763,0.608394034195855,scr2002,avaStIn,bevFrtRoadLight
FI,h1764,0.6010568773540479,scr2002,avaStIn,bevFrtRoadLight
FI,h1765,0.5764247164288175,scr2002,avaStIn,bevFrtRoadLight
FI,h1766,0.5401459054358786,scr2002,avaStIn,bevFrtRoadLight
FI,h1767,0.4982672792884357,scr2002,avaStIn,bevFrtRoadLight
FI,h1768,0.4574139907405833,scr2002,avaStIn,bevFrtRoadLight
FI,h1769,0.42470386872332366,scr2002,avaStIn,bevFrtRoadLight
FI,h1770,0.4070105681582177,scr2002,avaStIn,bevFrtRoadLight
FI,h1771,0.3993554704479094,scr2002,avaStIn,bevFrtRoadLight
FI,h1772,0.3942528360151184,scr2002,avaStIn,bevFrtRoadLight
FI,h1773,0.3809841238928826,scr2002,avaStIn,bevFrtRoadLight
FI,h1774,0.3497784944040866,scr2002,avaStIn,bevFrtRoadLight
FI,h1775,0.3123069662403203,scr2002,avaStIn,bevFrtRoadLight
FI,h1776,0.2821792829284123,scr2002,avaStIn,bevFrtRoadLight
FI,h1777,0.230095162221032,scr2002,avaStIn,bevFrtRoadLight
FI,h1778,0.2300917975935889,scr2002,avaStIn,bevFrtRoadLight
FI,h1779,0.27148343409663167,scr2002,avaStIn,bevFrtRoadLight
FI,h1780,0.3790725700696759,scr2002,avaStIn,bevFrtRoadLight
FI,h1781,0.4623404992613247,scr2002,avaStIn,bevFrtRoadLight
FI,h1782,0.5259162274800008,scr2002,avaStIn,bevFrtRoadLight
FI,h1783,0.5772992909654577,scr2002,avaStIn,bevFrtRoadLight
FI,h1784,0.6171735770568829,scr2002,avaStIn,bevFrtRoadLight
FI,h1785,0.6409152522621753,scr2002,avaStIn,bevFrtRoadLight
FI,h1786,0.6489166669999998,scr2002,avaStIn,bevFrtRoadLight
FI,h1787,0.6400350534574337,scr2002,avaStIn,bevFrtRoadLight
FI,h1788,0.61588415769173,scr2002,avaStIn,bevFrtRoadLight
FI,h1789,0.5753501172674538,scr2002,avaStIn,bevFrtRoadLight
FI,h1790,0.5273486726990765,scr2002,avaStIn,bevFrtRoadLight
FI,h1791,0.47682400205808595,scr2002,avaStIn,bevFrtRoadLight
FI,h1792,0.4288063768750643,scr2002,avaStIn,bevFrtRoadLight
FI,h1793,0.39374570481652504,scr2002,avaStIn,bevFrtRoadLight
FI,h1794,0.3749031506247579,scr2002,avaStIn,bevFrtRoadLight
FI,h1795,0.37209330121313167,scr2002,avaStIn,bevFrtRoadLight
FI,h1796,0.36873105182903665,scr2002,avaStIn,bevFrtRoadLight
FI,h1797,0.3543630997986469,scr2002,avaStIn,bevFrtRoadLight
FI,h1798,0.3154781828948128,scr2002,avaStIn,bevFrtRoadLight
FI,h1799,0.27112993299959987,scr2002,avaStIn,bevFrtRoadLight
FI,h1800,0.2381911639591776,scr2002,avaStIn,bevFrtRoadLight
FI,h1801,0.20075744833264675,scr2002,avaStIn,bevFrtRoadLight
FI,h1802,0.21575624655576675,scr2002,avaStIn,bevFrtRoadLight
FI,h1803,0.27148343409663167,scr2002,avaStIn,bevFrtRoadLight
FI,h1804,0.3790725700696759,scr2002,avaStIn,bevFrtRoadLight
FI,h1805,0.4623404992613247,scr2002,avaStIn,bevFrtRoadLight
FI,h1806,0.5259162274800008,scr2002,avaStIn,bevFrtRoadLight
FI,h1807,0.5772992909654577,scr2002,avaStIn,bevFrtRoadLight
FI,h1808,0.6171735770568829,scr2002,avaStIn,bevFrtRoadLight
FI,h1809,0.6409152522621753,scr2002,avaStIn,bevFrtRoadLight
FI,h1810,0.6489166669999998,scr2002,avaStIn,bevFrtRoadLight
FI,h1811,0.6400350534574337,scr2002,avaStIn,bevFrtRoadLight
FI,h1812,0.61588415769173,scr2002,avaStIn,bevFrtRoadLight
FI,h1813,0.5753501172674538,scr2002,avaStIn,bevFrtRoadLight
FI,h1814,0.5273486726990765,scr2002,avaStIn,bevFrtRoadLight
FI,h1815,0.47682400205808595,scr2002,avaStIn,bevFrtRoadLight
FI,h1816,0.4288063768750643,scr2002,avaStIn,bevFrtRoadLight
FI,h1817,0.39374570481652504,scr2002,avaStIn,bevFrtRoadLight
FI,h1818,0.3749031506247579,scr2002,avaStIn,bevFrtRoadLight
FI,h1819,0.37209330121313167,scr2002,avaStIn,bevFrtRoadLight
FI,h1820,0.36873105182903665,scr2002,avaStIn,bevFrtRoadLight
FI,h1821,0.3543630997986469,scr2002,avaStIn,bevFrtRoadLight
FI,h1822,0.3154781828948128,scr2002,avaStIn,bevFrtRoadLight
FI,h1823,0.27112993299959987,scr2002,avaStIn,bevFrtRoadLight
FI,h1824,0.2381911639591776,scr2002,avaStIn,bevFrtRoadLight
FI,h1825,0.28388199759953203,scr2002,avaStIn,bevFrtRoadLight
FI,h1826,0.34615260530650627,scr2002,avaStIn,bevFrtRoadLight
FI,h1827,0.4106293035759673,scr2002,avaStIn,bevFrtRoadLight
FI,h1828,0.4302562346105031,scr2002,avaStIn,bevFrtRoadLight
FI,h1829,0.4411964644145132,scr2002,avaStIn,bevFrtRoadLight
FI,h1830,0.45751109901302867,scr2002,avaStIn,bevFrtRoadLight
FI,h1831,0.48871757217710954,scr2002,avaStIn,bevFrtRoadLight
FI,h1832,0.5314509691002262,scr2002,avaStIn,bevFrtRoadLight
FI,h1833,0.5711878747561929,scr2002,avaStIn,bevFrtRoadLight
FI,h1834,0.5980939691710526,scr2002,avaStIn,bevFrtRoadLight
FI,h1835,0.608394034195855,scr2002,avaStIn,bevFrtRoadLight
FI,h1836,0.6010568773540479,scr2002,avaStIn,bevFrtRoadLight
FI,h1837,0.5764247164288175,scr2002,avaStIn,bevFrtRoadLight
FI,h1838,0.5401459054358786,scr2002,avaStIn,bevFrtRoadLight
FI,h1839,0.4982672792884357,scr2002,avaStIn,bevFrtRoadLight
FI,h1840,0.4574139907405833,scr2002,avaStIn,bevFrtRoadLight
FI,h1841,0.42470386872332366,scr2002,avaStIn,bevFrtRoadLight
FI,h1842,0.4070105681582177,scr2002,avaStIn,bevFrtRoadLight
FI,h1843,0.3993554704479094,scr2002,avaStIn,bevFrtRoadLight
FI,h1844,0.3942528360151184,scr2002,avaStIn,bevFrtRoadLight
FI,h1845,0.3809841238928826,scr2002,avaStIn,bevFrtRoadLight
FI,h1846,0.3497784944040866,scr2002,avaStIn,bevFrtRoadLight
FI,h1847,0.3123069662403203,scr2002,avaStIn,bevFrtRoadLight
FI,h1848,0.2821792829284123,scr2002,avaStIn,bevFrtRoadLight
FI,h1849,0.3106843918239848,scr2002,avaStIn,bevFrtRoadLight
FI,h1850,0.35866299968064763,scr2002,avaStIn,bevFrtRoadLight
FI,h1851,0.4106293035759673,scr2002,avaStIn,bevFrtRoadLight
FI,h1852,0.4302562346105031,scr2002,avaStIn,bevFrtRoadLight
FI,h1853,0.4411964644145132,scr2002,avaStIn,bevFrtRoadLight
FI,h1854,0.45751109901302867,scr2002,avaStIn,bevFrtRoadLight
FI,h1855,0.48871757217710954,scr2002,avaStIn,bevFrtRoadLight
FI,h1856,0.5314509691002262,scr2002,avaStIn,bevFrtRoadLight
FI,h1857,0.5711878747561929,scr2002,avaStIn,bevFrtRoadLight
FI,h1858,0.5980939691710526,scr2002,avaStIn,bevFrtRoadLight
FI,h1859,0.608394034195855,scr2002,avaStIn,bevFrtRoadLight
FI,h1860,0.6010568773540479,scr2002,avaStIn,bevFrtRoadLight
FI,h1861,0.5764247164288175,scr2002,avaStIn,bevFrtRoadLight
FI,h1862,0.5401459054358786,scr2002,avaStIn,bevFrtRoadLight
FI,h1863,0.4982672792884357,scr2002,avaStIn,bevFrtRoadLight
FI,h1864,0.4574139907405833,scr2002,avaStIn,bevFrtRoadLight
FI,h1865,0.42470386872332366,scr2002,avaStIn,bevFrtRoadLight
FI,h1866,0.4070105681582177,scr2002,avaStIn,bevFrtRoadLight
FI,h1867,0.3993554704479094,scr2002,avaStIn,bevFrtRoadLight
FI,h1868,0.3942528360151184,scr2002,avaStIn,bevFrtRoadLight
FI,h1869,0.3809841238928826,scr2002,avaStIn,bevFrtRoadLight
FI,h1870,0.3497784944040866,scr2002,avaStIn,bevFrtRoadLight
FI,h1871,0.3123069662403203,scr2002,avaStIn,bevFrtRoadLight
FI,h1872,0.2821792829284123,scr2002,avaStIn,bevFrtRoadLight
FI,h1873,0.3106843918239848,scr2002,avaStIn,bevFrtRoadLight
FI,h1874,0.35866299968064763,scr2002,avaStIn,bevFrtRoadLight
FI,h1875,0.4106293035759673,scr2002,avaStIn,bevFrtRoadLight
FI,h1876,0.4302562346105031,scr2002,avaStIn,bevFrtRoadLight
FI,h1877,0.4411964644145132,scr2002,avaStIn,bevFrtRoadLight
FI,h1878,0.45751109901302867,scr2002,avaStIn,bevFrtRoadLight
FI,h1879,0.48871757217710954,scr2002,avaStIn,bevFrtRoadLight
FI,h1880,0.5314509691002262,scr2002,avaStIn,bevFrtRoadLight
FI,h1881,0.5711878747561929,scr2002,avaStIn,bevFrtRoadLight
FI,h1882,0.5980939691710526,scr2002,avaStIn,bevFrtRoadLight
FI,h1883,0.608394034195855,scr2002,avaStIn,bevFrtRoadLight
FI,h1884,0.6010568773540479,scr2002,avaStIn,bevFrtRoadLight
FI,h1885,0.5764247164288175,scr2002,avaStIn,bevFrtRoadLight
FI,h1886,0.5401459054358786,scr2002,avaStIn,bevFrtRoadLight
FI,h1887,0.4982672792884357,scr2002,avaStIn,bevFrtRoadLight
FI,h1888,0.4574139907405833,scr2002,avaStIn,bevFrtRoadLight
FI,h1889,0.42470386872332366,scr2002,avaStIn,bevFrtRoadLight
FI,h1890,0.4070105681582177,scr2002,avaStIn,bevFrtRoadLight
FI,h1891,0.3993554704479094,scr2002,avaStIn,bevFrtRoadLight
FI,h1892,0.3942528360151184,scr2002,avaStIn,bevFrtRoadLight
FI,h1893,0.3809841238928826,scr2002,avaStIn,bevFrtRoadLight
FI,h1894,0.3497784944040866,scr2002,avaStIn,bevFrtRoadLight
FI,h1895,0.3123069662403203,scr2002,avaStIn,bevFrtRoadLight
FI,h1896,0.2821792829284123,scr2002,avaStIn,bevFrtRoadLight
FI,h1897,0.3106843918239848,scr2002,avaStIn,bevFrtRoadLight
FI,h1898,0.35866299968064763,scr2002,avaStIn,bevFrtRoadLight
FI,h1899,0.4106293035759673,scr2002,avaStIn,bevFrtRoadLight
FI,h1900,0.4302562346105031,scr2002,avaStIn,bevFrtRoadLight
FI,h1901,0.4411964644145132,scr2002,avaStIn,bevFrtRoadLight
FI,h1902,0.45751109901302867,scr2002,avaStIn,bevFrtRoadLight
FI,h1903,0.48871757217710954,scr2002,avaStIn,bevFrtRoadLight
FI,h1904,0.5314509691002262,scr2002,avaStIn,bevFrtRoadLight
FI,h1905,0.5711878747561929,scr2002,avaStIn,bevFrtRoadLight
FI,h1906,0.5980939691710526,scr2002,avaStIn,bevFrtRoadLight
FI,h1907,0.608394034195855,scr2002,avaStIn,bevFrtRoadLight
FI,h1908,0.6010568773540479,scr2002,avaStIn,bevFrtRoadLight
FI,h1909,0.5764247164288175,scr2002,avaStIn,bevFrtRoadLight
FI,h1910,0.5401459054358786,scr2002,avaStIn,bevFrtRoadLight
FI,h1911,0.4982672792884357,scr2002,avaStIn,bevFrtRoadLight
FI,h1912,0.4574139907405833,scr2002,avaStIn,bevFrtRoadLight
FI,h1913,0.42470386872332366,scr2002,avaStIn,bevFrtRoadLight
FI,h1914,0.4070105681582177,scr2002,avaStIn,bevFrtRoadLight
FI,h1915,0.3993554704479094,scr2002,avaStIn,bevFrtRoadLight
FI,h1916,0.3942528360151184,scr2002,avaStIn,bevFrtRoadLight
FI,h1917,0.3809841238928826,scr2002,avaStIn,bevFrtRoadLight
FI,h1918,0.3497784944040866,scr2002,avaStIn,bevFrtRoadLight
FI,h1919,0.3123069662403203,scr2002,avaStIn,bevFrtRoadLight
FI,h1920,0.2821792829284123,scr2002,avaStIn,bevFrtRoadLight
FI,h1921,0.3106843918239848,scr2002,avaStIn,bevFrtRoadLight
FI,h1922,0.35866299968064763,scr2002,avaStIn,bevFrtRoadLight
FI,h1923,0.4106293035759673,scr2002,avaStIn,bevFrtRoadLight
FI,h1924,0.4302562346105031,scr2002,avaStIn,bevFrtRoadLight
FI,h1925,0.4411964644145132,scr2002,avaStIn,bevFrtRoadLight
FI,h1926,0.45751109901302867,scr2002,avaStIn,bevFrtRoadLight
FI,h1927,0.48871757217710954,scr2002,avaStIn,bevFrtRoadLight
FI,h1928,0.5314509691002262,scr2002,avaStIn,bevFrtRoadLight
FI,h1929,0.5711878747561929,scr2002,avaStIn,bevFrtRoadLight
FI,h1930,0.5980939691710526,scr2002,avaStIn,bevFrtRoadLight
FI,h1931,0.608394034195855,scr2002,avaStIn,bevFrtRoadLight
FI,h1932,0.6010568773540479,scr2002,avaStIn,bevFrtRoadLight
FI,h1933,0.5764247164288175,scr2002,avaStIn,bevFrtRoadLight
FI,h1934,0.5401459054358786,scr2002,avaStIn,bevFrtRoadLight
FI,h1935,0.4982672792884357,scr2002,avaStIn,bevFrtRoadLight
FI,h1936,0.4574139907405833,scr2002,avaStIn,bevFrtRoadLight
FI,h1937,0.42470386872332366,scr2002,avaStIn,bevFrtRoadLight
FI,h1938,0.4070105681582177,scr2002,avaStIn,bevFrtRoadLight
FI,h1939,0.3993554704479094,scr2002,avaStIn,bevFrtRoadLight
FI,h1940,0.3942528360151184,scr2002,avaStIn,bevFrtRoadLight
FI,h1941,0.3809841238928826,scr2002,avaStIn,bevFrtRoadLight
FI,h1942,0.3497784944040866,scr2002,avaStIn,bevFrtRoadLight
FI,h1943,0.3123069662403203,scr2002,avaStIn,bevFrtRoadLight
FI,h1944,0.2821792829284123,scr2002,avaStIn,bevFrtRoadLight
FI,h1945,0.230095162221032,scr2002,avaStIn,bevFrtRoadLight
FI,h1946,0.2300917975935889,scr2002,avaStIn,bevFrtRoadLight
FI,h1947,0.27148343409663167,scr2002,avaStIn,bevFrtRoadLight
FI,h1948,0.3790725700696759,scr2002,avaStIn,bevFrtRoadLight
FI,h1949,0.4623404992613247,scr2002,avaStIn,bevFrtRoadLight
FI,h1950,0.5259162274800008,scr2002,avaStIn,bevFrtRoadLight
FI,h1951,0.5772992909654577,scr2002,avaStIn,bevFrtRoadLight
FI,h1952,0.6171735770568829,scr2002,avaStIn,bevFrtRoadLight
FI,h1953,0.6409152522621753,scr2002,avaStIn,bevFrtRoadLight
FI,h1954,0.6489166669999998,scr2002,avaStIn,bevFrtRoadLight
FI,h1955,0.6400350534574337,scr2002,avaStIn,bevFrtRoadLight
FI,h1956,0.61588415769173,scr2002,avaStIn,bevFrtRoadLight
FI,h1957,0.5753501172674538,scr2002,avaStIn,bevFrtRoadLight
FI,h1958,0.5273486726990765,scr2002,avaStIn,bevFrtRoadLight
FI,h1959,0.47682400205808595,scr2002,avaStIn,bevFrtRoadLight
FI,h1960,0.4288063768750643,scr2002,avaStIn,bevFrtRoadLight
FI,h1961,0.39374570481652504,scr2002,avaStIn,bevFrtRoadLight
FI,h1962,0.3749031506247579,scr2002,avaStIn,bevFrtRoadLight
FI,h1963,0.37209330121313167,scr2002,avaStIn,bevFrtRoadLight
FI,h1964,0.36873105182903665,scr2002,avaStIn,bevFrtRoadLight
FI,h1965,0.3543630997986469,scr2002,avaStIn,bevFrtRoadLight
FI,h1966,0.3154781828948128,scr2002,avaStIn,bevFrtRoadLight
FI,h1967,0.27112993299959987,scr2002,avaStIn,bevFrtRoadLight
FI,h1968,0.2381911639591776,scr2002,avaStIn,bevFrtRoadLight
FI,h1969,0.20075744833264675,scr2002,avaStIn,bevFrtRoadLight
FI,h1970,0.21575624655576675,scr2002,avaStIn,bevFrtRoadLight
FI,h1971,0.27148343409663167,scr2002,avaStIn,bevFrtRoadLight
FI,h1972,0.3790725700696759,scr2002,avaStIn,bevFrtRoadLight
FI,h1973,0.4623404992613247,scr2002,avaStIn,bevFrtRoadLight
FI,h1974,0.5259162274800008,scr2002,avaStIn,bevFrtRoadLight
FI,h1975,0.5772992909654577,scr2002,avaStIn,bevFrtRoadLight
FI,h1976,0.6171735770568829,scr2002,avaStIn,bevFrtRoadLight
FI,h1977,0.6409152522621753,scr2002,avaStIn,bevFrtRoadLight
FI,h1978,0.6489166669999998,scr2002,avaStIn,bevFrtRoadLight
FI,h1979,0.6400350534574337,scr2002,avaStIn,bevFrtRoadLight
FI,h1980,0.61588415769173,scr2002,avaStIn,bevFrtRoadLight
FI,h1981,0.5753501172674538,scr2002,avaStIn,bevFrtRoadLight
FI,h1982,0.5273486726990765,scr2002,avaStIn,bevFrtRoadLight
FI,h1983,0.47682400205808595,scr2002,avaStIn,bevFrtRoadLight
FI,h1984,0.4288063768750643,scr2002,avaStIn,bevFrtRoadLight
FI,h1985,0.39374570481652504,scr2002,avaStIn,bevFrtRoadLight
FI,h1986,0.3749031506247579,scr2002,avaStIn,bevFrtRoadLight
FI,h1987,0.37209330121313167,scr2002,avaStIn,bevFrtRoadLight
FI,h1988,0.36873105182903665,scr2002,avaStIn,bevFrtRoadLight
FI,h1989,0.3543630997986469,scr2002,avaStIn,bevFrtRoadLight
FI,h1990,0.3154781828948128,scr2002,avaStIn,bevFrtRoadLight
FI,h1991,0.27112993299959987,scr2002,avaStIn,bevFrtRoadLight
FI,h1992,0.2381911639591776,scr2002,avaStIn,bevFrtRoadLight
FI,h1993,0.28388199759953203,scr2002,avaStIn,bevFrtRoadLight
FI,h1994,0.34615260530650627,scr2002,avaStIn,bevFrtRoadLight
FI,h1995,0.4106293035759673,scr2002,avaStIn,bevFrtRoadLight
FI,h1996,0.4302562346105031,scr2002,avaStIn,bevFrtRoadLight
FI,h1997,0.4411964644145132,scr2002,avaStIn,bevFrtRoadLight
FI,h1998,0.45751109901302867,scr2002,avaStIn,bevFrtRoadLight
FI,h1999,0.48871757217710954,scr2002,avaStIn,bevFrtRoadLight
FI,h2000,0.5314509691002262,scr2002,avaStIn,bevFrtRoadLight
FI,h2001,0.5711878747561929,scr2002,avaStIn,bevFrtRoadLight
FI,h2002,0.5980939691710526,scr2002,avaStIn,bevFrtRoadLight
FI,h2003,0.608394034195855,scr2002,avaStIn,bevFrtRoadLight
FI,h2004,0.6010568773540479,scr2002,avaStIn,bevFrtRoadLight
FI,h2005,0.5764247164288175,scr2002,avaStIn,bevFrtRoadLight
FI,h2006,0.5401459054358786,scr2002,avaStIn,bevFrtRoadLight
FI,h2007,0.4982672792884357,scr2002,avaStIn,bevFrtRoadLight
FI,h2008,0.4574139907405833,scr2002,avaStIn,bevFrtRoadLight
FI,h2009,0.42470386872332366,scr2002,avaStIn,bevFrtRoadLight
FI,h2010,0.4070105681582177,scr2002,avaStIn,bevFrtRoadLight
FI,h2011,0.3993554704479094,scr2002,avaStIn,bevFrtRoadLight
FI,h2012,0.3942528360151184,scr2002,avaStIn,bevFrtRoadLight
FI,h2013,0.3809841238928826,scr2002,avaStIn,bevFrtRoadLight
FI,h2014,0.3497784944040866,scr2002,avaStIn,bevFrtRoadLight
FI,h2015,0.3123069662403203,scr2002,avaStIn,bevFrtRoadLight
FI,h2016,0.2821792829284123,scr2002,avaStIn,bevFrtRoadLight
FI,h2017,0.3072840894621327,scr2002,avaStIn,bevFrtRoadLight
FI,h2018,0.33666905394072466,scr2002,avaStIn,bevFrtRoadLight
FI,h2019,0.36655496485550265,scr2002,avaStIn,bevFrtRoadLight
FI,h2020,0.3745731212047183,scr2002,avaStIn,bevFrtRoadLight
FI,h2021,0.4026088526762964,scr2002,avaStIn,bevFrtRoadLight
FI,h2022,0.44640061438376677,scr2002,avaStIn,bevFrtRoadLight
FI,h2023,0.4973037920546317,scr2002,avaStIn,bevFrtRoadLight
FI,h2024,0.5420216950586382,scr2002,avaStIn,bevFrtRoadLight
FI,h2025,0.5736954068525849,scr2002,avaStIn,bevFrtRoadLight
FI,h2026,0.5880342997851788,scr2002,avaStIn,bevFrtRoadLight
FI,h2027,0.5918947845476326,scr2002,avaStIn,bevFrtRoadLight
FI,h2028,0.5837522950091351,scr2002,avaStIn,bevFrtRoadLight
FI,h2029,0.566630011228302,scr2002,avaStIn,bevFrtRoadLight
FI,h2030,0.5326460205473856,scr2002,avaStIn,bevFrtRoadLight
FI,h2031,0.48334141219508586,scr2002,avaStIn,bevFrtRoadLight
FI,h2032,0.4237800531764452,scr2002,avaStIn,bevFrtRoadLight
FI,h2033,0.3668064382544399,scr2002,avaStIn,bevFrtRoadLight
FI,h2034,0.33858624085132816,scr2002,avaStIn,bevFrtRoadLight
FI,h2035,0.33981235579051505,scr2002,avaStIn,bevFrtRoadLight
FI,h2036,0.3644150552627201,scr2002,avaStIn,bevFrtRoadLight
FI,h2037,0.39407002810213865,scr2002,avaStIn,bevFrtRoadLight
FI,h2038,0.4100441996396512,scr2002,avaStIn,bevFrtRoadLight
FI,h2039,0.41244752514225314,scr2002,avaStIn,bevFrtRoadLight
FI,h2040,0.3977671810575979,scr2002,avaStIn,bevFrtRoadLight
FI,h2041,0.3840802424090224,scr2002,avaStIn,bevFrtRoadLight
FI,h2042,0.37136048642151265,scr2002,avaStIn,bevFrtRoadLight
FI,h2043,0.36655496485550265,scr2002,avaStIn,bevFrtRoadLight
FI,h2044,0.3745731212047183,scr2002,avaStIn,bevFrtRoadLight
FI,h2045,0.4026088526762964,scr2002,avaStIn,bevFrtRoadLight
FI,h2046,0.44640061438376677,scr2002,avaStIn,bevFrtRoadLight
FI,h2047,0.4973037920546317,scr2002,avaStIn,bevFrtRoadLight
FI,h2048,0.5420216950586382,scr2002,avaStIn,bevFrtRoadLight
FI,h2049,0.5736954068525849,scr2002,avaStIn,bevFrtRoadLight
FI,h2050,0.5880342997851788,scr2002,avaStIn,bevFrtRoadLight
FI,h2051,0.5918947845476326,scr2002,avaStIn,bevFrtRoadLight
FI,h2052,0.5837522950091351,scr2002,avaStIn,bevFrtRoadLight
FI,h2053,0.566630011228302,scr2002,avaStIn,bevFrtRoadLight
FI,h2054,0.5326460205473856,scr2002,avaStIn,bevFrtRoadLight
FI,h2055,0.48334141219508586,scr2002,avaStIn,bevFrtRoadLight
FI,h2056,0.4237800531764452,scr2002,avaStIn,bevFrtRoadLight
FI,h2057,0.3668064382544399,scr2002,avaStIn,bevFrtRoadLight
FI,h2058,0.33858624085132816,scr2002,avaStIn,bevFrtRoadLight
FI,h2059,0.33981235579051505,scr2002,avaStIn,bevFrtRoadLight
FI,h2060,0.3644150552627201,scr2002,avaStIn,bevFrtRoadLight
FI,h2061,0.39407002810213865,scr2002,avaStIn,bevFrtRoadLight
FI,h2062,0.4100441996396512,scr2002,avaStIn,bevFrtRoadLight
FI,h2063,0.41244752514225314,scr2002,avaStIn,bevFrtRoadLight
FI,h2064,0.3977671810575979,scr2002,avaStIn,bevFrtRoadLight
FI,h2065,0.3840802424090224,scr2002,avaStIn,bevFrtRoadLight
FI,h2066,0.37136048642151265,scr2002,avaStIn,bevFrtRoadLight
FI,h2067,0.36655496485550265,scr2002,avaStIn,bevFrtRoadLight
FI,h2068,0.3745731212047183,scr2002,avaStIn,bevFrtRoadLight
FI,h2069,0.4026088526762964,scr2002,avaStIn,bevFrtRoadLight
FI,h2070,0.44640061438376677,scr2002,avaStIn,bevFrtRoadLight
FI,h2071,0.4973037920546317,scr2002,avaStIn,bevFrtRoadLight
FI,h2072,0.5420216950586382,scr2002,avaStIn,bevFrtRoadLight
FI,h2073,0.5736954068525849,scr2002,avaStIn,bevFrtRoadLight
FI,h2074,0.5880342997851788,scr2002,avaStIn,bevFrtRoadLight
FI,h2075,0.5918947845476326,scr2002,avaStIn,bevFrtRoadLight
FI,h2076,0.5837522950091351,scr2002,avaStIn,bevFrtRoadLight
FI,h2077,0.566630011228302,scr2002,avaStIn,bevFrtRoadLight
FI,h2078,0.5326460205473856,scr2002,avaStIn,bevFrtRoadLight
FI,h2079,0.48334141219508586,scr2002,avaStIn,bevFrtRoadLight
FI,h2080,0.4237800531764452,scr2002,avaStIn,bevFrtRoadLight
FI,h2081,0.3668064382544399,scr2002,avaStIn,bevFrtRoadLight
FI,h2082,0.33858624085132816,scr2002,avaStIn,bevFrtRoadLight
FI,h2083,0.33981235579051505,scr2002,avaStIn,bevFrtRoadLight
FI,h2084,0.3644150552627201,scr2002,avaStIn,bevFrtRoadLight
FI,h2085,0.39407002810213865,scr2002,avaStIn,bevFrtRoadLight
FI,h2086,0.4100441996396512,scr2002,avaStIn,bevFrtRoadLight
FI,h2087,0.41244752514225314,scr2002,avaStIn,bevFrtRoadLight
FI,h2088,0.3977671810575979,scr2002,avaStIn,bevFrtRoadLight
FI,h2089,0.3840802424090224,scr2002,avaStIn,bevFrtRoadLight
FI,h2090,0.37136048642151265,scr2002,avaStIn,bevFrtRoadLight
FI,h2091,0.36655496485550265,scr2002,avaStIn,bevFrtRoadLight
FI,h2092,0.3745731212047183,scr2002,avaStIn,bevFrtRoadLight
FI,h2093,0.4026088526762964,scr2002,avaStIn,bevFrtRoadLight
FI,h2094,0.44640061438376677,scr2002,avaStIn,bevFrtRoadLight
FI,h2095,0.4973037920546317,scr2002,avaStIn,bevFrtRoadLight
FI,h2096,0.5420216950586382,scr2002,avaStIn,bevFrtRoadLight
FI,h2097,0.5736954068525849,scr2002,avaStIn,bevFrtRoadLight
FI,h2098,0.5880342997851788,scr2002,avaStIn,bevFrtRoadLight
FI,h2099,0.5918947845476326,scr2002,avaStIn,bevFrtRoadLight
FI,h2100,0.5837522950091351,scr2002,avaStIn,bevFrtRoadLight
FI,h2101,0.566630011228302,scr2002,avaStIn,bevFrtRoadLight
FI,h2102,0.5326460205473856,scr2002,avaStIn,bevFrtRoadLight
FI,h2103,0.48334141219508586,scr2002,avaStIn,bevFrtRoadLight
FI,h2104,0.4237800531764452,scr2002,avaStIn,bevFrtRoadLight
FI,h2105,0.3668064382544399,scr2002,avaStIn,bevFrtRoadLight
FI,h2106,0.33858624085132816,scr2002,avaStIn,bevFrtRoadLight
FI,h2107,0.33981235579051505,scr2002,avaStIn,bevFrtRoadLight
FI,h2108,0.3644150552627201,scr2002,avaStIn,bevFrtRoadLight
FI,h2109,0.39407002810213865,scr2002,avaStIn,bevFrtRoadLight
FI,h2110,0.4100441996396512,scr2002,avaStIn,bevFrtRoadLight
FI,h2111,0.41244752514225314,scr2002,avaStIn,bevFrtRoadLight
FI,h2112,0.3977671810575979,scr2002,avaStIn,bevFrtRoadLight
FI,h2113,0.4215422859318668,scr2002,avaStIn,bevFrtRoadLight
FI,h2114,0.44561523253946533,scr2002,avaStIn,bevFrtRoadLight
FI,h2115,0.46890884939949806,scr2002,avaStIn,bevFrtRoadLight
FI,h2116,0.4606801828577375,scr2002,avaStIn,bevFrtRoadLight
FI,h2117,0.4598809008191356,scr2002,avaStIn,bevFrtRoadLight
FI,h2118,0.47373682010553864,scr2002,avaStIn,bevFrtRoadLight
FI,h2119,0.49837466067849223,scr2002,avaStIn,bevFrtRoadLight
FI,h2120,0.5249322712656334,scr2002,avaStIn,bevFrtRoadLight
FI,h2121,0.5295524702973696,scr2002,avaStIn,bevFrtRoadLight
FI,h2122,0.5237384833973733,scr2002,avaStIn,bevFrtRoadLight
FI,h2123,0.517462220076728,scr2002,avaStIn,bevFrtRoadLight
FI,h2124,0.5202231448594441,scr2002,avaStIn,bevFrtRoadLight
FI,h2125,0.5168074572603817,scr2002,avaStIn,bevFrtRoadLight
FI,h2126,0.4881087918461403,scr2002,avaStIn,bevFrtRoadLight
FI,h2127,0.4401501060096197,scr2002,avaStIn,bevFrtRoadLight
FI,h2128,0.3751810028677981,scr2002,avaStIn,bevFrtRoadLight
FI,h2129,0.3184738733356699,scr2002,avaStIn,bevFrtRoadLight
FI,h2130,0.2885496316681868,scr2002,avaStIn,bevFrtRoadLight
FI,h2131,0.2950430145218158,scr2002,avaStIn,bevFrtRoadLight
FI,h2132,0.3362350273761402,scr2002,avaStIn,bevFrtRoadLight
FI,h2133,0.3905257678468871,scr2002,avaStIn,bevFrtRoadLight
FI,h2134,0.4405757953478313,scr2002,avaStIn,bevFrtRoadLight
FI,h2135,0.4738121072088959,scr2002,avaStIn,bevFrtRoadLight
FI,h2136,0.4995552626921461,scr2002,avaStIn,bevFrtRoadLight
FI,h2137,0.5006979269249346,scr2002,avaStIn,bevFrtRoadLight
FI,h2138,0.49234384959123256,scr2002,avaStIn,bevFrtRoadLight
FI,h2139,0.46890884939949806,scr2002,avaStIn,bevFrtRoadLight
FI,h2140,0.4606801828577375,scr2002,avaStIn,bevFrtRoadLight
FI,h2141,0.4598809008191356,scr2002,avaStIn,bevFrtRoadLight
FI,h2142,0.47373682010553864,scr2002,avaStIn,bevFrtRoadLight
FI,h2143,0.49837466067849223,scr2002,avaStIn,bevFrtRoadLight
FI,h2144,0.5249322712656334,scr2002,avaStIn,bevFrtRoadLight
FI,h2145,0.5295524702973696,scr2002,avaStIn,bevFrtRoadLight
FI,h2146,0.5237384833973733,scr2002,avaStIn,bevFrtRoadLight
FI,h2147,0.517462220076728,scr2002,avaStIn,bevFrtRoadLight
FI,h2148,0.5202231448594441,scr2002,avaStIn,bevFrtRoadLight
FI,h2149,0.5168074572603817,scr2002,avaStIn,bevFrtRoadLight
FI,h2150,0.4881087918461403,scr2002,avaStIn,bevFrtRoadLight
FI,h2151,0.4401501060096197,scr2002,avaStIn,bevFrtRoadLight
FI,h2152,0.3751810028677981,scr2002,avaStIn,bevFrtRoadLight
FI,h2153,0.3184738733356699,scr2002,avaStIn,bevFrtRoadLight
FI,h2154,0.2885496316681868,scr2002,avaStIn,bevFrtRoadLight
FI,h2155,0.2950430145218158,scr2002,avaStIn,bevFrtRoadLight
FI,h2156,0.3362350273761402,scr2002,avaStIn,bevFrtRoadLight
FI,h2157,0.3905257678468871,scr2002,avaStIn,bevFrtRoadLight
FI,h2158,0.4405757953478313,scr2002,avaStIn,bevFrtRoadLight
FI,h2159,0.4738121072088959,scr2002,avaStIn,bevFrtRoadLight
FI,h2160,0.4995552626921461,scr2002,avaStIn,bevFrtRoadLight
FR,h1441,0.37143539955749866,scr2002,avaStIn,bevFrtRoadLight
FR,h1442,0.384608652410892,scr2002,avaStIn,bevFrtRoadLight
FR,h1443,0.4237495239182642,scr2002,avaStIn,bevFrtRoadLight
FR,h1444,0.47091023157612183,scr2002,avaStIn,bevFrtRoadLight
FR,h1445,0.5000591446961407,scr2002,avaStIn,bevFrtRoadLight
FR,h1446,0.4952333451571422,scr2002,avaStIn,bevFrtRoadLight
FR,h1447,0.5008043596015221,scr2002,avaStIn,bevFrtRoadLight
FR,h1448,0.5021789974738546,scr2002,avaStIn,bevFrtRoadLight
FR,h1449,0.5231874460949844,scr2002,avaStIn,bevFrtRoadLight
FR,h1450,0.5308529822226915,scr2002,avaStIn,bevFrtRoadLight
FR,h1451,0.5363569592692281,scr2002,avaStIn,bevFrtRoadLight
FR,h1452,0.537388156127675,scr2002,avaStIn,bevFrtRoadLight
FR,h1453,0.5288075990651915,scr2002,avaStIn,bevFrtRoadLight
FR,h1454,0.5095709286669998,scr2002,avaStIn,bevFrtRoadLight
FR,h1455,0.47375355093106214,scr2002,avaStIn,bevFrtRoadLight
FR,h1456,0.43044665383965636,scr2002,avaStIn,bevFrtRoadLight
FR,h1457,0.38268799922147895,scr2002,avaStIn,bevFrtRoadLight
FR,h1458,0.3500960339005898,scr2002,avaStIn,bevFrtRoadLight
FR,h1459,0.33493942920247227,scr2002,avaStIn,bevFrtRoadLight
FR,h1460,0.3486916021895436,scr2002,avaStIn,bevFrtRoadLight
FR,h1461,0.3678005779761569,scr2002,avaStIn,bevFrtRoadLight
FR,h1462,0.3868279102443685,scr2002,avaStIn,bevFrtRoadLight
FR,h1463,0.39129796808842315,scr2002,avaStIn,bevFrtRoadLight
FR,h1464,0.3985938980480804,scr2002,avaStIn,bevFrtRoadLight
FR,h1465,0.3854075588164067,scr2002,avaStIn,bevFrtRoadLight
FR,h1466,0.3983441828052418,scr2002,avaStIn,bevFrtRoadLight
FR,h1467,0.4237495239182642,scr2002,avaStIn,bevFrtRoadLight
FR,h1468,0.47091023157612183,scr2002,avaStIn,bevFrtRoadLight
FR,h1469,0.5000591446961407,scr2002,avaStIn,bevFrtRoadLight
FR,h1470,0.4952333451571422,scr2002,avaStIn,bevFrtRoadLight
FR,h1471,0.5008043596015221,scr2002,avaStIn,bevFrtRoadLight
FR,h1472,0.5021789974738546,scr2002,avaStIn,bevFrtRoadLight
FR,h1473,0.5231874460949844,scr2002,avaStIn,bevFrtRoadLight
FR,h1474,0.5308529822226915,scr2002,avaStIn,bevFrtRoadLight
FR,h1475,0.5363569592692281,scr2002,avaStIn,bevFrtRoadLight
FR,h1476,0.537388156127675,scr2002,avaStIn,bevFrtRoadLight
FR,h1477,0.5288075990651915,scr2002,avaStIn,bevFrtRoadLight
FR,h1478,0.5095709286669998,scr2002,avaStIn,bevFrtRoadLight
FR,h1479,0.47375355093106214,scr2002,avaStIn,bevFrtRoadLight
FR,h1480,0.43044665383965636,scr2002,avaStIn,bevFrtRoadLight
FR,h1481,0.38268799922147895,scr2002,avaStIn,bevFrtRoadLight
FR,h1482,0.3500960339005898,scr2002,avaStIn,bevFrtRoadLight
FR,h1483,0.33493942920247227,scr2002,avaStIn,bevFrtRoadLight
FR,h1484,0.3486916021895436,scr2002,avaStIn,bevFrtRoadLight
FR,h1485,0.3678005779761569,scr2002,avaStIn,bevFrtRoadLight
FR,h1486,0.3868279102443685,scr2002,avaStIn,bevFrtRoadLight
FR,h1487,0.39129796808842315,scr2002,avaStIn,bevFrtRoadLight
FR,h1488,0.3985938980480804,scr2002,avaStIn,bevFrtRoadLight
FR,h1489,0.417438896920547,scr2002,avaStIn,bevFrtRoadLight
FR,h1490,0.4439543832070488,scr2002,avaStIn,bevFrtRoadLight
FR,h1491,0.46423884613291105,scr2002,avaStIn,bevFrtRoadLight
FR,h1492,0.4692993118565086,scr2002,avaStIn,bevFrtRoadLight
FR,h1493,0.4647572130501479,scr2002,avaStIn,bevFrtRoadLight
FR,h1494,0.46064213333928156,scr2002,avaStIn,bevFrtRoadLight
FR,h1495,0.46062945013814066,scr2002,avaStIn,bevFrtRoadLight
FR,h1496,0.4771202000278559,scr2002,avaStIn,bevFrtRoadLight
FR,h1497,0.4942956004519072,scr2002,avaStIn,bevFrtRoadLight
FR,h1498,0.5099123823053466,scr2002,avaStIn,bevFrtRoadLight
FR,h1499,0.516103825435015,scr2002,avaStIn,bevFrtRoadLight
FR,h1500,0.5219276355822777,scr2002,avaStIn,bevFrtRoadLight
FR,h1501,0.5234247828552907,scr2002,avaStIn,bevFrtRoadLight
FR,h1502,0.5156668963515183,scr2002,avaStIn,bevFrtRoadLight
FR,h1503,0.4904757420921086,scr2002,avaStIn,bevFrtRoadLight
FR,h1504,0.45110486866152094,scr2002,avaStIn,bevFrtRoadLight
FR,h1505,0.4017195546093771,scr2002,avaStIn,bevFrtRoadLight
FR,h1506,0.36291036124415704,scr2002,avaStIn,bevFrtRoadLight
FR,h1507,0.34726190564612375,scr2002,avaStIn,bevFrtRoadLight
FR,h1508,0.3572707958832832,scr2002,avaStIn,bevFrtRoadLight
FR,h1509,0.3784688345075354,scr2002,avaStIn,bevFrtRoadLight
FR,h1510,0.3931902812107439,scr2002,avaStIn,bevFrtRoadLight
FR,h1511,0.39594228707308027,scr2002,avaStIn,bevFrtRoadLight
FR,h1512,0.38548877119622765,scr2002,avaStIn,bevFrtRoadLight
FR,h1513,0.4276985359892694,scr2002,avaStIn,bevFrtRoadLight
FR,h1514,0.4644411617748209,scr2002,avaStIn,bevFrtRoadLight
FR,h1515,0.5002557267591352,scr2002,avaStIn,bevFrtRoadLight
FR,h1516,0.47798335928114316,scr2002,avaStIn,bevFrtRoadLight
FR,h1517,0.4551887645588149,scr2002,avaStIn,bevFrtRoadLight
FR,h1518,0.4359624405147366,scr2002,avaStIn,bevFrtRoadLight
FR,h1519,0.42876729485430926,scr2002,avaStIn,bevFrtRoadLight
FR,h1520,0.43104491183452304,scr2002,avaStIn,bevFrtRoadLight
FR,h1521,0.4365190675447092,scr2002,avaStIn,bevFrtRoadLight
FR,h1522,0.4278419632767731,scr2002,avaStIn,bevFrtRoadLight
FR,h1523,0.4016528576943637,scr2002,avaStIn,bevFrtRoadLight
FR,h1524,0.3554492048303813,scr2002,avaStIn,bevFrtRoadLight
FR,h1525,0.3074338775768793,scr2002,avaStIn,bevFrtRoadLight
FR,h1526,0.27893630950364795,scr2002,avaStIn,bevFrtRoadLight
FR,h1527,0.2852564911760847,scr2002,avaStIn,bevFrtRoadLight
FR,h1528,0.3310047711329746,scr2002,avaStIn,bevFrtRoadLight
FR,h1529,0.3951643597987164,scr2002,avaStIn,bevFrtRoadLight
FR,h1530,0.4664498549169646,scr2002,avaStIn,bevFrtRoadLight
FR,h1531,0.5302489042156142,scr2002,avaStIn,bevFrtRoadLight
FR,h1532,0.5770673902258092,scr2002,avaStIn,bevFrtRoadLight
FR,h1533,0.5986769755958499,scr2002,avaStIn,bevFrtRoadLight
FR,h1534,0.6016883948095748,scr2002,avaStIn,bevFrtRoadLight
FR,h1535,0.5924055260109062,scr2002,avaStIn,bevFrtRoadLight
FR,h1536,0.5774847836798134,scr2002,avaStIn,bevFrtRoadLight
FR,h1537,0.5517773619954187,scr2002,avaStIn,bevFrtRoadLight
FR,h1538,0.5248358437172167,scr2002,avaStIn,bevFrtRoadLight
FR,h1539,0.5002557267591352,scr2002,avaStIn,bevFrtRoadLight
FR,h1540,0.47798335928114316,scr2002,avaStIn,bevFrtRoadLight
FR,h1541,0.4551887645588149,scr2002,avaStIn,bevFrtRoadLight
FR,h1542,0.4359624405147366,scr2002,avaStIn,bevFrtRoadLight
FR,h1543,0.42876729485430926,scr2002,avaStIn,bevFrtRoadLight
FR,h1544,0.43104491183452304,scr2002,avaStIn,bevFrtRoadLight
FR,h1545,0.4365190675447092,scr2002,avaStIn,bevFrtRoadLight
FR,h1546,0.4278419632767731,scr2002,avaStIn,bevFrtRoadLight
FR,h1547,0.4016528576943637,scr2002,avaStIn,bevFrtRoadLight
FR,h1548,0.3554492048303813,scr2002,avaStIn,bevFrtRoadLight
FR,h1549,0.3074338775768793,scr2002,avaStIn,bevFrtRoadLight
FR,h1550,0.27893630950364795,scr2002,avaStIn,bevFrtRoadLight
FR,h1551,0.2852564911760847,scr2002,avaStIn,bevFrtRoadLight
FR,h1552,0.3310047711329746,scr2002,avaStIn,bevFrtRoadLight
FR,h1553,0.3951643597987164,scr2002,avaStIn,bevFrtRoadLight
FR,h1554,0.4664498549169646,scr2002,avaStIn,bevFrtRoadLight
FR,h1555,0.5302489042156142,scr2002,avaStIn,bevFrtRoadLight
FR,h1556,0.5770673902258092,scr2002,avaStIn,bevFrtRoadLight
FR,h1557,0.5986769755958499,scr2002,avaStIn,bevFrtRoadLight
FR,h1558,0.6016883948095748,scr2002,avaStIn,bevFrtRoadLight
FR,h1559,0.5924055260109062,scr2002,avaStIn,bevFrtRoadLight
FR,h1560,0.5774847836798134,scr2002,avaStIn,bevFrtRoadLight
FR,h1561,0.5517773619954187,scr2002,avaStIn,bevFrtRoadLight
FR,h1562,0.5248358437172167,scr2002,avaStIn,bevFrtRoadLight
FR,h1563,0.5002557267591352,scr2002,avaStIn,bevFrtRoadLight
FR,h1564,0.47798335928114316,scr2002,avaStIn,bevFrtRoadLight
FR,h1565,0.4551887645588149,scr2002,avaStIn,bevFrtRoadLight
FR,h1566,0.4359624405147366,scr2002,avaStIn,bevFrtRoadLight
FR,h1567,0.42876729485430926,scr2002,avaStIn,bevFrtRoadLight
FR,h1568,0.43104491183452304,scr2002,avaStIn,bevFrtRoadLight
FR,h1569,0.4365190675447092,scr2002,avaStIn,bevFrtRoadLight
FR,h1570,0.4278419632767731,scr2002,avaStIn,bevFrtRoadLight
FR,h1571,0.4016528576943637,scr2002,avaStIn,bevFrtRoadLight
FR,h1572,0.3554492048303813,scr2002,avaStIn,bevFrtRoadLight
FR,h1573,0.3074338775768793,scr2002,avaStIn,bevFrtRoadLight
FR,h1574,0.27893630950364795,scr2002,avaStIn,bevFrtRoadLight
FR,h1575,0.2852564911760847,scr2002,avaStIn,bevFrtRoadLight
FR,h1576,0.3310047711329746,scr2002,avaStIn,bevFrtRoadLight
FR,h1577,0.3951643597987164,scr2002,avaStIn,bevFrtRoadLight
FR,h1578,0.4664498549169646,scr2002,avaStIn,bevFrtRoadLight
FR,h1579,0.5302489042156142,scr2002,avaStIn,bevFrtRoadLight
FR,h1580,0.5770673902258092,scr2002,avaStIn,bevFrtRoadLight
FR,h1581,0.5986769755958499,scr2002,avaStIn,bevFrtRoadLight
FR,h1582,0.6016883948095748,scr2002,avaStIn,bevFrtRoadLight
FR,h1583,0.5924055260109062,scr2002,avaStIn,bevFrtRoadLight
FR,h1584,0.5774847836798134,scr2002,avaStIn,bevFrtRoadLight
FR,h1585,0.5517773619954187,scr2002,avaStIn,bevFrtRoadLight
FR,h1586,0.5248358437172167,scr2002,avaStIn,bevFrtRoadLight
FR,h1587,0.5002557267591352,scr2002,avaStIn,bevFrtRoadLight
FR,h1588,0.47798335928114316,scr2002,avaStIn,bevFrtRoadLight
FR,h1589,0.4551887645588149,scr2002,avaStIn,bevFrtRoadLight
FR,h1590,0.4359624405147366,scr2002,avaStIn,bevFrtRoadLight
FR,h1591,0.42876729485430926,scr2002,avaStIn,bevFrtRoadLight
FR,h1592,0.43104491183452304,scr2002,avaStIn,bevFrtRoadLight
FR,h1593,0.4365190675447092,scr2002,avaStIn,bevFrtRoadLight
FR,h1594,0.4278419632767731,scr2002,avaStIn,bevFrtRoadLight
FR,h1595,0.4016528576943637,scr2002,avaStIn,bevFrtRoadLight
FR,h1596,0.3554492048303813,scr2002,avaStIn,bevFrtRoadLight
FR,h1597,0.3074338775768793,scr2002,avaStIn,bevFrtRoadLight
FR,h1598,0.27893630950364795,scr2002,avaStIn,bevFrtRoadLight
FR,h1599,0.2852564911760847,scr2002,avaStIn,bevFrtRoadLight
FR,h1600,0.3310047711329746,scr2002,avaStIn,bevFrtRoadLight
FR,h1601,0.3951643597987164,scr2002,avaStIn,bevFrtRoadLight
FR,h1602,0.4664498549169646,scr2002,avaStIn,bevFrtRoadLight
FR,h1603,0.5302489042156142,scr2002,avaStIn,bevFrtRoadLight
FR,h1604,0.5770673902258092,scr2002,avaStIn,bevFrtRoadLight
FR,h1605,0.5986769755958499,scr2002,avaStIn,bevFrtRoadLight
FR,h1606,0.6016883948095748,scr2002,avaStIn,bevFrtRoadLight
FR,h1607,0.5924055260109062,scr2002,avaStIn,bevFrtRoadLight
FR,h1608,0.5774847836798134,scr2002,avaStIn,bevFrtRoadLight
FR,h1609,0.5399833096273894,scr2002,avaStIn,bevFrtRoadLight
FR,h1610,0.5020113380135913,scr2002,avaStIn,bevFrtRoadLight
FR,h1611,0.46357223070631565,scr2002,avaStIn,bevFrtRoadLight
FR,h1612,0.43803486595747304,scr2002,avaStIn,bevFrtRoadLight
FR,h1613,0.4076212480325629,scr2002,avaStIn,bevFrtRoadLight
FR,h1614,0.37888830724468353,scr2002,avaStIn,bevFrtRoadLight
FR,h1615,0.369583814222936,scr2002,avaStIn,bevFrtRoadLight
FR,h1616,0.3784020848878395,scr2002,avaStIn,bevFrtRoadLight
FR,h1617,0.4031259345923754,scr2002,avaStIn,bevFrtRoadLight
FR,h1618,0.4136243937382416,scr2002,avaStIn,bevFrtRoadLight
FR,h1619,0.40284613156854127,scr2002,avaStIn,bevFrtRoadLight
FR,h1620,0.36034370411441236,scr2002,avaStIn,bevFrtRoadLight
FR,h1621,0.3007353640691551,scr2002,avaStIn,bevFrtRoadLight
FR,h1622,0.2417737046506196,scr2002,avaStIn,bevFrtRoadLight
FR,h1623,0.2197061456061568,scr2002,avaStIn,bevFrtRoadLight
FR,h1624,0.2550839573322901,scr2002,avaStIn,bevFrtRoadLight
FR,h1625,0.3476713909676526,scr2002,avaStIn,bevFrtRoadLight
FR,h1626,0.4522804104683689,scr2002,avaStIn,bevFrtRoadLight
FR,h1627,0.5341134302691988,scr2002,avaStIn,bevFrtRoadLight
FR,h1628,0.5851656457268322,scr2002,avaStIn,bevFrtRoadLight
FR,h1629,0.6079565962864943,scr2002,avaStIn,bevFrtRoadLight
FR,h1630,0.608837832284763,scr2002,avaStIn,bevFrtRoadLight
FR,h1631,0.586254700588972,scr2002,avaStIn,bevFrtRoadLight
FR,h1632,0.5503272305028046,scr2002,avaStIn,bevFrtRoadLight
FR,h1633,0.5157882800473497,scr2002,avaStIn,bevFrtRoadLight
FR,h1634,0.48762121603393654,scr2002,avaStIn,bevFrtRoadLight
FR,h1635,0.46357223070631565,scr2002,avaStIn,bevFrtRoadLight
FR,h1636,0.43803486595747304,scr2002,avaStIn,bevFrtRoadLight
FR,h1637,0.4076212480325629,scr2002,avaStIn,bevFrtRoadLight
FR,h1638,0.37888830724468353,scr2002,avaStIn,bevFrtRoadLight
FR,h1639,0.369583814222936,scr2002,avaStIn,bevFrtRoadLight
FR,h1640,0.3784020848878395,scr2002,avaStIn,bevFrtRoadLight
FR,h1641,0.4031259345923754,scr2002,avaStIn,bevFrtRoadLight
FR,h1642,0.4136243937382416,scr2002,avaStIn,bevFrtRoadLight
FR,h1643,0.40284613156854127,scr2002,avaStIn,bevFrtRoadLight
FR,h1644,0.36034370411441236,scr2002,avaStIn,bevFrtRoadLight
FR,h1645,0.3007353640691551,scr2002,avaStIn,bevFrtRoadLight
FR,h1646,0.2417737046506196,scr2002,avaStIn,bevFrtRoadLight
FR,h1647,0.2197061456061568,scr2002,avaStIn,bevFrtRoadLight
FR,h1648,0.2550839573322901,scr2002,avaStIn,bevFrtRoadLight
FR,h1649,0.3476713909676526,scr2002,avaStIn,bevFrtRoadLight
FR,h1650,0.4522804104683689,scr2002,avaStIn,bevFrtRoadLight
FR,h1651,0.5341134302691988,scr2002,avaStIn,bevFrtRoadLight
FR,h1652,0.5851656457268322,scr2002,avaStIn,bevFrtRoadLight
FR,h1653,0.6079565962864943,scr2002,avaStIn,bevFrtRoadLight
FR,h1654,0.608837832284763,scr2002,avaStIn,bevFrtRoadLight
FR,h1655,0.586254700588972,scr2002,avaStIn,bevFrtRoadLight
FR,h1656,0.5503272305028046,scr2002,avaStIn,bevFrtRoadLight
FR,h1657,0.5277989482493217,scr2002,avaStIn,bevFrtRoadLight
FR,h1658,0.5107010378978181,scr2002,avaStIn,bevFrtRoadLight
FR,h1659,0.5002557267591352,scr2002,avaStIn,bevFrtRoadLight
FR,h1660,0.47798335928114316,scr2002,avaStIn,bevFrtRoadLight
FR,h1661,0.4551887645588149,scr2002,avaStIn,bevFrtRoadLight
FR,h1662,0.4359624405147366,scr2002,avaStIn,bevFrtRoadLight
FR,h1663,0.42876729485430926,scr2002,avaStIn,bevFrtRoadLight
FR,h1664,0.43104491183452304,scr2002,avaStIn,bevFrtRoadLight
FR,h1665,0.4365190675447092,scr2002,avaStIn,bevFrtRoadLight
FR,h1666,0.4278419632767731,scr2002,avaStIn,bevFrtRoadLight
FR,h1667,0.4016528576943637,scr2002,avaStIn,bevFrtRoadLight
FR,h1668,0.3554492048303813,scr2002,avaStIn,bevFrtRoadLight
FR,h1669,0.3074338775768793,scr2002,avaStIn,bevFrtRoadLight
FR,h1670,0.27893630950364795,scr2002,avaStIn,bevFrtRoadLight
FR,h1671,0.2852564911760847,scr2002,avaStIn,bevFrtRoadLight
FR,h1672,0.3310047711329746,scr2002,avaStIn,bevFrtRoadLight
FR,h1673,0.3951643597987164,scr2002,avaStIn,bevFrtRoadLight
FR,h1674,0.4664498549169646,scr2002,avaStIn,bevFrtRoadLight
FR,h1675,0.5302489042156142,scr2002,avaStIn,bevFrtRoadLight
FR,h1676,0.5770673902258092,scr2002,avaStIn,bevFrtRoadLight
FR,h1677,0.5986769755958499,scr2002,avaStIn,bevFrtRoadLight
FR,h1678,0.6016883948095748,scr2002,avaStIn,bevFrtRoadLight
FR,h1679,0.5924055260109062,scr2002,avaStIn,bevFrtRoadLight
FR,h1680,0.5774847836798134,scr2002,avaStIn,bevFrtRoadLight
FR,h1681,0.5517773619954187,scr2002,avaStIn,bevFrtRoadLight
FR,h1682,0.5248358437172167,scr2002,avaStIn,bevFrtRoadLight
FR,h1683,0.5002557267591352,scr2002,avaStIn,bevFrtRoadLight
FR,h1684,0.47798335928114316,scr2002,avaStIn,bevFrtRoadLight
FR,h1685,0.4551887645588149,scr2002,avaStIn,bevFrtRoadLight
FR,h1686,0.4359624405147366,scr2002,avaStIn,bevFrtRoadLight
FR,h1687,0.42876729485430926,scr2002,avaStIn,bevFrtRoadLight
FR,h1688,0.43104491183452304,scr2002,avaStIn,bevFrtRoadLight
FR,h1689,0.4365190675447092,scr2002,avaStIn,bevFrtRoadLight
FR,h1690,0.4278419632767731,scr2002,avaStIn,bevFrtRoadLight
FR,h1691,0.4016528576943637,scr2002,avaStIn,bevFrtRoadLight
FR,h1692,0.3554492048303813,scr2002,avaStIn,bevFrtRoadLight
FR,h1693,0.3074338775768793,scr2002,avaStIn,bevFrtRoadLight
FR,h1694,0.27893630950364795,scr2002,avaStIn,bevFrtRoadLight
FR,h1695,0.2852564911760847,scr2002,avaStIn,bevFrtRoadLight
FR,h1696,0.3310047711329746,scr2002,avaStIn,bevFrtRoadLight
FR,h1697,0.3951643597987164,scr2002,avaStIn,bevFrtRoadLight
FR,h1698,0.4664498549169646,scr2002,avaStIn,bevFrtRoadLight
FR,h1699,0.5302489042156142,scr2002,avaStIn,bevFrtRoadLight
FR,h1700,0.5770673902258092,scr2002,avaStIn,bevFrtRoadLight
FR,h1701,0.5986769755958499,scr2002,avaStIn,bevFrtRoadLight
FR,h1702,0.6016883948095748,scr2002,avaStIn,bevFrtRoadLight
FR,h1703,0.5924055260109062,scr2002,avaStIn,bevFrtRoadLight
FR,h1704,0.5774847836798134,scr2002,avaStIn,bevFrtRoadLight
FR,h1705,0.5090380578317111,scr2002,avaStIn,bevFrtRoadLight
FR,h1706,0.4531607322147027,scr2002,avaStIn,bevFrtRoadLight
FR,h1707,0.41062930357596744,scr2002,avaStIn,bevFrtRoadLight
FR,h1708,0.43025623461050316,scr2002,avaStIn,bevFrtRoadLight
FR,h1709,0.44119646441451316,scr2002,avaStIn,bevFrtRoadLight
FR,h1710,0.4575110990130287,scr2002,avaStIn,bevFrtRoadLight
FR,h1711,0.4887175721771096,scr2002,avaStIn,bevFrtRoadLight
FR,h1712,0.5314509691002265,scr2002,avaStIn,bevFrtRoadLight
FR,h1713,0.5711878747561929,scr2002,avaStIn,bevFrtRoadLight
FR,h1714,0.5980939691710527,scr2002,avaStIn,bevFrtRoadLight
FR,h1715,0.6083940341958554,scr2002,avaStIn,bevFrtRoadLight
FR,h1716,0.6010568773540483,scr2002,avaStIn,bevFrtRoadLight
FR,h1717,0.5764247164288179,scr2002,avaStIn,bevFrtRoadLight
FR,h1718,0.540145905435879,scr2002,avaStIn,bevFrtRoadLight
FR,h1719,0.498267279288436,scr2002,avaStIn,bevFrtRoadLight
FR,h1720,0.45741399074058336,scr2002,avaStIn,bevFrtRoadLight
FR,h1721,0.4247038687233237,scr2002,avaStIn,bevFrtRoadLight
FR,h1722,0.40701056815821773,scr2002,avaStIn,bevFrtRoadLight
FR,h1723,0.39935547044790937,scr2002,avaStIn,bevFrtRoadLight
FR,h1724,0.39425283601511846,scr2002,avaStIn,bevFrtRoadLight
FR,h1725,0.38098412389288244,scr2002,avaStIn,bevFrtRoadLight
FR,h1726,0.34977849440408654,scr2002,avaStIn,bevFrtRoadLight
FR,h1727,0.31230696624032034,scr2002,avaStIn,bevFrtRoadLight
FR,h1728,0.2821792829284124,scr2002,avaStIn,bevFrtRoadLight
FR,h1729,0.31068439182398483,scr2002,avaStIn,bevFrtRoadLight
FR,h1730,0.3586629996806477,scr2002,avaStIn,bevFrtRoadLight
FR,h1731,0.41062930357596744,scr2002,avaStIn,bevFrtRoadLight
FR,h1732,0.43025623461050316,scr2002,avaStIn,bevFrtRoadLight
FR,h1733,0.44119646441451316,scr2002,avaStIn,bevFrtRoadLight
FR,h1734,0.4575110990130287,scr2002,avaStIn,bevFrtRoadLight
FR,h1735,0.4887175721771096,scr2002,avaStIn,bevFrtRoadLight
FR,h1736,0.5314509691002265,scr2002,avaStIn,bevFrtRoadLight
FR,h1737,0.5711878747561929,scr2002,avaStIn,bevFrtRoadLight
FR,h1738,0.5980939691710527,scr2002,avaStIn,bevFrtRoadLight
FR,h1739,0.6083940341958554,scr2002,avaStIn,bevFrtRoadLight
FR,h1740,0.6010568773540483,scr2002,avaStIn,bevFrtRoadLight
FR,h1741,0.5764247164288179,scr2002,avaStIn,bevFrtRoadLight
FR,h1742,0.540145905435879,scr2002,avaStIn,bevFrtRoadLight
FR,h1743,0.498267279288436,scr2002,avaStIn,bevFrtRoadLight
FR,h1744,0.45741399074058336,scr2002,avaStIn,bevFrtRoadLight
FR,h1745,0.4247038687233237,scr2002,avaStIn,bevFrtRoadLight
FR,h1746,0.40701056815821773,scr2002,avaStIn,bevFrtRoadLight
FR,h1747,0.39935547044790937,scr2002,avaStIn,bevFrtRoadLight
FR,h1748,0.39425283601511846,scr2002,avaStIn,bevFrtRoadLight
FR,h1749,0.38098412389288244,scr2002,avaStIn,bevFrtRoadLight
FR,h1750,0.34977849440408654,scr2002,avaStIn,bevFrtRoadLight
FR,h1751,0.31230696624032034,scr2002,avaStIn,bevFrtRoadLight
FR,h1752,0.2821792829284124,scr2002,avaStIn,bevFrtRoadLight
FR,h1753,0.31068439182398483,scr2002,avaStIn,bevFrtRoadLight
FR,h1754,0.3586629996806477,scr2002,avaStIn,bevFrtRoadLight
FR,h1755,0.41062930357596744,scr2002,avaStIn,bevFrtRoadLight
FR,h1756,0.43025623461050316,scr2002,avaStIn,bevFrtRoadLight
FR,h1757,0.44119646441451316,scr2002,avaStIn,bevFrtRoadLight
FR,h1758,0.4575110990130287,scr2002,avaStIn,bevFrtRoadLight
FR,h1759,0.4887175721771096,scr2002,avaStIn,bevFrtRoadLight
FR,h1760,0.5314509691002265,scr2002,avaStIn,bevFrtRoadLight
FR,h1761,0.5711878747561929,scr2002,avaStIn,bevFrtRoadLight
FR,h1762,0.5980939691710527,scr2002,avaStIn,bevFrtRoadLight
FR,h1763,0.6083940341958554,scr2002,avaStIn,bevFrtRoadLight
FR,h1764,0.6010568773540483,scr2002,avaStIn,bevFrtRoadLight
FR,h1765,0.5764247164288179,scr2002,avaStIn,bevFrtRoadLight
FR,h1766,0.540145905435879,scr2002,avaStIn,bevFrtRoadLight
FR,h1767,0.498267279288436,scr2002,avaStIn,bevFrtRoadLight
FR,h1768,0.45741399074058336,scr2002,avaStIn,bevFrtRoadLight
FR,h1769,0.4247038687233237,scr2002,avaStIn,bevFrtRoadLight
FR,h1770,0.40701056815821773,scr2002,avaStIn,bevFrtRoadLight
FR,h1771,0.39935547044790937,scr2002,avaStIn,bevFrtRoadLight
FR,h1772,0.39425283601511846,scr2002,avaStIn,bevFrtRoadLight
FR,h1773,0.38098412389288244,scr2002,avaStIn,bevFrtRoadLight
FR,h1774,0.34977849440408654,scr2002,avaStIn,bevFrtRoadLight
FR,h1775,0.31230696624032034,scr2002,avaStIn,bevFrtRoadLight
FR,h1776,0.2821792829284124,scr2002,avaStIn,bevFrtRoadLight
FR,h1777,0.23009516222103205,scr2002,avaStIn,bevFrtRoadLight
FR,h1778,0.23009179759358894,scr2002,avaStIn,bevFrtRoadLight
FR,h1779,0.2714834340966317,scr2002,avaStIn,bevFrtRoadLight
FR,h1780,0.37907257006967593,scr2002,avaStIn,bevFrtRoadLight
FR,h1781,0.46234049926132464,scr2002,avaStIn,bevFrtRoadLight
FR,h1782,0.5259162274800007,scr2002,avaStIn,bevFrtRoadLight
FR,h1783,0.5772992909654577,scr2002,avaStIn,bevFrtRoadLight
FR,h1784,0.6171735770568829,scr2002,avaStIn,bevFrtRoadLight
FR,h1785,0.6409152522621755,scr2002,avaStIn,bevFrtRoadLight
FR,h1786,0.648916667,scr2002,avaStIn,bevFrtRoadLight
FR,h1787,0.640035053457434,scr2002,avaStIn,bevFrtRoadLight
FR,h1788,0.6158841576917302,scr2002,avaStIn,bevFrtRoadLight
FR,h1789,0.5753501172674538,scr2002,avaStIn,bevFrtRoadLight
FR,h1790,0.5273486726990766,scr2002,avaStIn,bevFrtRoadLight
FR,h1791,0.4768240020580861,scr2002,avaStIn,bevFrtRoadLight
FR,h1792,0.42880637687506445,scr2002,avaStIn,bevFrtRoadLight
FR,h1793,0.3937457048165253,scr2002,avaStIn,bevFrtRoadLight
FR,h1794,0.37490315062475815,scr2002,avaStIn,bevFrtRoadLight
FR,h1795,0.37209330121313183,scr2002,avaStIn,bevFrtRoadLight
FR,h1796,0.3687310518290369,scr2002,avaStIn,bevFrtRoadLight
FR,h1797,0.35436309979864694,scr2002,avaStIn,bevFrtRoadLight
FR,h1798,0.31547818289481283,scr2002,avaStIn,bevFrtRoadLight
FR,h1799,0.2711299329995998,scr2002,avaStIn,bevFrtRoadLight
FR,h1800,0.23819116395917778,scr2002,avaStIn,bevFrtRoadLight
FR,h1801,0.20075744833264692,scr2002,avaStIn,bevFrtRoadLight
FR,h1802,0.2157562465557668,scr2002,avaStIn,bevFrtRoadLight
FR,h1803,0.2714834340966317,scr2002,avaStIn,bevFrtRoadLight
FR,h1804,0.37907257006967593,scr2002,avaStIn,bevFrtRoadLight
FR,h1805,0.46234049926132464,scr2002,avaStIn,bevFrtRoadLight
FR,h1806,0.5259162274800007,scr2002,avaStIn,bevFrtRoadLight
FR,h1807,0.5772992909654577,scr2002,avaStIn,bevFrtRoadLight
FR,h1808,0.6171735770568829,scr2002,avaStIn,bevFrtRoadLight
FR,h1809,0.6409152522621755,scr2002,avaStIn,bevFrtRoadLight
FR,h1810,0.648916667,scr2002,avaStIn,bevFrtRoadLight
FR,h1811,0.640035053457434,scr2002,avaStIn,bevFrtRoadLight
FR,h1812,0.6158841576917302,scr2002,avaStIn,bevFrtRoadLight
FR,h1813,0.5753501172674538,scr2002,avaStIn,bevFrtRoadLight
FR,h1814,0.5273486726990766,scr2002,avaStIn,bevFrtRoadLight
FR,h1815,0.4768240020580861,scr2002,avaStIn,bevFrtRoadLight
FR,h1816,0.42880637687506445,scr2002,avaStIn,bevFrtRoadLight
FR,h1817,0.3937457048165253,scr2002,avaStIn,bevFrtRoadLight
FR,h1818,0.37490315062475815,scr2002,avaStIn,bevFrtRoadLight
FR,h1819,0.37209330121313183,scr2002,avaStIn,bevFrtRoadLight
FR,h1820,0.3687310518290369,scr2002,avaStIn,bevFrtRoadLight
FR,h1821,0.35436309979864694,scr2002,avaStIn,bevFrtRoadLight
FR,h1822,0.31547818289481283,scr2002,avaStIn,bevFrtRoadLight
FR,h1823,0.2711299329995998,scr2002,avaStIn,bevFrtRoadLight
FR,h1824,0.23819116395917778,scr2002,avaStIn,bevFrtRoadLight
FR,h1825,0.2838819975995321,scr2002,avaStIn,bevFrtRoadLight
FR,h1826,0.3461526053065063,scr2002,avaStIn,bevFrtRoadLight
FR,h1827,0.41062930357596744,scr2002,avaStIn,bevFrtRoadLight
FR,h1828,0.43025623461050316,scr2002,avaStIn,bevFrtRoadLight
FR,h1829,0.44119646441451316,scr2002,avaStIn,bevFrtRoadLight
FR,h1830,0.4575110990130287,scr2002,avaStIn,bevFrtRoadLight
FR,h1831,0.4887175721771096,scr2002,avaStIn,bevFrtRoadLight
FR,h1832,0.5314509691002265,scr2002,avaStIn,bevFrtRoadLight
FR,h1833,0.5711878747561929,scr2002,avaStIn,bevFrtRoadLight
FR,h1834,0.5980939691710527,scr2002,avaStIn,bevFrtRoadLight
FR,h1835,0.6083940341958554,scr2002,avaStIn,bevFrtRoadLight
FR,h1836,0.6010568773540483,scr2002,avaStIn,bevFrtRoadLight
FR,h1837,0.5764247164288179,scr2002,avaStIn,bevFrtRoadLight
FR,h1838,0.540145905435879,scr2002,avaStIn,bevFrtRoadLight
FR,h1839,0.498267279288436,scr2002,avaStIn,bevFrtRoadLight
FR,h1840,0.45741399074058336,scr2002,avaStIn,bevFrtRoadLight
FR,h1841,0.4247038687233237,scr2002,avaStIn,bevFrtRoadLight
FR,h1842,0.40701056815821773,scr2002,avaStIn,bevFrtRoadLight
FR,h1843,0.39935547044790937,scr2002,avaStIn,bevFrtRoadLight
FR,h1844,0.39425283601511846,scr2002,avaStIn,bevFrtRoadLight
FR,h1845,0.38098412389288244,scr2002,avaStIn,bevFrtRoadLight
FR,h1846,0.34977849440408654,scr2002,avaStIn,bevFrtRoadLight
FR,h1847,0.31230696624032034,scr2002,avaStIn,bevFrtRoadLight
FR,h1848,0.2821792829284124,scr2002,avaStIn,bevFrtRoadLight
FR,h1849,0.31068439182398483,scr2002,avaStIn,bevFrtRoadLight
FR,h1850,0.3586629996806477,scr2002,avaStIn,bevFrtRoadLight
FR,h1851,0.41062930357596744,scr2002,avaStIn,bevFrtRoadLight
FR,h1852,0.43025623461050316,scr2002,avaStIn,bevFrtRoadLight
FR,h1853,0.44119646441451316,scr2002,avaStIn,bevFrtRoadLight
FR,h1854,0.4575110990130287,scr2002,avaStIn,bevFrtRoadLight
FR,h1855,0.4887175721771096,scr2002,avaStIn,bevFrtRoadLight
FR,h1856,0.5314509691002265,scr2002,avaStIn,bevFrtRoadLight
FR,h1857,0.5711878747561929,scr2002,avaStIn,bevFrtRoadLight
FR,h1858,0.5980939691710527,scr2002,avaStIn,bevFrtRoadLight
FR,h1859,0.6083940341958554,scr2002,avaStIn,bevFrtRoadLight
FR,h1860,0.6010568773540483,scr2002,avaStIn,bevFrtRoadLight
FR,h1861,0.5764247164288179,scr2002,avaStIn,bevFrtRoadLight
FR,h1862,0.540145905435879,scr2002,avaStIn,bevFrtRoadLight
FR,h1863,0.498267279288436,scr2002,avaStIn,bevFrtRoadLight
FR,h1864,0.45741399074058336,scr2002,avaStIn,bevFrtRoadLight
FR,h1865,0.4247038687233237,scr2002,avaStIn,bevFrtRoadLight
FR,h1866,0.40701056815821773,scr2002,avaStIn,bevFrtRoadLight
FR,h1867,0.39935547044790937,scr2002,avaStIn,bevFrtRoadLight
FR,h1868,0.39425283601511846,scr2002,avaStIn,bevFrtRoadLight
FR,h1869,0.38098412389288244,scr2002,avaStIn,bevFrtRoadLight
FR,h1870,0.34977849440408654,scr2002,avaStIn,bevFrtRoadLight
FR,h1871,0.31230696624032034,scr2002,avaStIn,bevFrtRoadLight
FR,h1872,0.2821792829284124,scr2002,avaStIn,bevFrtRoadLight
FR,h1873,0.31068439182398483,scr2002,avaStIn,bevFrtRoadLight
FR,h1874,0.3586629996806477,scr2002,avaStIn,bevFrtRoadLight
FR,h1875,0.41062930357596744,scr2002,avaStIn,bevFrtRoadLight
FR,h1876,0.43025623461050316,scr2002,avaStIn,bevFrtRoadLight
FR,h1877,0.44119646441451316,scr2002,avaStIn,bevFrtRoadLight
FR,h1878,0.4575110990130287,scr2002,avaStIn,bevFrtRoadLight
FR,h1879,0.4887175721771096,scr2002,avaStIn,bevFrtRoadLight
FR,h1880,0.5314509691002265,scr2002,avaStIn,bevFrtRoadLight
FR,h1881,0.5711878747561929,scr2002,avaStIn,bevFrtRoadLight
FR,h1882,0.5980939691710527,scr2002,avaStIn,bevFrtRoadLight
FR,h1883,0.6083940341958554,scr2002,avaStIn,bevFrtRoadLight
FR,h1884,0.6010568773540483,scr2002,avaStIn,bevFrtRoadLight
FR,h1885,0.5764247164288179,scr2002,avaStIn,bevFrtRoadLight
FR,h1886,0.540145905435879,scr2002,avaStIn,bevFrtRoadLight
FR,h1887,0.498267279288436,scr2002,avaStIn,bevFrtRoadLight
FR,h1888,0.45741399074058336,scr2002,avaStIn,bevFrtRoadLight
FR,h1889,0.4247038687233237,scr2002,avaStIn,bevFrtRoadLight
FR,h1890,0.40701056815821773,scr2002,avaStIn,bevFrtRoadLight
FR,h1891,0.39935547044790937,scr2002,avaStIn,bevFrtRoadLight
FR,h1892,0.39425283601511846,scr2002,avaStIn,bevFrtRoadLight
FR,h1893,0.38098412389288244,scr2002,avaStIn,bevFrtRoadLight
FR,h1894,0.34977849440408654,scr2002,avaStIn,bevFrtRoadLight
FR,h1895,0.31230696624032034,scr2002,avaStIn,bevFrtRoadLight
FR,h1896,0.2821792829284124,scr2002,avaStIn,bevFrtRoadLight
FR,h1897,0.31068439182398483,scr2002,avaStIn,bevFrtRoadLight
FR,h1898,0.3586629996806477,scr2002,avaStIn,bevFrtRoadLight
FR,h1899,0.41062930357596744,scr2002,avaStIn,bevFrtRoadLight
FR,h1900,0.43025623461050316,scr2002,avaStIn,bevFrtRoadLight
FR,h1901,0.44119646441451316,scr2002,avaStIn,bevFrtRoadLight
FR,h1902,0.4575110990130287,scr2002,avaStIn,bevFrtRoadLight
FR,h1903,0.4887175721771096,scr2002,avaStIn,bevFrtRoadLight
FR,h1904,0.5314509691002265,scr2002,avaStIn,bevFrtRoadLight
FR,h1905,0.5711878747561929,scr2002,avaStIn,bevFrtRoadLight
FR,h1906,0.5980939691710527,scr2002,avaStIn,bevFrtRoadLight
FR,h1907,0.6083940341958554,scr2002,avaStIn,bevFrtRoadLight
FR,h1908,0.6010568773540483,scr2002,avaStIn,bevFrtRoadLight
FR,h1909,0.5764247164288179,scr2002,avaStIn,bevFrtRoadLight
FR,h1910,0.540145905435879,scr2002,avaStIn,bevFrtRoadLight
FR,h1911,0.498267279288436,scr2002,avaStIn,bevFrtRoadLight
FR,h1912,0.45741399074058336,scr2002,avaStIn,bevFrtRoadLight
FR,h1913,0.4247038687233237,scr2002,avaStIn,bevFrtRoadLight
FR,h1914,0.40701056815821773,scr2002,avaStIn,bevFrtRoadLight
FR,h1915,0.39935547044790937,scr2002,avaStIn,bevFrtRoadLight
FR,h1916,0.39425283601511846,scr2002,avaStIn,bevFrtRoadLight
FR,h1917,0.38098412389288244,scr2002,avaStIn,bevFrtRoadLight
FR,h1918,0.34977849440408654,scr2002,avaStIn,bevFrtRoadLight
FR,h1919,0.31230696624032034,scr2002,avaStIn,bevFrtRoadLight
FR,h1920,0.2821792829284124,scr2002,avaStIn,bevFrtRoadLight
FR,h1921,0.31068439182398483,scr2002,avaStIn,bevFrtRoadLight
FR,h1922,0.3586629996806477,scr2002,avaStIn,bevFrtRoadLight
FR,h1923,0.41062930357596744,scr2002,avaStIn,bevFrtRoadLight
FR,h1924,0.43025623461050316,scr2002,avaStIn,bevFrtRoadLight
FR,h1925,0.44119646441451316,scr2002,avaStIn,bevFrtRoadLight
FR,h1926,0.4575110990130287,scr2002,avaStIn,bevFrtRoadLight
FR,h1927,0.4887175721771096,scr2002,avaStIn,bevFrtRoadLight
FR,h1928,0.5314509691002265,scr2002,avaStIn,bevFrtRoadLight
FR,h1929,0.5711878747561929,scr2002,avaStIn,bevFrtRoadLight
FR,h1930,0.5980939691710527,scr2002,avaStIn,bevFrtRoadLight
FR,h1931,0.6083940341958554,scr2002,avaStIn,bevFrtRoadLight
FR,h1932,0.6010568773540483,scr2002,avaStIn,bevFrtRoadLight
FR,h1933,0.5764247164288179,scr2002,avaStIn,bevFrtRoadLight
FR,h1934,0.540145905435879,scr2002,avaStIn,bevFrtRoadLight
FR,h1935,0.498267279288436,scr2002,avaStIn,bevFrtRoadLight
FR,h1936,0.45741399074058336,scr2002,avaStIn,bevFrtRoadLight
FR,h1937,0.4247038687233237,scr2002,avaStIn,bevFrtRoadLight
FR,h1938,0.40701056815821773,scr2002,avaStIn,bevFrtRoadLight
FR,h1939,0.39935547044790937,scr2002,avaStIn,bevFrtRoadLight
FR,h1940,0.39425283601511846,scr2002,avaStIn,bevFrtRoadLight
FR,h1941,0.38098412389288244,scr2002,avaStIn,bevFrtRoadLight
FR,h1942,0.34977849440408654,scr2002,avaStIn,bevFrtRoadLight
FR,h1943,0.31230696624032034,scr2002,avaStIn,bevFrtRoadLight
FR,h1944,0.2821792829284124,scr2002,avaStIn,bevFrtRoadLight
FR,h1945,0.23009516222103205,scr2002,avaStIn,bevFrtRoadLight
FR,h1946,0.23009179759358894,scr2002,avaStIn,bevFrtRoadLight
FR,h1947,0.2714834340966317,scr2002,avaStIn,bevFrtRoadLight
FR,h1948,0.37907257006967593,scr2002,avaStIn,bevFrtRoadLight
FR,h1949,0.46234049926132464,scr2002,avaStIn,bevFrtRoadLight
FR,h1950,0.5259162274800007,scr2002,avaStIn,bevFrtRoadLight
FR,h1951,0.5772992909654577,scr2002,avaStIn,bevFrtRoadLight
FR,h1952,0.6171735770568829,scr2002,avaStIn,bevFrtRoadLight
FR,h1953,0.6409152522621755,scr2002,avaStIn,bevFrtRoadLight
FR,h1954,0.648916667,scr2002,avaStIn,bevFrtRoadLight
FR,h1955,0.640035053457434,scr2002,avaStIn,bevFrtRoadLight
FR,h1956,0.6158841576917302,scr2002,avaStIn,bevFrtRoadLight
FR,h1957,0.5753501172674538,scr2002,avaStIn,bevFrtRoadLight
FR,h1958,0.5273486726990766,scr2002,avaStIn,bevFrtRoadLight
FR,h1959,0.4768240020580861,scr2002,avaStIn,bevFrtRoadLight
FR,h1960,0.42880637687506445,scr2002,avaStIn,bevFrtRoadLight
FR,h1961,0.3937457048165253,scr2002,avaStIn,bevFrtRoadLight
FR,h1962,0.37490315062475815,scr2002,avaStIn,bevFrtRoadLight
FR,h1963,0.37209330121313183,scr2002,avaStIn,bevFrtRoadLight
FR,h1964,0.3687310518290369,scr2002,avaStIn,bevFrtRoadLight
FR,h1965,0.35436309979864694,scr2002,avaStIn,bevFrtRoadLight
FR,h1966,0.31547818289481283,scr2002,avaStIn,bevFrtRoadLight
FR,h1967,0.2711299329995998,scr2002,avaStIn,bevFrtRoadLight
FR,h1968,0.23819116395917778,scr2002,avaStIn,bevFrtRoadLight
FR,h1969,0.20075744833264692,scr2002,avaStIn,bevFrtRoadLight
FR,h1970,0.2157562465557668,scr2002,avaStIn,bevFrtRoadLight
FR,h1971,0.2714834340966317,scr2002,avaStIn,bevFrtRoadLight
FR,h1972,0.37907257006967593,scr2002,avaStIn,bevFrtRoadLight
FR,h1973,0.46234049926132464,scr2002,avaStIn,bevFrtRoadLight
FR,h1974,0.5259162274800007,scr2002,avaStIn,bevFrtRoadLight
FR,h1975,0.5772992909654577,scr2002,avaStIn,bevFrtRoadLight
FR,h1976,0.6171735770568829,scr2002,avaStIn,bevFrtRoadLight
FR,h1977,0.6409152522621755,scr2002,avaStIn,bevFrtRoadLight
FR,h1978,0.648916667,scr2002,avaStIn,bevFrtRoadLight
FR,h1979,0.640035053457434,scr2002,avaStIn,bevFrtRoadLight
FR,h1980,0.6158841576917302,scr2002,avaStIn,bevFrtRoadLight
FR,h1981,0.5753501172674538,scr2002,avaStIn,bevFrtRoadLight
FR,h1982,0.5273486726990766,scr2002,avaStIn,bevFrtRoadLight
FR,h1983,0.4768240020580861,scr2002,avaStIn,bevFrtRoadLight
FR,h1984,0.42880637687506445,scr2002,avaStIn,bevFrtRoadLight
FR,h1985,0.3937457048165253,scr2002,avaStIn,bevFrtRoadLight
FR,h1986,0.37490315062475815,scr2002,avaStIn,bevFrtRoadLight
FR,h1987,0.37209330121313183,scr2002,avaStIn,bevFrtRoadLight
FR,h1988,0.3687310518290369,scr2002,avaStIn,bevFrtRoadLight
FR,h1989,0.35436309979864694,scr2002,avaStIn,bevFrtRoadLight
FR,h1990,0.31547818289481283,scr2002,avaStIn,bevFrtRoadLight
FR,h1991,0.2711299329995998,scr2002,avaStIn,bevFrtRoadLight
FR,h1992,0.23819116395917778,scr2002,avaStIn,bevFrtRoadLight
FR,h1993,0.2838819975995321,scr2002,avaStIn,bevFrtRoadLight
FR,h1994,0.3461526053065063,scr2002,avaStIn,bevFrtRoadLight
FR,h1995,0.41062930357596744,scr2002,avaStIn,bevFrtRoadLight
FR,h1996,0.43025623461050316,scr2002,avaStIn,bevFrtRoadLight
FR,h1997,0.44119646441451316,scr2002,avaStIn,bevFrtRoadLight
FR,h1998,0.4575110990130287,scr2002,avaStIn,bevFrtRoadLight
FR,h1999,0.4887175721771096,scr2002,avaStIn,bevFrtRoadLight
FR,h2000,0.5314509691002265,scr2002,avaStIn,bevFrtRoadLight
FR,h2001,0.5711878747561929,scr2002,avaStIn,bevFrtRoadLight
FR,h2002,0.5980939691710527,scr2002,avaStIn,bevFrtRoadLight
FR,h2003,0.6083940341958554,scr2002,avaStIn,bevFrtRoadLight
FR,h2004,0.6010568773540483,scr2002,avaStIn,bevFrtRoadLight
FR,h2005,0.5764247164288179,scr2002,avaStIn,bevFrtRoadLight
FR,h2006,0.540145905435879,scr2002,avaStIn,bevFrtRoadLight
FR,h2007,0.498267279288436,scr2002,avaStIn,bevFrtRoadLight
FR,h2008,0.45741399074058336,scr2002,avaStIn,bevFrtRoadLight
FR,h2009,0.4247038687233237,scr2002,avaStIn,bevFrtRoadLight
FR,h2010,0.40701056815821773,scr2002,avaStIn,bevFrtRoadLight
FR,h2011,0.39935547044790937,scr2002,avaStIn,bevFrtRoadLight
FR,h2012,0.39425283601511846,scr2002,avaStIn,bevFrtRoadLight
FR,h2013,0.38098412389288244,scr2002,avaStIn,bevFrtRoadLight
FR,h2014,0.34977849440408654,scr2002,avaStIn,bevFrtRoadLight
FR,h2015,0.31230696624032034,scr2002,avaStIn,bevFrtRoadLight
FR,h2016,0.2821792829284124,scr2002,avaStIn,bevFrtRoadLight
FR,h2017,0.30728408946213276,scr2002,avaStIn,bevFrtRoadLight
FR,h2018,0.3366690539407247,scr2002,avaStIn,bevFrtRoadLight
FR,h2019,0.3665549648555027,scr2002,avaStIn,bevFrtRoadLight
FR,h2020,0.37457312120471836,scr2002,avaStIn,bevFrtRoadLight
FR,h2021,0.40260885267629637,scr2002,avaStIn,bevFrtRoadLight
FR,h2022,0.4464006143837667,scr2002,avaStIn,bevFrtRoadLight
FR,h2023,0.49730379205463165,scr2002,avaStIn,bevFrtRoadLight
FR,h2024,0.5420216950586383,scr2002,avaStIn,bevFrtRoadLight
FR,h2025,0.573695406852585,scr2002,avaStIn,bevFrtRoadLight
FR,h2026,0.5880342997851788,scr2002,avaStIn,bevFrtRoadLight
FR,h2027,0.5918947845476326,scr2002,avaStIn,bevFrtRoadLight
FR,h2028,0.5837522950091354,scr2002,avaStIn,bevFrtRoadLight
FR,h2029,0.5666300112283023,scr2002,avaStIn,bevFrtRoadLight
FR,h2030,0.5326460205473857,scr2002,avaStIn,bevFrtRoadLight
FR,h2031,0.4833414121950859,scr2002,avaStIn,bevFrtRoadLight
FR,h2032,0.42378005317644524,scr2002,avaStIn,bevFrtRoadLight
FR,h2033,0.36680643825444,scr2002,avaStIn,bevFrtRoadLight
FR,h2034,0.33858624085132843,scr2002,avaStIn,bevFrtRoadLight
FR,h2035,0.3398123557905152,scr2002,avaStIn,bevFrtRoadLight
FR,h2036,0.36441505526272017,scr2002,avaStIn,bevFrtRoadLight
FR,h2037,0.3940700281021389,scr2002,avaStIn,bevFrtRoadLight
FR,h2038,0.4100441996396514,scr2002,avaStIn,bevFrtRoadLight
FR,h2039,0.4124475251422532,scr2002,avaStIn,bevFrtRoadLight
FR,h2040,0.39776718105759784,scr2002,avaStIn,bevFrtRoadLight
FR,h2041,0.38408024240902244,scr2002,avaStIn,bevFrtRoadLight
FR,h2042,0.3713604864215127,scr2002,avaStIn,bevFrtRoadLight
FR,h2043,0.3665549648555027,scr2002,avaStIn,bevFrtRoadLight
FR,h2044,0.37457312120471836,scr2002,avaStIn,bevFrtRoadLight
FR,h2045,0.40260885267629637,scr2002,avaStIn,bevFrtRoadLight
FR,h2046,0.4464006143837667,scr2002,avaStIn,bevFrtRoadLight
FR,h2047,0.49730379205463165,scr2002,avaStIn,bevFrtRoadLight
FR,h2048,0.5420216950586383,scr2002,avaStIn,bevFrtRoadLight
FR,h2049,0.573695406852585,scr2002,avaStIn,bevFrtRoadLight
FR,h2050,0.5880342997851788,scr2002,avaStIn,bevFrtRoadLight
FR,h2051,0.5918947845476326,scr2002,avaStIn,bevFrtRoadLight
FR,h2052,0.5837522950091354,scr2002,avaStIn,bevFrtRoadLight
FR,h2053,0.5666300112283023,scr2002,avaStIn,bevFrtRoadLight
FR,h2054,0.5326460205473857,scr2002,avaStIn,bevFrtRoadLight
FR,h2055,0.4833414121950859,scr2002,avaStIn,bevFrtRoadLight
FR,h2056,0.42378005317644524,scr2002,avaStIn,bevFrtRoadLight
FR,h2057,0.36680643825444,scr2002,avaStIn,bevFrtRoadLight
FR,h2058,0.33858624085132843,scr2002,avaStIn,bevFrtRoadLight
FR,h2059,0.3398123557905152,scr2002,avaStIn,bevFrtRoadLight
FR,h2060,0.36441505526272017,scr2002,avaStIn,bevFrtRoadLight
FR,h2061,0.3940700281021389,scr2002,avaStIn,bevFrtRoadLight
FR,h2062,0.4100441996396514,scr2002,avaStIn,bevFrtRoadLight
FR,h2063,0.4124475251422532,scr2002,avaStIn,bevFrtRoadLight
FR,h2064,0.39776718105759784,scr2002,avaStIn,bevFrtRoadLight
FR,h2065,0.38408024240902244,scr2002,avaStIn,bevFrtRoadLight
FR,h2066,0.3713604864215127,scr2002,avaStIn,bevFrtRoadLight
FR,h2067,0.3665549648555027,scr2002,avaStIn,bevFrtRoadLight
FR,h2068,0.37457312120471836,scr2002,avaStIn,bevFrtRoadLight
FR,h2069,0.40260885267629637,scr2002,avaStIn,bevFrtRoadLight
FR,h2070,0.4464006143837667,scr2002,avaStIn,bevFrtRoadLight
FR,h2071,0.49730379205463165,scr2002,avaStIn,bevFrtRoadLight
FR,h2072,0.5420216950586383,scr2002,avaStIn,bevFrtRoadLight
FR,h2073,0.573695406852585,scr2002,avaStIn,bevFrtRoadLight
FR,h2074,0.5880342997851788,scr2002,avaStIn,bevFrtRoadLight
FR,h2075,0.5918947845476326,scr2002,avaStIn,bevFrtRoadLight
FR,h2076,0.5837522950091354,scr2002,avaStIn,bevFrtRoadLight
FR,h2077,0.5666300112283023,scr2002,avaStIn,bevFrtRoadLight
FR,h2078,0.5326460205473857,scr2002,avaStIn,bevFrtRoadLight
FR,h2079,0.4833414121950859,scr2002,avaStIn,bevFrtRoadLight
FR,h2080,0.42378005317644524,scr2002,avaStIn,bevFrtRoadLight
FR,h2081,0.36680643825444,scr2002,avaStIn,bevFrtRoadLight
FR,h2082,0.33858624085132843,scr2002,avaStIn,bevFrtRoadLight
FR,h2083,0.3398123557905152,scr2002,avaStIn,bevFrtRoadLight
FR,h2084,0.36441505526272017,scr2002,avaStIn,bevFrtRoadLight
FR,h2085,0.3940700281021389,scr2002,avaStIn,bevFrtRoadLight
FR,h2086,0.4100441996396514,scr2002,avaStIn,bevFrtRoadLight
FR,h2087,0.4124475251422532,scr2002,avaStIn,bevFrtRoadLight
FR,h2088,0.39776718105759784,scr2002,avaStIn,bevFrtRoadLight
FR,h2089,0.38408024240902244,scr2002,avaStIn,bevFrtRoadLight
FR,h2090,0.3713604864215127,scr2002,avaStIn,bevFrtRoadLight
FR,h2091,0.3665549648555027,scr2002,avaStIn,bevFrtRoadLight
FR,h2092,0.37457312120471836,scr2002,avaStIn,bevFrtRoadLight
FR,h2093,0.40260885267629637,scr2002,avaStIn,bevFrtRoadLight
FR,h2094,0.4464006143837667,scr2002,avaStIn,bevFrtRoadLight
FR,h2095,0.49730379205463165,scr2002,avaStIn,bevFrtRoadLight
FR,h2096,0.5420216950586383,scr2002,avaStIn,bevFrtRoadLight
FR,h2097,0.573695406852585,scr2002,avaStIn,bevFrtRoadLight
FR,h2098,0.5880342997851788,scr2002,avaStIn,bevFrtRoadLight
FR,h2099,0.5918947845476326,scr2002,avaStIn,bevFrtRoadLight
FR,h2100,0.5837522950091354,scr2002,avaStIn,bevFrtRoadLight
FR,h2101,0.5666300112283023,scr2002,avaStIn,bevFrtRoadLight
FR,h2102,0.5326460205473857,scr2002,avaStIn,bevFrtRoadLight
FR,h2103,0.4833414121950859,scr2002,avaStIn,bevFrtRoadLight
FR,h2104,0.42378005317644524,scr2002,avaStIn,bevFrtRoadLight
FR,h2105,0.36680643825444,scr2002,avaStIn,bevFrtRoadLight
FR,h2106,0.33858624085132843,scr2002,avaStIn,bevFrtRoadLight
FR,h2107,0.3398123557905152,scr2002,avaStIn,bevFrtRoadLight
FR,h2108,0.36441505526272017,scr2002,avaStIn,bevFrtRoadLight
FR,h2109,0.3940700281021389,scr2002,avaStIn,bevFrtRoadLight
FR,h2110,0.4100441996396514,scr2002,avaStIn,bevFrtRoadLight
FR,h2111,0.4124475251422532,scr2002,avaStIn,bevFrtRoadLight
FR,h2112,0.39776718105759784,scr2002,avaStIn,bevFrtRoadLight
FR,h2113,0.42154228593186677,scr2002,avaStIn,bevFrtRoadLight
FR,h2114,0.4456152325394653,scr2002,avaStIn,bevFrtRoadLight
FR,h2115,0.468908849399498,scr2002,avaStIn,bevFrtRoadLight
FR,h2116,0.46068018285773754,scr2002,avaStIn,bevFrtRoadLight
FR,h2117,0.45988090081913563,scr2002,avaStIn,bevFrtRoadLight
FR,h2118,0.4737368201055387,scr2002,avaStIn,bevFrtRoadLight
FR,h2119,0.4983746606784924,scr2002,avaStIn,bevFrtRoadLight
FR,h2120,0.5249322712656337,scr2002,avaStIn,bevFrtRoadLight
FR,h2121,0.5295524702973697,scr2002,avaStIn,bevFrtRoadLight
FR,h2122,0.5237384833973737,scr2002,avaStIn,bevFrtRoadLight
FR,h2123,0.5174622200767283,scr2002,avaStIn,bevFrtRoadLight
FR,h2124,0.5202231448594443,scr2002,avaStIn,bevFrtRoadLight
FR,h2125,0.5168074572603818,scr2002,avaStIn,bevFrtRoadLight
FR,h2126,0.48810879184614037,scr2002,avaStIn,bevFrtRoadLight
FR,h2127,0.44015010600961973,scr2002,avaStIn,bevFrtRoadLight
FR,h2128,0.37518100286779815,scr2002,avaStIn,bevFrtRoadLight
FR,h2129,0.31847387333566995,scr2002,avaStIn,bevFrtRoadLight
FR,h2130,0.28854963166818687,scr2002,avaStIn,bevFrtRoadLight
FR,h2131,0.29504301452181586,scr2002,avaStIn,bevFrtRoadLight
FR,h2132,0.33623502737614025,scr2002,avaStIn,bevFrtRoadLight
FR,h2133,0.39052576784688725,scr2002,avaStIn,bevFrtRoadLight
FR,h2134,0.4405757953478315,scr2002,avaStIn,bevFrtRoadLight
FR,h2135,0.47381210720889594,scr2002,avaStIn,bevFrtRoadLight
FR,h2136,0.4995552626921462,scr2002,avaStIn,bevFrtRoadLight
FR,h2137,0.5006979269249345,scr2002,avaStIn,bevFrtRoadLight
FR,h2138,0.4923438495912326,scr2002,avaStIn,bevFrtRoadLight
FR,h2139,0.468908849399498,scr2002,avaStIn,bevFrtRoadLight
FR,h2140,0.46068018285773754,scr2002,avaStIn,bevFrtRoadLight
FR,h2141,0.45988090081913563,scr2002,avaStIn,bevFrtRoadLight
FR,h2142,0.4737368201055387,scr2002,avaStIn,bevFrtRoadLight
FR,h2143,0.4983746606784924,scr2002,avaStIn,bevFrtRoadLight
FR,h2144,0.5249322712656337,scr2002,avaStIn,bevFrtRoadLight
FR,h2145,0.5295524702973697,scr2002,avaStIn,bevFrtRoadLight
FR,h2146,0.5237384833973737,scr2002,avaStIn,bevFrtRoadLight
FR,h2147,0.5174622200767283,scr2002,avaStIn,bevFrtRoadLight
FR,h2148,0.5202231448594443,scr2002,avaStIn,bevFrtRoadLight
FR,h2149,0.5168074572603818,scr2002,avaStIn,bevFrtRoadLight
FR,h2150,0.48810879184614037,scr2002,avaStIn,bevFrtRoadLight
FR,h2151,0.44015010600961973,scr2002,avaStIn,bevFrtRoadLight
FR,h2152,0.37518100286779815,scr2002,avaStIn,bevFrtRoadLight
FR,h2153,0.31847387333566995,scr2002,avaStIn,bevFrtRoadLight
FR,h2154,0.28854963166818687,scr2002,avaStIn,bevFrtRoadLight
FR,h2155,0.29504301452181586,scr2002,avaStIn,bevFrtRoadLight
FR,h2156,0.33623502737614025,scr2002,avaStIn,bevFrtRoadLight
FR,h2157,0.39052576784688725,scr2002,avaStIn,bevFrtRoadLight
FR,h2158,0.4405757953478315,scr2002,avaStIn,bevFrtRoadLight
FR,h2159,0.47381210720889594,scr2002,avaStIn,bevFrtRoadLight
FR,h2160,0.4995552626921462,scr2002,avaStIn,bevFrtRoadLight
IT,h1441,0.3714353995574986,scr2002,avaStIn,bevFrtRoadLight
IT,h1442,0.3846086524108919,scr2002,avaStIn,bevFrtRoadLight
IT,h1443,0.42374952391826426,scr2002,avaStIn,bevFrtRoadLight
IT,h1444,0.470910231576122,scr2002,avaStIn,bevFrtRoadLight
IT,h1445,0.5000591446961408,scr2002,avaStIn,bevFrtRoadLight
IT,h1446,0.495233345157142,scr2002,avaStIn,bevFrtRoadLight
IT,h1447,0.5008043596015221,scr2002,avaStIn,bevFrtRoadLight
IT,h1448,0.5021789974738545,scr2002,avaStIn,bevFrtRoadLight
IT,h1449,0.5231874460949842,scr2002,avaStIn,bevFrtRoadLight
IT,h1450,0.5308529822226913,scr2002,avaStIn,bevFrtRoadLight
IT,h1451,0.536356959269228,scr2002,avaStIn,bevFrtRoadLight
IT,h1452,0.537388156127675,scr2002,avaStIn,bevFrtRoadLight
IT,h1453,0.5288075990651915,scr2002,avaStIn,bevFrtRoadLight
IT,h1454,0.5095709286669998,scr2002,avaStIn,bevFrtRoadLight
IT,h1455,0.4737535509310621,scr2002,avaStIn,bevFrtRoadLight
IT,h1456,0.4304466538396563,scr2002,avaStIn,bevFrtRoadLight
IT,h1457,0.382687999221479,scr2002,avaStIn,bevFrtRoadLight
IT,h1458,0.35009603390058996,scr2002,avaStIn,bevFrtRoadLight
IT,h1459,0.3349394292024723,scr2002,avaStIn,bevFrtRoadLight
IT,h1460,0.34869160218954365,scr2002,avaStIn,bevFrtRoadLight
IT,h1461,0.36780057797615695,scr2002,avaStIn,bevFrtRoadLight
IT,h1462,0.38682791024436847,scr2002,avaStIn,bevFrtRoadLight
IT,h1463,0.3912979680884232,scr2002,avaStIn,bevFrtRoadLight
IT,h1464,0.3985938980480803,scr2002,avaStIn,bevFrtRoadLight
IT,h1465,0.38540755881640665,scr2002,avaStIn,bevFrtRoadLight
IT,h1466,0.39834418280524164,scr2002,avaStIn,bevFrtRoadLight
IT,h1467,0.42374952391826426,scr2002,avaStIn,bevFrtRoadLight
IT,h1468,0.470910231576122,scr2002,avaStIn,bevFrtRoadLight
IT,h1469,0.5000591446961408,scr2002,avaStIn,bevFrtRoadLight
IT,h1470,0.495233345157142,scr2002,avaStIn,bevFrtRoadLight
IT,h1471,0.5008043596015221,scr2002,avaStIn,bevFrtRoadLight
IT,h1472,0.5021789974738545,scr2002,avaStIn,bevFrtRoadLight
IT,h1473,0.5231874460949842,scr2002,avaStIn,bevFrtRoadLight
IT,h1474,0.5308529822226913,scr2002,avaStIn,bevFrtRoadLight
IT,h1475,0.536356959269228,scr2002,avaStIn,bevFrtRoadLight
IT,h1476,0.537388156127675,scr2002,avaStIn,bevFrtRoadLight
IT,h1477,0.5288075990651915,scr2002,avaStIn,bevFrtRoadLight
IT,h1478,0.5095709286669998,scr2002,avaStIn,bevFrtRoadLight
IT,h1479,0.4737535509310621,scr2002,avaStIn,bevFrtRoadLight
IT,h1480,0.4304466538396563,scr2002,avaStIn,bevFrtRoadLight
IT,h1481,0.382687999221479,scr2002,avaStIn,bevFrtRoadLight
IT,h1482,0.35009603390058996,scr2002,avaStIn,bevFrtRoadLight
IT,h1483,0.3349394292024723,scr2002,avaStIn,bevFrtRoadLight
IT,h1484,0.34869160218954365,scr2002,avaStIn,bevFrtRoadLight
IT,h1485,0.36780057797615695,scr2002,avaStIn,bevFrtRoadLight
IT,h1486,0.38682791024436847,scr2002,avaStIn,bevFrtRoadLight
IT,h1487,0.3912979680884232,scr2002,avaStIn,bevFrtRoadLight
IT,h1488,0.3985938980480803,scr2002,avaStIn,bevFrtRoadLight
IT,h1489,0.4174388969205469,scr2002,avaStIn,bevFrtRoadLight
IT,h1490,0.4439543832070486,scr2002,avaStIn,bevFrtRoadLight
IT,h1491,0.464238846132911,scr2002,avaStIn,bevFrtRoadLight
IT,h1492,0.4692993118565085,scr2002,avaStIn,bevFrtRoadLight
IT,h1493,0.4647572130501477,scr2002,avaStIn,bevFrtRoadLight
IT,h1494,0.4606421333392814,scr2002,avaStIn,bevFrtRoadLight
IT,h1495,0.4606294501381405,scr2002,avaStIn,bevFrtRoadLight
IT,h1496,0.4771202000278558,scr2002,avaStIn,bevFrtRoadLight
IT,h1497,0.4942956004519071,scr2002,avaStIn,bevFrtRoadLight
IT,h1498,0.5099123823053464,scr2002,avaStIn,bevFrtRoadLight
IT,h1499,0.5161038254350149,scr2002,avaStIn,bevFrtRoadLight
IT,h1500,0.5219276355822776,scr2002,avaStIn,bevFrtRoadLight
IT,h1501,0.5234247828552906,scr2002,avaStIn,bevFrtRoadLight
IT,h1502,0.515666896351518,scr2002,avaStIn,bevFrtRoadLight
IT,h1503,0.4904757420921084,scr2002,avaStIn,bevFrtRoadLight
IT,h1504,0.4511048686615209,scr2002,avaStIn,bevFrtRoadLight
IT,h1505,0.401719554609377,scr2002,avaStIn,bevFrtRoadLight
IT,h1506,0.362910361244157,scr2002,avaStIn,bevFrtRoadLight
IT,h1507,0.3472619056461236,scr2002,avaStIn,bevFrtRoadLight
IT,h1508,0.35727079588328314,scr2002,avaStIn,bevFrtRoadLight
IT,h1509,0.378468834507535,scr2002,avaStIn,bevFrtRoadLight
IT,h1510,0.39319028121074384,scr2002,avaStIn,bevFrtRoadLight
IT,h1511,0.3959422870730802,scr2002,avaStIn,bevFrtRoadLight
IT,h1512,0.3854887711962276,scr2002,avaStIn,bevFrtRoadLight
IT,h1513,0.42769853598926943,scr2002,avaStIn,bevFrtRoadLight
IT,h1514,0.46444116177482075,scr2002,avaStIn,bevFrtRoadLight
IT,h1515,0.5002557267591349,scr2002,avaStIn,bevFrtRoadLight
IT,h1516,0.4779833592811431,scr2002,avaStIn,bevFrtRoadLight
IT,h1517,0.45518876455881485,scr2002,avaStIn,bevFrtRoadLight
IT,h1518,0.43596244051473665,scr2002,avaStIn,bevFrtRoadLight
IT,h1519,0.4287672948543092,scr2002,avaStIn,bevFrtRoadLight
IT,h1520,0.4310449118345231,scr2002,avaStIn,bevFrtRoadLight
IT,h1521,0.43651906754470937,scr2002,avaStIn,bevFrtRoadLight
IT,h1522,0.42784196327677315,scr2002,avaStIn,bevFrtRoadLight
IT,h1523,0.40165285769436365,scr2002,avaStIn,bevFrtRoadLight
IT,h1524,0.3554492048303812,scr2002,avaStIn,bevFrtRoadLight
IT,h1525,0.30743387757687923,scr2002,avaStIn,bevFrtRoadLight
IT,h1526,0.278936309503648,scr2002,avaStIn,bevFrtRoadLight
IT,h1527,0.28525649117608465,scr2002,avaStIn,bevFrtRoadLight
IT,h1528,0.33100477113297455,scr2002,avaStIn,bevFrtRoadLight
IT,h1529,0.39516435979871634,scr2002,avaStIn,bevFrtRoadLight
IT,h1530,0.46644985491696456,scr2002,avaStIn,bevFrtRoadLight
IT,h1531,0.5302489042156142,scr2002,avaStIn,bevFrtRoadLight
IT,h1532,0.5770673902258092,scr2002,avaStIn,bevFrtRoadLight
IT,h1533,0.5986769755958499,scr2002,avaStIn,bevFrtRoadLight
IT,h1534,0.6016883948095748,scr2002,avaStIn,bevFrtRoadLight
IT,h1535,0.5924055260109063,scr2002,avaStIn,bevFrtRoadLight
IT,h1536,0.5774847836798133,scr2002,avaStIn,bevFrtRoadLight
IT,h1537,0.5517773619954188,scr2002,avaStIn,bevFrtRoadLight
IT,h1538,0.5248358437172167,scr2002,avaStIn,bevFrtRoadLight
IT,h1539,0.5002557267591349,scr2002,avaStIn,bevFrtRoadLight
IT,h1540,0.4779833592811431,scr2002,avaStIn,bevFrtRoadLight
IT,h1541,0.45518876455881485,scr2002,avaStIn,bevFrtRoadLight
IT,h1542,0.43596244051473665,scr2002,avaStIn,bevFrtRoadLight
IT,h1543,0.4287672948543092,scr2002,avaStIn,bevFrtRoadLight
IT,h1544,0.4310449118345231,scr2002,avaStIn,bevFrtRoadLight
IT,h1545,0.43651906754470937,scr2002,avaStIn,bevFrtRoadLight
IT,h1546,0.42784196327677315,scr2002,avaStIn,bevFrtRoadLight
IT,h1547,0.40165285769436365,scr2002,avaStIn,bevFrtRoadLight
IT,h1548,0.3554492048303812,scr2002,avaStIn,bevFrtRoadLight
IT,h1549,0.30743387757687923,scr2002,avaStIn,bevFrtRoadLight
IT,h1550,0.278936309503648,scr2002,avaStIn,bevFrtRoadLight
IT,h1551,0.28525649117608465,scr2002,avaStIn,bevFrtRoadLight
IT,h1552,0.33100477113297455,scr2002,avaStIn,bevFrtRoadLight
IT,h1553,0.39516435979871634,scr2002,avaStIn,bevFrtRoadLight
IT,h1554,0.46644985491696456,scr2002,avaStIn,bevFrtRoadLight
IT,h1555,0.5302489042156142,scr2002,avaStIn,bevFrtRoadLight
IT,h1556,0.5770673902258092,scr2002,avaStIn,bevFrtRoadLight
IT,h1557,0.5986769755958499,scr2002,avaStIn,bevFrtRoadLight
IT,h1558,0.6016883948095748,scr2002,avaStIn,bevFrtRoadLight
IT,h1559,0.5924055260109063,scr2002,avaStIn,bevFrtRoadLight
IT,h1560,0.5774847836798133,scr2002,avaStIn,bevFrtRoadLight
IT,h1561,0.5517773619954188,scr2002,avaStIn,bevFrtRoadLight
IT,h1562,0.5248358437172167,scr2002,avaStIn,bevFrtRoadLight
IT,h1563,0.5002557267591349,scr2002,avaStIn,bevFrtRoadLight
IT,h1564,0.4779833592811431,scr2002,avaStIn,bevFrtRoadLight
IT,h1565,0.45518876455881485,scr2002,avaStIn,bevFrtRoadLight
IT,h1566,0.43596244051473665,scr2002,avaStIn,bevFrtRoadLight
IT,h1567,0.4287672948543092,scr2002,avaStIn,bevFrtRoadLight
IT,h1568,0.4310449118345231,scr2002,avaStIn,bevFrtRoadLight
IT,h1569,0.43651906754470937,scr2002,avaStIn,bevFrtRoadLight
IT,h1570,0.42784196327677315,scr2002,avaStIn,bevFrtRoadLight
IT,h1571,0.40165285769436365,scr2002,avaStIn,bevFrtRoadLight
IT,h1572,0.3554492048303812,scr2002,avaStIn,bevFrtRoadLight
IT,h1573,0.30743387757687923,scr2002,avaStIn,bevFrtRoadLight
IT,h1574,0.278936309503648,scr2002,avaStIn,bevFrtRoadLight
IT,h1575,0.28525649117608465,scr2002,avaStIn,bevFrtRoadLight
IT,h1576,0.33100477113297455,scr2002,avaStIn,bevFrtRoadLight
IT,h1577,0.39516435979871634,scr2002,avaStIn,bevFrtRoadLight
IT,h1578,0.46644985491696456,scr2002,avaStIn,bevFrtRoadLight
IT,h1579,0.5302489042156142,scr2002,avaStIn,bevFrtRoadLight
IT,h1580,0.5770673902258092,scr2002,avaStIn,bevFrtRoadLight
IT,h1581,0.5986769755958499,scr2002,avaStIn,bevFrtRoadLight
IT,h1582,0.6016883948095748,scr2002,avaStIn,bevFrtRoadLight
IT,h1583,0.5924055260109063,scr2002,avaStIn,bevFrtRoadLight
IT,h1584,0.5774847836798133,scr2002,avaStIn,bevFrtRoadLight
IT,h1585,0.5517773619954188,scr2002,avaStIn,bevFrtRoadLight
IT,h1586,0.5248358437172167,scr2002,avaStIn,bevFrtRoadLight
IT,h1587,0.5002557267591349,scr2002,avaStIn,bevFrtRoadLight
IT,h1588,0.4779833592811431,scr2002,avaStIn,bevFrtRoadLight
IT,h1589,0.45518876455881485,scr2002,avaStIn,bevFrtRoadLight
IT,h1590,0.43596244051473665,scr2002,avaStIn,bevFrtRoadLight
IT,h1591,0.4287672948543092,scr2002,avaStIn,bevFrtRoadLight
IT,h1592,0.4310449118345231,scr2002,avaStIn,bevFrtRoadLight
IT,h1593,0.43651906754470937,scr2002,avaStIn,bevFrtRoadLight
IT,h1594,0.42784196327677315,scr2002,avaStIn,bevFrtRoadLight
IT,h1595,0.40165285769436365,scr2002,avaStIn,bevFrtRoadLight
IT,h1596,0.3554492048303812,scr2002,avaStIn,bevFrtRoadLight
IT,h1597,0.30743387757687923,scr2002,avaStIn,bevFrtRoadLight
IT,h1598,0.278936309503648,scr2002,avaStIn,bevFrtRoadLight
IT,h1599,0.28525649117608465,scr2002,avaStIn,bevFrtRoadLight
IT,h1600,0.33100477113297455,scr2002,avaStIn,bevFrtRoadLight
IT,h1601,0.39516435979871634,scr2002,avaStIn,bevFrtRoadLight
IT,h1602,0.46644985491696456,scr2002,avaStIn,bevFrtRoadLight
IT,h1603,0.5302489042156142,scr2002,avaStIn,bevFrtRoadLight
IT,h1604,0.5770673902258092,scr2002,avaStIn,bevFrtRoadLight
IT,h1605,0.5986769755958499,scr2002,avaStIn,bevFrtRoadLight
IT,h1606,0.6016883948095748,scr2002,avaStIn,bevFrtRoadLight
IT,h1607,0.5924055260109063,scr2002,avaStIn,bevFrtRoadLight
IT,h1608,0.5774847836798133,scr2002,avaStIn,bevFrtRoadLight
IT,h1609,0.5399833096273894,scr2002,avaStIn,bevFrtRoadLight
IT,h1610,0.5020113380135912,scr2002,avaStIn,bevFrtRoadLight
IT,h1611,0.4635722307063156,scr2002,avaStIn,bevFrtRoadLight
IT,h1612,0.4380348659574729,scr2002,avaStIn,bevFrtRoadLight
IT,h1613,0.40762124803256283,scr2002,avaStIn,bevFrtRoadLight
IT,h1614,0.37888830724468336,scr2002,avaStIn,bevFrtRoadLight
IT,h1615,0.36958381422293585,scr2002,avaStIn,bevFrtRoadLight
IT,h1616,0.37840208488783944,scr2002,avaStIn,bevFrtRoadLight
IT,h1617,0.4031259345923752,scr2002,avaStIn,bevFrtRoadLight
IT,h1618,0.41362439373824145,scr2002,avaStIn,bevFrtRoadLight
IT,h1619,0.4028461315685412,scr2002,avaStIn,bevFrtRoadLight
IT,h1620,0.3603437041144123,scr2002,avaStIn,bevFrtRoadLight
IT,h1621,0.300735364069155,scr2002,avaStIn,bevFrtRoadLight
IT,h1622,0.24177370465061954,scr2002,avaStIn,bevFrtRoadLight
IT,h1623,0.21970614560615676,scr2002,avaStIn,bevFrtRoadLight
IT,h1624,0.25508395733229006,scr2002,avaStIn,bevFrtRoadLight
IT,h1625,0.34767139096765254,scr2002,avaStIn,bevFrtRoadLight
IT,h1626,0.45228041046836875,scr2002,avaStIn,bevFrtRoadLight
IT,h1627,0.5341134302691987,scr2002,avaStIn,bevFrtRoadLight
IT,h1628,0.5851656457268322,scr2002,avaStIn,bevFrtRoadLight
IT,h1629,0.6079565962864942,scr2002,avaStIn,bevFrtRoadLight
IT,h1630,0.608837832284763,scr2002,avaStIn,bevFrtRoadLight
IT,h1631,0.5862547005889719,scr2002,avaStIn,bevFrtRoadLight
IT,h1632,0.5503272305028046,scr2002,avaStIn,bevFrtRoadLight
IT,h1633,0.5157882800473498,scr2002,avaStIn,bevFrtRoadLight
IT,h1634,0.4876212160339365,scr2002,avaStIn,bevFrtRoadLight
IT,h1635,0.4635722307063156,scr2002,avaStIn,bevFrtRoadLight
IT,h1636,0.4380348659574729,scr2002,avaStIn,bevFrtRoadLight
IT,h1637,0.40762124803256283,scr2002,avaStIn,bevFrtRoadLight
IT,h1638,0.37888830724468336,scr2002,avaStIn,bevFrtRoadLight
IT,h1639,0.36958381422293585,scr2002,avaStIn,bevFrtRoadLight
IT,h1640,0.37840208488783944,scr2002,avaStIn,bevFrtRoadLight
IT,h1641,0.4031259345923752,scr2002,avaStIn,bevFrtRoadLight
IT,h1642,0.41362439373824145,scr2002,avaStIn,bevFrtRoadLight
IT,h1643,0.4028461315685412,scr2002,avaStIn,bevFrtRoadLight
IT,h1644,0.3603437041144123,scr2002,avaStIn,bevFrtRoadLight
IT,h1645,0.300735364069155,scr2002,avaStIn,bevFrtRoadLight
IT,h1646,0.24177370465061954,scr2002,avaStIn,bevFrtRoadLight
IT,h1647,0.21970614560615676,scr2002,avaStIn,bevFrtRoadLight
IT,h1648,0.25508395733229006,scr2002,avaStIn,bevFrtRoadLight
IT,h1649,0.34767139096765254,scr2002,avaStIn,bevFrtRoadLight
IT,h1650,0.45228041046836875,scr2002,avaStIn,bevFrtRoadLight
IT,h1651,0.5341134302691987,scr2002,avaStIn,bevFrtRoadLight
IT,h1652,0.5851656457268322,scr2002,avaStIn,bevFrtRoadLight
IT,h1653,0.6079565962864942,scr2002,avaStIn,bevFrtRoadLight
IT,h1654,0.608837832284763,scr2002,avaStIn,bevFrtRoadLight
IT,h1655,0.5862547005889719,scr2002,avaStIn,bevFrtRoadLight
IT,h1656,0.5503272305028046,scr2002,avaStIn,bevFrtRoadLight
IT,h1657,0.5277989482493217,scr2002,avaStIn,bevFrtRoadLight
IT,h1658,0.5107010378978177,scr2002,avaStIn,bevFrtRoadLight
IT,h1659,0.5002557267591349,scr2002,avaStIn,bevFrtRoadLight
IT,h1660,0.4779833592811431,scr2002,avaStIn,bevFrtRoadLight
IT,h1661,0.45518876455881485,scr2002,avaStIn,bevFrtRoadLight
IT,h1662,0.43596244051473665,scr2002,avaStIn,bevFrtRoadLight
IT,h1663,0.4287672948543092,scr2002,avaStIn,bevFrtRoadLight
IT,h1664,0.4310449118345231,scr2002,avaStIn,bevFrtRoadLight
IT,h1665,0.43651906754470937,scr2002,avaStIn,bevFrtRoadLight
IT,h1666,0.42784196327677315,scr2002,avaStIn,bevFrtRoadLight
IT,h1667,0.40165285769436365,scr2002,avaStIn,bevFrtRoadLight
IT,h1668,0.3554492048303812,scr2002,avaStIn,bevFrtRoadLight
IT,h1669,0.30743387757687923,scr2002,avaStIn,bevFrtRoadLight
IT,h1670,0.278936309503648,scr2002,avaStIn,bevFrtRoadLight
IT,h1671,0.28525649117608465,scr2002,avaStIn,bevFrtRoadLight
IT,h1672,0.33100477113297455,scr2002,avaStIn,bevFrtRoadLight
IT,h1673,0.39516435979871634,scr2002,avaStIn,bevFrtRoadLight
IT,h1674,0.46644985491696456,scr2002,avaStIn,bevFrtRoadLight
IT,h1675,0.5302489042156142,scr2002,avaStIn,bevFrtRoadLight
IT,h1676,0.5770673902258092,scr2002,avaStIn,bevFrtRoadLight
IT,h1677,0.5986769755958499,scr2002,avaStIn,bevFrtRoadLight
IT,h1678,0.6016883948095748,scr2002,avaStIn,bevFrtRoadLight
IT,h1679,0.5924055260109063,scr2002,avaStIn,bevFrtRoadLight
IT,h1680,0.5774847836798133,scr2002,avaStIn,bevFrtRoadLight
IT,h1681,0.5517773619954188,scr2002,avaStIn,bevFrtRoadLight
IT,h1682,0.5248358437172167,scr2002,avaStIn,bevFrtRoadLight
IT,h1683,0.5002557267591349,scr2002,avaStIn,bevFrtRoadLight
IT,h1684,0.4779833592811431,scr2002,avaStIn,bevFrtRoadLight
IT,h1685,0.45518876455881485,scr2002,avaStIn,bevFrtRoadLight
IT,h1686,0.43596244051473665,scr2002,avaStIn,bevFrtRoadLight
IT,h1687,0.4287672948543092,scr2002,avaStIn,bevFrtRoadLight
IT,h1688,0.4310449118345231,scr2002,avaStIn,bevFrtRoadLight
IT,h1689,0.43651906754470937,scr2002,avaStIn,bevFrtRoadLight
IT,h1690,0.42784196327677315,scr2002,avaStIn,bevFrtRoadLight
IT,h1691,0.40165285769436365,scr2002,avaStIn,bevFrtRoadLight
IT,h1692,0.3554492048303812,scr2002,avaStIn,bevFrtRoadLight
IT,h1693,0.30743387757687923,scr2002,avaStIn,bevFrtRoadLight
IT,h1694,0.278936309503648,scr2002,avaStIn,bevFrtRoadLight
IT,h1695,0.28525649117608465,scr2002,avaStIn,bevFrtRoadLight
IT,h1696,0.33100477113297455,scr2002,avaStIn,bevFrtRoadLight
IT,h1697,0.39516435979871634,scr2002,avaStIn,bevFrtRoadLight
IT,h1698,0.46644985491696456,scr2002,avaStIn,bevFrtRoadLight
IT,h1699,0.5302489042156142,scr2002,avaStIn,bevFrtRoadLight
IT,h1700,0.5770673902258092,scr2002,avaStIn,bevFrtRoadLight
IT,h1701,0.5986769755958499,scr2002,avaStIn,bevFrtRoadLight
IT,h1702,0.6016883948095748,scr2002,avaStIn,bevFrtRoadLight
IT,h1703,0.5924055260109063,scr2002,avaStIn,bevFrtRoadLight
IT,h1704,0.5774847836798133,scr2002,avaStIn,bevFrtRoadLight
IT,h1705,0.5090380578317111,scr2002,avaStIn,bevFrtRoadLight
IT,h1706,0.45316073221470266,scr2002,avaStIn,bevFrtRoadLight
IT,h1707,0.4106293035759674,scr2002,avaStIn,bevFrtRoadLight
IT,h1708,0.4302562346105029,scr2002,avaStIn,bevFrtRoadLight
IT,h1709,0.4411964644145133,scr2002,avaStIn,bevFrtRoadLight
IT,h1710,0.45751109901302867,scr2002,avaStIn,bevFrtRoadLight
IT,h1711,0.48871757217710954,scr2002,avaStIn,bevFrtRoadLight
IT,h1712,0.5314509691002264,scr2002,avaStIn,bevFrtRoadLight
IT,h1713,0.5711878747561928,scr2002,avaStIn,bevFrtRoadLight
IT,h1714,0.5980939691710527,scr2002,avaStIn,bevFrtRoadLight
IT,h1715,0.608394034195855,scr2002,avaStIn,bevFrtRoadLight
IT,h1716,0.6010568773540482,scr2002,avaStIn,bevFrtRoadLight
IT,h1717,0.5764247164288178,scr2002,avaStIn,bevFrtRoadLight
IT,h1718,0.5401459054358788,scr2002,avaStIn,bevFrtRoadLight
IT,h1719,0.49826727928843595,scr2002,avaStIn,bevFrtRoadLight
IT,h1720,0.4574139907405833,scr2002,avaStIn,bevFrtRoadLight
IT,h1721,0.42470386872332366,scr2002,avaStIn,bevFrtRoadLight
IT,h1722,0.4070105681582177,scr2002,avaStIn,bevFrtRoadLight
IT,h1723,0.39935547044790953,scr2002,avaStIn,bevFrtRoadLight
IT,h1724,0.3942528360151184,scr2002,avaStIn,bevFrtRoadLight
IT,h1725,0.3809841238928826,scr2002,avaStIn,bevFrtRoadLight
IT,h1726,0.3497784944040868,scr2002,avaStIn,bevFrtRoadLight
IT,h1727,0.3123069662403203,scr2002,avaStIn,bevFrtRoadLight
IT,h1728,0.2821792829284123,scr2002,avaStIn,bevFrtRoadLight
IT,h1729,0.3106843918239848,scr2002,avaStIn,bevFrtRoadLight
IT,h1730,0.35866299968064763,scr2002,avaStIn,bevFrtRoadLight
IT,h1731,0.4106293035759674,scr2002,avaStIn,bevFrtRoadLight
IT,h1732,0.4302562346105029,scr2002,avaStIn,bevFrtRoadLight
IT,h1733,0.4411964644145133,scr2002,avaStIn,bevFrtRoadLight
IT,h1734,0.45751109901302867,scr2002,avaStIn,bevFrtRoadLight
IT,h1735,0.48871757217710954,scr2002,avaStIn,bevFrtRoadLight
IT,h1736,0.5314509691002264,scr2002,avaStIn,bevFrtRoadLight
IT,h1737,0.5711878747561928,scr2002,avaStIn,bevFrtRoadLight
IT,h1738,0.5980939691710527,scr2002,avaStIn,bevFrtRoadLight
IT,h1739,0.608394034195855,scr2002,avaStIn,bevFrtRoadLight
IT,h1740,0.6010568773540482,scr2002,avaStIn,bevFrtRoadLight
IT,h1741,0.5764247164288178,scr2002,avaStIn,bevFrtRoadLight
IT,h1742,0.5401459054358788,scr2002,avaStIn,bevFrtRoadLight
IT,h1743,0.49826727928843595,scr2002,avaStIn,bevFrtRoadLight
IT,h1744,0.4574139907405833,scr2002,avaStIn,bevFrtRoadLight
IT,h1745,0.42470386872332366,scr2002,avaStIn,bevFrtRoadLight
IT,h1746,0.4070105681582177,scr2002,avaStIn,bevFrtRoadLight
IT,h1747,0.39935547044790953,scr2002,avaStIn,bevFrtRoadLight
IT,h1748,0.3942528360151184,scr2002,avaStIn,bevFrtRoadLight
IT,h1749,0.3809841238928826,scr2002,avaStIn,bevFrtRoadLight
IT,h1750,0.3497784944040868,scr2002,avaStIn,bevFrtRoadLight
IT,h1751,0.3123069662403203,scr2002,avaStIn,bevFrtRoadLight
IT,h1752,0.2821792829284123,scr2002,avaStIn,bevFrtRoadLight
IT,h1753,0.3106843918239848,scr2002,avaStIn,bevFrtRoadLight
IT,h1754,0.35866299968064763,scr2002,avaStIn,bevFrtRoadLight
IT,h1755,0.4106293035759674,scr2002,avaStIn,bevFrtRoadLight
IT,h1756,0.4302562346105029,scr2002,avaStIn,bevFrtRoadLight
IT,h1757,0.4411964644145133,scr2002,avaStIn,bevFrtRoadLight
IT,h1758,0.45751109901302867,scr2002,avaStIn,bevFrtRoadLight
IT,h1759,0.48871757217710954,scr2002,avaStIn,bevFrtRoadLight
IT,h1760,0.5314509691002264,scr2002,avaStIn,bevFrtRoadLight
IT,h1761,0.5711878747561928,scr2002,avaStIn,bevFrtRoadLight
IT,h1762,0.5980939691710527,scr2002,avaStIn,bevFrtRoadLight
IT,h1763,0.608394034195855,scr2002,avaStIn,bevFrtRoadLight
IT,h1764,0.6010568773540482,scr2002,avaStIn,bevFrtRoadLight
IT,h1765,0.5764247164288178,scr2002,avaStIn,bevFrtRoadLight
IT,h1766,0.5401459054358788,scr2002,avaStIn,bevFrtRoadLight
IT,h1767,0.49826727928843595,scr2002,avaStIn,bevFrtRoadLight
IT,h1768,0.4574139907405833,scr2002,avaStIn,bevFrtRoadLight
IT,h1769,0.42470386872332366,scr2002,avaStIn,bevFrtRoadLight
IT,h1770,0.4070105681582177,scr2002,avaStIn,bevFrtRoadLight
IT,h1771,0.39935547044790953,scr2002,avaStIn,bevFrtRoadLight
IT,h1772,0.3942528360151184,scr2002,avaStIn,bevFrtRoadLight
IT,h1773,0.3809841238928826,scr2002,avaStIn,bevFrtRoadLight
IT,h1774,0.3497784944040868,scr2002,avaStIn,bevFrtRoadLight
IT,h1775,0.3123069662403203,scr2002,avaStIn,bevFrtRoadLight
IT,h1776,0.2821792829284123,scr2002,avaStIn,bevFrtRoadLight
IT,h1777,0.230095162221032,scr2002,avaStIn,bevFrtRoadLight
IT,h1778,0.2300917975935889,scr2002,avaStIn,bevFrtRoadLight
IT,h1779,0.27148343409663167,scr2002,avaStIn,bevFrtRoadLight
IT,h1780,0.3790725700696759,scr2002,avaStIn,bevFrtRoadLight
IT,h1781,0.4623404992613247,scr2002,avaStIn,bevFrtRoadLight
IT,h1782,0.5259162274800008,scr2002,avaStIn,bevFrtRoadLight
IT,h1783,0.5772992909654577,scr2002,avaStIn,bevFrtRoadLight
IT,h1784,0.6171735770568829,scr2002,avaStIn,bevFrtRoadLight
IT,h1785,0.6409152522621755,scr2002,avaStIn,bevFrtRoadLight
IT,h1786,0.648916667,scr2002,avaStIn,bevFrtRoadLight
IT,h1787,0.6400350534574338,scr2002,avaStIn,bevFrtRoadLight
IT,h1788,0.6158841576917301,scr2002,avaStIn,bevFrtRoadLight
IT,h1789,0.5753501172674538,scr2002,avaStIn,bevFrtRoadLight
IT,h1790,0.5273486726990765,scr2002,avaStIn,bevFrtRoadLight
IT,h1791,0.47682400205808606,scr2002,avaStIn,bevFrtRoadLight
IT,h1792,0.4288063768750644,scr2002,avaStIn,bevFrtRoadLight
IT,h1793,0.39374570481652504,scr2002,avaStIn,bevFrtRoadLight
IT,h1794,0.3749031506247579,scr2002,avaStIn,bevFrtRoadLight
IT,h1795,0.3720933012131318,scr2002,avaStIn,bevFrtRoadLight
IT,h1796,0.36873105182903687,scr2002,avaStIn,bevFrtRoadLight
IT,h1797,0.3543630997986469,scr2002,avaStIn,bevFrtRoadLight
IT,h1798,0.3154781828948128,scr2002,avaStIn,bevFrtRoadLight
IT,h1799,0.27112993299959975,scr2002,avaStIn,bevFrtRoadLight
IT,h1800,0.2381911639591776,scr2002,avaStIn,bevFrtRoadLight
IT,h1801,0.20075744833264675,scr2002,avaStIn,bevFrtRoadLight
IT,h1802,0.21575624655576675,scr2002,avaStIn,bevFrtRoadLight
IT,h1803,0.27148343409663167,scr2002,avaStIn,bevFrtRoadLight
IT,h1804,0.3790725700696759,scr2002,avaStIn,bevFrtRoadLight
IT,h1805,0.4623404992613247,scr2002,avaStIn,bevFrtRoadLight
IT,h1806,0.5259162274800008,scr2002,avaStIn,bevFrtRoadLight
IT,h1807,0.5772992909654577,scr2002,avaStIn,bevFrtRoadLight
IT,h1808,0.6171735770568829,scr2002,avaStIn,bevFrtRoadLight
IT,h1809,0.6409152522621755,scr2002,avaStIn,bevFrtRoadLight
IT,h1810,0.648916667,scr2002,avaStIn,bevFrtRoadLight
IT,h1811,0.6400350534574338,scr2002,avaStIn,bevFrtRoadLight
IT,h1812,0.6158841576917301,scr2002,avaStIn,bevFrtRoadLight
IT,h1813,0.5753501172674538,scr2002,avaStIn,bevFrtRoadLight
IT,h1814,0.5273486726990765,scr2002,avaStIn,bevFrtRoadLight
IT,h1815,0.47682400205808606,scr2002,avaStIn,bevFrtRoadLight
IT,h1816,0.4288063768750644,scr2002,avaStIn,bevFrtRoadLight
IT,h1817,0.39374570481652504,scr2002,avaStIn,bevFrtRoadLight
IT,h1818,0.3749031506247579,scr2002,avaStIn,bevFrtRoadLight
IT,h1819,0.3720933012131318,scr2002,avaStIn,bevFrtRoadLight
IT,h1820,0.36873105182903687,scr2002,avaStIn,bevFrtRoadLight
IT,h1821,0.3543630997986469,scr2002,avaStIn,bevFrtRoadLight
IT,h1822,0.3154781828948128,scr2002,avaStIn,bevFrtRoadLight
IT,h1823,0.27112993299959975,scr2002,avaStIn,bevFrtRoadLight
IT,h1824,0.2381911639591776,scr2002,avaStIn,bevFrtRoadLight
IT,h1825,0.28388199759953203,scr2002,avaStIn,bevFrtRoadLight
IT,h1826,0.34615260530650627,scr2002,avaStIn,bevFrtRoadLight
IT,h1827,0.4106293035759674,scr2002,avaStIn,bevFrtRoadLight
IT,h1828,0.4302562346105029,scr2002,avaStIn,bevFrtRoadLight
IT,h1829,0.4411964644145133,scr2002,avaStIn,bevFrtRoadLight
IT,h1830,0.45751109901302867,scr2002,avaStIn,bevFrtRoadLight
IT,h1831,0.48871757217710954,scr2002,avaStIn,bevFrtRoadLight
IT,h1832,0.5314509691002264,scr2002,avaStIn,bevFrtRoadLight
IT,h1833,0.5711878747561928,scr2002,avaStIn,bevFrtRoadLight
IT,h1834,0.5980939691710527,scr2002,avaStIn,bevFrtRoadLight
IT,h1835,0.608394034195855,scr2002,avaStIn,bevFrtRoadLight
IT,h1836,0.6010568773540482,scr2002,avaStIn,bevFrtRoadLight
IT,h1837,0.5764247164288178,scr2002,avaStIn,bevFrtRoadLight
IT,h1838,0.5401459054358788,scr2002,avaStIn,bevFrtRoadLight
IT,h1839,0.49826727928843595,scr2002,avaStIn,bevFrtRoadLight
IT,h1840,0.4574139907405833,scr2002,avaStIn,bevFrtRoadLight
IT,h1841,0.42470386872332366,scr2002,avaStIn,bevFrtRoadLight
IT,h1842,0.4070105681582177,scr2002,avaStIn,bevFrtRoadLight
IT,h1843,0.39935547044790953,scr2002,avaStIn,bevFrtRoadLight
IT,h1844,0.3942528360151184,scr2002,avaStIn,bevFrtRoadLight
IT,h1845,0.3809841238928826,scr2002,avaStIn,bevFrtRoadLight
IT,h1846,0.3497784944040868,scr2002,avaStIn,bevFrtRoadLight
IT,h1847,0.3123069662403203,scr2002,avaStIn,bevFrtRoadLight
IT,h1848,0.2821792829284123,scr2002,avaStIn,bevFrtRoadLight
IT,h1849,0.3106843918239848,scr2002,avaStIn,bevFrtRoadLight
IT,h1850,0.35866299968064763,scr2002,avaStIn,bevFrtRoadLight
IT,h1851,0.4106293035759674,scr2002,avaStIn,bevFrtRoadLight
IT,h1852,0.4302562346105029,scr2002,avaStIn,bevFrtRoadLight
IT,h1853,0.4411964644145133,scr2002,avaStIn,bevFrtRoadLight
IT,h1854,0.45751109901302867,scr2002,avaStIn,bevFrtRoadLight
IT,h1855,0.48871757217710954,scr2002,avaStIn,bevFrtRoadLight
IT,h1856,0.5314509691002264,scr2002,avaStIn,bevFrtRoadLight
IT,h1857,0.5711878747561928,scr2002,avaStIn,bevFrtRoadLight
IT,h1858,0.5980939691710527,scr2002,avaStIn,bevFrtRoadLight
IT,h1859,0.608394034195855,scr2002,avaStIn,bevFrtRoadLight
IT,h1860,0.6010568773540482,scr2002,avaStIn,bevFrtRoadLight
IT,h1861,0.5764247164288178,scr2002,avaStIn,bevFrtRoadLight
IT,h1862,0.5401459054358788,scr2002,avaStIn,bevFrtRoadLight
IT,h1863,0.49826727928843595,scr2002,avaStIn,bevFrtRoadLight
IT,h1864,0.4574139907405833,scr2002,avaStIn,bevFrtRoadLight
IT,h1865,0.42470386872332366,scr2002,avaStIn,bevFrtRoadLight
IT,h1866,0.4070105681582177,scr2002,avaStIn,bevFrtRoadLight
IT,h1867,0.39935547044790953,scr2002,avaStIn,bevFrtRoadLight
IT,h1868,0.3942528360151184,scr2002,avaStIn,bevFrtRoadLight
IT,h1869,0.3809841238928826,scr2002,avaStIn,bevFrtRoadLight
IT,h1870,0.3497784944040868,scr2002,avaStIn,bevFrtRoadLight
IT,h1871,0.3123069662403203,scr2002,avaStIn,bevFrtRoadLight
IT,h1872,0.2821792829284123,scr2002,avaStIn,bevFrtRoadLight
IT,h1873,0.3106843918239848,scr2002,avaStIn,bevFrtRoadLight
IT,h1874,0.35866299968064763,scr2002,avaStIn,bevFrtRoadLight
IT,h1875,0.4106293035759674,scr2002,avaStIn,bevFrtRoadLight
IT,h1876,0.4302562346105029,scr2002,avaStIn,bevFrtRoadLight
IT,h1877,0.4411964644145133,scr2002,avaStIn,bevFrtRoadLight
IT,h1878,0.45751109901302867,scr2002,avaStIn,bevFrtRoadLight
IT,h1879,0.48871757217710954,scr2002,avaStIn,bevFrtRoadLight
IT,h1880,0.5314509691002264,scr2002,avaStIn,bevFrtRoadLight
IT,h1881,0.5711878747561928,scr2002,avaStIn,bevFrtRoadLight
IT,h1882,0.5980939691710527,scr2002,avaStIn,bevFrtRoadLight
IT,h1883,0.608394034195855,scr2002,avaStIn,bevFrtRoadLight
IT,h1884,0.6010568773540482,scr2002,avaStIn,bevFrtRoadLight
IT,h1885,0.5764247164288178,scr2002,avaStIn,bevFrtRoadLight
IT,h1886,0.5401459054358788,scr2002,avaStIn,bevFrtRoadLight
IT,h1887,0.49826727928843595,scr2002,avaStIn,bevFrtRoadLight
IT,h1888,0.4574139907405833,scr2002,avaStIn,bevFrtRoadLight
IT,h1889,0.42470386872332366,scr2002,avaStIn,bevFrtRoadLight
IT,h1890,0.4070105681582177,scr2002,avaStIn,bevFrtRoadLight
IT,h1891,0.39935547044790953,scr2002,avaStIn,bevFrtRoadLight
IT,h1892,0.3942528360151184,scr2002,avaStIn,bevFrtRoadLight
IT,h1893,0.3809841238928826,scr2002,avaStIn,bevFrtRoadLight
IT,h1894,0.3497784944040868,scr2002,avaStIn,bevFrtRoadLight
IT,h1895,0.3123069662403203,scr2002,avaStIn,bevFrtRoadLight
IT,h1896,0.2821792829284123,scr2002,avaStIn,bevFrtRoadLight
IT,h1897,0.3106843918239848,scr2002,avaStIn,bevFrtRoadLight
IT,h1898,0.35866299968064763,scr2002,avaStIn,bevFrtRoadLight
IT,h1899,0.4106293035759674,scr2002,avaStIn,bevFrtRoadLight
IT,h1900,0.4302562346105029,scr2002,avaStIn,bevFrtRoadLight
IT,h1901,0.4411964644145133,scr2002,avaStIn,bevFrtRoadLight
IT,h1902,0.45751109901302867,scr2002,avaStIn,bevFrtRoadLight
IT,h1903,0.48871757217710954,scr2002,avaStIn,bevFrtRoadLight
IT,h1904,0.5314509691002264,scr2002,avaStIn,bevFrtRoadLight
IT,h1905,0.5711878747561928,scr2002,avaStIn,bevFrtRoadLight
IT,h1906,0.5980939691710527,scr2002,avaStIn,bevFrtRoadLight
IT,h1907,0.608394034195855,scr2002,avaStIn,bevFrtRoadLight
IT,h1908,0.6010568773540482,scr2002,avaStIn,bevFrtRoadLight
IT,h1909,0.5764247164288178,scr2002,avaStIn,bevFrtRoadLight
IT,h1910,0.5401459054358788,scr2002,avaStIn,bevFrtRoadLight
IT,h1911,0.49826727928843595,scr2002,avaStIn,bevFrtRoadLight
IT,h1912,0.4574139907405833,scr2002,avaStIn,bevFrtRoadLight
IT,h1913,0.42470386872332366,scr2002,avaStIn,bevFrtRoadLight
IT,h1914,0.4070105681582177,scr2002,avaStIn,bevFrtRoadLight
IT,h1915,0.39935547044790953,scr2002,avaStIn,bevFrtRoadLight
IT,h1916,0.3942528360151184,scr2002,avaStIn,bevFrtRoadLight
IT,h1917,0.3809841238928826,scr2002,avaStIn,bevFrtRoadLight
IT,h1918,0.3497784944040868,scr2002,avaStIn,bevFrtRoadLight
IT,h1919,0.3123069662403203,scr2002,avaStIn,bevFrtRoadLight
IT,h1920,0.2821792829284123,scr2002,avaStIn,bevFrtRoadLight
IT,h1921,0.3106843918239848,scr2002,avaStIn,bevFrtRoadLight
IT,h1922,0.35866299968064763,scr2002,avaStIn,bevFrtRoadLight
IT,h1923,0.4106293035759674,scr2002,avaStIn,bevFrtRoadLight
IT,h1924,0.4302562346105029,scr2002,avaStIn,bevFrtRoadLight
IT,h1925,0.4411964644145133,scr2002,avaStIn,bevFrtRoadLight
IT,h1926,0.45751109901302867,scr2002,avaStIn,bevFrtRoadLight
IT,h1927,0.48871757217710954,scr2002,avaStIn,bevFrtRoadLight
IT,h1928,0.5314509691002264,scr2002,avaStIn,bevFrtRoadLight
IT,h1929,0.5711878747561928,scr2002,avaStIn,bevFrtRoadLight
IT,h1930,0.5980939691710527,scr2002,avaStIn,bevFrtRoadLight
IT,h1931,0.608394034195855,scr2002,avaStIn,bevFrtRoadLight
IT,h1932,0.6010568773540482,scr2002,avaStIn,bevFrtRoadLight
IT,h1933,0.5764247164288178,scr2002,avaStIn,bevFrtRoadLight
IT,h1934,0.5401459054358788,scr2002,avaStIn,bevFrtRoadLight
IT,h1935,0.49826727928843595,scr2002,avaStIn,bevFrtRoadLight
IT,h1936,0.4574139907405833,scr2002,avaStIn,bevFrtRoadLight
IT,h1937,0.42470386872332366,scr2002,avaStIn,bevFrtRoadLight
IT,h1938,0.4070105681582177,scr2002,avaStIn,bevFrtRoadLight
IT,h1939,0.39935547044790953,scr2002,avaStIn,bevFrtRoadLight
IT,h1940,0.3942528360151184,scr2002,avaStIn,bevFrtRoadLight
IT,h1941,0.3809841238928826,scr2002,avaStIn,bevFrtRoadLight
IT,h1942,0.3497784944040868,scr2002,avaStIn,bevFrtRoadLight
IT,h1943,0.3123069662403203,scr2002,avaStIn,bevFrtRoadLight
IT,h1944,0.2821792829284123,scr2002,avaStIn,bevFrtRoadLight
IT,h1945,0.230095162221032,scr2002,avaStIn,bevFrtRoadLight
IT,h1946,0.2300917975935889,scr2002,avaStIn,bevFrtRoadLight
IT,h1947,0.27148343409663167,scr2002,avaStIn,bevFrtRoadLight
IT,h1948,0.3790725700696759,scr2002,avaStIn,bevFrtRoadLight
IT,h1949,0.4623404992613247,scr2002,avaStIn,bevFrtRoadLight
IT,h1950,0.5259162274800008,scr2002,avaStIn,bevFrtRoadLight
IT,h1951,0.5772992909654577,scr2002,avaStIn,bevFrtRoadLight
IT,h1952,0.6171735770568829,scr2002,avaStIn,bevFrtRoadLight
IT,h1953,0.6409152522621755,scr2002,avaStIn,bevFrtRoadLight
IT,h1954,0.648916667,scr2002,avaStIn,bevFrtRoadLight
IT,h1955,0.6400350534574338,scr2002,avaStIn,bevFrtRoadLight
IT,h1956,0.6158841576917301,scr2002,avaStIn,bevFrtRoadLight
IT,h1957,0.5753501172674538,scr2002,avaStIn,bevFrtRoadLight
IT,h1958,0.5273486726990765,scr2002,avaStIn,bevFrtRoadLight
IT,h1959,0.47682400205808606,scr2002,avaStIn,bevFrtRoadLight
IT,h1960,0.4288063768750644,scr2002,avaStIn,bevFrtRoadLight
IT,h1961,0.39374570481652504,scr2002,avaStIn,bevFrtRoadLight
IT,h1962,0.3749031506247579,scr2002,avaStIn,bevFrtRoadLight
IT,h1963,0.3720933012131318,scr2002,avaStIn,bevFrtRoadLight
IT,h1964,0.36873105182903687,scr2002,avaStIn,bevFrtRoadLight
IT,h1965,0.3543630997986469,scr2002,avaStIn,bevFrtRoadLight
IT,h1966,0.3154781828948128,scr2002,avaStIn,bevFrtRoadLight
IT,h1967,0.27112993299959975,scr2002,avaStIn,bevFrtRoadLight
IT,h1968,0.2381911639591776,scr2002,avaStIn,bevFrtRoadLight
IT,h1969,0.20075744833264675,scr2002,avaStIn,bevFrtRoadLight
IT,h1970,0.21575624655576675,scr2002,avaStIn,bevFrtRoadLight
IT,h1971,0.27148343409663167,scr2002,avaStIn,bevFrtRoadLight
IT,h1972,0.3790725700696759,scr2002,avaStIn,bevFrtRoadLight
IT,h1973,0.4623404992613247,scr2002,avaStIn,bevFrtRoadLight
IT,h1974,0.5259162274800008,scr2002,avaStIn,bevFrtRoadLight
IT,h1975,0.5772992909654577,scr2002,avaStIn,bevFrtRoadLight
IT,h1976,0.6171735770568829,scr2002,avaStIn,bevFrtRoadLight
IT,h1977,0.6409152522621755,scr2002,avaStIn,bevFrtRoadLight
IT,h1978,0.648916667,scr2002,avaStIn,bevFrtRoadLight
IT,h1979,0.6400350534574338,scr2002,avaStIn,bevFrtRoadLight
IT,h1980,0.6158841576917301,scr2002,avaStIn,bevFrtRoadLight
IT,h1981,0.5753501172674538,scr2002,avaStIn,bevFrtRoadLight
IT,h1982,0.5273486726990765,scr2002,avaStIn,bevFrtRoadLight
IT,h1983,0.47682400205808606,scr2002,avaStIn,bevFrtRoadLight
IT,h1984,0.4288063768750644,scr2002,avaStIn,bevFrtRoadLight
IT,h1985,0.39374570481652504,scr2002,avaStIn,bevFrtRoadLight
IT,h1986,0.3749031506247579,scr2002,avaStIn,bevFrtRoadLight
IT,h1987,0.3720933012131318,scr2002,avaStIn,bevFrtRoadLight
IT,h1988,0.36873105182903687,scr2002,avaStIn,bevFrtRoadLight
IT,h1989,0.3543630997986469,scr2002,avaStIn,bevFrtRoadLight
IT,h1990,0.3154781828948128,scr2002,avaStIn,bevFrtRoadLight
IT,h1991,0.27112993299959975,scr2002,avaStIn,bevFrtRoadLight
IT,h1992,0.2381911639591776,scr2002,avaStIn,bevFrtRoadLight
IT,h1993,0.28388199759953203,scr2002,avaStIn,bevFrtRoadLight
IT,h1994,0.34615260530650627,scr2002,avaStIn,bevFrtRoadLight
IT,h1995,0.4106293035759674,scr2002,avaStIn,bevFrtRoadLight
IT,h1996,0.4302562346105029,scr2002,avaStIn,bevFrtRoadLight
IT,h1997,0.4411964644145133,scr2002,avaStIn,bevFrtRoadLight
IT,h1998,0.45751109901302867,scr2002,avaStIn,bevFrtRoadLight
IT,h1999,0.48871757217710954,scr2002,avaStIn,bevFrtRoadLight
IT,h2000,0.5314509691002264,scr2002,avaStIn,bevFrtRoadLight
IT,h2001,0.5711878747561928,scr2002,avaStIn,bevFrtRoadLight
IT,h2002,0.5980939691710527,scr2002,avaStIn,bevFrtRoadLight
IT,h2003,0.608394034195855,scr2002,avaStIn,bevFrtRoadLight
IT,h2004,0.6010568773540482,scr2002,avaStIn,bevFrtRoadLight
IT,h2005,0.5764247164288178,scr2002,avaStIn,bevFrtRoadLight
IT,h2006,0.5401459054358788,scr2002,avaStIn,bevFrtRoadLight
IT,h2007,0.49826727928843595,scr2002,avaStIn,bevFrtRoadLight
IT,h2008,0.4574139907405833,scr2002,avaStIn,bevFrtRoadLight
IT,h2009,0.42470386872332366,scr2002,avaStIn,bevFrtRoadLight
IT,h2010,0.4070105681582177,scr2002,avaStIn,bevFrtRoadLight
IT,h2011,0.39935547044790953,scr2002,avaStIn,bevFrtRoadLight
IT,h2012,0.3942528360151184,scr2002,avaStIn,bevFrtRoadLight
IT,h2013,0.3809841238928826,scr2002,avaStIn,bevFrtRoadLight
IT,h2014,0.3497784944040868,scr2002,avaStIn,bevFrtRoadLight
IT,h2015,0.3123069662403203,scr2002,avaStIn,bevFrtRoadLight
IT,h2016,0.2821792829284123,scr2002,avaStIn,bevFrtRoadLight
IT,h2017,0.3072840894621327,scr2002,avaStIn,bevFrtRoadLight
IT,h2018,0.33666905394072477,scr2002,avaStIn,bevFrtRoadLight
IT,h2019,0.36655496485550265,scr2002,avaStIn,bevFrtRoadLight
IT,h2020,0.3745731212047183,scr2002,avaStIn,bevFrtRoadLight
IT,h2021,0.4026088526762964,scr2002,avaStIn,bevFrtRoadLight
IT,h2022,0.44640061438376677,scr2002,avaStIn,bevFrtRoadLight
IT,h2023,0.4973037920546317,scr2002,avaStIn,bevFrtRoadLight
IT,h2024,0.5420216950586382,scr2002,avaStIn,bevFrtRoadLight
IT,h2025,0.5736954068525849,scr2002,avaStIn,bevFrtRoadLight
IT,h2026,0.5880342997851791,scr2002,avaStIn,bevFrtRoadLight
IT,h2027,0.5918947845476328,scr2002,avaStIn,bevFrtRoadLight
IT,h2028,0.5837522950091353,scr2002,avaStIn,bevFrtRoadLight
IT,h2029,0.5666300112283023,scr2002,avaStIn,bevFrtRoadLight
IT,h2030,0.5326460205473856,scr2002,avaStIn,bevFrtRoadLight
IT,h2031,0.48334141219508586,scr2002,avaStIn,bevFrtRoadLight
IT,h2032,0.4237800531764452,scr2002,avaStIn,bevFrtRoadLight
IT,h2033,0.36680643825444004,scr2002,avaStIn,bevFrtRoadLight
IT,h2034,0.33858624085132816,scr2002,avaStIn,bevFrtRoadLight
IT,h2035,0.33981235579051516,scr2002,avaStIn,bevFrtRoadLight
IT,h2036,0.36441505526272,scr2002,avaStIn,bevFrtRoadLight
IT,h2037,0.39407002810213865,scr2002,avaStIn,bevFrtRoadLight
IT,h2038,0.4100441996396511,scr2002,avaStIn,bevFrtRoadLight
IT,h2039,0.41244752514225314,scr2002,avaStIn,bevFrtRoadLight
IT,h2040,0.397767181057598,scr2002,avaStIn,bevFrtRoadLight
IT,h2041,0.3840802424090225,scr2002,avaStIn,bevFrtRoadLight
IT,h2042,0.37136048642151265,scr2002,avaStIn,bevFrtRoadLight
IT,h2043,0.36655496485550265,scr2002,avaStIn,bevFrtRoadLight
IT,h2044,0.3745731212047183,scr2002,avaStIn,bevFrtRoadLight
IT,h2045,0.4026088526762964,scr2002,avaStIn,bevFrtRoadLight
IT,h2046,0.44640061438376677,scr2002,avaStIn,bevFrtRoadLight
IT,h2047,0.4973037920546317,scr2002,avaStIn,bevFrtRoadLight
IT,h2048,0.5420216950586382,scr2002,avaStIn,bevFrtRoadLight
IT,h2049,0.5736954068525849,scr2002,avaStIn,bevFrtRoadLight
IT,h2050,0.5880342997851791,scr2002,avaStIn,bevFrtRoadLight
IT,h2051,0.5918947845476328,scr2002,avaStIn,bevFrtRoadLight
IT,h2052,0.5837522950091353,scr2002,avaStIn,bevFrtRoadLight
IT,h2053,0.5666300112283023,scr2002,avaStIn,bevFrtRoadLight
IT,h2054,0.5326460205473856,scr2002,avaStIn,bevFrtRoadLight
IT,h2055,0.48334141219508586,scr2002,avaStIn,bevFrtRoadLight
IT,h2056,0.4237800531764452,scr2002,avaStIn,bevFrtRoadLight
IT,h2057,0.36680643825444004,scr2002,avaStIn,bevFrtRoadLight
IT,h2058,0.33858624085132816,scr2002,avaStIn,bevFrtRoadLight
IT,h2059,0.33981235579051516,scr2002,avaStIn,bevFrtRoadLight
IT,h2060,0.36441505526272,scr2002,avaStIn,bevFrtRoadLight
IT,h2061,0.39407002810213865,scr2002,avaStIn,bevFrtRoadLight
IT,h2062,0.4100441996396511,scr2002,avaStIn,bevFrtRoadLight
IT,h2063,0.41244752514225314,scr2002,avaStIn,bevFrtRoadLight
IT,h2064,0.397767181057598,scr2002,avaStIn,bevFrtRoadLight
IT,h2065,0.3840802424090225,scr2002,avaStIn,bevFrtRoadLight
IT,h2066,0.37136048642151265,scr2002,avaStIn,bevFrtRoadLight
IT,h2067,0.36655496485550265,scr2002,avaStIn,bevFrtRoadLight
IT,h2068,0.3745731212047183,scr2002,avaStIn,bevFrtRoadLight
IT,h2069,0.4026088526762964,scr2002,avaStIn,bevFrtRoadLight
IT,h2070,0.44640061438376677,scr2002,avaStIn,bevFrtRoadLight
IT,h2071,0.4973037920546317,scr2002,avaStIn,bevFrtRoadLight
IT,h2072,0.5420216950586382,scr2002,avaStIn,bevFrtRoadLight
IT,h2073,0.5736954068525849,scr2002,avaStIn,bevFrtRoadLight
IT,h2074,0.5880342997851791,scr2002,avaStIn,bevFrtRoadLight
IT,h2075,0.5918947845476328,scr2002,avaStIn,bevFrtRoadLight
IT,h2076,0.5837522950091353,scr2002,avaStIn,bevFrtRoadLight
IT,h2077,0.5666300112283023,scr2002,avaStIn,bevFrtRoadLight
IT,h2078,0.5326460205473856,scr2002,avaStIn,bevFrtRoadLight
IT,h2079,0.48334141219508586,scr2002,avaStIn,bevFrtRoadLight
IT,h2080,0.4237800531764452,scr2002,avaStIn,bevFrtRoadLight
IT,h2081,0.36680643825444004,scr2002,avaStIn,bevFrtRoadLight
IT,h2082,0.33858624085132816,scr2002,avaStIn,bevFrtRoadLight
IT,h2083,0.33981235579051516,scr2002,avaStIn,bevFrtRoadLight
IT,h2084,0.36441505526272,scr2002,avaStIn,bevFrtRoadLight
IT,h2085,0.39407002810213865,scr2002,avaStIn,bevFrtRoadLight
IT,h2086,0.4100441996396511,scr2002,avaStIn,bevFrtRoadLight
IT,h2087,0.41244752514225314,scr2002,avaStIn,bevFrtRoadLight
IT,h2088,0.397767181057598,scr2002,avaStIn,bevFrtRoadLight
IT,h2089,0.3840802424090225,scr2002,avaStIn,bevFrtRoadLight
IT,h2090,0.37136048642151265,scr2002,avaStIn,bevFrtRoadLight
IT,h2091,0.36655496485550265,scr2002,avaStIn,bevFrtRoadLight
IT,h2092,0.3745731212047183,scr2002,avaStIn,bevFrtRoadLight
IT,h2093,0.4026088526762964,scr2002,avaStIn,bevFrtRoadLight
IT,h2094,0.44640061438376677,scr2002,avaStIn,bevFrtRoadLight
IT,h2095,0.4973037920546317,scr2002,avaStIn,bevFrtRoadLight
IT,h2096,0.5420216950586382,scr2002,avaStIn,bevFrtRoadLight
IT,h2097,0.5736954068525849,scr2002,avaStIn,bevFrtRoadLight
IT,h2098,0.5880342997851791,scr2002,avaStIn,bevFrtRoadLight
IT,h2099,0.5918947845476328,scr2002,avaStIn,bevFrtRoadLight
IT,h2100,0.5837522950091353,scr2002,avaStIn,bevFrtRoadLight
IT,h2101,0.5666300112283023,scr2002,avaStIn,bevFrtRoadLight
IT,h2102,0.5326460205473856,scr2002,avaStIn,bevFrtRoadLight
IT,h2103,0.48334141219508586,scr2002,avaStIn,bevFrtRoadLight
IT,h2104,0.4237800531764452,scr2002,avaStIn,bevFrtRoadLight
IT,h2105,0.36680643825444004,scr2002,avaStIn,bevFrtRoadLight
IT,h2106,0.33858624085132816,scr2002,avaStIn,bevFrtRoadLight
IT,h2107,0.33981235579051516,scr2002,avaStIn,bevFrtRoadLight
IT,h2108,0.36441505526272,scr2002,avaStIn,bevFrtRoadLight
IT,h2109,0.39407002810213865,scr2002,avaStIn,bevFrtRoadLight
IT,h2110,0.4100441996396511,scr2002,avaStIn,bevFrtRoadLight
IT,h2111,0.41244752514225314,scr2002,avaStIn,bevFrtRoadLight
IT,h2112,0.397767181057598,scr2002,avaStIn,bevFrtRoadLight
IT,h2113,0.42154228593186693,scr2002,avaStIn,bevFrtRoadLight
IT,h2114,0.4456152325394652,scr2002,avaStIn,bevFrtRoadLight
IT,h2115,0.46890884939949806,scr2002,avaStIn,bevFrtRoadLight
IT,h2116,0.4606801828577375,scr2002,avaStIn,bevFrtRoadLight
IT,h2117,0.4598809008191356,scr2002,avaStIn,bevFrtRoadLight
IT,h2118,0.47373682010553864,scr2002,avaStIn,bevFrtRoadLight
IT,h2119,0.49837466067849223,scr2002,avaStIn,bevFrtRoadLight
IT,h2120,0.5249322712656334,scr2002,avaStIn,bevFrtRoadLight
IT,h2121,0.5295524702973696,scr2002,avaStIn,bevFrtRoadLight
IT,h2122,0.5237384833973733,scr2002,avaStIn,bevFrtRoadLight
IT,h2123,0.517462220076728,scr2002,avaStIn,bevFrtRoadLight
IT,h2124,0.5202231448594442,scr2002,avaStIn,bevFrtRoadLight
IT,h2125,0.5168074572603817,scr2002,avaStIn,bevFrtRoadLight
IT,h2126,0.4881087918461403,scr2002,avaStIn,bevFrtRoadLight
IT,h2127,0.4401501060096197,scr2002,avaStIn,bevFrtRoadLight
IT,h2128,0.3751810028677981,scr2002,avaStIn,bevFrtRoadLight
IT,h2129,0.3184738733356699,scr2002,avaStIn,bevFrtRoadLight
IT,h2130,0.2885496316681868,scr2002,avaStIn,bevFrtRoadLight
IT,h2131,0.2950430145218158,scr2002,avaStIn,bevFrtRoadLight
IT,h2132,0.3362350273761402,scr2002,avaStIn,bevFrtRoadLight
IT,h2133,0.3905257678468872,scr2002,avaStIn,bevFrtRoadLight
IT,h2134,0.4405757953478312,scr2002,avaStIn,bevFrtRoadLight
IT,h2135,0.4738121072088959,scr2002,avaStIn,bevFrtRoadLight
IT,h2136,0.4995552626921461,scr2002,avaStIn,bevFrtRoadLight
IT,h2137,0.5006979269249345,scr2002,avaStIn,bevFrtRoadLight
IT,h2138,0.49234384959123245,scr2002,avaStIn,bevFrtRoadLight
IT,h2139,0.46890884939949806,scr2002,avaStIn,bevFrtRoadLight
IT,h2140,0.4606801828577375,scr2002,avaStIn,bevFrtRoadLight
IT,h2141,0.4598809008191356,scr2002,avaStIn,bevFrtRoadLight
IT,h2142,0.47373682010553864,scr2002,avaStIn,bevFrtRoadLight
IT,h2143,0.49837466067849223,scr2002,avaStIn,bevFrtRoadLight
IT,h2144,0.5249322712656334,scr2002,avaStIn,bevFrtRoadLight
IT,h2145,0.5295524702973696,scr2002,avaStIn,bevFrtRoadLight
IT,h2146,0.5237384833973733,scr2002,avaStIn,bevFrtRoadLight
IT,h2147,0.517462220076728,scr2002,avaStIn,bevFrtRoadLight
IT,h2148,0.5202231448594442,scr2002,avaStIn,bevFrtRoadLight
IT,h2149,0.5168074572603817,scr2002,avaStIn,bevFrtRoadLight
IT,h2150,0.4881087918461403,scr2002,avaStIn,bevFrtRoadLight
IT,h2151,0.4401501060096197,scr2002,avaStIn,bevFrtRoadLight
IT,h2152,0.3751810028677981,scr2002,avaStIn,bevFrtRoadLight
IT,h2153,0.3184738733356699,scr2002,avaStIn,bevFrtRoadLight
IT,h2154,0.2885496316681868,scr2002,avaStIn,bevFrtRoadLight
IT,h2155,0.2950430145218158,scr2002,avaStIn,bevFrtRoadLight
IT,h2156,0.3362350273761402,scr2002,avaStIn,bevFrtRoadLight
IT,h2157,0.3905257678468872,scr2002,avaStIn,bevFrtRoadLight
IT,h2158,0.4405757953478312,scr2002,avaStIn,bevFrtRoadLight
IT,h2159,0.4738121072088959,scr2002,avaStIn,bevFrtRoadLight
IT,h2160,0.4995552626921461,scr2002,avaStIn,bevFrtRoadLight
NL,h1441,0.3714353995574986,scr2002,avaStIn,bevFrtRoadLight
NL,h1442,0.3846086524108919,scr2002,avaStIn,bevFrtRoadLight
NL,h1443,0.42374952391826404,scr2002,avaStIn,bevFrtRoadLight
NL,h1444,0.4709102315761218,scr2002,avaStIn,bevFrtRoadLight
NL,h1445,0.5000591446961408,scr2002,avaStIn,bevFrtRoadLight
NL,h1446,0.495233345157142,scr2002,avaStIn,bevFrtRoadLight
NL,h1447,0.5008043596015219,scr2002,avaStIn,bevFrtRoadLight
NL,h1448,0.5021789974738545,scr2002,avaStIn,bevFrtRoadLight
NL,h1449,0.5231874460949842,scr2002,avaStIn,bevFrtRoadLight
NL,h1450,0.5308529822226913,scr2002,avaStIn,bevFrtRoadLight
NL,h1451,0.536356959269228,scr2002,avaStIn,bevFrtRoadLight
NL,h1452,0.5373881561276749,scr2002,avaStIn,bevFrtRoadLight
NL,h1453,0.5288075990651915,scr2002,avaStIn,bevFrtRoadLight
NL,h1454,0.5095709286669997,scr2002,avaStIn,bevFrtRoadLight
NL,h1455,0.473753550931062,scr2002,avaStIn,bevFrtRoadLight
NL,h1456,0.4304466538396563,scr2002,avaStIn,bevFrtRoadLight
NL,h1457,0.3826879992214788,scr2002,avaStIn,bevFrtRoadLight
NL,h1458,0.35009603390058996,scr2002,avaStIn,bevFrtRoadLight
NL,h1459,0.3349394292024723,scr2002,avaStIn,bevFrtRoadLight
NL,h1460,0.34869160218954365,scr2002,avaStIn,bevFrtRoadLight
NL,h1461,0.36780057797615695,scr2002,avaStIn,bevFrtRoadLight
NL,h1462,0.38682791024436847,scr2002,avaStIn,bevFrtRoadLight
NL,h1463,0.3912979680884232,scr2002,avaStIn,bevFrtRoadLight
NL,h1464,0.3985938980480803,scr2002,avaStIn,bevFrtRoadLight
NL,h1465,0.38540755881640665,scr2002,avaStIn,bevFrtRoadLight
NL,h1466,0.39834418280524153,scr2002,avaStIn,bevFrtRoadLight
NL,h1467,0.42374952391826404,scr2002,avaStIn,bevFrtRoadLight
NL,h1468,0.4709102315761218,scr2002,avaStIn,bevFrtRoadLight
NL,h1469,0.5000591446961408,scr2002,avaStIn,bevFrtRoadLight
NL,h1470,0.495233345157142,scr2002,avaStIn,bevFrtRoadLight
NL,h1471,0.5008043596015219,scr2002,avaStIn,bevFrtRoadLight
NL,h1472,0.5021789974738545,scr2002,avaStIn,bevFrtRoadLight
NL,h1473,0.5231874460949842,scr2002,avaStIn,bevFrtRoadLight
NL,h1474,0.5308529822226913,scr2002,avaStIn,bevFrtRoadLight
NL,h1475,0.536356959269228,scr2002,avaStIn,bevFrtRoadLight
NL,h1476,0.5373881561276749,scr2002,avaStIn,bevFrtRoadLight
NL,h1477,0.5288075990651915,scr2002,avaStIn,bevFrtRoadLight
NL,h1478,0.5095709286669997,scr2002,avaStIn,bevFrtRoadLight
NL,h1479,0.473753550931062,scr2002,avaStIn,bevFrtRoadLight
NL,h1480,0.4304466538396563,scr2002,avaStIn,bevFrtRoadLight
NL,h1481,0.3826879992214788,scr2002,avaStIn,bevFrtRoadLight
NL,h1482,0.35009603390058996,scr2002,avaStIn,bevFrtRoadLight
NL,h1483,0.3349394292024723,scr2002,avaStIn,bevFrtRoadLight
NL,h1484,0.34869160218954365,scr2002,avaStIn,bevFrtRoadLight
NL,h1485,0.36780057797615695,scr2002,avaStIn,bevFrtRoadLight
NL,h1486,0.38682791024436847,scr2002,avaStIn,bevFrtRoadLight
NL,h1487,0.3912979680884232,scr2002,avaStIn,bevFrtRoadLight
NL,h1488,0.3985938980480803,scr2002,avaStIn,bevFrtRoadLight
NL,h1489,0.4174388969205469,scr2002,avaStIn,bevFrtRoadLight
NL,h1490,0.4439543832070485,scr2002,avaStIn,bevFrtRoadLight
NL,h1491,0.464238846132911,scr2002,avaStIn,bevFrtRoadLight
NL,h1492,0.4692993118565085,scr2002,avaStIn,bevFrtRoadLight
NL,h1493,0.4647572130501477,scr2002,avaStIn,bevFrtRoadLight
NL,h1494,0.4606421333392813,scr2002,avaStIn,bevFrtRoadLight
NL,h1495,0.4606294501381404,scr2002,avaStIn,bevFrtRoadLight
NL,h1496,0.4771202000278558,scr2002,avaStIn,bevFrtRoadLight
NL,h1497,0.4942956004519071,scr2002,avaStIn,bevFrtRoadLight
NL,h1498,0.5099123823053463,scr2002,avaStIn,bevFrtRoadLight
NL,h1499,0.5161038254350148,scr2002,avaStIn,bevFrtRoadLight
NL,h1500,0.5219276355822776,scr2002,avaStIn,bevFrtRoadLight
NL,h1501,0.5234247828552905,scr2002,avaStIn,bevFrtRoadLight
NL,h1502,0.515666896351518,scr2002,avaStIn,bevFrtRoadLight
NL,h1503,0.4904757420921084,scr2002,avaStIn,bevFrtRoadLight
NL,h1504,0.4511048686615209,scr2002,avaStIn,bevFrtRoadLight
NL,h1505,0.401719554609377,scr2002,avaStIn,bevFrtRoadLight
NL,h1506,0.362910361244157,scr2002,avaStIn,bevFrtRoadLight
NL,h1507,0.3472619056461236,scr2002,avaStIn,bevFrtRoadLight
NL,h1508,0.35727079588328314,scr2002,avaStIn,bevFrtRoadLight
NL,h1509,0.378468834507535,scr2002,avaStIn,bevFrtRoadLight
NL,h1510,0.39319028121074384,scr2002,avaStIn,bevFrtRoadLight
NL,h1511,0.3959422870730802,scr2002,avaStIn,bevFrtRoadLight
NL,h1512,0.3854887711962275,scr2002,avaStIn,bevFrtRoadLight
NL,h1513,0.42769853598926943,scr2002,avaStIn,bevFrtRoadLight
NL,h1514,0.46444116177482064,scr2002,avaStIn,bevFrtRoadLight
NL,h1515,0.5002557267591349,scr2002,avaStIn,bevFrtRoadLight
NL,h1516,0.4779833592811431,scr2002,avaStIn,bevFrtRoadLight
NL,h1517,0.45518876455881485,scr2002,avaStIn,bevFrtRoadLight
NL,h1518,0.43596244051473665,scr2002,avaStIn,bevFrtRoadLight
NL,h1519,0.4287672948543091,scr2002,avaStIn,bevFrtRoadLight
NL,h1520,0.4310449118345231,scr2002,avaStIn,bevFrtRoadLight
NL,h1521,0.43651906754470926,scr2002,avaStIn,bevFrtRoadLight
NL,h1522,0.42784196327677315,scr2002,avaStIn,bevFrtRoadLight
NL,h1523,0.40165285769436365,scr2002,avaStIn,bevFrtRoadLight
NL,h1524,0.3554492048303812,scr2002,avaStIn,bevFrtRoadLight
NL,h1525,0.30743387757687923,scr2002,avaStIn,bevFrtRoadLight
NL,h1526,0.278936309503648,scr2002,avaStIn,bevFrtRoadLight
NL,h1527,0.28525649117608465,scr2002,avaStIn,bevFrtRoadLight
NL,h1528,0.33100477113297455,scr2002,avaStIn,bevFrtRoadLight
NL,h1529,0.3951643597987161,scr2002,avaStIn,bevFrtRoadLight
NL,h1530,0.46644985491696445,scr2002,avaStIn,bevFrtRoadLight
NL,h1531,0.5302489042156142,scr2002,avaStIn,bevFrtRoadLight
NL,h1532,0.5770673902258092,scr2002,avaStIn,bevFrtRoadLight
NL,h1533,0.5986769755958498,scr2002,avaStIn,bevFrtRoadLight
NL,h1534,0.6016883948095747,scr2002,avaStIn,bevFrtRoadLight
NL,h1535,0.5924055260109063,scr2002,avaStIn,bevFrtRoadLight
NL,h1536,0.5774847836798132,scr2002,avaStIn,bevFrtRoadLight
NL,h1537,0.5517773619954187,scr2002,avaStIn,bevFrtRoadLight
NL,h1538,0.5248358437172166,scr2002,avaStIn,bevFrtRoadLight
NL,h1539,0.5002557267591349,scr2002,avaStIn,bevFrtRoadLight
NL,h1540,0.4779833592811431,scr2002,avaStIn,bevFrtRoadLight
NL,h1541,0.45518876455881485,scr2002,avaStIn,bevFrtRoadLight
NL,h1542,0.43596244051473665,scr2002,avaStIn,bevFrtRoadLight
NL,h1543,0.4287672948543091,scr2002,avaStIn,bevFrtRoadLight
NL,h1544,0.4310449118345231,scr2002,avaStIn,bevFrtRoadLight
NL,h1545,0.43651906754470926,scr2002,avaStIn,bevFrtRoadLight
NL,h1546,0.42784196327677315,scr2002,avaStIn,bevFrtRoadLight
NL,h1547,0.40165285769436365,scr2002,avaStIn,bevFrtRoadLight
NL,h1548,0.3554492048303812,scr2002,avaStIn,bevFrtRoadLight
NL,h1549,0.30743387757687923,scr2002,avaStIn,bevFrtRoadLight
NL,h1550,0.278936309503648,scr2002,avaStIn,bevFrtRoadLight
NL,h1551,0.28525649117608465,scr2002,avaStIn,bevFrtRoadLight
NL,h1552,0.33100477113297455,scr2002,avaStIn,bevFrtRoadLight
NL,h1553,0.3951643597987161,scr2002,avaStIn,bevFrtRoadLight
NL,h1554,0.46644985491696445,scr2002,avaStIn,bevFrtRoadLight
NL,h1555,0.5302489042156142,scr2002,avaStIn,bevFrtRoadLight
NL,h1556,0.5770673902258092,scr2002,avaStIn,bevFrtRoadLight
NL,h1557,0.5986769755958498,scr2002,avaStIn,bevFrtRoadLight
NL,h1558,0.6016883948095747,scr2002,avaStIn,bevFrtRoadLight
NL,h1559,0.5924055260109063,scr2002,avaStIn,bevFrtRoadLight
NL,h1560,0.5774847836798132,scr2002,avaStIn,bevFrtRoadLight
NL,h1561,0.5517773619954187,scr2002,avaStIn,bevFrtRoadLight
NL,h1562,0.5248358437172166,scr2002,avaStIn,bevFrtRoadLight
NL,h1563,0.5002557267591349,scr2002,avaStIn,bevFrtRoadLight
NL,h1564,0.4779833592811431,scr2002,avaStIn,bevFrtRoadLight
NL,h1565,0.45518876455881485,scr2002,avaStIn,bevFrtRoadLight
NL,h1566,0.43596244051473665,scr2002,avaStIn,bevFrtRoadLight
NL,h1567,0.4287672948543091,scr2002,avaStIn,bevFrtRoadLight
NL,h1568,0.4310449118345231,scr2002,avaStIn,bevFrtRoadLight
NL,h1569,0.43651906754470926,scr2002,avaStIn,bevFrtRoadLight
NL,h1570,0.42784196327677315,scr2002,avaStIn,bevFrtRoadLight
NL,h1571,0.40165285769436365,scr2002,avaStIn,bevFrtRoadLight
NL,h1572,0.3554492048303812,scr2002,avaStIn,bevFrtRoadLight
NL,h1573,0.30743387757687923,scr2002,avaStIn,bevFrtRoadLight
NL,h1574,0.278936309503648,scr2002,avaStIn,bevFrtRoadLight
NL,h1575,0.28525649117608465,scr2002,avaStIn,bevFrtRoadLight
NL,h1576,0.33100477113297455,scr2002,avaStIn,bevFrtRoadLight
NL,h1577,0.3951643597987161,scr2002,avaStIn,bevFrtRoadLight
NL,h1578,0.46644985491696445,scr2002,avaStIn,bevFrtRoadLight
NL,h1579,0.5302489042156142,scr2002,avaStIn,bevFrtRoadLight
NL,h1580,0.5770673902258092,scr2002,avaStIn,bevFrtRoadLight
NL,h1581,0.5986769755958498,scr2002,avaStIn,bevFrtRoadLight
NL,h1582,0.6016883948095747,scr2002,avaStIn,bevFrtRoadLight
NL,h1583,0.5924055260109063,scr2002,avaStIn,bevFrtRoadLight
NL,h1584,0.5774847836798132,scr2002,avaStIn,bevFrtRoadLight
NL,h1585,0.5517773619954187,scr2002,avaStIn,bevFrtRoadLight
NL,h1586,0.5248358437172166,scr2002,avaStIn,bevFrtRoadLight
NL,h1587,0.5002557267591349,scr2002,avaStIn,bevFrtRoadLight
NL,h1588,0.4779833592811431,scr2002,avaStIn,bevFrtRoadLight
NL,h1589,0.45518876455881485,scr2002,avaStIn,bevFrtRoadLight
NL,h1590,0.43596244051473665,scr2002,avaStIn,bevFrtRoadLight
NL,h1591,0.4287672948543091,scr2002,avaStIn,bevFrtRoadLight
NL,h1592,0.4310449118345231,scr2002,avaStIn,bevFrtRoadLight
NL,h1593,0.43651906754470926,scr2002,avaStIn,bevFrtRoadLight
NL,h1594,0.42784196327677315,scr2002,avaStIn,bevFrtRoadLight
NL,h1595,0.40165285769436365,scr2002,avaStIn,bevFrtRoadLight
NL,h1596,0.3554492048303812,scr2002,avaStIn,bevFrtRoadLight
NL,h1597,0.30743387757687923,scr2002,avaStIn,bevFrtRoadLight
NL,h1598,0.278936309503648,scr2002,avaStIn,bevFrtRoadLight
NL,h1599,0.28525649117608465,scr2002,avaStIn,bevFrtRoadLight
NL,h1600,0.33100477113297455,scr2002,avaStIn,bevFrtRoadLight
NL,h1601,0.3951643597987161,scr2002,avaStIn,bevFrtRoadLight
NL,h1602,0.46644985491696445,scr2002,avaStIn,bevFrtRoadLight
NL,h1603,0.5302489042156142,scr2002,avaStIn,bevFrtRoadLight
NL,h1604,0.5770673902258092,scr2002,avaStIn,bevFrtRoadLight
NL,h1605,0.5986769755958498,scr2002,avaStIn,bevFrtRoadLight
NL,h1606,0.6016883948095747,scr2002,avaStIn,bevFrtRoadLight
NL,h1607,0.5924055260109063,scr2002,avaStIn,bevFrtRoadLight
NL,h1608,0.5774847836798132,scr2002,avaStIn,bevFrtRoadLight
NL,h1609,0.5399833096273894,scr2002,avaStIn,bevFrtRoadLight
NL,h1610,0.5020113380135911,scr2002,avaStIn,bevFrtRoadLight
NL,h1611,0.4635722307063156,scr2002,avaStIn,bevFrtRoadLight
NL,h1612,0.4380348659574729,scr2002,avaStIn,bevFrtRoadLight
NL,h1613,0.40762124803256283,scr2002,avaStIn,bevFrtRoadLight
NL,h1614,0.37888830724468336,scr2002,avaStIn,bevFrtRoadLight
NL,h1615,0.36958381422293585,scr2002,avaStIn,bevFrtRoadLight
NL,h1616,0.37840208488783933,scr2002,avaStIn,bevFrtRoadLight
NL,h1617,0.40312593459237533,scr2002,avaStIn,bevFrtRoadLight
NL,h1618,0.41362439373824145,scr2002,avaStIn,bevFrtRoadLight
NL,h1619,0.4028461315685412,scr2002,avaStIn,bevFrtRoadLight
NL,h1620,0.3603437041144123,scr2002,avaStIn,bevFrtRoadLight
NL,h1621,0.300735364069155,scr2002,avaStIn,bevFrtRoadLight
NL,h1622,0.24177370465061954,scr2002,avaStIn,bevFrtRoadLight
NL,h1623,0.21970614560615676,scr2002,avaStIn,bevFrtRoadLight
NL,h1624,0.25508395733229006,scr2002,avaStIn,bevFrtRoadLight
NL,h1625,0.34767139096765254,scr2002,avaStIn,bevFrtRoadLight
NL,h1626,0.45228041046836875,scr2002,avaStIn,bevFrtRoadLight
NL,h1627,0.5341134302691986,scr2002,avaStIn,bevFrtRoadLight
NL,h1628,0.5851656457268322,scr2002,avaStIn,bevFrtRoadLight
NL,h1629,0.6079565962864942,scr2002,avaStIn,bevFrtRoadLight
NL,h1630,0.6088378322847627,scr2002,avaStIn,bevFrtRoadLight
NL,h1631,0.5862547005889717,scr2002,avaStIn,bevFrtRoadLight
NL,h1632,0.5503272305028044,scr2002,avaStIn,bevFrtRoadLight
NL,h1633,0.5157882800473498,scr2002,avaStIn,bevFrtRoadLight
NL,h1634,0.4876212160339364,scr2002,avaStIn,bevFrtRoadLight
NL,h1635,0.4635722307063156,scr2002,avaStIn,bevFrtRoadLight
NL,h1636,0.4380348659574729,scr2002,avaStIn,bevFrtRoadLight
NL,h1637,0.40762124803256283,scr2002,avaStIn,bevFrtRoadLight
NL,h1638,0.37888830724468336,scr2002,avaStIn,bevFrtRoadLight
NL,h1639,0.36958381422293585,scr2002,avaStIn,bevFrtRoadLight
NL,h1640,0.37840208488783933,scr2002,avaStIn,bevFrtRoadLight
NL,h1641,0.40312593459237533,scr2002,avaStIn,bevFrtRoadLight
NL,h1642,0.41362439373824145,scr2002,avaStIn,bevFrtRoadLight
NL,h1643,0.4028461315685412,scr2002,avaStIn,bevFrtRoadLight
NL,h1644,0.3603437041144123,scr2002,avaStIn,bevFrtRoadLight
NL,h1645,0.300735364069155,scr2002,avaStIn,bevFrtRoadLight
NL,h1646,0.24177370465061954,scr2002,avaStIn,bevFrtRoadLight
NL,h1647,0.21970614560615676,scr2002,avaStIn,bevFrtRoadLight
NL,h1648,0.25508395733229006,scr2002,avaStIn,bevFrtRoadLight
NL,h1649,0.34767139096765254,scr2002,avaStIn,bevFrtRoadLight
NL,h1650,0.45228041046836875,scr2002,avaStIn,bevFrtRoadLight
NL,h1651,0.5341134302691986,scr2002,avaStIn,bevFrtRoadLight
NL,h1652,0.5851656457268322,scr2002,avaStIn,bevFrtRoadLight
NL,h1653,0.6079565962864942,scr2002,avaStIn,bevFrtRoadLight
NL,h1654,0.6088378322847627,scr2002,avaStIn,bevFrtRoadLight
NL,h1655,0.5862547005889717,scr2002,avaStIn,bevFrtRoadLight
NL,h1656,0.5503272305028044,scr2002,avaStIn,bevFrtRoadLight
NL,h1657,0.5277989482493217,scr2002,avaStIn,bevFrtRoadLight
NL,h1658,0.5107010378978177,scr2002,avaStIn,bevFrtRoadLight
NL,h1659,0.5002557267591349,scr2002,avaStIn,bevFrtRoadLight
NL,h1660,0.4779833592811431,scr2002,avaStIn,bevFrtRoadLight
NL,h1661,0.45518876455881485,scr2002,avaStIn,bevFrtRoadLight
NL,h1662,0.43596244051473665,scr2002,avaStIn,bevFrtRoadLight
NL,h1663,0.4287672948543091,scr2002,avaStIn,bevFrtRoadLight
NL,h1664,0.4310449118345231,scr2002,avaStIn,bevFrtRoadLight
NL,h1665,0.43651906754470926,scr2002,avaStIn,bevFrtRoadLight
NL,h1666,0.42784196327677315,scr2002,avaStIn,bevFrtRoadLight
NL,h1667,0.40165285769436365,scr2002,avaStIn,bevFrtRoadLight
NL,h1668,0.3554492048303812,scr2002,avaStIn,bevFrtRoadLight
NL,h1669,0.30743387757687923,scr2002,avaStIn,bevFrtRoadLight
NL,h1670,0.278936309503648,scr2002,avaStIn,bevFrtRoadLight
NL,h1671,0.28525649117608465,scr2002,avaStIn,bevFrtRoadLight
NL,h1672,0.33100477113297455,scr2002,avaStIn,bevFrtRoadLight
NL,h1673,0.3951643597987161,scr2002,avaStIn,bevFrtRoadLight
NL,h1674,0.46644985491696445,scr2002,avaStIn,bevFrtRoadLight
NL,h1675,0.5302489042156142,scr2002,avaStIn,bevFrtRoadLight
NL,h1676,0.5770673902258092,scr2002,avaStIn,bevFrtRoadLight
NL,h1677,0.5986769755958498,scr2002,avaStIn,bevFrtRoadLight
NL,h1678,0.6016883948095747,scr2002,avaStIn,bevFrtRoadLight
NL,h1679,0.5924055260109063,scr2002,avaStIn,bevFrtRoadLight
NL,h1680,0.5774847836798132,scr2002,avaStIn,bevFrtRoadLight
NL,h1681,0.5517773619954187,scr2002,avaStIn,bevFrtRoadLight
NL,h1682,0.5248358437172166,scr2002,avaStIn,bevFrtRoadLight
NL,h1683,0.5002557267591349,scr2002,avaStIn,bevFrtRoadLight
NL,h1684,0.4779833592811431,scr2002,avaStIn,bevFrtRoadLight
NL,h1685,0.45518876455881485,scr2002,avaStIn,bevFrtRoadLight
NL,h1686,0.43596244051473665,scr2002,avaStIn,bevFrtRoadLight
NL,h1687,0.4287672948543091,scr2002,avaStIn,bevFrtRoadLight
NL,h1688,0.4310449118345231,scr2002,avaStIn,bevFrtRoadLight
NL,h1689,0.43651906754470926,scr2002,avaStIn,bevFrtRoadLight
NL,h1690,0.42784196327677315,scr2002,avaStIn,bevFrtRoadLight
NL,h1691,0.40165285769436365,scr2002,avaStIn,bevFrtRoadLight
NL,h1692,0.3554492048303812,scr2002,avaStIn,bevFrtRoadLight
NL,h1693,0.30743387757687923,scr2002,avaStIn,bevFrtRoadLight
NL,h1694,0.278936309503648,scr2002,avaStIn,bevFrtRoadLight
NL,h1695,0.28525649117608465,scr2002,avaStIn,bevFrtRoadLight
NL,h1696,0.33100477113297455,scr2002,avaStIn,bevFrtRoadLight
NL,h1697,0.3951643597987161,scr2002,avaStIn,bevFrtRoadLight
NL,h1698,0.46644985491696445,scr2002,avaStIn,bevFrtRoadLight
NL,h1699,0.5302489042156142,scr2002,avaStIn,bevFrtRoadLight
NL,h1700,0.5770673902258092,scr2002,avaStIn,bevFrtRoadLight
NL,h1701,0.5986769755958498,scr2002,avaStIn,bevFrtRoadLight
NL,h1702,0.6016883948095747,scr2002,avaStIn,bevFrtRoadLight
NL,h1703,0.5924055260109063,scr2002,avaStIn,bevFrtRoadLight
NL,h1704,0.5774847836798132,scr2002,avaStIn,bevFrtRoadLight
NL,h1705,0.509038057831711,scr2002,avaStIn,bevFrtRoadLight
NL,h1706,0.45316073221470254,scr2002,avaStIn,bevFrtRoadLight
NL,h1707,0.4106293035759673,scr2002,avaStIn,bevFrtRoadLight
NL,h1708,0.4302562346105031,scr2002,avaStIn,bevFrtRoadLight
NL,h1709,0.4411964644145132,scr2002,avaStIn,bevFrtRoadLight
NL,h1710,0.45751109901302867,scr2002,avaStIn,bevFrtRoadLight
NL,h1711,0.48871757217710954,scr2002,avaStIn,bevFrtRoadLight
NL,h1712,0.5314509691002262,scr2002,avaStIn,bevFrtRoadLight
NL,h1713,0.5711878747561929,scr2002,avaStIn,bevFrtRoadLight
NL,h1714,0.5980939691710526,scr2002,avaStIn,bevFrtRoadLight
NL,h1715,0.608394034195855,scr2002,avaStIn,bevFrtRoadLight
NL,h1716,0.6010568773540479,scr2002,avaStIn,bevFrtRoadLight
NL,h1717,0.5764247164288175,scr2002,avaStIn,bevFrtRoadLight
NL,h1718,0.5401459054358786,scr2002,avaStIn,bevFrtRoadLight
NL,h1719,0.4982672792884357,scr2002,avaStIn,bevFrtRoadLight
NL,h1720,0.4574139907405833,scr2002,avaStIn,bevFrtRoadLight
NL,h1721,0.42470386872332366,scr2002,avaStIn,bevFrtRoadLight
NL,h1722,0.4070105681582177,scr2002,avaStIn,bevFrtRoadLight
NL,h1723,0.3993554704479094,scr2002,avaStIn,bevFrtRoadLight
NL,h1724,0.3942528360151184,scr2002,avaStIn,bevFrtRoadLight
NL,h1725,0.3809841238928826,scr2002,avaStIn,bevFrtRoadLight
NL,h1726,0.3497784944040866,scr2002,avaStIn,bevFrtRoadLight
NL,h1727,0.3123069662403203,scr2002,avaStIn,bevFrtRoadLight
NL,h1728,0.2821792829284123,scr2002,avaStIn,bevFrtRoadLight
NL,h1729,0.3106843918239848,scr2002,avaStIn,bevFrtRoadLight
NL,h1730,0.35866299968064763,scr2002,avaStIn,bevFrtRoadLight
NL,h1731,0.4106293035759673,scr2002,avaStIn,bevFrtRoadLight
NL,h1732,0.4302562346105031,scr2002,avaStIn,bevFrtRoadLight
NL,h1733,0.4411964644145132,scr2002,avaStIn,bevFrtRoadLight
NL,h1734,0.45751109901302867,scr2002,avaStIn,bevFrtRoadLight
NL,h1735,0.48871757217710954,scr2002,avaStIn,bevFrtRoadLight
NL,h1736,0.5314509691002262,scr2002,avaStIn,bevFrtRoadLight
NL,h1737,0.5711878747561929,scr2002,avaStIn,bevFrtRoadLight
NL,h1738,0.5980939691710526,scr2002,avaStIn,bevFrtRoadLight
NL,h1739,0.608394034195855,scr2002,avaStIn,bevFrtRoadLight
NL,h1740,0.6010568773540479,scr2002,avaStIn,bevFrtRoadLight
NL,h1741,0.5764247164288175,scr2002,avaStIn,bevFrtRoadLight
NL,h1742,0.5401459054358786,scr2002,avaStIn,bevFrtRoadLight
NL,h1743,0.4982672792884357,scr2002,avaStIn,bevFrtRoadLight
NL,h1744,0.4574139907405833,scr2002,avaStIn,bevFrtRoadLight
NL,h1745,0.42470386872332366,scr2002,avaStIn,bevFrtRoadLight
NL,h1746,0.4070105681582177,scr2002,avaStIn,bevFrtRoadLight
NL,h1747,0.3993554704479094,scr2002,avaStIn,bevFrtRoadLight
NL,h1748,0.3942528360151184,scr2002,avaStIn,bevFrtRoadLight
NL,h1749,0.3809841238928826,scr2002,avaStIn,bevFrtRoadLight
NL,h1750,0.3497784944040866,scr2002,avaStIn,bevFrtRoadLight
NL,h1751,0.3123069662403203,scr2002,avaStIn,bevFrtRoadLight
NL,h1752,0.2821792829284123,scr2002,avaStIn,bevFrtRoadLight
NL,h1753,0.3106843918239848,scr2002,avaStIn,bevFrtRoadLight
NL,h1754,0.35866299968064763,scr2002,avaStIn,bevFrtRoadLight
NL,h1755,0.4106293035759673,scr2002,avaStIn,bevFrtRoadLight
NL,h1756,0.4302562346105031,scr2002,avaStIn,bevFrtRoadLight
NL,h1757,0.4411964644145132,scr2002,avaStIn,bevFrtRoadLight
NL,h1758,0.45751109901302867,scr2002,avaStIn,bevFrtRoadLight
NL,h1759,0.48871757217710954,scr2002,avaStIn,bevFrtRoadLight
NL,h1760,0.5314509691002262,scr2002,avaStIn,bevFrtRoadLight
NL,h1761,0.5711878747561929,scr2002,avaStIn,bevFrtRoadLight
NL,h1762,0.5980939691710526,scr2002,avaStIn,bevFrtRoadLight
NL,h1763,0.608394034195855,scr2002,avaStIn,bevFrtRoadLight
NL,h1764,0.6010568773540479,scr2002,avaStIn,bevFrtRoadLight
NL,h1765,0.5764247164288175,scr2002,avaStIn,bevFrtRoadLight
NL,h1766,0.5401459054358786,scr2002,avaStIn,bevFrtRoadLight
NL,h1767,0.4982672792884357,scr2002,avaStIn,bevFrtRoadLight
NL,h1768,0.4574139907405833,scr2002,avaStIn,bevFrtRoadLight
NL,h1769,0.42470386872332366,scr2002,avaStIn,bevFrtRoadLight
NL,h1770,0.4070105681582177,scr2002,avaStIn,bevFrtRoadLight
NL,h1771,0.3993554704479094,scr2002,avaStIn,bevFrtRoadLight
NL,h1772,0.3942528360151184,scr2002,avaStIn,bevFrtRoadLight
NL,h1773,0.3809841238928826,scr2002,avaStIn,bevFrtRoadLight
NL,h1774,0.3497784944040866,scr2002,avaStIn,bevFrtRoadLight
NL,h1775,0.3123069662403203,scr2002,avaStIn,bevFrtRoadLight
NL,h1776,0.2821792829284123,scr2002,avaStIn,bevFrtRoadLight
NL,h1777,0.230095162221032,scr2002,avaStIn,bevFrtRoadLight
NL,h1778,0.2300917975935889,scr2002,avaStIn,bevFrtRoadLight
NL,h1779,0.27148343409663167,scr2002,avaStIn,bevFrtRoadLight
NL,h1780,0.3790725700696759,scr2002,avaStIn,bevFrtRoadLight
NL,h1781,0.4623404992613247,scr2002,avaStIn,bevFrtRoadLight
NL,h1782,0.5259162274800008,scr2002,avaStIn,bevFrtRoadLight
NL,h1783,0.5772992909654577,scr2002,avaStIn,bevFrtRoadLight
NL,h1784,0.6171735770568829,scr2002,avaStIn,bevFrtRoadLight
NL,h1785,0.6409152522621753,scr2002,avaStIn,bevFrtRoadLight
NL,h1786,0.6489166669999998,scr2002,avaStIn,bevFrtRoadLight
NL,h1787,0.6400350534574337,scr2002,avaStIn,bevFrtRoadLight
NL,h1788,0.61588415769173,scr2002,avaStIn,bevFrtRoadLight
NL,h1789,0.5753501172674538,scr2002,avaStIn,bevFrtRoadLight
NL,h1790,0.5273486726990765,scr2002,avaStIn,bevFrtRoadLight
NL,h1791,0.47682400205808595,scr2002,avaStIn,bevFrtRoadLight
NL,h1792,0.4288063768750643,scr2002,avaStIn,bevFrtRoadLight
NL,h1793,0.39374570481652504,scr2002,avaStIn,bevFrtRoadLight
NL,h1794,0.3749031506247579,scr2002,avaStIn,bevFrtRoadLight
NL,h1795,0.37209330121313167,scr2002,avaStIn,bevFrtRoadLight
NL,h1796,0.36873105182903665,scr2002,avaStIn,bevFrtRoadLight
NL,h1797,0.3543630997986469,scr2002,avaStIn,bevFrtRoadLight
NL,h1798,0.3154781828948128,scr2002,avaStIn,bevFrtRoadLight
NL,h1799,0.27112993299959987,scr2002,avaStIn,bevFrtRoadLight
NL,h1800,0.2381911639591776,scr2002,avaStIn,bevFrtRoadLight
NL,h1801,0.20075744833264675,scr2002,avaStIn,bevFrtRoadLight
NL,h1802,0.21575624655576675,scr2002,avaStIn,bevFrtRoadLight
NL,h1803,0.27148343409663167,scr2002,avaStIn,bevFrtRoadLight
NL,h1804,0.3790725700696759,scr2002,avaStIn,bevFrtRoadLight
NL,h1805,0.4623404992613247,scr2002,avaStIn,bevFrtRoadLight
NL,h1806,0.5259162274800008,scr2002,avaStIn,bevFrtRoadLight
NL,h1807,0.5772992909654577,scr2002,avaStIn,bevFrtRoadLight
NL,h1808,0.6171735770568829,scr2002,avaStIn,bevFrtRoadLight
NL,h1809,0.6409152522621753,scr2002,avaStIn,bevFrtRoadLight
NL,h1810,0.6489166669999998,scr2002,avaStIn,bevFrtRoadLight
NL,h1811,0.6400350534574337,scr2002,avaStIn,bevFrtRoadLight
NL,h1812,0.61588415769173,scr2002,avaStIn,bevFrtRoadLight
NL,h1813,0.5753501172674538,scr2002,avaStIn,bevFrtRoadLight
NL,h1814,0.5273486726990765,scr2002,avaStIn,bevFrtRoadLight
NL,h1815,0.47682400205808595,scr2002,avaStIn,bevFrtRoadLight
NL,h1816,0.4288063768750643,scr2002,avaStIn,bevFrtRoadLight
NL,h1817,0.39374570481652504,scr2002,avaStIn,bevFrtRoadLight
NL,h1818,0.3749031506247579,scr2002,avaStIn,bevFrtRoadLight
NL,h1819,0.37209330121313167,scr2002,avaStIn,bevFrtRoadLight
NL,h1820,0.36873105182903665,scr2002,avaStIn,bevFrtRoadLight
NL,h1821,0.3543630997986469,scr2002,avaStIn,bevFrtRoadLight
NL,h1822,0.3154781828948128,scr2002,avaStIn,bevFrtRoadLight
NL,h1823,0.27112993299959987,scr2002,avaStIn,bevFrtRoadLight
NL,h1824,0.2381911639591776,scr2002,avaStIn,bevFrtRoadLight
NL,h1825,0.28388199759953203,scr2002,avaStIn,bevFrtRoadLight
NL,h1826,0.34615260530650627,scr2002,avaStIn,bevFrtRoadLight
NL,h1827,0.4106293035759673,scr2002,avaStIn,bevFrtRoadLight
NL,h1828,0.4302562346105031,scr2002,avaStIn,bevFrtRoadLight
NL,h1829,0.4411964644145132,scr2002,avaStIn,bevFrtRoadLight
NL,h1830,0.45751109901302867,scr2002,avaStIn,bevFrtRoadLight
NL,h1831,0.48871757217710954,scr2002,avaStIn,bevFrtRoadLight
NL,h1832,0.5314509691002262,scr2002,avaStIn,bevFrtRoadLight
NL,h1833,0.5711878747561929,scr2002,avaStIn,bevFrtRoadLight
NL,h1834,0.5980939691710526,scr2002,avaStIn,bevFrtRoadLight
NL,h1835,0.608394034195855,scr2002,avaStIn,bevFrtRoadLight
NL,h1836,0.6010568773540479,scr2002,avaStIn,bevFrtRoadLight
NL,h1837,0.5764247164288175,scr2002,avaStIn,bevFrtRoadLight
NL,h1838,0.5401459054358786,scr2002,avaStIn,bevFrtRoadLight
NL,h1839,0.4982672792884357,scr2002,avaStIn,bevFrtRoadLight
NL,h1840,0.4574139907405833,scr2002,avaStIn,bevFrtRoadLight
NL,h1841,0.42470386872332366,scr2002,avaStIn,bevFrtRoadLight
NL,h1842,0.4070105681582177,scr2002,avaStIn,bevFrtRoadLight
NL,h1843,0.3993554704479094,scr2002,avaStIn,bevFrtRoadLight
NL,h1844,0.3942528360151184,scr2002,avaStIn,bevFrtRoadLight
NL,h1845,0.3809841238928826,scr2002,avaStIn,bevFrtRoadLight
NL,h1846,0.3497784944040866,scr2002,avaStIn,bevFrtRoadLight
NL,h1847,0.3123069662403203,scr2002,avaStIn,bevFrtRoadLight
NL,h1848,0.2821792829284123,scr2002,avaStIn,bevFrtRoadLight
NL,h1849,0.3106843918239848,scr2002,avaStIn,bevFrtRoadLight
NL,h1850,0.35866299968064763,scr2002,avaStIn,bevFrtRoadLight
NL,h1851,0.4106293035759673,scr2002,avaStIn,bevFrtRoadLight
NL,h1852,0.4302562346105031,scr2002,avaStIn,bevFrtRoadLight
NL,h1853,0.4411964644145132,scr2002,avaStIn,bevFrtRoadLight
NL,h1854,0.45751109901302867,scr2002,avaStIn,bevFrtRoadLight
NL,h1855,0.48871757217710954,scr2002,avaStIn,bevFrtRoadLight
NL,h1856,0.5314509691002262,scr2002,avaStIn,bevFrtRoadLight
NL,h1857,0.5711878747561929,scr2002,avaStIn,bevFrtRoadLight
NL,h1858,0.5980939691710526,scr2002,avaStIn,bevFrtRoadLight
NL,h1859,0.608394034195855,scr2002,avaStIn,bevFrtRoadLight
NL,h1860,0.6010568773540479,scr2002,avaStIn,bevFrtRoadLight
NL,h1861,0.5764247164288175,scr2002,avaStIn,bevFrtRoadLight
NL,h1862,0.5401459054358786,scr2002,avaStIn,bevFrtRoadLight
NL,h1863,0.4982672792884357,scr2002,avaStIn,bevFrtRoadLight
NL,h1864,0.4574139907405833,scr2002,avaStIn,bevFrtRoadLight
NL,h1865,0.42470386872332366,scr2002,avaStIn,bevFrtRoadLight
NL,h1866,0.4070105681582177,scr2002,avaStIn,bevFrtRoadLight
NL,h1867,0.3993554704479094,scr2002,avaStIn,bevFrtRoadLight
NL,h1868,0.3942528360151184,scr2002,avaStIn,bevFrtRoadLight
NL,h1869,0.3809841238928826,scr2002,avaStIn,bevFrtRoadLight
NL,h1870,0.3497784944040866,scr2002,avaStIn,bevFrtRoadLight
NL,h1871,0.3123069662403203,scr2002,avaStIn,bevFrtRoadLight
NL,h1872,0.2821792829284123,scr2002,avaStIn,bevFrtRoadLight
NL,h1873,0.3106843918239848,scr2002,avaStIn,bevFrtRoadLight
NL,h1874,0.35866299968064763,scr2002,avaStIn,bevFrtRoadLight
NL,h1875,0.4106293035759673,scr2002,avaStIn,bevFrtRoadLight
NL,h1876,0.4302562346105031,scr2002,avaStIn,bevFrtRoadLight
NL,h1877,0.4411964644145132,scr2002,avaStIn,bevFrtRoadLight
NL,h1878,0.45751109901302867,scr2002,avaStIn,bevFrtRoadLight
NL,h1879,0.48871757217710954,scr2002,avaStIn,bevFrtRoadLight
NL,h1880,0.5314509691002262,scr2002,avaStIn,bevFrtRoadLight
NL,h1881,0.5711878747561929,scr2002,avaStIn,bevFrtRoadLight
NL,h1882,0.5980939691710526,scr2002,avaStIn,bevFrtRoadLight
NL,h1883,0.608394034195855,scr2002,avaStIn,bevFrtRoadLight
NL,h1884,0.6010568773540479,scr2002,avaStIn,bevFrtRoadLight
NL,h1885,0.5764247164288175,scr2002,avaStIn,bevFrtRoadLight
NL,h1886,0.5401459054358786,scr2002,avaStIn,bevFrtRoadLight
NL,h1887,0.4982672792884357,scr2002,avaStIn,bevFrtRoadLight
NL,h1888,0.4574139907405833,scr2002,avaStIn,bevFrtRoadLight
NL,h1889,0.42470386872332366,scr2002,avaStIn,bevFrtRoadLight
NL,h1890,0.4070105681582177,scr2002,avaStIn,bevFrtRoadLight
NL,h1891,0.3993554704479094,scr2002,avaStIn,bevFrtRoadLight
NL,h1892,0.3942528360151184,scr2002,avaStIn,bevFrtRoadLight
NL,h1893,0.3809841238928826,scr2002,avaStIn,bevFrtRoadLight
NL,h1894,0.3497784944040866,scr2002,avaStIn,bevFrtRoadLight
NL,h1895,0.3123069662403203,scr2002,avaStIn,bevFrtRoadLight
NL,h1896,0.2821792829284123,scr2002,avaStIn,bevFrtRoadLight
NL,h1897,0.3106843918239848,scr2002,avaStIn,bevFrtRoadLight
NL,h1898,0.35866299968064763,scr2002,avaStIn,bevFrtRoadLight
NL,h1899,0.4106293035759673,scr2002,avaStIn,bevFrtRoadLight
NL,h1900,0.4302562346105031,scr2002,avaStIn,bevFrtRoadLight
NL,h1901,0.4411964644145132,scr2002,avaStIn,bevFrtRoadLight
NL,h1902,0.45751109901302867,scr2002,avaStIn,bevFrtRoadLight
NL,h1903,0.48871757217710954,scr2002,avaStIn,bevFrtRoadLight
NL,h1904,0.5314509691002262,scr2002,avaStIn,bevFrtRoadLight
NL,h1905,0.5711878747561929,scr2002,avaStIn,bevFrtRoadLight
NL,h1906,0.5980939691710526,scr2002,avaStIn,bevFrtRoadLight
NL,h1907,0.608394034195855,scr2002,avaStIn,bevFrtRoadLight
NL,h1908,0.6010568773540479,scr2002,avaStIn,bevFrtRoadLight
NL,h1909,0.5764247164288175,scr2002,avaStIn,bevFrtRoadLight
NL,h1910,0.5401459054358786,scr2002,avaStIn,bevFrtRoadLight
NL,h1911,0.4982672792884357,scr2002,avaStIn,bevFrtRoadLight
NL,h1912,0.4574139907405833,scr2002,avaStIn,bevFrtRoadLight
NL,h1913,0.42470386872332366,scr2002,avaStIn,bevFrtRoadLight
NL,h1914,0.4070105681582177,scr2002,avaStIn,bevFrtRoadLight
NL,h1915,0.3993554704479094,scr2002,avaStIn,bevFrtRoadLight
NL,h1916,0.3942528360151184,scr2002,avaStIn,bevFrtRoadLight
NL,h1917,0.3809841238928826,scr2002,avaStIn,bevFrtRoadLight
NL,h1918,0.3497784944040866,scr2002,avaStIn,bevFrtRoadLight
NL,h1919,0.3123069662403203,scr2002,avaStIn,bevFrtRoadLight
NL,h1920,0.2821792829284123,scr2002,avaStIn,bevFrtRoadLight
NL,h1921,0.3106843918239848,scr2002,avaStIn,bevFrtRoadLight
NL,h1922,0.35866299968064763,scr2002,avaStIn,bevFrtRoadLight
NL,h1923,0.4106293035759673,scr2002,avaStIn,bevFrtRoadLight
NL,h1924,0.4302562346105031,scr2002,avaStIn,bevFrtRoadLight
NL,h1925,0.4411964644145132,scr2002,avaStIn,bevFrtRoadLight
NL,h1926,0.45751109901302867,scr2002,avaStIn,bevFrtRoadLight
NL,h1927,0.48871757217710954,scr2002,avaStIn,bevFrtRoadLight
NL,h1928,0.5314509691002262,scr2002,avaStIn,bevFrtRoadLight
NL,h1929,0.5711878747561929,scr2002,avaStIn,bevFrtRoadLight
NL,h1930,0.5980939691710526,scr2002,avaStIn,bevFrtRoadLight
NL,h1931,0.608394034195855,scr2002,avaStIn,bevFrtRoadLight
NL,h1932,0.6010568773540479,scr2002,avaStIn,bevFrtRoadLight
NL,h1933,0.5764247164288175,scr2002,avaStIn,bevFrtRoadLight
NL,h1934,0.5401459054358786,scr2002,avaStIn,bevFrtRoadLight
NL,h1935,0.4982672792884357,scr2002,avaStIn,bevFrtRoadLight
NL,h1936,0.4574139907405833,scr2002,avaStIn,bevFrtRoadLight
NL,h1937,0.42470386872332366,scr2002,avaStIn,bevFrtRoadLight
NL,h1938,0.4070105681582177,scr2002,avaStIn,bevFrtRoadLight
NL,h1939,0.3993554704479094,scr2002,avaStIn,bevFrtRoadLight
NL,h1940,0.3942528360151184,scr2002,avaStIn,bevFrtRoadLight
NL,h1941,0.3809841238928826,scr2002,avaStIn,bevFrtRoadLight
NL,h1942,0.3497784944040866,scr2002,avaStIn,bevFrtRoadLight
NL,h1943,0.3123069662403203,scr2002,avaStIn,bevFrtRoadLight
NL,h1944,0.2821792829284123,scr2002,avaStIn,bevFrtRoadLight
NL,h1945,0.230095162221032,scr2002,avaStIn,bevFrtRoadLight
NL,h1946,0.2300917975935889,scr2002,avaStIn,bevFrtRoadLight
NL,h1947,0.27148343409663167,scr2002,avaStIn,bevFrtRoadLight
NL,h1948,0.3790725700696759,scr2002,avaStIn,bevFrtRoadLight
NL,h1949,0.4623404992613247,scr2002,avaStIn,bevFrtRoadLight
NL,h1950,0.5259162274800008,scr2002,avaStIn,bevFrtRoadLight
NL,h1951,0.5772992909654577,scr2002,avaStIn,bevFrtRoadLight
NL,h1952,0.6171735770568829,scr2002,avaStIn,bevFrtRoadLight
NL,h1953,0.6409152522621753,scr2002,avaStIn,bevFrtRoadLight
NL,h1954,0.6489166669999998,scr2002,avaStIn,bevFrtRoadLight
NL,h1955,0.6400350534574337,scr2002,avaStIn,bevFrtRoadLight
NL,h1956,0.61588415769173,scr2002,avaStIn,bevFrtRoadLight
NL,h1957,0.5753501172674538,scr2002,avaStIn,bevFrtRoadLight
NL,h1958,0.5273486726990765,scr2002,avaStIn,bevFrtRoadLight
NL,h1959,0.47682400205808595,scr2002,avaStIn,bevFrtRoadLight
NL,h1960,0.4288063768750643,scr2002,avaStIn,bevFrtRoadLight
NL,h1961,0.39374570481652504,scr2002,avaStIn,bevFrtRoadLight
NL,h1962,0.3749031506247579,scr2002,avaStIn,bevFrtRoadLight
NL,h1963,0.37209330121313167,scr2002,avaStIn,bevFrtRoadLight
NL,h1964,0.36873105182903665,scr2002,avaStIn,bevFrtRoadLight
NL,h1965,0.3543630997986469,scr2002,avaStIn,bevFrtRoadLight
NL,h1966,0.3154781828948128,scr2002,avaStIn,bevFrtRoadLight
NL,h1967,0.27112993299959987,scr2002,avaStIn,bevFrtRoadLight
NL,h1968,0.2381911639591776,scr2002,avaStIn,bevFrtRoadLight
NL,h1969,0.20075744833264675,scr2002,avaStIn,bevFrtRoadLight
NL,h1970,0.21575624655576675,scr2002,avaStIn,bevFrtRoadLight
NL,h1971,0.27148343409663167,scr2002,avaStIn,bevFrtRoadLight
NL,h1972,0.3790725700696759,scr2002,avaStIn,bevFrtRoadLight
NL,h1973,0.4623404992613247,scr2002,avaStIn,bevFrtRoadLight
NL,h1974,0.5259162274800008,scr2002,avaStIn,bevFrtRoadLight
NL,h1975,0.5772992909654577,scr2002,avaStIn,bevFrtRoadLight
NL,h1976,0.6171735770568829,scr2002,avaStIn,bevFrtRoadLight
NL,h1977,0.6409152522621753,scr2002,avaStIn,bevFrtRoadLight
NL,h1978,0.6489166669999998,scr2002,avaStIn,bevFrtRoadLight
NL,h1979,0.6400350534574337,scr2002,avaStIn,bevFrtRoadLight
NL,h1980,0.61588415769173,scr2002,avaStIn,bevFrtRoadLight
NL,h1981,0.5753501172674538,scr2002,avaStIn,bevFrtRoadLight
NL,h1982,0.5273486726990765,scr2002,avaStIn,bevFrtRoadLight
NL,h1983,0.47682400205808595,scr2002,avaStIn,bevFrtRoadLight
NL,h1984,0.4288063768750643,scr2002,avaStIn,bevFrtRoadLight
NL,h1985,0.39374570481652504,scr2002,avaStIn,bevFrtRoadLight
NL,h1986,0.3749031506247579,scr2002,avaStIn,bevFrtRoadLight
NL,h1987,0.37209330121313167,scr2002,avaStIn,bevFrtRoadLight
NL,h1988,0.36873105182903665,scr2002,avaStIn,bevFrtRoadLight
NL,h1989,0.3543630997986469,scr2002,avaStIn,bevFrtRoadLight
NL,h1990,0.3154781828948128,scr2002,avaStIn,bevFrtRoadLight
NL,h1991,0.27112993299959987,scr2002,avaStIn,bevFrtRoadLight
NL,h1992,0.2381911639591776,scr2002,avaStIn,bevFrtRoadLight
NL,h1993,0.28388199759953203,scr2002,avaStIn,bevFrtRoadLight
NL,h1994,0.34615260530650627,scr2002,avaStIn,bevFrtRoadLight
NL,h1995,0.4106293035759673,scr2002,avaStIn,bevFrtRoadLight
NL,h1996,0.4302562346105031,scr2002,avaStIn,bevFrtRoadLight
NL,h1997,0.4411964644145132,scr2002,avaStIn,bevFrtRoadLight
NL,h1998,0.45751109901302867,scr2002,avaStIn,bevFrtRoadLight
NL,h1999,0.48871757217710954,scr2002,avaStIn,bevFrtRoadLight
NL,h2000,0.5314509691002262,scr2002,avaStIn,bevFrtRoadLight
NL,h2001,0.5711878747561929,scr2002,avaStIn,bevFrtRoadLight
NL,h2002,0.5980939691710526,scr2002,avaStIn,bevFrtRoadLight
NL,h2003,0.608394034195855,scr2002,avaStIn,bevFrtRoadLight
NL,h2004,0.6010568773540479,scr2002,avaStIn,bevFrtRoadLight
NL,h2005,0.5764247164288175,scr2002,avaStIn,bevFrtRoadLight
NL,h2006,0.5401459054358786,scr2002,avaStIn,bevFrtRoadLight
NL,h2007,0.4982672792884357,scr2002,avaStIn,bevFrtRoadLight
NL,h2008,0.4574139907405833,scr2002,avaStIn,bevFrtRoadLight
NL,h2009,0.42470386872332366,scr2002,avaStIn,bevFrtRoadLight
NL,h2010,0.4070105681582177,scr2002,avaStIn,bevFrtRoadLight
NL,h2011,0.3993554704479094,scr2002,avaStIn,bevFrtRoadLight
NL,h2012,0.3942528360151184,scr2002,avaStIn,bevFrtRoadLight
NL,h2013,0.3809841238928826,scr2002,avaStIn,bevFrtRoadLight
NL,h2014,0.3497784944040866,scr2002,avaStIn,bevFrtRoadLight
NL,h2015,0.3123069662403203,scr2002,avaStIn,bevFrtRoadLight
NL,h2016,0.2821792829284123,scr2002,avaStIn,bevFrtRoadLight
NL,h2017,0.3072840894621327,scr2002,avaStIn,bevFrtRoadLight
NL,h2018,0.33666905394072466,scr2002,avaStIn,bevFrtRoadLight
NL,h2019,0.36655496485550265,scr2002,avaStIn,bevFrtRoadLight
NL,h2020,0.3745731212047183,scr2002,avaStIn,bevFrtRoadLight
NL,h2021,0.4026088526762964,scr2002,avaStIn,bevFrtRoadLight
NL,h2022,0.44640061438376677,scr2002,avaStIn,bevFrtRoadLight
NL,h2023,0.4973037920546317,scr2002,avaStIn,bevFrtRoadLight
NL,h2024,0.5420216950586382,scr2002,avaStIn,bevFrtRoadLight
NL,h2025,0.5736954068525849,scr2002,avaStIn,bevFrtRoadLight
NL,h2026,0.5880342997851788,scr2002,avaStIn,bevFrtRoadLight
NL,h2027,0.5918947845476326,scr2002,avaStIn,bevFrtRoadLight
NL,h2028,0.5837522950091351,scr2002,avaStIn,bevFrtRoadLight
NL,h2029,0.566630011228302,scr2002,avaStIn,bevFrtRoadLight
NL,h2030,0.5326460205473856,scr2002,avaStIn,bevFrtRoadLight
NL,h2031,0.48334141219508586,scr2002,avaStIn,bevFrtRoadLight
NL,h2032,0.4237800531764452,scr2002,avaStIn,bevFrtRoadLight
NL,h2033,0.3668064382544399,scr2002,avaStIn,bevFrtRoadLight
NL,h2034,0.33858624085132816,scr2002,avaStIn,bevFrtRoadLight
NL,h2035,0.33981235579051505,scr2002,avaStIn,bevFrtRoadLight
NL,h2036,0.3644150552627201,scr2002,avaStIn,bevFrtRoadLight
NL,h2037,0.39407002810213865,scr2002,avaStIn,bevFrtRoadLight
NL,h2038,0.4100441996396512,scr2002,avaStIn,bevFrtRoadLight
NL,h2039,0.41244752514225314,scr2002,avaStIn,bevFrtRoadLight
NL,h2040,0.3977671810575979,scr2002,avaStIn,bevFrtRoadLight
NL,h2041,0.3840802424090224,scr2002,avaStIn,bevFrtRoadLight
NL,h2042,0.37136048642151265,scr2002,avaStIn,bevFrtRoadLight
NL,h2043,0.36655496485550265,scr2002,avaStIn,bevFrtRoadLight
NL,h2044,0.3745731212047183,scr2002,avaStIn,bevFrtRoadLight
NL,h2045,0.4026088526762964,scr2002,avaStIn,bevFrtRoadLight
NL,h2046,0.44640061438376677,scr2002,avaStIn,bevFrtRoadLight
NL,h2047,0.4973037920546317,scr2002,avaStIn,bevFrtRoadLight
NL,h2048,0.5420216950586382,scr2002,avaStIn,bevFrtRoadLight
NL,h2049,0.5736954068525849,scr2002,avaStIn,bevFrtRoadLight
NL,h2050,0.5880342997851788,scr2002,avaStIn,bevFrtRoadLight
NL,h2051,0.5918947845476326,scr2002,avaStIn,bevFrtRoadLight
NL,h2052,0.5837522950091351,scr2002,avaStIn,bevFrtRoadLight
NL,h2053,0.566630011228302,scr2002,avaStIn,bevFrtRoadLight
NL,h2054,0.5326460205473856,scr2002,avaStIn,bevFrtRoadLight
NL,h2055,0.48334141219508586,scr2002,avaStIn,bevFrtRoadLight
NL,h2056,0.4237800531764452,scr2002,avaStIn,bevFrtRoadLight
NL,h2057,0.3668064382544399,scr2002,avaStIn,bevFrtRoadLight
NL,h2058,0.33858624085132816,scr2002,avaStIn,bevFrtRoadLight
NL,h2059,0.33981235579051505,scr2002,avaStIn,bevFrtRoadLight
NL,h2060,0.3644150552627201,scr2002,avaStIn,bevFrtRoadLight
NL,h2061,0.39407002810213865,scr2002,avaStIn,bevFrtRoadLight
NL,h2062,0.4100441996396512,scr2002,avaStIn,bevFrtRoadLight
NL,h2063,0.41244752514225314,scr2002,avaStIn,bevFrtRoadLight
NL,h2064,0.3977671810575979,scr2002,avaStIn,bevFrtRoadLight
NL,h2065,0.3840802424090224,scr2002,avaStIn,bevFrtRoadLight
NL,h2066,0.37136048642151265,scr2002,avaStIn,bevFrtRoadLight
NL,h2067,0.36655496485550265,scr2002,avaStIn,bevFrtRoadLight
NL,h2068,0.3745731212047183,scr2002,avaStIn,bevFrtRoadLight
NL,h2069,0.4026088526762964,scr2002,avaStIn,bevFrtRoadLight
NL,h2070,0.44640061438376677,scr2002,avaStIn,bevFrtRoadLight
NL,h2071,0.4973037920546317,scr2002,avaStIn,bevFrtRoadLight
NL,h2072,0.5420216950586382,scr2002,avaStIn,bevFrtRoadLight
NL,h2073,0.5736954068525849,scr2002,avaStIn,bevFrtRoadLight
NL,h2074,0.5880342997851788,scr2002,avaStIn,bevFrtRoadLight
NL,h2075,0.5918947845476326,scr2002,avaStIn,bevFrtRoadLight
NL,h2076,0.5837522950091351,scr2002,avaStIn,bevFrtRoadLight
NL,h2077,0.566630011228302,scr2002,avaStIn,bevFrtRoadLight
NL,h2078,0.5326460205473856,scr2002,avaStIn,bevFrtRoadLight
NL,h2079,0.48334141219508586,scr2002,avaStIn,bevFrtRoadLight
NL,h2080,0.4237800531764452,scr2002,avaStIn,bevFrtRoadLight
NL,h2081,0.3668064382544399,scr2002,avaStIn,bevFrtRoadLight
NL,h2082,0.33858624085132816,scr2002,avaStIn,bevFrtRoadLight
NL,h2083,0.33981235579051505,scr2002,avaStIn,bevFrtRoadLight
NL,h2084,0.3644150552627201,scr2002,avaStIn,bevFrtRoadLight
NL,h2085,0.39407002810213865,scr2002,avaStIn,bevFrtRoadLight
NL,h2086,0.4100441996396512,scr2002,avaStIn,bevFrtRoadLight
NL,h2087,0.41244752514225314,scr2002,avaStIn,bevFrtRoadLight
NL,h2088,0.3977671810575979,scr2002,avaStIn,bevFrtRoadLight
NL,h2089,0.3840802424090224,scr2002,avaStIn,bevFrtRoadLight
NL,h2090,0.37136048642151265,scr2002,avaStIn,bevFrtRoadLight
NL,h2091,0.36655496485550265,scr2002,avaStIn,bevFrtRoadLight
NL,h2092,0.3745731212047183,scr2002,avaStIn,bevFrtRoadLight
NL,h2093,0.4026088526762964,scr2002,avaStIn,bevFrtRoadLight
NL,h2094,0.44640061438376677,scr2002,avaStIn,bevFrtRoadLight
NL,h2095,0.4973037920546317,scr2002,avaStIn,bevFrtRoadLight
NL,h2096,0.5420216950586382,scr2002,avaStIn,bevFrtRoadLight
NL,h2097,0.5736954068525849,scr2002,avaStIn,bevFrtRoadLight
NL,h2098,0.5880342997851788,scr2002,avaStIn,bevFrtRoadLight
NL,h2099,0.5918947845476326,scr2002,avaStIn,bevFrtRoadLight
NL,h2100,0.5837522950091351,scr2002,avaStIn,bevFrtRoadLight
NL,h2101,0.566630011228302,scr2002,avaStIn,bevFrtRoadLight
NL,h2102,0.5326460205473856,scr2002,avaStIn,bevFrtRoadLight
NL,h2103,0.48334141219508586,scr2002,avaStIn,bevFrtRoadLight
NL,h2104,0.4237800531764452,scr2002,avaStIn,bevFrtRoadLight
NL,h2105,0.3668064382544399,scr2002,avaStIn,bevFrtRoadLight
NL,h2106,0.33858624085132816,scr2002,avaStIn,bevFrtRoadLight
NL,h2107,0.33981235579051505,scr2002,avaStIn,bevFrtRoadLight
NL,h2108,0.3644150552627201,scr2002,avaStIn,bevFrtRoadLight
NL,h2109,0.39407002810213865,scr2002,avaStIn,bevFrtRoadLight
NL,h2110,0.4100441996396512,scr2002,avaStIn,bevFrtRoadLight
NL,h2111,0.41244752514225314,scr2002,avaStIn,bevFrtRoadLight
NL,h2112,0.3977671810575979,scr2002,avaStIn,bevFrtRoadLight
NL,h2113,0.4215422859318668,scr2002,avaStIn,bevFrtRoadLight
NL,h2114,0.44561523253946533,scr2002,avaStIn,bevFrtRoadLight
NL,h2115,0.46890884939949806,scr2002,avaStIn,bevFrtRoadLight
NL,h2116,0.4606801828577375,scr2002,avaStIn,bevFrtRoadLight
NL,h2117,0.4598809008191356,scr2002,avaStIn,bevFrtRoadLight
NL,h2118,0.47373682010553864,scr2002,avaStIn,bevFrtRoadLight
NL,h2119,0.49837466067849223,scr2002,avaStIn,bevFrtRoadLight
NL,h2120,0.5249322712656334,scr2002,avaStIn,bevFrtRoadLight
NL,h2121,0.5295524702973696,scr2002,avaStIn,bevFrtRoadLight
NL,h2122,0.5237384833973733,scr2002,avaStIn,bevFrtRoadLight
NL,h2123,0.517462220076728,scr2002,avaStIn,bevFrtRoadLight
NL,h2124,0.5202231448594441,scr2002,avaStIn,bevFrtRoadLight
NL,h2125,0.5168074572603817,scr2002,avaStIn,bevFrtRoadLight
NL,h2126,0.4881087918461403,scr2002,avaStIn,bevFrtRoadLight
NL,h2127,0.4401501060096197,scr2002,avaStIn,bevFrtRoadLight
NL,h2128,0.3751810028677981,scr2002,avaStIn,bevFrtRoadLight
NL,h2129,0.3184738733356699,scr2002,avaStIn,bevFrtRoadLight
NL,h2130,0.2885496316681868,scr2002,avaStIn,bevFrtRoadLight
NL,h2131,0.2950430145218158,scr2002,avaStIn,bevFrtRoadLight
NL,h2132,0.3362350273761402,scr2002,avaStIn,bevFrtRoadLight
NL,h2133,0.3905257678468871,scr2002,avaStIn,bevFrtRoadLight
NL,h2134,0.4405757953478313,scr2002,avaStIn,bevFrtRoadLight
NL,h2135,0.4738121072088959,scr2002,avaStIn,bevFrtRoadLight
NL,h2136,0.4995552626921461,scr2002,avaStIn,bevFrtRoadLight
NL,h2137,0.5006979269249346,scr2002,avaStIn,bevFrtRoadLight
NL,h2138,0.49234384959123256,scr2002,avaStIn,bevFrtRoadLight
NL,h2139,0.46890884939949806,scr2002,avaStIn,bevFrtRoadLight
NL,h2140,0.4606801828577375,scr2002,avaStIn,bevFrtRoadLight
NL,h2141,0.4598809008191356,scr2002,avaStIn,bevFrtRoadLight
NL,h2142,0.47373682010553864,scr2002,avaStIn,bevFrtRoadLight
NL,h2143,0.49837466067849223,scr2002,avaStIn,bevFrtRoadLight
NL,h2144,0.5249322712656334,scr2002,avaStIn,bevFrtRoadLight
NL,h2145,0.5295524702973696,scr2002,avaStIn,bevFrtRoadLight
NL,h2146,0.5237384833973733,scr2002,avaStIn,bevFrtRoadLight
NL,h2147,0.517462220076728,scr2002,avaStIn,bevFrtRoadLight
NL,h2148,0.5202231448594441,scr2002,avaStIn,bevFrtRoadLight
NL,h2149,0.5168074572603817,scr2002,avaStIn,bevFrtRoadLight
NL,h2150,0.4881087918461403,scr2002,avaStIn,bevFrtRoadLight
NL,h2151,0.4401501060096197,scr2002,avaStIn,bevFrtRoadLight
NL,h2152,0.3751810028677981,scr2002,avaStIn,bevFrtRoadLight
NL,h2153,0.3184738733356699,scr2002,avaStIn,bevFrtRoadLight
NL,h2154,0.2885496316681868,scr2002,avaStIn,bevFrtRoadLight
NL,h2155,0.2950430145218158,scr2002,avaStIn,bevFrtRoadLight
NL,h2156,0.3362350273761402,scr2002,avaStIn,bevFrtRoadLight
NL,h2157,0.3905257678468871,scr2002,avaStIn,bevFrtRoadLight
NL,h2158,0.4405757953478313,scr2002,avaStIn,bevFrtRoadLight
NL,h2159,0.4738121072088959,scr2002,avaStIn,bevFrtRoadLight
NL,h2160,0.4995552626921461,scr2002,avaStIn,bevFrtRoadLight
IE,h1441,0.3714353995574986,scr2002,avaStIn,bevFrtRoadLight
IE,h1442,0.3846086524108919,scr2002,avaStIn,bevFrtRoadLight
IE,h1443,0.42374952391826404,scr2002,avaStIn,bevFrtRoadLight
IE,h1444,0.4709102315761218,scr2002,avaStIn,bevFrtRoadLight
IE,h1445,0.5000591446961408,scr2002,avaStIn,bevFrtRoadLight
IE,h1446,0.495233345157142,scr2002,avaStIn,bevFrtRoadLight
IE,h1447,0.5008043596015219,scr2002,avaStIn,bevFrtRoadLight
IE,h1448,0.5021789974738545,scr2002,avaStIn,bevFrtRoadLight
IE,h1449,0.5231874460949842,scr2002,avaStIn,bevFrtRoadLight
IE,h1450,0.5308529822226913,scr2002,avaStIn,bevFrtRoadLight
IE,h1451,0.536356959269228,scr2002,avaStIn,bevFrtRoadLight
IE,h1452,0.5373881561276749,scr2002,avaStIn,bevFrtRoadLight
IE,h1453,0.5288075990651915,scr2002,avaStIn,bevFrtRoadLight
IE,h1454,0.5095709286669997,scr2002,avaStIn,bevFrtRoadLight
IE,h1455,0.473753550931062,scr2002,avaStIn,bevFrtRoadLight
IE,h1456,0.4304466538396563,scr2002,avaStIn,bevFrtRoadLight
IE,h1457,0.3826879992214788,scr2002,avaStIn,bevFrtRoadLight
IE,h1458,0.35009603390058996,scr2002,avaStIn,bevFrtRoadLight
IE,h1459,0.3349394292024723,scr2002,avaStIn,bevFrtRoadLight
IE,h1460,0.34869160218954365,scr2002,avaStIn,bevFrtRoadLight
IE,h1461,0.36780057797615695,scr2002,avaStIn,bevFrtRoadLight
IE,h1462,0.38682791024436847,scr2002,avaStIn,bevFrtRoadLight
IE,h1463,0.3912979680884232,scr2002,avaStIn,bevFrtRoadLight
IE,h1464,0.3985938980480803,scr2002,avaStIn,bevFrtRoadLight
IE,h1465,0.38540755881640665,scr2002,avaStIn,bevFrtRoadLight
IE,h1466,0.39834418280524153,scr2002,avaStIn,bevFrtRoadLight
IE,h1467,0.42374952391826404,scr2002,avaStIn,bevFrtRoadLight
IE,h1468,0.4709102315761218,scr2002,avaStIn,bevFrtRoadLight
IE,h1469,0.5000591446961408,scr2002,avaStIn,bevFrtRoadLight
IE,h1470,0.495233345157142,scr2002,avaStIn,bevFrtRoadLight
IE,h1471,0.5008043596015219,scr2002,avaStIn,bevFrtRoadLight
IE,h1472,0.5021789974738545,scr2002,avaStIn,bevFrtRoadLight
IE,h1473,0.5231874460949842,scr2002,avaStIn,bevFrtRoadLight
IE,h1474,0.5308529822226913,scr2002,avaStIn,bevFrtRoadLight
IE,h1475,0.536356959269228,scr2002,avaStIn,bevFrtRoadLight
IE,h1476,0.5373881561276749,scr2002,avaStIn,bevFrtRoadLight
IE,h1477,0.5288075990651915,scr2002,avaStIn,bevFrtRoadLight
IE,h1478,0.5095709286669997,scr2002,avaStIn,bevFrtRoadLight
IE,h1479,0.473753550931062,scr2002,avaStIn,bevFrtRoadLight
IE,h1480,0.4304466538396563,scr2002,avaStIn,bevFrtRoadLight
IE,h1481,0.3826879992214788,scr2002,avaStIn,bevFrtRoadLight
IE,h1482,0.35009603390058996,scr2002,avaStIn,bevFrtRoadLight
IE,h1483,0.3349394292024723,scr2002,avaStIn,bevFrtRoadLight
IE,h1484,0.34869160218954365,scr2002,avaStIn,bevFrtRoadLight
IE,h1485,0.36780057797615695,scr2002,avaStIn,bevFrtRoadLight
IE,h1486,0.38682791024436847,scr2002,avaStIn,bevFrtRoadLight
IE,h1487,0.3912979680884232,scr2002,avaStIn,bevFrtRoadLight
IE,h1488,0.3985938980480803,scr2002,avaStIn,bevFrtRoadLight
IE,h1489,0.4174388969205469,scr2002,avaStIn,bevFrtRoadLight
IE,h1490,0.4439543832070485,scr2002,avaStIn,bevFrtRoadLight
IE,h1491,0.464238846132911,scr2002,avaStIn,bevFrtRoadLight
IE,h1492,0.4692993118565085,scr2002,avaStIn,bevFrtRoadLight
IE,h1493,0.4647572130501477,scr2002,avaStIn,bevFrtRoadLight
IE,h1494,0.4606421333392813,scr2002,avaStIn,bevFrtRoadLight
IE,h1495,0.4606294501381404,scr2002,avaStIn,bevFrtRoadLight
IE,h1496,0.4771202000278558,scr2002,avaStIn,bevFrtRoadLight
IE,h1497,0.4942956004519071,scr2002,avaStIn,bevFrtRoadLight
IE,h1498,0.5099123823053463,scr2002,avaStIn,bevFrtRoadLight
IE,h1499,0.5161038254350148,scr2002,avaStIn,bevFrtRoadLight
IE,h1500,0.5219276355822776,scr2002,avaStIn,bevFrtRoadLight
IE,h1501,0.5234247828552905,scr2002,avaStIn,bevFrtRoadLight
IE,h1502,0.515666896351518,scr2002,avaStIn,bevFrtRoadLight
IE,h1503,0.4904757420921084,scr2002,avaStIn,bevFrtRoadLight
IE,h1504,0.4511048686615209,scr2002,avaStIn,bevFrtRoadLight
IE,h1505,0.401719554609377,scr2002,avaStIn,bevFrtRoadLight
IE,h1506,0.362910361244157,scr2002,avaStIn,bevFrtRoadLight
IE,h1507,0.3472619056461236,scr2002,avaStIn,bevFrtRoadLight
IE,h1508,0.35727079588328314,scr2002,avaStIn,bevFrtRoadLight
IE,h1509,0.378468834507535,scr2002,avaStIn,bevFrtRoadLight
IE,h1510,0.39319028121074384,scr2002,avaStIn,bevFrtRoadLight
IE,h1511,0.3959422870730802,scr2002,avaStIn,bevFrtRoadLight
IE,h1512,0.3854887711962275,scr2002,avaStIn,bevFrtRoadLight
IE,h1513,0.42769853598926943,scr2002,avaStIn,bevFrtRoadLight
IE,h1514,0.46444116177482064,scr2002,avaStIn,bevFrtRoadLight
IE,h1515,0.5002557267591349,scr2002,avaStIn,bevFrtRoadLight
IE,h1516,0.4779833592811431,scr2002,avaStIn,bevFrtRoadLight
IE,h1517,0.45518876455881485,scr2002,avaStIn,bevFrtRoadLight
IE,h1518,0.43596244051473665,scr2002,avaStIn,bevFrtRoadLight
IE,h1519,0.4287672948543091,scr2002,avaStIn,bevFrtRoadLight
IE,h1520,0.4310449118345231,scr2002,avaStIn,bevFrtRoadLight
IE,h1521,0.43651906754470926,scr2002,avaStIn,bevFrtRoadLight
IE,h1522,0.42784196327677315,scr2002,avaStIn,bevFrtRoadLight
IE,h1523,0.40165285769436365,scr2002,avaStIn,bevFrtRoadLight
IE,h1524,0.3554492048303812,scr2002,avaStIn,bevFrtRoadLight
IE,h1525,0.30743387757687923,scr2002,avaStIn,bevFrtRoadLight
IE,h1526,0.278936309503648,scr2002,avaStIn,bevFrtRoadLight
IE,h1527,0.28525649117608465,scr2002,avaStIn,bevFrtRoadLight
IE,h1528,0.33100477113297455,scr2002,avaStIn,bevFrtRoadLight
IE,h1529,0.3951643597987161,scr2002,avaStIn,bevFrtRoadLight
IE,h1530,0.46644985491696445,scr2002,avaStIn,bevFrtRoadLight
IE,h1531,0.5302489042156142,scr2002,avaStIn,bevFrtRoadLight
IE,h1532,0.5770673902258092,scr2002,avaStIn,bevFrtRoadLight
IE,h1533,0.5986769755958498,scr2002,avaStIn,bevFrtRoadLight
IE,h1534,0.6016883948095747,scr2002,avaStIn,bevFrtRoadLight
IE,h1535,0.5924055260109063,scr2002,avaStIn,bevFrtRoadLight
IE,h1536,0.5774847836798132,scr2002,avaStIn,bevFrtRoadLight
IE,h1537,0.5517773619954187,scr2002,avaStIn,bevFrtRoadLight
IE,h1538,0.5248358437172166,scr2002,avaStIn,bevFrtRoadLight
IE,h1539,0.5002557267591349,scr2002,avaStIn,bevFrtRoadLight
IE,h1540,0.4779833592811431,scr2002,avaStIn,bevFrtRoadLight
IE,h1541,0.45518876455881485,scr2002,avaStIn,bevFrtRoadLight
IE,h1542,0.43596244051473665,scr2002,avaStIn,bevFrtRoadLight
IE,h1543,0.4287672948543091,scr2002,avaStIn,bevFrtRoadLight
IE,h1544,0.4310449118345231,scr2002,avaStIn,bevFrtRoadLight
IE,h1545,0.43651906754470926,scr2002,avaStIn,bevFrtRoadLight
IE,h1546,0.42784196327677315,scr2002,avaStIn,bevFrtRoadLight
IE,h1547,0.40165285769436365,scr2002,avaStIn,bevFrtRoadLight
IE,h1548,0.3554492048303812,scr2002,avaStIn,bevFrtRoadLight
IE,h1549,0.30743387757687923,scr2002,avaStIn,bevFrtRoadLight
IE,h1550,0.278936309503648,scr2002,avaStIn,bevFrtRoadLight
IE,h1551,0.28525649117608465,scr2002,avaStIn,bevFrtRoadLight
IE,h1552,0.33100477113297455,scr2002,avaStIn,bevFrtRoadLight
IE,h1553,0.3951643597987161,scr2002,avaStIn,bevFrtRoadLight
IE,h1554,0.46644985491696445,scr2002,avaStIn,bevFrtRoadLight
IE,h1555,0.5302489042156142,scr2002,avaStIn,bevFrtRoadLight
IE,h1556,0.5770673902258092,scr2002,avaStIn,bevFrtRoadLight
IE,h1557,0.5986769755958498,scr2002,avaStIn,bevFrtRoadLight
IE,h1558,0.6016883948095747,scr2002,avaStIn,bevFrtRoadLight
IE,h1559,0.5924055260109063,scr2002,avaStIn,bevFrtRoadLight
IE,h1560,0.5774847836798132,scr2002,avaStIn,bevFrtRoadLight
IE,h1561,0.5517773619954187,scr2002,avaStIn,bevFrtRoadLight
IE,h1562,0.5248358437172166,scr2002,avaStIn,bevFrtRoadLight
IE,h1563,0.5002557267591349,scr2002,avaStIn,bevFrtRoadLight
IE,h1564,0.4779833592811431,scr2002,avaStIn,bevFrtRoadLight
IE,h1565,0.45518876455881485,scr2002,avaStIn,bevFrtRoadLight
IE,h1566,0.43596244051473665,scr2002,avaStIn,bevFrtRoadLight
IE,h1567,0.4287672948543091,scr2002,avaStIn,bevFrtRoadLight
IE,h1568,0.4310449118345231,scr2002,avaStIn,bevFrtRoadLight
IE,h1569,0.43651906754470926,scr2002,avaStIn,bevFrtRoadLight
IE,h1570,0.42784196327677315,scr2002,avaStIn,bevFrtRoadLight
IE,h1571,0.40165285769436365,scr2002,avaStIn,bevFrtRoadLight
IE,h1572,0.3554492048303812,scr2002,avaStIn,bevFrtRoadLight
IE,h1573,0.30743387757687923,scr2002,avaStIn,bevFrtRoadLight
IE,h1574,0.278936309503648,scr2002,avaStIn,bevFrtRoadLight
IE,h1575,0.28525649117608465,scr2002,avaStIn,bevFrtRoadLight
IE,h1576,0.33100477113297455,scr2002,avaStIn,bevFrtRoadLight
IE,h1577,0.3951643597987161,scr2002,avaStIn,bevFrtRoadLight
IE,h1578,0.46644985491696445,scr2002,avaStIn,bevFrtRoadLight
IE,h1579,0.5302489042156142,scr2002,avaStIn,bevFrtRoadLight
IE,h1580,0.5770673902258092,scr2002,avaStIn,bevFrtRoadLight
IE,h1581,0.5986769755958498,scr2002,avaStIn,bevFrtRoadLight
IE,h1582,0.6016883948095747,scr2002,avaStIn,bevFrtRoadLight
IE,h1583,0.5924055260109063,scr2002,avaStIn,bevFrtRoadLight
IE,h1584,0.5774847836798132,scr2002,avaStIn,bevFrtRoadLight
IE,h1585,0.5517773619954187,scr2002,avaStIn,bevFrtRoadLight
IE,h1586,0.5248358437172166,scr2002,avaStIn,bevFrtRoadLight
IE,h1587,0.5002557267591349,scr2002,avaStIn,bevFrtRoadLight
IE,h1588,0.4779833592811431,scr2002,avaStIn,bevFrtRoadLight
IE,h1589,0.45518876455881485,scr2002,avaStIn,bevFrtRoadLight
IE,h1590,0.43596244051473665,scr2002,avaStIn,bevFrtRoadLight
IE,h1591,0.4287672948543091,scr2002,avaStIn,bevFrtRoadLight
IE,h1592,0.4310449118345231,scr2002,avaStIn,bevFrtRoadLight
IE,h1593,0.43651906754470926,scr2002,avaStIn,bevFrtRoadLight
IE,h1594,0.42784196327677315,scr2002,avaStIn,bevFrtRoadLight
IE,h1595,0.40165285769436365,scr2002,avaStIn,bevFrtRoadLight
IE,h1596,0.3554492048303812,scr2002,avaStIn,bevFrtRoadLight
IE,h1597,0.30743387757687923,scr2002,avaStIn,bevFrtRoadLight
IE,h1598,0.278936309503648,scr2002,avaStIn,bevFrtRoadLight
IE,h1599,0.28525649117608465,scr2002,avaStIn,bevFrtRoadLight
IE,h1600,0.33100477113297455,scr2002,avaStIn,bevFrtRoadLight
IE,h1601,0.3951643597987161,scr2002,avaStIn,bevFrtRoadLight
IE,h1602,0.46644985491696445,scr2002,avaStIn,bevFrtRoadLight
IE,h1603,0.5302489042156142,scr2002,avaStIn,bevFrtRoadLight
IE,h1604,0.5770673902258092,scr2002,avaStIn,bevFrtRoadLight
IE,h1605,0.5986769755958498,scr2002,avaStIn,bevFrtRoadLight
IE,h1606,0.6016883948095747,scr2002,avaStIn,bevFrtRoadLight
IE,h1607,0.5924055260109063,scr2002,avaStIn,bevFrtRoadLight
IE,h1608,0.5774847836798132,scr2002,avaStIn,bevFrtRoadLight
IE,h1609,0.5399833096273894,scr2002,avaStIn,bevFrtRoadLight
IE,h1610,0.5020113380135911,scr2002,avaStIn,bevFrtRoadLight
IE,h1611,0.4635722307063156,scr2002,avaStIn,bevFrtRoadLight
IE,h1612,0.4380348659574729,scr2002,avaStIn,bevFrtRoadLight
IE,h1613,0.40762124803256283,scr2002,avaStIn,bevFrtRoadLight
IE,h1614,0.37888830724468336,scr2002,avaStIn,bevFrtRoadLight
IE,h1615,0.36958381422293585,scr2002,avaStIn,bevFrtRoadLight
IE,h1616,0.37840208488783933,scr2002,avaStIn,bevFrtRoadLight
IE,h1617,0.40312593459237533,scr2002,avaStIn,bevFrtRoadLight
IE,h1618,0.41362439373824145,scr2002,avaStIn,bevFrtRoadLight
IE,h1619,0.4028461315685412,scr2002,avaStIn,bevFrtRoadLight
IE,h1620,0.3603437041144123,scr2002,avaStIn,bevFrtRoadLight
IE,h1621,0.300735364069155,scr2002,avaStIn,bevFrtRoadLight
IE,h1622,0.24177370465061954,scr2002,avaStIn,bevFrtRoadLight
IE,h1623,0.21970614560615676,scr2002,avaStIn,bevFrtRoadLight
IE,h1624,0.25508395733229006,scr2002,avaStIn,bevFrtRoadLight
IE,h1625,0.34767139096765254,scr2002,avaStIn,bevFrtRoadLight
IE,h1626,0.45228041046836875,scr2002,avaStIn,bevFrtRoadLight
IE,h1627,0.5341134302691986,scr2002,avaStIn,bevFrtRoadLight
IE,h1628,0.5851656457268322,scr2002,avaStIn,bevFrtRoadLight
IE,h1629,0.6079565962864942,scr2002,avaStIn,bevFrtRoadLight
IE,h1630,0.6088378322847627,scr2002,avaStIn,bevFrtRoadLight
IE,h1631,0.5862547005889717,scr2002,avaStIn,bevFrtRoadLight
IE,h1632,0.5503272305028044,scr2002,avaStIn,bevFrtRoadLight
IE,h1633,0.5157882800473498,scr2002,avaStIn,bevFrtRoadLight
IE,h1634,0.4876212160339364,scr2002,avaStIn,bevFrtRoadLight
IE,h1635,0.4635722307063156,scr2002,avaStIn,bevFrtRoadLight
IE,h1636,0.4380348659574729,scr2002,avaStIn,bevFrtRoadLight
IE,h1637,0.40762124803256283,scr2002,avaStIn,bevFrtRoadLight
IE,h1638,0.37888830724468336,scr2002,avaStIn,bevFrtRoadLight
IE,h1639,0.36958381422293585,scr2002,avaStIn,bevFrtRoadLight
IE,h1640,0.37840208488783933,scr2002,avaStIn,bevFrtRoadLight
IE,h1641,0.40312593459237533,scr2002,avaStIn,bevFrtRoadLight
IE,h1642,0.41362439373824145,scr2002,avaStIn,bevFrtRoadLight
IE,h1643,0.4028461315685412,scr2002,avaStIn,bevFrtRoadLight
IE,h1644,0.3603437041144123,scr2002,avaStIn,bevFrtRoadLight
IE,h1645,0.300735364069155,scr2002,avaStIn,bevFrtRoadLight
IE,h1646,0.24177370465061954,scr2002,avaStIn,bevFrtRoadLight
IE,h1647,0.21970614560615676,scr2002,avaStIn,bevFrtRoadLight
IE,h1648,0.25508395733229006,scr2002,avaStIn,bevFrtRoadLight
IE,h1649,0.34767139096765254,scr2002,avaStIn,bevFrtRoadLight
IE,h1650,0.45228041046836875,scr2002,avaStIn,bevFrtRoadLight
IE,h1651,0.5341134302691986,scr2002,avaStIn,bevFrtRoadLight
IE,h1652,0.5851656457268322,scr2002,avaStIn,bevFrtRoadLight
IE,h1653,0.6079565962864942,scr2002,avaStIn,bevFrtRoadLight
IE,h1654,0.6088378322847627,scr2002,avaStIn,bevFrtRoadLight
IE,h1655,0.5862547005889717,scr2002,avaStIn,bevFrtRoadLight
IE,h1656,0.5503272305028044,scr2002,avaStIn,bevFrtRoadLight
IE,h1657,0.5277989482493217,scr2002,avaStIn,bevFrtRoadLight
IE,h1658,0.5107010378978177,scr2002,avaStIn,bevFrtRoadLight
IE,h1659,0.5002557267591349,scr2002,avaStIn,bevFrtRoadLight
IE,h1660,0.4779833592811431,scr2002,avaStIn,bevFrtRoadLight
IE,h1661,0.45518876455881485,scr2002,avaStIn,bevFrtRoadLight
IE,h1662,0.43596244051473665,scr2002,avaStIn,bevFrtRoadLight
IE,h1663,0.4287672948543091,scr2002,avaStIn,bevFrtRoadLight
IE,h1664,0.4310449118345231,scr2002,avaStIn,bevFrtRoadLight
IE,h1665,0.43651906754470926,scr2002,avaStIn,bevFrtRoadLight
IE,h1666,0.42784196327677315,scr2002,avaStIn,bevFrtRoadLight
IE,h1667,0.40165285769436365,scr2002,avaStIn,bevFrtRoadLight
IE,h1668,0.3554492048303812,scr2002,avaStIn,bevFrtRoadLight
IE,h1669,0.30743387757687923,scr2002,avaStIn,bevFrtRoadLight
IE,h1670,0.278936309503648,scr2002,avaStIn,bevFrtRoadLight
IE,h1671,0.28525649117608465,scr2002,avaStIn,bevFrtRoadLight
IE,h1672,0.33100477113297455,scr2002,avaStIn,bevFrtRoadLight
IE,h1673,0.3951643597987161,scr2002,avaStIn,bevFrtRoadLight
IE,h1674,0.46644985491696445,scr2002,avaStIn,bevFrtRoadLight
IE,h1675,0.5302489042156142,scr2002,avaStIn,bevFrtRoadLight
IE,h1676,0.5770673902258092,scr2002,avaStIn,bevFrtRoadLight
IE,h1677,0.5986769755958498,scr2002,avaStIn,bevFrtRoadLight
IE,h1678,0.6016883948095747,scr2002,avaStIn,bevFrtRoadLight
IE,h1679,0.5924055260109063,scr2002,avaStIn,bevFrtRoadLight
IE,h1680,0.5774847836798132,scr2002,avaStIn,bevFrtRoadLight
IE,h1681,0.5517773619954187,scr2002,avaStIn,bevFrtRoadLight
IE,h1682,0.5248358437172166,scr2002,avaStIn,bevFrtRoadLight
IE,h1683,0.5002557267591349,scr2002,avaStIn,bevFrtRoadLight
IE,h1684,0.4779833592811431,scr2002,avaStIn,bevFrtRoadLight
IE,h1685,0.45518876455881485,scr2002,avaStIn,bevFrtRoadLight
IE,h1686,0.43596244051473665,scr2002,avaStIn,bevFrtRoadLight
IE,h1687,0.4287672948543091,scr2002,avaStIn,bevFrtRoadLight
IE,h1688,0.4310449118345231,scr2002,avaStIn,bevFrtRoadLight
IE,h1689,0.43651906754470926,scr2002,avaStIn,bevFrtRoadLight
IE,h1690,0.42784196327677315,scr2002,avaStIn,bevFrtRoadLight
IE,h1691,0.40165285769436365,scr2002,avaStIn,bevFrtRoadLight
IE,h1692,0.3554492048303812,scr2002,avaStIn,bevFrtRoadLight
IE,h1693,0.30743387757687923,scr2002,avaStIn,bevFrtRoadLight
IE,h1694,0.278936309503648,scr2002,avaStIn,bevFrtRoadLight
IE,h1695,0.28525649117608465,scr2002,avaStIn,bevFrtRoadLight
IE,h1696,0.33100477113297455,scr2002,avaStIn,bevFrtRoadLight
IE,h1697,0.3951643597987161,scr2002,avaStIn,bevFrtRoadLight
IE,h1698,0.46644985491696445,scr2002,avaStIn,bevFrtRoadLight
IE,h1699,0.5302489042156142,scr2002,avaStIn,bevFrtRoadLight
IE,h1700,0.5770673902258092,scr2002,avaStIn,bevFrtRoadLight
IE,h1701,0.5986769755958498,scr2002,avaStIn,bevFrtRoadLight
IE,h1702,0.6016883948095747,scr2002,avaStIn,bevFrtRoadLight
IE,h1703,0.5924055260109063,scr2002,avaStIn,bevFrtRoadLight
IE,h1704,0.5774847836798132,scr2002,avaStIn,bevFrtRoadLight
IE,h1705,0.509038057831711,scr2002,avaStIn,bevFrtRoadLight
IE,h1706,0.45316073221470254,scr2002,avaStIn,bevFrtRoadLight
IE,h1707,0.4106293035759673,scr2002,avaStIn,bevFrtRoadLight
IE,h1708,0.4302562346105031,scr2002,avaStIn,bevFrtRoadLight
IE,h1709,0.4411964644145132,scr2002,avaStIn,bevFrtRoadLight
IE,h1710,0.45751109901302867,scr2002,avaStIn,bevFrtRoadLight
IE,h1711,0.48871757217710954,scr2002,avaStIn,bevFrtRoadLight
IE,h1712,0.5314509691002262,scr2002,avaStIn,bevFrtRoadLight
IE,h1713,0.5711878747561929,scr2002,avaStIn,bevFrtRoadLight
IE,h1714,0.5980939691710526,scr2002,avaStIn,bevFrtRoadLight
IE,h1715,0.608394034195855,scr2002,avaStIn,bevFrtRoadLight
IE,h1716,0.6010568773540479,scr2002,avaStIn,bevFrtRoadLight
IE,h1717,0.5764247164288175,scr2002,avaStIn,bevFrtRoadLight
IE,h1718,0.5401459054358786,scr2002,avaStIn,bevFrtRoadLight
IE,h1719,0.4982672792884357,scr2002,avaStIn,bevFrtRoadLight
IE,h1720,0.4574139907405833,scr2002,avaStIn,bevFrtRoadLight
IE,h1721,0.42470386872332366,scr2002,avaStIn,bevFrtRoadLight
IE,h1722,0.4070105681582177,scr2002,avaStIn,bevFrtRoadLight
IE,h1723,0.3993554704479094,scr2002,avaStIn,bevFrtRoadLight
IE,h1724,0.3942528360151184,scr2002,avaStIn,bevFrtRoadLight
IE,h1725,0.3809841238928826,scr2002,avaStIn,bevFrtRoadLight
IE,h1726,0.3497784944040866,scr2002,avaStIn,bevFrtRoadLight
IE,h1727,0.3123069662403203,scr2002,avaStIn,bevFrtRoadLight
IE,h1728,0.2821792829284123,scr2002,avaStIn,bevFrtRoadLight
IE,h1729,0.3106843918239848,scr2002,avaStIn,bevFrtRoadLight
IE,h1730,0.35866299968064763,scr2002,avaStIn,bevFrtRoadLight
IE,h1731,0.4106293035759673,scr2002,avaStIn,bevFrtRoadLight
IE,h1732,0.4302562346105031,scr2002,avaStIn,bevFrtRoadLight
IE,h1733,0.4411964644145132,scr2002,avaStIn,bevFrtRoadLight
IE,h1734,0.45751109901302867,scr2002,avaStIn,bevFrtRoadLight
IE,h1735,0.48871757217710954,scr2002,avaStIn,bevFrtRoadLight
IE,h1736,0.5314509691002262,scr2002,avaStIn,bevFrtRoadLight
IE,h1737,0.5711878747561929,scr2002,avaStIn,bevFrtRoadLight
IE,h1738,0.5980939691710526,scr2002,avaStIn,bevFrtRoadLight
IE,h1739,0.608394034195855,scr2002,avaStIn,bevFrtRoadLight
IE,h1740,0.6010568773540479,scr2002,avaStIn,bevFrtRoadLight
IE,h1741,0.5764247164288175,scr2002,avaStIn,bevFrtRoadLight
IE,h1742,0.5401459054358786,scr2002,avaStIn,bevFrtRoadLight
IE,h1743,0.4982672792884357,scr2002,avaStIn,bevFrtRoadLight
IE,h1744,0.4574139907405833,scr2002,avaStIn,bevFrtRoadLight
IE,h1745,0.42470386872332366,scr2002,avaStIn,bevFrtRoadLight
IE,h1746,0.4070105681582177,scr2002,avaStIn,bevFrtRoadLight
IE,h1747,0.3993554704479094,scr2002,avaStIn,bevFrtRoadLight
IE,h1748,0.3942528360151184,scr2002,avaStIn,bevFrtRoadLight
IE,h1749,0.3809841238928826,scr2002,avaStIn,bevFrtRoadLight
IE,h1750,0.3497784944040866,scr2002,avaStIn,bevFrtRoadLight
IE,h1751,0.3123069662403203,scr2002,avaStIn,bevFrtRoadLight
IE,h1752,0.2821792829284123,scr2002,avaStIn,bevFrtRoadLight
IE,h1753,0.3106843918239848,scr2002,avaStIn,bevFrtRoadLight
IE,h1754,0.35866299968064763,scr2002,avaStIn,bevFrtRoadLight
IE,h1755,0.4106293035759673,scr2002,avaStIn,bevFrtRoadLight
IE,h1756,0.4302562346105031,scr2002,avaStIn,bevFrtRoadLight
IE,h1757,0.4411964644145132,scr2002,avaStIn,bevFrtRoadLight
IE,h1758,0.45751109901302867,scr2002,avaStIn,bevFrtRoadLight
IE,h1759,0.48871757217710954,scr2002,avaStIn,bevFrtRoadLight
IE,h1760,0.5314509691002262,scr2002,avaStIn,bevFrtRoadLight
IE,h1761,0.5711878747561929,scr2002,avaStIn,bevFrtRoadLight
IE,h1762,0.5980939691710526,scr2002,avaStIn,bevFrtRoadLight
IE,h1763,0.608394034195855,scr2002,avaStIn,bevFrtRoadLight
IE,h1764,0.6010568773540479,scr2002,avaStIn,bevFrtRoadLight
IE,h1765,0.5764247164288175,scr2002,avaStIn,bevFrtRoadLight
IE,h1766,0.5401459054358786,scr2002,avaStIn,bevFrtRoadLight
IE,h1767,0.4982672792884357,scr2002,avaStIn,bevFrtRoadLight
IE,h1768,0.4574139907405833,scr2002,avaStIn,bevFrtRoadLight
IE,h1769,0.42470386872332366,scr2002,avaStIn,bevFrtRoadLight
IE,h1770,0.4070105681582177,scr2002,avaStIn,bevFrtRoadLight
IE,h1771,0.3993554704479094,scr2002,avaStIn,bevFrtRoadLight
IE,h1772,0.3942528360151184,scr2002,avaStIn,bevFrtRoadLight
IE,h1773,0.3809841238928826,scr2002,avaStIn,bevFrtRoadLight
IE,h1774,0.3497784944040866,scr2002,avaStIn,bevFrtRoadLight
IE,h1775,0.3123069662403203,scr2002,avaStIn,bevFrtRoadLight
IE,h1776,0.2821792829284123,scr2002,avaStIn,bevFrtRoadLight
IE,h1777,0.230095162221032,scr2002,avaStIn,bevFrtRoadLight
IE,h1778,0.2300917975935889,scr2002,avaStIn,bevFrtRoadLight
IE,h1779,0.27148343409663167,scr2002,avaStIn,bevFrtRoadLight
IE,h1780,0.3790725700696759,scr2002,avaStIn,bevFrtRoadLight
IE,h1781,0.4623404992613247,scr2002,avaStIn,bevFrtRoadLight
IE,h1782,0.5259162274800008,scr2002,avaStIn,bevFrtRoadLight
IE,h1783,0.5772992909654577,scr2002,avaStIn,bevFrtRoadLight
IE,h1784,0.6171735770568829,scr2002,avaStIn,bevFrtRoadLight
IE,h1785,0.6409152522621753,scr2002,avaStIn,bevFrtRoadLight
IE,h1786,0.6489166669999998,scr2002,avaStIn,bevFrtRoadLight
IE,h1787,0.6400350534574337,scr2002,avaStIn,bevFrtRoadLight
IE,h1788,0.61588415769173,scr2002,avaStIn,bevFrtRoadLight
IE,h1789,0.5753501172674538,scr2002,avaStIn,bevFrtRoadLight
IE,h1790,0.5273486726990765,scr2002,avaStIn,bevFrtRoadLight
IE,h1791,0.47682400205808595,scr2002,avaStIn,bevFrtRoadLight
IE,h1792,0.4288063768750643,scr2002,avaStIn,bevFrtRoadLight
IE,h1793,0.39374570481652504,scr2002,avaStIn,bevFrtRoadLight
IE,h1794,0.3749031506247579,scr2002,avaStIn,bevFrtRoadLight
IE,h1795,0.37209330121313167,scr2002,avaStIn,bevFrtRoadLight
IE,h1796,0.36873105182903665,scr2002,avaStIn,bevFrtRoadLight
IE,h1797,0.3543630997986469,scr2002,avaStIn,bevFrtRoadLight
IE,h1798,0.3154781828948128,scr2002,avaStIn,bevFrtRoadLight
IE,h1799,0.27112993299959987,scr2002,avaStIn,bevFrtRoadLight
IE,h1800,0.2381911639591776,scr2002,avaStIn,bevFrtRoadLight
IE,h1801,0.20075744833264675,scr2002,avaStIn,bevFrtRoadLight
IE,h1802,0.21575624655576675,scr2002,avaStIn,bevFrtRoadLight
IE,h1803,0.27148343409663167,scr2002,avaStIn,bevFrtRoadLight
IE,h1804,0.3790725700696759,scr2002,avaStIn,bevFrtRoadLight
IE,h1805,0.4623404992613247,scr2002,avaStIn,bevFrtRoadLight
IE,h1806,0.5259162274800008,scr2002,avaStIn,bevFrtRoadLight
IE,h1807,0.5772992909654577,scr2002,avaStIn,bevFrtRoadLight
IE,h1808,0.6171735770568829,scr2002,avaStIn,bevFrtRoadLight
IE,h1809,0.6409152522621753,scr2002,avaStIn,bevFrtRoadLight
IE,h1810,0.6489166669999998,scr2002,avaStIn,bevFrtRoadLight
IE,h1811,0.6400350534574337,scr2002,avaStIn,bevFrtRoadLight
IE,h1812,0.61588415769173,scr2002,avaStIn,bevFrtRoadLight
IE,h1813,0.5753501172674538,scr2002,avaStIn,bevFrtRoadLight
IE,h1814,0.5273486726990765,scr2002,avaStIn,bevFrtRoadLight
IE,h1815,0.47682400205808595,scr2002,avaStIn,bevFrtRoadLight
IE,h1816,0.4288063768750643,scr2002,avaStIn,bevFrtRoadLight
IE,h1817,0.39374570481652504,scr2002,avaStIn,bevFrtRoadLight
IE,h1818,0.3749031506247579,scr2002,avaStIn,bevFrtRoadLight
IE,h1819,0.37209330121313167,scr2002,avaStIn,bevFrtRoadLight
IE,h1820,0.36873105182903665,scr2002,avaStIn,bevFrtRoadLight
IE,h1821,0.3543630997986469,scr2002,avaStIn,bevFrtRoadLight
IE,h1822,0.3154781828948128,scr2002,avaStIn,bevFrtRoadLight
IE,h1823,0.27112993299959987,scr2002,avaStIn,bevFrtRoadLight
IE,h1824,0.2381911639591776,scr2002,avaStIn,bevFrtRoadLight
IE,h1825,0.28388199759953203,scr2002,avaStIn,bevFrtRoadLight
IE,h1826,0.34615260530650627,scr2002,avaStIn,bevFrtRoadLight
IE,h1827,0.4106293035759673,scr2002,avaStIn,bevFrtRoadLight
IE,h1828,0.4302562346105031,scr2002,avaStIn,bevFrtRoadLight
IE,h1829,0.4411964644145132,scr2002,avaStIn,bevFrtRoadLight
IE,h1830,0.45751109901302867,scr2002,avaStIn,bevFrtRoadLight
IE,h1831,0.48871757217710954,scr2002,avaStIn,bevFrtRoadLight
IE,h1832,0.5314509691002262,scr2002,avaStIn,bevFrtRoadLight
IE,h1833,0.5711878747561929,scr2002,avaStIn,bevFrtRoadLight
IE,h1834,0.5980939691710526,scr2002,avaStIn,bevFrtRoadLight
IE,h1835,0.608394034195855,scr2002,avaStIn,bevFrtRoadLight
IE,h1836,0.6010568773540479,scr2002,avaStIn,bevFrtRoadLight
IE,h1837,0.5764247164288175,scr2002,avaStIn,bevFrtRoadLight
IE,h1838,0.5401459054358786,scr2002,avaStIn,bevFrtRoadLight
IE,h1839,0.4982672792884357,scr2002,avaStIn,bevFrtRoadLight
IE,h1840,0.4574139907405833,scr2002,avaStIn,bevFrtRoadLight
IE,h1841,0.42470386872332366,scr2002,avaStIn,bevFrtRoadLight
IE,h1842,0.4070105681582177,scr2002,avaStIn,bevFrtRoadLight
IE,h1843,0.3993554704479094,scr2002,avaStIn,bevFrtRoadLight
IE,h1844,0.3942528360151184,scr2002,avaStIn,bevFrtRoadLight
IE,h1845,0.3809841238928826,scr2002,avaStIn,bevFrtRoadLight
IE,h1846,0.3497784944040866,scr2002,avaStIn,bevFrtRoadLight
IE,h1847,0.3123069662403203,scr2002,avaStIn,bevFrtRoadLight
IE,h1848,0.2821792829284123,scr2002,avaStIn,bevFrtRoadLight
IE,h1849,0.3106843918239848,scr2002,avaStIn,bevFrtRoadLight
IE,h1850,0.35866299968064763,scr2002,avaStIn,bevFrtRoadLight
IE,h1851,0.4106293035759673,scr2002,avaStIn,bevFrtRoadLight
IE,h1852,0.4302562346105031,scr2002,avaStIn,bevFrtRoadLight
IE,h1853,0.4411964644145132,scr2002,avaStIn,bevFrtRoadLight
IE,h1854,0.45751109901302867,scr2002,avaStIn,bevFrtRoadLight
IE,h1855,0.48871757217710954,scr2002,avaStIn,bevFrtRoadLight
IE,h1856,0.5314509691002262,scr2002,avaStIn,bevFrtRoadLight
IE,h1857,0.5711878747561929,scr2002,avaStIn,bevFrtRoadLight
IE,h1858,0.5980939691710526,scr2002,avaStIn,bevFrtRoadLight
IE,h1859,0.608394034195855,scr2002,avaStIn,bevFrtRoadLight
IE,h1860,0.6010568773540479,scr2002,avaStIn,bevFrtRoadLight
IE,h1861,0.5764247164288175,scr2002,avaStIn,bevFrtRoadLight
IE,h1862,0.5401459054358786,scr2002,avaStIn,bevFrtRoadLight
IE,h1863,0.4982672792884357,scr2002,avaStIn,bevFrtRoadLight
IE,h1864,0.4574139907405833,scr2002,avaStIn,bevFrtRoadLight
IE,h1865,0.42470386872332366,scr2002,avaStIn,bevFrtRoadLight
IE,h1866,0.4070105681582177,scr2002,avaStIn,bevFrtRoadLight
IE,h1867,0.3993554704479094,scr2002,avaStIn,bevFrtRoadLight
IE,h1868,0.3942528360151184,scr2002,avaStIn,bevFrtRoadLight
IE,h1869,0.3809841238928826,scr2002,avaStIn,bevFrtRoadLight
IE,h1870,0.3497784944040866,scr2002,avaStIn,bevFrtRoadLight
IE,h1871,0.3123069662403203,scr2002,avaStIn,bevFrtRoadLight
IE,h1872,0.2821792829284123,scr2002,avaStIn,bevFrtRoadLight
IE,h1873,0.3106843918239848,scr2002,avaStIn,bevFrtRoadLight
IE,h1874,0.35866299968064763,scr2002,avaStIn,bevFrtRoadLight
IE,h1875,0.4106293035759673,scr2002,avaStIn,bevFrtRoadLight
IE,h1876,0.4302562346105031,scr2002,avaStIn,bevFrtRoadLight
IE,h1877,0.4411964644145132,scr2002,avaStIn,bevFrtRoadLight
IE,h1878,0.45751109901302867,scr2002,avaStIn,bevFrtRoadLight
IE,h1879,0.48871757217710954,scr2002,avaStIn,bevFrtRoadLight
IE,h1880,0.5314509691002262,scr2002,avaStIn,bevFrtRoadLight
IE,h1881,0.5711878747561929,scr2002,avaStIn,bevFrtRoadLight
IE,h1882,0.5980939691710526,scr2002,avaStIn,bevFrtRoadLight
IE,h1883,0.608394034195855,scr2002,avaStIn,bevFrtRoadLight
IE,h1884,0.6010568773540479,scr2002,avaStIn,bevFrtRoadLight
IE,h1885,0.5764247164288175,scr2002,avaStIn,bevFrtRoadLight
IE,h1886,0.5401459054358786,scr2002,avaStIn,bevFrtRoadLight
IE,h1887,0.4982672792884357,scr2002,avaStIn,bevFrtRoadLight
IE,h1888,0.4574139907405833,scr2002,avaStIn,bevFrtRoadLight
IE,h1889,0.42470386872332366,scr2002,avaStIn,bevFrtRoadLight
IE,h1890,0.4070105681582177,scr2002,avaStIn,bevFrtRoadLight
IE,h1891,0.3993554704479094,scr2002,avaStIn,bevFrtRoadLight
IE,h1892,0.3942528360151184,scr2002,avaStIn,bevFrtRoadLight
IE,h1893,0.3809841238928826,scr2002,avaStIn,bevFrtRoadLight
IE,h1894,0.3497784944040866,scr2002,avaStIn,bevFrtRoadLight
IE,h1895,0.3123069662403203,scr2002,avaStIn,bevFrtRoadLight
IE,h1896,0.2821792829284123,scr2002,avaStIn,bevFrtRoadLight
IE,h1897,0.3106843918239848,scr2002,avaStIn,bevFrtRoadLight
IE,h1898,0.35866299968064763,scr2002,avaStIn,bevFrtRoadLight
IE,h1899,0.4106293035759673,scr2002,avaStIn,bevFrtRoadLight
IE,h1900,0.4302562346105031,scr2002,avaStIn,bevFrtRoadLight
IE,h1901,0.4411964644145132,scr2002,avaStIn,bevFrtRoadLight
IE,h1902,0.45751109901302867,scr2002,avaStIn,bevFrtRoadLight
IE,h1903,0.48871757217710954,scr2002,avaStIn,bevFrtRoadLight
IE,h1904,0.5314509691002262,scr2002,avaStIn,bevFrtRoadLight
IE,h1905,0.5711878747561929,scr2002,avaStIn,bevFrtRoadLight
IE,h1906,0.5980939691710526,scr2002,avaStIn,bevFrtRoadLight
IE,h1907,0.608394034195855,scr2002,avaStIn,bevFrtRoadLight
IE,h1908,0.6010568773540479,scr2002,avaStIn,bevFrtRoadLight
IE,h1909,0.5764247164288175,scr2002,avaStIn,bevFrtRoadLight
IE,h1910,0.5401459054358786,scr2002,avaStIn,bevFrtRoadLight
IE,h1911,0.4982672792884357,scr2002,avaStIn,bevFrtRoadLight
IE,h1912,0.4574139907405833,scr2002,avaStIn,bevFrtRoadLight
IE,h1913,0.42470386872332366,scr2002,avaStIn,bevFrtRoadLight
IE,h1914,0.4070105681582177,scr2002,avaStIn,bevFrtRoadLight
IE,h1915,0.3993554704479094,scr2002,avaStIn,bevFrtRoadLight
IE,h1916,0.3942528360151184,scr2002,avaStIn,bevFrtRoadLight
IE,h1917,0.3809841238928826,scr2002,avaStIn,bevFrtRoadLight
IE,h1918,0.3497784944040866,scr2002,avaStIn,bevFrtRoadLight
IE,h1919,0.3123069662403203,scr2002,avaStIn,bevFrtRoadLight
IE,h1920,0.2821792829284123,scr2002,avaStIn,bevFrtRoadLight
IE,h1921,0.3106843918239848,scr2002,avaStIn,bevFrtRoadLight
IE,h1922,0.35866299968064763,scr2002,avaStIn,bevFrtRoadLight
IE,h1923,0.4106293035759673,scr2002,avaStIn,bevFrtRoadLight
IE,h1924,0.4302562346105031,scr2002,avaStIn,bevFrtRoadLight
IE,h1925,0.4411964644145132,scr2002,avaStIn,bevFrtRoadLight
IE,h1926,0.45751109901302867,scr2002,avaStIn,bevFrtRoadLight
IE,h1927,0.48871757217710954,scr2002,avaStIn,bevFrtRoadLight
IE,h1928,0.5314509691002262,scr2002,avaStIn,bevFrtRoadLight
IE,h1929,0.5711878747561929,scr2002,avaStIn,bevFrtRoadLight
IE,h1930,0.5980939691710526,scr2002,avaStIn,bevFrtRoadLight
IE,h1931,0.608394034195855,scr2002,avaStIn,bevFrtRoadLight
IE,h1932,0.6010568773540479,scr2002,avaStIn,bevFrtRoadLight
IE,h1933,0.5764247164288175,scr2002,avaStIn,bevFrtRoadLight
IE,h1934,0.5401459054358786,scr2002,avaStIn,bevFrtRoadLight
IE,h1935,0.4982672792884357,scr2002,avaStIn,bevFrtRoadLight
IE,h1936,0.4574139907405833,scr2002,avaStIn,bevFrtRoadLight
IE,h1937,0.42470386872332366,scr2002,avaStIn,bevFrtRoadLight
IE,h1938,0.4070105681582177,scr2002,avaStIn,bevFrtRoadLight
IE,h1939,0.3993554704479094,scr2002,avaStIn,bevFrtRoadLight
IE,h1940,0.3942528360151184,scr2002,avaStIn,bevFrtRoadLight
IE,h1941,0.3809841238928826,scr2002,avaStIn,bevFrtRoadLight
IE,h1942,0.3497784944040866,scr2002,avaStIn,bevFrtRoadLight
IE,h1943,0.3123069662403203,scr2002,avaStIn,bevFrtRoadLight
IE,h1944,0.2821792829284123,scr2002,avaStIn,bevFrtRoadLight
IE,h1945,0.230095162221032,scr2002,avaStIn,bevFrtRoadLight
IE,h1946,0.2300917975935889,scr2002,avaStIn,bevFrtRoadLight
IE,h1947,0.27148343409663167,scr2002,avaStIn,bevFrtRoadLight
IE,h1948,0.3790725700696759,scr2002,avaStIn,bevFrtRoadLight
IE,h1949,0.4623404992613247,scr2002,avaStIn,bevFrtRoadLight
IE,h1950,0.5259162274800008,scr2002,avaStIn,bevFrtRoadLight
IE,h1951,0.5772992909654577,scr2002,avaStIn,bevFrtRoadLight
IE,h1952,0.6171735770568829,scr2002,avaStIn,bevFrtRoadLight
IE,h1953,0.6409152522621753,scr2002,avaStIn,bevFrtRoadLight
IE,h1954,0.6489166669999998,scr2002,avaStIn,bevFrtRoadLight
IE,h1955,0.6400350534574337,scr2002,avaStIn,bevFrtRoadLight
IE,h1956,0.61588415769173,scr2002,avaStIn,bevFrtRoadLight
IE,h1957,0.5753501172674538,scr2002,avaStIn,bevFrtRoadLight
IE,h1958,0.5273486726990765,scr2002,avaStIn,bevFrtRoadLight
IE,h1959,0.47682400205808595,scr2002,avaStIn,bevFrtRoadLight
IE,h1960,0.4288063768750643,scr2002,avaStIn,bevFrtRoadLight
IE,h1961,0.39374570481652504,scr2002,avaStIn,bevFrtRoadLight
IE,h1962,0.3749031506247579,scr2002,avaStIn,bevFrtRoadLight
IE,h1963,0.37209330121313167,scr2002,avaStIn,bevFrtRoadLight
IE,h1964,0.36873105182903665,scr2002,avaStIn,bevFrtRoadLight
IE,h1965,0.3543630997986469,scr2002,avaStIn,bevFrtRoadLight
IE,h1966,0.3154781828948128,scr2002,avaStIn,bevFrtRoadLight
IE,h1967,0.27112993299959987,scr2002,avaStIn,bevFrtRoadLight
IE,h1968,0.2381911639591776,scr2002,avaStIn,bevFrtRoadLight
IE,h1969,0.20075744833264675,scr2002,avaStIn,bevFrtRoadLight
IE,h1970,0.21575624655576675,scr2002,avaStIn,bevFrtRoadLight
IE,h1971,0.27148343409663167,scr2002,avaStIn,bevFrtRoadLight
IE,h1972,0.3790725700696759,scr2002,avaStIn,bevFrtRoadLight
IE,h1973,0.4623404992613247,scr2002,avaStIn,bevFrtRoadLight
IE,h1974,0.5259162274800008,scr2002,avaStIn,bevFrtRoadLight
IE,h1975,0.5772992909654577,scr2002,avaStIn,bevFrtRoadLight
IE,h1976,0.6171735770568829,scr2002,avaStIn,bevFrtRoadLight
IE,h1977,0.6409152522621753,scr2002,avaStIn,bevFrtRoadLight
IE,h1978,0.6489166669999998,scr2002,avaStIn,bevFrtRoadLight
IE,h1979,0.6400350534574337,scr2002,avaStIn,bevFrtRoadLight
IE,h1980,0.61588415769173,scr2002,avaStIn,bevFrtRoadLight
IE,h1981,0.5753501172674538,scr2002,avaStIn,bevFrtRoadLight
IE,h1982,0.5273486726990765,scr2002,avaStIn,bevFrtRoadLight
IE,h1983,0.47682400205808595,scr2002,avaStIn,bevFrtRoadLight
IE,h1984,0.4288063768750643,scr2002,avaStIn,bevFrtRoadLight
IE,h1985,0.39374570481652504,scr2002,avaStIn,bevFrtRoadLight
IE,h1986,0.3749031506247579,scr2002,avaStIn,bevFrtRoadLight
IE,h1987,0.37209330121313167,scr2002,avaStIn,bevFrtRoadLight
IE,h1988,0.36873105182903665,scr2002,avaStIn,bevFrtRoadLight
IE,h1989,0.3543630997986469,scr2002,avaStIn,bevFrtRoadLight
IE,h1990,0.3154781828948128,scr2002,avaStIn,bevFrtRoadLight
IE,h1991,0.27112993299959987,scr2002,avaStIn,bevFrtRoadLight
IE,h1992,0.2381911639591776,scr2002,avaStIn,bevFrtRoadLight
IE,h1993,0.28388199759953203,scr2002,avaStIn,bevFrtRoadLight
IE,h1994,0.34615260530650627,scr2002,avaStIn,bevFrtRoadLight
IE,h1995,0.4106293035759673,scr2002,avaStIn,bevFrtRoadLight
IE,h1996,0.4302562346105031,scr2002,avaStIn,bevFrtRoadLight
IE,h1997,0.4411964644145132,scr2002,avaStIn,bevFrtRoadLight
IE,h1998,0.45751109901302867,scr2002,avaStIn,bevFrtRoadLight
IE,h1999,0.48871757217710954,scr2002,avaStIn,bevFrtRoadLight
IE,h2000,0.5314509691002262,scr2002,avaStIn,bevFrtRoadLight
IE,h2001,0.5711878747561929,scr2002,avaStIn,bevFrtRoadLight
IE,h2002,0.5980939691710526,scr2002,avaStIn,bevFrtRoadLight
IE,h2003,0.608394034195855,scr2002,avaStIn,bevFrtRoadLight
IE,h2004,0.6010568773540479,scr2002,avaStIn,bevFrtRoadLight
IE,h2005,0.5764247164288175,scr2002,avaStIn,bevFrtRoadLight
IE,h2006,0.5401459054358786,scr2002,avaStIn,bevFrtRoadLight
IE,h2007,0.4982672792884357,scr2002,avaStIn,bevFrtRoadLight
IE,h2008,0.4574139907405833,scr2002,avaStIn,bevFrtRoadLight
IE,h2009,0.42470386872332366,scr2002,avaStIn,bevFrtRoadLight
IE,h2010,0.4070105681582177,scr2002,avaStIn,bevFrtRoadLight
IE,h2011,0.3993554704479094,scr2002,avaStIn,bevFrtRoadLight
IE,h2012,0.3942528360151184,scr2002,avaStIn,bevFrtRoadLight
IE,h2013,0.3809841238928826,scr2002,avaStIn,bevFrtRoadLight
IE,h2014,0.3497784944040866,scr2002,avaStIn,bevFrtRoadLight
IE,h2015,0.3123069662403203,scr2002,avaStIn,bevFrtRoadLight
IE,h2016,0.2821792829284123,scr2002,avaStIn,bevFrtRoadLight
IE,h2017,0.3072840894621327,scr2002,avaStIn,bevFrtRoadLight
IE,h2018,0.33666905394072466,scr2002,avaStIn,bevFrtRoadLight
IE,h2019,0.36655496485550265,scr2002,avaStIn,bevFrtRoadLight
IE,h2020,0.3745731212047183,scr2002,avaStIn,bevFrtRoadLight
IE,h2021,0.4026088526762964,scr2002,avaStIn,bevFrtRoadLight
IE,h2022,0.44640061438376677,scr2002,avaStIn,bevFrtRoadLight
IE,h2023,0.4973037920546317,scr2002,avaStIn,bevFrtRoadLight
IE,h2024,0.5420216950586382,scr2002,avaStIn,bevFrtRoadLight
IE,h2025,0.5736954068525849,scr2002,avaStIn,bevFrtRoadLight
IE,h2026,0.5880342997851788,scr2002,avaStIn,bevFrtRoadLight
IE,h2027,0.5918947845476326,scr2002,avaStIn,bevFrtRoadLight
IE,h2028,0.5837522950091351,scr2002,avaStIn,bevFrtRoadLight
IE,h2029,0.566630011228302,scr2002,avaStIn,bevFrtRoadLight
IE,h2030,0.5326460205473856,scr2002,avaStIn,bevFrtRoadLight
IE,h2031,0.48334141219508586,scr2002,avaStIn,bevFrtRoadLight
IE,h2032,0.4237800531764452,scr2002,avaStIn,bevFrtRoadLight
IE,h2033,0.3668064382544399,scr2002,avaStIn,bevFrtRoadLight
IE,h2034,0.33858624085132816,scr2002,avaStIn,bevFrtRoadLight
IE,h2035,0.33981235579051505,scr2002,avaStIn,bevFrtRoadLight
IE,h2036,0.3644150552627201,scr2002,avaStIn,bevFrtRoadLight
IE,h2037,0.39407002810213865,scr2002,avaStIn,bevFrtRoadLight
IE,h2038,0.4100441996396512,scr2002,avaStIn,bevFrtRoadLight
IE,h2039,0.41244752514225314,scr2002,avaStIn,bevFrtRoadLight
IE,h2040,0.3977671810575979,scr2002,avaStIn,bevFrtRoadLight
IE,h2041,0.3840802424090224,scr2002,avaStIn,bevFrtRoadLight
IE,h2042,0.37136048642151265,scr2002,avaStIn,bevFrtRoadLight
IE,h2043,0.36655496485550265,scr2002,avaStIn,bevFrtRoadLight
IE,h2044,0.3745731212047183,scr2002,avaStIn,bevFrtRoadLight
IE,h2045,0.4026088526762964,scr2002,avaStIn,bevFrtRoadLight
IE,h2046,0.44640061438376677,scr2002,avaStIn,bevFrtRoadLight
IE,h2047,0.4973037920546317,scr2002,avaStIn,bevFrtRoadLight
IE,h2048,0.5420216950586382,scr2002,avaStIn,bevFrtRoadLight
IE,h2049,0.5736954068525849,scr2002,avaStIn,bevFrtRoadLight
IE,h2050,0.5880342997851788,scr2002,avaStIn,bevFrtRoadLight
IE,h2051,0.5918947845476326,scr2002,avaStIn,bevFrtRoadLight
IE,h2052,0.5837522950091351,scr2002,avaStIn,bevFrtRoadLight
IE,h2053,0.566630011228302,scr2002,avaStIn,bevFrtRoadLight
IE,h2054,0.5326460205473856,scr2002,avaStIn,bevFrtRoadLight
IE,h2055,0.48334141219508586,scr2002,avaStIn,bevFrtRoadLight
IE,h2056,0.4237800531764452,scr2002,avaStIn,bevFrtRoadLight
IE,h2057,0.3668064382544399,scr2002,avaStIn,bevFrtRoadLight
IE,h2058,0.33858624085132816,scr2002,avaStIn,bevFrtRoadLight
IE,h2059,0.33981235579051505,scr2002,avaStIn,bevFrtRoadLight
IE,h2060,0.3644150552627201,scr2002,avaStIn,bevFrtRoadLight
IE,h2061,0.39407002810213865,scr2002,avaStIn,bevFrtRoadLight
IE,h2062,0.4100441996396512,scr2002,avaStIn,bevFrtRoadLight
IE,h2063,0.41244752514225314,scr2002,avaStIn,bevFrtRoadLight
IE,h2064,0.3977671810575979,scr2002,avaStIn,bevFrtRoadLight
IE,h2065,0.3840802424090224,scr2002,avaStIn,bevFrtRoadLight
IE,h2066,0.37136048642151265,scr2002,avaStIn,bevFrtRoadLight
IE,h2067,0.36655496485550265,scr2002,avaStIn,bevFrtRoadLight
IE,h2068,0.3745731212047183,scr2002,avaStIn,bevFrtRoadLight
IE,h2069,0.4026088526762964,scr2002,avaStIn,bevFrtRoadLight
IE,h2070,0.44640061438376677,scr2002,avaStIn,bevFrtRoadLight
IE,h2071,0.4973037920546317,scr2002,avaStIn,bevFrtRoadLight
IE,h2072,0.5420216950586382,scr2002,avaStIn,bevFrtRoadLight
IE,h2073,0.5736954068525849,scr2002,avaStIn,bevFrtRoadLight
IE,h2074,0.5880342997851788,scr2002,avaStIn,bevFrtRoadLight
IE,h2075,0.5918947845476326,scr2002,avaStIn,bevFrtRoadLight
IE,h2076,0.5837522950091351,scr2002,avaStIn,bevFrtRoadLight
IE,h2077,0.566630011228302,scr2002,avaStIn,bevFrtRoadLight
IE,h2078,0.5326460205473856,scr2002,avaStIn,bevFrtRoadLight
IE,h2079,0.48334141219508586,scr2002,avaStIn,bevFrtRoadLight
IE,h2080,0.4237800531764452,scr2002,avaStIn,bevFrtRoadLight
IE,h2081,0.3668064382544399,scr2002,avaStIn,bevFrtRoadLight
IE,h2082,0.33858624085132816,scr2002,avaStIn,bevFrtRoadLight
IE,h2083,0.33981235579051505,scr2002,avaStIn,bevFrtRoadLight
IE,h2084,0.3644150552627201,scr2002,avaStIn,bevFrtRoadLight
IE,h2085,0.39407002810213865,scr2002,avaStIn,bevFrtRoadLight
IE,h2086,0.4100441996396512,scr2002,avaStIn,bevFrtRoadLight
IE,h2087,0.41244752514225314,scr2002,avaStIn,bevFrtRoadLight
IE,h2088,0.3977671810575979,scr2002,avaStIn,bevFrtRoadLight
IE,h2089,0.3840802424090224,scr2002,avaStIn,bevFrtRoadLight
IE,h2090,0.37136048642151265,scr2002,avaStIn,bevFrtRoadLight
IE,h2091,0.36655496485550265,scr2002,avaStIn,bevFrtRoadLight
IE,h2092,0.3745731212047183,scr2002,avaStIn,bevFrtRoadLight
IE,h2093,0.4026088526762964,scr2002,avaStIn,bevFrtRoadLight
IE,h2094,0.44640061438376677,scr2002,avaStIn,bevFrtRoadLight
IE,h2095,0.4973037920546317,scr2002,avaStIn,bevFrtRoadLight
IE,h2096,0.5420216950586382,scr2002,avaStIn,bevFrtRoadLight
IE,h2097,0.5736954068525849,scr2002,avaStIn,bevFrtRoadLight
IE,h2098,0.5880342997851788,scr2002,avaStIn,bevFrtRoadLight
IE,h2099,0.5918947845476326,scr2002,avaStIn,bevFrtRoadLight
IE,h2100,0.5837522950091351,scr2002,avaStIn,bevFrtRoadLight
IE,h2101,0.566630011228302,scr2002,avaStIn,bevFrtRoadLight
IE,h2102,0.5326460205473856,scr2002,avaStIn,bevFrtRoadLight
IE,h2103,0.48334141219508586,scr2002,avaStIn,bevFrtRoadLight
IE,h2104,0.4237800531764452,scr2002,avaStIn,bevFrtRoadLight
IE,h2105,0.3668064382544399,scr2002,avaStIn,bevFrtRoadLight
IE,h2106,0.33858624085132816,scr2002,avaStIn,bevFrtRoadLight
IE,h2107,0.33981235579051505,scr2002,avaStIn,bevFrtRoadLight
IE,h2108,0.3644150552627201,scr2002,avaStIn,bevFrtRoadLight
IE,h2109,0.39407002810213865,scr2002,avaStIn,bevFrtRoadLight
IE,h2110,0.4100441996396512,scr2002,avaStIn,bevFrtRoadLight
IE,h2111,0.41244752514225314,scr2002,avaStIn,bevFrtRoadLight
IE,h2112,0.3977671810575979,scr2002,avaStIn,bevFrtRoadLight
IE,h2113,0.4215422859318668,scr2002,avaStIn,bevFrtRoadLight
IE,h2114,0.44561523253946533,scr2002,avaStIn,bevFrtRoadLight
IE,h2115,0.46890884939949806,scr2002,avaStIn,bevFrtRoadLight
IE,h2116,0.4606801828577375,scr2002,avaStIn,bevFrtRoadLight
IE,h2117,0.4598809008191356,scr2002,avaStIn,bevFrtRoadLight
IE,h2118,0.47373682010553864,scr2002,avaStIn,bevFrtRoadLight
IE,h2119,0.49837466067849223,scr2002,avaStIn,bevFrtRoadLight
IE,h2120,0.5249322712656334,scr2002,avaStIn,bevFrtRoadLight
IE,h2121,0.5295524702973696,scr2002,avaStIn,bevFrtRoadLight
IE,h2122,0.5237384833973733,scr2002,avaStIn,bevFrtRoadLight
IE,h2123,0.517462220076728,scr2002,avaStIn,bevFrtRoadLight
IE,h2124,0.5202231448594441,scr2002,avaStIn,bevFrtRoadLight
IE,h2125,0.5168074572603817,scr2002,avaStIn,bevFrtRoadLight
IE,h2126,0.4881087918461403,scr2002,avaStIn,bevFrtRoadLight
IE,h2127,0.4401501060096197,scr2002,avaStIn,bevFrtRoadLight
IE,h2128,0.3751810028677981,scr2002,avaStIn,bevFrtRoadLight
IE,h2129,0.3184738733356699,scr2002,avaStIn,bevFrtRoadLight
IE,h2130,0.2885496316681868,scr2002,avaStIn,bevFrtRoadLight
IE,h2131,0.2950430145218158,scr2002,avaStIn,bevFrtRoadLight
IE,h2132,0.3362350273761402,scr2002,avaStIn,bevFrtRoadLight
IE,h2133,0.3905257678468871,scr2002,avaStIn,bevFrtRoadLight
IE,h2134,0.4405757953478313,scr2002,avaStIn,bevFrtRoadLight
IE,h2135,0.4738121072088959,scr2002,avaStIn,bevFrtRoadLight
IE,h2136,0.4995552626921461,scr2002,avaStIn,bevFrtRoadLight
IE,h2137,0.5006979269249346,scr2002,avaStIn,bevFrtRoadLight
IE,h2138,0.49234384959123256,scr2002,avaStIn,bevFrtRoadLight
IE,h2139,0.46890884939949806,scr2002,avaStIn,bevFrtRoadLight
IE,h2140,0.4606801828577375,scr2002,avaStIn,bevFrtRoadLight
IE,h2141,0.4598809008191356,scr2002,avaStIn,bevFrtRoadLight
IE,h2142,0.47373682010553864,scr2002,avaStIn,bevFrtRoadLight
IE,h2143,0.49837466067849223,scr2002,avaStIn,bevFrtRoadLight
IE,h2144,0.5249322712656334,scr2002,avaStIn,bevFrtRoadLight
IE,h2145,0.5295524702973696,scr2002,avaStIn,bevFrtRoadLight
IE,h2146,0.5237384833973733,scr2002,avaStIn,bevFrtRoadLight
IE,h2147,0.517462220076728,scr2002,avaStIn,bevFrtRoadLight
IE,h2148,0.5202231448594441,scr2002,avaStIn,bevFrtRoadLight
IE,h2149,0.5168074572603817,scr2002,avaStIn,bevFrtRoadLight
IE,h2150,0.4881087918461403,scr2002,avaStIn,bevFrtRoadLight
IE,h2151,0.4401501060096197,scr2002,avaStIn,bevFrtRoadLight
IE,h2152,0.3751810028677981,scr2002,avaStIn,bevFrtRoadLight
IE,h2153,0.3184738733356699,scr2002,avaStIn,bevFrtRoadLight
IE,h2154,0.2885496316681868,scr2002,avaStIn,bevFrtRoadLight
IE,h2155,0.2950430145218158,scr2002,avaStIn,bevFrtRoadLight
IE,h2156,0.3362350273761402,scr2002,avaStIn,bevFrtRoadLight
IE,h2157,0.3905257678468871,scr2002,avaStIn,bevFrtRoadLight
IE,h2158,0.4405757953478313,scr2002,avaStIn,bevFrtRoadLight
IE,h2159,0.4738121072088959,scr2002,avaStIn,bevFrtRoadLight
IE,h2160,0.4995552626921461,scr2002,avaStIn,bevFrtRoadLight
HR,h1441,0.3714353995574986,scr2002,avaStIn,bevFrtRoadLight
HR,h1442,0.3846086524108919,scr2002,avaStIn,bevFrtRoadLight
HR,h1443,0.42374952391826404,scr2002,avaStIn,bevFrtRoadLight
HR,h1444,0.4709102315761218,scr2002,avaStIn,bevFrtRoadLight
HR,h1445,0.5000591446961408,scr2002,avaStIn,bevFrtRoadLight
HR,h1446,0.495233345157142,scr2002,avaStIn,bevFrtRoadLight
HR,h1447,0.5008043596015219,scr2002,avaStIn,bevFrtRoadLight
HR,h1448,0.5021789974738545,scr2002,avaStIn,bevFrtRoadLight
HR,h1449,0.5231874460949842,scr2002,avaStIn,bevFrtRoadLight
HR,h1450,0.5308529822226913,scr2002,avaStIn,bevFrtRoadLight
HR,h1451,0.536356959269228,scr2002,avaStIn,bevFrtRoadLight
HR,h1452,0.5373881561276749,scr2002,avaStIn,bevFrtRoadLight
HR,h1453,0.5288075990651915,scr2002,avaStIn,bevFrtRoadLight
HR,h1454,0.5095709286669997,scr2002,avaStIn,bevFrtRoadLight
HR,h1455,0.473753550931062,scr2002,avaStIn,bevFrtRoadLight
HR,h1456,0.4304466538396563,scr2002,avaStIn,bevFrtRoadLight
HR,h1457,0.3826879992214788,scr2002,avaStIn,bevFrtRoadLight
HR,h1458,0.35009603390058996,scr2002,avaStIn,bevFrtRoadLight
HR,h1459,0.3349394292024723,scr2002,avaStIn,bevFrtRoadLight
HR,h1460,0.34869160218954365,scr2002,avaStIn,bevFrtRoadLight
HR,h1461,0.36780057797615695,scr2002,avaStIn,bevFrtRoadLight
HR,h1462,0.38682791024436847,scr2002,avaStIn,bevFrtRoadLight
HR,h1463,0.3912979680884232,scr2002,avaStIn,bevFrtRoadLight
HR,h1464,0.3985938980480803,scr2002,avaStIn,bevFrtRoadLight
HR,h1465,0.38540755881640665,scr2002,avaStIn,bevFrtRoadLight
HR,h1466,0.39834418280524153,scr2002,avaStIn,bevFrtRoadLight
HR,h1467,0.42374952391826404,scr2002,avaStIn,bevFrtRoadLight
HR,h1468,0.4709102315761218,scr2002,avaStIn,bevFrtRoadLight
HR,h1469,0.5000591446961408,scr2002,avaStIn,bevFrtRoadLight
HR,h1470,0.495233345157142,scr2002,avaStIn,bevFrtRoadLight
HR,h1471,0.5008043596015219,scr2002,avaStIn,bevFrtRoadLight
HR,h1472,0.5021789974738545,scr2002,avaStIn,bevFrtRoadLight
HR,h1473,0.5231874460949842,scr2002,avaStIn,bevFrtRoadLight
HR,h1474,0.5308529822226913,scr2002,avaStIn,bevFrtRoadLight
HR,h1475,0.536356959269228,scr2002,avaStIn,bevFrtRoadLight
HR,h1476,0.5373881561276749,scr2002,avaStIn,bevFrtRoadLight
HR,h1477,0.5288075990651915,scr2002,avaStIn,bevFrtRoadLight
HR,h1478,0.5095709286669997,scr2002,avaStIn,bevFrtRoadLight
HR,h1479,0.473753550931062,scr2002,avaStIn,bevFrtRoadLight
HR,h1480,0.4304466538396563,scr2002,avaStIn,bevFrtRoadLight
HR,h1481,0.3826879992214788,scr2002,avaStIn,bevFrtRoadLight
HR,h1482,0.35009603390058996,scr2002,avaStIn,bevFrtRoadLight
HR,h1483,0.3349394292024723,scr2002,avaStIn,bevFrtRoadLight
HR,h1484,0.34869160218954365,scr2002,avaStIn,bevFrtRoadLight
HR,h1485,0.36780057797615695,scr2002,avaStIn,bevFrtRoadLight
HR,h1486,0.38682791024436847,scr2002,avaStIn,bevFrtRoadLight
HR,h1487,0.3912979680884232,scr2002,avaStIn,bevFrtRoadLight
HR,h1488,0.3985938980480803,scr2002,avaStIn,bevFrtRoadLight
HR,h1489,0.4174388969205469,scr2002,avaStIn,bevFrtRoadLight
HR,h1490,0.4439543832070485,scr2002,avaStIn,bevFrtRoadLight
HR,h1491,0.464238846132911,scr2002,avaStIn,bevFrtRoadLight
HR,h1492,0.4692993118565085,scr2002,avaStIn,bevFrtRoadLight
HR,h1493,0.4647572130501477,scr2002,avaStIn,bevFrtRoadLight
HR,h1494,0.4606421333392813,scr2002,avaStIn,bevFrtRoadLight
HR,h1495,0.4606294501381404,scr2002,avaStIn,bevFrtRoadLight
HR,h1496,0.4771202000278558,scr2002,avaStIn,bevFrtRoadLight
HR,h1497,0.4942956004519071,scr2002,avaStIn,bevFrtRoadLight
HR,h1498,0.5099123823053463,scr2002,avaStIn,bevFrtRoadLight
HR,h1499,0.5161038254350148,scr2002,avaStIn,bevFrtRoadLight
HR,h1500,0.5219276355822776,scr2002,avaStIn,bevFrtRoadLight
HR,h1501,0.5234247828552905,scr2002,avaStIn,bevFrtRoadLight
HR,h1502,0.515666896351518,scr2002,avaStIn,bevFrtRoadLight
HR,h1503,0.4904757420921084,scr2002,avaStIn,bevFrtRoadLight
HR,h1504,0.4511048686615209,scr2002,avaStIn,bevFrtRoadLight
HR,h1505,0.401719554609377,scr2002,avaStIn,bevFrtRoadLight
HR,h1506,0.362910361244157,scr2002,avaStIn,bevFrtRoadLight
HR,h1507,0.3472619056461236,scr2002,avaStIn,bevFrtRoadLight
HR,h1508,0.35727079588328314,scr2002,avaStIn,bevFrtRoadLight
HR,h1509,0.378468834507535,scr2002,avaStIn,bevFrtRoadLight
HR,h1510,0.39319028121074384,scr2002,avaStIn,bevFrtRoadLight
HR,h1511,0.3959422870730802,scr2002,avaStIn,bevFrtRoadLight
HR,h1512,0.3854887711962275,scr2002,avaStIn,bevFrtRoadLight
HR,h1513,0.42769853598926943,scr2002,avaStIn,bevFrtRoadLight
HR,h1514,0.46444116177482064,scr2002,avaStIn,bevFrtRoadLight
HR,h1515,0.5002557267591349,scr2002,avaStIn,bevFrtRoadLight
HR,h1516,0.4779833592811431,scr2002,avaStIn,bevFrtRoadLight
HR,h1517,0.45518876455881485,scr2002,avaStIn,bevFrtRoadLight
HR,h1518,0.43596244051473665,scr2002,avaStIn,bevFrtRoadLight
HR,h1519,0.4287672948543091,scr2002,avaStIn,bevFrtRoadLight
HR,h1520,0.4310449118345231,scr2002,avaStIn,bevFrtRoadLight
HR,h1521,0.43651906754470926,scr2002,avaStIn,bevFrtRoadLight
HR,h1522,0.42784196327677315,scr2002,avaStIn,bevFrtRoadLight
HR,h1523,0.40165285769436365,scr2002,avaStIn,bevFrtRoadLight
HR,h1524,0.3554492048303812,scr2002,avaStIn,bevFrtRoadLight
HR,h1525,0.30743387757687923,scr2002,avaStIn,bevFrtRoadLight
HR,h1526,0.278936309503648,scr2002,avaStIn,bevFrtRoadLight
HR,h1527,0.28525649117608465,scr2002,avaStIn,bevFrtRoadLight
HR,h1528,0.33100477113297455,scr2002,avaStIn,bevFrtRoadLight
HR,h1529,0.3951643597987161,scr2002,avaStIn,bevFrtRoadLight
HR,h1530,0.46644985491696445,scr2002,avaStIn,bevFrtRoadLight
HR,h1531,0.5302489042156142,scr2002,avaStIn,bevFrtRoadLight
HR,h1532,0.5770673902258092,scr2002,avaStIn,bevFrtRoadLight
HR,h1533,0.5986769755958498,scr2002,avaStIn,bevFrtRoadLight
HR,h1534,0.6016883948095747,scr2002,avaStIn,bevFrtRoadLight
HR,h1535,0.5924055260109063,scr2002,avaStIn,bevFrtRoadLight
HR,h1536,0.5774847836798132,scr2002,avaStIn,bevFrtRoadLight
HR,h1537,0.5517773619954187,scr2002,avaStIn,bevFrtRoadLight
HR,h1538,0.5248358437172166,scr2002,avaStIn,bevFrtRoadLight
HR,h1539,0.5002557267591349,scr2002,avaStIn,bevFrtRoadLight
HR,h1540,0.4779833592811431,scr2002,avaStIn,bevFrtRoadLight
HR,h1541,0.45518876455881485,scr2002,avaStIn,bevFrtRoadLight
HR,h1542,0.43596244051473665,scr2002,avaStIn,bevFrtRoadLight
HR,h1543,0.4287672948543091,scr2002,avaStIn,bevFrtRoadLight
HR,h1544,0.4310449118345231,scr2002,avaStIn,bevFrtRoadLight
HR,h1545,0.43651906754470926,scr2002,avaStIn,bevFrtRoadLight
HR,h1546,0.42784196327677315,scr2002,avaStIn,bevFrtRoadLight
HR,h1547,0.40165285769436365,scr2002,avaStIn,bevFrtRoadLight
HR,h1548,0.3554492048303812,scr2002,avaStIn,bevFrtRoadLight
HR,h1549,0.30743387757687923,scr2002,avaStIn,bevFrtRoadLight
HR,h1550,0.278936309503648,scr2002,avaStIn,bevFrtRoadLight
HR,h1551,0.28525649117608465,scr2002,avaStIn,bevFrtRoadLight
HR,h1552,0.33100477113297455,scr2002,avaStIn,bevFrtRoadLight
HR,h1553,0.3951643597987161,scr2002,avaStIn,bevFrtRoadLight
HR,h1554,0.46644985491696445,scr2002,avaStIn,bevFrtRoadLight
HR,h1555,0.5302489042156142,scr2002,avaStIn,bevFrtRoadLight
HR,h1556,0.5770673902258092,scr2002,avaStIn,bevFrtRoadLight
HR,h1557,0.5986769755958498,scr2002,avaStIn,bevFrtRoadLight
HR,h1558,0.6016883948095747,scr2002,avaStIn,bevFrtRoadLight
HR,h1559,0.5924055260109063,scr2002,avaStIn,bevFrtRoadLight
HR,h1560,0.5774847836798132,scr2002,avaStIn,bevFrtRoadLight
HR,h1561,0.5517773619954187,scr2002,avaStIn,bevFrtRoadLight
HR,h1562,0.5248358437172166,scr2002,avaStIn,bevFrtRoadLight
HR,h1563,0.5002557267591349,scr2002,avaStIn,bevFrtRoadLight
HR,h1564,0.4779833592811431,scr2002,avaStIn,bevFrtRoadLight
HR,h1565,0.45518876455881485,scr2002,avaStIn,bevFrtRoadLight
HR,h1566,0.43596244051473665,scr2002,avaStIn,bevFrtRoadLight
HR,h1567,0.4287672948543091,scr2002,avaStIn,bevFrtRoadLight
HR,h1568,0.4310449118345231,scr2002,avaStIn,bevFrtRoadLight
HR,h1569,0.43651906754470926,scr2002,avaStIn,bevFrtRoadLight
HR,h1570,0.42784196327677315,scr2002,avaStIn,bevFrtRoadLight
HR,h1571,0.40165285769436365,scr2002,avaStIn,bevFrtRoadLight
HR,h1572,0.3554492048303812,scr2002,avaStIn,bevFrtRoadLight
HR,h1573,0.30743387757687923,scr2002,avaStIn,bevFrtRoadLight
HR,h1574,0.278936309503648,scr2002,avaStIn,bevFrtRoadLight
HR,h1575,0.28525649117608465,scr2002,avaStIn,bevFrtRoadLight
HR,h1576,0.33100477113297455,scr2002,avaStIn,bevFrtRoadLight
HR,h1577,0.3951643597987161,scr2002,avaStIn,bevFrtRoadLight
HR,h1578,0.46644985491696445,scr2002,avaStIn,bevFrtRoadLight
HR,h1579,0.5302489042156142,scr2002,avaStIn,bevFrtRoadLight
HR,h1580,0.5770673902258092,scr2002,avaStIn,bevFrtRoadLight
HR,h1581,0.5986769755958498,scr2002,avaStIn,bevFrtRoadLight
HR,h1582,0.6016883948095747,scr2002,avaStIn,bevFrtRoadLight
HR,h1583,0.5924055260109063,scr2002,avaStIn,bevFrtRoadLight
HR,h1584,0.5774847836798132,scr2002,avaStIn,bevFrtRoadLight
HR,h1585,0.5517773619954187,scr2002,avaStIn,bevFrtRoadLight
HR,h1586,0.5248358437172166,scr2002,avaStIn,bevFrtRoadLight
HR,h1587,0.5002557267591349,scr2002,avaStIn,bevFrtRoadLight
HR,h1588,0.4779833592811431,scr2002,avaStIn,bevFrtRoadLight
HR,h1589,0.45518876455881485,scr2002,avaStIn,bevFrtRoadLight
HR,h1590,0.43596244051473665,scr2002,avaStIn,bevFrtRoadLight
HR,h1591,0.4287672948543091,scr2002,avaStIn,bevFrtRoadLight
HR,h1592,0.4310449118345231,scr2002,avaStIn,bevFrtRoadLight
HR,h1593,0.43651906754470926,scr2002,avaStIn,bevFrtRoadLight
HR,h1594,0.42784196327677315,scr2002,avaStIn,bevFrtRoadLight
HR,h1595,0.40165285769436365,scr2002,avaStIn,bevFrtRoadLight
HR,h1596,0.3554492048303812,scr2002,avaStIn,bevFrtRoadLight
HR,h1597,0.30743387757687923,scr2002,avaStIn,bevFrtRoadLight
HR,h1598,0.278936309503648,scr2002,avaStIn,bevFrtRoadLight
HR,h1599,0.28525649117608465,scr2002,avaStIn,bevFrtRoadLight
HR,h1600,0.33100477113297455,scr2002,avaStIn,bevFrtRoadLight
HR,h1601,0.3951643597987161,scr2002,avaStIn,bevFrtRoadLight
HR,h1602,0.46644985491696445,scr2002,avaStIn,bevFrtRoadLight
HR,h1603,0.5302489042156142,scr2002,avaStIn,bevFrtRoadLight
HR,h1604,0.5770673902258092,scr2002,avaStIn,bevFrtRoadLight
HR,h1605,0.5986769755958498,scr2002,avaStIn,bevFrtRoadLight
HR,h1606,0.6016883948095747,scr2002,avaStIn,bevFrtRoadLight
HR,h1607,0.5924055260109063,scr2002,avaStIn,bevFrtRoadLight
HR,h1608,0.5774847836798132,scr2002,avaStIn,bevFrtRoadLight
HR,h1609,0.5399833096273894,scr2002,avaStIn,bevFrtRoadLight
HR,h1610,0.5020113380135911,scr2002,avaStIn,bevFrtRoadLight
HR,h1611,0.4635722307063156,scr2002,avaStIn,bevFrtRoadLight
HR,h1612,0.4380348659574729,scr2002,avaStIn,bevFrtRoadLight
HR,h1613,0.40762124803256283,scr2002,avaStIn,bevFrtRoadLight
HR,h1614,0.37888830724468336,scr2002,avaStIn,bevFrtRoadLight
HR,h1615,0.36958381422293585,scr2002,avaStIn,bevFrtRoadLight
HR,h1616,0.37840208488783933,scr2002,avaStIn,bevFrtRoadLight
HR,h1617,0.40312593459237533,scr2002,avaStIn,bevFrtRoadLight
HR,h1618,0.41362439373824145,scr2002,avaStIn,bevFrtRoadLight
HR,h1619,0.4028461315685412,scr2002,avaStIn,bevFrtRoadLight
HR,h1620,0.3603437041144123,scr2002,avaStIn,bevFrtRoadLight
HR,h1621,0.300735364069155,scr2002,avaStIn,bevFrtRoadLight
HR,h1622,0.24177370465061954,scr2002,avaStIn,bevFrtRoadLight
HR,h1623,0.21970614560615676,scr2002,avaStIn,bevFrtRoadLight
HR,h1624,0.25508395733229006,scr2002,avaStIn,bevFrtRoadLight
HR,h1625,0.34767139096765254,scr2002,avaStIn,bevFrtRoadLight
HR,h1626,0.45228041046836875,scr2002,avaStIn,bevFrtRoadLight
HR,h1627,0.5341134302691986,scr2002,avaStIn,bevFrtRoadLight
HR,h1628,0.5851656457268322,scr2002,avaStIn,bevFrtRoadLight
HR,h1629,0.6079565962864942,scr2002,avaStIn,bevFrtRoadLight
HR,h1630,0.6088378322847627,scr2002,avaStIn,bevFrtRoadLight
HR,h1631,0.5862547005889717,scr2002,avaStIn,bevFrtRoadLight
HR,h1632,0.5503272305028044,scr2002,avaStIn,bevFrtRoadLight
HR,h1633,0.5157882800473498,scr2002,avaStIn,bevFrtRoadLight
HR,h1634,0.4876212160339364,scr2002,avaStIn,bevFrtRoadLight
HR,h1635,0.4635722307063156,scr2002,avaStIn,bevFrtRoadLight
HR,h1636,0.4380348659574729,scr2002,avaStIn,bevFrtRoadLight
HR,h1637,0.40762124803256283,scr2002,avaStIn,bevFrtRoadLight
HR,h1638,0.37888830724468336,scr2002,avaStIn,bevFrtRoadLight
HR,h1639,0.36958381422293585,scr2002,avaStIn,bevFrtRoadLight
HR,h1640,0.37840208488783933,scr2002,avaStIn,bevFrtRoadLight
HR,h1641,0.40312593459237533,scr2002,avaStIn,bevFrtRoadLight
HR,h1642,0.41362439373824145,scr2002,avaStIn,bevFrtRoadLight
HR,h1643,0.4028461315685412,scr2002,avaStIn,bevFrtRoadLight
HR,h1644,0.3603437041144123,scr2002,avaStIn,bevFrtRoadLight
HR,h1645,0.300735364069155,scr2002,avaStIn,bevFrtRoadLight
HR,h1646,0.24177370465061954,scr2002,avaStIn,bevFrtRoadLight
HR,h1647,0.21970614560615676,scr2002,avaStIn,bevFrtRoadLight
HR,h1648,0.25508395733229006,scr2002,avaStIn,bevFrtRoadLight
HR,h1649,0.34767139096765254,scr2002,avaStIn,bevFrtRoadLight
HR,h1650,0.45228041046836875,scr2002,avaStIn,bevFrtRoadLight
HR,h1651,0.5341134302691986,scr2002,avaStIn,bevFrtRoadLight
HR,h1652,0.5851656457268322,scr2002,avaStIn,bevFrtRoadLight
HR,h1653,0.6079565962864942,scr2002,avaStIn,bevFrtRoadLight
HR,h1654,0.6088378322847627,scr2002,avaStIn,bevFrtRoadLight
HR,h1655,0.5862547005889717,scr2002,avaStIn,bevFrtRoadLight
HR,h1656,0.5503272305028044,scr2002,avaStIn,bevFrtRoadLight
HR,h1657,0.5277989482493217,scr2002,avaStIn,bevFrtRoadLight
HR,h1658,0.5107010378978177,scr2002,avaStIn,bevFrtRoadLight
HR,h1659,0.5002557267591349,scr2002,avaStIn,bevFrtRoadLight
HR,h1660,0.4779833592811431,scr2002,avaStIn,bevFrtRoadLight
HR,h1661,0.45518876455881485,scr2002,avaStIn,bevFrtRoadLight
HR,h1662,0.43596244051473665,scr2002,avaStIn,bevFrtRoadLight
HR,h1663,0.4287672948543091,scr2002,avaStIn,bevFrtRoadLight
HR,h1664,0.4310449118345231,scr2002,avaStIn,bevFrtRoadLight
HR,h1665,0.43651906754470926,scr2002,avaStIn,bevFrtRoadLight
HR,h1666,0.42784196327677315,scr2002,avaStIn,bevFrtRoadLight
HR,h1667,0.40165285769436365,scr2002,avaStIn,bevFrtRoadLight
HR,h1668,0.3554492048303812,scr2002,avaStIn,bevFrtRoadLight
HR,h1669,0.30743387757687923,scr2002,avaStIn,bevFrtRoadLight
HR,h1670,0.278936309503648,scr2002,avaStIn,bevFrtRoadLight
HR,h1671,0.28525649117608465,scr2002,avaStIn,bevFrtRoadLight
HR,h1672,0.33100477113297455,scr2002,avaStIn,bevFrtRoadLight
HR,h1673,0.3951643597987161,scr2002,avaStIn,bevFrtRoadLight
HR,h1674,0.46644985491696445,scr2002,avaStIn,bevFrtRoadLight
HR,h1675,0.5302489042156142,scr2002,avaStIn,bevFrtRoadLight
HR,h1676,0.5770673902258092,scr2002,avaStIn,bevFrtRoadLight
HR,h1677,0.5986769755958498,scr2002,avaStIn,bevFrtRoadLight
HR,h1678,0.6016883948095747,scr2002,avaStIn,bevFrtRoadLight
HR,h1679,0.5924055260109063,scr2002,avaStIn,bevFrtRoadLight
HR,h1680,0.5774847836798132,scr2002,avaStIn,bevFrtRoadLight
HR,h1681,0.5517773619954187,scr2002,avaStIn,bevFrtRoadLight
HR,h1682,0.5248358437172166,scr2002,avaStIn,bevFrtRoadLight
HR,h1683,0.5002557267591349,scr2002,avaStIn,bevFrtRoadLight
HR,h1684,0.4779833592811431,scr2002,avaStIn,bevFrtRoadLight
HR,h1685,0.45518876455881485,scr2002,avaStIn,bevFrtRoadLight
HR,h1686,0.43596244051473665,scr2002,avaStIn,bevFrtRoadLight
HR,h1687,0.4287672948543091,scr2002,avaStIn,bevFrtRoadLight
HR,h1688,0.4310449118345231,scr2002,avaStIn,bevFrtRoadLight
HR,h1689,0.43651906754470926,scr2002,avaStIn,bevFrtRoadLight
HR,h1690,0.42784196327677315,scr2002,avaStIn,bevFrtRoadLight
HR,h1691,0.40165285769436365,scr2002,avaStIn,bevFrtRoadLight
HR,h1692,0.3554492048303812,scr2002,avaStIn,bevFrtRoadLight
HR,h1693,0.30743387757687923,scr2002,avaStIn,bevFrtRoadLight
HR,h1694,0.278936309503648,scr2002,avaStIn,bevFrtRoadLight
HR,h1695,0.28525649117608465,scr2002,avaStIn,bevFrtRoadLight
HR,h1696,0.33100477113297455,scr2002,avaStIn,bevFrtRoadLight
HR,h1697,0.3951643597987161,scr2002,avaStIn,bevFrtRoadLight
HR,h1698,0.46644985491696445,scr2002,avaStIn,bevFrtRoadLight
HR,h1699,0.5302489042156142,scr2002,avaStIn,bevFrtRoadLight
HR,h1700,0.5770673902258092,scr2002,avaStIn,bevFrtRoadLight
HR,h1701,0.5986769755958498,scr2002,avaStIn,bevFrtRoadLight
HR,h1702,0.6016883948095747,scr2002,avaStIn,bevFrtRoadLight
HR,h1703,0.5924055260109063,scr2002,avaStIn,bevFrtRoadLight
HR,h1704,0.5774847836798132,scr2002,avaStIn,bevFrtRoadLight
HR,h1705,0.509038057831711,scr2002,avaStIn,bevFrtRoadLight
HR,h1706,0.45316073221470254,scr2002,avaStIn,bevFrtRoadLight
HR,h1707,0.4106293035759673,scr2002,avaStIn,bevFrtRoadLight
HR,h1708,0.4302562346105031,scr2002,avaStIn,bevFrtRoadLight
HR,h1709,0.4411964644145132,scr2002,avaStIn,bevFrtRoadLight
HR,h1710,0.45751109901302867,scr2002,avaStIn,bevFrtRoadLight
HR,h1711,0.48871757217710954,scr2002,avaStIn,bevFrtRoadLight
HR,h1712,0.5314509691002262,scr2002,avaStIn,bevFrtRoadLight
HR,h1713,0.5711878747561929,scr2002,avaStIn,bevFrtRoadLight
HR,h1714,0.5980939691710526,scr2002,avaStIn,bevFrtRoadLight
HR,h1715,0.608394034195855,scr2002,avaStIn,bevFrtRoadLight
HR,h1716,0.6010568773540479,scr2002,avaStIn,bevFrtRoadLight
HR,h1717,0.5764247164288175,scr2002,avaStIn,bevFrtRoadLight
HR,h1718,0.5401459054358786,scr2002,avaStIn,bevFrtRoadLight
HR,h1719,0.4982672792884357,scr2002,avaStIn,bevFrtRoadLight
HR,h1720,0.4574139907405833,scr2002,avaStIn,bevFrtRoadLight
HR,h1721,0.42470386872332366,scr2002,avaStIn,bevFrtRoadLight
HR,h1722,0.4070105681582177,scr2002,avaStIn,bevFrtRoadLight
HR,h1723,0.3993554704479094,scr2002,avaStIn,bevFrtRoadLight
HR,h1724,0.3942528360151184,scr2002,avaStIn,bevFrtRoadLight
HR,h1725,0.3809841238928826,scr2002,avaStIn,bevFrtRoadLight
HR,h1726,0.3497784944040866,scr2002,avaStIn,bevFrtRoadLight
HR,h1727,0.3123069662403203,scr2002,avaStIn,bevFrtRoadLight
HR,h1728,0.2821792829284123,scr2002,avaStIn,bevFrtRoadLight
HR,h1729,0.3106843918239848,scr2002,avaStIn,bevFrtRoadLight
HR,h1730,0.35866299968064763,scr2002,avaStIn,bevFrtRoadLight
HR,h1731,0.4106293035759673,scr2002,avaStIn,bevFrtRoadLight
HR,h1732,0.4302562346105031,scr2002,avaStIn,bevFrtRoadLight
HR,h1733,0.4411964644145132,scr2002,avaStIn,bevFrtRoadLight
HR,h1734,0.45751109901302867,scr2002,avaStIn,bevFrtRoadLight
HR,h1735,0.48871757217710954,scr2002,avaStIn,bevFrtRoadLight
HR,h1736,0.5314509691002262,scr2002,avaStIn,bevFrtRoadLight
HR,h1737,0.5711878747561929,scr2002,avaStIn,bevFrtRoadLight
HR,h1738,0.5980939691710526,scr2002,avaStIn,bevFrtRoadLight
HR,h1739,0.608394034195855,scr2002,avaStIn,bevFrtRoadLight
HR,h1740,0.6010568773540479,scr2002,avaStIn,bevFrtRoadLight
HR,h1741,0.5764247164288175,scr2002,avaStIn,bevFrtRoadLight
HR,h1742,0.5401459054358786,scr2002,avaStIn,bevFrtRoadLight
HR,h1743,0.4982672792884357,scr2002,avaStIn,bevFrtRoadLight
HR,h1744,0.4574139907405833,scr2002,avaStIn,bevFrtRoadLight
HR,h1745,0.42470386872332366,scr2002,avaStIn,bevFrtRoadLight
HR,h1746,0.4070105681582177,scr2002,avaStIn,bevFrtRoadLight
HR,h1747,0.3993554704479094,scr2002,avaStIn,bevFrtRoadLight
HR,h1748,0.3942528360151184,scr2002,avaStIn,bevFrtRoadLight
HR,h1749,0.3809841238928826,scr2002,avaStIn,bevFrtRoadLight
HR,h1750,0.3497784944040866,scr2002,avaStIn,bevFrtRoadLight
HR,h1751,0.3123069662403203,scr2002,avaStIn,bevFrtRoadLight
HR,h1752,0.2821792829284123,scr2002,avaStIn,bevFrtRoadLight
HR,h1753,0.3106843918239848,scr2002,avaStIn,bevFrtRoadLight
HR,h1754,0.35866299968064763,scr2002,avaStIn,bevFrtRoadLight
HR,h1755,0.4106293035759673,scr2002,avaStIn,bevFrtRoadLight
HR,h1756,0.4302562346105031,scr2002,avaStIn,bevFrtRoadLight
HR,h1757,0.4411964644145132,scr2002,avaStIn,bevFrtRoadLight
HR,h1758,0.45751109901302867,scr2002,avaStIn,bevFrtRoadLight
HR,h1759,0.48871757217710954,scr2002,avaStIn,bevFrtRoadLight
HR,h1760,0.5314509691002262,scr2002,avaStIn,bevFrtRoadLight
HR,h1761,0.5711878747561929,scr2002,avaStIn,bevFrtRoadLight
HR,h1762,0.5980939691710526,scr2002,avaStIn,bevFrtRoadLight
HR,h1763,0.608394034195855,scr2002,avaStIn,bevFrtRoadLight
HR,h1764,0.6010568773540479,scr2002,avaStIn,bevFrtRoadLight
HR,h1765,0.5764247164288175,scr2002,avaStIn,bevFrtRoadLight
HR,h1766,0.5401459054358786,scr2002,avaStIn,bevFrtRoadLight
HR,h1767,0.4982672792884357,scr2002,avaStIn,bevFrtRoadLight
HR,h1768,0.4574139907405833,scr2002,avaStIn,bevFrtRoadLight
HR,h1769,0.42470386872332366,scr2002,avaStIn,bevFrtRoadLight
HR,h1770,0.4070105681582177,scr2002,avaStIn,bevFrtRoadLight
HR,h1771,0.3993554704479094,scr2002,avaStIn,bevFrtRoadLight
HR,h1772,0.3942528360151184,scr2002,avaStIn,bevFrtRoadLight
HR,h1773,0.3809841238928826,scr2002,avaStIn,bevFrtRoadLight
HR,h1774,0.3497784944040866,scr2002,avaStIn,bevFrtRoadLight
HR,h1775,0.3123069662403203,scr2002,avaStIn,bevFrtRoadLight
HR,h1776,0.2821792829284123,scr2002,avaStIn,bevFrtRoadLight
HR,h1777,0.230095162221032,scr2002,avaStIn,bevFrtRoadLight
HR,h1778,0.2300917975935889,scr2002,avaStIn,bevFrtRoadLight
HR,h1779,0.27148343409663167,scr2002,avaStIn,bevFrtRoadLight
HR,h1780,0.3790725700696759,scr2002,avaStIn,bevFrtRoadLight
HR,h1781,0.4623404992613247,scr2002,avaStIn,bevFrtRoadLight
HR,h1782,0.5259162274800008,scr2002,avaStIn,bevFrtRoadLight
HR,h1783,0.5772992909654577,scr2002,avaStIn,bevFrtRoadLight
HR,h1784,0.6171735770568829,scr2002,avaStIn,bevFrtRoadLight
HR,h1785,0.6409152522621753,scr2002,avaStIn,bevFrtRoadLight
HR,h1786,0.6489166669999998,scr2002,avaStIn,bevFrtRoadLight
HR,h1787,0.6400350534574337,scr2002,avaStIn,bevFrtRoadLight
HR,h1788,0.61588415769173,scr2002,avaStIn,bevFrtRoadLight
HR,h1789,0.5753501172674538,scr2002,avaStIn,bevFrtRoadLight
HR,h1790,0.5273486726990765,scr2002,avaStIn,bevFrtRoadLight
HR,h1791,0.47682400205808595,scr2002,avaStIn,bevFrtRoadLight
HR,h1792,0.4288063768750643,scr2002,avaStIn,bevFrtRoadLight
HR,h1793,0.39374570481652504,scr2002,avaStIn,bevFrtRoadLight
HR,h1794,0.3749031506247579,scr2002,avaStIn,bevFrtRoadLight
HR,h1795,0.37209330121313167,scr2002,avaStIn,bevFrtRoadLight
HR,h1796,0.36873105182903665,scr2002,avaStIn,bevFrtRoadLight
HR,h1797,0.3543630997986469,scr2002,avaStIn,bevFrtRoadLight
HR,h1798,0.3154781828948128,scr2002,avaStIn,bevFrtRoadLight
HR,h1799,0.27112993299959987,scr2002,avaStIn,bevFrtRoadLight
HR,h1800,0.2381911639591776,scr2002,avaStIn,bevFrtRoadLight
HR,h1801,0.20075744833264675,scr2002,avaStIn,bevFrtRoadLight
HR,h1802,0.21575624655576675,scr2002,avaStIn,bevFrtRoadLight
HR,h1803,0.27148343409663167,scr2002,avaStIn,bevFrtRoadLight
HR,h1804,0.3790725700696759,scr2002,avaStIn,bevFrtRoadLight
HR,h1805,0.4623404992613247,scr2002,avaStIn,bevFrtRoadLight
HR,h1806,0.5259162274800008,scr2002,avaStIn,bevFrtRoadLight
HR,h1807,0.5772992909654577,scr2002,avaStIn,bevFrtRoadLight
HR,h1808,0.6171735770568829,scr2002,avaStIn,bevFrtRoadLight
HR,h1809,0.6409152522621753,scr2002,avaStIn,bevFrtRoadLight
HR,h1810,0.6489166669999998,scr2002,avaStIn,bevFrtRoadLight
HR,h1811,0.6400350534574337,scr2002,avaStIn,bevFrtRoadLight
HR,h1812,0.61588415769173,scr2002,avaStIn,bevFrtRoadLight
HR,h1813,0.5753501172674538,scr2002,avaStIn,bevFrtRoadLight
HR,h1814,0.5273486726990765,scr2002,avaStIn,bevFrtRoadLight
HR,h1815,0.47682400205808595,scr2002,avaStIn,bevFrtRoadLight
HR,h1816,0.4288063768750643,scr2002,avaStIn,bevFrtRoadLight
HR,h1817,0.39374570481652504,scr2002,avaStIn,bevFrtRoadLight
HR,h1818,0.3749031506247579,scr2002,avaStIn,bevFrtRoadLight
HR,h1819,0.37209330121313167,scr2002,avaStIn,bevFrtRoadLight
HR,h1820,0.36873105182903665,scr2002,avaStIn,bevFrtRoadLight
HR,h1821,0.3543630997986469,scr2002,avaStIn,bevFrtRoadLight
HR,h1822,0.3154781828948128,scr2002,avaStIn,bevFrtRoadLight
HR,h1823,0.27112993299959987,scr2002,avaStIn,bevFrtRoadLight
HR,h1824,0.2381911639591776,scr2002,avaStIn,bevFrtRoadLight
HR,h1825,0.28388199759953203,scr2002,avaStIn,bevFrtRoadLight
HR,h1826,0.34615260530650627,scr2002,avaStIn,bevFrtRoadLight
HR,h1827,0.4106293035759673,scr2002,avaStIn,bevFrtRoadLight
HR,h1828,0.4302562346105031,scr2002,avaStIn,bevFrtRoadLight
HR,h1829,0.4411964644145132,scr2002,avaStIn,bevFrtRoadLight
HR,h1830,0.45751109901302867,scr2002,avaStIn,bevFrtRoadLight
HR,h1831,0.48871757217710954,scr2002,avaStIn,bevFrtRoadLight
HR,h1832,0.5314509691002262,scr2002,avaStIn,bevFrtRoadLight
HR,h1833,0.5711878747561929,scr2002,avaStIn,bevFrtRoadLight
HR,h1834,0.5980939691710526,scr2002,avaStIn,bevFrtRoadLight
HR,h1835,0.608394034195855,scr2002,avaStIn,bevFrtRoadLight
HR,h1836,0.6010568773540479,scr2002,avaStIn,bevFrtRoadLight
HR,h1837,0.5764247164288175,scr2002,avaStIn,bevFrtRoadLight
HR,h1838,0.5401459054358786,scr2002,avaStIn,bevFrtRoadLight
HR,h1839,0.4982672792884357,scr2002,avaStIn,bevFrtRoadLight
HR,h1840,0.4574139907405833,scr2002,avaStIn,bevFrtRoadLight
HR,h1841,0.42470386872332366,scr2002,avaStIn,bevFrtRoadLight
HR,h1842,0.4070105681582177,scr2002,avaStIn,bevFrtRoadLight
HR,h1843,0.3993554704479094,scr2002,avaStIn,bevFrtRoadLight
HR,h1844,0.3942528360151184,scr2002,avaStIn,bevFrtRoadLight
HR,h1845,0.3809841238928826,scr2002,avaStIn,bevFrtRoadLight
HR,h1846,0.3497784944040866,scr2002,avaStIn,bevFrtRoadLight
HR,h1847,0.3123069662403203,scr2002,avaStIn,bevFrtRoadLight
HR,h1848,0.2821792829284123,scr2002,avaStIn,bevFrtRoadLight
HR,h1849,0.3106843918239848,scr2002,avaStIn,bevFrtRoadLight
HR,h1850,0.35866299968064763,scr2002,avaStIn,bevFrtRoadLight
HR,h1851,0.4106293035759673,scr2002,avaStIn,bevFrtRoadLight
HR,h1852,0.4302562346105031,scr2002,avaStIn,bevFrtRoadLight
HR,h1853,0.4411964644145132,scr2002,avaStIn,bevFrtRoadLight
HR,h1854,0.45751109901302867,scr2002,avaStIn,bevFrtRoadLight
HR,h1855,0.48871757217710954,scr2002,avaStIn,bevFrtRoadLight
HR,h1856,0.5314509691002262,scr2002,avaStIn,bevFrtRoadLight
HR,h1857,0.5711878747561929,scr2002,avaStIn,bevFrtRoadLight
HR,h1858,0.5980939691710526,scr2002,avaStIn,bevFrtRoadLight
HR,h1859,0.608394034195855,scr2002,avaStIn,bevFrtRoadLight
HR,h1860,0.6010568773540479,scr2002,avaStIn,bevFrtRoadLight
HR,h1861,0.5764247164288175,scr2002,avaStIn,bevFrtRoadLight
HR,h1862,0.5401459054358786,scr2002,avaStIn,bevFrtRoadLight
HR,h1863,0.4982672792884357,scr2002,avaStIn,bevFrtRoadLight
HR,h1864,0.4574139907405833,scr2002,avaStIn,bevFrtRoadLight
HR,h1865,0.42470386872332366,scr2002,avaStIn,bevFrtRoadLight
HR,h1866,0.4070105681582177,scr2002,avaStIn,bevFrtRoadLight
HR,h1867,0.3993554704479094,scr2002,avaStIn,bevFrtRoadLight
HR,h1868,0.3942528360151184,scr2002,avaStIn,bevFrtRoadLight
HR,h1869,0.3809841238928826,scr2002,avaStIn,bevFrtRoadLight
HR,h1870,0.3497784944040866,scr2002,avaStIn,bevFrtRoadLight
HR,h1871,0.3123069662403203,scr2002,avaStIn,bevFrtRoadLight
HR,h1872,0.2821792829284123,scr2002,avaStIn,bevFrtRoadLight
HR,h1873,0.3106843918239848,scr2002,avaStIn,bevFrtRoadLight
HR,h1874,0.35866299968064763,scr2002,avaStIn,bevFrtRoadLight
HR,h1875,0.4106293035759673,scr2002,avaStIn,bevFrtRoadLight
HR,h1876,0.4302562346105031,scr2002,avaStIn,bevFrtRoadLight
HR,h1877,0.4411964644145132,scr2002,avaStIn,bevFrtRoadLight
HR,h1878,0.45751109901302867,scr2002,avaStIn,bevFrtRoadLight
HR,h1879,0.48871757217710954,scr2002,avaStIn,bevFrtRoadLight
HR,h1880,0.5314509691002262,scr2002,avaStIn,bevFrtRoadLight
HR,h1881,0.5711878747561929,scr2002,avaStIn,bevFrtRoadLight
HR,h1882,0.5980939691710526,scr2002,avaStIn,bevFrtRoadLight
HR,h1883,0.608394034195855,scr2002,avaStIn,bevFrtRoadLight
HR,h1884,0.6010568773540479,scr2002,avaStIn,bevFrtRoadLight
HR,h1885,0.5764247164288175,scr2002,avaStIn,bevFrtRoadLight
HR,h1886,0.5401459054358786,scr2002,avaStIn,bevFrtRoadLight
HR,h1887,0.4982672792884357,scr2002,avaStIn,bevFrtRoadLight
HR,h1888,0.4574139907405833,scr2002,avaStIn,bevFrtRoadLight
HR,h1889,0.42470386872332366,scr2002,avaStIn,bevFrtRoadLight
HR,h1890,0.4070105681582177,scr2002,avaStIn,bevFrtRoadLight
HR,h1891,0.3993554704479094,scr2002,avaStIn,bevFrtRoadLight
HR,h1892,0.3942528360151184,scr2002,avaStIn,bevFrtRoadLight
HR,h1893,0.3809841238928826,scr2002,avaStIn,bevFrtRoadLight
HR,h1894,0.3497784944040866,scr2002,avaStIn,bevFrtRoadLight
HR,h1895,0.3123069662403203,scr2002,avaStIn,bevFrtRoadLight
HR,h1896,0.2821792829284123,scr2002,avaStIn,bevFrtRoadLight
HR,h1897,0.3106843918239848,scr2002,avaStIn,bevFrtRoadLight
HR,h1898,0.35866299968064763,scr2002,avaStIn,bevFrtRoadLight
HR,h1899,0.4106293035759673,scr2002,avaStIn,bevFrtRoadLight
HR,h1900,0.4302562346105031,scr2002,avaStIn,bevFrtRoadLight
HR,h1901,0.4411964644145132,scr2002,avaStIn,bevFrtRoadLight
HR,h1902,0.45751109901302867,scr2002,avaStIn,bevFrtRoadLight
HR,h1903,0.48871757217710954,scr2002,avaStIn,bevFrtRoadLight
HR,h1904,0.5314509691002262,scr2002,avaStIn,bevFrtRoadLight
HR,h1905,0.5711878747561929,scr2002,avaStIn,bevFrtRoadLight
HR,h1906,0.5980939691710526,scr2002,avaStIn,bevFrtRoadLight
HR,h1907,0.608394034195855,scr2002,avaStIn,bevFrtRoadLight
HR,h1908,0.6010568773540479,scr2002,avaStIn,bevFrtRoadLight
HR,h1909,0.5764247164288175,scr2002,avaStIn,bevFrtRoadLight
HR,h1910,0.5401459054358786,scr2002,avaStIn,bevFrtRoadLight
HR,h1911,0.4982672792884357,scr2002,avaStIn,bevFrtRoadLight
HR,h1912,0.4574139907405833,scr2002,avaStIn,bevFrtRoadLight
HR,h1913,0.42470386872332366,scr2002,avaStIn,bevFrtRoadLight
HR,h1914,0.4070105681582177,scr2002,avaStIn,bevFrtRoadLight
HR,h1915,0.3993554704479094,scr2002,avaStIn,bevFrtRoadLight
HR,h1916,0.3942528360151184,scr2002,avaStIn,bevFrtRoadLight
HR,h1917,0.3809841238928826,scr2002,avaStIn,bevFrtRoadLight
HR,h1918,0.3497784944040866,scr2002,avaStIn,bevFrtRoadLight
HR,h1919,0.3123069662403203,scr2002,avaStIn,bevFrtRoadLight
HR,h1920,0.2821792829284123,scr2002,avaStIn,bevFrtRoadLight
HR,h1921,0.3106843918239848,scr2002,avaStIn,bevFrtRoadLight
HR,h1922,0.35866299968064763,scr2002,avaStIn,bevFrtRoadLight
HR,h1923,0.4106293035759673,scr2002,avaStIn,bevFrtRoadLight
HR,h1924,0.4302562346105031,scr2002,avaStIn,bevFrtRoadLight
HR,h1925,0.4411964644145132,scr2002,avaStIn,bevFrtRoadLight
HR,h1926,0.45751109901302867,scr2002,avaStIn,bevFrtRoadLight
HR,h1927,0.48871757217710954,scr2002,avaStIn,bevFrtRoadLight
HR,h1928,0.5314509691002262,scr2002,avaStIn,bevFrtRoadLight
HR,h1929,0.5711878747561929,scr2002,avaStIn,bevFrtRoadLight
HR,h1930,0.5980939691710526,scr2002,avaStIn,bevFrtRoadLight
HR,h1931,0.608394034195855,scr2002,avaStIn,bevFrtRoadLight
HR,h1932,0.6010568773540479,scr2002,avaStIn,bevFrtRoadLight
HR,h1933,0.5764247164288175,scr2002,avaStIn,bevFrtRoadLight
HR,h1934,0.5401459054358786,scr2002,avaStIn,bevFrtRoadLight
HR,h1935,0.4982672792884357,scr2002,avaStIn,bevFrtRoadLight
HR,h1936,0.4574139907405833,scr2002,avaStIn,bevFrtRoadLight
HR,h1937,0.42470386872332366,scr2002,avaStIn,bevFrtRoadLight
HR,h1938,0.4070105681582177,scr2002,avaStIn,bevFrtRoadLight
HR,h1939,0.3993554704479094,scr2002,avaStIn,bevFrtRoadLight
HR,h1940,0.3942528360151184,scr2002,avaStIn,bevFrtRoadLight
HR,h1941,0.3809841238928826,scr2002,avaStIn,bevFrtRoadLight
HR,h1942,0.3497784944040866,scr2002,avaStIn,bevFrtRoadLight
HR,h1943,0.3123069662403203,scr2002,avaStIn,bevFrtRoadLight
HR,h1944,0.2821792829284123,scr2002,avaStIn,bevFrtRoadLight
HR,h1945,0.230095162221032,scr2002,avaStIn,bevFrtRoadLight
HR,h1946,0.2300917975935889,scr2002,avaStIn,bevFrtRoadLight
HR,h1947,0.27148343409663167,scr2002,avaStIn,bevFrtRoadLight
HR,h1948,0.3790725700696759,scr2002,avaStIn,bevFrtRoadLight
HR,h1949,0.4623404992613247,scr2002,avaStIn,bevFrtRoadLight
HR,h1950,0.5259162274800008,scr2002,avaStIn,bevFrtRoadLight
HR,h1951,0.5772992909654577,scr2002,avaStIn,bevFrtRoadLight
HR,h1952,0.6171735770568829,scr2002,avaStIn,bevFrtRoadLight
HR,h1953,0.6409152522621753,scr2002,avaStIn,bevFrtRoadLight
HR,h1954,0.6489166669999998,scr2002,avaStIn,bevFrtRoadLight
HR,h1955,0.6400350534574337,scr2002,avaStIn,bevFrtRoadLight
HR,h1956,0.61588415769173,scr2002,avaStIn,bevFrtRoadLight
HR,h1957,0.5753501172674538,scr2002,avaStIn,bevFrtRoadLight
HR,h1958,0.5273486726990765,scr2002,avaStIn,bevFrtRoadLight
HR,h1959,0.47682400205808595,scr2002,avaStIn,bevFrtRoadLight
HR,h1960,0.4288063768750643,scr2002,avaStIn,bevFrtRoadLight
HR,h1961,0.39374570481652504,scr2002,avaStIn,bevFrtRoadLight
HR,h1962,0.3749031506247579,scr2002,avaStIn,bevFrtRoadLight
HR,h1963,0.37209330121313167,scr2002,avaStIn,bevFrtRoadLight
HR,h1964,0.36873105182903665,scr2002,avaStIn,bevFrtRoadLight
HR,h1965,0.3543630997986469,scr2002,avaStIn,bevFrtRoadLight
HR,h1966,0.3154781828948128,scr2002,avaStIn,bevFrtRoadLight
HR,h1967,0.27112993299959987,scr2002,avaStIn,bevFrtRoadLight
HR,h1968,0.2381911639591776,scr2002,avaStIn,bevFrtRoadLight
HR,h1969,0.20075744833264675,scr2002,avaStIn,bevFrtRoadLight
HR,h1970,0.21575624655576675,scr2002,avaStIn,bevFrtRoadLight
HR,h1971,0.27148343409663167,scr2002,avaStIn,bevFrtRoadLight
HR,h1972,0.3790725700696759,scr2002,avaStIn,bevFrtRoadLight
HR,h1973,0.4623404992613247,scr2002,avaStIn,bevFrtRoadLight
HR,h1974,0.5259162274800008,scr2002,avaStIn,bevFrtRoadLight
HR,h1975,0.5772992909654577,scr2002,avaStIn,bevFrtRoadLight
HR,h1976,0.6171735770568829,scr2002,avaStIn,bevFrtRoadLight
HR,h1977,0.6409152522621753,scr2002,avaStIn,bevFrtRoadLight
HR,h1978,0.6489166669999998,scr2002,avaStIn,bevFrtRoadLight
HR,h1979,0.6400350534574337,scr2002,avaStIn,bevFrtRoadLight
HR,h1980,0.61588415769173,scr2002,avaStIn,bevFrtRoadLight
HR,h1981,0.5753501172674538,scr2002,avaStIn,bevFrtRoadLight
HR,h1982,0.5273486726990765,scr2002,avaStIn,bevFrtRoadLight
HR,h1983,0.47682400205808595,scr2002,avaStIn,bevFrtRoadLight
HR,h1984,0.4288063768750643,scr2002,avaStIn,bevFrtRoadLight
HR,h1985,0.39374570481652504,scr2002,avaStIn,bevFrtRoadLight
HR,h1986,0.3749031506247579,scr2002,avaStIn,bevFrtRoadLight
HR,h1987,0.37209330121313167,scr2002,avaStIn,bevFrtRoadLight
HR,h1988,0.36873105182903665,scr2002,avaStIn,bevFrtRoadLight
HR,h1989,0.3543630997986469,scr2002,avaStIn,bevFrtRoadLight
HR,h1990,0.3154781828948128,scr2002,avaStIn,bevFrtRoadLight
HR,h1991,0.27112993299959987,scr2002,avaStIn,bevFrtRoadLight
HR,h1992,0.2381911639591776,scr2002,avaStIn,bevFrtRoadLight
HR,h1993,0.28388199759953203,scr2002,avaStIn,bevFrtRoadLight
HR,h1994,0.34615260530650627,scr2002,avaStIn,bevFrtRoadLight
HR,h1995,0.4106293035759673,scr2002,avaStIn,bevFrtRoadLight
HR,h1996,0.4302562346105031,scr2002,avaStIn,bevFrtRoadLight
HR,h1997,0.4411964644145132,scr2002,avaStIn,bevFrtRoadLight
HR,h1998,0.45751109901302867,scr2002,avaStIn,bevFrtRoadLight
HR,h1999,0.48871757217710954,scr2002,avaStIn,bevFrtRoadLight
HR,h2000,0.5314509691002262,scr2002,avaStIn,bevFrtRoadLight
HR,h2001,0.5711878747561929,scr2002,avaStIn,bevFrtRoadLight
HR,h2002,0.5980939691710526,scr2002,avaStIn,bevFrtRoadLight
HR,h2003,0.608394034195855,scr2002,avaStIn,bevFrtRoadLight
HR,h2004,0.6010568773540479,scr2002,avaStIn,bevFrtRoadLight
HR,h2005,0.5764247164288175,scr2002,avaStIn,bevFrtRoadLight
HR,h2006,0.5401459054358786,scr2002,avaStIn,bevFrtRoadLight
HR,h2007,0.4982672792884357,scr2002,avaStIn,bevFrtRoadLight
HR,h2008,0.4574139907405833,scr2002,avaStIn,bevFrtRoadLight
HR,h2009,0.42470386872332366,scr2002,avaStIn,bevFrtRoadLight
HR,h2010,0.4070105681582177,scr2002,avaStIn,bevFrtRoadLight
HR,h2011,0.3993554704479094,scr2002,avaStIn,bevFrtRoadLight
HR,h2012,0.3942528360151184,scr2002,avaStIn,bevFrtRoadLight
HR,h2013,0.3809841238928826,scr2002,avaStIn,bevFrtRoadLight
HR,h2014,0.3497784944040866,scr2002,avaStIn,bevFrtRoadLight
HR,h2015,0.3123069662403203,scr2002,avaStIn,bevFrtRoadLight
HR,h2016,0.2821792829284123,scr2002,avaStIn,bevFrtRoadLight
HR,h2017,0.3072840894621327,scr2002,avaStIn,bevFrtRoadLight
HR,h2018,0.33666905394072466,scr2002,avaStIn,bevFrtRoadLight
HR,h2019,0.36655496485550265,scr2002,avaStIn,bevFrtRoadLight
HR,h2020,0.3745731212047183,scr2002,avaStIn,bevFrtRoadLight
HR,h2021,0.4026088526762964,scr2002,avaStIn,bevFrtRoadLight
HR,h2022,0.44640061438376677,scr2002,avaStIn,bevFrtRoadLight
HR,h2023,0.4973037920546317,scr2002,avaStIn,bevFrtRoadLight
HR,h2024,0.5420216950586382,scr2002,avaStIn,bevFrtRoadLight
HR,h2025,0.5736954068525849,scr2002,avaStIn,bevFrtRoadLight
HR,h2026,0.5880342997851788,scr2002,avaStIn,bevFrtRoadLight
HR,h2027,0.5918947845476326,scr2002,avaStIn,bevFrtRoadLight
HR,h2028,0.5837522950091351,scr2002,avaStIn,bevFrtRoadLight
HR,h2029,0.566630011228302,scr2002,avaStIn,bevFrtRoadLight
HR,h2030,0.5326460205473856,scr2002,avaStIn,bevFrtRoadLight
HR,h2031,0.48334141219508586,scr2002,avaStIn,bevFrtRoadLight
HR,h2032,0.4237800531764452,scr2002,avaStIn,bevFrtRoadLight
HR,h2033,0.3668064382544399,scr2002,avaStIn,bevFrtRoadLight
HR,h2034,0.33858624085132816,scr2002,avaStIn,bevFrtRoadLight
HR,h2035,0.33981235579051505,scr2002,avaStIn,bevFrtRoadLight
HR,h2036,0.3644150552627201,scr2002,avaStIn,bevFrtRoadLight
HR,h2037,0.39407002810213865,scr2002,avaStIn,bevFrtRoadLight
HR,h2038,0.4100441996396512,scr2002,avaStIn,bevFrtRoadLight
HR,h2039,0.41244752514225314,scr2002,avaStIn,bevFrtRoadLight
HR,h2040,0.3977671810575979,scr2002,avaStIn,bevFrtRoadLight
HR,h2041,0.3840802424090224,scr2002,avaStIn,bevFrtRoadLight
HR,h2042,0.37136048642151265,scr2002,avaStIn,bevFrtRoadLight
HR,h2043,0.36655496485550265,scr2002,avaStIn,bevFrtRoadLight
HR,h2044,0.3745731212047183,scr2002,avaStIn,bevFrtRoadLight
HR,h2045,0.4026088526762964,scr2002,avaStIn,bevFrtRoadLight
HR,h2046,0.44640061438376677,scr2002,avaStIn,bevFrtRoadLight
HR,h2047,0.4973037920546317,scr2002,avaStIn,bevFrtRoadLight
HR,h2048,0.5420216950586382,scr2002,avaStIn,bevFrtRoadLight
HR,h2049,0.5736954068525849,scr2002,avaStIn,bevFrtRoadLight
HR,h2050,0.5880342997851788,scr2002,avaStIn,bevFrtRoadLight
HR,h2051,0.5918947845476326,scr2002,avaStIn,bevFrtRoadLight
HR,h2052,0.5837522950091351,scr2002,avaStIn,bevFrtRoadLight
HR,h2053,0.566630011228302,scr2002,avaStIn,bevFrtRoadLight
HR,h2054,0.5326460205473856,scr2002,avaStIn,bevFrtRoadLight
HR,h2055,0.48334141219508586,scr2002,avaStIn,bevFrtRoadLight
HR,h2056,0.4237800531764452,scr2002,avaStIn,bevFrtRoadLight
HR,h2057,0.3668064382544399,scr2002,avaStIn,bevFrtRoadLight
HR,h2058,0.33858624085132816,scr2002,avaStIn,bevFrtRoadLight
HR,h2059,0.33981235579051505,scr2002,avaStIn,bevFrtRoadLight
HR,h2060,0.3644150552627201,scr2002,avaStIn,bevFrtRoadLight
HR,h2061,0.39407002810213865,scr2002,avaStIn,bevFrtRoadLight
HR,h2062,0.4100441996396512,scr2002,avaStIn,bevFrtRoadLight
HR,h2063,0.41244752514225314,scr2002,avaStIn,bevFrtRoadLight
HR,h2064,0.3977671810575979,scr2002,avaStIn,bevFrtRoadLight
HR,h2065,0.3840802424090224,scr2002,avaStIn,bevFrtRoadLight
HR,h2066,0.37136048642151265,scr2002,avaStIn,bevFrtRoadLight
HR,h2067,0.36655496485550265,scr2002,avaStIn,bevFrtRoadLight
HR,h2068,0.3745731212047183,scr2002,avaStIn,bevFrtRoadLight
HR,h2069,0.4026088526762964,scr2002,avaStIn,bevFrtRoadLight
HR,h2070,0.44640061438376677,scr2002,avaStIn,bevFrtRoadLight
HR,h2071,0.4973037920546317,scr2002,avaStIn,bevFrtRoadLight
HR,h2072,0.5420216950586382,scr2002,avaStIn,bevFrtRoadLight
HR,h2073,0.5736954068525849,scr2002,avaStIn,bevFrtRoadLight
HR,h2074,0.5880342997851788,scr2002,avaStIn,bevFrtRoadLight
HR,h2075,0.5918947845476326,scr2002,avaStIn,bevFrtRoadLight
HR,h2076,0.5837522950091351,scr2002,avaStIn,bevFrtRoadLight
HR,h2077,0.566630011228302,scr2002,avaStIn,bevFrtRoadLight
HR,h2078,0.5326460205473856,scr2002,avaStIn,bevFrtRoadLight
HR,h2079,0.48334141219508586,scr2002,avaStIn,bevFrtRoadLight
HR,h2080,0.4237800531764452,scr2002,avaStIn,bevFrtRoadLight
HR,h2081,0.3668064382544399,scr2002,avaStIn,bevFrtRoadLight
HR,h2082,0.33858624085132816,scr2002,avaStIn,bevFrtRoadLight
HR,h2083,0.33981235579051505,scr2002,avaStIn,bevFrtRoadLight
HR,h2084,0.3644150552627201,scr2002,avaStIn,bevFrtRoadLight
HR,h2085,0.39407002810213865,scr2002,avaStIn,bevFrtRoadLight
HR,h2086,0.4100441996396512,scr2002,avaStIn,bevFrtRoadLight
HR,h2087,0.41244752514225314,scr2002,avaStIn,bevFrtRoadLight
HR,h2088,0.3977671810575979,scr2002,avaStIn,bevFrtRoadLight
HR,h2089,0.3840802424090224,scr2002,avaStIn,bevFrtRoadLight
HR,h2090,0.37136048642151265,scr2002,avaStIn,bevFrtRoadLight
HR,h2091,0.36655496485550265,scr2002,avaStIn,bevFrtRoadLight
HR,h2092,0.3745731212047183,scr2002,avaStIn,bevFrtRoadLight
HR,h2093,0.4026088526762964,scr2002,avaStIn,bevFrtRoadLight
HR,h2094,0.44640061438376677,scr2002,avaStIn,bevFrtRoadLight
HR,h2095,0.4973037920546317,scr2002,avaStIn,bevFrtRoadLight
HR,h2096,0.5420216950586382,scr2002,avaStIn,bevFrtRoadLight
HR,h2097,0.5736954068525849,scr2002,avaStIn,bevFrtRoadLight
HR,h2098,0.5880342997851788,scr2002,avaStIn,bevFrtRoadLight
HR,h2099,0.5918947845476326,scr2002,avaStIn,bevFrtRoadLight
HR,h2100,0.5837522950091351,scr2002,avaStIn,bevFrtRoadLight
HR,h2101,0.566630011228302,scr2002,avaStIn,bevFrtRoadLight
HR,h2102,0.5326460205473856,scr2002,avaStIn,bevFrtRoadLight
HR,h2103,0.48334141219508586,scr2002,avaStIn,bevFrtRoadLight
HR,h2104,0.4237800531764452,scr2002,avaStIn,bevFrtRoadLight
HR,h2105,0.3668064382544399,scr2002,avaStIn,bevFrtRoadLight
HR,h2106,0.33858624085132816,scr2002,avaStIn,bevFrtRoadLight
HR,h2107,0.33981235579051505,scr2002,avaStIn,bevFrtRoadLight
HR,h2108,0.3644150552627201,scr2002,avaStIn,bevFrtRoadLight
HR,h2109,0.39407002810213865,scr2002,avaStIn,bevFrtRoadLight
HR,h2110,0.4100441996396512,scr2002,avaStIn,bevFrtRoadLight
HR,h2111,0.41244752514225314,scr2002,avaStIn,bevFrtRoadLight
HR,h2112,0.3977671810575979,scr2002,avaStIn,bevFrtRoadLight
HR,h2113,0.4215422859318668,scr2002,avaStIn,bevFrtRoadLight
HR,h2114,0.44561523253946533,scr2002,avaStIn,bevFrtRoadLight
HR,h2115,0.46890884939949806,scr2002,avaStIn,bevFrtRoadLight
HR,h2116,0.4606801828577375,scr2002,avaStIn,bevFrtRoadLight
HR,h2117,0.4598809008191356,scr2002,avaStIn,bevFrtRoadLight
HR,h2118,0.47373682010553864,scr2002,avaStIn,bevFrtRoadLight
HR,h2119,0.49837466067849223,scr2002,avaStIn,bevFrtRoadLight
HR,h2120,0.5249322712656334,scr2002,avaStIn,bevFrtRoadLight
HR,h2121,0.5295524702973696,scr2002,avaStIn,bevFrtRoadLight
HR,h2122,0.5237384833973733,scr2002,avaStIn,bevFrtRoadLight
HR,h2123,0.517462220076728,scr2002,avaStIn,bevFrtRoadLight
HR,h2124,0.5202231448594441,scr2002,avaStIn,bevFrtRoadLight
HR,h2125,0.5168074572603817,scr2002,avaStIn,bevFrtRoadLight
HR,h2126,0.4881087918461403,scr2002,avaStIn,bevFrtRoadLight
HR,h2127,0.4401501060096197,scr2002,avaStIn,bevFrtRoadLight
HR,h2128,0.3751810028677981,scr2002,avaStIn,bevFrtRoadLight
HR,h2129,0.3184738733356699,scr2002,avaStIn,bevFrtRoadLight
HR,h2130,0.2885496316681868,scr2002,avaStIn,bevFrtRoadLight
HR,h2131,0.2950430145218158,scr2002,avaStIn,bevFrtRoadLight
HR,h2132,0.3362350273761402,scr2002,avaStIn,bevFrtRoadLight
HR,h2133,0.3905257678468871,scr2002,avaStIn,bevFrtRoadLight
HR,h2134,0.4405757953478313,scr2002,avaStIn,bevFrtRoadLight
HR,h2135,0.4738121072088959,scr2002,avaStIn,bevFrtRoadLight
HR,h2136,0.4995552626921461,scr2002,avaStIn,bevFrtRoadLight
HR,h2137,0.5006979269249346,scr2002,avaStIn,bevFrtRoadLight
HR,h2138,0.49234384959123256,scr2002,avaStIn,bevFrtRoadLight
HR,h2139,0.46890884939949806,scr2002,avaStIn,bevFrtRoadLight
HR,h2140,0.4606801828577375,scr2002,avaStIn,bevFrtRoadLight
HR,h2141,0.4598809008191356,scr2002,avaStIn,bevFrtRoadLight
HR,h2142,0.47373682010553864,scr2002,avaStIn,bevFrtRoadLight
HR,h2143,0.49837466067849223,scr2002,avaStIn,bevFrtRoadLight
HR,h2144,0.5249322712656334,scr2002,avaStIn,bevFrtRoadLight
HR,h2145,0.5295524702973696,scr2002,avaStIn,bevFrtRoadLight
HR,h2146,0.5237384833973733,scr2002,avaStIn,bevFrtRoadLight
HR,h2147,0.517462220076728,scr2002,avaStIn,bevFrtRoadLight
HR,h2148,0.5202231448594441,scr2002,avaStIn,bevFrtRoadLight
HR,h2149,0.5168074572603817,scr2002,avaStIn,bevFrtRoadLight
HR,h2150,0.4881087918461403,scr2002,avaStIn,bevFrtRoadLight
HR,h2151,0.4401501060096197,scr2002,avaStIn,bevFrtRoadLight
HR,h2152,0.3751810028677981,scr2002,avaStIn,bevFrtRoadLight
HR,h2153,0.3184738733356699,scr2002,avaStIn,bevFrtRoadLight
HR,h2154,0.2885496316681868,scr2002,avaStIn,bevFrtRoadLight
HR,h2155,0.2950430145218158,scr2002,avaStIn,bevFrtRoadLight
HR,h2156,0.3362350273761402,scr2002,avaStIn,bevFrtRoadLight
HR,h2157,0.3905257678468871,scr2002,avaStIn,bevFrtRoadLight
HR,h2158,0.4405757953478313,scr2002,avaStIn,bevFrtRoadLight
HR,h2159,0.4738121072088959,scr2002,avaStIn,bevFrtRoadLight
HR,h2160,0.4995552626921461,scr2002,avaStIn,bevFrtRoadLight
HU,h1441,0.3714353995574986,scr2002,avaStIn,bevFrtRoadLight
HU,h1442,0.3846086524108919,scr2002,avaStIn,bevFrtRoadLight
HU,h1443,0.42374952391826404,scr2002,avaStIn,bevFrtRoadLight
HU,h1444,0.4709102315761218,scr2002,avaStIn,bevFrtRoadLight
HU,h1445,0.5000591446961408,scr2002,avaStIn,bevFrtRoadLight
HU,h1446,0.495233345157142,scr2002,avaStIn,bevFrtRoadLight
HU,h1447,0.5008043596015219,scr2002,avaStIn,bevFrtRoadLight
HU,h1448,0.5021789974738545,scr2002,avaStIn,bevFrtRoadLight
HU,h1449,0.5231874460949842,scr2002,avaStIn,bevFrtRoadLight
HU,h1450,0.5308529822226913,scr2002,avaStIn,bevFrtRoadLight
HU,h1451,0.536356959269228,scr2002,avaStIn,bevFrtRoadLight
HU,h1452,0.5373881561276749,scr2002,avaStIn,bevFrtRoadLight
HU,h1453,0.5288075990651915,scr2002,avaStIn,bevFrtRoadLight
HU,h1454,0.5095709286669997,scr2002,avaStIn,bevFrtRoadLight
HU,h1455,0.473753550931062,scr2002,avaStIn,bevFrtRoadLight
HU,h1456,0.4304466538396563,scr2002,avaStIn,bevFrtRoadLight
HU,h1457,0.3826879992214788,scr2002,avaStIn,bevFrtRoadLight
HU,h1458,0.35009603390058996,scr2002,avaStIn,bevFrtRoadLight
HU,h1459,0.3349394292024723,scr2002,avaStIn,bevFrtRoadLight
HU,h1460,0.34869160218954365,scr2002,avaStIn,bevFrtRoadLight
HU,h1461,0.36780057797615695,scr2002,avaStIn,bevFrtRoadLight
HU,h1462,0.38682791024436847,scr2002,avaStIn,bevFrtRoadLight
HU,h1463,0.3912979680884232,scr2002,avaStIn,bevFrtRoadLight
HU,h1464,0.3985938980480803,scr2002,avaStIn,bevFrtRoadLight
HU,h1465,0.38540755881640665,scr2002,avaStIn,bevFrtRoadLight
HU,h1466,0.39834418280524153,scr2002,avaStIn,bevFrtRoadLight
HU,h1467,0.42374952391826404,scr2002,avaStIn,bevFrtRoadLight
HU,h1468,0.4709102315761218,scr2002,avaStIn,bevFrtRoadLight
HU,h1469,0.5000591446961408,scr2002,avaStIn,bevFrtRoadLight
HU,h1470,0.495233345157142,scr2002,avaStIn,bevFrtRoadLight
HU,h1471,0.5008043596015219,scr2002,avaStIn,bevFrtRoadLight
HU,h1472,0.5021789974738545,scr2002,avaStIn,bevFrtRoadLight
HU,h1473,0.5231874460949842,scr2002,avaStIn,bevFrtRoadLight
HU,h1474,0.5308529822226913,scr2002,avaStIn,bevFrtRoadLight
HU,h1475,0.536356959269228,scr2002,avaStIn,bevFrtRoadLight
HU,h1476,0.5373881561276749,scr2002,avaStIn,bevFrtRoadLight
HU,h1477,0.5288075990651915,scr2002,avaStIn,bevFrtRoadLight
HU,h1478,0.5095709286669997,scr2002,avaStIn,bevFrtRoadLight
HU,h1479,0.473753550931062,scr2002,avaStIn,bevFrtRoadLight
HU,h1480,0.4304466538396563,scr2002,avaStIn,bevFrtRoadLight
HU,h1481,0.3826879992214788,scr2002,avaStIn,bevFrtRoadLight
HU,h1482,0.35009603390058996,scr2002,avaStIn,bevFrtRoadLight
HU,h1483,0.3349394292024723,scr2002,avaStIn,bevFrtRoadLight
HU,h1484,0.34869160218954365,scr2002,avaStIn,bevFrtRoadLight
HU,h1485,0.36780057797615695,scr2002,avaStIn,bevFrtRoadLight
HU,h1486,0.38682791024436847,scr2002,avaStIn,bevFrtRoadLight
HU,h1487,0.3912979680884232,scr2002,avaStIn,bevFrtRoadLight
HU,h1488,0.3985938980480803,scr2002,avaStIn,bevFrtRoadLight
HU,h1489,0.4174388969205469,scr2002,avaStIn,bevFrtRoadLight
HU,h1490,0.4439543832070485,scr2002,avaStIn,bevFrtRoadLight
HU,h1491,0.464238846132911,scr2002,avaStIn,bevFrtRoadLight
HU,h1492,0.4692993118565085,scr2002,avaStIn,bevFrtRoadLight
HU,h1493,0.4647572130501477,scr2002,avaStIn,bevFrtRoadLight
HU,h1494,0.4606421333392813,scr2002,avaStIn,bevFrtRoadLight
HU,h1495,0.4606294501381404,scr2002,avaStIn,bevFrtRoadLight
HU,h1496,0.4771202000278558,scr2002,avaStIn,bevFrtRoadLight
HU,h1497,0.4942956004519071,scr2002,avaStIn,bevFrtRoadLight
HU,h1498,0.5099123823053463,scr2002,avaStIn,bevFrtRoadLight
HU,h1499,0.5161038254350148,scr2002,avaStIn,bevFrtRoadLight
HU,h1500,0.5219276355822776,scr2002,avaStIn,bevFrtRoadLight
HU,h1501,0.5234247828552905,scr2002,avaStIn,bevFrtRoadLight
HU,h1502,0.515666896351518,scr2002,avaStIn,bevFrtRoadLight
HU,h1503,0.4904757420921084,scr2002,avaStIn,bevFrtRoadLight
HU,h1504,0.4511048686615209,scr2002,avaStIn,bevFrtRoadLight
HU,h1505,0.401719554609377,scr2002,avaStIn,bevFrtRoadLight
HU,h1506,0.362910361244157,scr2002,avaStIn,bevFrtRoadLight
HU,h1507,0.3472619056461236,scr2002,avaStIn,bevFrtRoadLight
HU,h1508,0.35727079588328314,scr2002,avaStIn,bevFrtRoadLight
HU,h1509,0.378468834507535,scr2002,avaStIn,bevFrtRoadLight
HU,h1510,0.39319028121074384,scr2002,avaStIn,bevFrtRoadLight
HU,h1511,0.3959422870730802,scr2002,avaStIn,bevFrtRoadLight
HU,h1512,0.3854887711962275,scr2002,avaStIn,bevFrtRoadLight
HU,h1513,0.42769853598926943,scr2002,avaStIn,bevFrtRoadLight
HU,h1514,0.46444116177482064,scr2002,avaStIn,bevFrtRoadLight
HU,h1515,0.5002557267591349,scr2002,avaStIn,bevFrtRoadLight
HU,h1516,0.4779833592811431,scr2002,avaStIn,bevFrtRoadLight
HU,h1517,0.45518876455881485,scr2002,avaStIn,bevFrtRoadLight
HU,h1518,0.43596244051473665,scr2002,avaStIn,bevFrtRoadLight
HU,h1519,0.4287672948543091,scr2002,avaStIn,bevFrtRoadLight
HU,h1520,0.4310449118345231,scr2002,avaStIn,bevFrtRoadLight
HU,h1521,0.43651906754470926,scr2002,avaStIn,bevFrtRoadLight
HU,h1522,0.42784196327677315,scr2002,avaStIn,bevFrtRoadLight
HU,h1523,0.40165285769436365,scr2002,avaStIn,bevFrtRoadLight
HU,h1524,0.3554492048303812,scr2002,avaStIn,bevFrtRoadLight
HU,h1525,0.30743387757687923,scr2002,avaStIn,bevFrtRoadLight
HU,h1526,0.278936309503648,scr2002,avaStIn,bevFrtRoadLight
HU,h1527,0.28525649117608465,scr2002,avaStIn,bevFrtRoadLight
HU,h1528,0.33100477113297455,scr2002,avaStIn,bevFrtRoadLight
HU,h1529,0.3951643597987161,scr2002,avaStIn,bevFrtRoadLight
HU,h1530,0.46644985491696445,scr2002,avaStIn,bevFrtRoadLight
HU,h1531,0.5302489042156142,scr2002,avaStIn,bevFrtRoadLight
HU,h1532,0.5770673902258092,scr2002,avaStIn,bevFrtRoadLight
HU,h1533,0.5986769755958498,scr2002,avaStIn,bevFrtRoadLight
HU,h1534,0.6016883948095747,scr2002,avaStIn,bevFrtRoadLight
HU,h1535,0.5924055260109063,scr2002,avaStIn,bevFrtRoadLight
HU,h1536,0.5774847836798132,scr2002,avaStIn,bevFrtRoadLight
HU,h1537,0.5517773619954187,scr2002,avaStIn,bevFrtRoadLight
HU,h1538,0.5248358437172166,scr2002,avaStIn,bevFrtRoadLight
HU,h1539,0.5002557267591349,scr2002,avaStIn,bevFrtRoadLight
HU,h1540,0.4779833592811431,scr2002,avaStIn,bevFrtRoadLight
HU,h1541,0.45518876455881485,scr2002,avaStIn,bevFrtRoadLight
HU,h1542,0.43596244051473665,scr2002,avaStIn,bevFrtRoadLight
HU,h1543,0.4287672948543091,scr2002,avaStIn,bevFrtRoadLight
HU,h1544,0.4310449118345231,scr2002,avaStIn,bevFrtRoadLight
HU,h1545,0.43651906754470926,scr2002,avaStIn,bevFrtRoadLight
HU,h1546,0.42784196327677315,scr2002,avaStIn,bevFrtRoadLight
HU,h1547,0.40165285769436365,scr2002,avaStIn,bevFrtRoadLight
HU,h1548,0.3554492048303812,scr2002,avaStIn,bevFrtRoadLight
HU,h1549,0.30743387757687923,scr2002,avaStIn,bevFrtRoadLight
HU,h1550,0.278936309503648,scr2002,avaStIn,bevFrtRoadLight
HU,h1551,0.28525649117608465,scr2002,avaStIn,bevFrtRoadLight
HU,h1552,0.33100477113297455,scr2002,avaStIn,bevFrtRoadLight
HU,h1553,0.3951643597987161,scr2002,avaStIn,bevFrtRoadLight
HU,h1554,0.46644985491696445,scr2002,avaStIn,bevFrtRoadLight
HU,h1555,0.5302489042156142,scr2002,avaStIn,bevFrtRoadLight
HU,h1556,0.5770673902258092,scr2002,avaStIn,bevFrtRoadLight
HU,h1557,0.5986769755958498,scr2002,avaStIn,bevFrtRoadLight
HU,h1558,0.6016883948095747,scr2002,avaStIn,bevFrtRoadLight
HU,h1559,0.5924055260109063,scr2002,avaStIn,bevFrtRoadLight
HU,h1560,0.5774847836798132,scr2002,avaStIn,bevFrtRoadLight
HU,h1561,0.5517773619954187,scr2002,avaStIn,bevFrtRoadLight
HU,h1562,0.5248358437172166,scr2002,avaStIn,bevFrtRoadLight
HU,h1563,0.5002557267591349,scr2002,avaStIn,bevFrtRoadLight
HU,h1564,0.4779833592811431,scr2002,avaStIn,bevFrtRoadLight
HU,h1565,0.45518876455881485,scr2002,avaStIn,bevFrtRoadLight
HU,h1566,0.43596244051473665,scr2002,avaStIn,bevFrtRoadLight
HU,h1567,0.4287672948543091,scr2002,avaStIn,bevFrtRoadLight
HU,h1568,0.4310449118345231,scr2002,avaStIn,bevFrtRoadLight
HU,h1569,0.43651906754470926,scr2002,avaStIn,bevFrtRoadLight
HU,h1570,0.42784196327677315,scr2002,avaStIn,bevFrtRoadLight
HU,h1571,0.40165285769436365,scr2002,avaStIn,bevFrtRoadLight
HU,h1572,0.3554492048303812,scr2002,avaStIn,bevFrtRoadLight
HU,h1573,0.30743387757687923,scr2002,avaStIn,bevFrtRoadLight
HU,h1574,0.278936309503648,scr2002,avaStIn,bevFrtRoadLight
HU,h1575,0.28525649117608465,scr2002,avaStIn,bevFrtRoadLight
HU,h1576,0.33100477113297455,scr2002,avaStIn,bevFrtRoadLight
HU,h1577,0.3951643597987161,scr2002,avaStIn,bevFrtRoadLight
HU,h1578,0.46644985491696445,scr2002,avaStIn,bevFrtRoadLight
HU,h1579,0.5302489042156142,scr2002,avaStIn,bevFrtRoadLight
HU,h1580,0.5770673902258092,scr2002,avaStIn,bevFrtRoadLight
HU,h1581,0.5986769755958498,scr2002,avaStIn,bevFrtRoadLight
HU,h1582,0.6016883948095747,scr2002,avaStIn,bevFrtRoadLight
HU,h1583,0.5924055260109063,scr2002,avaStIn,bevFrtRoadLight
HU,h1584,0.5774847836798132,scr2002,avaStIn,bevFrtRoadLight
HU,h1585,0.5517773619954187,scr2002,avaStIn,bevFrtRoadLight
HU,h1586,0.5248358437172166,scr2002,avaStIn,bevFrtRoadLight
HU,h1587,0.5002557267591349,scr2002,avaStIn,bevFrtRoadLight
HU,h1588,0.4779833592811431,scr2002,avaStIn,bevFrtRoadLight
HU,h1589,0.45518876455881485,scr2002,avaStIn,bevFrtRoadLight
HU,h1590,0.43596244051473665,scr2002,avaStIn,bevFrtRoadLight
HU,h1591,0.4287672948543091,scr2002,avaStIn,bevFrtRoadLight
HU,h1592,0.4310449118345231,scr2002,avaStIn,bevFrtRoadLight
HU,h1593,0.43651906754470926,scr2002,avaStIn,bevFrtRoadLight
HU,h1594,0.42784196327677315,scr2002,avaStIn,bevFrtRoadLight
HU,h1595,0.40165285769436365,scr2002,avaStIn,bevFrtRoadLight
HU,h1596,0.3554492048303812,scr2002,avaStIn,bevFrtRoadLight
HU,h1597,0.30743387757687923,scr2002,avaStIn,bevFrtRoadLight
HU,h1598,0.278936309503648,scr2002,avaStIn,bevFrtRoadLight
HU,h1599,0.28525649117608465,scr2002,avaStIn,bevFrtRoadLight
HU,h1600,0.33100477113297455,scr2002,avaStIn,bevFrtRoadLight
HU,h1601,0.3951643597987161,scr2002,avaStIn,bevFrtRoadLight
HU,h1602,0.46644985491696445,scr2002,avaStIn,bevFrtRoadLight
HU,h1603,0.5302489042156142,scr2002,avaStIn,bevFrtRoadLight
HU,h1604,0.5770673902258092,scr2002,avaStIn,bevFrtRoadLight
HU,h1605,0.5986769755958498,scr2002,avaStIn,bevFrtRoadLight
HU,h1606,0.6016883948095747,scr2002,avaStIn,bevFrtRoadLight
HU,h1607,0.5924055260109063,scr2002,avaStIn,bevFrtRoadLight
HU,h1608,0.5774847836798132,scr2002,avaStIn,bevFrtRoadLight
HU,h1609,0.5399833096273894,scr2002,avaStIn,bevFrtRoadLight
HU,h1610,0.5020113380135911,scr2002,avaStIn,bevFrtRoadLight
HU,h1611,0.4635722307063156,scr2002,avaStIn,bevFrtRoadLight
HU,h1612,0.4380348659574729,scr2002,avaStIn,bevFrtRoadLight
HU,h1613,0.40762124803256283,scr2002,avaStIn,bevFrtRoadLight
HU,h1614,0.37888830724468336,scr2002,avaStIn,bevFrtRoadLight
HU,h1615,0.36958381422293585,scr2002,avaStIn,bevFrtRoadLight
HU,h1616,0.37840208488783933,scr2002,avaStIn,bevFrtRoadLight
HU,h1617,0.40312593459237533,scr2002,avaStIn,bevFrtRoadLight
HU,h1618,0.41362439373824145,scr2002,avaStIn,bevFrtRoadLight
HU,h1619,0.4028461315685412,scr2002,avaStIn,bevFrtRoadLight
HU,h1620,0.3603437041144123,scr2002,avaStIn,bevFrtRoadLight
HU,h1621,0.300735364069155,scr2002,avaStIn,bevFrtRoadLight
HU,h1622,0.24177370465061954,scr2002,avaStIn,bevFrtRoadLight
HU,h1623,0.21970614560615676,scr2002,avaStIn,bevFrtRoadLight
HU,h1624,0.25508395733229006,scr2002,avaStIn,bevFrtRoadLight
HU,h1625,0.34767139096765254,scr2002,avaStIn,bevFrtRoadLight
HU,h1626,0.45228041046836875,scr2002,avaStIn,bevFrtRoadLight
HU,h1627,0.5341134302691986,scr2002,avaStIn,bevFrtRoadLight
HU,h1628,0.5851656457268322,scr2002,avaStIn,bevFrtRoadLight
HU,h1629,0.6079565962864942,scr2002,avaStIn,bevFrtRoadLight
HU,h1630,0.6088378322847627,scr2002,avaStIn,bevFrtRoadLight
HU,h1631,0.5862547005889717,scr2002,avaStIn,bevFrtRoadLight
HU,h1632,0.5503272305028044,scr2002,avaStIn,bevFrtRoadLight
HU,h1633,0.5157882800473498,scr2002,avaStIn,bevFrtRoadLight
HU,h1634,0.4876212160339364,scr2002,avaStIn,bevFrtRoadLight
HU,h1635,0.4635722307063156,scr2002,avaStIn,bevFrtRoadLight
HU,h1636,0.4380348659574729,scr2002,avaStIn,bevFrtRoadLight
HU,h1637,0.40762124803256283,scr2002,avaStIn,bevFrtRoadLight
HU,h1638,0.37888830724468336,scr2002,avaStIn,bevFrtRoadLight
HU,h1639,0.36958381422293585,scr2002,avaStIn,bevFrtRoadLight
HU,h1640,0.37840208488783933,scr2002,avaStIn,bevFrtRoadLight
HU,h1641,0.40312593459237533,scr2002,avaStIn,bevFrtRoadLight
HU,h1642,0.41362439373824145,scr2002,avaStIn,bevFrtRoadLight
HU,h1643,0.4028461315685412,scr2002,avaStIn,bevFrtRoadLight
HU,h1644,0.3603437041144123,scr2002,avaStIn,bevFrtRoadLight
HU,h1645,0.300735364069155,scr2002,avaStIn,bevFrtRoadLight
HU,h1646,0.24177370465061954,scr2002,avaStIn,bevFrtRoadLight
HU,h1647,0.21970614560615676,scr2002,avaStIn,bevFrtRoadLight
HU,h1648,0.25508395733229006,scr2002,avaStIn,bevFrtRoadLight
HU,h1649,0.34767139096765254,scr2002,avaStIn,bevFrtRoadLight
HU,h1650,0.45228041046836875,scr2002,avaStIn,bevFrtRoadLight
HU,h1651,0.5341134302691986,scr2002,avaStIn,bevFrtRoadLight
HU,h1652,0.5851656457268322,scr2002,avaStIn,bevFrtRoadLight
HU,h1653,0.6079565962864942,scr2002,avaStIn,bevFrtRoadLight
HU,h1654,0.6088378322847627,scr2002,avaStIn,bevFrtRoadLight
HU,h1655,0.5862547005889717,scr2002,avaStIn,bevFrtRoadLight
HU,h1656,0.5503272305028044,scr2002,avaStIn,bevFrtRoadLight
HU,h1657,0.5277989482493217,scr2002,avaStIn,bevFrtRoadLight
HU,h1658,0.5107010378978177,scr2002,avaStIn,bevFrtRoadLight
HU,h1659,0.5002557267591349,scr2002,avaStIn,bevFrtRoadLight
HU,h1660,0.4779833592811431,scr2002,avaStIn,bevFrtRoadLight
HU,h1661,0.45518876455881485,scr2002,avaStIn,bevFrtRoadLight
HU,h1662,0.43596244051473665,scr2002,avaStIn,bevFrtRoadLight
HU,h1663,0.4287672948543091,scr2002,avaStIn,bevFrtRoadLight
HU,h1664,0.4310449118345231,scr2002,avaStIn,bevFrtRoadLight
HU,h1665,0.43651906754470926,scr2002,avaStIn,bevFrtRoadLight
HU,h1666,0.42784196327677315,scr2002,avaStIn,bevFrtRoadLight
HU,h1667,0.40165285769436365,scr2002,avaStIn,bevFrtRoadLight
HU,h1668,0.3554492048303812,scr2002,avaStIn,bevFrtRoadLight
HU,h1669,0.30743387757687923,scr2002,avaStIn,bevFrtRoadLight
HU,h1670,0.278936309503648,scr2002,avaStIn,bevFrtRoadLight
HU,h1671,0.28525649117608465,scr2002,avaStIn,bevFrtRoadLight
HU,h1672,0.33100477113297455,scr2002,avaStIn,bevFrtRoadLight
HU,h1673,0.3951643597987161,scr2002,avaStIn,bevFrtRoadLight
HU,h1674,0.46644985491696445,scr2002,avaStIn,bevFrtRoadLight
HU,h1675,0.5302489042156142,scr2002,avaStIn,bevFrtRoadLight
HU,h1676,0.5770673902258092,scr2002,avaStIn,bevFrtRoadLight
HU,h1677,0.5986769755958498,scr2002,avaStIn,bevFrtRoadLight
HU,h1678,0.6016883948095747,scr2002,avaStIn,bevFrtRoadLight
HU,h1679,0.5924055260109063,scr2002,avaStIn,bevFrtRoadLight
HU,h1680,0.5774847836798132,scr2002,avaStIn,bevFrtRoadLight
HU,h1681,0.5517773619954187,scr2002,avaStIn,bevFrtRoadLight
HU,h1682,0.5248358437172166,scr2002,avaStIn,bevFrtRoadLight
HU,h1683,0.5002557267591349,scr2002,avaStIn,bevFrtRoadLight
HU,h1684,0.4779833592811431,scr2002,avaStIn,bevFrtRoadLight
HU,h1685,0.45518876455881485,scr2002,avaStIn,bevFrtRoadLight
HU,h1686,0.43596244051473665,scr2002,avaStIn,bevFrtRoadLight
HU,h1687,0.4287672948543091,scr2002,avaStIn,bevFrtRoadLight
HU,h1688,0.4310449118345231,scr2002,avaStIn,bevFrtRoadLight
HU,h1689,0.43651906754470926,scr2002,avaStIn,bevFrtRoadLight
HU,h1690,0.42784196327677315,scr2002,avaStIn,bevFrtRoadLight
HU,h1691,0.40165285769436365,scr2002,avaStIn,bevFrtRoadLight
HU,h1692,0.3554492048303812,scr2002,avaStIn,bevFrtRoadLight
HU,h1693,0.30743387757687923,scr2002,avaStIn,bevFrtRoadLight
HU,h1694,0.278936309503648,scr2002,avaStIn,bevFrtRoadLight
HU,h1695,0.28525649117608465,scr2002,avaStIn,bevFrtRoadLight
HU,h1696,0.33100477113297455,scr2002,avaStIn,bevFrtRoadLight
HU,h1697,0.3951643597987161,scr2002,avaStIn,bevFrtRoadLight
HU,h1698,0.46644985491696445,scr2002,avaStIn,bevFrtRoadLight
HU,h1699,0.5302489042156142,scr2002,avaStIn,bevFrtRoadLight
HU,h1700,0.5770673902258092,scr2002,avaStIn,bevFrtRoadLight
HU,h1701,0.5986769755958498,scr2002,avaStIn,bevFrtRoadLight
HU,h1702,0.6016883948095747,scr2002,avaStIn,bevFrtRoadLight
HU,h1703,0.5924055260109063,scr2002,avaStIn,bevFrtRoadLight
HU,h1704,0.5774847836798132,scr2002,avaStIn,bevFrtRoadLight
HU,h1705,0.509038057831711,scr2002,avaStIn,bevFrtRoadLight
HU,h1706,0.45316073221470254,scr2002,avaStIn,bevFrtRoadLight
HU,h1707,0.4106293035759673,scr2002,avaStIn,bevFrtRoadLight
HU,h1708,0.4302562346105031,scr2002,avaStIn,bevFrtRoadLight
HU,h1709,0.4411964644145132,scr2002,avaStIn,bevFrtRoadLight
HU,h1710,0.45751109901302867,scr2002,avaStIn,bevFrtRoadLight
HU,h1711,0.48871757217710954,scr2002,avaStIn,bevFrtRoadLight
HU,h1712,0.5314509691002262,scr2002,avaStIn,bevFrtRoadLight
HU,h1713,0.5711878747561929,scr2002,avaStIn,bevFrtRoadLight
HU,h1714,0.5980939691710526,scr2002,avaStIn,bevFrtRoadLight
HU,h1715,0.608394034195855,scr2002,avaStIn,bevFrtRoadLight
HU,h1716,0.6010568773540479,scr2002,avaStIn,bevFrtRoadLight
HU,h1717,0.5764247164288175,scr2002,avaStIn,bevFrtRoadLight
HU,h1718,0.5401459054358786,scr2002,avaStIn,bevFrtRoadLight
HU,h1719,0.4982672792884357,scr2002,avaStIn,bevFrtRoadLight
HU,h1720,0.4574139907405833,scr2002,avaStIn,bevFrtRoadLight
HU,h1721,0.42470386872332366,scr2002,avaStIn,bevFrtRoadLight
HU,h1722,0.4070105681582177,scr2002,avaStIn,bevFrtRoadLight
HU,h1723,0.3993554704479094,scr2002,avaStIn,bevFrtRoadLight
HU,h1724,0.3942528360151184,scr2002,avaStIn,bevFrtRoadLight
HU,h1725,0.3809841238928826,scr2002,avaStIn,bevFrtRoadLight
HU,h1726,0.3497784944040866,scr2002,avaStIn,bevFrtRoadLight
HU,h1727,0.3123069662403203,scr2002,avaStIn,bevFrtRoadLight
HU,h1728,0.2821792829284123,scr2002,avaStIn,bevFrtRoadLight
HU,h1729,0.3106843918239848,scr2002,avaStIn,bevFrtRoadLight
HU,h1730,0.35866299968064763,scr2002,avaStIn,bevFrtRoadLight
HU,h1731,0.4106293035759673,scr2002,avaStIn,bevFrtRoadLight
HU,h1732,0.4302562346105031,scr2002,avaStIn,bevFrtRoadLight
HU,h1733,0.4411964644145132,scr2002,avaStIn,bevFrtRoadLight
HU,h1734,0.45751109901302867,scr2002,avaStIn,bevFrtRoadLight
HU,h1735,0.48871757217710954,scr2002,avaStIn,bevFrtRoadLight
HU,h1736,0.5314509691002262,scr2002,avaStIn,bevFrtRoadLight
HU,h1737,0.5711878747561929,scr2002,avaStIn,bevFrtRoadLight
HU,h1738,0.5980939691710526,scr2002,avaStIn,bevFrtRoadLight
HU,h1739,0.608394034195855,scr2002,avaStIn,bevFrtRoadLight
HU,h1740,0.6010568773540479,scr2002,avaStIn,bevFrtRoadLight
HU,h1741,0.5764247164288175,scr2002,avaStIn,bevFrtRoadLight
HU,h1742,0.5401459054358786,scr2002,avaStIn,bevFrtRoadLight
HU,h1743,0.4982672792884357,scr2002,avaStIn,bevFrtRoadLight
HU,h1744,0.4574139907405833,scr2002,avaStIn,bevFrtRoadLight
HU,h1745,0.42470386872332366,scr2002,avaStIn,bevFrtRoadLight
HU,h1746,0.4070105681582177,scr2002,avaStIn,bevFrtRoadLight
HU,h1747,0.3993554704479094,scr2002,avaStIn,bevFrtRoadLight
HU,h1748,0.3942528360151184,scr2002,avaStIn,bevFrtRoadLight
HU,h1749,0.3809841238928826,scr2002,avaStIn,bevFrtRoadLight
HU,h1750,0.3497784944040866,scr2002,avaStIn,bevFrtRoadLight
HU,h1751,0.3123069662403203,scr2002,avaStIn,bevFrtRoadLight
HU,h1752,0.2821792829284123,scr2002,avaStIn,bevFrtRoadLight
HU,h1753,0.3106843918239848,scr2002,avaStIn,bevFrtRoadLight
HU,h1754,0.35866299968064763,scr2002,avaStIn,bevFrtRoadLight
HU,h1755,0.4106293035759673,scr2002,avaStIn,bevFrtRoadLight
HU,h1756,0.4302562346105031,scr2002,avaStIn,bevFrtRoadLight
HU,h1757,0.4411964644145132,scr2002,avaStIn,bevFrtRoadLight
HU,h1758,0.45751109901302867,scr2002,avaStIn,bevFrtRoadLight
HU,h1759,0.48871757217710954,scr2002,avaStIn,bevFrtRoadLight
HU,h1760,0.5314509691002262,scr2002,avaStIn,bevFrtRoadLight
HU,h1761,0.5711878747561929,scr2002,avaStIn,bevFrtRoadLight
HU,h1762,0.5980939691710526,scr2002,avaStIn,bevFrtRoadLight
HU,h1763,0.608394034195855,scr2002,avaStIn,bevFrtRoadLight
HU,h1764,0.6010568773540479,scr2002,avaStIn,bevFrtRoadLight
HU,h1765,0.5764247164288175,scr2002,avaStIn,bevFrtRoadLight
HU,h1766,0.5401459054358786,scr2002,avaStIn,bevFrtRoadLight
HU,h1767,0.4982672792884357,scr2002,avaStIn,bevFrtRoadLight
HU,h1768,0.4574139907405833,scr2002,avaStIn,bevFrtRoadLight
HU,h1769,0.42470386872332366,scr2002,avaStIn,bevFrtRoadLight
HU,h1770,0.4070105681582177,scr2002,avaStIn,bevFrtRoadLight
HU,h1771,0.3993554704479094,scr2002,avaStIn,bevFrtRoadLight
HU,h1772,0.3942528360151184,scr2002,avaStIn,bevFrtRoadLight
HU,h1773,0.3809841238928826,scr2002,avaStIn,bevFrtRoadLight
HU,h1774,0.3497784944040866,scr2002,avaStIn,bevFrtRoadLight
HU,h1775,0.3123069662403203,scr2002,avaStIn,bevFrtRoadLight
HU,h1776,0.2821792829284123,scr2002,avaStIn,bevFrtRoadLight
HU,h1777,0.230095162221032,scr2002,avaStIn,bevFrtRoadLight
HU,h1778,0.2300917975935889,scr2002,avaStIn,bevFrtRoadLight
HU,h1779,0.27148343409663167,scr2002,avaStIn,bevFrtRoadLight
HU,h1780,0.3790725700696759,scr2002,avaStIn,bevFrtRoadLight
HU,h1781,0.4623404992613247,scr2002,avaStIn,bevFrtRoadLight
HU,h1782,0.5259162274800008,scr2002,avaStIn,bevFrtRoadLight
HU,h1783,0.5772992909654577,scr2002,avaStIn,bevFrtRoadLight
HU,h1784,0.6171735770568829,scr2002,avaStIn,bevFrtRoadLight
HU,h1785,0.6409152522621753,scr2002,avaStIn,bevFrtRoadLight
HU,h1786,0.6489166669999998,scr2002,avaStIn,bevFrtRoadLight
HU,h1787,0.6400350534574337,scr2002,avaStIn,bevFrtRoadLight
HU,h1788,0.61588415769173,scr2002,avaStIn,bevFrtRoadLight
HU,h1789,0.5753501172674538,scr2002,avaStIn,bevFrtRoadLight
HU,h1790,0.5273486726990765,scr2002,avaStIn,bevFrtRoadLight
HU,h1791,0.47682400205808595,scr2002,avaStIn,bevFrtRoadLight
HU,h1792,0.4288063768750643,scr2002,avaStIn,bevFrtRoadLight
HU,h1793,0.39374570481652504,scr2002,avaStIn,bevFrtRoadLight
HU,h1794,0.3749031506247579,scr2002,avaStIn,bevFrtRoadLight
HU,h1795,0.37209330121313167,scr2002,avaStIn,bevFrtRoadLight
HU,h1796,0.36873105182903665,scr2002,avaStIn,bevFrtRoadLight
HU,h1797,0.3543630997986469,scr2002,avaStIn,bevFrtRoadLight
HU,h1798,0.3154781828948128,scr2002,avaStIn,bevFrtRoadLight
HU,h1799,0.27112993299959987,scr2002,avaStIn,bevFrtRoadLight
HU,h1800,0.2381911639591776,scr2002,avaStIn,bevFrtRoadLight
HU,h1801,0.20075744833264675,scr2002,avaStIn,bevFrtRoadLight
HU,h1802,0.21575624655576675,scr2002,avaStIn,bevFrtRoadLight
HU,h1803,0.27148343409663167,scr2002,avaStIn,bevFrtRoadLight
HU,h1804,0.3790725700696759,scr2002,avaStIn,bevFrtRoadLight
HU,h1805,0.4623404992613247,scr2002,avaStIn,bevFrtRoadLight
HU,h1806,0.5259162274800008,scr2002,avaStIn,bevFrtRoadLight
HU,h1807,0.5772992909654577,scr2002,avaStIn,bevFrtRoadLight
HU,h1808,0.6171735770568829,scr2002,avaStIn,bevFrtRoadLight
HU,h1809,0.6409152522621753,scr2002,avaStIn,bevFrtRoadLight
HU,h1810,0.6489166669999998,scr2002,avaStIn,bevFrtRoadLight
HU,h1811,0.6400350534574337,scr2002,avaStIn,bevFrtRoadLight
HU,h1812,0.61588415769173,scr2002,avaStIn,bevFrtRoadLight
HU,h1813,0.5753501172674538,scr2002,avaStIn,bevFrtRoadLight
HU,h1814,0.5273486726990765,scr2002,avaStIn,bevFrtRoadLight
HU,h1815,0.47682400205808595,scr2002,avaStIn,bevFrtRoadLight
HU,h1816,0.4288063768750643,scr2002,avaStIn,bevFrtRoadLight
HU,h1817,0.39374570481652504,scr2002,avaStIn,bevFrtRoadLight
HU,h1818,0.3749031506247579,scr2002,avaStIn,bevFrtRoadLight
HU,h1819,0.37209330121313167,scr2002,avaStIn,bevFrtRoadLight
HU,h1820,0.36873105182903665,scr2002,avaStIn,bevFrtRoadLight
HU,h1821,0.3543630997986469,scr2002,avaStIn,bevFrtRoadLight
HU,h1822,0.3154781828948128,scr2002,avaStIn,bevFrtRoadLight
HU,h1823,0.27112993299959987,scr2002,avaStIn,bevFrtRoadLight
HU,h1824,0.2381911639591776,scr2002,avaStIn,bevFrtRoadLight
HU,h1825,0.28388199759953203,scr2002,avaStIn,bevFrtRoadLight
HU,h1826,0.34615260530650627,scr2002,avaStIn,bevFrtRoadLight
HU,h1827,0.4106293035759673,scr2002,avaStIn,bevFrtRoadLight
HU,h1828,0.4302562346105031,scr2002,avaStIn,bevFrtRoadLight
HU,h1829,0.4411964644145132,scr2002,avaStIn,bevFrtRoadLight
HU,h1830,0.45751109901302867,scr2002,avaStIn,bevFrtRoadLight
HU,h1831,0.48871757217710954,scr2002,avaStIn,bevFrtRoadLight
HU,h1832,0.5314509691002262,scr2002,avaStIn,bevFrtRoadLight
HU,h1833,0.5711878747561929,scr2002,avaStIn,bevFrtRoadLight
HU,h1834,0.5980939691710526,scr2002,avaStIn,bevFrtRoadLight
HU,h1835,0.608394034195855,scr2002,avaStIn,bevFrtRoadLight
HU,h1836,0.6010568773540479,scr2002,avaStIn,bevFrtRoadLight
HU,h1837,0.5764247164288175,scr2002,avaStIn,bevFrtRoadLight
HU,h1838,0.5401459054358786,scr2002,avaStIn,bevFrtRoadLight
HU,h1839,0.4982672792884357,scr2002,avaStIn,bevFrtRoadLight
HU,h1840,0.4574139907405833,scr2002,avaStIn,bevFrtRoadLight
HU,h1841,0.42470386872332366,scr2002,avaStIn,bevFrtRoadLight
HU,h1842,0.4070105681582177,scr2002,avaStIn,bevFrtRoadLight
HU,h1843,0.3993554704479094,scr2002,avaStIn,bevFrtRoadLight
HU,h1844,0.3942528360151184,scr2002,avaStIn,bevFrtRoadLight
HU,h1845,0.3809841238928826,scr2002,avaStIn,bevFrtRoadLight
HU,h1846,0.3497784944040866,scr2002,avaStIn,bevFrtRoadLight
HU,h1847,0.3123069662403203,scr2002,avaStIn,bevFrtRoadLight
HU,h1848,0.2821792829284123,scr2002,avaStIn,bevFrtRoadLight
HU,h1849,0.3106843918239848,scr2002,avaStIn,bevFrtRoadLight
HU,h1850,0.35866299968064763,scr2002,avaStIn,bevFrtRoadLight
HU,h1851,0.4106293035759673,scr2002,avaStIn,bevFrtRoadLight
HU,h1852,0.4302562346105031,scr2002,avaStIn,bevFrtRoadLight
HU,h1853,0.4411964644145132,scr2002,avaStIn,bevFrtRoadLight
HU,h1854,0.45751109901302867,scr2002,avaStIn,bevFrtRoadLight
HU,h1855,0.48871757217710954,scr2002,avaStIn,bevFrtRoadLight
HU,h1856,0.5314509691002262,scr2002,avaStIn,bevFrtRoadLight
HU,h1857,0.5711878747561929,scr2002,avaStIn,bevFrtRoadLight
HU,h1858,0.5980939691710526,scr2002,avaStIn,bevFrtRoadLight
HU,h1859,0.608394034195855,scr2002,avaStIn,bevFrtRoadLight
HU,h1860,0.6010568773540479,scr2002,avaStIn,bevFrtRoadLight
HU,h1861,0.5764247164288175,scr2002,avaStIn,bevFrtRoadLight
HU,h1862,0.5401459054358786,scr2002,avaStIn,bevFrtRoadLight
HU,h1863,0.4982672792884357,scr2002,avaStIn,bevFrtRoadLight
HU,h1864,0.4574139907405833,scr2002,avaStIn,bevFrtRoadLight
HU,h1865,0.42470386872332366,scr2002,avaStIn,bevFrtRoadLight
HU,h1866,0.4070105681582177,scr2002,avaStIn,bevFrtRoadLight
HU,h1867,0.3993554704479094,scr2002,avaStIn,bevFrtRoadLight
HU,h1868,0.3942528360151184,scr2002,avaStIn,bevFrtRoadLight
HU,h1869,0.3809841238928826,scr2002,avaStIn,bevFrtRoadLight
HU,h1870,0.3497784944040866,scr2002,avaStIn,bevFrtRoadLight
HU,h1871,0.3123069662403203,scr2002,avaStIn,bevFrtRoadLight
HU,h1872,0.2821792829284123,scr2002,avaStIn,bevFrtRoadLight
HU,h1873,0.3106843918239848,scr2002,avaStIn,bevFrtRoadLight
HU,h1874,0.35866299968064763,scr2002,avaStIn,bevFrtRoadLight
HU,h1875,0.4106293035759673,scr2002,avaStIn,bevFrtRoadLight
HU,h1876,0.4302562346105031,scr2002,avaStIn,bevFrtRoadLight
HU,h1877,0.4411964644145132,scr2002,avaStIn,bevFrtRoadLight
HU,h1878,0.45751109901302867,scr2002,avaStIn,bevFrtRoadLight
HU,h1879,0.48871757217710954,scr2002,avaStIn,bevFrtRoadLight
HU,h1880,0.5314509691002262,scr2002,avaStIn,bevFrtRoadLight
HU,h1881,0.5711878747561929,scr2002,avaStIn,bevFrtRoadLight
HU,h1882,0.5980939691710526,scr2002,avaStIn,bevFrtRoadLight
HU,h1883,0.608394034195855,scr2002,avaStIn,bevFrtRoadLight
HU,h1884,0.6010568773540479,scr2002,avaStIn,bevFrtRoadLight
HU,h1885,0.5764247164288175,scr2002,avaStIn,bevFrtRoadLight
HU,h1886,0.5401459054358786,scr2002,avaStIn,bevFrtRoadLight
HU,h1887,0.4982672792884357,scr2002,avaStIn,bevFrtRoadLight
HU,h1888,0.4574139907405833,scr2002,avaStIn,bevFrtRoadLight
HU,h1889,0.42470386872332366,scr2002,avaStIn,bevFrtRoadLight
HU,h1890,0.4070105681582177,scr2002,avaStIn,bevFrtRoadLight
HU,h1891,0.3993554704479094,scr2002,avaStIn,bevFrtRoadLight
HU,h1892,0.3942528360151184,scr2002,avaStIn,bevFrtRoadLight
HU,h1893,0.3809841238928826,scr2002,avaStIn,bevFrtRoadLight
HU,h1894,0.3497784944040866,scr2002,avaStIn,bevFrtRoadLight
HU,h1895,0.3123069662403203,scr2002,avaStIn,bevFrtRoadLight
HU,h1896,0.2821792829284123,scr2002,avaStIn,bevFrtRoadLight
HU,h1897,0.3106843918239848,scr2002,avaStIn,bevFrtRoadLight
HU,h1898,0.35866299968064763,scr2002,avaStIn,bevFrtRoadLight
HU,h1899,0.4106293035759673,scr2002,avaStIn,bevFrtRoadLight
HU,h1900,0.4302562346105031,scr2002,avaStIn,bevFrtRoadLight
HU,h1901,0.4411964644145132,scr2002,avaStIn,bevFrtRoadLight
HU,h1902,0.45751109901302867,scr2002,avaStIn,bevFrtRoadLight
HU,h1903,0.48871757217710954,scr2002,avaStIn,bevFrtRoadLight
HU,h1904,0.5314509691002262,scr2002,avaStIn,bevFrtRoadLight
HU,h1905,0.5711878747561929,scr2002,avaStIn,bevFrtRoadLight
HU,h1906,0.5980939691710526,scr2002,avaStIn,bevFrtRoadLight
HU,h1907,0.608394034195855,scr2002,avaStIn,bevFrtRoadLight
HU,h1908,0.6010568773540479,scr2002,avaStIn,bevFrtRoadLight
HU,h1909,0.5764247164288175,scr2002,avaStIn,bevFrtRoadLight
HU,h1910,0.5401459054358786,scr2002,avaStIn,bevFrtRoadLight
HU,h1911,0.4982672792884357,scr2002,avaStIn,bevFrtRoadLight
HU,h1912,0.4574139907405833,scr2002,avaStIn,bevFrtRoadLight
HU,h1913,0.42470386872332366,scr2002,avaStIn,bevFrtRoadLight
HU,h1914,0.4070105681582177,scr2002,avaStIn,bevFrtRoadLight
HU,h1915,0.3993554704479094,scr2002,avaStIn,bevFrtRoadLight
HU,h1916,0.3942528360151184,scr2002,avaStIn,bevFrtRoadLight
HU,h1917,0.3809841238928826,scr2002,avaStIn,bevFrtRoadLight
HU,h1918,0.3497784944040866,scr2002,avaStIn,bevFrtRoadLight
HU,h1919,0.3123069662403203,scr2002,avaStIn,bevFrtRoadLight
HU,h1920,0.2821792829284123,scr2002,avaStIn,bevFrtRoadLight
HU,h1921,0.3106843918239848,scr2002,avaStIn,bevFrtRoadLight
HU,h1922,0.35866299968064763,scr2002,avaStIn,bevFrtRoadLight
HU,h1923,0.4106293035759673,scr2002,avaStIn,bevFrtRoadLight
HU,h1924,0.4302562346105031,scr2002,avaStIn,bevFrtRoadLight
HU,h1925,0.4411964644145132,scr2002,avaStIn,bevFrtRoadLight
HU,h1926,0.45751109901302867,scr2002,avaStIn,bevFrtRoadLight
HU,h1927,0.48871757217710954,scr2002,avaStIn,bevFrtRoadLight
HU,h1928,0.5314509691002262,scr2002,avaStIn,bevFrtRoadLight
HU,h1929,0.5711878747561929,scr2002,avaStIn,bevFrtRoadLight
HU,h1930,0.5980939691710526,scr2002,avaStIn,bevFrtRoadLight
HU,h1931,0.608394034195855,scr2002,avaStIn,bevFrtRoadLight
HU,h1932,0.6010568773540479,scr2002,avaStIn,bevFrtRoadLight
HU,h1933,0.5764247164288175,scr2002,avaStIn,bevFrtRoadLight
HU,h1934,0.5401459054358786,scr2002,avaStIn,bevFrtRoadLight
HU,h1935,0.4982672792884357,scr2002,avaStIn,bevFrtRoadLight
HU,h1936,0.4574139907405833,scr2002,avaStIn,bevFrtRoadLight
HU,h1937,0.42470386872332366,scr2002,avaStIn,bevFrtRoadLight
HU,h1938,0.4070105681582177,scr2002,avaStIn,bevFrtRoadLight
HU,h1939,0.3993554704479094,scr2002,avaStIn,bevFrtRoadLight
HU,h1940,0.3942528360151184,scr2002,avaStIn,bevFrtRoadLight
HU,h1941,0.3809841238928826,scr2002,avaStIn,bevFrtRoadLight
HU,h1942,0.3497784944040866,scr2002,avaStIn,bevFrtRoadLight
HU,h1943,0.3123069662403203,scr2002,avaStIn,bevFrtRoadLight
HU,h1944,0.2821792829284123,scr2002,avaStIn,bevFrtRoadLight
HU,h1945,0.230095162221032,scr2002,avaStIn,bevFrtRoadLight
HU,h1946,0.2300917975935889,scr2002,avaStIn,bevFrtRoadLight
HU,h1947,0.27148343409663167,scr2002,avaStIn,bevFrtRoadLight
HU,h1948,0.3790725700696759,scr2002,avaStIn,bevFrtRoadLight
HU,h1949,0.4623404992613247,scr2002,avaStIn,bevFrtRoadLight
HU,h1950,0.5259162274800008,scr2002,avaStIn,bevFrtRoadLight
HU,h1951,0.5772992909654577,scr2002,avaStIn,bevFrtRoadLight
HU,h1952,0.6171735770568829,scr2002,avaStIn,bevFrtRoadLight
HU,h1953,0.6409152522621753,scr2002,avaStIn,bevFrtRoadLight
HU,h1954,0.6489166669999998,scr2002,avaStIn,bevFrtRoadLight
HU,h1955,0.6400350534574337,scr2002,avaStIn,bevFrtRoadLight
HU,h1956,0.61588415769173,scr2002,avaStIn,bevFrtRoadLight
HU,h1957,0.5753501172674538,scr2002,avaStIn,bevFrtRoadLight
HU,h1958,0.5273486726990765,scr2002,avaStIn,bevFrtRoadLight
HU,h1959,0.47682400205808595,scr2002,avaStIn,bevFrtRoadLight
HU,h1960,0.4288063768750643,scr2002,avaStIn,bevFrtRoadLight
HU,h1961,0.39374570481652504,scr2002,avaStIn,bevFrtRoadLight
HU,h1962,0.3749031506247579,scr2002,avaStIn,bevFrtRoadLight
HU,h1963,0.37209330121313167,scr2002,avaStIn,bevFrtRoadLight
HU,h1964,0.36873105182903665,scr2002,avaStIn,bevFrtRoadLight
HU,h1965,0.3543630997986469,scr2002,avaStIn,bevFrtRoadLight
HU,h1966,0.3154781828948128,scr2002,avaStIn,bevFrtRoadLight
HU,h1967,0.27112993299959987,scr2002,avaStIn,bevFrtRoadLight
HU,h1968,0.2381911639591776,scr2002,avaStIn,bevFrtRoadLight
HU,h1969,0.20075744833264675,scr2002,avaStIn,bevFrtRoadLight
HU,h1970,0.21575624655576675,scr2002,avaStIn,bevFrtRoadLight
HU,h1971,0.27148343409663167,scr2002,avaStIn,bevFrtRoadLight
HU,h1972,0.3790725700696759,scr2002,avaStIn,bevFrtRoadLight
HU,h1973,0.4623404992613247,scr2002,avaStIn,bevFrtRoadLight
HU,h1974,0.5259162274800008,scr2002,avaStIn,bevFrtRoadLight
HU,h1975,0.5772992909654577,scr2002,avaStIn,bevFrtRoadLight
HU,h1976,0.6171735770568829,scr2002,avaStIn,bevFrtRoadLight
HU,h1977,0.6409152522621753,scr2002,avaStIn,bevFrtRoadLight
HU,h1978,0.6489166669999998,scr2002,avaStIn,bevFrtRoadLight
HU,h1979,0.6400350534574337,scr2002,avaStIn,bevFrtRoadLight
HU,h1980,0.61588415769173,scr2002,avaStIn,bevFrtRoadLight
HU,h1981,0.5753501172674538,scr2002,avaStIn,bevFrtRoadLight
HU,h1982,0.5273486726990765,scr2002,avaStIn,bevFrtRoadLight
HU,h1983,0.47682400205808595,scr2002,avaStIn,bevFrtRoadLight
HU,h1984,0.4288063768750643,scr2002,avaStIn,bevFrtRoadLight
HU,h1985,0.39374570481652504,scr2002,avaStIn,bevFrtRoadLight
HU,h1986,0.3749031506247579,scr2002,avaStIn,bevFrtRoadLight
HU,h1987,0.37209330121313167,scr2002,avaStIn,bevFrtRoadLight
HU,h1988,0.36873105182903665,scr2002,avaStIn,bevFrtRoadLight
HU,h1989,0.3543630997986469,scr2002,avaStIn,bevFrtRoadLight
HU,h1990,0.3154781828948128,scr2002,avaStIn,bevFrtRoadLight
HU,h1991,0.27112993299959987,scr2002,avaStIn,bevFrtRoadLight
HU,h1992,0.2381911639591776,scr2002,avaStIn,bevFrtRoadLight
HU,h1993,0.28388199759953203,scr2002,avaStIn,bevFrtRoadLight
HU,h1994,0.34615260530650627,scr2002,avaStIn,bevFrtRoadLight
HU,h1995,0.4106293035759673,scr2002,avaStIn,bevFrtRoadLight
HU,h1996,0.4302562346105031,scr2002,avaStIn,bevFrtRoadLight
HU,h1997,0.4411964644145132,scr2002,avaStIn,bevFrtRoadLight
HU,h1998,0.45751109901302867,scr2002,avaStIn,bevFrtRoadLight
HU,h1999,0.48871757217710954,scr2002,avaStIn,bevFrtRoadLight
HU,h2000,0.5314509691002262,scr2002,avaStIn,bevFrtRoadLight
HU,h2001,0.5711878747561929,scr2002,avaStIn,bevFrtRoadLight
HU,h2002,0.5980939691710526,scr2002,avaStIn,bevFrtRoadLight
HU,h2003,0.608394034195855,scr2002,avaStIn,bevFrtRoadLight
HU,h2004,0.6010568773540479,scr2002,avaStIn,bevFrtRoadLight
HU,h2005,0.5764247164288175,scr2002,avaStIn,bevFrtRoadLight
HU,h2006,0.5401459054358786,scr2002,avaStIn,bevFrtRoadLight
HU,h2007,0.4982672792884357,scr2002,avaStIn,bevFrtRoadLight
HU,h2008,0.4574139907405833,scr2002,avaStIn,bevFrtRoadLight
HU,h2009,0.42470386872332366,scr2002,avaStIn,bevFrtRoadLight
HU,h2010,0.4070105681582177,scr2002,avaStIn,bevFrtRoadLight
HU,h2011,0.3993554704479094,scr2002,avaStIn,bevFrtRoadLight
HU,h2012,0.3942528360151184,scr2002,avaStIn,bevFrtRoadLight
HU,h2013,0.3809841238928826,scr2002,avaStIn,bevFrtRoadLight
HU,h2014,0.3497784944040866,scr2002,avaStIn,bevFrtRoadLight
HU,h2015,0.3123069662403203,scr2002,avaStIn,bevFrtRoadLight
HU,h2016,0.2821792829284123,scr2002,avaStIn,bevFrtRoadLight
HU,h2017,0.3072840894621327,scr2002,avaStIn,bevFrtRoadLight
HU,h2018,0.33666905394072466,scr2002,avaStIn,bevFrtRoadLight
HU,h2019,0.36655496485550265,scr2002,avaStIn,bevFrtRoadLight
HU,h2020,0.3745731212047183,scr2002,avaStIn,bevFrtRoadLight
HU,h2021,0.4026088526762964,scr2002,avaStIn,bevFrtRoadLight
HU,h2022,0.44640061438376677,scr2002,avaStIn,bevFrtRoadLight
HU,h2023,0.4973037920546317,scr2002,avaStIn,bevFrtRoadLight
HU,h2024,0.5420216950586382,scr2002,avaStIn,bevFrtRoadLight
HU,h2025,0.5736954068525849,scr2002,avaStIn,bevFrtRoadLight
HU,h2026,0.5880342997851788,scr2002,avaStIn,bevFrtRoadLight
HU,h2027,0.5918947845476326,scr2002,avaStIn,bevFrtRoadLight
HU,h2028,0.5837522950091351,scr2002,avaStIn,bevFrtRoadLight
HU,h2029,0.566630011228302,scr2002,avaStIn,bevFrtRoadLight
HU,h2030,0.5326460205473856,scr2002,avaStIn,bevFrtRoadLight
HU,h2031,0.48334141219508586,scr2002,avaStIn,bevFrtRoadLight
HU,h2032,0.4237800531764452,scr2002,avaStIn,bevFrtRoadLight
HU,h2033,0.3668064382544399,scr2002,avaStIn,bevFrtRoadLight
HU,h2034,0.33858624085132816,scr2002,avaStIn,bevFrtRoadLight
HU,h2035,0.33981235579051505,scr2002,avaStIn,bevFrtRoadLight
HU,h2036,0.3644150552627201,scr2002,avaStIn,bevFrtRoadLight
HU,h2037,0.39407002810213865,scr2002,avaStIn,bevFrtRoadLight
HU,h2038,0.4100441996396512,scr2002,avaStIn,bevFrtRoadLight
HU,h2039,0.41244752514225314,scr2002,avaStIn,bevFrtRoadLight
HU,h2040,0.3977671810575979,scr2002,avaStIn,bevFrtRoadLight
HU,h2041,0.3840802424090224,scr2002,avaStIn,bevFrtRoadLight
HU,h2042,0.37136048642151265,scr2002,avaStIn,bevFrtRoadLight
HU,h2043,0.36655496485550265,scr2002,avaStIn,bevFrtRoadLight
HU,h2044,0.3745731212047183,scr2002,avaStIn,bevFrtRoadLight
HU,h2045,0.4026088526762964,scr2002,avaStIn,bevFrtRoadLight
HU,h2046,0.44640061438376677,scr2002,avaStIn,bevFrtRoadLight
HU,h2047,0.4973037920546317,scr2002,avaStIn,bevFrtRoadLight
HU,h2048,0.5420216950586382,scr2002,avaStIn,bevFrtRoadLight
HU,h2049,0.5736954068525849,scr2002,avaStIn,bevFrtRoadLight
HU,h2050,0.5880342997851788,scr2002,avaStIn,bevFrtRoadLight
HU,h2051,0.5918947845476326,scr2002,avaStIn,bevFrtRoadLight
HU,h2052,0.5837522950091351,scr2002,avaStIn,bevFrtRoadLight
HU,h2053,0.566630011228302,scr2002,avaStIn,bevFrtRoadLight
HU,h2054,0.5326460205473856,scr2002,avaStIn,bevFrtRoadLight
HU,h2055,0.48334141219508586,scr2002,avaStIn,bevFrtRoadLight
HU,h2056,0.4237800531764452,scr2002,avaStIn,bevFrtRoadLight
HU,h2057,0.3668064382544399,scr2002,avaStIn,bevFrtRoadLight
HU,h2058,0.33858624085132816,scr2002,avaStIn,bevFrtRoadLight
HU,h2059,0.33981235579051505,scr2002,avaStIn,bevFrtRoadLight
HU,h2060,0.3644150552627201,scr2002,avaStIn,bevFrtRoadLight
HU,h2061,0.39407002810213865,scr2002,avaStIn,bevFrtRoadLight
HU,h2062,0.4100441996396512,scr2002,avaStIn,bevFrtRoadLight
HU,h2063,0.41244752514225314,scr2002,avaStIn,bevFrtRoadLight
HU,h2064,0.3977671810575979,scr2002,avaStIn,bevFrtRoadLight
HU,h2065,0.3840802424090224,scr2002,avaStIn,bevFrtRoadLight
HU,h2066,0.37136048642151265,scr2002,avaStIn,bevFrtRoadLight
HU,h2067,0.36655496485550265,scr2002,avaStIn,bevFrtRoadLight
HU,h2068,0.3745731212047183,scr2002,avaStIn,bevFrtRoadLight
HU,h2069,0.4026088526762964,scr2002,avaStIn,bevFrtRoadLight
HU,h2070,0.44640061438376677,scr2002,avaStIn,bevFrtRoadLight
HU,h2071,0.4973037920546317,scr2002,avaStIn,bevFrtRoadLight
HU,h2072,0.5420216950586382,scr2002,avaStIn,bevFrtRoadLight
HU,h2073,0.5736954068525849,scr2002,avaStIn,bevFrtRoadLight
HU,h2074,0.5880342997851788,scr2002,avaStIn,bevFrtRoadLight
HU,h2075,0.5918947845476326,scr2002,avaStIn,bevFrtRoadLight
HU,h2076,0.5837522950091351,scr2002,avaStIn,bevFrtRoadLight
HU,h2077,0.566630011228302,scr2002,avaStIn,bevFrtRoadLight
HU,h2078,0.5326460205473856,scr2002,avaStIn,bevFrtRoadLight
HU,h2079,0.48334141219508586,scr2002,avaStIn,bevFrtRoadLight
HU,h2080,0.4237800531764452,scr2002,avaStIn,bevFrtRoadLight
HU,h2081,0.3668064382544399,scr2002,avaStIn,bevFrtRoadLight
HU,h2082,0.33858624085132816,scr2002,avaStIn,bevFrtRoadLight
HU,h2083,0.33981235579051505,scr2002,avaStIn,bevFrtRoadLight
HU,h2084,0.3644150552627201,scr2002,avaStIn,bevFrtRoadLight
HU,h2085,0.39407002810213865,scr2002,avaStIn,bevFrtRoadLight
HU,h2086,0.4100441996396512,scr2002,avaStIn,bevFrtRoadLight
HU,h2087,0.41244752514225314,scr2002,avaStIn,bevFrtRoadLight
HU,h2088,0.3977671810575979,scr2002,avaStIn,bevFrtRoadLight
HU,h2089,0.3840802424090224,scr2002,avaStIn,bevFrtRoadLight
HU,h2090,0.37136048642151265,scr2002,avaStIn,bevFrtRoadLight
HU,h2091,0.36655496485550265,scr2002,avaStIn,bevFrtRoadLight
HU,h2092,0.3745731212047183,scr2002,avaStIn,bevFrtRoadLight
HU,h2093,0.4026088526762964,scr2002,avaStIn,bevFrtRoadLight
HU,h2094,0.44640061438376677,scr2002,avaStIn,bevFrtRoadLight
HU,h2095,0.4973037920546317,scr2002,avaStIn,bevFrtRoadLight
HU,h2096,0.5420216950586382,scr2002,avaStIn,bevFrtRoadLight
HU,h2097,0.5736954068525849,scr2002,avaStIn,bevFrtRoadLight
HU,h2098,0.5880342997851788,scr2002,avaStIn,bevFrtRoadLight
HU,h2099,0.5918947845476326,scr2002,avaStIn,bevFrtRoadLight
HU,h2100,0.5837522950091351,scr2002,avaStIn,bevFrtRoadLight
HU,h2101,0.566630011228302,scr2002,avaStIn,bevFrtRoadLight
HU,h2102,0.5326460205473856,scr2002,avaStIn,bevFrtRoadLight
HU,h2103,0.48334141219508586,scr2002,avaStIn,bevFrtRoadLight
HU,h2104,0.4237800531764452,scr2002,avaStIn,bevFrtRoadLight
HU,h2105,0.3668064382544399,scr2002,avaStIn,bevFrtRoadLight
HU,h2106,0.33858624085132816,scr2002,avaStIn,bevFrtRoadLight
HU,h2107,0.33981235579051505,scr2002,avaStIn,bevFrtRoadLight
HU,h2108,0.3644150552627201,scr2002,avaStIn,bevFrtRoadLight
HU,h2109,0.39407002810213865,scr2002,avaStIn,bevFrtRoadLight
HU,h2110,0.4100441996396512,scr2002,avaStIn,bevFrtRoadLight
HU,h2111,0.41244752514225314,scr2002,avaStIn,bevFrtRoadLight
HU,h2112,0.3977671810575979,scr2002,avaStIn,bevFrtRoadLight
HU,h2113,0.4215422859318668,scr2002,avaStIn,bevFrtRoadLight
HU,h2114,0.44561523253946533,scr2002,avaStIn,bevFrtRoadLight
HU,h2115,0.46890884939949806,scr2002,avaStIn,bevFrtRoadLight
HU,h2116,0.4606801828577375,scr2002,avaStIn,bevFrtRoadLight
HU,h2117,0.4598809008191356,scr2002,avaStIn,bevFrtRoadLight
HU,h2118,0.47373682010553864,scr2002,avaStIn,bevFrtRoadLight
HU,h2119,0.49837466067849223,scr2002,avaStIn,bevFrtRoadLight
HU,h2120,0.5249322712656334,scr2002,avaStIn,bevFrtRoadLight
HU,h2121,0.5295524702973696,scr2002,avaStIn,bevFrtRoadLight
HU,h2122,0.5237384833973733,scr2002,avaStIn,bevFrtRoadLight
HU,h2123,0.517462220076728,scr2002,avaStIn,bevFrtRoadLight
HU,h2124,0.5202231448594441,scr2002,avaStIn,bevFrtRoadLight
HU,h2125,0.5168074572603817,scr2002,avaStIn,bevFrtRoadLight
HU,h2126,0.4881087918461403,scr2002,avaStIn,bevFrtRoadLight
HU,h2127,0.4401501060096197,scr2002,avaStIn,bevFrtRoadLight
HU,h2128,0.3751810028677981,scr2002,avaStIn,bevFrtRoadLight
HU,h2129,0.3184738733356699,scr2002,avaStIn,bevFrtRoadLight
HU,h2130,0.2885496316681868,scr2002,avaStIn,bevFrtRoadLight
HU,h2131,0.2950430145218158,scr2002,avaStIn,bevFrtRoadLight
HU,h2132,0.3362350273761402,scr2002,avaStIn,bevFrtRoadLight
HU,h2133,0.3905257678468871,scr2002,avaStIn,bevFrtRoadLight
HU,h2134,0.4405757953478313,scr2002,avaStIn,bevFrtRoadLight
HU,h2135,0.4738121072088959,scr2002,avaStIn,bevFrtRoadLight
HU,h2136,0.4995552626921461,scr2002,avaStIn,bevFrtRoadLight
HU,h2137,0.5006979269249346,scr2002,avaStIn,bevFrtRoadLight
HU,h2138,0.49234384959123256,scr2002,avaStIn,bevFrtRoadLight
HU,h2139,0.46890884939949806,scr2002,avaStIn,bevFrtRoadLight
HU,h2140,0.4606801828577375,scr2002,avaStIn,bevFrtRoadLight
HU,h2141,0.4598809008191356,scr2002,avaStIn,bevFrtRoadLight
HU,h2142,0.47373682010553864,scr2002,avaStIn,bevFrtRoadLight
HU,h2143,0.49837466067849223,scr2002,avaStIn,bevFrtRoadLight
HU,h2144,0.5249322712656334,scr2002,avaStIn,bevFrtRoadLight
HU,h2145,0.5295524702973696,scr2002,avaStIn,bevFrtRoadLight
HU,h2146,0.5237384833973733,scr2002,avaStIn,bevFrtRoadLight
HU,h2147,0.517462220076728,scr2002,avaStIn,bevFrtRoadLight
HU,h2148,0.5202231448594441,scr2002,avaStIn,bevFrtRoadLight
HU,h2149,0.5168074572603817,scr2002,avaStIn,bevFrtRoadLight
HU,h2150,0.4881087918461403,scr2002,avaStIn,bevFrtRoadLight
HU,h2151,0.4401501060096197,scr2002,avaStIn,bevFrtRoadLight
HU,h2152,0.3751810028677981,scr2002,avaStIn,bevFrtRoadLight
HU,h2153,0.3184738733356699,scr2002,avaStIn,bevFrtRoadLight
HU,h2154,0.2885496316681868,scr2002,avaStIn,bevFrtRoadLight
HU,h2155,0.2950430145218158,scr2002,avaStIn,bevFrtRoadLight
HU,h2156,0.3362350273761402,scr2002,avaStIn,bevFrtRoadLight
HU,h2157,0.3905257678468871,scr2002,avaStIn,bevFrtRoadLight
HU,h2158,0.4405757953478313,scr2002,avaStIn,bevFrtRoadLight
HU,h2159,0.4738121072088959,scr2002,avaStIn,bevFrtRoadLight
HU,h2160,0.4995552626921461,scr2002,avaStIn,bevFrtRoadLight
MK,h1441,0.3714353995574986,scr2002,avaStIn,bevFrtRoadLight
MK,h1442,0.3846086524108919,scr2002,avaStIn,bevFrtRoadLight
MK,h1443,0.42374952391826404,scr2002,avaStIn,bevFrtRoadLight
MK,h1444,0.4709102315761218,scr2002,avaStIn,bevFrtRoadLight
MK,h1445,0.5000591446961408,scr2002,avaStIn,bevFrtRoadLight
MK,h1446,0.495233345157142,scr2002,avaStIn,bevFrtRoadLight
MK,h1447,0.5008043596015219,scr2002,avaStIn,bevFrtRoadLight
MK,h1448,0.5021789974738545,scr2002,avaStIn,bevFrtRoadLight
MK,h1449,0.5231874460949842,scr2002,avaStIn,bevFrtRoadLight
MK,h1450,0.5308529822226913,scr2002,avaStIn,bevFrtRoadLight
MK,h1451,0.536356959269228,scr2002,avaStIn,bevFrtRoadLight
MK,h1452,0.5373881561276749,scr2002,avaStIn,bevFrtRoadLight
MK,h1453,0.5288075990651915,scr2002,avaStIn,bevFrtRoadLight
MK,h1454,0.5095709286669997,scr2002,avaStIn,bevFrtRoadLight
MK,h1455,0.473753550931062,scr2002,avaStIn,bevFrtRoadLight
MK,h1456,0.4304466538396563,scr2002,avaStIn,bevFrtRoadLight
MK,h1457,0.3826879992214788,scr2002,avaStIn,bevFrtRoadLight
MK,h1458,0.35009603390058996,scr2002,avaStIn,bevFrtRoadLight
MK,h1459,0.3349394292024723,scr2002,avaStIn,bevFrtRoadLight
MK,h1460,0.34869160218954365,scr2002,avaStIn,bevFrtRoadLight
MK,h1461,0.36780057797615695,scr2002,avaStIn,bevFrtRoadLight
MK,h1462,0.38682791024436847,scr2002,avaStIn,bevFrtRoadLight
MK,h1463,0.3912979680884232,scr2002,avaStIn,bevFrtRoadLight
MK,h1464,0.3985938980480803,scr2002,avaStIn,bevFrtRoadLight
MK,h1465,0.38540755881640665,scr2002,avaStIn,bevFrtRoadLight
MK,h1466,0.39834418280524153,scr2002,avaStIn,bevFrtRoadLight
MK,h1467,0.42374952391826404,scr2002,avaStIn,bevFrtRoadLight
MK,h1468,0.4709102315761218,scr2002,avaStIn,bevFrtRoadLight
MK,h1469,0.5000591446961408,scr2002,avaStIn,bevFrtRoadLight
MK,h1470,0.495233345157142,scr2002,avaStIn,bevFrtRoadLight
MK,h1471,0.5008043596015219,scr2002,avaStIn,bevFrtRoadLight
MK,h1472,0.5021789974738545,scr2002,avaStIn,bevFrtRoadLight
MK,h1473,0.5231874460949842,scr2002,avaStIn,bevFrtRoadLight
MK,h1474,0.5308529822226913,scr2002,avaStIn,bevFrtRoadLight
MK,h1475,0.536356959269228,scr2002,avaStIn,bevFrtRoadLight
MK,h1476,0.5373881561276749,scr2002,avaStIn,bevFrtRoadLight
MK,h1477,0.5288075990651915,scr2002,avaStIn,bevFrtRoadLight
MK,h1478,0.5095709286669997,scr2002,avaStIn,bevFrtRoadLight
MK,h1479,0.473753550931062,scr2002,avaStIn,bevFrtRoadLight
MK,h1480,0.4304466538396563,scr2002,avaStIn,bevFrtRoadLight
MK,h1481,0.3826879992214788,scr2002,avaStIn,bevFrtRoadLight
MK,h1482,0.35009603390058996,scr2002,avaStIn,bevFrtRoadLight
MK,h1483,0.3349394292024723,scr2002,avaStIn,bevFrtRoadLight
MK,h1484,0.34869160218954365,scr2002,avaStIn,bevFrtRoadLight
MK,h1485,0.36780057797615695,scr2002,avaStIn,bevFrtRoadLight
MK,h1486,0.38682791024436847,scr2002,avaStIn,bevFrtRoadLight
MK,h1487,0.3912979680884232,scr2002,avaStIn,bevFrtRoadLight
MK,h1488,0.3985938980480803,scr2002,avaStIn,bevFrtRoadLight
MK,h1489,0.4174388969205469,scr2002,avaStIn,bevFrtRoadLight
MK,h1490,0.4439543832070485,scr2002,avaStIn,bevFrtRoadLight
MK,h1491,0.464238846132911,scr2002,avaStIn,bevFrtRoadLight
MK,h1492,0.4692993118565085,scr2002,avaStIn,bevFrtRoadLight
MK,h1493,0.4647572130501477,scr2002,avaStIn,bevFrtRoadLight
MK,h1494,0.4606421333392813,scr2002,avaStIn,bevFrtRoadLight
MK,h1495,0.4606294501381404,scr2002,avaStIn,bevFrtRoadLight
MK,h1496,0.4771202000278558,scr2002,avaStIn,bevFrtRoadLight
MK,h1497,0.4942956004519071,scr2002,avaStIn,bevFrtRoadLight
MK,h1498,0.5099123823053463,scr2002,avaStIn,bevFrtRoadLight
MK,h1499,0.5161038254350148,scr2002,avaStIn,bevFrtRoadLight
MK,h1500,0.5219276355822776,scr2002,avaStIn,bevFrtRoadLight
MK,h1501,0.5234247828552905,scr2002,avaStIn,bevFrtRoadLight
MK,h1502,0.515666896351518,scr2002,avaStIn,bevFrtRoadLight
MK,h1503,0.4904757420921084,scr2002,avaStIn,bevFrtRoadLight
MK,h1504,0.4511048686615209,scr2002,avaStIn,bevFrtRoadLight
MK,h1505,0.401719554609377,scr2002,avaStIn,bevFrtRoadLight
MK,h1506,0.362910361244157,scr2002,avaStIn,bevFrtRoadLight
MK,h1507,0.3472619056461236,scr2002,avaStIn,bevFrtRoadLight
MK,h1508,0.35727079588328314,scr2002,avaStIn,bevFrtRoadLight
MK,h1509,0.378468834507535,scr2002,avaStIn,bevFrtRoadLight
MK,h1510,0.39319028121074384,scr2002,avaStIn,bevFrtRoadLight
MK,h1511,0.3959422870730802,scr2002,avaStIn,bevFrtRoadLight
MK,h1512,0.3854887711962275,scr2002,avaStIn,bevFrtRoadLight
MK,h1513,0.42769853598926943,scr2002,avaStIn,bevFrtRoadLight
MK,h1514,0.46444116177482064,scr2002,avaStIn,bevFrtRoadLight
MK,h1515,0.5002557267591349,scr2002,avaStIn,bevFrtRoadLight
MK,h1516,0.4779833592811431,scr2002,avaStIn,bevFrtRoadLight
MK,h1517,0.45518876455881485,scr2002,avaStIn,bevFrtRoadLight
MK,h1518,0.43596244051473665,scr2002,avaStIn,bevFrtRoadLight
MK,h1519,0.4287672948543091,scr2002,avaStIn,bevFrtRoadLight
MK,h1520,0.4310449118345231,scr2002,avaStIn,bevFrtRoadLight
MK,h1521,0.43651906754470926,scr2002,avaStIn,bevFrtRoadLight
MK,h1522,0.42784196327677315,scr2002,avaStIn,bevFrtRoadLight
MK,h1523,0.40165285769436365,scr2002,avaStIn,bevFrtRoadLight
MK,h1524,0.3554492048303812,scr2002,avaStIn,bevFrtRoadLight
MK,h1525,0.30743387757687923,scr2002,avaStIn,bevFrtRoadLight
MK,h1526,0.278936309503648,scr2002,avaStIn,bevFrtRoadLight
MK,h1527,0.28525649117608465,scr2002,avaStIn,bevFrtRoadLight
MK,h1528,0.33100477113297455,scr2002,avaStIn,bevFrtRoadLight
MK,h1529,0.3951643597987161,scr2002,avaStIn,bevFrtRoadLight
MK,h1530,0.46644985491696445,scr2002,avaStIn,bevFrtRoadLight
MK,h1531,0.5302489042156142,scr2002,avaStIn,bevFrtRoadLight
MK,h1532,0.5770673902258092,scr2002,avaStIn,bevFrtRoadLight
MK,h1533,0.5986769755958498,scr2002,avaStIn,bevFrtRoadLight
MK,h1534,0.6016883948095747,scr2002,avaStIn,bevFrtRoadLight
MK,h1535,0.5924055260109063,scr2002,avaStIn,bevFrtRoadLight
MK,h1536,0.5774847836798132,scr2002,avaStIn,bevFrtRoadLight
MK,h1537,0.5517773619954187,scr2002,avaStIn,bevFrtRoadLight
MK,h1538,0.5248358437172166,scr2002,avaStIn,bevFrtRoadLight
MK,h1539,0.5002557267591349,scr2002,avaStIn,bevFrtRoadLight
MK,h1540,0.4779833592811431,scr2002,avaStIn,bevFrtRoadLight
MK,h1541,0.45518876455881485,scr2002,avaStIn,bevFrtRoadLight
MK,h1542,0.43596244051473665,scr2002,avaStIn,bevFrtRoadLight
MK,h1543,0.4287672948543091,scr2002,avaStIn,bevFrtRoadLight
MK,h1544,0.4310449118345231,scr2002,avaStIn,bevFrtRoadLight
MK,h1545,0.43651906754470926,scr2002,avaStIn,bevFrtRoadLight
MK,h1546,0.42784196327677315,scr2002,avaStIn,bevFrtRoadLight
MK,h1547,0.40165285769436365,scr2002,avaStIn,bevFrtRoadLight
MK,h1548,0.3554492048303812,scr2002,avaStIn,bevFrtRoadLight
MK,h1549,0.30743387757687923,scr2002,avaStIn,bevFrtRoadLight
MK,h1550,0.278936309503648,scr2002,avaStIn,bevFrtRoadLight
MK,h1551,0.28525649117608465,scr2002,avaStIn,bevFrtRoadLight
MK,h1552,0.33100477113297455,scr2002,avaStIn,bevFrtRoadLight
MK,h1553,0.3951643597987161,scr2002,avaStIn,bevFrtRoadLight
MK,h1554,0.46644985491696445,scr2002,avaStIn,bevFrtRoadLight
MK,h1555,0.5302489042156142,scr2002,avaStIn,bevFrtRoadLight
MK,h1556,0.5770673902258092,scr2002,avaStIn,bevFrtRoadLight
MK,h1557,0.5986769755958498,scr2002,avaStIn,bevFrtRoadLight
MK,h1558,0.6016883948095747,scr2002,avaStIn,bevFrtRoadLight
MK,h1559,0.5924055260109063,scr2002,avaStIn,bevFrtRoadLight
MK,h1560,0.5774847836798132,scr2002,avaStIn,bevFrtRoadLight
MK,h1561,0.5517773619954187,scr2002,avaStIn,bevFrtRoadLight
MK,h1562,0.5248358437172166,scr2002,avaStIn,bevFrtRoadLight
MK,h1563,0.5002557267591349,scr2002,avaStIn,bevFrtRoadLight
MK,h1564,0.4779833592811431,scr2002,avaStIn,bevFrtRoadLight
MK,h1565,0.45518876455881485,scr2002,avaStIn,bevFrtRoadLight
MK,h1566,0.43596244051473665,scr2002,avaStIn,bevFrtRoadLight
MK,h1567,0.4287672948543091,scr2002,avaStIn,bevFrtRoadLight
MK,h1568,0.4310449118345231,scr2002,avaStIn,bevFrtRoadLight
MK,h1569,0.43651906754470926,scr2002,avaStIn,bevFrtRoadLight
MK,h1570,0.42784196327677315,scr2002,avaStIn,bevFrtRoadLight
MK,h1571,0.40165285769436365,scr2002,avaStIn,bevFrtRoadLight
MK,h1572,0.3554492048303812,scr2002,avaStIn,bevFrtRoadLight
MK,h1573,0.30743387757687923,scr2002,avaStIn,bevFrtRoadLight
MK,h1574,0.278936309503648,scr2002,avaStIn,bevFrtRoadLight
MK,h1575,0.28525649117608465,scr2002,avaStIn,bevFrtRoadLight
MK,h1576,0.33100477113297455,scr2002,avaStIn,bevFrtRoadLight
MK,h1577,0.3951643597987161,scr2002,avaStIn,bevFrtRoadLight
MK,h1578,0.46644985491696445,scr2002,avaStIn,bevFrtRoadLight
MK,h1579,0.5302489042156142,scr2002,avaStIn,bevFrtRoadLight
MK,h1580,0.5770673902258092,scr2002,avaStIn,bevFrtRoadLight
MK,h1581,0.5986769755958498,scr2002,avaStIn,bevFrtRoadLight
MK,h1582,0.6016883948095747,scr2002,avaStIn,bevFrtRoadLight
MK,h1583,0.5924055260109063,scr2002,avaStIn,bevFrtRoadLight
MK,h1584,0.5774847836798132,scr2002,avaStIn,bevFrtRoadLight
MK,h1585,0.5517773619954187,scr2002,avaStIn,bevFrtRoadLight
MK,h1586,0.5248358437172166,scr2002,avaStIn,bevFrtRoadLight
MK,h1587,0.5002557267591349,scr2002,avaStIn,bevFrtRoadLight
MK,h1588,0.4779833592811431,scr2002,avaStIn,bevFrtRoadLight
MK,h1589,0.45518876455881485,scr2002,avaStIn,bevFrtRoadLight
MK,h1590,0.43596244051473665,scr2002,avaStIn,bevFrtRoadLight
MK,h1591,0.4287672948543091,scr2002,avaStIn,bevFrtRoadLight
MK,h1592,0.4310449118345231,scr2002,avaStIn,bevFrtRoadLight
MK,h1593,0.43651906754470926,scr2002,avaStIn,bevFrtRoadLight
MK,h1594,0.42784196327677315,scr2002,avaStIn,bevFrtRoadLight
MK,h1595,0.40165285769436365,scr2002,avaStIn,bevFrtRoadLight
MK,h1596,0.3554492048303812,scr2002,avaStIn,bevFrtRoadLight
MK,h1597,0.30743387757687923,scr2002,avaStIn,bevFrtRoadLight
MK,h1598,0.278936309503648,scr2002,avaStIn,bevFrtRoadLight
MK,h1599,0.28525649117608465,scr2002,avaStIn,bevFrtRoadLight
MK,h1600,0.33100477113297455,scr2002,avaStIn,bevFrtRoadLight
MK,h1601,0.3951643597987161,scr2002,avaStIn,bevFrtRoadLight
MK,h1602,0.46644985491696445,scr2002,avaStIn,bevFrtRoadLight
MK,h1603,0.5302489042156142,scr2002,avaStIn,bevFrtRoadLight
MK,h1604,0.5770673902258092,scr2002,avaStIn,bevFrtRoadLight
MK,h1605,0.5986769755958498,scr2002,avaStIn,bevFrtRoadLight
MK,h1606,0.6016883948095747,scr2002,avaStIn,bevFrtRoadLight
MK,h1607,0.5924055260109063,scr2002,avaStIn,bevFrtRoadLight
MK,h1608,0.5774847836798132,scr2002,avaStIn,bevFrtRoadLight
MK,h1609,0.5399833096273894,scr2002,avaStIn,bevFrtRoadLight
MK,h1610,0.5020113380135911,scr2002,avaStIn,bevFrtRoadLight
MK,h1611,0.4635722307063156,scr2002,avaStIn,bevFrtRoadLight
MK,h1612,0.4380348659574729,scr2002,avaStIn,bevFrtRoadLight
MK,h1613,0.40762124803256283,scr2002,avaStIn,bevFrtRoadLight
MK,h1614,0.37888830724468336,scr2002,avaStIn,bevFrtRoadLight
MK,h1615,0.36958381422293585,scr2002,avaStIn,bevFrtRoadLight
MK,h1616,0.37840208488783933,scr2002,avaStIn,bevFrtRoadLight
MK,h1617,0.40312593459237533,scr2002,avaStIn,bevFrtRoadLight
MK,h1618,0.41362439373824145,scr2002,avaStIn,bevFrtRoadLight
MK,h1619,0.4028461315685412,scr2002,avaStIn,bevFrtRoadLight
MK,h1620,0.3603437041144123,scr2002,avaStIn,bevFrtRoadLight
MK,h1621,0.300735364069155,scr2002,avaStIn,bevFrtRoadLight
MK,h1622,0.24177370465061954,scr2002,avaStIn,bevFrtRoadLight
MK,h1623,0.21970614560615676,scr2002,avaStIn,bevFrtRoadLight
MK,h1624,0.25508395733229006,scr2002,avaStIn,bevFrtRoadLight
MK,h1625,0.34767139096765254,scr2002,avaStIn,bevFrtRoadLight
MK,h1626,0.45228041046836875,scr2002,avaStIn,bevFrtRoadLight
MK,h1627,0.5341134302691986,scr2002,avaStIn,bevFrtRoadLight
MK,h1628,0.5851656457268322,scr2002,avaStIn,bevFrtRoadLight
MK,h1629,0.6079565962864942,scr2002,avaStIn,bevFrtRoadLight
MK,h1630,0.6088378322847627,scr2002,avaStIn,bevFrtRoadLight
MK,h1631,0.5862547005889717,scr2002,avaStIn,bevFrtRoadLight
MK,h1632,0.5503272305028044,scr2002,avaStIn,bevFrtRoadLight
MK,h1633,0.5157882800473498,scr2002,avaStIn,bevFrtRoadLight
MK,h1634,0.4876212160339364,scr2002,avaStIn,bevFrtRoadLight
MK,h1635,0.4635722307063156,scr2002,avaStIn,bevFrtRoadLight
MK,h1636,0.4380348659574729,scr2002,avaStIn,bevFrtRoadLight
MK,h1637,0.40762124803256283,scr2002,avaStIn,bevFrtRoadLight
MK,h1638,0.37888830724468336,scr2002,avaStIn,bevFrtRoadLight
MK,h1639,0.36958381422293585,scr2002,avaStIn,bevFrtRoadLight
MK,h1640,0.37840208488783933,scr2002,avaStIn,bevFrtRoadLight
MK,h1641,0.40312593459237533,scr2002,avaStIn,bevFrtRoadLight
MK,h1642,0.41362439373824145,scr2002,avaStIn,bevFrtRoadLight
MK,h1643,0.4028461315685412,scr2002,avaStIn,bevFrtRoadLight
MK,h1644,0.3603437041144123,scr2002,avaStIn,bevFrtRoadLight
MK,h1645,0.300735364069155,scr2002,avaStIn,bevFrtRoadLight
MK,h1646,0.24177370465061954,scr2002,avaStIn,bevFrtRoadLight
MK,h1647,0.21970614560615676,scr2002,avaStIn,bevFrtRoadLight
MK,h1648,0.25508395733229006,scr2002,avaStIn,bevFrtRoadLight
MK,h1649,0.34767139096765254,scr2002,avaStIn,bevFrtRoadLight
MK,h1650,0.45228041046836875,scr2002,avaStIn,bevFrtRoadLight
MK,h1651,0.5341134302691986,scr2002,avaStIn,bevFrtRoadLight
MK,h1652,0.5851656457268322,scr2002,avaStIn,bevFrtRoadLight
MK,h1653,0.6079565962864942,scr2002,avaStIn,bevFrtRoadLight
MK,h1654,0.6088378322847627,scr2002,avaStIn,bevFrtRoadLight
MK,h1655,0.5862547005889717,scr2002,avaStIn,bevFrtRoadLight
MK,h1656,0.5503272305028044,scr2002,avaStIn,bevFrtRoadLight
MK,h1657,0.5277989482493217,scr2002,avaStIn,bevFrtRoadLight
MK,h1658,0.5107010378978177,scr2002,avaStIn,bevFrtRoadLight
MK,h1659,0.5002557267591349,scr2002,avaStIn,bevFrtRoadLight
MK,h1660,0.4779833592811431,scr2002,avaStIn,bevFrtRoadLight
MK,h1661,0.45518876455881485,scr2002,avaStIn,bevFrtRoadLight
MK,h1662,0.43596244051473665,scr2002,avaStIn,bevFrtRoadLight
MK,h1663,0.4287672948543091,scr2002,avaStIn,bevFrtRoadLight
MK,h1664,0.4310449118345231,scr2002,avaStIn,bevFrtRoadLight
MK,h1665,0.43651906754470926,scr2002,avaStIn,bevFrtRoadLight
MK,h1666,0.42784196327677315,scr2002,avaStIn,bevFrtRoadLight
MK,h1667,0.40165285769436365,scr2002,avaStIn,bevFrtRoadLight
MK,h1668,0.3554492048303812,scr2002,avaStIn,bevFrtRoadLight
MK,h1669,0.30743387757687923,scr2002,avaStIn,bevFrtRoadLight
MK,h1670,0.278936309503648,scr2002,avaStIn,bevFrtRoadLight
MK,h1671,0.28525649117608465,scr2002,avaStIn,bevFrtRoadLight
MK,h1672,0.33100477113297455,scr2002,avaStIn,bevFrtRoadLight
MK,h1673,0.3951643597987161,scr2002,avaStIn,bevFrtRoadLight
MK,h1674,0.46644985491696445,scr2002,avaStIn,bevFrtRoadLight
MK,h1675,0.5302489042156142,scr2002,avaStIn,bevFrtRoadLight
MK,h1676,0.5770673902258092,scr2002,avaStIn,bevFrtRoadLight
MK,h1677,0.5986769755958498,scr2002,avaStIn,bevFrtRoadLight
MK,h1678,0.6016883948095747,scr2002,avaStIn,bevFrtRoadLight
MK,h1679,0.5924055260109063,scr2002,avaStIn,bevFrtRoadLight
MK,h1680,0.5774847836798132,scr2002,avaStIn,bevFrtRoadLight
MK,h1681,0.5517773619954187,scr2002,avaStIn,bevFrtRoadLight
MK,h1682,0.5248358437172166,scr2002,avaStIn,bevFrtRoadLight
MK,h1683,0.5002557267591349,scr2002,avaStIn,bevFrtRoadLight
MK,h1684,0.4779833592811431,scr2002,avaStIn,bevFrtRoadLight
MK,h1685,0.45518876455881485,scr2002,avaStIn,bevFrtRoadLight
MK,h1686,0.43596244051473665,scr2002,avaStIn,bevFrtRoadLight
MK,h1687,0.4287672948543091,scr2002,avaStIn,bevFrtRoadLight
MK,h1688,0.4310449118345231,scr2002,avaStIn,bevFrtRoadLight
MK,h1689,0.43651906754470926,scr2002,avaStIn,bevFrtRoadLight
MK,h1690,0.42784196327677315,scr2002,avaStIn,bevFrtRoadLight
MK,h1691,0.40165285769436365,scr2002,avaStIn,bevFrtRoadLight
MK,h1692,0.3554492048303812,scr2002,avaStIn,bevFrtRoadLight
MK,h1693,0.30743387757687923,scr2002,avaStIn,bevFrtRoadLight
MK,h1694,0.278936309503648,scr2002,avaStIn,bevFrtRoadLight
MK,h1695,0.28525649117608465,scr2002,avaStIn,bevFrtRoadLight
MK,h1696,0.33100477113297455,scr2002,avaStIn,bevFrtRoadLight
MK,h1697,0.3951643597987161,scr2002,avaStIn,bevFrtRoadLight
MK,h1698,0.46644985491696445,scr2002,avaStIn,bevFrtRoadLight
MK,h1699,0.5302489042156142,scr2002,avaStIn,bevFrtRoadLight
MK,h1700,0.5770673902258092,scr2002,avaStIn,bevFrtRoadLight
MK,h1701,0.5986769755958498,scr2002,avaStIn,bevFrtRoadLight
MK,h1702,0.6016883948095747,scr2002,avaStIn,bevFrtRoadLight
MK,h1703,0.5924055260109063,scr2002,avaStIn,bevFrtRoadLight
MK,h1704,0.5774847836798132,scr2002,avaStIn,bevFrtRoadLight
MK,h1705,0.509038057831711,scr2002,avaStIn,bevFrtRoadLight
MK,h1706,0.45316073221470254,scr2002,avaStIn,bevFrtRoadLight
MK,h1707,0.4106293035759673,scr2002,avaStIn,bevFrtRoadLight
MK,h1708,0.4302562346105031,scr2002,avaStIn,bevFrtRoadLight
MK,h1709,0.4411964644145132,scr2002,avaStIn,bevFrtRoadLight
MK,h1710,0.45751109901302867,scr2002,avaStIn,bevFrtRoadLight
MK,h1711,0.48871757217710954,scr2002,avaStIn,bevFrtRoadLight
MK,h1712,0.5314509691002262,scr2002,avaStIn,bevFrtRoadLight
MK,h1713,0.5711878747561929,scr2002,avaStIn,bevFrtRoadLight
MK,h1714,0.5980939691710526,scr2002,avaStIn,bevFrtRoadLight
MK,h1715,0.608394034195855,scr2002,avaStIn,bevFrtRoadLight
MK,h1716,0.6010568773540479,scr2002,avaStIn,bevFrtRoadLight
MK,h1717,0.5764247164288175,scr2002,avaStIn,bevFrtRoadLight
MK,h1718,0.5401459054358786,scr2002,avaStIn,bevFrtRoadLight
MK,h1719,0.4982672792884357,scr2002,avaStIn,bevFrtRoadLight
MK,h1720,0.4574139907405833,scr2002,avaStIn,bevFrtRoadLight
MK,h1721,0.42470386872332366,scr2002,avaStIn,bevFrtRoadLight
MK,h1722,0.4070105681582177,scr2002,avaStIn,bevFrtRoadLight
MK,h1723,0.3993554704479094,scr2002,avaStIn,bevFrtRoadLight
MK,h1724,0.3942528360151184,scr2002,avaStIn,bevFrtRoadLight
MK,h1725,0.3809841238928826,scr2002,avaStIn,bevFrtRoadLight
MK,h1726,0.3497784944040866,scr2002,avaStIn,bevFrtRoadLight
MK,h1727,0.3123069662403203,scr2002,avaStIn,bevFrtRoadLight
MK,h1728,0.2821792829284123,scr2002,avaStIn,bevFrtRoadLight
MK,h1729,0.3106843918239848,scr2002,avaStIn,bevFrtRoadLight
MK,h1730,0.35866299968064763,scr2002,avaStIn,bevFrtRoadLight
MK,h1731,0.4106293035759673,scr2002,avaStIn,bevFrtRoadLight
MK,h1732,0.4302562346105031,scr2002,avaStIn,bevFrtRoadLight
MK,h1733,0.4411964644145132,scr2002,avaStIn,bevFrtRoadLight
MK,h1734,0.45751109901302867,scr2002,avaStIn,bevFrtRoadLight
MK,h1735,0.48871757217710954,scr2002,avaStIn,bevFrtRoadLight
MK,h1736,0.5314509691002262,scr2002,avaStIn,bevFrtRoadLight
MK,h1737,0.5711878747561929,scr2002,avaStIn,bevFrtRoadLight
MK,h1738,0.5980939691710526,scr2002,avaStIn,bevFrtRoadLight
MK,h1739,0.608394034195855,scr2002,avaStIn,bevFrtRoadLight
MK,h1740,0.6010568773540479,scr2002,avaStIn,bevFrtRoadLight
MK,h1741,0.5764247164288175,scr2002,avaStIn,bevFrtRoadLight
MK,h1742,0.5401459054358786,scr2002,avaStIn,bevFrtRoadLight
MK,h1743,0.4982672792884357,scr2002,avaStIn,bevFrtRoadLight
MK,h1744,0.4574139907405833,scr2002,avaStIn,bevFrtRoadLight
MK,h1745,0.42470386872332366,scr2002,avaStIn,bevFrtRoadLight
MK,h1746,0.4070105681582177,scr2002,avaStIn,bevFrtRoadLight
MK,h1747,0.3993554704479094,scr2002,avaStIn,bevFrtRoadLight
MK,h1748,0.3942528360151184,scr2002,avaStIn,bevFrtRoadLight
MK,h1749,0.3809841238928826,scr2002,avaStIn,bevFrtRoadLight
MK,h1750,0.3497784944040866,scr2002,avaStIn,bevFrtRoadLight
MK,h1751,0.3123069662403203,scr2002,avaStIn,bevFrtRoadLight
MK,h1752,0.2821792829284123,scr2002,avaStIn,bevFrtRoadLight
MK,h1753,0.3106843918239848,scr2002,avaStIn,bevFrtRoadLight
MK,h1754,0.35866299968064763,scr2002,avaStIn,bevFrtRoadLight
MK,h1755,0.4106293035759673,scr2002,avaStIn,bevFrtRoadLight
MK,h1756,0.4302562346105031,scr2002,avaStIn,bevFrtRoadLight
MK,h1757,0.4411964644145132,scr2002,avaStIn,bevFrtRoadLight
MK,h1758,0.45751109901302867,scr2002,avaStIn,bevFrtRoadLight
MK,h1759,0.48871757217710954,scr2002,avaStIn,bevFrtRoadLight
MK,h1760,0.5314509691002262,scr2002,avaStIn,bevFrtRoadLight
MK,h1761,0.5711878747561929,scr2002,avaStIn,bevFrtRoadLight
MK,h1762,0.5980939691710526,scr2002,avaStIn,bevFrtRoadLight
MK,h1763,0.608394034195855,scr2002,avaStIn,bevFrtRoadLight
MK,h1764,0.6010568773540479,scr2002,avaStIn,bevFrtRoadLight
MK,h1765,0.5764247164288175,scr2002,avaStIn,bevFrtRoadLight
MK,h1766,0.5401459054358786,scr2002,avaStIn,bevFrtRoadLight
MK,h1767,0.4982672792884357,scr2002,avaStIn,bevFrtRoadLight
MK,h1768,0.4574139907405833,scr2002,avaStIn,bevFrtRoadLight
MK,h1769,0.42470386872332366,scr2002,avaStIn,bevFrtRoadLight
MK,h1770,0.4070105681582177,scr2002,avaStIn,bevFrtRoadLight
MK,h1771,0.3993554704479094,scr2002,avaStIn,bevFrtRoadLight
MK,h1772,0.3942528360151184,scr2002,avaStIn,bevFrtRoadLight
MK,h1773,0.3809841238928826,scr2002,avaStIn,bevFrtRoadLight
MK,h1774,0.3497784944040866,scr2002,avaStIn,bevFrtRoadLight
MK,h1775,0.3123069662403203,scr2002,avaStIn,bevFrtRoadLight
MK,h1776,0.2821792829284123,scr2002,avaStIn,bevFrtRoadLight
MK,h1777,0.230095162221032,scr2002,avaStIn,bevFrtRoadLight
MK,h1778,0.2300917975935889,scr2002,avaStIn,bevFrtRoadLight
MK,h1779,0.27148343409663167,scr2002,avaStIn,bevFrtRoadLight
MK,h1780,0.3790725700696759,scr2002,avaStIn,bevFrtRoadLight
MK,h1781,0.4623404992613247,scr2002,avaStIn,bevFrtRoadLight
MK,h1782,0.5259162274800008,scr2002,avaStIn,bevFrtRoadLight
MK,h1783,0.5772992909654577,scr2002,avaStIn,bevFrtRoadLight
MK,h1784,0.6171735770568829,scr2002,avaStIn,bevFrtRoadLight
MK,h1785,0.6409152522621753,scr2002,avaStIn,bevFrtRoadLight
MK,h1786,0.6489166669999998,scr2002,avaStIn,bevFrtRoadLight
MK,h1787,0.6400350534574337,scr2002,avaStIn,bevFrtRoadLight
MK,h1788,0.61588415769173,scr2002,avaStIn,bevFrtRoadLight
MK,h1789,0.5753501172674538,scr2002,avaStIn,bevFrtRoadLight
MK,h1790,0.5273486726990765,scr2002,avaStIn,bevFrtRoadLight
MK,h1791,0.47682400205808595,scr2002,avaStIn,bevFrtRoadLight
MK,h1792,0.4288063768750643,scr2002,avaStIn,bevFrtRoadLight
MK,h1793,0.39374570481652504,scr2002,avaStIn,bevFrtRoadLight
MK,h1794,0.3749031506247579,scr2002,avaStIn,bevFrtRoadLight
MK,h1795,0.37209330121313167,scr2002,avaStIn,bevFrtRoadLight
MK,h1796,0.36873105182903665,scr2002,avaStIn,bevFrtRoadLight
MK,h1797,0.3543630997986469,scr2002,avaStIn,bevFrtRoadLight
MK,h1798,0.3154781828948128,scr2002,avaStIn,bevFrtRoadLight
MK,h1799,0.27112993299959987,scr2002,avaStIn,bevFrtRoadLight
MK,h1800,0.2381911639591776,scr2002,avaStIn,bevFrtRoadLight
MK,h1801,0.20075744833264675,scr2002,avaStIn,bevFrtRoadLight
MK,h1802,0.21575624655576675,scr2002,avaStIn,bevFrtRoadLight
MK,h1803,0.27148343409663167,scr2002,avaStIn,bevFrtRoadLight
MK,h1804,0.3790725700696759,scr2002,avaStIn,bevFrtRoadLight
MK,h1805,0.4623404992613247,scr2002,avaStIn,bevFrtRoadLight
MK,h1806,0.5259162274800008,scr2002,avaStIn,bevFrtRoadLight
MK,h1807,0.5772992909654577,scr2002,avaStIn,bevFrtRoadLight
MK,h1808,0.6171735770568829,scr2002,avaStIn,bevFrtRoadLight
MK,h1809,0.6409152522621753,scr2002,avaStIn,bevFrtRoadLight
MK,h1810,0.6489166669999998,scr2002,avaStIn,bevFrtRoadLight
MK,h1811,0.6400350534574337,scr2002,avaStIn,bevFrtRoadLight
MK,h1812,0.61588415769173,scr2002,avaStIn,bevFrtRoadLight
MK,h1813,0.5753501172674538,scr2002,avaStIn,bevFrtRoadLight
MK,h1814,0.5273486726990765,scr2002,avaStIn,bevFrtRoadLight
MK,h1815,0.47682400205808595,scr2002,avaStIn,bevFrtRoadLight
MK,h1816,0.4288063768750643,scr2002,avaStIn,bevFrtRoadLight
MK,h1817,0.39374570481652504,scr2002,avaStIn,bevFrtRoadLight
MK,h1818,0.3749031506247579,scr2002,avaStIn,bevFrtRoadLight
MK,h1819,0.37209330121313167,scr2002,avaStIn,bevFrtRoadLight
MK,h1820,0.36873105182903665,scr2002,avaStIn,bevFrtRoadLight
MK,h1821,0.3543630997986469,scr2002,avaStIn,bevFrtRoadLight
MK,h1822,0.3154781828948128,scr2002,avaStIn,bevFrtRoadLight
MK,h1823,0.27112993299959987,scr2002,avaStIn,bevFrtRoadLight
MK,h1824,0.2381911639591776,scr2002,avaStIn,bevFrtRoadLight
MK,h1825,0.28388199759953203,scr2002,avaStIn,bevFrtRoadLight
MK,h1826,0.34615260530650627,scr2002,avaStIn,bevFrtRoadLight
MK,h1827,0.4106293035759673,scr2002,avaStIn,bevFrtRoadLight
MK,h1828,0.4302562346105031,scr2002,avaStIn,bevFrtRoadLight
MK,h1829,0.4411964644145132,scr2002,avaStIn,bevFrtRoadLight
MK,h1830,0.45751109901302867,scr2002,avaStIn,bevFrtRoadLight
MK,h1831,0.48871757217710954,scr2002,avaStIn,bevFrtRoadLight
MK,h1832,0.5314509691002262,scr2002,avaStIn,bevFrtRoadLight
MK,h1833,0.5711878747561929,scr2002,avaStIn,bevFrtRoadLight
MK,h1834,0.5980939691710526,scr2002,avaStIn,bevFrtRoadLight
MK,h1835,0.608394034195855,scr2002,avaStIn,bevFrtRoadLight
MK,h1836,0.6010568773540479,scr2002,avaStIn,bevFrtRoadLight
MK,h1837,0.5764247164288175,scr2002,avaStIn,bevFrtRoadLight
MK,h1838,0.5401459054358786,scr2002,avaStIn,bevFrtRoadLight
MK,h1839,0.4982672792884357,scr2002,avaStIn,bevFrtRoadLight
MK,h1840,0.4574139907405833,scr2002,avaStIn,bevFrtRoadLight
MK,h1841,0.42470386872332366,scr2002,avaStIn,bevFrtRoadLight
MK,h1842,0.4070105681582177,scr2002,avaStIn,bevFrtRoadLight
MK,h1843,0.3993554704479094,scr2002,avaStIn,bevFrtRoadLight
MK,h1844,0.3942528360151184,scr2002,avaStIn,bevFrtRoadLight
MK,h1845,0.3809841238928826,scr2002,avaStIn,bevFrtRoadLight
MK,h1846,0.3497784944040866,scr2002,avaStIn,bevFrtRoadLight
MK,h1847,0.3123069662403203,scr2002,avaStIn,bevFrtRoadLight
MK,h1848,0.2821792829284123,scr2002,avaStIn,bevFrtRoadLight
MK,h1849,0.3106843918239848,scr2002,avaStIn,bevFrtRoadLight
MK,h1850,0.35866299968064763,scr2002,avaStIn,bevFrtRoadLight
MK,h1851,0.4106293035759673,scr2002,avaStIn,bevFrtRoadLight
MK,h1852,0.4302562346105031,scr2002,avaStIn,bevFrtRoadLight
MK,h1853,0.4411964644145132,scr2002,avaStIn,bevFrtRoadLight
MK,h1854,0.45751109901302867,scr2002,avaStIn,bevFrtRoadLight
MK,h1855,0.48871757217710954,scr2002,avaStIn,bevFrtRoadLight
MK,h1856,0.5314509691002262,scr2002,avaStIn,bevFrtRoadLight
MK,h1857,0.5711878747561929,scr2002,avaStIn,bevFrtRoadLight
MK,h1858,0.5980939691710526,scr2002,avaStIn,bevFrtRoadLight
MK,h1859,0.608394034195855,scr2002,avaStIn,bevFrtRoadLight
MK,h1860,0.6010568773540479,scr2002,avaStIn,bevFrtRoadLight
MK,h1861,0.5764247164288175,scr2002,avaStIn,bevFrtRoadLight
MK,h1862,0.5401459054358786,scr2002,avaStIn,bevFrtRoadLight
MK,h1863,0.4982672792884357,scr2002,avaStIn,bevFrtRoadLight
MK,h1864,0.4574139907405833,scr2002,avaStIn,bevFrtRoadLight
MK,h1865,0.42470386872332366,scr2002,avaStIn,bevFrtRoadLight
MK,h1866,0.4070105681582177,scr2002,avaStIn,bevFrtRoadLight
MK,h1867,0.3993554704479094,scr2002,avaStIn,bevFrtRoadLight
MK,h1868,0.3942528360151184,scr2002,avaStIn,bevFrtRoadLight
MK,h1869,0.3809841238928826,scr2002,avaStIn,bevFrtRoadLight
MK,h1870,0.3497784944040866,scr2002,avaStIn,bevFrtRoadLight
MK,h1871,0.3123069662403203,scr2002,avaStIn,bevFrtRoadLight
MK,h1872,0.2821792829284123,scr2002,avaStIn,bevFrtRoadLight
MK,h1873,0.3106843918239848,scr2002,avaStIn,bevFrtRoadLight
MK,h1874,0.35866299968064763,scr2002,avaStIn,bevFrtRoadLight
MK,h1875,0.4106293035759673,scr2002,avaStIn,bevFrtRoadLight
MK,h1876,0.4302562346105031,scr2002,avaStIn,bevFrtRoadLight
MK,h1877,0.4411964644145132,scr2002,avaStIn,bevFrtRoadLight
MK,h1878,0.45751109901302867,scr2002,avaStIn,bevFrtRoadLight
MK,h1879,0.48871757217710954,scr2002,avaStIn,bevFrtRoadLight
MK,h1880,0.5314509691002262,scr2002,avaStIn,bevFrtRoadLight
MK,h1881,0.5711878747561929,scr2002,avaStIn,bevFrtRoadLight
MK,h1882,0.5980939691710526,scr2002,avaStIn,bevFrtRoadLight
MK,h1883,0.608394034195855,scr2002,avaStIn,bevFrtRoadLight
MK,h1884,0.6010568773540479,scr2002,avaStIn,bevFrtRoadLight
MK,h1885,0.5764247164288175,scr2002,avaStIn,bevFrtRoadLight
MK,h1886,0.5401459054358786,scr2002,avaStIn,bevFrtRoadLight
MK,h1887,0.4982672792884357,scr2002,avaStIn,bevFrtRoadLight
MK,h1888,0.4574139907405833,scr2002,avaStIn,bevFrtRoadLight
MK,h1889,0.42470386872332366,scr2002,avaStIn,bevFrtRoadLight
MK,h1890,0.4070105681582177,scr2002,avaStIn,bevFrtRoadLight
MK,h1891,0.3993554704479094,scr2002,avaStIn,bevFrtRoadLight
MK,h1892,0.3942528360151184,scr2002,avaStIn,bevFrtRoadLight
MK,h1893,0.3809841238928826,scr2002,avaStIn,bevFrtRoadLight
MK,h1894,0.3497784944040866,scr2002,avaStIn,bevFrtRoadLight
MK,h1895,0.3123069662403203,scr2002,avaStIn,bevFrtRoadLight
MK,h1896,0.2821792829284123,scr2002,avaStIn,bevFrtRoadLight
MK,h1897,0.3106843918239848,scr2002,avaStIn,bevFrtRoadLight
MK,h1898,0.35866299968064763,scr2002,avaStIn,bevFrtRoadLight
MK,h1899,0.4106293035759673,scr2002,avaStIn,bevFrtRoadLight
MK,h1900,0.4302562346105031,scr2002,avaStIn,bevFrtRoadLight
MK,h1901,0.4411964644145132,scr2002,avaStIn,bevFrtRoadLight
MK,h1902,0.45751109901302867,scr2002,avaStIn,bevFrtRoadLight
MK,h1903,0.48871757217710954,scr2002,avaStIn,bevFrtRoadLight
MK,h1904,0.5314509691002262,scr2002,avaStIn,bevFrtRoadLight
MK,h1905,0.5711878747561929,scr2002,avaStIn,bevFrtRoadLight
MK,h1906,0.5980939691710526,scr2002,avaStIn,bevFrtRoadLight
MK,h1907,0.608394034195855,scr2002,avaStIn,bevFrtRoadLight
MK,h1908,0.6010568773540479,scr2002,avaStIn,bevFrtRoadLight
MK,h1909,0.5764247164288175,scr2002,avaStIn,bevFrtRoadLight
MK,h1910,0.5401459054358786,scr2002,avaStIn,bevFrtRoadLight
MK,h1911,0.4982672792884357,scr2002,avaStIn,bevFrtRoadLight
MK,h1912,0.4574139907405833,scr2002,avaStIn,bevFrtRoadLight
MK,h1913,0.42470386872332366,scr2002,avaStIn,bevFrtRoadLight
MK,h1914,0.4070105681582177,scr2002,avaStIn,bevFrtRoadLight
MK,h1915,0.3993554704479094,scr2002,avaStIn,bevFrtRoadLight
MK,h1916,0.3942528360151184,scr2002,avaStIn,bevFrtRoadLight
MK,h1917,0.3809841238928826,scr2002,avaStIn,bevFrtRoadLight
MK,h1918,0.3497784944040866,scr2002,avaStIn,bevFrtRoadLight
MK,h1919,0.3123069662403203,scr2002,avaStIn,bevFrtRoadLight
MK,h1920,0.2821792829284123,scr2002,avaStIn,bevFrtRoadLight
MK,h1921,0.3106843918239848,scr2002,avaStIn,bevFrtRoadLight
MK,h1922,0.35866299968064763,scr2002,avaStIn,bevFrtRoadLight
MK,h1923,0.4106293035759673,scr2002,avaStIn,bevFrtRoadLight
MK,h1924,0.4302562346105031,scr2002,avaStIn,bevFrtRoadLight
MK,h1925,0.4411964644145132,scr2002,avaStIn,bevFrtRoadLight
MK,h1926,0.45751109901302867,scr2002,avaStIn,bevFrtRoadLight
MK,h1927,0.48871757217710954,scr2002,avaStIn,bevFrtRoadLight
MK,h1928,0.5314509691002262,scr2002,avaStIn,bevFrtRoadLight
MK,h1929,0.5711878747561929,scr2002,avaStIn,bevFrtRoadLight
MK,h1930,0.5980939691710526,scr2002,avaStIn,bevFrtRoadLight
MK,h1931,0.608394034195855,scr2002,avaStIn,bevFrtRoadLight
MK,h1932,0.6010568773540479,scr2002,avaStIn,bevFrtRoadLight
MK,h1933,0.5764247164288175,scr2002,avaStIn,bevFrtRoadLight
MK,h1934,0.5401459054358786,scr2002,avaStIn,bevFrtRoadLight
MK,h1935,0.4982672792884357,scr2002,avaStIn,bevFrtRoadLight
MK,h1936,0.4574139907405833,scr2002,avaStIn,bevFrtRoadLight
MK,h1937,0.42470386872332366,scr2002,avaStIn,bevFrtRoadLight
MK,h1938,0.4070105681582177,scr2002,avaStIn,bevFrtRoadLight
MK,h1939,0.3993554704479094,scr2002,avaStIn,bevFrtRoadLight
MK,h1940,0.3942528360151184,scr2002,avaStIn,bevFrtRoadLight
MK,h1941,0.3809841238928826,scr2002,avaStIn,bevFrtRoadLight
MK,h1942,0.3497784944040866,scr2002,avaStIn,bevFrtRoadLight
MK,h1943,0.3123069662403203,scr2002,avaStIn,bevFrtRoadLight
MK,h1944,0.2821792829284123,scr2002,avaStIn,bevFrtRoadLight
MK,h1945,0.230095162221032,scr2002,avaStIn,bevFrtRoadLight
MK,h1946,0.2300917975935889,scr2002,avaStIn,bevFrtRoadLight
MK,h1947,0.27148343409663167,scr2002,avaStIn,bevFrtRoadLight
MK,h1948,0.3790725700696759,scr2002,avaStIn,bevFrtRoadLight
MK,h1949,0.4623404992613247,scr2002,avaStIn,bevFrtRoadLight
MK,h1950,0.5259162274800008,scr2002,avaStIn,bevFrtRoadLight
MK,h1951,0.5772992909654577,scr2002,avaStIn,bevFrtRoadLight
MK,h1952,0.6171735770568829,scr2002,avaStIn,bevFrtRoadLight
MK,h1953,0.6409152522621753,scr2002,avaStIn,bevFrtRoadLight
MK,h1954,0.6489166669999998,scr2002,avaStIn,bevFrtRoadLight
MK,h1955,0.6400350534574337,scr2002,avaStIn,bevFrtRoadLight
MK,h1956,0.61588415769173,scr2002,avaStIn,bevFrtRoadLight
MK,h1957,0.5753501172674538,scr2002,avaStIn,bevFrtRoadLight
MK,h1958,0.5273486726990765,scr2002,avaStIn,bevFrtRoadLight
MK,h1959,0.47682400205808595,scr2002,avaStIn,bevFrtRoadLight
MK,h1960,0.4288063768750643,scr2002,avaStIn,bevFrtRoadLight
MK,h1961,0.39374570481652504,scr2002,avaStIn,bevFrtRoadLight
MK,h1962,0.3749031506247579,scr2002,avaStIn,bevFrtRoadLight
MK,h1963,0.37209330121313167,scr2002,avaStIn,bevFrtRoadLight
MK,h1964,0.36873105182903665,scr2002,avaStIn,bevFrtRoadLight
MK,h1965,0.3543630997986469,scr2002,avaStIn,bevFrtRoadLight
MK,h1966,0.3154781828948128,scr2002,avaStIn,bevFrtRoadLight
MK,h1967,0.27112993299959987,scr2002,avaStIn,bevFrtRoadLight
MK,h1968,0.2381911639591776,scr2002,avaStIn,bevFrtRoadLight
MK,h1969,0.20075744833264675,scr2002,avaStIn,bevFrtRoadLight
MK,h1970,0.21575624655576675,scr2002,avaStIn,bevFrtRoadLight
MK,h1971,0.27148343409663167,scr2002,avaStIn,bevFrtRoadLight
MK,h1972,0.3790725700696759,scr2002,avaStIn,bevFrtRoadLight
MK,h1973,0.4623404992613247,scr2002,avaStIn,bevFrtRoadLight
MK,h1974,0.5259162274800008,scr2002,avaStIn,bevFrtRoadLight
MK,h1975,0.5772992909654577,scr2002,avaStIn,bevFrtRoadLight
MK,h1976,0.6171735770568829,scr2002,avaStIn,bevFrtRoadLight
MK,h1977,0.6409152522621753,scr2002,avaStIn,bevFrtRoadLight
MK,h1978,0.6489166669999998,scr2002,avaStIn,bevFrtRoadLight
MK,h1979,0.6400350534574337,scr2002,avaStIn,bevFrtRoadLight
MK,h1980,0.61588415769173,scr2002,avaStIn,bevFrtRoadLight
MK,h1981,0.5753501172674538,scr2002,avaStIn,bevFrtRoadLight
MK,h1982,0.5273486726990765,scr2002,avaStIn,bevFrtRoadLight
MK,h1983,0.47682400205808595,scr2002,avaStIn,bevFrtRoadLight
MK,h1984,0.4288063768750643,scr2002,avaStIn,bevFrtRoadLight
MK,h1985,0.39374570481652504,scr2002,avaStIn,bevFrtRoadLight
MK,h1986,0.3749031506247579,scr2002,avaStIn,bevFrtRoadLight
MK,h1987,0.37209330121313167,scr2002,avaStIn,bevFrtRoadLight
MK,h1988,0.36873105182903665,scr2002,avaStIn,bevFrtRoadLight
MK,h1989,0.3543630997986469,scr2002,avaStIn,bevFrtRoadLight
MK,h1990,0.3154781828948128,scr2002,avaStIn,bevFrtRoadLight
MK,h1991,0.27112993299959987,scr2002,avaStIn,bevFrtRoadLight
MK,h1992,0.2381911639591776,scr2002,avaStIn,bevFrtRoadLight
MK,h1993,0.28388199759953203,scr2002,avaStIn,bevFrtRoadLight
MK,h1994,0.34615260530650627,scr2002,avaStIn,bevFrtRoadLight
MK,h1995,0.4106293035759673,scr2002,avaStIn,bevFrtRoadLight
MK,h1996,0.4302562346105031,scr2002,avaStIn,bevFrtRoadLight
MK,h1997,0.4411964644145132,scr2002,avaStIn,bevFrtRoadLight
MK,h1998,0.45751109901302867,scr2002,avaStIn,bevFrtRoadLight
MK,h1999,0.48871757217710954,scr2002,avaStIn,bevFrtRoadLight
MK,h2000,0.5314509691002262,scr2002,avaStIn,bevFrtRoadLight
MK,h2001,0.5711878747561929,scr2002,avaStIn,bevFrtRoadLight
MK,h2002,0.5980939691710526,scr2002,avaStIn,bevFrtRoadLight
MK,h2003,0.608394034195855,scr2002,avaStIn,bevFrtRoadLight
MK,h2004,0.6010568773540479,scr2002,avaStIn,bevFrtRoadLight
MK,h2005,0.5764247164288175,scr2002,avaStIn,bevFrtRoadLight
MK,h2006,0.5401459054358786,scr2002,avaStIn,bevFrtRoadLight
MK,h2007,0.4982672792884357,scr2002,avaStIn,bevFrtRoadLight
MK,h2008,0.4574139907405833,scr2002,avaStIn,bevFrtRoadLight
MK,h2009,0.42470386872332366,scr2002,avaStIn,bevFrtRoadLight
MK,h2010,0.4070105681582177,scr2002,avaStIn,bevFrtRoadLight
MK,h2011,0.3993554704479094,scr2002,avaStIn,bevFrtRoadLight
MK,h2012,0.3942528360151184,scr2002,avaStIn,bevFrtRoadLight
MK,h2013,0.3809841238928826,scr2002,avaStIn,bevFrtRoadLight
MK,h2014,0.3497784944040866,scr2002,avaStIn,bevFrtRoadLight
MK,h2015,0.3123069662403203,scr2002,avaStIn,bevFrtRoadLight
MK,h2016,0.2821792829284123,scr2002,avaStIn,bevFrtRoadLight
MK,h2017,0.3072840894621327,scr2002,avaStIn,bevFrtRoadLight
MK,h2018,0.33666905394072466,scr2002,avaStIn,bevFrtRoadLight
MK,h2019,0.36655496485550265,scr2002,avaStIn,bevFrtRoadLight
MK,h2020,0.3745731212047183,scr2002,avaStIn,bevFrtRoadLight
MK,h2021,0.4026088526762964,scr2002,avaStIn,bevFrtRoadLight
MK,h2022,0.44640061438376677,scr2002,avaStIn,bevFrtRoadLight
MK,h2023,0.4973037920546317,scr2002,avaStIn,bevFrtRoadLight
MK,h2024,0.5420216950586382,scr2002,avaStIn,bevFrtRoadLight
MK,h2025,0.5736954068525849,scr2002,avaStIn,bevFrtRoadLight
MK,h2026,0.5880342997851788,scr2002,avaStIn,bevFrtRoadLight
MK,h2027,0.5918947845476326,scr2002,avaStIn,bevFrtRoadLight
MK,h2028,0.5837522950091351,scr2002,avaStIn,bevFrtRoadLight
MK,h2029,0.566630011228302,scr2002,avaStIn,bevFrtRoadLight
MK,h2030,0.5326460205473856,scr2002,avaStIn,bevFrtRoadLight
MK,h2031,0.48334141219508586,scr2002,avaStIn,bevFrtRoadLight
MK,h2032,0.4237800531764452,scr2002,avaStIn,bevFrtRoadLight
MK,h2033,0.3668064382544399,scr2002,avaStIn,bevFrtRoadLight
MK,h2034,0.33858624085132816,scr2002,avaStIn,bevFrtRoadLight
MK,h2035,0.33981235579051505,scr2002,avaStIn,bevFrtRoadLight
MK,h2036,0.3644150552627201,scr2002,avaStIn,bevFrtRoadLight
MK,h2037,0.39407002810213865,scr2002,avaStIn,bevFrtRoadLight
MK,h2038,0.4100441996396512,scr2002,avaStIn,bevFrtRoadLight
MK,h2039,0.41244752514225314,scr2002,avaStIn,bevFrtRoadLight
MK,h2040,0.3977671810575979,scr2002,avaStIn,bevFrtRoadLight
MK,h2041,0.3840802424090224,scr2002,avaStIn,bevFrtRoadLight
MK,h2042,0.37136048642151265,scr2002,avaStIn,bevFrtRoadLight
MK,h2043,0.36655496485550265,scr2002,avaStIn,bevFrtRoadLight
MK,h2044,0.3745731212047183,scr2002,avaStIn,bevFrtRoadLight
MK,h2045,0.4026088526762964,scr2002,avaStIn,bevFrtRoadLight
MK,h2046,0.44640061438376677,scr2002,avaStIn,bevFrtRoadLight
MK,h2047,0.4973037920546317,scr2002,avaStIn,bevFrtRoadLight
MK,h2048,0.5420216950586382,scr2002,avaStIn,bevFrtRoadLight
MK,h2049,0.5736954068525849,scr2002,avaStIn,bevFrtRoadLight
MK,h2050,0.5880342997851788,scr2002,avaStIn,bevFrtRoadLight
MK,h2051,0.5918947845476326,scr2002,avaStIn,bevFrtRoadLight
MK,h2052,0.5837522950091351,scr2002,avaStIn,bevFrtRoadLight
MK,h2053,0.566630011228302,scr2002,avaStIn,bevFrtRoadLight
MK,h2054,0.5326460205473856,scr2002,avaStIn,bevFrtRoadLight
MK,h2055,0.48334141219508586,scr2002,avaStIn,bevFrtRoadLight
MK,h2056,0.4237800531764452,scr2002,avaStIn,bevFrtRoadLight
MK,h2057,0.3668064382544399,scr2002,avaStIn,bevFrtRoadLight
MK,h2058,0.33858624085132816,scr2002,avaStIn,bevFrtRoadLight
MK,h2059,0.33981235579051505,scr2002,avaStIn,bevFrtRoadLight
MK,h2060,0.3644150552627201,scr2002,avaStIn,bevFrtRoadLight
MK,h2061,0.39407002810213865,scr2002,avaStIn,bevFrtRoadLight
MK,h2062,0.4100441996396512,scr2002,avaStIn,bevFrtRoadLight
MK,h2063,0.41244752514225314,scr2002,avaStIn,bevFrtRoadLight
MK,h2064,0.3977671810575979,scr2002,avaStIn,bevFrtRoadLight
MK,h2065,0.3840802424090224,scr2002,avaStIn,bevFrtRoadLight
MK,h2066,0.37136048642151265,scr2002,avaStIn,bevFrtRoadLight
MK,h2067,0.36655496485550265,scr2002,avaStIn,bevFrtRoadLight
MK,h2068,0.3745731212047183,scr2002,avaStIn,bevFrtRoadLight
MK,h2069,0.4026088526762964,scr2002,avaStIn,bevFrtRoadLight
MK,h2070,0.44640061438376677,scr2002,avaStIn,bevFrtRoadLight
MK,h2071,0.4973037920546317,scr2002,avaStIn,bevFrtRoadLight
MK,h2072,0.5420216950586382,scr2002,avaStIn,bevFrtRoadLight
MK,h2073,0.5736954068525849,scr2002,avaStIn,bevFrtRoadLight
MK,h2074,0.5880342997851788,scr2002,avaStIn,bevFrtRoadLight
MK,h2075,0.5918947845476326,scr2002,avaStIn,bevFrtRoadLight
MK,h2076,0.5837522950091351,scr2002,avaStIn,bevFrtRoadLight
MK,h2077,0.566630011228302,scr2002,avaStIn,bevFrtRoadLight
MK,h2078,0.5326460205473856,scr2002,avaStIn,bevFrtRoadLight
MK,h2079,0.48334141219508586,scr2002,avaStIn,bevFrtRoadLight
MK,h2080,0.4237800531764452,scr2002,avaStIn,bevFrtRoadLight
MK,h2081,0.3668064382544399,scr2002,avaStIn,bevFrtRoadLight
MK,h2082,0.33858624085132816,scr2002,avaStIn,bevFrtRoadLight
MK,h2083,0.33981235579051505,scr2002,avaStIn,bevFrtRoadLight
MK,h2084,0.3644150552627201,scr2002,avaStIn,bevFrtRoadLight
MK,h2085,0.39407002810213865,scr2002,avaStIn,bevFrtRoadLight
MK,h2086,0.4100441996396512,scr2002,avaStIn,bevFrtRoadLight
MK,h2087,0.41244752514225314,scr2002,avaStIn,bevFrtRoadLight
MK,h2088,0.3977671810575979,scr2002,avaStIn,bevFrtRoadLight
MK,h2089,0.3840802424090224,scr2002,avaStIn,bevFrtRoadLight
MK,h2090,0.37136048642151265,scr2002,avaStIn,bevFrtRoadLight
MK,h2091,0.36655496485550265,scr2002,avaStIn,bevFrtRoadLight
MK,h2092,0.3745731212047183,scr2002,avaStIn,bevFrtRoadLight
MK,h2093,0.4026088526762964,scr2002,avaStIn,bevFrtRoadLight
MK,h2094,0.44640061438376677,scr2002,avaStIn,bevFrtRoadLight
MK,h2095,0.4973037920546317,scr2002,avaStIn,bevFrtRoadLight
MK,h2096,0.5420216950586382,scr2002,avaStIn,bevFrtRoadLight
MK,h2097,0.5736954068525849,scr2002,avaStIn,bevFrtRoadLight
MK,h2098,0.5880342997851788,scr2002,avaStIn,bevFrtRoadLight
MK,h2099,0.5918947845476326,scr2002,avaStIn,bevFrtRoadLight
MK,h2100,0.5837522950091351,scr2002,avaStIn,bevFrtRoadLight
MK,h2101,0.566630011228302,scr2002,avaStIn,bevFrtRoadLight
MK,h2102,0.5326460205473856,scr2002,avaStIn,bevFrtRoadLight
MK,h2103,0.48334141219508586,scr2002,avaStIn,bevFrtRoadLight
MK,h2104,0.4237800531764452,scr2002,avaStIn,bevFrtRoadLight
MK,h2105,0.3668064382544399,scr2002,avaStIn,bevFrtRoadLight
MK,h2106,0.33858624085132816,scr2002,avaStIn,bevFrtRoadLight
MK,h2107,0.33981235579051505,scr2002,avaStIn,bevFrtRoadLight
MK,h2108,0.3644150552627201,scr2002,avaStIn,bevFrtRoadLight
MK,h2109,0.39407002810213865,scr2002,avaStIn,bevFrtRoadLight
MK,h2110,0.4100441996396512,scr2002,avaStIn,bevFrtRoadLight
MK,h2111,0.41244752514225314,scr2002,avaStIn,bevFrtRoadLight
MK,h2112,0.3977671810575979,scr2002,avaStIn,bevFrtRoadLight
MK,h2113,0.4215422859318668,scr2002,avaStIn,bevFrtRoadLight
MK,h2114,0.44561523253946533,scr2002,avaStIn,bevFrtRoadLight
MK,h2115,0.46890884939949806,scr2002,avaStIn,bevFrtRoadLight
MK,h2116,0.4606801828577375,scr2002,avaStIn,bevFrtRoadLight
MK,h2117,0.4598809008191356,scr2002,avaStIn,bevFrtRoadLight
MK,h2118,0.47373682010553864,scr2002,avaStIn,bevFrtRoadLight
MK,h2119,0.49837466067849223,scr2002,avaStIn,bevFrtRoadLight
MK,h2120,0.5249322712656334,scr2002,avaStIn,bevFrtRoadLight
MK,h2121,0.5295524702973696,scr2002,avaStIn,bevFrtRoadLight
MK,h2122,0.5237384833973733,scr2002,avaStIn,bevFrtRoadLight
MK,h2123,0.517462220076728,scr2002,avaStIn,bevFrtRoadLight
MK,h2124,0.5202231448594441,scr2002,avaStIn,bevFrtRoadLight
MK,h2125,0.5168074572603817,scr2002,avaStIn,bevFrtRoadLight
MK,h2126,0.4881087918461403,scr2002,avaStIn,bevFrtRoadLight
MK,h2127,0.4401501060096197,scr2002,avaStIn,bevFrtRoadLight
MK,h2128,0.3751810028677981,scr2002,avaStIn,bevFrtRoadLight
MK,h2129,0.3184738733356699,scr2002,avaStIn,bevFrtRoadLight
MK,h2130,0.2885496316681868,scr2002,avaStIn,bevFrtRoadLight
MK,h2131,0.2950430145218158,scr2002,avaStIn,bevFrtRoadLight
MK,h2132,0.3362350273761402,scr2002,avaStIn,bevFrtRoadLight
MK,h2133,0.3905257678468871,scr2002,avaStIn,bevFrtRoadLight
MK,h2134,0.4405757953478313,scr2002,avaStIn,bevFrtRoadLight
MK,h2135,0.4738121072088959,scr2002,avaStIn,bevFrtRoadLight
MK,h2136,0.4995552626921461,scr2002,avaStIn,bevFrtRoadLight
MK,h2137,0.5006979269249346,scr2002,avaStIn,bevFrtRoadLight
MK,h2138,0.49234384959123256,scr2002,avaStIn,bevFrtRoadLight
MK,h2139,0.46890884939949806,scr2002,avaStIn,bevFrtRoadLight
MK,h2140,0.4606801828577375,scr2002,avaStIn,bevFrtRoadLight
MK,h2141,0.4598809008191356,scr2002,avaStIn,bevFrtRoadLight
MK,h2142,0.47373682010553864,scr2002,avaStIn,bevFrtRoadLight
MK,h2143,0.49837466067849223,scr2002,avaStIn,bevFrtRoadLight
MK,h2144,0.5249322712656334,scr2002,avaStIn,bevFrtRoadLight
MK,h2145,0.5295524702973696,scr2002,avaStIn,bevFrtRoadLight
MK,h2146,0.5237384833973733,scr2002,avaStIn,bevFrtRoadLight
MK,h2147,0.517462220076728,scr2002,avaStIn,bevFrtRoadLight
MK,h2148,0.5202231448594441,scr2002,avaStIn,bevFrtRoadLight
MK,h2149,0.5168074572603817,scr2002,avaStIn,bevFrtRoadLight
MK,h2150,0.4881087918461403,scr2002,avaStIn,bevFrtRoadLight
MK,h2151,0.4401501060096197,scr2002,avaStIn,bevFrtRoadLight
MK,h2152,0.3751810028677981,scr2002,avaStIn,bevFrtRoadLight
MK,h2153,0.3184738733356699,scr2002,avaStIn,bevFrtRoadLight
MK,h2154,0.2885496316681868,scr2002,avaStIn,bevFrtRoadLight
MK,h2155,0.2950430145218158,scr2002,avaStIn,bevFrtRoadLight
MK,h2156,0.3362350273761402,scr2002,avaStIn,bevFrtRoadLight
MK,h2157,0.3905257678468871,scr2002,avaStIn,bevFrtRoadLight
MK,h2158,0.4405757953478313,scr2002,avaStIn,bevFrtRoadLight
MK,h2159,0.4738121072088959,scr2002,avaStIn,bevFrtRoadLight
MK,h2160,0.4995552626921461,scr2002,avaStIn,bevFrtRoadLight
LV,h1441,0.3714353995574986,scr2002,avaStIn,bevFrtRoadLight
LV,h1442,0.3846086524108919,scr2002,avaStIn,bevFrtRoadLight
LV,h1443,0.42374952391826404,scr2002,avaStIn,bevFrtRoadLight
LV,h1444,0.4709102315761218,scr2002,avaStIn,bevFrtRoadLight
LV,h1445,0.5000591446961408,scr2002,avaStIn,bevFrtRoadLight
LV,h1446,0.495233345157142,scr2002,avaStIn,bevFrtRoadLight
LV,h1447,0.5008043596015219,scr2002,avaStIn,bevFrtRoadLight
LV,h1448,0.5021789974738545,scr2002,avaStIn,bevFrtRoadLight
LV,h1449,0.5231874460949842,scr2002,avaStIn,bevFrtRoadLight
LV,h1450,0.5308529822226913,scr2002,avaStIn,bevFrtRoadLight
LV,h1451,0.536356959269228,scr2002,avaStIn,bevFrtRoadLight
LV,h1452,0.5373881561276749,scr2002,avaStIn,bevFrtRoadLight
LV,h1453,0.5288075990651915,scr2002,avaStIn,bevFrtRoadLight
LV,h1454,0.5095709286669997,scr2002,avaStIn,bevFrtRoadLight
LV,h1455,0.473753550931062,scr2002,avaStIn,bevFrtRoadLight
LV,h1456,0.4304466538396563,scr2002,avaStIn,bevFrtRoadLight
LV,h1457,0.3826879992214788,scr2002,avaStIn,bevFrtRoadLight
LV,h1458,0.35009603390058996,scr2002,avaStIn,bevFrtRoadLight
LV,h1459,0.3349394292024723,scr2002,avaStIn,bevFrtRoadLight
LV,h1460,0.34869160218954365,scr2002,avaStIn,bevFrtRoadLight
LV,h1461,0.36780057797615695,scr2002,avaStIn,bevFrtRoadLight
LV,h1462,0.38682791024436847,scr2002,avaStIn,bevFrtRoadLight
LV,h1463,0.3912979680884232,scr2002,avaStIn,bevFrtRoadLight
LV,h1464,0.3985938980480803,scr2002,avaStIn,bevFrtRoadLight
LV,h1465,0.38540755881640665,scr2002,avaStIn,bevFrtRoadLight
LV,h1466,0.39834418280524153,scr2002,avaStIn,bevFrtRoadLight
LV,h1467,0.42374952391826404,scr2002,avaStIn,bevFrtRoadLight
LV,h1468,0.4709102315761218,scr2002,avaStIn,bevFrtRoadLight
LV,h1469,0.5000591446961408,scr2002,avaStIn,bevFrtRoadLight
LV,h1470,0.495233345157142,scr2002,avaStIn,bevFrtRoadLight
LV,h1471,0.5008043596015219,scr2002,avaStIn,bevFrtRoadLight
LV,h1472,0.5021789974738545,scr2002,avaStIn,bevFrtRoadLight
LV,h1473,0.5231874460949842,scr2002,avaStIn,bevFrtRoadLight
LV,h1474,0.5308529822226913,scr2002,avaStIn,bevFrtRoadLight
LV,h1475,0.536356959269228,scr2002,avaStIn,bevFrtRoadLight
LV,h1476,0.5373881561276749,scr2002,avaStIn,bevFrtRoadLight
LV,h1477,0.5288075990651915,scr2002,avaStIn,bevFrtRoadLight
LV,h1478,0.5095709286669997,scr2002,avaStIn,bevFrtRoadLight
LV,h1479,0.473753550931062,scr2002,avaStIn,bevFrtRoadLight
LV,h1480,0.4304466538396563,scr2002,avaStIn,bevFrtRoadLight
LV,h1481,0.3826879992214788,scr2002,avaStIn,bevFrtRoadLight
LV,h1482,0.35009603390058996,scr2002,avaStIn,bevFrtRoadLight
LV,h1483,0.3349394292024723,scr2002,avaStIn,bevFrtRoadLight
LV,h1484,0.34869160218954365,scr2002,avaStIn,bevFrtRoadLight
LV,h1485,0.36780057797615695,scr2002,avaStIn,bevFrtRoadLight
LV,h1486,0.38682791024436847,scr2002,avaStIn,bevFrtRoadLight
LV,h1487,0.3912979680884232,scr2002,avaStIn,bevFrtRoadLight
LV,h1488,0.3985938980480803,scr2002,avaStIn,bevFrtRoadLight
LV,h1489,0.4174388969205469,scr2002,avaStIn,bevFrtRoadLight
LV,h1490,0.4439543832070485,scr2002,avaStIn,bevFrtRoadLight
LV,h1491,0.464238846132911,scr2002,avaStIn,bevFrtRoadLight
LV,h1492,0.4692993118565085,scr2002,avaStIn,bevFrtRoadLight
LV,h1493,0.4647572130501477,scr2002,avaStIn,bevFrtRoadLight
LV,h1494,0.4606421333392813,scr2002,avaStIn,bevFrtRoadLight
LV,h1495,0.4606294501381404,scr2002,avaStIn,bevFrtRoadLight
LV,h1496,0.4771202000278558,scr2002,avaStIn,bevFrtRoadLight
LV,h1497,0.4942956004519071,scr2002,avaStIn,bevFrtRoadLight
LV,h1498,0.5099123823053463,scr2002,avaStIn,bevFrtRoadLight
LV,h1499,0.5161038254350148,scr2002,avaStIn,bevFrtRoadLight
LV,h1500,0.5219276355822776,scr2002,avaStIn,bevFrtRoadLight
LV,h1501,0.5234247828552905,scr2002,avaStIn,bevFrtRoadLight
LV,h1502,0.515666896351518,scr2002,avaStIn,bevFrtRoadLight
LV,h1503,0.4904757420921084,scr2002,avaStIn,bevFrtRoadLight
LV,h1504,0.4511048686615209,scr2002,avaStIn,bevFrtRoadLight
LV,h1505,0.401719554609377,scr2002,avaStIn,bevFrtRoadLight
LV,h1506,0.362910361244157,scr2002,avaStIn,bevFrtRoadLight
LV,h1507,0.3472619056461236,scr2002,avaStIn,bevFrtRoadLight
LV,h1508,0.35727079588328314,scr2002,avaStIn,bevFrtRoadLight
LV,h1509,0.378468834507535,scr2002,avaStIn,bevFrtRoadLight
LV,h1510,0.39319028121074384,scr2002,avaStIn,bevFrtRoadLight
LV,h1511,0.3959422870730802,scr2002,avaStIn,bevFrtRoadLight
LV,h1512,0.3854887711962275,scr2002,avaStIn,bevFrtRoadLight
LV,h1513,0.42769853598926943,scr2002,avaStIn,bevFrtRoadLight
LV,h1514,0.46444116177482064,scr2002,avaStIn,bevFrtRoadLight
LV,h1515,0.5002557267591349,scr2002,avaStIn,bevFrtRoadLight
LV,h1516,0.4779833592811431,scr2002,avaStIn,bevFrtRoadLight
LV,h1517,0.45518876455881485,scr2002,avaStIn,bevFrtRoadLight
LV,h1518,0.43596244051473665,scr2002,avaStIn,bevFrtRoadLight
LV,h1519,0.4287672948543091,scr2002,avaStIn,bevFrtRoadLight
LV,h1520,0.4310449118345231,scr2002,avaStIn,bevFrtRoadLight
LV,h1521,0.43651906754470926,scr2002,avaStIn,bevFrtRoadLight
LV,h1522,0.42784196327677315,scr2002,avaStIn,bevFrtRoadLight
LV,h1523,0.40165285769436365,scr2002,avaStIn,bevFrtRoadLight
LV,h1524,0.3554492048303812,scr2002,avaStIn,bevFrtRoadLight
LV,h1525,0.30743387757687923,scr2002,avaStIn,bevFrtRoadLight
LV,h1526,0.278936309503648,scr2002,avaStIn,bevFrtRoadLight
LV,h1527,0.28525649117608465,scr2002,avaStIn,bevFrtRoadLight
LV,h1528,0.33100477113297455,scr2002,avaStIn,bevFrtRoadLight
LV,h1529,0.3951643597987161,scr2002,avaStIn,bevFrtRoadLight
LV,h1530,0.46644985491696445,scr2002,avaStIn,bevFrtRoadLight
LV,h1531,0.5302489042156142,scr2002,avaStIn,bevFrtRoadLight
LV,h1532,0.5770673902258092,scr2002,avaStIn,bevFrtRoadLight
LV,h1533,0.5986769755958498,scr2002,avaStIn,bevFrtRoadLight
LV,h1534,0.6016883948095747,scr2002,avaStIn,bevFrtRoadLight
LV,h1535,0.5924055260109063,scr2002,avaStIn,bevFrtRoadLight
LV,h1536,0.5774847836798132,scr2002,avaStIn,bevFrtRoadLight
LV,h1537,0.5517773619954187,scr2002,avaStIn,bevFrtRoadLight
LV,h1538,0.5248358437172166,scr2002,avaStIn,bevFrtRoadLight
LV,h1539,0.5002557267591349,scr2002,avaStIn,bevFrtRoadLight
LV,h1540,0.4779833592811431,scr2002,avaStIn,bevFrtRoadLight
LV,h1541,0.45518876455881485,scr2002,avaStIn,bevFrtRoadLight
LV,h1542,0.43596244051473665,scr2002,avaStIn,bevFrtRoadLight
LV,h1543,0.4287672948543091,scr2002,avaStIn,bevFrtRoadLight
LV,h1544,0.4310449118345231,scr2002,avaStIn,bevFrtRoadLight
LV,h1545,0.43651906754470926,scr2002,avaStIn,bevFrtRoadLight
LV,h1546,0.42784196327677315,scr2002,avaStIn,bevFrtRoadLight
LV,h1547,0.40165285769436365,scr2002,avaStIn,bevFrtRoadLight
LV,h1548,0.3554492048303812,scr2002,avaStIn,bevFrtRoadLight
LV,h1549,0.30743387757687923,scr2002,avaStIn,bevFrtRoadLight
LV,h1550,0.278936309503648,scr2002,avaStIn,bevFrtRoadLight
LV,h1551,0.28525649117608465,scr2002,avaStIn,bevFrtRoadLight
LV,h1552,0.33100477113297455,scr2002,avaStIn,bevFrtRoadLight
LV,h1553,0.3951643597987161,scr2002,avaStIn,bevFrtRoadLight
LV,h1554,0.46644985491696445,scr2002,avaStIn,bevFrtRoadLight
LV,h1555,0.5302489042156142,scr2002,avaStIn,bevFrtRoadLight
LV,h1556,0.5770673902258092,scr2002,avaStIn,bevFrtRoadLight
LV,h1557,0.5986769755958498,scr2002,avaStIn,bevFrtRoadLight
LV,h1558,0.6016883948095747,scr2002,avaStIn,bevFrtRoadLight
LV,h1559,0.5924055260109063,scr2002,avaStIn,bevFrtRoadLight
LV,h1560,0.5774847836798132,scr2002,avaStIn,bevFrtRoadLight
LV,h1561,0.5517773619954187,scr2002,avaStIn,bevFrtRoadLight
LV,h1562,0.5248358437172166,scr2002,avaStIn,bevFrtRoadLight
LV,h1563,0.5002557267591349,scr2002,avaStIn,bevFrtRoadLight
LV,h1564,0.4779833592811431,scr2002,avaStIn,bevFrtRoadLight
LV,h1565,0.45518876455881485,scr2002,avaStIn,bevFrtRoadLight
LV,h1566,0.43596244051473665,scr2002,avaStIn,bevFrtRoadLight
LV,h1567,0.4287672948543091,scr2002,avaStIn,bevFrtRoadLight
LV,h1568,0.4310449118345231,scr2002,avaStIn,bevFrtRoadLight
LV,h1569,0.43651906754470926,scr2002,avaStIn,bevFrtRoadLight
LV,h1570,0.42784196327677315,scr2002,avaStIn,bevFrtRoadLight
LV,h1571,0.40165285769436365,scr2002,avaStIn,bevFrtRoadLight
LV,h1572,0.3554492048303812,scr2002,avaStIn,bevFrtRoadLight
LV,h1573,0.30743387757687923,scr2002,avaStIn,bevFrtRoadLight
LV,h1574,0.278936309503648,scr2002,avaStIn,bevFrtRoadLight
LV,h1575,0.28525649117608465,scr2002,avaStIn,bevFrtRoadLight
LV,h1576,0.33100477113297455,scr2002,avaStIn,bevFrtRoadLight
LV,h1577,0.3951643597987161,scr2002,avaStIn,bevFrtRoadLight
LV,h1578,0.46644985491696445,scr2002,avaStIn,bevFrtRoadLight
LV,h1579,0.5302489042156142,scr2002,avaStIn,bevFrtRoadLight
LV,h1580,0.5770673902258092,scr2002,avaStIn,bevFrtRoadLight
LV,h1581,0.5986769755958498,scr2002,avaStIn,bevFrtRoadLight
LV,h1582,0.6016883948095747,scr2002,avaStIn,bevFrtRoadLight
LV,h1583,0.5924055260109063,scr2002,avaStIn,bevFrtRoadLight
LV,h1584,0.5774847836798132,scr2002,avaStIn,bevFrtRoadLight
LV,h1585,0.5517773619954187,scr2002,avaStIn,bevFrtRoadLight
LV,h1586,0.5248358437172166,scr2002,avaStIn,bevFrtRoadLight
LV,h1587,0.5002557267591349,scr2002,avaStIn,bevFrtRoadLight
LV,h1588,0.4779833592811431,scr2002,avaStIn,bevFrtRoadLight
LV,h1589,0.45518876455881485,scr2002,avaStIn,bevFrtRoadLight
LV,h1590,0.43596244051473665,scr2002,avaStIn,bevFrtRoadLight
LV,h1591,0.4287672948543091,scr2002,avaStIn,bevFrtRoadLight
LV,h1592,0.4310449118345231,scr2002,avaStIn,bevFrtRoadLight
LV,h1593,0.43651906754470926,scr2002,avaStIn,bevFrtRoadLight
LV,h1594,0.42784196327677315,scr2002,avaStIn,bevFrtRoadLight
LV,h1595,0.40165285769436365,scr2002,avaStIn,bevFrtRoadLight
LV,h1596,0.3554492048303812,scr2002,avaStIn,bevFrtRoadLight
LV,h1597,0.30743387757687923,scr2002,avaStIn,bevFrtRoadLight
LV,h1598,0.278936309503648,scr2002,avaStIn,bevFrtRoadLight
LV,h1599,0.28525649117608465,scr2002,avaStIn,bevFrtRoadLight
LV,h1600,0.33100477113297455,scr2002,avaStIn,bevFrtRoadLight
LV,h1601,0.3951643597987161,scr2002,avaStIn,bevFrtRoadLight
LV,h1602,0.46644985491696445,scr2002,avaStIn,bevFrtRoadLight
LV,h1603,0.5302489042156142,scr2002,avaStIn,bevFrtRoadLight
LV,h1604,0.5770673902258092,scr2002,avaStIn,bevFrtRoadLight
LV,h1605,0.5986769755958498,scr2002,avaStIn,bevFrtRoadLight
LV,h1606,0.6016883948095747,scr2002,avaStIn,bevFrtRoadLight
LV,h1607,0.5924055260109063,scr2002,avaStIn,bevFrtRoadLight
LV,h1608,0.5774847836798132,scr2002,avaStIn,bevFrtRoadLight
LV,h1609,0.5399833096273894,scr2002,avaStIn,bevFrtRoadLight
LV,h1610,0.5020113380135911,scr2002,avaStIn,bevFrtRoadLight
LV,h1611,0.4635722307063156,scr2002,avaStIn,bevFrtRoadLight
LV,h1612,0.4380348659574729,scr2002,avaStIn,bevFrtRoadLight
LV,h1613,0.40762124803256283,scr2002,avaStIn,bevFrtRoadLight
LV,h1614,0.37888830724468336,scr2002,avaStIn,bevFrtRoadLight
LV,h1615,0.36958381422293585,scr2002,avaStIn,bevFrtRoadLight
LV,h1616,0.37840208488783933,scr2002,avaStIn,bevFrtRoadLight
LV,h1617,0.40312593459237533,scr2002,avaStIn,bevFrtRoadLight
LV,h1618,0.41362439373824145,scr2002,avaStIn,bevFrtRoadLight
LV,h1619,0.4028461315685412,scr2002,avaStIn,bevFrtRoadLight
LV,h1620,0.3603437041144123,scr2002,avaStIn,bevFrtRoadLight
LV,h1621,0.300735364069155,scr2002,avaStIn,bevFrtRoadLight
LV,h1622,0.24177370465061954,scr2002,avaStIn,bevFrtRoadLight
LV,h1623,0.21970614560615676,scr2002,avaStIn,bevFrtRoadLight
LV,h1624,0.25508395733229006,scr2002,avaStIn,bevFrtRoadLight
LV,h1625,0.34767139096765254,scr2002,avaStIn,bevFrtRoadLight
LV,h1626,0.45228041046836875,scr2002,avaStIn,bevFrtRoadLight
LV,h1627,0.5341134302691986,scr2002,avaStIn,bevFrtRoadLight
LV,h1628,0.5851656457268322,scr2002,avaStIn,bevFrtRoadLight
LV,h1629,0.6079565962864942,scr2002,avaStIn,bevFrtRoadLight
LV,h1630,0.6088378322847627,scr2002,avaStIn,bevFrtRoadLight
LV,h1631,0.5862547005889717,scr2002,avaStIn,bevFrtRoadLight
LV,h1632,0.5503272305028044,scr2002,avaStIn,bevFrtRoadLight
LV,h1633,0.5157882800473498,scr2002,avaStIn,bevFrtRoadLight
LV,h1634,0.4876212160339364,scr2002,avaStIn,bevFrtRoadLight
LV,h1635,0.4635722307063156,scr2002,avaStIn,bevFrtRoadLight
LV,h1636,0.4380348659574729,scr2002,avaStIn,bevFrtRoadLight
LV,h1637,0.40762124803256283,scr2002,avaStIn,bevFrtRoadLight
LV,h1638,0.37888830724468336,scr2002,avaStIn,bevFrtRoadLight
LV,h1639,0.36958381422293585,scr2002,avaStIn,bevFrtRoadLight
LV,h1640,0.37840208488783933,scr2002,avaStIn,bevFrtRoadLight
LV,h1641,0.40312593459237533,scr2002,avaStIn,bevFrtRoadLight
LV,h1642,0.41362439373824145,scr2002,avaStIn,bevFrtRoadLight
LV,h1643,0.4028461315685412,scr2002,avaStIn,bevFrtRoadLight
LV,h1644,0.3603437041144123,scr2002,avaStIn,bevFrtRoadLight
LV,h1645,0.300735364069155,scr2002,avaStIn,bevFrtRoadLight
LV,h1646,0.24177370465061954,scr2002,avaStIn,bevFrtRoadLight
LV,h1647,0.21970614560615676,scr2002,avaStIn,bevFrtRoadLight
LV,h1648,0.25508395733229006,scr2002,avaStIn,bevFrtRoadLight
LV,h1649,0.34767139096765254,scr2002,avaStIn,bevFrtRoadLight
LV,h1650,0.45228041046836875,scr2002,avaStIn,bevFrtRoadLight
LV,h1651,0.5341134302691986,scr2002,avaStIn,bevFrtRoadLight
LV,h1652,0.5851656457268322,scr2002,avaStIn,bevFrtRoadLight
LV,h1653,0.6079565962864942,scr2002,avaStIn,bevFrtRoadLight
LV,h1654,0.6088378322847627,scr2002,avaStIn,bevFrtRoadLight
LV,h1655,0.5862547005889717,scr2002,avaStIn,bevFrtRoadLight
LV,h1656,0.5503272305028044,scr2002,avaStIn,bevFrtRoadLight
LV,h1657,0.5277989482493217,scr2002,avaStIn,bevFrtRoadLight
LV,h1658,0.5107010378978177,scr2002,avaStIn,bevFrtRoadLight
LV,h1659,0.5002557267591349,scr2002,avaStIn,bevFrtRoadLight
LV,h1660,0.4779833592811431,scr2002,avaStIn,bevFrtRoadLight
LV,h1661,0.45518876455881485,scr2002,avaStIn,bevFrtRoadLight
LV,h1662,0.43596244051473665,scr2002,avaStIn,bevFrtRoadLight
LV,h1663,0.4287672948543091,scr2002,avaStIn,bevFrtRoadLight
LV,h1664,0.4310449118345231,scr2002,avaStIn,bevFrtRoadLight
LV,h1665,0.43651906754470926,scr2002,avaStIn,bevFrtRoadLight
LV,h1666,0.42784196327677315,scr2002,avaStIn,bevFrtRoadLight
LV,h1667,0.40165285769436365,scr2002,avaStIn,bevFrtRoadLight
LV,h1668,0.3554492048303812,scr2002,avaStIn,bevFrtRoadLight
LV,h1669,0.30743387757687923,scr2002,avaStIn,bevFrtRoadLight
LV,h1670,0.278936309503648,scr2002,avaStIn,bevFrtRoadLight
LV,h1671,0.28525649117608465,scr2002,avaStIn,bevFrtRoadLight
LV,h1672,0.33100477113297455,scr2002,avaStIn,bevFrtRoadLight
LV,h1673,0.3951643597987161,scr2002,avaStIn,bevFrtRoadLight
LV,h1674,0.46644985491696445,scr2002,avaStIn,bevFrtRoadLight
LV,h1675,0.5302489042156142,scr2002,avaStIn,bevFrtRoadLight
LV,h1676,0.5770673902258092,scr2002,avaStIn,bevFrtRoadLight
LV,h1677,0.5986769755958498,scr2002,avaStIn,bevFrtRoadLight
LV,h1678,0.6016883948095747,scr2002,avaStIn,bevFrtRoadLight
LV,h1679,0.5924055260109063,scr2002,avaStIn,bevFrtRoadLight
LV,h1680,0.5774847836798132,scr2002,avaStIn,bevFrtRoadLight
LV,h1681,0.5517773619954187,scr2002,avaStIn,bevFrtRoadLight
LV,h1682,0.5248358437172166,scr2002,avaStIn,bevFrtRoadLight
LV,h1683,0.5002557267591349,scr2002,avaStIn,bevFrtRoadLight
LV,h1684,0.4779833592811431,scr2002,avaStIn,bevFrtRoadLight
LV,h1685,0.45518876455881485,scr2002,avaStIn,bevFrtRoadLight
LV,h1686,0.43596244051473665,scr2002,avaStIn,bevFrtRoadLight
LV,h1687,0.4287672948543091,scr2002,avaStIn,bevFrtRoadLight
LV,h1688,0.4310449118345231,scr2002,avaStIn,bevFrtRoadLight
LV,h1689,0.43651906754470926,scr2002,avaStIn,bevFrtRoadLight
LV,h1690,0.42784196327677315,scr2002,avaStIn,bevFrtRoadLight
LV,h1691,0.40165285769436365,scr2002,avaStIn,bevFrtRoadLight
LV,h1692,0.3554492048303812,scr2002,avaStIn,bevFrtRoadLight
LV,h1693,0.30743387757687923,scr2002,avaStIn,bevFrtRoadLight
LV,h1694,0.278936309503648,scr2002,avaStIn,bevFrtRoadLight
LV,h1695,0.28525649117608465,scr2002,avaStIn,bevFrtRoadLight
LV,h1696,0.33100477113297455,scr2002,avaStIn,bevFrtRoadLight
LV,h1697,0.3951643597987161,scr2002,avaStIn,bevFrtRoadLight
LV,h1698,0.46644985491696445,scr2002,avaStIn,bevFrtRoadLight
LV,h1699,0.5302489042156142,scr2002,avaStIn,bevFrtRoadLight
LV,h1700,0.5770673902258092,scr2002,avaStIn,bevFrtRoadLight
LV,h1701,0.5986769755958498,scr2002,avaStIn,bevFrtRoadLight
LV,h1702,0.6016883948095747,scr2002,avaStIn,bevFrtRoadLight
LV,h1703,0.5924055260109063,scr2002,avaStIn,bevFrtRoadLight
LV,h1704,0.5774847836798132,scr2002,avaStIn,bevFrtRoadLight
LV,h1705,0.509038057831711,scr2002,avaStIn,bevFrtRoadLight
LV,h1706,0.45316073221470254,scr2002,avaStIn,bevFrtRoadLight
LV,h1707,0.4106293035759673,scr2002,avaStIn,bevFrtRoadLight
LV,h1708,0.4302562346105031,scr2002,avaStIn,bevFrtRoadLight
LV,h1709,0.4411964644145132,scr2002,avaStIn,bevFrtRoadLight
LV,h1710,0.45751109901302867,scr2002,avaStIn,bevFrtRoadLight
LV,h1711,0.48871757217710954,scr2002,avaStIn,bevFrtRoadLight
LV,h1712,0.5314509691002262,scr2002,avaStIn,bevFrtRoadLight
LV,h1713,0.5711878747561929,scr2002,avaStIn,bevFrtRoadLight
LV,h1714,0.5980939691710526,scr2002,avaStIn,bevFrtRoadLight
LV,h1715,0.608394034195855,scr2002,avaStIn,bevFrtRoadLight
LV,h1716,0.6010568773540479,scr2002,avaStIn,bevFrtRoadLight
LV,h1717,0.5764247164288175,scr2002,avaStIn,bevFrtRoadLight
LV,h1718,0.5401459054358786,scr2002,avaStIn,bevFrtRoadLight
LV,h1719,0.4982672792884357,scr2002,avaStIn,bevFrtRoadLight
LV,h1720,0.4574139907405833,scr2002,avaStIn,bevFrtRoadLight
LV,h1721,0.42470386872332366,scr2002,avaStIn,bevFrtRoadLight
LV,h1722,0.4070105681582177,scr2002,avaStIn,bevFrtRoadLight
LV,h1723,0.3993554704479094,scr2002,avaStIn,bevFrtRoadLight
LV,h1724,0.3942528360151184,scr2002,avaStIn,bevFrtRoadLight
LV,h1725,0.3809841238928826,scr2002,avaStIn,bevFrtRoadLight
LV,h1726,0.3497784944040866,scr2002,avaStIn,bevFrtRoadLight
LV,h1727,0.3123069662403203,scr2002,avaStIn,bevFrtRoadLight
LV,h1728,0.2821792829284123,scr2002,avaStIn,bevFrtRoadLight
LV,h1729,0.3106843918239848,scr2002,avaStIn,bevFrtRoadLight
LV,h1730,0.35866299968064763,scr2002,avaStIn,bevFrtRoadLight
LV,h1731,0.4106293035759673,scr2002,avaStIn,bevFrtRoadLight
LV,h1732,0.4302562346105031,scr2002,avaStIn,bevFrtRoadLight
LV,h1733,0.4411964644145132,scr2002,avaStIn,bevFrtRoadLight
LV,h1734,0.45751109901302867,scr2002,avaStIn,bevFrtRoadLight
LV,h1735,0.48871757217710954,scr2002,avaStIn,bevFrtRoadLight
LV,h1736,0.5314509691002262,scr2002,avaStIn,bevFrtRoadLight
LV,h1737,0.5711878747561929,scr2002,avaStIn,bevFrtRoadLight
LV,h1738,0.5980939691710526,scr2002,avaStIn,bevFrtRoadLight
LV,h1739,0.608394034195855,scr2002,avaStIn,bevFrtRoadLight
LV,h1740,0.6010568773540479,scr2002,avaStIn,bevFrtRoadLight
LV,h1741,0.5764247164288175,scr2002,avaStIn,bevFrtRoadLight
LV,h1742,0.5401459054358786,scr2002,avaStIn,bevFrtRoadLight
LV,h1743,0.4982672792884357,scr2002,avaStIn,bevFrtRoadLight
LV,h1744,0.4574139907405833,scr2002,avaStIn,bevFrtRoadLight
LV,h1745,0.42470386872332366,scr2002,avaStIn,bevFrtRoadLight
LV,h1746,0.4070105681582177,scr2002,avaStIn,bevFrtRoadLight
LV,h1747,0.3993554704479094,scr2002,avaStIn,bevFrtRoadLight
LV,h1748,0.3942528360151184,scr2002,avaStIn,bevFrtRoadLight
LV,h1749,0.3809841238928826,scr2002,avaStIn,bevFrtRoadLight
LV,h1750,0.3497784944040866,scr2002,avaStIn,bevFrtRoadLight
LV,h1751,0.3123069662403203,scr2002,avaStIn,bevFrtRoadLight
LV,h1752,0.2821792829284123,scr2002,avaStIn,bevFrtRoadLight
LV,h1753,0.3106843918239848,scr2002,avaStIn,bevFrtRoadLight
LV,h1754,0.35866299968064763,scr2002,avaStIn,bevFrtRoadLight
LV,h1755,0.4106293035759673,scr2002,avaStIn,bevFrtRoadLight
LV,h1756,0.4302562346105031,scr2002,avaStIn,bevFrtRoadLight
LV,h1757,0.4411964644145132,scr2002,avaStIn,bevFrtRoadLight
LV,h1758,0.45751109901302867,scr2002,avaStIn,bevFrtRoadLight
LV,h1759,0.48871757217710954,scr2002,avaStIn,bevFrtRoadLight
LV,h1760,0.5314509691002262,scr2002,avaStIn,bevFrtRoadLight
LV,h1761,0.5711878747561929,scr2002,avaStIn,bevFrtRoadLight
LV,h1762,0.5980939691710526,scr2002,avaStIn,bevFrtRoadLight
LV,h1763,0.608394034195855,scr2002,avaStIn,bevFrtRoadLight
LV,h1764,0.6010568773540479,scr2002,avaStIn,bevFrtRoadLight
LV,h1765,0.5764247164288175,scr2002,avaStIn,bevFrtRoadLight
LV,h1766,0.5401459054358786,scr2002,avaStIn,bevFrtRoadLight
LV,h1767,0.4982672792884357,scr2002,avaStIn,bevFrtRoadLight
LV,h1768,0.4574139907405833,scr2002,avaStIn,bevFrtRoadLight
LV,h1769,0.42470386872332366,scr2002,avaStIn,bevFrtRoadLight
LV,h1770,0.4070105681582177,scr2002,avaStIn,bevFrtRoadLight
LV,h1771,0.3993554704479094,scr2002,avaStIn,bevFrtRoadLight
LV,h1772,0.3942528360151184,scr2002,avaStIn,bevFrtRoadLight
LV,h1773,0.3809841238928826,scr2002,avaStIn,bevFrtRoadLight
LV,h1774,0.3497784944040866,scr2002,avaStIn,bevFrtRoadLight
LV,h1775,0.3123069662403203,scr2002,avaStIn,bevFrtRoadLight
LV,h1776,0.2821792829284123,scr2002,avaStIn,bevFrtRoadLight
LV,h1777,0.230095162221032,scr2002,avaStIn,bevFrtRoadLight
LV,h1778,0.2300917975935889,scr2002,avaStIn,bevFrtRoadLight
LV,h1779,0.27148343409663167,scr2002,avaStIn,bevFrtRoadLight
LV,h1780,0.3790725700696759,scr2002,avaStIn,bevFrtRoadLight
LV,h1781,0.4623404992613247,scr2002,avaStIn,bevFrtRoadLight
LV,h1782,0.5259162274800008,scr2002,avaStIn,bevFrtRoadLight
LV,h1783,0.5772992909654577,scr2002,avaStIn,bevFrtRoadLight
LV,h1784,0.6171735770568829,scr2002,avaStIn,bevFrtRoadLight
LV,h1785,0.6409152522621753,scr2002,avaStIn,bevFrtRoadLight
LV,h1786,0.6489166669999998,scr2002,avaStIn,bevFrtRoadLight
LV,h1787,0.6400350534574337,scr2002,avaStIn,bevFrtRoadLight
LV,h1788,0.61588415769173,scr2002,avaStIn,bevFrtRoadLight
LV,h1789,0.5753501172674538,scr2002,avaStIn,bevFrtRoadLight
LV,h1790,0.5273486726990765,scr2002,avaStIn,bevFrtRoadLight
LV,h1791,0.47682400205808595,scr2002,avaStIn,bevFrtRoadLight
LV,h1792,0.4288063768750643,scr2002,avaStIn,bevFrtRoadLight
LV,h1793,0.39374570481652504,scr2002,avaStIn,bevFrtRoadLight
LV,h1794,0.3749031506247579,scr2002,avaStIn,bevFrtRoadLight
LV,h1795,0.37209330121313167,scr2002,avaStIn,bevFrtRoadLight
LV,h1796,0.36873105182903665,scr2002,avaStIn,bevFrtRoadLight
LV,h1797,0.3543630997986469,scr2002,avaStIn,bevFrtRoadLight
LV,h1798,0.3154781828948128,scr2002,avaStIn,bevFrtRoadLight
LV,h1799,0.27112993299959987,scr2002,avaStIn,bevFrtRoadLight
LV,h1800,0.2381911639591776,scr2002,avaStIn,bevFrtRoadLight
LV,h1801,0.20075744833264675,scr2002,avaStIn,bevFrtRoadLight
LV,h1802,0.21575624655576675,scr2002,avaStIn,bevFrtRoadLight
LV,h1803,0.27148343409663167,scr2002,avaStIn,bevFrtRoadLight
LV,h1804,0.3790725700696759,scr2002,avaStIn,bevFrtRoadLight
LV,h1805,0.4623404992613247,scr2002,avaStIn,bevFrtRoadLight
LV,h1806,0.5259162274800008,scr2002,avaStIn,bevFrtRoadLight
LV,h1807,0.5772992909654577,scr2002,avaStIn,bevFrtRoadLight
LV,h1808,0.6171735770568829,scr2002,avaStIn,bevFrtRoadLight
LV,h1809,0.6409152522621753,scr2002,avaStIn,bevFrtRoadLight
LV,h1810,0.6489166669999998,scr2002,avaStIn,bevFrtRoadLight
LV,h1811,0.6400350534574337,scr2002,avaStIn,bevFrtRoadLight
LV,h1812,0.61588415769173,scr2002,avaStIn,bevFrtRoadLight
LV,h1813,0.5753501172674538,scr2002,avaStIn,bevFrtRoadLight
LV,h1814,0.5273486726990765,scr2002,avaStIn,bevFrtRoadLight
LV,h1815,0.47682400205808595,scr2002,avaStIn,bevFrtRoadLight
LV,h1816,0.4288063768750643,scr2002,avaStIn,bevFrtRoadLight
LV,h1817,0.39374570481652504,scr2002,avaStIn,bevFrtRoadLight
LV,h1818,0.3749031506247579,scr2002,avaStIn,bevFrtRoadLight
LV,h1819,0.37209330121313167,scr2002,avaStIn,bevFrtRoadLight
LV,h1820,0.36873105182903665,scr2002,avaStIn,bevFrtRoadLight
LV,h1821,0.3543630997986469,scr2002,avaStIn,bevFrtRoadLight
LV,h1822,0.3154781828948128,scr2002,avaStIn,bevFrtRoadLight
LV,h1823,0.27112993299959987,scr2002,avaStIn,bevFrtRoadLight
LV,h1824,0.2381911639591776,scr2002,avaStIn,bevFrtRoadLight
LV,h1825,0.28388199759953203,scr2002,avaStIn,bevFrtRoadLight
LV,h1826,0.34615260530650627,scr2002,avaStIn,bevFrtRoadLight
LV,h1827,0.4106293035759673,scr2002,avaStIn,bevFrtRoadLight
LV,h1828,0.4302562346105031,scr2002,avaStIn,bevFrtRoadLight
LV,h1829,0.4411964644145132,scr2002,avaStIn,bevFrtRoadLight
LV,h1830,0.45751109901302867,scr2002,avaStIn,bevFrtRoadLight
LV,h1831,0.48871757217710954,scr2002,avaStIn,bevFrtRoadLight
LV,h1832,0.5314509691002262,scr2002,avaStIn,bevFrtRoadLight
LV,h1833,0.5711878747561929,scr2002,avaStIn,bevFrtRoadLight
LV,h1834,0.5980939691710526,scr2002,avaStIn,bevFrtRoadLight
LV,h1835,0.608394034195855,scr2002,avaStIn,bevFrtRoadLight
LV,h1836,0.6010568773540479,scr2002,avaStIn,bevFrtRoadLight
LV,h1837,0.5764247164288175,scr2002,avaStIn,bevFrtRoadLight
LV,h1838,0.5401459054358786,scr2002,avaStIn,bevFrtRoadLight
LV,h1839,0.4982672792884357,scr2002,avaStIn,bevFrtRoadLight
LV,h1840,0.4574139907405833,scr2002,avaStIn,bevFrtRoadLight
LV,h1841,0.42470386872332366,scr2002,avaStIn,bevFrtRoadLight
LV,h1842,0.4070105681582177,scr2002,avaStIn,bevFrtRoadLight
LV,h1843,0.3993554704479094,scr2002,avaStIn,bevFrtRoadLight
LV,h1844,0.3942528360151184,scr2002,avaStIn,bevFrtRoadLight
LV,h1845,0.3809841238928826,scr2002,avaStIn,bevFrtRoadLight
LV,h1846,0.3497784944040866,scr2002,avaStIn,bevFrtRoadLight
LV,h1847,0.3123069662403203,scr2002,avaStIn,bevFrtRoadLight
LV,h1848,0.2821792829284123,scr2002,avaStIn,bevFrtRoadLight
LV,h1849,0.3106843918239848,scr2002,avaStIn,bevFrtRoadLight
LV,h1850,0.35866299968064763,scr2002,avaStIn,bevFrtRoadLight
LV,h1851,0.4106293035759673,scr2002,avaStIn,bevFrtRoadLight
LV,h1852,0.4302562346105031,scr2002,avaStIn,bevFrtRoadLight
LV,h1853,0.4411964644145132,scr2002,avaStIn,bevFrtRoadLight
LV,h1854,0.45751109901302867,scr2002,avaStIn,bevFrtRoadLight
LV,h1855,0.48871757217710954,scr2002,avaStIn,bevFrtRoadLight
LV,h1856,0.5314509691002262,scr2002,avaStIn,bevFrtRoadLight
LV,h1857,0.5711878747561929,scr2002,avaStIn,bevFrtRoadLight
LV,h1858,0.5980939691710526,scr2002,avaStIn,bevFrtRoadLight
LV,h1859,0.608394034195855,scr2002,avaStIn,bevFrtRoadLight
LV,h1860,0.6010568773540479,scr2002,avaStIn,bevFrtRoadLight
LV,h1861,0.5764247164288175,scr2002,avaStIn,bevFrtRoadLight
LV,h1862,0.5401459054358786,scr2002,avaStIn,bevFrtRoadLight
LV,h1863,0.4982672792884357,scr2002,avaStIn,bevFrtRoadLight
LV,h1864,0.4574139907405833,scr2002,avaStIn,bevFrtRoadLight
LV,h1865,0.42470386872332366,scr2002,avaStIn,bevFrtRoadLight
LV,h1866,0.4070105681582177,scr2002,avaStIn,bevFrtRoadLight
LV,h1867,0.3993554704479094,scr2002,avaStIn,bevFrtRoadLight
LV,h1868,0.3942528360151184,scr2002,avaStIn,bevFrtRoadLight
LV,h1869,0.3809841238928826,scr2002,avaStIn,bevFrtRoadLight
LV,h1870,0.3497784944040866,scr2002,avaStIn,bevFrtRoadLight
LV,h1871,0.3123069662403203,scr2002,avaStIn,bevFrtRoadLight
LV,h1872,0.2821792829284123,scr2002,avaStIn,bevFrtRoadLight
LV,h1873,0.3106843918239848,scr2002,avaStIn,bevFrtRoadLight
LV,h1874,0.35866299968064763,scr2002,avaStIn,bevFrtRoadLight
LV,h1875,0.4106293035759673,scr2002,avaStIn,bevFrtRoadLight
LV,h1876,0.4302562346105031,scr2002,avaStIn,bevFrtRoadLight
LV,h1877,0.4411964644145132,scr2002,avaStIn,bevFrtRoadLight
LV,h1878,0.45751109901302867,scr2002,avaStIn,bevFrtRoadLight
LV,h1879,0.48871757217710954,scr2002,avaStIn,bevFrtRoadLight
LV,h1880,0.5314509691002262,scr2002,avaStIn,bevFrtRoadLight
LV,h1881,0.5711878747561929,scr2002,avaStIn,bevFrtRoadLight
LV,h1882,0.5980939691710526,scr2002,avaStIn,bevFrtRoadLight
LV,h1883,0.608394034195855,scr2002,avaStIn,bevFrtRoadLight
LV,h1884,0.6010568773540479,scr2002,avaStIn,bevFrtRoadLight
LV,h1885,0.5764247164288175,scr2002,avaStIn,bevFrtRoadLight
LV,h1886,0.5401459054358786,scr2002,avaStIn,bevFrtRoadLight
LV,h1887,0.4982672792884357,scr2002,avaStIn,bevFrtRoadLight
LV,h1888,0.4574139907405833,scr2002,avaStIn,bevFrtRoadLight
LV,h1889,0.42470386872332366,scr2002,avaStIn,bevFrtRoadLight
LV,h1890,0.4070105681582177,scr2002,avaStIn,bevFrtRoadLight
LV,h1891,0.3993554704479094,scr2002,avaStIn,bevFrtRoadLight
LV,h1892,0.3942528360151184,scr2002,avaStIn,bevFrtRoadLight
LV,h1893,0.3809841238928826,scr2002,avaStIn,bevFrtRoadLight
LV,h1894,0.3497784944040866,scr2002,avaStIn,bevFrtRoadLight
LV,h1895,0.3123069662403203,scr2002,avaStIn,bevFrtRoadLight
LV,h1896,0.2821792829284123,scr2002,avaStIn,bevFrtRoadLight
LV,h1897,0.3106843918239848,scr2002,avaStIn,bevFrtRoadLight
LV,h1898,0.35866299968064763,scr2002,avaStIn,bevFrtRoadLight
LV,h1899,0.4106293035759673,scr2002,avaStIn,bevFrtRoadLight
LV,h1900,0.4302562346105031,scr2002,avaStIn,bevFrtRoadLight
LV,h1901,0.4411964644145132,scr2002,avaStIn,bevFrtRoadLight
LV,h1902,0.45751109901302867,scr2002,avaStIn,bevFrtRoadLight
LV,h1903,0.48871757217710954,scr2002,avaStIn,bevFrtRoadLight
LV,h1904,0.5314509691002262,scr2002,avaStIn,bevFrtRoadLight
LV,h1905,0.5711878747561929,scr2002,avaStIn,bevFrtRoadLight
LV,h1906,0.5980939691710526,scr2002,avaStIn,bevFrtRoadLight
LV,h1907,0.608394034195855,scr2002,avaStIn,bevFrtRoadLight
LV,h1908,0.6010568773540479,scr2002,avaStIn,bevFrtRoadLight
LV,h1909,0.5764247164288175,scr2002,avaStIn,bevFrtRoadLight
LV,h1910,0.5401459054358786,scr2002,avaStIn,bevFrtRoadLight
LV,h1911,0.4982672792884357,scr2002,avaStIn,bevFrtRoadLight
LV,h1912,0.4574139907405833,scr2002,avaStIn,bevFrtRoadLight
LV,h1913,0.42470386872332366,scr2002,avaStIn,bevFrtRoadLight
LV,h1914,0.4070105681582177,scr2002,avaStIn,bevFrtRoadLight
LV,h1915,0.3993554704479094,scr2002,avaStIn,bevFrtRoadLight
LV,h1916,0.3942528360151184,scr2002,avaStIn,bevFrtRoadLight
LV,h1917,0.3809841238928826,scr2002,avaStIn,bevFrtRoadLight
LV,h1918,0.3497784944040866,scr2002,avaStIn,bevFrtRoadLight
LV,h1919,0.3123069662403203,scr2002,avaStIn,bevFrtRoadLight
LV,h1920,0.2821792829284123,scr2002,avaStIn,bevFrtRoadLight
LV,h1921,0.3106843918239848,scr2002,avaStIn,bevFrtRoadLight
LV,h1922,0.35866299968064763,scr2002,avaStIn,bevFrtRoadLight
LV,h1923,0.4106293035759673,scr2002,avaStIn,bevFrtRoadLight
LV,h1924,0.4302562346105031,scr2002,avaStIn,bevFrtRoadLight
LV,h1925,0.4411964644145132,scr2002,avaStIn,bevFrtRoadLight
LV,h1926,0.45751109901302867,scr2002,avaStIn,bevFrtRoadLight
LV,h1927,0.48871757217710954,scr2002,avaStIn,bevFrtRoadLight
LV,h1928,0.5314509691002262,scr2002,avaStIn,bevFrtRoadLight
LV,h1929,0.5711878747561929,scr2002,avaStIn,bevFrtRoadLight
LV,h1930,0.5980939691710526,scr2002,avaStIn,bevFrtRoadLight
LV,h1931,0.608394034195855,scr2002,avaStIn,bevFrtRoadLight
LV,h1932,0.6010568773540479,scr2002,avaStIn,bevFrtRoadLight
LV,h1933,0.5764247164288175,scr2002,avaStIn,bevFrtRoadLight
LV,h1934,0.5401459054358786,scr2002,avaStIn,bevFrtRoadLight
LV,h1935,0.4982672792884357,scr2002,avaStIn,bevFrtRoadLight
LV,h1936,0.4574139907405833,scr2002,avaStIn,bevFrtRoadLight
LV,h1937,0.42470386872332366,scr2002,avaStIn,bevFrtRoadLight
LV,h1938,0.4070105681582177,scr2002,avaStIn,bevFrtRoadLight
LV,h1939,0.3993554704479094,scr2002,avaStIn,bevFrtRoadLight
LV,h1940,0.3942528360151184,scr2002,avaStIn,bevFrtRoadLight
LV,h1941,0.3809841238928826,scr2002,avaStIn,bevFrtRoadLight
LV,h1942,0.3497784944040866,scr2002,avaStIn,bevFrtRoadLight
LV,h1943,0.3123069662403203,scr2002,avaStIn,bevFrtRoadLight
LV,h1944,0.2821792829284123,scr2002,avaStIn,bevFrtRoadLight
LV,h1945,0.230095162221032,scr2002,avaStIn,bevFrtRoadLight
LV,h1946,0.2300917975935889,scr2002,avaStIn,bevFrtRoadLight
LV,h1947,0.27148343409663167,scr2002,avaStIn,bevFrtRoadLight
LV,h1948,0.3790725700696759,scr2002,avaStIn,bevFrtRoadLight
LV,h1949,0.4623404992613247,scr2002,avaStIn,bevFrtRoadLight
LV,h1950,0.5259162274800008,scr2002,avaStIn,bevFrtRoadLight
LV,h1951,0.5772992909654577,scr2002,avaStIn,bevFrtRoadLight
LV,h1952,0.6171735770568829,scr2002,avaStIn,bevFrtRoadLight
LV,h1953,0.6409152522621753,scr2002,avaStIn,bevFrtRoadLight
LV,h1954,0.6489166669999998,scr2002,avaStIn,bevFrtRoadLight
LV,h1955,0.6400350534574337,scr2002,avaStIn,bevFrtRoadLight
LV,h1956,0.61588415769173,scr2002,avaStIn,bevFrtRoadLight
LV,h1957,0.5753501172674538,scr2002,avaStIn,bevFrtRoadLight
LV,h1958,0.5273486726990765,scr2002,avaStIn,bevFrtRoadLight
LV,h1959,0.47682400205808595,scr2002,avaStIn,bevFrtRoadLight
LV,h1960,0.4288063768750643,scr2002,avaStIn,bevFrtRoadLight
LV,h1961,0.39374570481652504,scr2002,avaStIn,bevFrtRoadLight
LV,h1962,0.3749031506247579,scr2002,avaStIn,bevFrtRoadLight
LV,h1963,0.37209330121313167,scr2002,avaStIn,bevFrtRoadLight
LV,h1964,0.36873105182903665,scr2002,avaStIn,bevFrtRoadLight
LV,h1965,0.3543630997986469,scr2002,avaStIn,bevFrtRoadLight
LV,h1966,0.3154781828948128,scr2002,avaStIn,bevFrtRoadLight
LV,h1967,0.27112993299959987,scr2002,avaStIn,bevFrtRoadLight
LV,h1968,0.2381911639591776,scr2002,avaStIn,bevFrtRoadLight
LV,h1969,0.20075744833264675,scr2002,avaStIn,bevFrtRoadLight
LV,h1970,0.21575624655576675,scr2002,avaStIn,bevFrtRoadLight
LV,h1971,0.27148343409663167,scr2002,avaStIn,bevFrtRoadLight
LV,h1972,0.3790725700696759,scr2002,avaStIn,bevFrtRoadLight
LV,h1973,0.4623404992613247,scr2002,avaStIn,bevFrtRoadLight
LV,h1974,0.5259162274800008,scr2002,avaStIn,bevFrtRoadLight
LV,h1975,0.5772992909654577,scr2002,avaStIn,bevFrtRoadLight
LV,h1976,0.6171735770568829,scr2002,avaStIn,bevFrtRoadLight
LV,h1977,0.6409152522621753,scr2002,avaStIn,bevFrtRoadLight
LV,h1978,0.6489166669999998,scr2002,avaStIn,bevFrtRoadLight
LV,h1979,0.6400350534574337,scr2002,avaStIn,bevFrtRoadLight
LV,h1980,0.61588415769173,scr2002,avaStIn,bevFrtRoadLight
LV,h1981,0.5753501172674538,scr2002,avaStIn,bevFrtRoadLight
LV,h1982,0.5273486726990765,scr2002,avaStIn,bevFrtRoadLight
LV,h1983,0.47682400205808595,scr2002,avaStIn,bevFrtRoadLight
LV,h1984,0.4288063768750643,scr2002,avaStIn,bevFrtRoadLight
LV,h1985,0.39374570481652504,scr2002,avaStIn,bevFrtRoadLight
LV,h1986,0.3749031506247579,scr2002,avaStIn,bevFrtRoadLight
LV,h1987,0.37209330121313167,scr2002,avaStIn,bevFrtRoadLight
LV,h1988,0.36873105182903665,scr2002,avaStIn,bevFrtRoadLight
LV,h1989,0.3543630997986469,scr2002,avaStIn,bevFrtRoadLight
LV,h1990,0.3154781828948128,scr2002,avaStIn,bevFrtRoadLight
LV,h1991,0.27112993299959987,scr2002,avaStIn,bevFrtRoadLight
LV,h1992,0.2381911639591776,scr2002,avaStIn,bevFrtRoadLight
LV,h1993,0.28388199759953203,scr2002,avaStIn,bevFrtRoadLight
LV,h1994,0.34615260530650627,scr2002,avaStIn,bevFrtRoadLight
LV,h1995,0.4106293035759673,scr2002,avaStIn,bevFrtRoadLight
LV,h1996,0.4302562346105031,scr2002,avaStIn,bevFrtRoadLight
LV,h1997,0.4411964644145132,scr2002,avaStIn,bevFrtRoadLight
LV,h1998,0.45751109901302867,scr2002,avaStIn,bevFrtRoadLight
LV,h1999,0.48871757217710954,scr2002,avaStIn,bevFrtRoadLight
LV,h2000,0.5314509691002262,scr2002,avaStIn,bevFrtRoadLight
LV,h2001,0.5711878747561929,scr2002,avaStIn,bevFrtRoadLight
LV,h2002,0.5980939691710526,scr2002,avaStIn,bevFrtRoadLight
LV,h2003,0.608394034195855,scr2002,avaStIn,bevFrtRoadLight
LV,h2004,0.6010568773540479,scr2002,avaStIn,bevFrtRoadLight
LV,h2005,0.5764247164288175,scr2002,avaStIn,bevFrtRoadLight
LV,h2006,0.5401459054358786,scr2002,avaStIn,bevFrtRoadLight
LV,h2007,0.4982672792884357,scr2002,avaStIn,bevFrtRoadLight
LV,h2008,0.4574139907405833,scr2002,avaStIn,bevFrtRoadLight
LV,h2009,0.42470386872332366,scr2002,avaStIn,bevFrtRoadLight
LV,h2010,0.4070105681582177,scr2002,avaStIn,bevFrtRoadLight
LV,h2011,0.3993554704479094,scr2002,avaStIn,bevFrtRoadLight
LV,h2012,0.3942528360151184,scr2002,avaStIn,bevFrtRoadLight
LV,h2013,0.3809841238928826,scr2002,avaStIn,bevFrtRoadLight
LV,h2014,0.3497784944040866,scr2002,avaStIn,bevFrtRoadLight
LV,h2015,0.3123069662403203,scr2002,avaStIn,bevFrtRoadLight
LV,h2016,0.2821792829284123,scr2002,avaStIn,bevFrtRoadLight
LV,h2017,0.3072840894621327,scr2002,avaStIn,bevFrtRoadLight
LV,h2018,0.33666905394072466,scr2002,avaStIn,bevFrtRoadLight
LV,h2019,0.36655496485550265,scr2002,avaStIn,bevFrtRoadLight
LV,h2020,0.3745731212047183,scr2002,avaStIn,bevFrtRoadLight
LV,h2021,0.4026088526762964,scr2002,avaStIn,bevFrtRoadLight
LV,h2022,0.44640061438376677,scr2002,avaStIn,bevFrtRoadLight
LV,h2023,0.4973037920546317,scr2002,avaStIn,bevFrtRoadLight
LV,h2024,0.5420216950586382,scr2002,avaStIn,bevFrtRoadLight
LV,h2025,0.5736954068525849,scr2002,avaStIn,bevFrtRoadLight
LV,h2026,0.5880342997851788,scr2002,avaStIn,bevFrtRoadLight
LV,h2027,0.5918947845476326,scr2002,avaStIn,bevFrtRoadLight
LV,h2028,0.5837522950091351,scr2002,avaStIn,bevFrtRoadLight
LV,h2029,0.566630011228302,scr2002,avaStIn,bevFrtRoadLight
LV,h2030,0.5326460205473856,scr2002,avaStIn,bevFrtRoadLight
LV,h2031,0.48334141219508586,scr2002,avaStIn,bevFrtRoadLight
LV,h2032,0.4237800531764452,scr2002,avaStIn,bevFrtRoadLight
LV,h2033,0.3668064382544399,scr2002,avaStIn,bevFrtRoadLight
LV,h2034,0.33858624085132816,scr2002,avaStIn,bevFrtRoadLight
LV,h2035,0.33981235579051505,scr2002,avaStIn,bevFrtRoadLight
LV,h2036,0.3644150552627201,scr2002,avaStIn,bevFrtRoadLight
LV,h2037,0.39407002810213865,scr2002,avaStIn,bevFrtRoadLight
LV,h2038,0.4100441996396512,scr2002,avaStIn,bevFrtRoadLight
LV,h2039,0.41244752514225314,scr2002,avaStIn,bevFrtRoadLight
LV,h2040,0.3977671810575979,scr2002,avaStIn,bevFrtRoadLight
LV,h2041,0.3840802424090224,scr2002,avaStIn,bevFrtRoadLight
LV,h2042,0.37136048642151265,scr2002,avaStIn,bevFrtRoadLight
LV,h2043,0.36655496485550265,scr2002,avaStIn,bevFrtRoadLight
LV,h2044,0.3745731212047183,scr2002,avaStIn,bevFrtRoadLight
LV,h2045,0.4026088526762964,scr2002,avaStIn,bevFrtRoadLight
LV,h2046,0.44640061438376677,scr2002,avaStIn,bevFrtRoadLight
LV,h2047,0.4973037920546317,scr2002,avaStIn,bevFrtRoadLight
LV,h2048,0.5420216950586382,scr2002,avaStIn,bevFrtRoadLight
LV,h2049,0.5736954068525849,scr2002,avaStIn,bevFrtRoadLight
LV,h2050,0.5880342997851788,scr2002,avaStIn,bevFrtRoadLight
LV,h2051,0.5918947845476326,scr2002,avaStIn,bevFrtRoadLight
LV,h2052,0.5837522950091351,scr2002,avaStIn,bevFrtRoadLight
LV,h2053,0.566630011228302,scr2002,avaStIn,bevFrtRoadLight
LV,h2054,0.5326460205473856,scr2002,avaStIn,bevFrtRoadLight
LV,h2055,0.48334141219508586,scr2002,avaStIn,bevFrtRoadLight
LV,h2056,0.4237800531764452,scr2002,avaStIn,bevFrtRoadLight
LV,h2057,0.3668064382544399,scr2002,avaStIn,bevFrtRoadLight
LV,h2058,0.33858624085132816,scr2002,avaStIn,bevFrtRoadLight
LV,h2059,0.33981235579051505,scr2002,avaStIn,bevFrtRoadLight
LV,h2060,0.3644150552627201,scr2002,avaStIn,bevFrtRoadLight
LV,h2061,0.39407002810213865,scr2002,avaStIn,bevFrtRoadLight
LV,h2062,0.4100441996396512,scr2002,avaStIn,bevFrtRoadLight
LV,h2063,0.41244752514225314,scr2002,avaStIn,bevFrtRoadLight
LV,h2064,0.3977671810575979,scr2002,avaStIn,bevFrtRoadLight
LV,h2065,0.3840802424090224,scr2002,avaStIn,bevFrtRoadLight
LV,h2066,0.37136048642151265,scr2002,avaStIn,bevFrtRoadLight
LV,h2067,0.36655496485550265,scr2002,avaStIn,bevFrtRoadLight
LV,h2068,0.3745731212047183,scr2002,avaStIn,bevFrtRoadLight
LV,h2069,0.4026088526762964,scr2002,avaStIn,bevFrtRoadLight
LV,h2070,0.44640061438376677,scr2002,avaStIn,bevFrtRoadLight
LV,h2071,0.4973037920546317,scr2002,avaStIn,bevFrtRoadLight
LV,h2072,0.5420216950586382,scr2002,avaStIn,bevFrtRoadLight
LV,h2073,0.5736954068525849,scr2002,avaStIn,bevFrtRoadLight
LV,h2074,0.5880342997851788,scr2002,avaStIn,bevFrtRoadLight
LV,h2075,0.5918947845476326,scr2002,avaStIn,bevFrtRoadLight
LV,h2076,0.5837522950091351,scr2002,avaStIn,bevFrtRoadLight
LV,h2077,0.566630011228302,scr2002,avaStIn,bevFrtRoadLight
LV,h2078,0.5326460205473856,scr2002,avaStIn,bevFrtRoadLight
LV,h2079,0.48334141219508586,scr2002,avaStIn,bevFrtRoadLight
LV,h2080,0.4237800531764452,scr2002,avaStIn,bevFrtRoadLight
LV,h2081,0.3668064382544399,scr2002,avaStIn,bevFrtRoadLight
LV,h2082,0.33858624085132816,scr2002,avaStIn,bevFrtRoadLight
LV,h2083,0.33981235579051505,scr2002,avaStIn,bevFrtRoadLight
LV,h2084,0.3644150552627201,scr2002,avaStIn,bevFrtRoadLight
LV,h2085,0.39407002810213865,scr2002,avaStIn,bevFrtRoadLight
LV,h2086,0.4100441996396512,scr2002,avaStIn,bevFrtRoadLight
LV,h2087,0.41244752514225314,scr2002,avaStIn,bevFrtRoadLight
LV,h2088,0.3977671810575979,scr2002,avaStIn,bevFrtRoadLight
LV,h2089,0.3840802424090224,scr2002,avaStIn,bevFrtRoadLight
LV,h2090,0.37136048642151265,scr2002,avaStIn,bevFrtRoadLight
LV,h2091,0.36655496485550265,scr2002,avaStIn,bevFrtRoadLight
LV,h2092,0.3745731212047183,scr2002,avaStIn,bevFrtRoadLight
LV,h2093,0.4026088526762964,scr2002,avaStIn,bevFrtRoadLight
LV,h2094,0.44640061438376677,scr2002,avaStIn,bevFrtRoadLight
LV,h2095,0.4973037920546317,scr2002,avaStIn,bevFrtRoadLight
LV,h2096,0.5420216950586382,scr2002,avaStIn,bevFrtRoadLight
LV,h2097,0.5736954068525849,scr2002,avaStIn,bevFrtRoadLight
LV,h2098,0.5880342997851788,scr2002,avaStIn,bevFrtRoadLight
LV,h2099,0.5918947845476326,scr2002,avaStIn,bevFrtRoadLight
LV,h2100,0.5837522950091351,scr2002,avaStIn,bevFrtRoadLight
LV,h2101,0.566630011228302,scr2002,avaStIn,bevFrtRoadLight
LV,h2102,0.5326460205473856,scr2002,avaStIn,bevFrtRoadLight
LV,h2103,0.48334141219508586,scr2002,avaStIn,bevFrtRoadLight
LV,h2104,0.4237800531764452,scr2002,avaStIn,bevFrtRoadLight
LV,h2105,0.3668064382544399,scr2002,avaStIn,bevFrtRoadLight
LV,h2106,0.33858624085132816,scr2002,avaStIn,bevFrtRoadLight
LV,h2107,0.33981235579051505,scr2002,avaStIn,bevFrtRoadLight
LV,h2108,0.3644150552627201,scr2002,avaStIn,bevFrtRoadLight
LV,h2109,0.39407002810213865,scr2002,avaStIn,bevFrtRoadLight
LV,h2110,0.4100441996396512,scr2002,avaStIn,bevFrtRoadLight
LV,h2111,0.41244752514225314,scr2002,avaStIn,bevFrtRoadLight
LV,h2112,0.3977671810575979,scr2002,avaStIn,bevFrtRoadLight
LV,h2113,0.4215422859318668,scr2002,avaStIn,bevFrtRoadLight
LV,h2114,0.44561523253946533,scr2002,avaStIn,bevFrtRoadLight
LV,h2115,0.46890884939949806,scr2002,avaStIn,bevFrtRoadLight
LV,h2116,0.4606801828577375,scr2002,avaStIn,bevFrtRoadLight
LV,h2117,0.4598809008191356,scr2002,avaStIn,bevFrtRoadLight
LV,h2118,0.47373682010553864,scr2002,avaStIn,bevFrtRoadLight
LV,h2119,0.49837466067849223,scr2002,avaStIn,bevFrtRoadLight
LV,h2120,0.5249322712656334,scr2002,avaStIn,bevFrtRoadLight
LV,h2121,0.5295524702973696,scr2002,avaStIn,bevFrtRoadLight
LV,h2122,0.5237384833973733,scr2002,avaStIn,bevFrtRoadLight
LV,h2123,0.517462220076728,scr2002,avaStIn,bevFrtRoadLight
LV,h2124,0.5202231448594441,scr2002,avaStIn,bevFrtRoadLight
LV,h2125,0.5168074572603817,scr2002,avaStIn,bevFrtRoadLight
LV,h2126,0.4881087918461403,scr2002,avaStIn,bevFrtRoadLight
LV,h2127,0.4401501060096197,scr2002,avaStIn,bevFrtRoadLight
LV,h2128,0.3751810028677981,scr2002,avaStIn,bevFrtRoadLight
LV,h2129,0.3184738733356699,scr2002,avaStIn,bevFrtRoadLight
LV,h2130,0.2885496316681868,scr2002,avaStIn,bevFrtRoadLight
LV,h2131,0.2950430145218158,scr2002,avaStIn,bevFrtRoadLight
LV,h2132,0.3362350273761402,scr2002,avaStIn,bevFrtRoadLight
LV,h2133,0.3905257678468871,scr2002,avaStIn,bevFrtRoadLight
LV,h2134,0.4405757953478313,scr2002,avaStIn,bevFrtRoadLight
LV,h2135,0.4738121072088959,scr2002,avaStIn,bevFrtRoadLight
LV,h2136,0.4995552626921461,scr2002,avaStIn,bevFrtRoadLight
LV,h2137,0.5006979269249346,scr2002,avaStIn,bevFrtRoadLight
LV,h2138,0.49234384959123256,scr2002,avaStIn,bevFrtRoadLight
LV,h2139,0.46890884939949806,scr2002,avaStIn,bevFrtRoadLight
LV,h2140,0.4606801828577375,scr2002,avaStIn,bevFrtRoadLight
LV,h2141,0.4598809008191356,scr2002,avaStIn,bevFrtRoadLight
LV,h2142,0.47373682010553864,scr2002,avaStIn,bevFrtRoadLight
LV,h2143,0.49837466067849223,scr2002,avaStIn,bevFrtRoadLight
LV,h2144,0.5249322712656334,scr2002,avaStIn,bevFrtRoadLight
LV,h2145,0.5295524702973696,scr2002,avaStIn,bevFrtRoadLight
LV,h2146,0.5237384833973733,scr2002,avaStIn,bevFrtRoadLight
LV,h2147,0.517462220076728,scr2002,avaStIn,bevFrtRoadLight
LV,h2148,0.5202231448594441,scr2002,avaStIn,bevFrtRoadLight
LV,h2149,0.5168074572603817,scr2002,avaStIn,bevFrtRoadLight
LV,h2150,0.4881087918461403,scr2002,avaStIn,bevFrtRoadLight
LV,h2151,0.4401501060096197,scr2002,avaStIn,bevFrtRoadLight
LV,h2152,0.3751810028677981,scr2002,avaStIn,bevFrtRoadLight
LV,h2153,0.3184738733356699,scr2002,avaStIn,bevFrtRoadLight
LV,h2154,0.2885496316681868,scr2002,avaStIn,bevFrtRoadLight
LV,h2155,0.2950430145218158,scr2002,avaStIn,bevFrtRoadLight
LV,h2156,0.3362350273761402,scr2002,avaStIn,bevFrtRoadLight
LV,h2157,0.3905257678468871,scr2002,avaStIn,bevFrtRoadLight
LV,h2158,0.4405757953478313,scr2002,avaStIn,bevFrtRoadLight
LV,h2159,0.4738121072088959,scr2002,avaStIn,bevFrtRoadLight
LV,h2160,0.4995552626921461,scr2002,avaStIn,bevFrtRoadLight
ME,h1441,0.3714353995574986,scr2002,avaStIn,bevFrtRoadLight
ME,h1442,0.3846086524108919,scr2002,avaStIn,bevFrtRoadLight
ME,h1443,0.42374952391826404,scr2002,avaStIn,bevFrtRoadLight
ME,h1444,0.4709102315761218,scr2002,avaStIn,bevFrtRoadLight
ME,h1445,0.5000591446961408,scr2002,avaStIn,bevFrtRoadLight
ME,h1446,0.495233345157142,scr2002,avaStIn,bevFrtRoadLight
ME,h1447,0.5008043596015219,scr2002,avaStIn,bevFrtRoadLight
ME,h1448,0.5021789974738545,scr2002,avaStIn,bevFrtRoadLight
ME,h1449,0.5231874460949842,scr2002,avaStIn,bevFrtRoadLight
ME,h1450,0.5308529822226913,scr2002,avaStIn,bevFrtRoadLight
ME,h1451,0.536356959269228,scr2002,avaStIn,bevFrtRoadLight
ME,h1452,0.5373881561276749,scr2002,avaStIn,bevFrtRoadLight
ME,h1453,0.5288075990651915,scr2002,avaStIn,bevFrtRoadLight
ME,h1454,0.5095709286669997,scr2002,avaStIn,bevFrtRoadLight
ME,h1455,0.473753550931062,scr2002,avaStIn,bevFrtRoadLight
ME,h1456,0.4304466538396563,scr2002,avaStIn,bevFrtRoadLight
ME,h1457,0.3826879992214788,scr2002,avaStIn,bevFrtRoadLight
ME,h1458,0.35009603390058996,scr2002,avaStIn,bevFrtRoadLight
ME,h1459,0.3349394292024723,scr2002,avaStIn,bevFrtRoadLight
ME,h1460,0.34869160218954365,scr2002,avaStIn,bevFrtRoadLight
ME,h1461,0.36780057797615695,scr2002,avaStIn,bevFrtRoadLight
ME,h1462,0.38682791024436847,scr2002,avaStIn,bevFrtRoadLight
ME,h1463,0.3912979680884232,scr2002,avaStIn,bevFrtRoadLight
ME,h1464,0.3985938980480803,scr2002,avaStIn,bevFrtRoadLight
ME,h1465,0.38540755881640665,scr2002,avaStIn,bevFrtRoadLight
ME,h1466,0.39834418280524153,scr2002,avaStIn,bevFrtRoadLight
ME,h1467,0.42374952391826404,scr2002,avaStIn,bevFrtRoadLight
ME,h1468,0.4709102315761218,scr2002,avaStIn,bevFrtRoadLight
ME,h1469,0.5000591446961408,scr2002,avaStIn,bevFrtRoadLight
ME,h1470,0.495233345157142,scr2002,avaStIn,bevFrtRoadLight
ME,h1471,0.5008043596015219,scr2002,avaStIn,bevFrtRoadLight
ME,h1472,0.5021789974738545,scr2002,avaStIn,bevFrtRoadLight
ME,h1473,0.5231874460949842,scr2002,avaStIn,bevFrtRoadLight
ME,h1474,0.5308529822226913,scr2002,avaStIn,bevFrtRoadLight
ME,h1475,0.536356959269228,scr2002,avaStIn,bevFrtRoadLight
ME,h1476,0.5373881561276749,scr2002,avaStIn,bevFrtRoadLight
ME,h1477,0.5288075990651915,scr2002,avaStIn,bevFrtRoadLight
ME,h1478,0.5095709286669997,scr2002,avaStIn,bevFrtRoadLight
ME,h1479,0.473753550931062,scr2002,avaStIn,bevFrtRoadLight
ME,h1480,0.4304466538396563,scr2002,avaStIn,bevFrtRoadLight
ME,h1481,0.3826879992214788,scr2002,avaStIn,bevFrtRoadLight
ME,h1482,0.35009603390058996,scr2002,avaStIn,bevFrtRoadLight
ME,h1483,0.3349394292024723,scr2002,avaStIn,bevFrtRoadLight
ME,h1484,0.34869160218954365,scr2002,avaStIn,bevFrtRoadLight
ME,h1485,0.36780057797615695,scr2002,avaStIn,bevFrtRoadLight
ME,h1486,0.38682791024436847,scr2002,avaStIn,bevFrtRoadLight
ME,h1487,0.3912979680884232,scr2002,avaStIn,bevFrtRoadLight
ME,h1488,0.3985938980480803,scr2002,avaStIn,bevFrtRoadLight
ME,h1489,0.4174388969205469,scr2002,avaStIn,bevFrtRoadLight
ME,h1490,0.4439543832070485,scr2002,avaStIn,bevFrtRoadLight
ME,h1491,0.464238846132911,scr2002,avaStIn,bevFrtRoadLight
ME,h1492,0.4692993118565085,scr2002,avaStIn,bevFrtRoadLight
ME,h1493,0.4647572130501477,scr2002,avaStIn,bevFrtRoadLight
ME,h1494,0.4606421333392813,scr2002,avaStIn,bevFrtRoadLight
ME,h1495,0.4606294501381404,scr2002,avaStIn,bevFrtRoadLight
ME,h1496,0.4771202000278558,scr2002,avaStIn,bevFrtRoadLight
ME,h1497,0.4942956004519071,scr2002,avaStIn,bevFrtRoadLight
ME,h1498,0.5099123823053463,scr2002,avaStIn,bevFrtRoadLight
ME,h1499,0.5161038254350148,scr2002,avaStIn,bevFrtRoadLight
ME,h1500,0.5219276355822776,scr2002,avaStIn,bevFrtRoadLight
ME,h1501,0.5234247828552905,scr2002,avaStIn,bevFrtRoadLight
ME,h1502,0.515666896351518,scr2002,avaStIn,bevFrtRoadLight
ME,h1503,0.4904757420921084,scr2002,avaStIn,bevFrtRoadLight
ME,h1504,0.4511048686615209,scr2002,avaStIn,bevFrtRoadLight
ME,h1505,0.401719554609377,scr2002,avaStIn,bevFrtRoadLight
ME,h1506,0.362910361244157,scr2002,avaStIn,bevFrtRoadLight
ME,h1507,0.3472619056461236,scr2002,avaStIn,bevFrtRoadLight
ME,h1508,0.35727079588328314,scr2002,avaStIn,bevFrtRoadLight
ME,h1509,0.378468834507535,scr2002,avaStIn,bevFrtRoadLight
ME,h1510,0.39319028121074384,scr2002,avaStIn,bevFrtRoadLight
ME,h1511,0.3959422870730802,scr2002,avaStIn,bevFrtRoadLight
ME,h1512,0.3854887711962275,scr2002,avaStIn,bevFrtRoadLight
ME,h1513,0.42769853598926943,scr2002,avaStIn,bevFrtRoadLight
ME,h1514,0.46444116177482064,scr2002,avaStIn,bevFrtRoadLight
ME,h1515,0.5002557267591349,scr2002,avaStIn,bevFrtRoadLight
ME,h1516,0.4779833592811431,scr2002,avaStIn,bevFrtRoadLight
ME,h1517,0.45518876455881485,scr2002,avaStIn,bevFrtRoadLight
ME,h1518,0.43596244051473665,scr2002,avaStIn,bevFrtRoadLight
ME,h1519,0.4287672948543091,scr2002,avaStIn,bevFrtRoadLight
ME,h1520,0.4310449118345231,scr2002,avaStIn,bevFrtRoadLight
ME,h1521,0.43651906754470926,scr2002,avaStIn,bevFrtRoadLight
ME,h1522,0.42784196327677315,scr2002,avaStIn,bevFrtRoadLight
ME,h1523,0.40165285769436365,scr2002,avaStIn,bevFrtRoadLight
ME,h1524,0.3554492048303812,scr2002,avaStIn,bevFrtRoadLight
ME,h1525,0.30743387757687923,scr2002,avaStIn,bevFrtRoadLight
ME,h1526,0.278936309503648,scr2002,avaStIn,bevFrtRoadLight
ME,h1527,0.28525649117608465,scr2002,avaStIn,bevFrtRoadLight
ME,h1528,0.33100477113297455,scr2002,avaStIn,bevFrtRoadLight
ME,h1529,0.3951643597987161,scr2002,avaStIn,bevFrtRoadLight
ME,h1530,0.46644985491696445,scr2002,avaStIn,bevFrtRoadLight
ME,h1531,0.5302489042156142,scr2002,avaStIn,bevFrtRoadLight
ME,h1532,0.5770673902258092,scr2002,avaStIn,bevFrtRoadLight
ME,h1533,0.5986769755958498,scr2002,avaStIn,bevFrtRoadLight
ME,h1534,0.6016883948095747,scr2002,avaStIn,bevFrtRoadLight
ME,h1535,0.5924055260109063,scr2002,avaStIn,bevFrtRoadLight
ME,h1536,0.5774847836798132,scr2002,avaStIn,bevFrtRoadLight
ME,h1537,0.5517773619954187,scr2002,avaStIn,bevFrtRoadLight
ME,h1538,0.5248358437172166,scr2002,avaStIn,bevFrtRoadLight
ME,h1539,0.5002557267591349,scr2002,avaStIn,bevFrtRoadLight
ME,h1540,0.4779833592811431,scr2002,avaStIn,bevFrtRoadLight
ME,h1541,0.45518876455881485,scr2002,avaStIn,bevFrtRoadLight
ME,h1542,0.43596244051473665,scr2002,avaStIn,bevFrtRoadLight
ME,h1543,0.4287672948543091,scr2002,avaStIn,bevFrtRoadLight
ME,h1544,0.4310449118345231,scr2002,avaStIn,bevFrtRoadLight
ME,h1545,0.43651906754470926,scr2002,avaStIn,bevFrtRoadLight
ME,h1546,0.42784196327677315,scr2002,avaStIn,bevFrtRoadLight
ME,h1547,0.40165285769436365,scr2002,avaStIn,bevFrtRoadLight
ME,h1548,0.3554492048303812,scr2002,avaStIn,bevFrtRoadLight
ME,h1549,0.30743387757687923,scr2002,avaStIn,bevFrtRoadLight
ME,h1550,0.278936309503648,scr2002,avaStIn,bevFrtRoadLight
ME,h1551,0.28525649117608465,scr2002,avaStIn,bevFrtRoadLight
ME,h1552,0.33100477113297455,scr2002,avaStIn,bevFrtRoadLight
ME,h1553,0.3951643597987161,scr2002,avaStIn,bevFrtRoadLight
ME,h1554,0.46644985491696445,scr2002,avaStIn,bevFrtRoadLight
ME,h1555,0.5302489042156142,scr2002,avaStIn,bevFrtRoadLight
ME,h1556,0.5770673902258092,scr2002,avaStIn,bevFrtRoadLight
ME,h1557,0.5986769755958498,scr2002,avaStIn,bevFrtRoadLight
ME,h1558,0.6016883948095747,scr2002,avaStIn,bevFrtRoadLight
ME,h1559,0.5924055260109063,scr2002,avaStIn,bevFrtRoadLight
ME,h1560,0.5774847836798132,scr2002,avaStIn,bevFrtRoadLight
ME,h1561,0.5517773619954187,scr2002,avaStIn,bevFrtRoadLight
ME,h1562,0.5248358437172166,scr2002,avaStIn,bevFrtRoadLight
ME,h1563,0.5002557267591349,scr2002,avaStIn,bevFrtRoadLight
ME,h1564,0.4779833592811431,scr2002,avaStIn,bevFrtRoadLight
ME,h1565,0.45518876455881485,scr2002,avaStIn,bevFrtRoadLight
ME,h1566,0.43596244051473665,scr2002,avaStIn,bevFrtRoadLight
ME,h1567,0.4287672948543091,scr2002,avaStIn,bevFrtRoadLight
ME,h1568,0.4310449118345231,scr2002,avaStIn,bevFrtRoadLight
ME,h1569,0.43651906754470926,scr2002,avaStIn,bevFrtRoadLight
ME,h1570,0.42784196327677315,scr2002,avaStIn,bevFrtRoadLight
ME,h1571,0.40165285769436365,scr2002,avaStIn,bevFrtRoadLight
ME,h1572,0.3554492048303812,scr2002,avaStIn,bevFrtRoadLight
ME,h1573,0.30743387757687923,scr2002,avaStIn,bevFrtRoadLight
ME,h1574,0.278936309503648,scr2002,avaStIn,bevFrtRoadLight
ME,h1575,0.28525649117608465,scr2002,avaStIn,bevFrtRoadLight
ME,h1576,0.33100477113297455,scr2002,avaStIn,bevFrtRoadLight
ME,h1577,0.3951643597987161,scr2002,avaStIn,bevFrtRoadLight
ME,h1578,0.46644985491696445,scr2002,avaStIn,bevFrtRoadLight
ME,h1579,0.5302489042156142,scr2002,avaStIn,bevFrtRoadLight
ME,h1580,0.5770673902258092,scr2002,avaStIn,bevFrtRoadLight
ME,h1581,0.5986769755958498,scr2002,avaStIn,bevFrtRoadLight
ME,h1582,0.6016883948095747,scr2002,avaStIn,bevFrtRoadLight
ME,h1583,0.5924055260109063,scr2002,avaStIn,bevFrtRoadLight
ME,h1584,0.5774847836798132,scr2002,avaStIn,bevFrtRoadLight
ME,h1585,0.5517773619954187,scr2002,avaStIn,bevFrtRoadLight
ME,h1586,0.5248358437172166,scr2002,avaStIn,bevFrtRoadLight
ME,h1587,0.5002557267591349,scr2002,avaStIn,bevFrtRoadLight
ME,h1588,0.4779833592811431,scr2002,avaStIn,bevFrtRoadLight
ME,h1589,0.45518876455881485,scr2002,avaStIn,bevFrtRoadLight
ME,h1590,0.43596244051473665,scr2002,avaStIn,bevFrtRoadLight
ME,h1591,0.4287672948543091,scr2002,avaStIn,bevFrtRoadLight
ME,h1592,0.4310449118345231,scr2002,avaStIn,bevFrtRoadLight
ME,h1593,0.43651906754470926,scr2002,avaStIn,bevFrtRoadLight
ME,h1594,0.42784196327677315,scr2002,avaStIn,bevFrtRoadLight
ME,h1595,0.40165285769436365,scr2002,avaStIn,bevFrtRoadLight
ME,h1596,0.3554492048303812,scr2002,avaStIn,bevFrtRoadLight
ME,h1597,0.30743387757687923,scr2002,avaStIn,bevFrtRoadLight
ME,h1598,0.278936309503648,scr2002,avaStIn,bevFrtRoadLight
ME,h1599,0.28525649117608465,scr2002,avaStIn,bevFrtRoadLight
ME,h1600,0.33100477113297455,scr2002,avaStIn,bevFrtRoadLight
ME,h1601,0.3951643597987161,scr2002,avaStIn,bevFrtRoadLight
ME,h1602,0.46644985491696445,scr2002,avaStIn,bevFrtRoadLight
ME,h1603,0.5302489042156142,scr2002,avaStIn,bevFrtRoadLight
ME,h1604,0.5770673902258092,scr2002,avaStIn,bevFrtRoadLight
ME,h1605,0.5986769755958498,scr2002,avaStIn,bevFrtRoadLight
ME,h1606,0.6016883948095747,scr2002,avaStIn,bevFrtRoadLight
ME,h1607,0.5924055260109063,scr2002,avaStIn,bevFrtRoadLight
ME,h1608,0.5774847836798132,scr2002,avaStIn,bevFrtRoadLight
ME,h1609,0.5399833096273894,scr2002,avaStIn,bevFrtRoadLight
ME,h1610,0.5020113380135911,scr2002,avaStIn,bevFrtRoadLight
ME,h1611,0.4635722307063156,scr2002,avaStIn,bevFrtRoadLight
ME,h1612,0.4380348659574729,scr2002,avaStIn,bevFrtRoadLight
ME,h1613,0.40762124803256283,scr2002,avaStIn,bevFrtRoadLight
ME,h1614,0.37888830724468336,scr2002,avaStIn,bevFrtRoadLight
ME,h1615,0.36958381422293585,scr2002,avaStIn,bevFrtRoadLight
ME,h1616,0.37840208488783933,scr2002,avaStIn,bevFrtRoadLight
ME,h1617,0.40312593459237533,scr2002,avaStIn,bevFrtRoadLight
ME,h1618,0.41362439373824145,scr2002,avaStIn,bevFrtRoadLight
ME,h1619,0.4028461315685412,scr2002,avaStIn,bevFrtRoadLight
ME,h1620,0.3603437041144123,scr2002,avaStIn,bevFrtRoadLight
ME,h1621,0.300735364069155,scr2002,avaStIn,bevFrtRoadLight
ME,h1622,0.24177370465061954,scr2002,avaStIn,bevFrtRoadLight
ME,h1623,0.21970614560615676,scr2002,avaStIn,bevFrtRoadLight
ME,h1624,0.25508395733229006,scr2002,avaStIn,bevFrtRoadLight
ME,h1625,0.34767139096765254,scr2002,avaStIn,bevFrtRoadLight
ME,h1626,0.45228041046836875,scr2002,avaStIn,bevFrtRoadLight
ME,h1627,0.5341134302691986,scr2002,avaStIn,bevFrtRoadLight
ME,h1628,0.5851656457268322,scr2002,avaStIn,bevFrtRoadLight
ME,h1629,0.6079565962864942,scr2002,avaStIn,bevFrtRoadLight
ME,h1630,0.6088378322847627,scr2002,avaStIn,bevFrtRoadLight
ME,h1631,0.5862547005889717,scr2002,avaStIn,bevFrtRoadLight
ME,h1632,0.5503272305028044,scr2002,avaStIn,bevFrtRoadLight
ME,h1633,0.5157882800473498,scr2002,avaStIn,bevFrtRoadLight
ME,h1634,0.4876212160339364,scr2002,avaStIn,bevFrtRoadLight
ME,h1635,0.4635722307063156,scr2002,avaStIn,bevFrtRoadLight
ME,h1636,0.4380348659574729,scr2002,avaStIn,bevFrtRoadLight
ME,h1637,0.40762124803256283,scr2002,avaStIn,bevFrtRoadLight
ME,h1638,0.37888830724468336,scr2002,avaStIn,bevFrtRoadLight
ME,h1639,0.36958381422293585,scr2002,avaStIn,bevFrtRoadLight
ME,h1640,0.37840208488783933,scr2002,avaStIn,bevFrtRoadLight
ME,h1641,0.40312593459237533,scr2002,avaStIn,bevFrtRoadLight
ME,h1642,0.41362439373824145,scr2002,avaStIn,bevFrtRoadLight
ME,h1643,0.4028461315685412,scr2002,avaStIn,bevFrtRoadLight
ME,h1644,0.3603437041144123,scr2002,avaStIn,bevFrtRoadLight
ME,h1645,0.300735364069155,scr2002,avaStIn,bevFrtRoadLight
ME,h1646,0.24177370465061954,scr2002,avaStIn,bevFrtRoadLight
ME,h1647,0.21970614560615676,scr2002,avaStIn,bevFrtRoadLight
ME,h1648,0.25508395733229006,scr2002,avaStIn,bevFrtRoadLight
ME,h1649,0.34767139096765254,scr2002,avaStIn,bevFrtRoadLight
ME,h1650,0.45228041046836875,scr2002,avaStIn,bevFrtRoadLight
ME,h1651,0.5341134302691986,scr2002,avaStIn,bevFrtRoadLight
ME,h1652,0.5851656457268322,scr2002,avaStIn,bevFrtRoadLight
ME,h1653,0.6079565962864942,scr2002,avaStIn,bevFrtRoadLight
ME,h1654,0.6088378322847627,scr2002,avaStIn,bevFrtRoadLight
ME,h1655,0.5862547005889717,scr2002,avaStIn,bevFrtRoadLight
ME,h1656,0.5503272305028044,scr2002,avaStIn,bevFrtRoadLight
ME,h1657,0.5277989482493217,scr2002,avaStIn,bevFrtRoadLight
ME,h1658,0.5107010378978177,scr2002,avaStIn,bevFrtRoadLight
ME,h1659,0.5002557267591349,scr2002,avaStIn,bevFrtRoadLight
ME,h1660,0.4779833592811431,scr2002,avaStIn,bevFrtRoadLight
ME,h1661,0.45518876455881485,scr2002,avaStIn,bevFrtRoadLight
ME,h1662,0.43596244051473665,scr2002,avaStIn,bevFrtRoadLight
ME,h1663,0.4287672948543091,scr2002,avaStIn,bevFrtRoadLight
ME,h1664,0.4310449118345231,scr2002,avaStIn,bevFrtRoadLight
ME,h1665,0.43651906754470926,scr2002,avaStIn,bevFrtRoadLight
ME,h1666,0.42784196327677315,scr2002,avaStIn,bevFrtRoadLight
ME,h1667,0.40165285769436365,scr2002,avaStIn,bevFrtRoadLight
ME,h1668,0.3554492048303812,scr2002,avaStIn,bevFrtRoadLight
ME,h1669,0.30743387757687923,scr2002,avaStIn,bevFrtRoadLight
ME,h1670,0.278936309503648,scr2002,avaStIn,bevFrtRoadLight
ME,h1671,0.28525649117608465,scr2002,avaStIn,bevFrtRoadLight
ME,h1672,0.33100477113297455,scr2002,avaStIn,bevFrtRoadLight
ME,h1673,0.3951643597987161,scr2002,avaStIn,bevFrtRoadLight
ME,h1674,0.46644985491696445,scr2002,avaStIn,bevFrtRoadLight
ME,h1675,0.5302489042156142,scr2002,avaStIn,bevFrtRoadLight
ME,h1676,0.5770673902258092,scr2002,avaStIn,bevFrtRoadLight
ME,h1677,0.5986769755958498,scr2002,avaStIn,bevFrtRoadLight
ME,h1678,0.6016883948095747,scr2002,avaStIn,bevFrtRoadLight
ME,h1679,0.5924055260109063,scr2002,avaStIn,bevFrtRoadLight
ME,h1680,0.5774847836798132,scr2002,avaStIn,bevFrtRoadLight
ME,h1681,0.5517773619954187,scr2002,avaStIn,bevFrtRoadLight
ME,h1682,0.5248358437172166,scr2002,avaStIn,bevFrtRoadLight
ME,h1683,0.5002557267591349,scr2002,avaStIn,bevFrtRoadLight
ME,h1684,0.4779833592811431,scr2002,avaStIn,bevFrtRoadLight
ME,h1685,0.45518876455881485,scr2002,avaStIn,bevFrtRoadLight
ME,h1686,0.43596244051473665,scr2002,avaStIn,bevFrtRoadLight
ME,h1687,0.4287672948543091,scr2002,avaStIn,bevFrtRoadLight
ME,h1688,0.4310449118345231,scr2002,avaStIn,bevFrtRoadLight
ME,h1689,0.43651906754470926,scr2002,avaStIn,bevFrtRoadLight
ME,h1690,0.42784196327677315,scr2002,avaStIn,bevFrtRoadLight
ME,h1691,0.40165285769436365,scr2002,avaStIn,bevFrtRoadLight
ME,h1692,0.3554492048303812,scr2002,avaStIn,bevFrtRoadLight
ME,h1693,0.30743387757687923,scr2002,avaStIn,bevFrtRoadLight
ME,h1694,0.278936309503648,scr2002,avaStIn,bevFrtRoadLight
ME,h1695,0.28525649117608465,scr2002,avaStIn,bevFrtRoadLight
ME,h1696,0.33100477113297455,scr2002,avaStIn,bevFrtRoadLight
ME,h1697,0.3951643597987161,scr2002,avaStIn,bevFrtRoadLight
ME,h1698,0.46644985491696445,scr2002,avaStIn,bevFrtRoadLight
ME,h1699,0.5302489042156142,scr2002,avaStIn,bevFrtRoadLight
ME,h1700,0.5770673902258092,scr2002,avaStIn,bevFrtRoadLight
ME,h1701,0.5986769755958498,scr2002,avaStIn,bevFrtRoadLight
ME,h1702,0.6016883948095747,scr2002,avaStIn,bevFrtRoadLight
ME,h1703,0.5924055260109063,scr2002,avaStIn,bevFrtRoadLight
ME,h1704,0.5774847836798132,scr2002,avaStIn,bevFrtRoadLight
ME,h1705,0.509038057831711,scr2002,avaStIn,bevFrtRoadLight
ME,h1706,0.45316073221470254,scr2002,avaStIn,bevFrtRoadLight
ME,h1707,0.4106293035759673,scr2002,avaStIn,bevFrtRoadLight
ME,h1708,0.4302562346105031,scr2002,avaStIn,bevFrtRoadLight
ME,h1709,0.4411964644145132,scr2002,avaStIn,bevFrtRoadLight
ME,h1710,0.45751109901302867,scr2002,avaStIn,bevFrtRoadLight
ME,h1711,0.48871757217710954,scr2002,avaStIn,bevFrtRoadLight
ME,h1712,0.5314509691002262,scr2002,avaStIn,bevFrtRoadLight
ME,h1713,0.5711878747561929,scr2002,avaStIn,bevFrtRoadLight
ME,h1714,0.5980939691710526,scr2002,avaStIn,bevFrtRoadLight
ME,h1715,0.608394034195855,scr2002,avaStIn,bevFrtRoadLight
ME,h1716,0.6010568773540479,scr2002,avaStIn,bevFrtRoadLight
ME,h1717,0.5764247164288175,scr2002,avaStIn,bevFrtRoadLight
ME,h1718,0.5401459054358786,scr2002,avaStIn,bevFrtRoadLight
ME,h1719,0.4982672792884357,scr2002,avaStIn,bevFrtRoadLight
ME,h1720,0.4574139907405833,scr2002,avaStIn,bevFrtRoadLight
ME,h1721,0.42470386872332366,scr2002,avaStIn,bevFrtRoadLight
ME,h1722,0.4070105681582177,scr2002,avaStIn,bevFrtRoadLight
ME,h1723,0.3993554704479094,scr2002,avaStIn,bevFrtRoadLight
ME,h1724,0.3942528360151184,scr2002,avaStIn,bevFrtRoadLight
ME,h1725,0.3809841238928826,scr2002,avaStIn,bevFrtRoadLight
ME,h1726,0.3497784944040866,scr2002,avaStIn,bevFrtRoadLight
ME,h1727,0.3123069662403203,scr2002,avaStIn,bevFrtRoadLight
ME,h1728,0.2821792829284123,scr2002,avaStIn,bevFrtRoadLight
ME,h1729,0.3106843918239848,scr2002,avaStIn,bevFrtRoadLight
ME,h1730,0.35866299968064763,scr2002,avaStIn,bevFrtRoadLight
ME,h1731,0.4106293035759673,scr2002,avaStIn,bevFrtRoadLight
ME,h1732,0.4302562346105031,scr2002,avaStIn,bevFrtRoadLight
ME,h1733,0.4411964644145132,scr2002,avaStIn,bevFrtRoadLight
ME,h1734,0.45751109901302867,scr2002,avaStIn,bevFrtRoadLight
ME,h1735,0.48871757217710954,scr2002,avaStIn,bevFrtRoadLight
ME,h1736,0.5314509691002262,scr2002,avaStIn,bevFrtRoadLight
ME,h1737,0.5711878747561929,scr2002,avaStIn,bevFrtRoadLight
ME,h1738,0.5980939691710526,scr2002,avaStIn,bevFrtRoadLight
ME,h1739,0.608394034195855,scr2002,avaStIn,bevFrtRoadLight
ME,h1740,0.6010568773540479,scr2002,avaStIn,bevFrtRoadLight
ME,h1741,0.5764247164288175,scr2002,avaStIn,bevFrtRoadLight
ME,h1742,0.5401459054358786,scr2002,avaStIn,bevFrtRoadLight
ME,h1743,0.4982672792884357,scr2002,avaStIn,bevFrtRoadLight
ME,h1744,0.4574139907405833,scr2002,avaStIn,bevFrtRoadLight
ME,h1745,0.42470386872332366,scr2002,avaStIn,bevFrtRoadLight
ME,h1746,0.4070105681582177,scr2002,avaStIn,bevFrtRoadLight
ME,h1747,0.3993554704479094,scr2002,avaStIn,bevFrtRoadLight
ME,h1748,0.3942528360151184,scr2002,avaStIn,bevFrtRoadLight
ME,h1749,0.3809841238928826,scr2002,avaStIn,bevFrtRoadLight
ME,h1750,0.3497784944040866,scr2002,avaStIn,bevFrtRoadLight
ME,h1751,0.3123069662403203,scr2002,avaStIn,bevFrtRoadLight
ME,h1752,0.2821792829284123,scr2002,avaStIn,bevFrtRoadLight
ME,h1753,0.3106843918239848,scr2002,avaStIn,bevFrtRoadLight
ME,h1754,0.35866299968064763,scr2002,avaStIn,bevFrtRoadLight
ME,h1755,0.4106293035759673,scr2002,avaStIn,bevFrtRoadLight
ME,h1756,0.4302562346105031,scr2002,avaStIn,bevFrtRoadLight
ME,h1757,0.4411964644145132,scr2002,avaStIn,bevFrtRoadLight
ME,h1758,0.45751109901302867,scr2002,avaStIn,bevFrtRoadLight
ME,h1759,0.48871757217710954,scr2002,avaStIn,bevFrtRoadLight
ME,h1760,0.5314509691002262,scr2002,avaStIn,bevFrtRoadLight
ME,h1761,0.5711878747561929,scr2002,avaStIn,bevFrtRoadLight
ME,h1762,0.5980939691710526,scr2002,avaStIn,bevFrtRoadLight
ME,h1763,0.608394034195855,scr2002,avaStIn,bevFrtRoadLight
ME,h1764,0.6010568773540479,scr2002,avaStIn,bevFrtRoadLight
ME,h1765,0.5764247164288175,scr2002,avaStIn,bevFrtRoadLight
ME,h1766,0.5401459054358786,scr2002,avaStIn,bevFrtRoadLight
ME,h1767,0.4982672792884357,scr2002,avaStIn,bevFrtRoadLight
ME,h1768,0.4574139907405833,scr2002,avaStIn,bevFrtRoadLight
ME,h1769,0.42470386872332366,scr2002,avaStIn,bevFrtRoadLight
ME,h1770,0.4070105681582177,scr2002,avaStIn,bevFrtRoadLight
ME,h1771,0.3993554704479094,scr2002,avaStIn,bevFrtRoadLight
ME,h1772,0.3942528360151184,scr2002,avaStIn,bevFrtRoadLight
ME,h1773,0.3809841238928826,scr2002,avaStIn,bevFrtRoadLight
ME,h1774,0.3497784944040866,scr2002,avaStIn,bevFrtRoadLight
ME,h1775,0.3123069662403203,scr2002,avaStIn,bevFrtRoadLight
ME,h1776,0.2821792829284123,scr2002,avaStIn,bevFrtRoadLight
ME,h1777,0.230095162221032,scr2002,avaStIn,bevFrtRoadLight
ME,h1778,0.2300917975935889,scr2002,avaStIn,bevFrtRoadLight
ME,h1779,0.27148343409663167,scr2002,avaStIn,bevFrtRoadLight
ME,h1780,0.3790725700696759,scr2002,avaStIn,bevFrtRoadLight
ME,h1781,0.4623404992613247,scr2002,avaStIn,bevFrtRoadLight
ME,h1782,0.5259162274800008,scr2002,avaStIn,bevFrtRoadLight
ME,h1783,0.5772992909654577,scr2002,avaStIn,bevFrtRoadLight
ME,h1784,0.6171735770568829,scr2002,avaStIn,bevFrtRoadLight
ME,h1785,0.6409152522621753,scr2002,avaStIn,bevFrtRoadLight
ME,h1786,0.6489166669999998,scr2002,avaStIn,bevFrtRoadLight
ME,h1787,0.6400350534574337,scr2002,avaStIn,bevFrtRoadLight
ME,h1788,0.61588415769173,scr2002,avaStIn,bevFrtRoadLight
ME,h1789,0.5753501172674538,scr2002,avaStIn,bevFrtRoadLight
ME,h1790,0.5273486726990765,scr2002,avaStIn,bevFrtRoadLight
ME,h1791,0.47682400205808595,scr2002,avaStIn,bevFrtRoadLight
ME,h1792,0.4288063768750643,scr2002,avaStIn,bevFrtRoadLight
ME,h1793,0.39374570481652504,scr2002,avaStIn,bevFrtRoadLight
ME,h1794,0.3749031506247579,scr2002,avaStIn,bevFrtRoadLight
ME,h1795,0.37209330121313167,scr2002,avaStIn,bevFrtRoadLight
ME,h1796,0.36873105182903665,scr2002,avaStIn,bevFrtRoadLight
ME,h1797,0.3543630997986469,scr2002,avaStIn,bevFrtRoadLight
ME,h1798,0.3154781828948128,scr2002,avaStIn,bevFrtRoadLight
ME,h1799,0.27112993299959987,scr2002,avaStIn,bevFrtRoadLight
ME,h1800,0.2381911639591776,scr2002,avaStIn,bevFrtRoadLight
ME,h1801,0.20075744833264675,scr2002,avaStIn,bevFrtRoadLight
ME,h1802,0.21575624655576675,scr2002,avaStIn,bevFrtRoadLight
ME,h1803,0.27148343409663167,scr2002,avaStIn,bevFrtRoadLight
ME,h1804,0.3790725700696759,scr2002,avaStIn,bevFrtRoadLight
ME,h1805,0.4623404992613247,scr2002,avaStIn,bevFrtRoadLight
ME,h1806,0.5259162274800008,scr2002,avaStIn,bevFrtRoadLight
ME,h1807,0.5772992909654577,scr2002,avaStIn,bevFrtRoadLight
ME,h1808,0.6171735770568829,scr2002,avaStIn,bevFrtRoadLight
ME,h1809,0.6409152522621753,scr2002,avaStIn,bevFrtRoadLight
ME,h1810,0.6489166669999998,scr2002,avaStIn,bevFrtRoadLight
ME,h1811,0.6400350534574337,scr2002,avaStIn,bevFrtRoadLight
ME,h1812,0.61588415769173,scr2002,avaStIn,bevFrtRoadLight
ME,h1813,0.5753501172674538,scr2002,avaStIn,bevFrtRoadLight
ME,h1814,0.5273486726990765,scr2002,avaStIn,bevFrtRoadLight
ME,h1815,0.47682400205808595,scr2002,avaStIn,bevFrtRoadLight
ME,h1816,0.4288063768750643,scr2002,avaStIn,bevFrtRoadLight
ME,h1817,0.39374570481652504,scr2002,avaStIn,bevFrtRoadLight
ME,h1818,0.3749031506247579,scr2002,avaStIn,bevFrtRoadLight
ME,h1819,0.37209330121313167,scr2002,avaStIn,bevFrtRoadLight
ME,h1820,0.36873105182903665,scr2002,avaStIn,bevFrtRoadLight
ME,h1821,0.3543630997986469,scr2002,avaStIn,bevFrtRoadLight
ME,h1822,0.3154781828948128,scr2002,avaStIn,bevFrtRoadLight
ME,h1823,0.27112993299959987,scr2002,avaStIn,bevFrtRoadLight
ME,h1824,0.2381911639591776,scr2002,avaStIn,bevFrtRoadLight
ME,h1825,0.28388199759953203,scr2002,avaStIn,bevFrtRoadLight
ME,h1826,0.34615260530650627,scr2002,avaStIn,bevFrtRoadLight
ME,h1827,0.4106293035759673,scr2002,avaStIn,bevFrtRoadLight
ME,h1828,0.4302562346105031,scr2002,avaStIn,bevFrtRoadLight
ME,h1829,0.4411964644145132,scr2002,avaStIn,bevFrtRoadLight
ME,h1830,0.45751109901302867,scr2002,avaStIn,bevFrtRoadLight
ME,h1831,0.48871757217710954,scr2002,avaStIn,bevFrtRoadLight
ME,h1832,0.5314509691002262,scr2002,avaStIn,bevFrtRoadLight
ME,h1833,0.5711878747561929,scr2002,avaStIn,bevFrtRoadLight
ME,h1834,0.5980939691710526,scr2002,avaStIn,bevFrtRoadLight
ME,h1835,0.608394034195855,scr2002,avaStIn,bevFrtRoadLight
ME,h1836,0.6010568773540479,scr2002,avaStIn,bevFrtRoadLight
ME,h1837,0.5764247164288175,scr2002,avaStIn,bevFrtRoadLight
ME,h1838,0.5401459054358786,scr2002,avaStIn,bevFrtRoadLight
ME,h1839,0.4982672792884357,scr2002,avaStIn,bevFrtRoadLight
ME,h1840,0.4574139907405833,scr2002,avaStIn,bevFrtRoadLight
ME,h1841,0.42470386872332366,scr2002,avaStIn,bevFrtRoadLight
ME,h1842,0.4070105681582177,scr2002,avaStIn,bevFrtRoadLight
ME,h1843,0.3993554704479094,scr2002,avaStIn,bevFrtRoadLight
ME,h1844,0.3942528360151184,scr2002,avaStIn,bevFrtRoadLight
ME,h1845,0.3809841238928826,scr2002,avaStIn,bevFrtRoadLight
ME,h1846,0.3497784944040866,scr2002,avaStIn,bevFrtRoadLight
ME,h1847,0.3123069662403203,scr2002,avaStIn,bevFrtRoadLight
ME,h1848,0.2821792829284123,scr2002,avaStIn,bevFrtRoadLight
ME,h1849,0.3106843918239848,scr2002,avaStIn,bevFrtRoadLight
ME,h1850,0.35866299968064763,scr2002,avaStIn,bevFrtRoadLight
ME,h1851,0.4106293035759673,scr2002,avaStIn,bevFrtRoadLight
ME,h1852,0.4302562346105031,scr2002,avaStIn,bevFrtRoadLight
ME,h1853,0.4411964644145132,scr2002,avaStIn,bevFrtRoadLight
ME,h1854,0.45751109901302867,scr2002,avaStIn,bevFrtRoadLight
ME,h1855,0.48871757217710954,scr2002,avaStIn,bevFrtRoadLight
ME,h1856,0.5314509691002262,scr2002,avaStIn,bevFrtRoadLight
ME,h1857,0.5711878747561929,scr2002,avaStIn,bevFrtRoadLight
ME,h1858,0.5980939691710526,scr2002,avaStIn,bevFrtRoadLight
ME,h1859,0.608394034195855,scr2002,avaStIn,bevFrtRoadLight
ME,h1860,0.6010568773540479,scr2002,avaStIn,bevFrtRoadLight
ME,h1861,0.5764247164288175,scr2002,avaStIn,bevFrtRoadLight
ME,h1862,0.5401459054358786,scr2002,avaStIn,bevFrtRoadLight
ME,h1863,0.4982672792884357,scr2002,avaStIn,bevFrtRoadLight
ME,h1864,0.4574139907405833,scr2002,avaStIn,bevFrtRoadLight
ME,h1865,0.42470386872332366,scr2002,avaStIn,bevFrtRoadLight
ME,h1866,0.4070105681582177,scr2002,avaStIn,bevFrtRoadLight
ME,h1867,0.3993554704479094,scr2002,avaStIn,bevFrtRoadLight
ME,h1868,0.3942528360151184,scr2002,avaStIn,bevFrtRoadLight
ME,h1869,0.3809841238928826,scr2002,avaStIn,bevFrtRoadLight
ME,h1870,0.3497784944040866,scr2002,avaStIn,bevFrtRoadLight
ME,h1871,0.3123069662403203,scr2002,avaStIn,bevFrtRoadLight
ME,h1872,0.2821792829284123,scr2002,avaStIn,bevFrtRoadLight
ME,h1873,0.3106843918239848,scr2002,avaStIn,bevFrtRoadLight
ME,h1874,0.35866299968064763,scr2002,avaStIn,bevFrtRoadLight
ME,h1875,0.4106293035759673,scr2002,avaStIn,bevFrtRoadLight
ME,h1876,0.4302562346105031,scr2002,avaStIn,bevFrtRoadLight
ME,h1877,0.4411964644145132,scr2002,avaStIn,bevFrtRoadLight
ME,h1878,0.45751109901302867,scr2002,avaStIn,bevFrtRoadLight
ME,h1879,0.48871757217710954,scr2002,avaStIn,bevFrtRoadLight
ME,h1880,0.5314509691002262,scr2002,avaStIn,bevFrtRoadLight
ME,h1881,0.5711878747561929,scr2002,avaStIn,bevFrtRoadLight
ME,h1882,0.5980939691710526,scr2002,avaStIn,bevFrtRoadLight
ME,h1883,0.608394034195855,scr2002,avaStIn,bevFrtRoadLight
ME,h1884,0.6010568773540479,scr2002,avaStIn,bevFrtRoadLight
ME,h1885,0.5764247164288175,scr2002,avaStIn,bevFrtRoadLight
ME,h1886,0.5401459054358786,scr2002,avaStIn,bevFrtRoadLight
ME,h1887,0.4982672792884357,scr2002,avaStIn,bevFrtRoadLight
ME,h1888,0.4574139907405833,scr2002,avaStIn,bevFrtRoadLight
ME,h1889,0.42470386872332366,scr2002,avaStIn,bevFrtRoadLight
ME,h1890,0.4070105681582177,scr2002,avaStIn,bevFrtRoadLight
ME,h1891,0.3993554704479094,scr2002,avaStIn,bevFrtRoadLight
ME,h1892,0.3942528360151184,scr2002,avaStIn,bevFrtRoadLight
ME,h1893,0.3809841238928826,scr2002,avaStIn,bevFrtRoadLight
ME,h1894,0.3497784944040866,scr2002,avaStIn,bevFrtRoadLight
ME,h1895,0.3123069662403203,scr2002,avaStIn,bevFrtRoadLight
ME,h1896,0.2821792829284123,scr2002,avaStIn,bevFrtRoadLight
ME,h1897,0.3106843918239848,scr2002,avaStIn,bevFrtRoadLight
ME,h1898,0.35866299968064763,scr2002,avaStIn,bevFrtRoadLight
ME,h1899,0.4106293035759673,scr2002,avaStIn,bevFrtRoadLight
ME,h1900,0.4302562346105031,scr2002,avaStIn,bevFrtRoadLight
ME,h1901,0.4411964644145132,scr2002,avaStIn,bevFrtRoadLight
ME,h1902,0.45751109901302867,scr2002,avaStIn,bevFrtRoadLight
ME,h1903,0.48871757217710954,scr2002,avaStIn,bevFrtRoadLight
ME,h1904,0.5314509691002262,scr2002,avaStIn,bevFrtRoadLight
ME,h1905,0.5711878747561929,scr2002,avaStIn,bevFrtRoadLight
ME,h1906,0.5980939691710526,scr2002,avaStIn,bevFrtRoadLight
ME,h1907,0.608394034195855,scr2002,avaStIn,bevFrtRoadLight
ME,h1908,0.6010568773540479,scr2002,avaStIn,bevFrtRoadLight
ME,h1909,0.5764247164288175,scr2002,avaStIn,bevFrtRoadLight
ME,h1910,0.5401459054358786,scr2002,avaStIn,bevFrtRoadLight
ME,h1911,0.4982672792884357,scr2002,avaStIn,bevFrtRoadLight
ME,h1912,0.4574139907405833,scr2002,avaStIn,bevFrtRoadLight
ME,h1913,0.42470386872332366,scr2002,avaStIn,bevFrtRoadLight
ME,h1914,0.4070105681582177,scr2002,avaStIn,bevFrtRoadLight
ME,h1915,0.3993554704479094,scr2002,avaStIn,bevFrtRoadLight
ME,h1916,0.3942528360151184,scr2002,avaStIn,bevFrtRoadLight
ME,h1917,0.3809841238928826,scr2002,avaStIn,bevFrtRoadLight
ME,h1918,0.3497784944040866,scr2002,avaStIn,bevFrtRoadLight
ME,h1919,0.3123069662403203,scr2002,avaStIn,bevFrtRoadLight
ME,h1920,0.2821792829284123,scr2002,avaStIn,bevFrtRoadLight
ME,h1921,0.3106843918239848,scr2002,avaStIn,bevFrtRoadLight
ME,h1922,0.35866299968064763,scr2002,avaStIn,bevFrtRoadLight
ME,h1923,0.4106293035759673,scr2002,avaStIn,bevFrtRoadLight
ME,h1924,0.4302562346105031,scr2002,avaStIn,bevFrtRoadLight
ME,h1925,0.4411964644145132,scr2002,avaStIn,bevFrtRoadLight
ME,h1926,0.45751109901302867,scr2002,avaStIn,bevFrtRoadLight
ME,h1927,0.48871757217710954,scr2002,avaStIn,bevFrtRoadLight
ME,h1928,0.5314509691002262,scr2002,avaStIn,bevFrtRoadLight
ME,h1929,0.5711878747561929,scr2002,avaStIn,bevFrtRoadLight
ME,h1930,0.5980939691710526,scr2002,avaStIn,bevFrtRoadLight
ME,h1931,0.608394034195855,scr2002,avaStIn,bevFrtRoadLight
ME,h1932,0.6010568773540479,scr2002,avaStIn,bevFrtRoadLight
ME,h1933,0.5764247164288175,scr2002,avaStIn,bevFrtRoadLight
ME,h1934,0.5401459054358786,scr2002,avaStIn,bevFrtRoadLight
ME,h1935,0.4982672792884357,scr2002,avaStIn,bevFrtRoadLight
ME,h1936,0.4574139907405833,scr2002,avaStIn,bevFrtRoadLight
ME,h1937,0.42470386872332366,scr2002,avaStIn,bevFrtRoadLight
ME,h1938,0.4070105681582177,scr2002,avaStIn,bevFrtRoadLight
ME,h1939,0.3993554704479094,scr2002,avaStIn,bevFrtRoadLight
ME,h1940,0.3942528360151184,scr2002,avaStIn,bevFrtRoadLight
ME,h1941,0.3809841238928826,scr2002,avaStIn,bevFrtRoadLight
ME,h1942,0.3497784944040866,scr2002,avaStIn,bevFrtRoadLight
ME,h1943,0.3123069662403203,scr2002,avaStIn,bevFrtRoadLight
ME,h1944,0.2821792829284123,scr2002,avaStIn,bevFrtRoadLight
ME,h1945,0.230095162221032,scr2002,avaStIn,bevFrtRoadLight
ME,h1946,0.2300917975935889,scr2002,avaStIn,bevFrtRoadLight
ME,h1947,0.27148343409663167,scr2002,avaStIn,bevFrtRoadLight
ME,h1948,0.3790725700696759,scr2002,avaStIn,bevFrtRoadLight
ME,h1949,0.4623404992613247,scr2002,avaStIn,bevFrtRoadLight
ME,h1950,0.5259162274800008,scr2002,avaStIn,bevFrtRoadLight
ME,h1951,0.5772992909654577,scr2002,avaStIn,bevFrtRoadLight
ME,h1952,0.6171735770568829,scr2002,avaStIn,bevFrtRoadLight
ME,h1953,0.6409152522621753,scr2002,avaStIn,bevFrtRoadLight
ME,h1954,0.6489166669999998,scr2002,avaStIn,bevFrtRoadLight
ME,h1955,0.6400350534574337,scr2002,avaStIn,bevFrtRoadLight
ME,h1956,0.61588415769173,scr2002,avaStIn,bevFrtRoadLight
ME,h1957,0.5753501172674538,scr2002,avaStIn,bevFrtRoadLight
ME,h1958,0.5273486726990765,scr2002,avaStIn,bevFrtRoadLight
ME,h1959,0.47682400205808595,scr2002,avaStIn,bevFrtRoadLight
ME,h1960,0.4288063768750643,scr2002,avaStIn,bevFrtRoadLight
ME,h1961,0.39374570481652504,scr2002,avaStIn,bevFrtRoadLight
ME,h1962,0.3749031506247579,scr2002,avaStIn,bevFrtRoadLight
ME,h1963,0.37209330121313167,scr2002,avaStIn,bevFrtRoadLight
ME,h1964,0.36873105182903665,scr2002,avaStIn,bevFrtRoadLight
ME,h1965,0.3543630997986469,scr2002,avaStIn,bevFrtRoadLight
ME,h1966,0.3154781828948128,scr2002,avaStIn,bevFrtRoadLight
ME,h1967,0.27112993299959987,scr2002,avaStIn,bevFrtRoadLight
ME,h1968,0.2381911639591776,scr2002,avaStIn,bevFrtRoadLight
ME,h1969,0.20075744833264675,scr2002,avaStIn,bevFrtRoadLight
ME,h1970,0.21575624655576675,scr2002,avaStIn,bevFrtRoadLight
ME,h1971,0.27148343409663167,scr2002,avaStIn,bevFrtRoadLight
ME,h1972,0.3790725700696759,scr2002,avaStIn,bevFrtRoadLight
ME,h1973,0.4623404992613247,scr2002,avaStIn,bevFrtRoadLight
ME,h1974,0.5259162274800008,scr2002,avaStIn,bevFrtRoadLight
ME,h1975,0.5772992909654577,scr2002,avaStIn,bevFrtRoadLight
ME,h1976,0.6171735770568829,scr2002,avaStIn,bevFrtRoadLight
ME,h1977,0.6409152522621753,scr2002,avaStIn,bevFrtRoadLight
ME,h1978,0.6489166669999998,scr2002,avaStIn,bevFrtRoadLight
ME,h1979,0.6400350534574337,scr2002,avaStIn,bevFrtRoadLight
ME,h1980,0.61588415769173,scr2002,avaStIn,bevFrtRoadLight
ME,h1981,0.5753501172674538,scr2002,avaStIn,bevFrtRoadLight
ME,h1982,0.5273486726990765,scr2002,avaStIn,bevFrtRoadLight
ME,h1983,0.47682400205808595,scr2002,avaStIn,bevFrtRoadLight
ME,h1984,0.4288063768750643,scr2002,avaStIn,bevFrtRoadLight
ME,h1985,0.39374570481652504,scr2002,avaStIn,bevFrtRoadLight
ME,h1986,0.3749031506247579,scr2002,avaStIn,bevFrtRoadLight
ME,h1987,0.37209330121313167,scr2002,avaStIn,bevFrtRoadLight
ME,h1988,0.36873105182903665,scr2002,avaStIn,bevFrtRoadLight
ME,h1989,0.3543630997986469,scr2002,avaStIn,bevFrtRoadLight
ME,h1990,0.3154781828948128,scr2002,avaStIn,bevFrtRoadLight
ME,h1991,0.27112993299959987,scr2002,avaStIn,bevFrtRoadLight
ME,h1992,0.2381911639591776,scr2002,avaStIn,bevFrtRoadLight
ME,h1993,0.28388199759953203,scr2002,avaStIn,bevFrtRoadLight
ME,h1994,0.34615260530650627,scr2002,avaStIn,bevFrtRoadLight
ME,h1995,0.4106293035759673,scr2002,avaStIn,bevFrtRoadLight
ME,h1996,0.4302562346105031,scr2002,avaStIn,bevFrtRoadLight
ME,h1997,0.4411964644145132,scr2002,avaStIn,bevFrtRoadLight
ME,h1998,0.45751109901302867,scr2002,avaStIn,bevFrtRoadLight
ME,h1999,0.48871757217710954,scr2002,avaStIn,bevFrtRoadLight
ME,h2000,0.5314509691002262,scr2002,avaStIn,bevFrtRoadLight
ME,h2001,0.5711878747561929,scr2002,avaStIn,bevFrtRoadLight
ME,h2002,0.5980939691710526,scr2002,avaStIn,bevFrtRoadLight
ME,h2003,0.608394034195855,scr2002,avaStIn,bevFrtRoadLight
ME,h2004,0.6010568773540479,scr2002,avaStIn,bevFrtRoadLight
ME,h2005,0.5764247164288175,scr2002,avaStIn,bevFrtRoadLight
ME,h2006,0.5401459054358786,scr2002,avaStIn,bevFrtRoadLight
ME,h2007,0.4982672792884357,scr2002,avaStIn,bevFrtRoadLight
ME,h2008,0.4574139907405833,scr2002,avaStIn,bevFrtRoadLight
ME,h2009,0.42470386872332366,scr2002,avaStIn,bevFrtRoadLight
ME,h2010,0.4070105681582177,scr2002,avaStIn,bevFrtRoadLight
ME,h2011,0.3993554704479094,scr2002,avaStIn,bevFrtRoadLight
ME,h2012,0.3942528360151184,scr2002,avaStIn,bevFrtRoadLight
ME,h2013,0.3809841238928826,scr2002,avaStIn,bevFrtRoadLight
ME,h2014,0.3497784944040866,scr2002,avaStIn,bevFrtRoadLight
ME,h2015,0.3123069662403203,scr2002,avaStIn,bevFrtRoadLight
ME,h2016,0.2821792829284123,scr2002,avaStIn,bevFrtRoadLight
ME,h2017,0.3072840894621327,scr2002,avaStIn,bevFrtRoadLight
ME,h2018,0.33666905394072466,scr2002,avaStIn,bevFrtRoadLight
ME,h2019,0.36655496485550265,scr2002,avaStIn,bevFrtRoadLight
ME,h2020,0.3745731212047183,scr2002,avaStIn,bevFrtRoadLight
ME,h2021,0.4026088526762964,scr2002,avaStIn,bevFrtRoadLight
ME,h2022,0.44640061438376677,scr2002,avaStIn,bevFrtRoadLight
ME,h2023,0.4973037920546317,scr2002,avaStIn,bevFrtRoadLight
ME,h2024,0.5420216950586382,scr2002,avaStIn,bevFrtRoadLight
ME,h2025,0.5736954068525849,scr2002,avaStIn,bevFrtRoadLight
ME,h2026,0.5880342997851788,scr2002,avaStIn,bevFrtRoadLight
ME,h2027,0.5918947845476326,scr2002,avaStIn,bevFrtRoadLight
ME,h2028,0.5837522950091351,scr2002,avaStIn,bevFrtRoadLight
ME,h2029,0.566630011228302,scr2002,avaStIn,bevFrtRoadLight
ME,h2030,0.5326460205473856,scr2002,avaStIn,bevFrtRoadLight
ME,h2031,0.48334141219508586,scr2002,avaStIn,bevFrtRoadLight
ME,h2032,0.4237800531764452,scr2002,avaStIn,bevFrtRoadLight
ME,h2033,0.3668064382544399,scr2002,avaStIn,bevFrtRoadLight
ME,h2034,0.33858624085132816,scr2002,avaStIn,bevFrtRoadLight
ME,h2035,0.33981235579051505,scr2002,avaStIn,bevFrtRoadLight
ME,h2036,0.3644150552627201,scr2002,avaStIn,bevFrtRoadLight
ME,h2037,0.39407002810213865,scr2002,avaStIn,bevFrtRoadLight
ME,h2038,0.4100441996396512,scr2002,avaStIn,bevFrtRoadLight
ME,h2039,0.41244752514225314,scr2002,avaStIn,bevFrtRoadLight
ME,h2040,0.3977671810575979,scr2002,avaStIn,bevFrtRoadLight
ME,h2041,0.3840802424090224,scr2002,avaStIn,bevFrtRoadLight
ME,h2042,0.37136048642151265,scr2002,avaStIn,bevFrtRoadLight
ME,h2043,0.36655496485550265,scr2002,avaStIn,bevFrtRoadLight
ME,h2044,0.3745731212047183,scr2002,avaStIn,bevFrtRoadLight
ME,h2045,0.4026088526762964,scr2002,avaStIn,bevFrtRoadLight
ME,h2046,0.44640061438376677,scr2002,avaStIn,bevFrtRoadLight
ME,h2047,0.4973037920546317,scr2002,avaStIn,bevFrtRoadLight
ME,h2048,0.5420216950586382,scr2002,avaStIn,bevFrtRoadLight
ME,h2049,0.5736954068525849,scr2002,avaStIn,bevFrtRoadLight
ME,h2050,0.5880342997851788,scr2002,avaStIn,bevFrtRoadLight
ME,h2051,0.5918947845476326,scr2002,avaStIn,bevFrtRoadLight
ME,h2052,0.5837522950091351,scr2002,avaStIn,bevFrtRoadLight
ME,h2053,0.566630011228302,scr2002,avaStIn,bevFrtRoadLight
ME,h2054,0.5326460205473856,scr2002,avaStIn,bevFrtRoadLight
ME,h2055,0.48334141219508586,scr2002,avaStIn,bevFrtRoadLight
ME,h2056,0.4237800531764452,scr2002,avaStIn,bevFrtRoadLight
ME,h2057,0.3668064382544399,scr2002,avaStIn,bevFrtRoadLight
ME,h2058,0.33858624085132816,scr2002,avaStIn,bevFrtRoadLight
ME,h2059,0.33981235579051505,scr2002,avaStIn,bevFrtRoadLight
ME,h2060,0.3644150552627201,scr2002,avaStIn,bevFrtRoadLight
ME,h2061,0.39407002810213865,scr2002,avaStIn,bevFrtRoadLight
ME,h2062,0.4100441996396512,scr2002,avaStIn,bevFrtRoadLight
ME,h2063,0.41244752514225314,scr2002,avaStIn,bevFrtRoadLight
ME,h2064,0.3977671810575979,scr2002,avaStIn,bevFrtRoadLight
ME,h2065,0.3840802424090224,scr2002,avaStIn,bevFrtRoadLight
ME,h2066,0.37136048642151265,scr2002,avaStIn,bevFrtRoadLight
ME,h2067,0.36655496485550265,scr2002,avaStIn,bevFrtRoadLight
ME,h2068,0.3745731212047183,scr2002,avaStIn,bevFrtRoadLight
ME,h2069,0.4026088526762964,scr2002,avaStIn,bevFrtRoadLight
ME,h2070,0.44640061438376677,scr2002,avaStIn,bevFrtRoadLight
ME,h2071,0.4973037920546317,scr2002,avaStIn,bevFrtRoadLight
ME,h2072,0.5420216950586382,scr2002,avaStIn,bevFrtRoadLight
ME,h2073,0.5736954068525849,scr2002,avaStIn,bevFrtRoadLight
ME,h2074,0.5880342997851788,scr2002,avaStIn,bevFrtRoadLight
ME,h2075,0.5918947845476326,scr2002,avaStIn,bevFrtRoadLight
ME,h2076,0.5837522950091351,scr2002,avaStIn,bevFrtRoadLight
ME,h2077,0.566630011228302,scr2002,avaStIn,bevFrtRoadLight
ME,h2078,0.5326460205473856,scr2002,avaStIn,bevFrtRoadLight
ME,h2079,0.48334141219508586,scr2002,avaStIn,bevFrtRoadLight
ME,h2080,0.4237800531764452,scr2002,avaStIn,bevFrtRoadLight
ME,h2081,0.3668064382544399,scr2002,avaStIn,bevFrtRoadLight
ME,h2082,0.33858624085132816,scr2002,avaStIn,bevFrtRoadLight
ME,h2083,0.33981235579051505,scr2002,avaStIn,bevFrtRoadLight
ME,h2084,0.3644150552627201,scr2002,avaStIn,bevFrtRoadLight
ME,h2085,0.39407002810213865,scr2002,avaStIn,bevFrtRoadLight
ME,h2086,0.4100441996396512,scr2002,avaStIn,bevFrtRoadLight
ME,h2087,0.41244752514225314,scr2002,avaStIn,bevFrtRoadLight
ME,h2088,0.3977671810575979,scr2002,avaStIn,bevFrtRoadLight
ME,h2089,0.3840802424090224,scr2002,avaStIn,bevFrtRoadLight
ME,h2090,0.37136048642151265,scr2002,avaStIn,bevFrtRoadLight
ME,h2091,0.36655496485550265,scr2002,avaStIn,bevFrtRoadLight
ME,h2092,0.3745731212047183,scr2002,avaStIn,bevFrtRoadLight
ME,h2093,0.4026088526762964,scr2002,avaStIn,bevFrtRoadLight
ME,h2094,0.44640061438376677,scr2002,avaStIn,bevFrtRoadLight
ME,h2095,0.4973037920546317,scr2002,avaStIn,bevFrtRoadLight
ME,h2096,0.5420216950586382,scr2002,avaStIn,bevFrtRoadLight
ME,h2097,0.5736954068525849,scr2002,avaStIn,bevFrtRoadLight
ME,h2098,0.5880342997851788,scr2002,avaStIn,bevFrtRoadLight
ME,h2099,0.5918947845476326,scr2002,avaStIn,bevFrtRoadLight
ME,h2100,0.5837522950091351,scr2002,avaStIn,bevFrtRoadLight
ME,h2101,0.566630011228302,scr2002,avaStIn,bevFrtRoadLight
ME,h2102,0.5326460205473856,scr2002,avaStIn,bevFrtRoadLight
ME,h2103,0.48334141219508586,scr2002,avaStIn,bevFrtRoadLight
ME,h2104,0.4237800531764452,scr2002,avaStIn,bevFrtRoadLight
ME,h2105,0.3668064382544399,scr2002,avaStIn,bevFrtRoadLight
ME,h2106,0.33858624085132816,scr2002,avaStIn,bevFrtRoadLight
ME,h2107,0.33981235579051505,scr2002,avaStIn,bevFrtRoadLight
ME,h2108,0.3644150552627201,scr2002,avaStIn,bevFrtRoadLight
ME,h2109,0.39407002810213865,scr2002,avaStIn,bevFrtRoadLight
ME,h2110,0.4100441996396512,scr2002,avaStIn,bevFrtRoadLight
ME,h2111,0.41244752514225314,scr2002,avaStIn,bevFrtRoadLight
ME,h2112,0.3977671810575979,scr2002,avaStIn,bevFrtRoadLight
ME,h2113,0.4215422859318668,scr2002,avaStIn,bevFrtRoadLight
ME,h2114,0.44561523253946533,scr2002,avaStIn,bevFrtRoadLight
ME,h2115,0.46890884939949806,scr2002,avaStIn,bevFrtRoadLight
ME,h2116,0.4606801828577375,scr2002,avaStIn,bevFrtRoadLight
ME,h2117,0.4598809008191356,scr2002,avaStIn,bevFrtRoadLight
ME,h2118,0.47373682010553864,scr2002,avaStIn,bevFrtRoadLight
ME,h2119,0.49837466067849223,scr2002,avaStIn,bevFrtRoadLight
ME,h2120,0.5249322712656334,scr2002,avaStIn,bevFrtRoadLight
ME,h2121,0.5295524702973696,scr2002,avaStIn,bevFrtRoadLight
ME,h2122,0.5237384833973733,scr2002,avaStIn,bevFrtRoadLight
ME,h2123,0.517462220076728,scr2002,avaStIn,bevFrtRoadLight
ME,h2124,0.5202231448594441,scr2002,avaStIn,bevFrtRoadLight
ME,h2125,0.5168074572603817,scr2002,avaStIn,bevFrtRoadLight
ME,h2126,0.4881087918461403,scr2002,avaStIn,bevFrtRoadLight
ME,h2127,0.4401501060096197,scr2002,avaStIn,bevFrtRoadLight
ME,h2128,0.3751810028677981,scr2002,avaStIn,bevFrtRoadLight
ME,h2129,0.3184738733356699,scr2002,avaStIn,bevFrtRoadLight
ME,h2130,0.2885496316681868,scr2002,avaStIn,bevFrtRoadLight
ME,h2131,0.2950430145218158,scr2002,avaStIn,bevFrtRoadLight
ME,h2132,0.3362350273761402,scr2002,avaStIn,bevFrtRoadLight
ME,h2133,0.3905257678468871,scr2002,avaStIn,bevFrtRoadLight
ME,h2134,0.4405757953478313,scr2002,avaStIn,bevFrtRoadLight
ME,h2135,0.4738121072088959,scr2002,avaStIn,bevFrtRoadLight
ME,h2136,0.4995552626921461,scr2002,avaStIn,bevFrtRoadLight
ME,h2137,0.5006979269249346,scr2002,avaStIn,bevFrtRoadLight
ME,h2138,0.49234384959123256,scr2002,avaStIn,bevFrtRoadLight
ME,h2139,0.46890884939949806,scr2002,avaStIn,bevFrtRoadLight
ME,h2140,0.4606801828577375,scr2002,avaStIn,bevFrtRoadLight
ME,h2141,0.4598809008191356,scr2002,avaStIn,bevFrtRoadLight
ME,h2142,0.47373682010553864,scr2002,avaStIn,bevFrtRoadLight
ME,h2143,0.49837466067849223,scr2002,avaStIn,bevFrtRoadLight
ME,h2144,0.5249322712656334,scr2002,avaStIn,bevFrtRoadLight
ME,h2145,0.5295524702973696,scr2002,avaStIn,bevFrtRoadLight
ME,h2146,0.5237384833973733,scr2002,avaStIn,bevFrtRoadLight
ME,h2147,0.517462220076728,scr2002,avaStIn,bevFrtRoadLight
ME,h2148,0.5202231448594441,scr2002,avaStIn,bevFrtRoadLight
ME,h2149,0.5168074572603817,scr2002,avaStIn,bevFrtRoadLight
ME,h2150,0.4881087918461403,scr2002,avaStIn,bevFrtRoadLight
ME,h2151,0.4401501060096197,scr2002,avaStIn,bevFrtRoadLight
ME,h2152,0.3751810028677981,scr2002,avaStIn,bevFrtRoadLight
ME,h2153,0.3184738733356699,scr2002,avaStIn,bevFrtRoadLight
ME,h2154,0.2885496316681868,scr2002,avaStIn,bevFrtRoadLight
ME,h2155,0.2950430145218158,scr2002,avaStIn,bevFrtRoadLight
ME,h2156,0.3362350273761402,scr2002,avaStIn,bevFrtRoadLight
ME,h2157,0.3905257678468871,scr2002,avaStIn,bevFrtRoadLight
ME,h2158,0.4405757953478313,scr2002,avaStIn,bevFrtRoadLight
ME,h2159,0.4738121072088959,scr2002,avaStIn,bevFrtRoadLight
ME,h2160,0.4995552626921461,scr2002,avaStIn,bevFrtRoadLight
LT,h1441,0.3714353995574986,scr2002,avaStIn,bevFrtRoadLight
LT,h1442,0.3846086524108919,scr2002,avaStIn,bevFrtRoadLight
LT,h1443,0.42374952391826404,scr2002,avaStIn,bevFrtRoadLight
LT,h1444,0.4709102315761218,scr2002,avaStIn,bevFrtRoadLight
LT,h1445,0.5000591446961408,scr2002,avaStIn,bevFrtRoadLight
LT,h1446,0.495233345157142,scr2002,avaStIn,bevFrtRoadLight
LT,h1447,0.5008043596015219,scr2002,avaStIn,bevFrtRoadLight
LT,h1448,0.5021789974738545,scr2002,avaStIn,bevFrtRoadLight
LT,h1449,0.5231874460949842,scr2002,avaStIn,bevFrtRoadLight
LT,h1450,0.5308529822226913,scr2002,avaStIn,bevFrtRoadLight
LT,h1451,0.536356959269228,scr2002,avaStIn,bevFrtRoadLight
LT,h1452,0.5373881561276749,scr2002,avaStIn,bevFrtRoadLight
LT,h1453,0.5288075990651915,scr2002,avaStIn,bevFrtRoadLight
LT,h1454,0.5095709286669997,scr2002,avaStIn,bevFrtRoadLight
LT,h1455,0.473753550931062,scr2002,avaStIn,bevFrtRoadLight
LT,h1456,0.4304466538396563,scr2002,avaStIn,bevFrtRoadLight
LT,h1457,0.3826879992214788,scr2002,avaStIn,bevFrtRoadLight
LT,h1458,0.35009603390058996,scr2002,avaStIn,bevFrtRoadLight
LT,h1459,0.3349394292024723,scr2002,avaStIn,bevFrtRoadLight
LT,h1460,0.34869160218954365,scr2002,avaStIn,bevFrtRoadLight
LT,h1461,0.36780057797615695,scr2002,avaStIn,bevFrtRoadLight
LT,h1462,0.38682791024436847,scr2002,avaStIn,bevFrtRoadLight
LT,h1463,0.3912979680884232,scr2002,avaStIn,bevFrtRoadLight
LT,h1464,0.3985938980480803,scr2002,avaStIn,bevFrtRoadLight
LT,h1465,0.38540755881640665,scr2002,avaStIn,bevFrtRoadLight
LT,h1466,0.39834418280524153,scr2002,avaStIn,bevFrtRoadLight
LT,h1467,0.42374952391826404,scr2002,avaStIn,bevFrtRoadLight
LT,h1468,0.4709102315761218,scr2002,avaStIn,bevFrtRoadLight
LT,h1469,0.5000591446961408,scr2002,avaStIn,bevFrtRoadLight
LT,h1470,0.495233345157142,scr2002,avaStIn,bevFrtRoadLight
LT,h1471,0.5008043596015219,scr2002,avaStIn,bevFrtRoadLight
LT,h1472,0.5021789974738545,scr2002,avaStIn,bevFrtRoadLight
LT,h1473,0.5231874460949842,scr2002,avaStIn,bevFrtRoadLight
LT,h1474,0.5308529822226913,scr2002,avaStIn,bevFrtRoadLight
LT,h1475,0.536356959269228,scr2002,avaStIn,bevFrtRoadLight
LT,h1476,0.5373881561276749,scr2002,avaStIn,bevFrtRoadLight
LT,h1477,0.5288075990651915,scr2002,avaStIn,bevFrtRoadLight
LT,h1478,0.5095709286669997,scr2002,avaStIn,bevFrtRoadLight
LT,h1479,0.473753550931062,scr2002,avaStIn,bevFrtRoadLight
LT,h1480,0.4304466538396563,scr2002,avaStIn,bevFrtRoadLight
LT,h1481,0.3826879992214788,scr2002,avaStIn,bevFrtRoadLight
LT,h1482,0.35009603390058996,scr2002,avaStIn,bevFrtRoadLight
LT,h1483,0.3349394292024723,scr2002,avaStIn,bevFrtRoadLight
LT,h1484,0.34869160218954365,scr2002,avaStIn,bevFrtRoadLight
LT,h1485,0.36780057797615695,scr2002,avaStIn,bevFrtRoadLight
LT,h1486,0.38682791024436847,scr2002,avaStIn,bevFrtRoadLight
LT,h1487,0.3912979680884232,scr2002,avaStIn,bevFrtRoadLight
LT,h1488,0.3985938980480803,scr2002,avaStIn,bevFrtRoadLight
LT,h1489,0.4174388969205469,scr2002,avaStIn,bevFrtRoadLight
LT,h1490,0.4439543832070485,scr2002,avaStIn,bevFrtRoadLight
LT,h1491,0.464238846132911,scr2002,avaStIn,bevFrtRoadLight
LT,h1492,0.4692993118565085,scr2002,avaStIn,bevFrtRoadLight
LT,h1493,0.4647572130501477,scr2002,avaStIn,bevFrtRoadLight
LT,h1494,0.4606421333392813,scr2002,avaStIn,bevFrtRoadLight
LT,h1495,0.4606294501381404,scr2002,avaStIn,bevFrtRoadLight
LT,h1496,0.4771202000278558,scr2002,avaStIn,bevFrtRoadLight
LT,h1497,0.4942956004519071,scr2002,avaStIn,bevFrtRoadLight
LT,h1498,0.5099123823053463,scr2002,avaStIn,bevFrtRoadLight
LT,h1499,0.5161038254350148,scr2002,avaStIn,bevFrtRoadLight
LT,h1500,0.5219276355822776,scr2002,avaStIn,bevFrtRoadLight
LT,h1501,0.5234247828552905,scr2002,avaStIn,bevFrtRoadLight
LT,h1502,0.515666896351518,scr2002,avaStIn,bevFrtRoadLight
LT,h1503,0.4904757420921084,scr2002,avaStIn,bevFrtRoadLight
LT,h1504,0.4511048686615209,scr2002,avaStIn,bevFrtRoadLight
LT,h1505,0.401719554609377,scr2002,avaStIn,bevFrtRoadLight
LT,h1506,0.362910361244157,scr2002,avaStIn,bevFrtRoadLight
LT,h1507,0.3472619056461236,scr2002,avaStIn,bevFrtRoadLight
LT,h1508,0.35727079588328314,scr2002,avaStIn,bevFrtRoadLight
LT,h1509,0.378468834507535,scr2002,avaStIn,bevFrtRoadLight
LT,h1510,0.39319028121074384,scr2002,avaStIn,bevFrtRoadLight
LT,h1511,0.3959422870730802,scr2002,avaStIn,bevFrtRoadLight
LT,h1512,0.3854887711962275,scr2002,avaStIn,bevFrtRoadLight
LT,h1513,0.42769853598926943,scr2002,avaStIn,bevFrtRoadLight
LT,h1514,0.46444116177482064,scr2002,avaStIn,bevFrtRoadLight
LT,h1515,0.5002557267591349,scr2002,avaStIn,bevFrtRoadLight
LT,h1516,0.4779833592811431,scr2002,avaStIn,bevFrtRoadLight
LT,h1517,0.45518876455881485,scr2002,avaStIn,bevFrtRoadLight
LT,h1518,0.43596244051473665,scr2002,avaStIn,bevFrtRoadLight
LT,h1519,0.4287672948543091,scr2002,avaStIn,bevFrtRoadLight
LT,h1520,0.4310449118345231,scr2002,avaStIn,bevFrtRoadLight
LT,h1521,0.43651906754470926,scr2002,avaStIn,bevFrtRoadLight
LT,h1522,0.42784196327677315,scr2002,avaStIn,bevFrtRoadLight
LT,h1523,0.40165285769436365,scr2002,avaStIn,bevFrtRoadLight
LT,h1524,0.3554492048303812,scr2002,avaStIn,bevFrtRoadLight
LT,h1525,0.30743387757687923,scr2002,avaStIn,bevFrtRoadLight
LT,h1526,0.278936309503648,scr2002,avaStIn,bevFrtRoadLight
LT,h1527,0.28525649117608465,scr2002,avaStIn,bevFrtRoadLight
LT,h1528,0.33100477113297455,scr2002,avaStIn,bevFrtRoadLight
LT,h1529,0.3951643597987161,scr2002,avaStIn,bevFrtRoadLight
LT,h1530,0.46644985491696445,scr2002,avaStIn,bevFrtRoadLight
LT,h1531,0.5302489042156142,scr2002,avaStIn,bevFrtRoadLight
LT,h1532,0.5770673902258092,scr2002,avaStIn,bevFrtRoadLight
LT,h1533,0.5986769755958498,scr2002,avaStIn,bevFrtRoadLight
LT,h1534,0.6016883948095747,scr2002,avaStIn,bevFrtRoadLight
LT,h1535,0.5924055260109063,scr2002,avaStIn,bevFrtRoadLight
LT,h1536,0.5774847836798132,scr2002,avaStIn,bevFrtRoadLight
LT,h1537,0.5517773619954187,scr2002,avaStIn,bevFrtRoadLight
LT,h1538,0.5248358437172166,scr2002,avaStIn,bevFrtRoadLight
LT,h1539,0.5002557267591349,scr2002,avaStIn,bevFrtRoadLight
LT,h1540,0.4779833592811431,scr2002,avaStIn,bevFrtRoadLight
LT,h1541,0.45518876455881485,scr2002,avaStIn,bevFrtRoadLight
LT,h1542,0.43596244051473665,scr2002,avaStIn,bevFrtRoadLight
LT,h1543,0.4287672948543091,scr2002,avaStIn,bevFrtRoadLight
LT,h1544,0.4310449118345231,scr2002,avaStIn,bevFrtRoadLight
LT,h1545,0.43651906754470926,scr2002,avaStIn,bevFrtRoadLight
LT,h1546,0.42784196327677315,scr2002,avaStIn,bevFrtRoadLight
LT,h1547,0.40165285769436365,scr2002,avaStIn,bevFrtRoadLight
LT,h1548,0.3554492048303812,scr2002,avaStIn,bevFrtRoadLight
LT,h1549,0.30743387757687923,scr2002,avaStIn,bevFrtRoadLight
LT,h1550,0.278936309503648,scr2002,avaStIn,bevFrtRoadLight
LT,h1551,0.28525649117608465,scr2002,avaStIn,bevFrtRoadLight
LT,h1552,0.33100477113297455,scr2002,avaStIn,bevFrtRoadLight
LT,h1553,0.3951643597987161,scr2002,avaStIn,bevFrtRoadLight
LT,h1554,0.46644985491696445,scr2002,avaStIn,bevFrtRoadLight
LT,h1555,0.5302489042156142,scr2002,avaStIn,bevFrtRoadLight
LT,h1556,0.5770673902258092,scr2002,avaStIn,bevFrtRoadLight
LT,h1557,0.5986769755958498,scr2002,avaStIn,bevFrtRoadLight
LT,h1558,0.6016883948095747,scr2002,avaStIn,bevFrtRoadLight
LT,h1559,0.5924055260109063,scr2002,avaStIn,bevFrtRoadLight
LT,h1560,0.5774847836798132,scr2002,avaStIn,bevFrtRoadLight
LT,h1561,0.5517773619954187,scr2002,avaStIn,bevFrtRoadLight
LT,h1562,0.5248358437172166,scr2002,avaStIn,bevFrtRoadLight
LT,h1563,0.5002557267591349,scr2002,avaStIn,bevFrtRoadLight
LT,h1564,0.4779833592811431,scr2002,avaStIn,bevFrtRoadLight
LT,h1565,0.45518876455881485,scr2002,avaStIn,bevFrtRoadLight
LT,h1566,0.43596244051473665,scr2002,avaStIn,bevFrtRoadLight
LT,h1567,0.4287672948543091,scr2002,avaStIn,bevFrtRoadLight
LT,h1568,0.4310449118345231,scr2002,avaStIn,bevFrtRoadLight
LT,h1569,0.43651906754470926,scr2002,avaStIn,bevFrtRoadLight
LT,h1570,0.42784196327677315,scr2002,avaStIn,bevFrtRoadLight
LT,h1571,0.40165285769436365,scr2002,avaStIn,bevFrtRoadLight
LT,h1572,0.3554492048303812,scr2002,avaStIn,bevFrtRoadLight
LT,h1573,0.30743387757687923,scr2002,avaStIn,bevFrtRoadLight
LT,h1574,0.278936309503648,scr2002,avaStIn,bevFrtRoadLight
LT,h1575,0.28525649117608465,scr2002,avaStIn,bevFrtRoadLight
LT,h1576,0.33100477113297455,scr2002,avaStIn,bevFrtRoadLight
LT,h1577,0.3951643597987161,scr2002,avaStIn,bevFrtRoadLight
LT,h1578,0.46644985491696445,scr2002,avaStIn,bevFrtRoadLight
LT,h1579,0.5302489042156142,scr2002,avaStIn,bevFrtRoadLight
LT,h1580,0.5770673902258092,scr2002,avaStIn,bevFrtRoadLight
LT,h1581,0.5986769755958498,scr2002,avaStIn,bevFrtRoadLight
LT,h1582,0.6016883948095747,scr2002,avaStIn,bevFrtRoadLight
LT,h1583,0.5924055260109063,scr2002,avaStIn,bevFrtRoadLight
LT,h1584,0.5774847836798132,scr2002,avaStIn,bevFrtRoadLight
LT,h1585,0.5517773619954187,scr2002,avaStIn,bevFrtRoadLight
LT,h1586,0.5248358437172166,scr2002,avaStIn,bevFrtRoadLight
LT,h1587,0.5002557267591349,scr2002,avaStIn,bevFrtRoadLight
LT,h1588,0.4779833592811431,scr2002,avaStIn,bevFrtRoadLight
LT,h1589,0.45518876455881485,scr2002,avaStIn,bevFrtRoadLight
LT,h1590,0.43596244051473665,scr2002,avaStIn,bevFrtRoadLight
LT,h1591,0.4287672948543091,scr2002,avaStIn,bevFrtRoadLight
LT,h1592,0.4310449118345231,scr2002,avaStIn,bevFrtRoadLight
LT,h1593,0.43651906754470926,scr2002,avaStIn,bevFrtRoadLight
LT,h1594,0.42784196327677315,scr2002,avaStIn,bevFrtRoadLight
LT,h1595,0.40165285769436365,scr2002,avaStIn,bevFrtRoadLight
LT,h1596,0.3554492048303812,scr2002,avaStIn,bevFrtRoadLight
LT,h1597,0.30743387757687923,scr2002,avaStIn,bevFrtRoadLight
LT,h1598,0.278936309503648,scr2002,avaStIn,bevFrtRoadLight
LT,h1599,0.28525649117608465,scr2002,avaStIn,bevFrtRoadLight
LT,h1600,0.33100477113297455,scr2002,avaStIn,bevFrtRoadLight
LT,h1601,0.3951643597987161,scr2002,avaStIn,bevFrtRoadLight
LT,h1602,0.46644985491696445,scr2002,avaStIn,bevFrtRoadLight
LT,h1603,0.5302489042156142,scr2002,avaStIn,bevFrtRoadLight
LT,h1604,0.5770673902258092,scr2002,avaStIn,bevFrtRoadLight
LT,h1605,0.5986769755958498,scr2002,avaStIn,bevFrtRoadLight
LT,h1606,0.6016883948095747,scr2002,avaStIn,bevFrtRoadLight
LT,h1607,0.5924055260109063,scr2002,avaStIn,bevFrtRoadLight
LT,h1608,0.5774847836798132,scr2002,avaStIn,bevFrtRoadLight
LT,h1609,0.5399833096273894,scr2002,avaStIn,bevFrtRoadLight
LT,h1610,0.5020113380135911,scr2002,avaStIn,bevFrtRoadLight
LT,h1611,0.4635722307063156,scr2002,avaStIn,bevFrtRoadLight
LT,h1612,0.4380348659574729,scr2002,avaStIn,bevFrtRoadLight
LT,h1613,0.40762124803256283,scr2002,avaStIn,bevFrtRoadLight
LT,h1614,0.37888830724468336,scr2002,avaStIn,bevFrtRoadLight
LT,h1615,0.36958381422293585,scr2002,avaStIn,bevFrtRoadLight
LT,h1616,0.37840208488783933,scr2002,avaStIn,bevFrtRoadLight
LT,h1617,0.40312593459237533,scr2002,avaStIn,bevFrtRoadLight
LT,h1618,0.41362439373824145,scr2002,avaStIn,bevFrtRoadLight
LT,h1619,0.4028461315685412,scr2002,avaStIn,bevFrtRoadLight
LT,h1620,0.3603437041144123,scr2002,avaStIn,bevFrtRoadLight
LT,h1621,0.300735364069155,scr2002,avaStIn,bevFrtRoadLight
LT,h1622,0.24177370465061954,scr2002,avaStIn,bevFrtRoadLight
LT,h1623,0.21970614560615676,scr2002,avaStIn,bevFrtRoadLight
LT,h1624,0.25508395733229006,scr2002,avaStIn,bevFrtRoadLight
LT,h1625,0.34767139096765254,scr2002,avaStIn,bevFrtRoadLight
LT,h1626,0.45228041046836875,scr2002,avaStIn,bevFrtRoadLight
LT,h1627,0.5341134302691986,scr2002,avaStIn,bevFrtRoadLight
LT,h1628,0.5851656457268322,scr2002,avaStIn,bevFrtRoadLight
LT,h1629,0.6079565962864942,scr2002,avaStIn,bevFrtRoadLight
LT,h1630,0.6088378322847627,scr2002,avaStIn,bevFrtRoadLight
LT,h1631,0.5862547005889717,scr2002,avaStIn,bevFrtRoadLight
LT,h1632,0.5503272305028044,scr2002,avaStIn,bevFrtRoadLight
LT,h1633,0.5157882800473498,scr2002,avaStIn,bevFrtRoadLight
LT,h1634,0.4876212160339364,scr2002,avaStIn,bevFrtRoadLight
LT,h1635,0.4635722307063156,scr2002,avaStIn,bevFrtRoadLight
LT,h1636,0.4380348659574729,scr2002,avaStIn,bevFrtRoadLight
LT,h1637,0.40762124803256283,scr2002,avaStIn,bevFrtRoadLight
LT,h1638,0.37888830724468336,scr2002,avaStIn,bevFrtRoadLight
LT,h1639,0.36958381422293585,scr2002,avaStIn,bevFrtRoadLight
LT,h1640,0.37840208488783933,scr2002,avaStIn,bevFrtRoadLight
LT,h1641,0.40312593459237533,scr2002,avaStIn,bevFrtRoadLight
LT,h1642,0.41362439373824145,scr2002,avaStIn,bevFrtRoadLight
LT,h1643,0.4028461315685412,scr2002,avaStIn,bevFrtRoadLight
LT,h1644,0.3603437041144123,scr2002,avaStIn,bevFrtRoadLight
LT,h1645,0.300735364069155,scr2002,avaStIn,bevFrtRoadLight
LT,h1646,0.24177370465061954,scr2002,avaStIn,bevFrtRoadLight
LT,h1647,0.21970614560615676,scr2002,avaStIn,bevFrtRoadLight
LT,h1648,0.25508395733229006,scr2002,avaStIn,bevFrtRoadLight
LT,h1649,0.34767139096765254,scr2002,avaStIn,bevFrtRoadLight
LT,h1650,0.45228041046836875,scr2002,avaStIn,bevFrtRoadLight
LT,h1651,0.5341134302691986,scr2002,avaStIn,bevFrtRoadLight
LT,h1652,0.5851656457268322,scr2002,avaStIn,bevFrtRoadLight
LT,h1653,0.6079565962864942,scr2002,avaStIn,bevFrtRoadLight
LT,h1654,0.6088378322847627,scr2002,avaStIn,bevFrtRoadLight
LT,h1655,0.5862547005889717,scr2002,avaStIn,bevFrtRoadLight
LT,h1656,0.5503272305028044,scr2002,avaStIn,bevFrtRoadLight
LT,h1657,0.5277989482493217,scr2002,avaStIn,bevFrtRoadLight
LT,h1658,0.5107010378978177,scr2002,avaStIn,bevFrtRoadLight
LT,h1659,0.5002557267591349,scr2002,avaStIn,bevFrtRoadLight
LT,h1660,0.4779833592811431,scr2002,avaStIn,bevFrtRoadLight
LT,h1661,0.45518876455881485,scr2002,avaStIn,bevFrtRoadLight
LT,h1662,0.43596244051473665,scr2002,avaStIn,bevFrtRoadLight
LT,h1663,0.4287672948543091,scr2002,avaStIn,bevFrtRoadLight
LT,h1664,0.4310449118345231,scr2002,avaStIn,bevFrtRoadLight
LT,h1665,0.43651906754470926,scr2002,avaStIn,bevFrtRoadLight
LT,h1666,0.42784196327677315,scr2002,avaStIn,bevFrtRoadLight
LT,h1667,0.40165285769436365,scr2002,avaStIn,bevFrtRoadLight
LT,h1668,0.3554492048303812,scr2002,avaStIn,bevFrtRoadLight
LT,h1669,0.30743387757687923,scr2002,avaStIn,bevFrtRoadLight
LT,h1670,0.278936309503648,scr2002,avaStIn,bevFrtRoadLight
LT,h1671,0.28525649117608465,scr2002,avaStIn,bevFrtRoadLight
LT,h1672,0.33100477113297455,scr2002,avaStIn,bevFrtRoadLight
LT,h1673,0.3951643597987161,scr2002,avaStIn,bevFrtRoadLight
LT,h1674,0.46644985491696445,scr2002,avaStIn,bevFrtRoadLight
LT,h1675,0.5302489042156142,scr2002,avaStIn,bevFrtRoadLight
LT,h1676,0.5770673902258092,scr2002,avaStIn,bevFrtRoadLight
LT,h1677,0.5986769755958498,scr2002,avaStIn,bevFrtRoadLight
LT,h1678,0.6016883948095747,scr2002,avaStIn,bevFrtRoadLight
LT,h1679,0.5924055260109063,scr2002,avaStIn,bevFrtRoadLight
LT,h1680,0.5774847836798132,scr2002,avaStIn,bevFrtRoadLight
LT,h1681,0.5517773619954187,scr2002,avaStIn,bevFrtRoadLight
LT,h1682,0.5248358437172166,scr2002,avaStIn,bevFrtRoadLight
LT,h1683,0.5002557267591349,scr2002,avaStIn,bevFrtRoadLight
LT,h1684,0.4779833592811431,scr2002,avaStIn,bevFrtRoadLight
LT,h1685,0.45518876455881485,scr2002,avaStIn,bevFrtRoadLight
LT,h1686,0.43596244051473665,scr2002,avaStIn,bevFrtRoadLight
LT,h1687,0.4287672948543091,scr2002,avaStIn,bevFrtRoadLight
LT,h1688,0.4310449118345231,scr2002,avaStIn,bevFrtRoadLight
LT,h1689,0.43651906754470926,scr2002,avaStIn,bevFrtRoadLight
LT,h1690,0.42784196327677315,scr2002,avaStIn,bevFrtRoadLight
LT,h1691,0.40165285769436365,scr2002,avaStIn,bevFrtRoadLight
LT,h1692,0.3554492048303812,scr2002,avaStIn,bevFrtRoadLight
LT,h1693,0.30743387757687923,scr2002,avaStIn,bevFrtRoadLight
LT,h1694,0.278936309503648,scr2002,avaStIn,bevFrtRoadLight
LT,h1695,0.28525649117608465,scr2002,avaStIn,bevFrtRoadLight
LT,h1696,0.33100477113297455,scr2002,avaStIn,bevFrtRoadLight
LT,h1697,0.3951643597987161,scr2002,avaStIn,bevFrtRoadLight
LT,h1698,0.46644985491696445,scr2002,avaStIn,bevFrtRoadLight
LT,h1699,0.5302489042156142,scr2002,avaStIn,bevFrtRoadLight
LT,h1700,0.5770673902258092,scr2002,avaStIn,bevFrtRoadLight
LT,h1701,0.5986769755958498,scr2002,avaStIn,bevFrtRoadLight
LT,h1702,0.6016883948095747,scr2002,avaStIn,bevFrtRoadLight
LT,h1703,0.5924055260109063,scr2002,avaStIn,bevFrtRoadLight
LT,h1704,0.5774847836798132,scr2002,avaStIn,bevFrtRoadLight
LT,h1705,0.509038057831711,scr2002,avaStIn,bevFrtRoadLight
LT,h1706,0.45316073221470254,scr2002,avaStIn,bevFrtRoadLight
LT,h1707,0.4106293035759673,scr2002,avaStIn,bevFrtRoadLight
LT,h1708,0.4302562346105031,scr2002,avaStIn,bevFrtRoadLight
LT,h1709,0.4411964644145132,scr2002,avaStIn,bevFrtRoadLight
LT,h1710,0.45751109901302867,scr2002,avaStIn,bevFrtRoadLight
LT,h1711,0.48871757217710954,scr2002,avaStIn,bevFrtRoadLight
LT,h1712,0.5314509691002262,scr2002,avaStIn,bevFrtRoadLight
LT,h1713,0.5711878747561929,scr2002,avaStIn,bevFrtRoadLight
LT,h1714,0.5980939691710526,scr2002,avaStIn,bevFrtRoadLight
LT,h1715,0.608394034195855,scr2002,avaStIn,bevFrtRoadLight
LT,h1716,0.6010568773540479,scr2002,avaStIn,bevFrtRoadLight
LT,h1717,0.5764247164288175,scr2002,avaStIn,bevFrtRoadLight
LT,h1718,0.5401459054358786,scr2002,avaStIn,bevFrtRoadLight
LT,h1719,0.4982672792884357,scr2002,avaStIn,bevFrtRoadLight
LT,h1720,0.4574139907405833,scr2002,avaStIn,bevFrtRoadLight
LT,h1721,0.42470386872332366,scr2002,avaStIn,bevFrtRoadLight
LT,h1722,0.4070105681582177,scr2002,avaStIn,bevFrtRoadLight
LT,h1723,0.3993554704479094,scr2002,avaStIn,bevFrtRoadLight
LT,h1724,0.3942528360151184,scr2002,avaStIn,bevFrtRoadLight
LT,h1725,0.3809841238928826,scr2002,avaStIn,bevFrtRoadLight
LT,h1726,0.3497784944040866,scr2002,avaStIn,bevFrtRoadLight
LT,h1727,0.3123069662403203,scr2002,avaStIn,bevFrtRoadLight
LT,h1728,0.2821792829284123,scr2002,avaStIn,bevFrtRoadLight
LT,h1729,0.3106843918239848,scr2002,avaStIn,bevFrtRoadLight
LT,h1730,0.35866299968064763,scr2002,avaStIn,bevFrtRoadLight
LT,h1731,0.4106293035759673,scr2002,avaStIn,bevFrtRoadLight
LT,h1732,0.4302562346105031,scr2002,avaStIn,bevFrtRoadLight
LT,h1733,0.4411964644145132,scr2002,avaStIn,bevFrtRoadLight
LT,h1734,0.45751109901302867,scr2002,avaStIn,bevFrtRoadLight
LT,h1735,0.48871757217710954,scr2002,avaStIn,bevFrtRoadLight
LT,h1736,0.5314509691002262,scr2002,avaStIn,bevFrtRoadLight
LT,h1737,0.5711878747561929,scr2002,avaStIn,bevFrtRoadLight
LT,h1738,0.5980939691710526,scr2002,avaStIn,bevFrtRoadLight
LT,h1739,0.608394034195855,scr2002,avaStIn,bevFrtRoadLight
LT,h1740,0.6010568773540479,scr2002,avaStIn,bevFrtRoadLight
LT,h1741,0.5764247164288175,scr2002,avaStIn,bevFrtRoadLight
LT,h1742,0.5401459054358786,scr2002,avaStIn,bevFrtRoadLight
LT,h1743,0.4982672792884357,scr2002,avaStIn,bevFrtRoadLight
LT,h1744,0.4574139907405833,scr2002,avaStIn,bevFrtRoadLight
LT,h1745,0.42470386872332366,scr2002,avaStIn,bevFrtRoadLight
LT,h1746,0.4070105681582177,scr2002,avaStIn,bevFrtRoadLight
LT,h1747,0.3993554704479094,scr2002,avaStIn,bevFrtRoadLight
LT,h1748,0.3942528360151184,scr2002,avaStIn,bevFrtRoadLight
LT,h1749,0.3809841238928826,scr2002,avaStIn,bevFrtRoadLight
LT,h1750,0.3497784944040866,scr2002,avaStIn,bevFrtRoadLight
LT,h1751,0.3123069662403203,scr2002,avaStIn,bevFrtRoadLight
LT,h1752,0.2821792829284123,scr2002,avaStIn,bevFrtRoadLight
LT,h1753,0.3106843918239848,scr2002,avaStIn,bevFrtRoadLight
LT,h1754,0.35866299968064763,scr2002,avaStIn,bevFrtRoadLight
LT,h1755,0.4106293035759673,scr2002,avaStIn,bevFrtRoadLight
LT,h1756,0.4302562346105031,scr2002,avaStIn,bevFrtRoadLight
LT,h1757,0.4411964644145132,scr2002,avaStIn,bevFrtRoadLight
LT,h1758,0.45751109901302867,scr2002,avaStIn,bevFrtRoadLight
LT,h1759,0.48871757217710954,scr2002,avaStIn,bevFrtRoadLight
LT,h1760,0.5314509691002262,scr2002,avaStIn,bevFrtRoadLight
LT,h1761,0.5711878747561929,scr2002,avaStIn,bevFrtRoadLight
LT,h1762,0.5980939691710526,scr2002,avaStIn,bevFrtRoadLight
LT,h1763,0.608394034195855,scr2002,avaStIn,bevFrtRoadLight
LT,h1764,0.6010568773540479,scr2002,avaStIn,bevFrtRoadLight
LT,h1765,0.5764247164288175,scr2002,avaStIn,bevFrtRoadLight
LT,h1766,0.5401459054358786,scr2002,avaStIn,bevFrtRoadLight
LT,h1767,0.4982672792884357,scr2002,avaStIn,bevFrtRoadLight
LT,h1768,0.4574139907405833,scr2002,avaStIn,bevFrtRoadLight
LT,h1769,0.42470386872332366,scr2002,avaStIn,bevFrtRoadLight
LT,h1770,0.4070105681582177,scr2002,avaStIn,bevFrtRoadLight
LT,h1771,0.3993554704479094,scr2002,avaStIn,bevFrtRoadLight
LT,h1772,0.3942528360151184,scr2002,avaStIn,bevFrtRoadLight
LT,h1773,0.3809841238928826,scr2002,avaStIn,bevFrtRoadLight
LT,h1774,0.3497784944040866,scr2002,avaStIn,bevFrtRoadLight
LT,h1775,0.3123069662403203,scr2002,avaStIn,bevFrtRoadLight
LT,h1776,0.2821792829284123,scr2002,avaStIn,bevFrtRoadLight
LT,h1777,0.230095162221032,scr2002,avaStIn,bevFrtRoadLight
LT,h1778,0.2300917975935889,scr2002,avaStIn,bevFrtRoadLight
LT,h1779,0.27148343409663167,scr2002,avaStIn,bevFrtRoadLight
LT,h1780,0.3790725700696759,scr2002,avaStIn,bevFrtRoadLight
LT,h1781,0.4623404992613247,scr2002,avaStIn,bevFrtRoadLight
LT,h1782,0.5259162274800008,scr2002,avaStIn,bevFrtRoadLight
LT,h1783,0.5772992909654577,scr2002,avaStIn,bevFrtRoadLight
LT,h1784,0.6171735770568829,scr2002,avaStIn,bevFrtRoadLight
LT,h1785,0.6409152522621753,scr2002,avaStIn,bevFrtRoadLight
LT,h1786,0.6489166669999998,scr2002,avaStIn,bevFrtRoadLight
LT,h1787,0.6400350534574337,scr2002,avaStIn,bevFrtRoadLight
LT,h1788,0.61588415769173,scr2002,avaStIn,bevFrtRoadLight
LT,h1789,0.5753501172674538,scr2002,avaStIn,bevFrtRoadLight
LT,h1790,0.5273486726990765,scr2002,avaStIn,bevFrtRoadLight
LT,h1791,0.47682400205808595,scr2002,avaStIn,bevFrtRoadLight
LT,h1792,0.4288063768750643,scr2002,avaStIn,bevFrtRoadLight
LT,h1793,0.39374570481652504,scr2002,avaStIn,bevFrtRoadLight
LT,h1794,0.3749031506247579,scr2002,avaStIn,bevFrtRoadLight
LT,h1795,0.37209330121313167,scr2002,avaStIn,bevFrtRoadLight
LT,h1796,0.36873105182903665,scr2002,avaStIn,bevFrtRoadLight
LT,h1797,0.3543630997986469,scr2002,avaStIn,bevFrtRoadLight
LT,h1798,0.3154781828948128,scr2002,avaStIn,bevFrtRoadLight
LT,h1799,0.27112993299959987,scr2002,avaStIn,bevFrtRoadLight
LT,h1800,0.2381911639591776,scr2002,avaStIn,bevFrtRoadLight
LT,h1801,0.20075744833264675,scr2002,avaStIn,bevFrtRoadLight
LT,h1802,0.21575624655576675,scr2002,avaStIn,bevFrtRoadLight
LT,h1803,0.27148343409663167,scr2002,avaStIn,bevFrtRoadLight
LT,h1804,0.3790725700696759,scr2002,avaStIn,bevFrtRoadLight
LT,h1805,0.4623404992613247,scr2002,avaStIn,bevFrtRoadLight
LT,h1806,0.5259162274800008,scr2002,avaStIn,bevFrtRoadLight
LT,h1807,0.5772992909654577,scr2002,avaStIn,bevFrtRoadLight
LT,h1808,0.6171735770568829,scr2002,avaStIn,bevFrtRoadLight
LT,h1809,0.6409152522621753,scr2002,avaStIn,bevFrtRoadLight
LT,h1810,0.6489166669999998,scr2002,avaStIn,bevFrtRoadLight
LT,h1811,0.6400350534574337,scr2002,avaStIn,bevFrtRoadLight
LT,h1812,0.61588415769173,scr2002,avaStIn,bevFrtRoadLight
LT,h1813,0.5753501172674538,scr2002,avaStIn,bevFrtRoadLight
LT,h1814,0.5273486726990765,scr2002,avaStIn,bevFrtRoadLight
LT,h1815,0.47682400205808595,scr2002,avaStIn,bevFrtRoadLight
LT,h1816,0.4288063768750643,scr2002,avaStIn,bevFrtRoadLight
LT,h1817,0.39374570481652504,scr2002,avaStIn,bevFrtRoadLight
LT,h1818,0.3749031506247579,scr2002,avaStIn,bevFrtRoadLight
LT,h1819,0.37209330121313167,scr2002,avaStIn,bevFrtRoadLight
LT,h1820,0.36873105182903665,scr2002,avaStIn,bevFrtRoadLight
LT,h1821,0.3543630997986469,scr2002,avaStIn,bevFrtRoadLight
LT,h1822,0.3154781828948128,scr2002,avaStIn,bevFrtRoadLight
LT,h1823,0.27112993299959987,scr2002,avaStIn,bevFrtRoadLight
LT,h1824,0.2381911639591776,scr2002,avaStIn,bevFrtRoadLight
LT,h1825,0.28388199759953203,scr2002,avaStIn,bevFrtRoadLight
LT,h1826,0.34615260530650627,scr2002,avaStIn,bevFrtRoadLight
LT,h1827,0.4106293035759673,scr2002,avaStIn,bevFrtRoadLight
LT,h1828,0.4302562346105031,scr2002,avaStIn,bevFrtRoadLight
LT,h1829,0.4411964644145132,scr2002,avaStIn,bevFrtRoadLight
LT,h1830,0.45751109901302867,scr2002,avaStIn,bevFrtRoadLight
LT,h1831,0.48871757217710954,scr2002,avaStIn,bevFrtRoadLight
LT,h1832,0.5314509691002262,scr2002,avaStIn,bevFrtRoadLight
LT,h1833,0.5711878747561929,scr2002,avaStIn,bevFrtRoadLight
LT,h1834,0.5980939691710526,scr2002,avaStIn,bevFrtRoadLight
LT,h1835,0.608394034195855,scr2002,avaStIn,bevFrtRoadLight
LT,h1836,0.6010568773540479,scr2002,avaStIn,bevFrtRoadLight
LT,h1837,0.5764247164288175,scr2002,avaStIn,bevFrtRoadLight
LT,h1838,0.5401459054358786,scr2002,avaStIn,bevFrtRoadLight
LT,h1839,0.4982672792884357,scr2002,avaStIn,bevFrtRoadLight
LT,h1840,0.4574139907405833,scr2002,avaStIn,bevFrtRoadLight
LT,h1841,0.42470386872332366,scr2002,avaStIn,bevFrtRoadLight
LT,h1842,0.4070105681582177,scr2002,avaStIn,bevFrtRoadLight
LT,h1843,0.3993554704479094,scr2002,avaStIn,bevFrtRoadLight
LT,h1844,0.3942528360151184,scr2002,avaStIn,bevFrtRoadLight
LT,h1845,0.3809841238928826,scr2002,avaStIn,bevFrtRoadLight
LT,h1846,0.3497784944040866,scr2002,avaStIn,bevFrtRoadLight
LT,h1847,0.3123069662403203,scr2002,avaStIn,bevFrtRoadLight
LT,h1848,0.2821792829284123,scr2002,avaStIn,bevFrtRoadLight
LT,h1849,0.3106843918239848,scr2002,avaStIn,bevFrtRoadLight
LT,h1850,0.35866299968064763,scr2002,avaStIn,bevFrtRoadLight
LT,h1851,0.4106293035759673,scr2002,avaStIn,bevFrtRoadLight
LT,h1852,0.4302562346105031,scr2002,avaStIn,bevFrtRoadLight
LT,h1853,0.4411964644145132,scr2002,avaStIn,bevFrtRoadLight
LT,h1854,0.45751109901302867,scr2002,avaStIn,bevFrtRoadLight
LT,h1855,0.48871757217710954,scr2002,avaStIn,bevFrtRoadLight
LT,h1856,0.5314509691002262,scr2002,avaStIn,bevFrtRoadLight
LT,h1857,0.5711878747561929,scr2002,avaStIn,bevFrtRoadLight
LT,h1858,0.5980939691710526,scr2002,avaStIn,bevFrtRoadLight
LT,h1859,0.608394034195855,scr2002,avaStIn,bevFrtRoadLight
LT,h1860,0.6010568773540479,scr2002,avaStIn,bevFrtRoadLight
LT,h1861,0.5764247164288175,scr2002,avaStIn,bevFrtRoadLight
LT,h1862,0.5401459054358786,scr2002,avaStIn,bevFrtRoadLight
LT,h1863,0.4982672792884357,scr2002,avaStIn,bevFrtRoadLight
LT,h1864,0.4574139907405833,scr2002,avaStIn,bevFrtRoadLight
LT,h1865,0.42470386872332366,scr2002,avaStIn,bevFrtRoadLight
LT,h1866,0.4070105681582177,scr2002,avaStIn,bevFrtRoadLight
LT,h1867,0.3993554704479094,scr2002,avaStIn,bevFrtRoadLight
LT,h1868,0.3942528360151184,scr2002,avaStIn,bevFrtRoadLight
LT,h1869,0.3809841238928826,scr2002,avaStIn,bevFrtRoadLight
LT,h1870,0.3497784944040866,scr2002,avaStIn,bevFrtRoadLight
LT,h1871,0.3123069662403203,scr2002,avaStIn,bevFrtRoadLight
LT,h1872,0.2821792829284123,scr2002,avaStIn,bevFrtRoadLight
LT,h1873,0.3106843918239848,scr2002,avaStIn,bevFrtRoadLight
LT,h1874,0.35866299968064763,scr2002,avaStIn,bevFrtRoadLight
LT,h1875,0.4106293035759673,scr2002,avaStIn,bevFrtRoadLight
LT,h1876,0.4302562346105031,scr2002,avaStIn,bevFrtRoadLight
LT,h1877,0.4411964644145132,scr2002,avaStIn,bevFrtRoadLight
LT,h1878,0.45751109901302867,scr2002,avaStIn,bevFrtRoadLight
LT,h1879,0.48871757217710954,scr2002,avaStIn,bevFrtRoadLight
LT,h1880,0.5314509691002262,scr2002,avaStIn,bevFrtRoadLight
LT,h1881,0.5711878747561929,scr2002,avaStIn,bevFrtRoadLight
LT,h1882,0.5980939691710526,scr2002,avaStIn,bevFrtRoadLight
LT,h1883,0.608394034195855,scr2002,avaStIn,bevFrtRoadLight
LT,h1884,0.6010568773540479,scr2002,avaStIn,bevFrtRoadLight
LT,h1885,0.5764247164288175,scr2002,avaStIn,bevFrtRoadLight
LT,h1886,0.5401459054358786,scr2002,avaStIn,bevFrtRoadLight
LT,h1887,0.4982672792884357,scr2002,avaStIn,bevFrtRoadLight
LT,h1888,0.4574139907405833,scr2002,avaStIn,bevFrtRoadLight
LT,h1889,0.42470386872332366,scr2002,avaStIn,bevFrtRoadLight
LT,h1890,0.4070105681582177,scr2002,avaStIn,bevFrtRoadLight
LT,h1891,0.3993554704479094,scr2002,avaStIn,bevFrtRoadLight
LT,h1892,0.3942528360151184,scr2002,avaStIn,bevFrtRoadLight
LT,h1893,0.3809841238928826,scr2002,avaStIn,bevFrtRoadLight
LT,h1894,0.3497784944040866,scr2002,avaStIn,bevFrtRoadLight
LT,h1895,0.3123069662403203,scr2002,avaStIn,bevFrtRoadLight
LT,h1896,0.2821792829284123,scr2002,avaStIn,bevFrtRoadLight
LT,h1897,0.3106843918239848,scr2002,avaStIn,bevFrtRoadLight
LT,h1898,0.35866299968064763,scr2002,avaStIn,bevFrtRoadLight
LT,h1899,0.4106293035759673,scr2002,avaStIn,bevFrtRoadLight
LT,h1900,0.4302562346105031,scr2002,avaStIn,bevFrtRoadLight
LT,h1901,0.4411964644145132,scr2002,avaStIn,bevFrtRoadLight
LT,h1902,0.45751109901302867,scr2002,avaStIn,bevFrtRoadLight
LT,h1903,0.48871757217710954,scr2002,avaStIn,bevFrtRoadLight
LT,h1904,0.5314509691002262,scr2002,avaStIn,bevFrtRoadLight
LT,h1905,0.5711878747561929,scr2002,avaStIn,bevFrtRoadLight
LT,h1906,0.5980939691710526,scr2002,avaStIn,bevFrtRoadLight
LT,h1907,0.608394034195855,scr2002,avaStIn,bevFrtRoadLight
LT,h1908,0.6010568773540479,scr2002,avaStIn,bevFrtRoadLight
LT,h1909,0.5764247164288175,scr2002,avaStIn,bevFrtRoadLight
LT,h1910,0.5401459054358786,scr2002,avaStIn,bevFrtRoadLight
LT,h1911,0.4982672792884357,scr2002,avaStIn,bevFrtRoadLight
LT,h1912,0.4574139907405833,scr2002,avaStIn,bevFrtRoadLight
LT,h1913,0.42470386872332366,scr2002,avaStIn,bevFrtRoadLight
LT,h1914,0.4070105681582177,scr2002,avaStIn,bevFrtRoadLight
LT,h1915,0.3993554704479094,scr2002,avaStIn,bevFrtRoadLight
LT,h1916,0.3942528360151184,scr2002,avaStIn,bevFrtRoadLight
LT,h1917,0.3809841238928826,scr2002,avaStIn,bevFrtRoadLight
LT,h1918,0.3497784944040866,scr2002,avaStIn,bevFrtRoadLight
LT,h1919,0.3123069662403203,scr2002,avaStIn,bevFrtRoadLight
LT,h1920,0.2821792829284123,scr2002,avaStIn,bevFrtRoadLight
LT,h1921,0.3106843918239848,scr2002,avaStIn,bevFrtRoadLight
LT,h1922,0.35866299968064763,scr2002,avaStIn,bevFrtRoadLight
LT,h1923,0.4106293035759673,scr2002,avaStIn,bevFrtRoadLight
LT,h1924,0.4302562346105031,scr2002,avaStIn,bevFrtRoadLight
LT,h1925,0.4411964644145132,scr2002,avaStIn,bevFrtRoadLight
LT,h1926,0.45751109901302867,scr2002,avaStIn,bevFrtRoadLight
LT,h1927,0.48871757217710954,scr2002,avaStIn,bevFrtRoadLight
LT,h1928,0.5314509691002262,scr2002,avaStIn,bevFrtRoadLight
LT,h1929,0.5711878747561929,scr2002,avaStIn,bevFrtRoadLight
LT,h1930,0.5980939691710526,scr2002,avaStIn,bevFrtRoadLight
LT,h1931,0.608394034195855,scr2002,avaStIn,bevFrtRoadLight
LT,h1932,0.6010568773540479,scr2002,avaStIn,bevFrtRoadLight
LT,h1933,0.5764247164288175,scr2002,avaStIn,bevFrtRoadLight
LT,h1934,0.5401459054358786,scr2002,avaStIn,bevFrtRoadLight
LT,h1935,0.4982672792884357,scr2002,avaStIn,bevFrtRoadLight
LT,h1936,0.4574139907405833,scr2002,avaStIn,bevFrtRoadLight
LT,h1937,0.42470386872332366,scr2002,avaStIn,bevFrtRoadLight
LT,h1938,0.4070105681582177,scr2002,avaStIn,bevFrtRoadLight
LT,h1939,0.3993554704479094,scr2002,avaStIn,bevFrtRoadLight
LT,h1940,0.3942528360151184,scr2002,avaStIn,bevFrtRoadLight
LT,h1941,0.3809841238928826,scr2002,avaStIn,bevFrtRoadLight
LT,h1942,0.3497784944040866,scr2002,avaStIn,bevFrtRoadLight
LT,h1943,0.3123069662403203,scr2002,avaStIn,bevFrtRoadLight
LT,h1944,0.2821792829284123,scr2002,avaStIn,bevFrtRoadLight
LT,h1945,0.230095162221032,scr2002,avaStIn,bevFrtRoadLight
LT,h1946,0.2300917975935889,scr2002,avaStIn,bevFrtRoadLight
LT,h1947,0.27148343409663167,scr2002,avaStIn,bevFrtRoadLight
LT,h1948,0.3790725700696759,scr2002,avaStIn,bevFrtRoadLight
LT,h1949,0.4623404992613247,scr2002,avaStIn,bevFrtRoadLight
LT,h1950,0.5259162274800008,scr2002,avaStIn,bevFrtRoadLight
LT,h1951,0.5772992909654577,scr2002,avaStIn,bevFrtRoadLight
LT,h1952,0.6171735770568829,scr2002,avaStIn,bevFrtRoadLight
LT,h1953,0.6409152522621753,scr2002,avaStIn,bevFrtRoadLight
LT,h1954,0.6489166669999998,scr2002,avaStIn,bevFrtRoadLight
LT,h1955,0.6400350534574337,scr2002,avaStIn,bevFrtRoadLight
LT,h1956,0.61588415769173,scr2002,avaStIn,bevFrtRoadLight
LT,h1957,0.5753501172674538,scr2002,avaStIn,bevFrtRoadLight
LT,h1958,0.5273486726990765,scr2002,avaStIn,bevFrtRoadLight
LT,h1959,0.47682400205808595,scr2002,avaStIn,bevFrtRoadLight
LT,h1960,0.4288063768750643,scr2002,avaStIn,bevFrtRoadLight
LT,h1961,0.39374570481652504,scr2002,avaStIn,bevFrtRoadLight
LT,h1962,0.3749031506247579,scr2002,avaStIn,bevFrtRoadLight
LT,h1963,0.37209330121313167,scr2002,avaStIn,bevFrtRoadLight
LT,h1964,0.36873105182903665,scr2002,avaStIn,bevFrtRoadLight
LT,h1965,0.3543630997986469,scr2002,avaStIn,bevFrtRoadLight
LT,h1966,0.3154781828948128,scr2002,avaStIn,bevFrtRoadLight
LT,h1967,0.27112993299959987,scr2002,avaStIn,bevFrtRoadLight
LT,h1968,0.2381911639591776,scr2002,avaStIn,bevFrtRoadLight
LT,h1969,0.20075744833264675,scr2002,avaStIn,bevFrtRoadLight
LT,h1970,0.21575624655576675,scr2002,avaStIn,bevFrtRoadLight
LT,h1971,0.27148343409663167,scr2002,avaStIn,bevFrtRoadLight
LT,h1972,0.3790725700696759,scr2002,avaStIn,bevFrtRoadLight
LT,h1973,0.4623404992613247,scr2002,avaStIn,bevFrtRoadLight
LT,h1974,0.5259162274800008,scr2002,avaStIn,bevFrtRoadLight
LT,h1975,0.5772992909654577,scr2002,avaStIn,bevFrtRoadLight
LT,h1976,0.6171735770568829,scr2002,avaStIn,bevFrtRoadLight
LT,h1977,0.6409152522621753,scr2002,avaStIn,bevFrtRoadLight
LT,h1978,0.6489166669999998,scr2002,avaStIn,bevFrtRoadLight
LT,h1979,0.6400350534574337,scr2002,avaStIn,bevFrtRoadLight
LT,h1980,0.61588415769173,scr2002,avaStIn,bevFrtRoadLight
LT,h1981,0.5753501172674538,scr2002,avaStIn,bevFrtRoadLight
LT,h1982,0.5273486726990765,scr2002,avaStIn,bevFrtRoadLight
LT,h1983,0.47682400205808595,scr2002,avaStIn,bevFrtRoadLight
LT,h1984,0.4288063768750643,scr2002,avaStIn,bevFrtRoadLight
LT,h1985,0.39374570481652504,scr2002,avaStIn,bevFrtRoadLight
LT,h1986,0.3749031506247579,scr2002,avaStIn,bevFrtRoadLight
LT,h1987,0.37209330121313167,scr2002,avaStIn,bevFrtRoadLight
LT,h1988,0.36873105182903665,scr2002,avaStIn,bevFrtRoadLight
LT,h1989,0.3543630997986469,scr2002,avaStIn,bevFrtRoadLight
LT,h1990,0.3154781828948128,scr2002,avaStIn,bevFrtRoadLight
LT,h1991,0.27112993299959987,scr2002,avaStIn,bevFrtRoadLight
LT,h1992,0.2381911639591776,scr2002,avaStIn,bevFrtRoadLight
LT,h1993,0.28388199759953203,scr2002,avaStIn,bevFrtRoadLight
LT,h1994,0.34615260530650627,scr2002,avaStIn,bevFrtRoadLight
LT,h1995,0.4106293035759673,scr2002,avaStIn,bevFrtRoadLight
LT,h1996,0.4302562346105031,scr2002,avaStIn,bevFrtRoadLight
LT,h1997,0.4411964644145132,scr2002,avaStIn,bevFrtRoadLight
LT,h1998,0.45751109901302867,scr2002,avaStIn,bevFrtRoadLight
LT,h1999,0.48871757217710954,scr2002,avaStIn,bevFrtRoadLight
LT,h2000,0.5314509691002262,scr2002,avaStIn,bevFrtRoadLight
LT,h2001,0.5711878747561929,scr2002,avaStIn,bevFrtRoadLight
LT,h2002,0.5980939691710526,scr2002,avaStIn,bevFrtRoadLight
LT,h2003,0.608394034195855,scr2002,avaStIn,bevFrtRoadLight
LT,h2004,0.6010568773540479,scr2002,avaStIn,bevFrtRoadLight
LT,h2005,0.5764247164288175,scr2002,avaStIn,bevFrtRoadLight
LT,h2006,0.5401459054358786,scr2002,avaStIn,bevFrtRoadLight
LT,h2007,0.4982672792884357,scr2002,avaStIn,bevFrtRoadLight
LT,h2008,0.4574139907405833,scr2002,avaStIn,bevFrtRoadLight
LT,h2009,0.42470386872332366,scr2002,avaStIn,bevFrtRoadLight
LT,h2010,0.4070105681582177,scr2002,avaStIn,bevFrtRoadLight
LT,h2011,0.3993554704479094,scr2002,avaStIn,bevFrtRoadLight
LT,h2012,0.3942528360151184,scr2002,avaStIn,bevFrtRoadLight
LT,h2013,0.3809841238928826,scr2002,avaStIn,bevFrtRoadLight
LT,h2014,0.3497784944040866,scr2002,avaStIn,bevFrtRoadLight
LT,h2015,0.3123069662403203,scr2002,avaStIn,bevFrtRoadLight
LT,h2016,0.2821792829284123,scr2002,avaStIn,bevFrtRoadLight
LT,h2017,0.3072840894621327,scr2002,avaStIn,bevFrtRoadLight
LT,h2018,0.33666905394072466,scr2002,avaStIn,bevFrtRoadLight
LT,h2019,0.36655496485550265,scr2002,avaStIn,bevFrtRoadLight
LT,h2020,0.3745731212047183,scr2002,avaStIn,bevFrtRoadLight
LT,h2021,0.4026088526762964,scr2002,avaStIn,bevFrtRoadLight
LT,h2022,0.44640061438376677,scr2002,avaStIn,bevFrtRoadLight
LT,h2023,0.4973037920546317,scr2002,avaStIn,bevFrtRoadLight
LT,h2024,0.5420216950586382,scr2002,avaStIn,bevFrtRoadLight
LT,h2025,0.5736954068525849,scr2002,avaStIn,bevFrtRoadLight
LT,h2026,0.5880342997851788,scr2002,avaStIn,bevFrtRoadLight
LT,h2027,0.5918947845476326,scr2002,avaStIn,bevFrtRoadLight
LT,h2028,0.5837522950091351,scr2002,avaStIn,bevFrtRoadLight
LT,h2029,0.566630011228302,scr2002,avaStIn,bevFrtRoadLight
LT,h2030,0.5326460205473856,scr2002,avaStIn,bevFrtRoadLight
LT,h2031,0.48334141219508586,scr2002,avaStIn,bevFrtRoadLight
LT,h2032,0.4237800531764452,scr2002,avaStIn,bevFrtRoadLight
LT,h2033,0.3668064382544399,scr2002,avaStIn,bevFrtRoadLight
LT,h2034,0.33858624085132816,scr2002,avaStIn,bevFrtRoadLight
LT,h2035,0.33981235579051505,scr2002,avaStIn,bevFrtRoadLight
LT,h2036,0.3644150552627201,scr2002,avaStIn,bevFrtRoadLight
LT,h2037,0.39407002810213865,scr2002,avaStIn,bevFrtRoadLight
LT,h2038,0.4100441996396512,scr2002,avaStIn,bevFrtRoadLight
LT,h2039,0.41244752514225314,scr2002,avaStIn,bevFrtRoadLight
LT,h2040,0.3977671810575979,scr2002,avaStIn,bevFrtRoadLight
LT,h2041,0.3840802424090224,scr2002,avaStIn,bevFrtRoadLight
LT,h2042,0.37136048642151265,scr2002,avaStIn,bevFrtRoadLight
LT,h2043,0.36655496485550265,scr2002,avaStIn,bevFrtRoadLight
LT,h2044,0.3745731212047183,scr2002,avaStIn,bevFrtRoadLight
LT,h2045,0.4026088526762964,scr2002,avaStIn,bevFrtRoadLight
LT,h2046,0.44640061438376677,scr2002,avaStIn,bevFrtRoadLight
LT,h2047,0.4973037920546317,scr2002,avaStIn,bevFrtRoadLight
LT,h2048,0.5420216950586382,scr2002,avaStIn,bevFrtRoadLight
LT,h2049,0.5736954068525849,scr2002,avaStIn,bevFrtRoadLight
LT,h2050,0.5880342997851788,scr2002,avaStIn,bevFrtRoadLight
LT,h2051,0.5918947845476326,scr2002,avaStIn,bevFrtRoadLight
LT,h2052,0.5837522950091351,scr2002,avaStIn,bevFrtRoadLight
LT,h2053,0.566630011228302,scr2002,avaStIn,bevFrtRoadLight
LT,h2054,0.5326460205473856,scr2002,avaStIn,bevFrtRoadLight
LT,h2055,0.48334141219508586,scr2002,avaStIn,bevFrtRoadLight
LT,h2056,0.4237800531764452,scr2002,avaStIn,bevFrtRoadLight
LT,h2057,0.3668064382544399,scr2002,avaStIn,bevFrtRoadLight
LT,h2058,0.33858624085132816,scr2002,avaStIn,bevFrtRoadLight
LT,h2059,0.33981235579051505,scr2002,avaStIn,bevFrtRoadLight
LT,h2060,0.3644150552627201,scr2002,avaStIn,bevFrtRoadLight
LT,h2061,0.39407002810213865,scr2002,avaStIn,bevFrtRoadLight
LT,h2062,0.4100441996396512,scr2002,avaStIn,bevFrtRoadLight
LT,h2063,0.41244752514225314,scr2002,avaStIn,bevFrtRoadLight
LT,h2064,0.3977671810575979,scr2002,avaStIn,bevFrtRoadLight
LT,h2065,0.3840802424090224,scr2002,avaStIn,bevFrtRoadLight
LT,h2066,0.37136048642151265,scr2002,avaStIn,bevFrtRoadLight
LT,h2067,0.36655496485550265,scr2002,avaStIn,bevFrtRoadLight
LT,h2068,0.3745731212047183,scr2002,avaStIn,bevFrtRoadLight
LT,h2069,0.4026088526762964,scr2002,avaStIn,bevFrtRoadLight
LT,h2070,0.44640061438376677,scr2002,avaStIn,bevFrtRoadLight
LT,h2071,0.4973037920546317,scr2002,avaStIn,bevFrtRoadLight
LT,h2072,0.5420216950586382,scr2002,avaStIn,bevFrtRoadLight
LT,h2073,0.5736954068525849,scr2002,avaStIn,bevFrtRoadLight
LT,h2074,0.5880342997851788,scr2002,avaStIn,bevFrtRoadLight
LT,h2075,0.5918947845476326,scr2002,avaStIn,bevFrtRoadLight
LT,h2076,0.5837522950091351,scr2002,avaStIn,bevFrtRoadLight
LT,h2077,0.566630011228302,scr2002,avaStIn,bevFrtRoadLight
LT,h2078,0.5326460205473856,scr2002,avaStIn,bevFrtRoadLight
LT,h2079,0.48334141219508586,scr2002,avaStIn,bevFrtRoadLight
LT,h2080,0.4237800531764452,scr2002,avaStIn,bevFrtRoadLight
LT,h2081,0.3668064382544399,scr2002,avaStIn,bevFrtRoadLight
LT,h2082,0.33858624085132816,scr2002,avaStIn,bevFrtRoadLight
LT,h2083,0.33981235579051505,scr2002,avaStIn,bevFrtRoadLight
LT,h2084,0.3644150552627201,scr2002,avaStIn,bevFrtRoadLight
LT,h2085,0.39407002810213865,scr2002,avaStIn,bevFrtRoadLight
LT,h2086,0.4100441996396512,scr2002,avaStIn,bevFrtRoadLight
LT,h2087,0.41244752514225314,scr2002,avaStIn,bevFrtRoadLight
LT,h2088,0.3977671810575979,scr2002,avaStIn,bevFrtRoadLight
LT,h2089,0.3840802424090224,scr2002,avaStIn,bevFrtRoadLight
LT,h2090,0.37136048642151265,scr2002,avaStIn,bevFrtRoadLight
LT,h2091,0.36655496485550265,scr2002,avaStIn,bevFrtRoadLight
LT,h2092,0.3745731212047183,scr2002,avaStIn,bevFrtRoadLight
LT,h2093,0.4026088526762964,scr2002,avaStIn,bevFrtRoadLight
LT,h2094,0.44640061438376677,scr2002,avaStIn,bevFrtRoadLight
LT,h2095,0.4973037920546317,scr2002,avaStIn,bevFrtRoadLight
LT,h2096,0.5420216950586382,scr2002,avaStIn,bevFrtRoadLight
LT,h2097,0.5736954068525849,scr2002,avaStIn,bevFrtRoadLight
LT,h2098,0.5880342997851788,scr2002,avaStIn,bevFrtRoadLight
LT,h2099,0.5918947845476326,scr2002,avaStIn,bevFrtRoadLight
LT,h2100,0.5837522950091351,scr2002,avaStIn,bevFrtRoadLight
LT,h2101,0.566630011228302,scr2002,avaStIn,bevFrtRoadLight
LT,h2102,0.5326460205473856,scr2002,avaStIn,bevFrtRoadLight
LT,h2103,0.48334141219508586,scr2002,avaStIn,bevFrtRoadLight
LT,h2104,0.4237800531764452,scr2002,avaStIn,bevFrtRoadLight
LT,h2105,0.3668064382544399,scr2002,avaStIn,bevFrtRoadLight
LT,h2106,0.33858624085132816,scr2002,avaStIn,bevFrtRoadLight
LT,h2107,0.33981235579051505,scr2002,avaStIn,bevFrtRoadLight
LT,h2108,0.3644150552627201,scr2002,avaStIn,bevFrtRoadLight
LT,h2109,0.39407002810213865,scr2002,avaStIn,bevFrtRoadLight
LT,h2110,0.4100441996396512,scr2002,avaStIn,bevFrtRoadLight
LT,h2111,0.41244752514225314,scr2002,avaStIn,bevFrtRoadLight
LT,h2112,0.3977671810575979,scr2002,avaStIn,bevFrtRoadLight
LT,h2113,0.4215422859318668,scr2002,avaStIn,bevFrtRoadLight
LT,h2114,0.44561523253946533,scr2002,avaStIn,bevFrtRoadLight
LT,h2115,0.46890884939949806,scr2002,avaStIn,bevFrtRoadLight
LT,h2116,0.4606801828577375,scr2002,avaStIn,bevFrtRoadLight
LT,h2117,0.4598809008191356,scr2002,avaStIn,bevFrtRoadLight
LT,h2118,0.47373682010553864,scr2002,avaStIn,bevFrtRoadLight
LT,h2119,0.49837466067849223,scr2002,avaStIn,bevFrtRoadLight
LT,h2120,0.5249322712656334,scr2002,avaStIn,bevFrtRoadLight
LT,h2121,0.5295524702973696,scr2002,avaStIn,bevFrtRoadLight
LT,h2122,0.5237384833973733,scr2002,avaStIn,bevFrtRoadLight
LT,h2123,0.517462220076728,scr2002,avaStIn,bevFrtRoadLight
LT,h2124,0.5202231448594441,scr2002,avaStIn,bevFrtRoadLight
LT,h2125,0.5168074572603817,scr2002,avaStIn,bevFrtRoadLight
LT,h2126,0.4881087918461403,scr2002,avaStIn,bevFrtRoadLight
LT,h2127,0.4401501060096197,scr2002,avaStIn,bevFrtRoadLight
LT,h2128,0.3751810028677981,scr2002,avaStIn,bevFrtRoadLight
LT,h2129,0.3184738733356699,scr2002,avaStIn,bevFrtRoadLight
LT,h2130,0.2885496316681868,scr2002,avaStIn,bevFrtRoadLight
LT,h2131,0.2950430145218158,scr2002,avaStIn,bevFrtRoadLight
LT,h2132,0.3362350273761402,scr2002,avaStIn,bevFrtRoadLight
LT,h2133,0.3905257678468871,scr2002,avaStIn,bevFrtRoadLight
LT,h2134,0.4405757953478313,scr2002,avaStIn,bevFrtRoadLight
LT,h2135,0.4738121072088959,scr2002,avaStIn,bevFrtRoadLight
LT,h2136,0.4995552626921461,scr2002,avaStIn,bevFrtRoadLight
LT,h2137,0.5006979269249346,scr2002,avaStIn,bevFrtRoadLight
LT,h2138,0.49234384959123256,scr2002,avaStIn,bevFrtRoadLight
LT,h2139,0.46890884939949806,scr2002,avaStIn,bevFrtRoadLight
LT,h2140,0.4606801828577375,scr2002,avaStIn,bevFrtRoadLight
LT,h2141,0.4598809008191356,scr2002,avaStIn,bevFrtRoadLight
LT,h2142,0.47373682010553864,scr2002,avaStIn,bevFrtRoadLight
LT,h2143,0.49837466067849223,scr2002,avaStIn,bevFrtRoadLight
LT,h2144,0.5249322712656334,scr2002,avaStIn,bevFrtRoadLight
LT,h2145,0.5295524702973696,scr2002,avaStIn,bevFrtRoadLight
LT,h2146,0.5237384833973733,scr2002,avaStIn,bevFrtRoadLight
LT,h2147,0.517462220076728,scr2002,avaStIn,bevFrtRoadLight
LT,h2148,0.5202231448594441,scr2002,avaStIn,bevFrtRoadLight
LT,h2149,0.5168074572603817,scr2002,avaStIn,bevFrtRoadLight
LT,h2150,0.4881087918461403,scr2002,avaStIn,bevFrtRoadLight
LT,h2151,0.4401501060096197,scr2002,avaStIn,bevFrtRoadLight
LT,h2152,0.3751810028677981,scr2002,avaStIn,bevFrtRoadLight
LT,h2153,0.3184738733356699,scr2002,avaStIn,bevFrtRoadLight
LT,h2154,0.2885496316681868,scr2002,avaStIn,bevFrtRoadLight
LT,h2155,0.2950430145218158,scr2002,avaStIn,bevFrtRoadLight
LT,h2156,0.3362350273761402,scr2002,avaStIn,bevFrtRoadLight
LT,h2157,0.3905257678468871,scr2002,avaStIn,bevFrtRoadLight
LT,h2158,0.4405757953478313,scr2002,avaStIn,bevFrtRoadLight
LT,h2159,0.4738121072088959,scr2002,avaStIn,bevFrtRoadLight
LT,h2160,0.4995552626921461,scr2002,avaStIn,bevFrtRoadLight
LU,h1441,0.3714353995574986,scr2002,avaStIn,bevFrtRoadLight
LU,h1442,0.3846086524108919,scr2002,avaStIn,bevFrtRoadLight
LU,h1443,0.42374952391826404,scr2002,avaStIn,bevFrtRoadLight
LU,h1444,0.4709102315761218,scr2002,avaStIn,bevFrtRoadLight
LU,h1445,0.5000591446961408,scr2002,avaStIn,bevFrtRoadLight
LU,h1446,0.495233345157142,scr2002,avaStIn,bevFrtRoadLight
LU,h1447,0.5008043596015219,scr2002,avaStIn,bevFrtRoadLight
LU,h1448,0.5021789974738545,scr2002,avaStIn,bevFrtRoadLight
LU,h1449,0.5231874460949842,scr2002,avaStIn,bevFrtRoadLight
LU,h1450,0.5308529822226913,scr2002,avaStIn,bevFrtRoadLight
LU,h1451,0.536356959269228,scr2002,avaStIn,bevFrtRoadLight
LU,h1452,0.5373881561276749,scr2002,avaStIn,bevFrtRoadLight
LU,h1453,0.5288075990651915,scr2002,avaStIn,bevFrtRoadLight
LU,h1454,0.5095709286669997,scr2002,avaStIn,bevFrtRoadLight
LU,h1455,0.473753550931062,scr2002,avaStIn,bevFrtRoadLight
LU,h1456,0.4304466538396563,scr2002,avaStIn,bevFrtRoadLight
LU,h1457,0.3826879992214788,scr2002,avaStIn,bevFrtRoadLight
LU,h1458,0.35009603390058996,scr2002,avaStIn,bevFrtRoadLight
LU,h1459,0.3349394292024723,scr2002,avaStIn,bevFrtRoadLight
LU,h1460,0.34869160218954365,scr2002,avaStIn,bevFrtRoadLight
LU,h1461,0.36780057797615695,scr2002,avaStIn,bevFrtRoadLight
LU,h1462,0.38682791024436847,scr2002,avaStIn,bevFrtRoadLight
LU,h1463,0.3912979680884232,scr2002,avaStIn,bevFrtRoadLight
LU,h1464,0.3985938980480803,scr2002,avaStIn,bevFrtRoadLight
LU,h1465,0.38540755881640665,scr2002,avaStIn,bevFrtRoadLight
LU,h1466,0.39834418280524153,scr2002,avaStIn,bevFrtRoadLight
LU,h1467,0.42374952391826404,scr2002,avaStIn,bevFrtRoadLight
LU,h1468,0.4709102315761218,scr2002,avaStIn,bevFrtRoadLight
LU,h1469,0.5000591446961408,scr2002,avaStIn,bevFrtRoadLight
LU,h1470,0.495233345157142,scr2002,avaStIn,bevFrtRoadLight
LU,h1471,0.5008043596015219,scr2002,avaStIn,bevFrtRoadLight
LU,h1472,0.5021789974738545,scr2002,avaStIn,bevFrtRoadLight
LU,h1473,0.5231874460949842,scr2002,avaStIn,bevFrtRoadLight
LU,h1474,0.5308529822226913,scr2002,avaStIn,bevFrtRoadLight
LU,h1475,0.536356959269228,scr2002,avaStIn,bevFrtRoadLight
LU,h1476,0.5373881561276749,scr2002,avaStIn,bevFrtRoadLight
LU,h1477,0.5288075990651915,scr2002,avaStIn,bevFrtRoadLight
LU,h1478,0.5095709286669997,scr2002,avaStIn,bevFrtRoadLight
LU,h1479,0.473753550931062,scr2002,avaStIn,bevFrtRoadLight
LU,h1480,0.4304466538396563,scr2002,avaStIn,bevFrtRoadLight
LU,h1481,0.3826879992214788,scr2002,avaStIn,bevFrtRoadLight
LU,h1482,0.35009603390058996,scr2002,avaStIn,bevFrtRoadLight
LU,h1483,0.3349394292024723,scr2002,avaStIn,bevFrtRoadLight
LU,h1484,0.34869160218954365,scr2002,avaStIn,bevFrtRoadLight
LU,h1485,0.36780057797615695,scr2002,avaStIn,bevFrtRoadLight
LU,h1486,0.38682791024436847,scr2002,avaStIn,bevFrtRoadLight
LU,h1487,0.3912979680884232,scr2002,avaStIn,bevFrtRoadLight
LU,h1488,0.3985938980480803,scr2002,avaStIn,bevFrtRoadLight
LU,h1489,0.4174388969205469,scr2002,avaStIn,bevFrtRoadLight
LU,h1490,0.4439543832070485,scr2002,avaStIn,bevFrtRoadLight
LU,h1491,0.464238846132911,scr2002,avaStIn,bevFrtRoadLight
LU,h1492,0.4692993118565085,scr2002,avaStIn,bevFrtRoadLight
LU,h1493,0.4647572130501477,scr2002,avaStIn,bevFrtRoadLight
LU,h1494,0.4606421333392813,scr2002,avaStIn,bevFrtRoadLight
LU,h1495,0.4606294501381404,scr2002,avaStIn,bevFrtRoadLight
LU,h1496,0.4771202000278558,scr2002,avaStIn,bevFrtRoadLight
LU,h1497,0.4942956004519071,scr2002,avaStIn,bevFrtRoadLight
LU,h1498,0.5099123823053463,scr2002,avaStIn,bevFrtRoadLight
LU,h1499,0.5161038254350148,scr2002,avaStIn,bevFrtRoadLight
LU,h1500,0.5219276355822776,scr2002,avaStIn,bevFrtRoadLight
LU,h1501,0.5234247828552905,scr2002,avaStIn,bevFrtRoadLight
LU,h1502,0.515666896351518,scr2002,avaStIn,bevFrtRoadLight
LU,h1503,0.4904757420921084,scr2002,avaStIn,bevFrtRoadLight
LU,h1504,0.4511048686615209,scr2002,avaStIn,bevFrtRoadLight
LU,h1505,0.401719554609377,scr2002,avaStIn,bevFrtRoadLight
LU,h1506,0.362910361244157,scr2002,avaStIn,bevFrtRoadLight
LU,h1507,0.3472619056461236,scr2002,avaStIn,bevFrtRoadLight
LU,h1508,0.35727079588328314,scr2002,avaStIn,bevFrtRoadLight
LU,h1509,0.378468834507535,scr2002,avaStIn,bevFrtRoadLight
LU,h1510,0.39319028121074384,scr2002,avaStIn,bevFrtRoadLight
LU,h1511,0.3959422870730802,scr2002,avaStIn,bevFrtRoadLight
LU,h1512,0.3854887711962275,scr2002,avaStIn,bevFrtRoadLight
LU,h1513,0.42769853598926943,scr2002,avaStIn,bevFrtRoadLight
LU,h1514,0.46444116177482064,scr2002,avaStIn,bevFrtRoadLight
LU,h1515,0.5002557267591349,scr2002,avaStIn,bevFrtRoadLight
LU,h1516,0.4779833592811431,scr2002,avaStIn,bevFrtRoadLight
LU,h1517,0.45518876455881485,scr2002,avaStIn,bevFrtRoadLight
LU,h1518,0.43596244051473665,scr2002,avaStIn,bevFrtRoadLight
LU,h1519,0.4287672948543091,scr2002,avaStIn,bevFrtRoadLight
LU,h1520,0.4310449118345231,scr2002,avaStIn,bevFrtRoadLight
LU,h1521,0.43651906754470926,scr2002,avaStIn,bevFrtRoadLight
LU,h1522,0.42784196327677315,scr2002,avaStIn,bevFrtRoadLight
LU,h1523,0.40165285769436365,scr2002,avaStIn,bevFrtRoadLight
LU,h1524,0.3554492048303812,scr2002,avaStIn,bevFrtRoadLight
LU,h1525,0.30743387757687923,scr2002,avaStIn,bevFrtRoadLight
LU,h1526,0.278936309503648,scr2002,avaStIn,bevFrtRoadLight
LU,h1527,0.28525649117608465,scr2002,avaStIn,bevFrtRoadLight
LU,h1528,0.33100477113297455,scr2002,avaStIn,bevFrtRoadLight
LU,h1529,0.3951643597987161,scr2002,avaStIn,bevFrtRoadLight
LU,h1530,0.46644985491696445,scr2002,avaStIn,bevFrtRoadLight
LU,h1531,0.5302489042156142,scr2002,avaStIn,bevFrtRoadLight
LU,h1532,0.5770673902258092,scr2002,avaStIn,bevFrtRoadLight
LU,h1533,0.5986769755958498,scr2002,avaStIn,bevFrtRoadLight
LU,h1534,0.6016883948095747,scr2002,avaStIn,bevFrtRoadLight
LU,h1535,0.5924055260109063,scr2002,avaStIn,bevFrtRoadLight
LU,h1536,0.5774847836798132,scr2002,avaStIn,bevFrtRoadLight
LU,h1537,0.5517773619954187,scr2002,avaStIn,bevFrtRoadLight
LU,h1538,0.5248358437172166,scr2002,avaStIn,bevFrtRoadLight
LU,h1539,0.5002557267591349,scr2002,avaStIn,bevFrtRoadLight
LU,h1540,0.4779833592811431,scr2002,avaStIn,bevFrtRoadLight
LU,h1541,0.45518876455881485,scr2002,avaStIn,bevFrtRoadLight
LU,h1542,0.43596244051473665,scr2002,avaStIn,bevFrtRoadLight
LU,h1543,0.4287672948543091,scr2002,avaStIn,bevFrtRoadLight
LU,h1544,0.4310449118345231,scr2002,avaStIn,bevFrtRoadLight
LU,h1545,0.43651906754470926,scr2002,avaStIn,bevFrtRoadLight
LU,h1546,0.42784196327677315,scr2002,avaStIn,bevFrtRoadLight
LU,h1547,0.40165285769436365,scr2002,avaStIn,bevFrtRoadLight
LU,h1548,0.3554492048303812,scr2002,avaStIn,bevFrtRoadLight
LU,h1549,0.30743387757687923,scr2002,avaStIn,bevFrtRoadLight
LU,h1550,0.278936309503648,scr2002,avaStIn,bevFrtRoadLight
LU,h1551,0.28525649117608465,scr2002,avaStIn,bevFrtRoadLight
LU,h1552,0.33100477113297455,scr2002,avaStIn,bevFrtRoadLight
LU,h1553,0.3951643597987161,scr2002,avaStIn,bevFrtRoadLight
LU,h1554,0.46644985491696445,scr2002,avaStIn,bevFrtRoadLight
LU,h1555,0.5302489042156142,scr2002,avaStIn,bevFrtRoadLight
LU,h1556,0.5770673902258092,scr2002,avaStIn,bevFrtRoadLight
LU,h1557,0.5986769755958498,scr2002,avaStIn,bevFrtRoadLight
LU,h1558,0.6016883948095747,scr2002,avaStIn,bevFrtRoadLight
LU,h1559,0.5924055260109063,scr2002,avaStIn,bevFrtRoadLight
LU,h1560,0.5774847836798132,scr2002,avaStIn,bevFrtRoadLight
LU,h1561,0.5517773619954187,scr2002,avaStIn,bevFrtRoadLight
LU,h1562,0.5248358437172166,scr2002,avaStIn,bevFrtRoadLight
LU,h1563,0.5002557267591349,scr2002,avaStIn,bevFrtRoadLight
LU,h1564,0.4779833592811431,scr2002,avaStIn,bevFrtRoadLight
LU,h1565,0.45518876455881485,scr2002,avaStIn,bevFrtRoadLight
LU,h1566,0.43596244051473665,scr2002,avaStIn,bevFrtRoadLight
LU,h1567,0.4287672948543091,scr2002,avaStIn,bevFrtRoadLight
LU,h1568,0.4310449118345231,scr2002,avaStIn,bevFrtRoadLight
LU,h1569,0.43651906754470926,scr2002,avaStIn,bevFrtRoadLight
LU,h1570,0.42784196327677315,scr2002,avaStIn,bevFrtRoadLight
LU,h1571,0.40165285769436365,scr2002,avaStIn,bevFrtRoadLight
LU,h1572,0.3554492048303812,scr2002,avaStIn,bevFrtRoadLight
LU,h1573,0.30743387757687923,scr2002,avaStIn,bevFrtRoadLight
LU,h1574,0.278936309503648,scr2002,avaStIn,bevFrtRoadLight
LU,h1575,0.28525649117608465,scr2002,avaStIn,bevFrtRoadLight
LU,h1576,0.33100477113297455,scr2002,avaStIn,bevFrtRoadLight
LU,h1577,0.3951643597987161,scr2002,avaStIn,bevFrtRoadLight
LU,h1578,0.46644985491696445,scr2002,avaStIn,bevFrtRoadLight
LU,h1579,0.5302489042156142,scr2002,avaStIn,bevFrtRoadLight
LU,h1580,0.5770673902258092,scr2002,avaStIn,bevFrtRoadLight
LU,h1581,0.5986769755958498,scr2002,avaStIn,bevFrtRoadLight
LU,h1582,0.6016883948095747,scr2002,avaStIn,bevFrtRoadLight
LU,h1583,0.5924055260109063,scr2002,avaStIn,bevFrtRoadLight
LU,h1584,0.5774847836798132,scr2002,avaStIn,bevFrtRoadLight
LU,h1585,0.5517773619954187,scr2002,avaStIn,bevFrtRoadLight
LU,h1586,0.5248358437172166,scr2002,avaStIn,bevFrtRoadLight
LU,h1587,0.5002557267591349,scr2002,avaStIn,bevFrtRoadLight
LU,h1588,0.4779833592811431,scr2002,avaStIn,bevFrtRoadLight
LU,h1589,0.45518876455881485,scr2002,avaStIn,bevFrtRoadLight
LU,h1590,0.43596244051473665,scr2002,avaStIn,bevFrtRoadLight
LU,h1591,0.4287672948543091,scr2002,avaStIn,bevFrtRoadLight
LU,h1592,0.4310449118345231,scr2002,avaStIn,bevFrtRoadLight
LU,h1593,0.43651906754470926,scr2002,avaStIn,bevFrtRoadLight
LU,h1594,0.42784196327677315,scr2002,avaStIn,bevFrtRoadLight
LU,h1595,0.40165285769436365,scr2002,avaStIn,bevFrtRoadLight
LU,h1596,0.3554492048303812,scr2002,avaStIn,bevFrtRoadLight
LU,h1597,0.30743387757687923,scr2002,avaStIn,bevFrtRoadLight
LU,h1598,0.278936309503648,scr2002,avaStIn,bevFrtRoadLight
LU,h1599,0.28525649117608465,scr2002,avaStIn,bevFrtRoadLight
LU,h1600,0.33100477113297455,scr2002,avaStIn,bevFrtRoadLight
LU,h1601,0.3951643597987161,scr2002,avaStIn,bevFrtRoadLight
LU,h1602,0.46644985491696445,scr2002,avaStIn,bevFrtRoadLight
LU,h1603,0.5302489042156142,scr2002,avaStIn,bevFrtRoadLight
LU,h1604,0.5770673902258092,scr2002,avaStIn,bevFrtRoadLight
LU,h1605,0.5986769755958498,scr2002,avaStIn,bevFrtRoadLight
LU,h1606,0.6016883948095747,scr2002,avaStIn,bevFrtRoadLight
LU,h1607,0.5924055260109063,scr2002,avaStIn,bevFrtRoadLight
LU,h1608,0.5774847836798132,scr2002,avaStIn,bevFrtRoadLight
LU,h1609,0.5399833096273894,scr2002,avaStIn,bevFrtRoadLight
LU,h1610,0.5020113380135911,scr2002,avaStIn,bevFrtRoadLight
LU,h1611,0.4635722307063156,scr2002,avaStIn,bevFrtRoadLight
LU,h1612,0.4380348659574729,scr2002,avaStIn,bevFrtRoadLight
LU,h1613,0.40762124803256283,scr2002,avaStIn,bevFrtRoadLight
LU,h1614,0.37888830724468336,scr2002,avaStIn,bevFrtRoadLight
LU,h1615,0.36958381422293585,scr2002,avaStIn,bevFrtRoadLight
LU,h1616,0.37840208488783933,scr2002,avaStIn,bevFrtRoadLight
LU,h1617,0.40312593459237533,scr2002,avaStIn,bevFrtRoadLight
LU,h1618,0.41362439373824145,scr2002,avaStIn,bevFrtRoadLight
LU,h1619,0.4028461315685412,scr2002,avaStIn,bevFrtRoadLight
LU,h1620,0.3603437041144123,scr2002,avaStIn,bevFrtRoadLight
LU,h1621,0.300735364069155,scr2002,avaStIn,bevFrtRoadLight
LU,h1622,0.24177370465061954,scr2002,avaStIn,bevFrtRoadLight
LU,h1623,0.21970614560615676,scr2002,avaStIn,bevFrtRoadLight
LU,h1624,0.25508395733229006,scr2002,avaStIn,bevFrtRoadLight
LU,h1625,0.34767139096765254,scr2002,avaStIn,bevFrtRoadLight
LU,h1626,0.45228041046836875,scr2002,avaStIn,bevFrtRoadLight
LU,h1627,0.5341134302691986,scr2002,avaStIn,bevFrtRoadLight
LU,h1628,0.5851656457268322,scr2002,avaStIn,bevFrtRoadLight
LU,h1629,0.6079565962864942,scr2002,avaStIn,bevFrtRoadLight
LU,h1630,0.6088378322847627,scr2002,avaStIn,bevFrtRoadLight
LU,h1631,0.5862547005889717,scr2002,avaStIn,bevFrtRoadLight
LU,h1632,0.5503272305028044,scr2002,avaStIn,bevFrtRoadLight
LU,h1633,0.5157882800473498,scr2002,avaStIn,bevFrtRoadLight
LU,h1634,0.4876212160339364,scr2002,avaStIn,bevFrtRoadLight
LU,h1635,0.4635722307063156,scr2002,avaStIn,bevFrtRoadLight
LU,h1636,0.4380348659574729,scr2002,avaStIn,bevFrtRoadLight
LU,h1637,0.40762124803256283,scr2002,avaStIn,bevFrtRoadLight
LU,h1638,0.37888830724468336,scr2002,avaStIn,bevFrtRoadLight
LU,h1639,0.36958381422293585,scr2002,avaStIn,bevFrtRoadLight
LU,h1640,0.37840208488783933,scr2002,avaStIn,bevFrtRoadLight
LU,h1641,0.40312593459237533,scr2002,avaStIn,bevFrtRoadLight
LU,h1642,0.41362439373824145,scr2002,avaStIn,bevFrtRoadLight
LU,h1643,0.4028461315685412,scr2002,avaStIn,bevFrtRoadLight
LU,h1644,0.3603437041144123,scr2002,avaStIn,bevFrtRoadLight
LU,h1645,0.300735364069155,scr2002,avaStIn,bevFrtRoadLight
LU,h1646,0.24177370465061954,scr2002,avaStIn,bevFrtRoadLight
LU,h1647,0.21970614560615676,scr2002,avaStIn,bevFrtRoadLight
LU,h1648,0.25508395733229006,scr2002,avaStIn,bevFrtRoadLight
LU,h1649,0.34767139096765254,scr2002,avaStIn,bevFrtRoadLight
LU,h1650,0.45228041046836875,scr2002,avaStIn,bevFrtRoadLight
LU,h1651,0.5341134302691986,scr2002,avaStIn,bevFrtRoadLight
LU,h1652,0.5851656457268322,scr2002,avaStIn,bevFrtRoadLight
LU,h1653,0.6079565962864942,scr2002,avaStIn,bevFrtRoadLight
LU,h1654,0.6088378322847627,scr2002,avaStIn,bevFrtRoadLight
LU,h1655,0.5862547005889717,scr2002,avaStIn,bevFrtRoadLight
LU,h1656,0.5503272305028044,scr2002,avaStIn,bevFrtRoadLight
LU,h1657,0.5277989482493217,scr2002,avaStIn,bevFrtRoadLight
LU,h1658,0.5107010378978177,scr2002,avaStIn,bevFrtRoadLight
LU,h1659,0.5002557267591349,scr2002,avaStIn,bevFrtRoadLight
LU,h1660,0.4779833592811431,scr2002,avaStIn,bevFrtRoadLight
LU,h1661,0.45518876455881485,scr2002,avaStIn,bevFrtRoadLight
LU,h1662,0.43596244051473665,scr2002,avaStIn,bevFrtRoadLight
LU,h1663,0.4287672948543091,scr2002,avaStIn,bevFrtRoadLight
LU,h1664,0.4310449118345231,scr2002,avaStIn,bevFrtRoadLight
LU,h1665,0.43651906754470926,scr2002,avaStIn,bevFrtRoadLight
LU,h1666,0.42784196327677315,scr2002,avaStIn,bevFrtRoadLight
LU,h1667,0.40165285769436365,scr2002,avaStIn,bevFrtRoadLight
LU,h1668,0.3554492048303812,scr2002,avaStIn,bevFrtRoadLight
LU,h1669,0.30743387757687923,scr2002,avaStIn,bevFrtRoadLight
LU,h1670,0.278936309503648,scr2002,avaStIn,bevFrtRoadLight
LU,h1671,0.28525649117608465,scr2002,avaStIn,bevFrtRoadLight
LU,h1672,0.33100477113297455,scr2002,avaStIn,bevFrtRoadLight
LU,h1673,0.3951643597987161,scr2002,avaStIn,bevFrtRoadLight
LU,h1674,0.46644985491696445,scr2002,avaStIn,bevFrtRoadLight
LU,h1675,0.5302489042156142,scr2002,avaStIn,bevFrtRoadLight
LU,h1676,0.5770673902258092,scr2002,avaStIn,bevFrtRoadLight
LU,h1677,0.5986769755958498,scr2002,avaStIn,bevFrtRoadLight
LU,h1678,0.6016883948095747,scr2002,avaStIn,bevFrtRoadLight
LU,h1679,0.5924055260109063,scr2002,avaStIn,bevFrtRoadLight
LU,h1680,0.5774847836798132,scr2002,avaStIn,bevFrtRoadLight
LU,h1681,0.5517773619954187,scr2002,avaStIn,bevFrtRoadLight
LU,h1682,0.5248358437172166,scr2002,avaStIn,bevFrtRoadLight
LU,h1683,0.5002557267591349,scr2002,avaStIn,bevFrtRoadLight
LU,h1684,0.4779833592811431,scr2002,avaStIn,bevFrtRoadLight
LU,h1685,0.45518876455881485,scr2002,avaStIn,bevFrtRoadLight
LU,h1686,0.43596244051473665,scr2002,avaStIn,bevFrtRoadLight
LU,h1687,0.4287672948543091,scr2002,avaStIn,bevFrtRoadLight
LU,h1688,0.4310449118345231,scr2002,avaStIn,bevFrtRoadLight
LU,h1689,0.43651906754470926,scr2002,avaStIn,bevFrtRoadLight
LU,h1690,0.42784196327677315,scr2002,avaStIn,bevFrtRoadLight
LU,h1691,0.40165285769436365,scr2002,avaStIn,bevFrtRoadLight
LU,h1692,0.3554492048303812,scr2002,avaStIn,bevFrtRoadLight
LU,h1693,0.30743387757687923,scr2002,avaStIn,bevFrtRoadLight
LU,h1694,0.278936309503648,scr2002,avaStIn,bevFrtRoadLight
LU,h1695,0.28525649117608465,scr2002,avaStIn,bevFrtRoadLight
LU,h1696,0.33100477113297455,scr2002,avaStIn,bevFrtRoadLight
LU,h1697,0.3951643597987161,scr2002,avaStIn,bevFrtRoadLight
LU,h1698,0.46644985491696445,scr2002,avaStIn,bevFrtRoadLight
LU,h1699,0.5302489042156142,scr2002,avaStIn,bevFrtRoadLight
LU,h1700,0.5770673902258092,scr2002,avaStIn,bevFrtRoadLight
LU,h1701,0.5986769755958498,scr2002,avaStIn,bevFrtRoadLight
LU,h1702,0.6016883948095747,scr2002,avaStIn,bevFrtRoadLight
LU,h1703,0.5924055260109063,scr2002,avaStIn,bevFrtRoadLight
LU,h1704,0.5774847836798132,scr2002,avaStIn,bevFrtRoadLight
LU,h1705,0.509038057831711,scr2002,avaStIn,bevFrtRoadLight
LU,h1706,0.45316073221470254,scr2002,avaStIn,bevFrtRoadLight
LU,h1707,0.4106293035759673,scr2002,avaStIn,bevFrtRoadLight
LU,h1708,0.4302562346105031,scr2002,avaStIn,bevFrtRoadLight
LU,h1709,0.4411964644145132,scr2002,avaStIn,bevFrtRoadLight
LU,h1710,0.45751109901302867,scr2002,avaStIn,bevFrtRoadLight
LU,h1711,0.48871757217710954,scr2002,avaStIn,bevFrtRoadLight
LU,h1712,0.5314509691002262,scr2002,avaStIn,bevFrtRoadLight
LU,h1713,0.5711878747561929,scr2002,avaStIn,bevFrtRoadLight
LU,h1714,0.5980939691710526,scr2002,avaStIn,bevFrtRoadLight
LU,h1715,0.608394034195855,scr2002,avaStIn,bevFrtRoadLight
LU,h1716,0.6010568773540479,scr2002,avaStIn,bevFrtRoadLight
LU,h1717,0.5764247164288175,scr2002,avaStIn,bevFrtRoadLight
LU,h1718,0.5401459054358786,scr2002,avaStIn,bevFrtRoadLight
LU,h1719,0.4982672792884357,scr2002,avaStIn,bevFrtRoadLight
LU,h1720,0.4574139907405833,scr2002,avaStIn,bevFrtRoadLight
LU,h1721,0.42470386872332366,scr2002,avaStIn,bevFrtRoadLight
LU,h1722,0.4070105681582177,scr2002,avaStIn,bevFrtRoadLight
LU,h1723,0.3993554704479094,scr2002,avaStIn,bevFrtRoadLight
LU,h1724,0.3942528360151184,scr2002,avaStIn,bevFrtRoadLight
LU,h1725,0.3809841238928826,scr2002,avaStIn,bevFrtRoadLight
LU,h1726,0.3497784944040866,scr2002,avaStIn,bevFrtRoadLight
LU,h1727,0.3123069662403203,scr2002,avaStIn,bevFrtRoadLight
LU,h1728,0.2821792829284123,scr2002,avaStIn,bevFrtRoadLight
LU,h1729,0.3106843918239848,scr2002,avaStIn,bevFrtRoadLight
LU,h1730,0.35866299968064763,scr2002,avaStIn,bevFrtRoadLight
LU,h1731,0.4106293035759673,scr2002,avaStIn,bevFrtRoadLight
LU,h1732,0.4302562346105031,scr2002,avaStIn,bevFrtRoadLight
LU,h1733,0.4411964644145132,scr2002,avaStIn,bevFrtRoadLight
LU,h1734,0.45751109901302867,scr2002,avaStIn,bevFrtRoadLight
LU,h1735,0.48871757217710954,scr2002,avaStIn,bevFrtRoadLight
LU,h1736,0.5314509691002262,scr2002,avaStIn,bevFrtRoadLight
LU,h1737,0.5711878747561929,scr2002,avaStIn,bevFrtRoadLight
LU,h1738,0.5980939691710526,scr2002,avaStIn,bevFrtRoadLight
LU,h1739,0.608394034195855,scr2002,avaStIn,bevFrtRoadLight
LU,h1740,0.6010568773540479,scr2002,avaStIn,bevFrtRoadLight
LU,h1741,0.5764247164288175,scr2002,avaStIn,bevFrtRoadLight
LU,h1742,0.5401459054358786,scr2002,avaStIn,bevFrtRoadLight
LU,h1743,0.4982672792884357,scr2002,avaStIn,bevFrtRoadLight
LU,h1744,0.4574139907405833,scr2002,avaStIn,bevFrtRoadLight
LU,h1745,0.42470386872332366,scr2002,avaStIn,bevFrtRoadLight
LU,h1746,0.4070105681582177,scr2002,avaStIn,bevFrtRoadLight
LU,h1747,0.3993554704479094,scr2002,avaStIn,bevFrtRoadLight
LU,h1748,0.3942528360151184,scr2002,avaStIn,bevFrtRoadLight
LU,h1749,0.3809841238928826,scr2002,avaStIn,bevFrtRoadLight
LU,h1750,0.3497784944040866,scr2002,avaStIn,bevFrtRoadLight
LU,h1751,0.3123069662403203,scr2002,avaStIn,bevFrtRoadLight
LU,h1752,0.2821792829284123,scr2002,avaStIn,bevFrtRoadLight
LU,h1753,0.3106843918239848,scr2002,avaStIn,bevFrtRoadLight
LU,h1754,0.35866299968064763,scr2002,avaStIn,bevFrtRoadLight
LU,h1755,0.4106293035759673,scr2002,avaStIn,bevFrtRoadLight
LU,h1756,0.4302562346105031,scr2002,avaStIn,bevFrtRoadLight
LU,h1757,0.4411964644145132,scr2002,avaStIn,bevFrtRoadLight
LU,h1758,0.45751109901302867,scr2002,avaStIn,bevFrtRoadLight
LU,h1759,0.48871757217710954,scr2002,avaStIn,bevFrtRoadLight
LU,h1760,0.5314509691002262,scr2002,avaStIn,bevFrtRoadLight
LU,h1761,0.5711878747561929,scr2002,avaStIn,bevFrtRoadLight
LU,h1762,0.5980939691710526,scr2002,avaStIn,bevFrtRoadLight
LU,h1763,0.608394034195855,scr2002,avaStIn,bevFrtRoadLight
LU,h1764,0.6010568773540479,scr2002,avaStIn,bevFrtRoadLight
LU,h1765,0.5764247164288175,scr2002,avaStIn,bevFrtRoadLight
LU,h1766,0.5401459054358786,scr2002,avaStIn,bevFrtRoadLight
LU,h1767,0.4982672792884357,scr2002,avaStIn,bevFrtRoadLight
LU,h1768,0.4574139907405833,scr2002,avaStIn,bevFrtRoadLight
LU,h1769,0.42470386872332366,scr2002,avaStIn,bevFrtRoadLight
LU,h1770,0.4070105681582177,scr2002,avaStIn,bevFrtRoadLight
LU,h1771,0.3993554704479094,scr2002,avaStIn,bevFrtRoadLight
LU,h1772,0.3942528360151184,scr2002,avaStIn,bevFrtRoadLight
LU,h1773,0.3809841238928826,scr2002,avaStIn,bevFrtRoadLight
LU,h1774,0.3497784944040866,scr2002,avaStIn,bevFrtRoadLight
LU,h1775,0.3123069662403203,scr2002,avaStIn,bevFrtRoadLight
LU,h1776,0.2821792829284123,scr2002,avaStIn,bevFrtRoadLight
LU,h1777,0.230095162221032,scr2002,avaStIn,bevFrtRoadLight
LU,h1778,0.2300917975935889,scr2002,avaStIn,bevFrtRoadLight
LU,h1779,0.27148343409663167,scr2002,avaStIn,bevFrtRoadLight
LU,h1780,0.3790725700696759,scr2002,avaStIn,bevFrtRoadLight
LU,h1781,0.4623404992613247,scr2002,avaStIn,bevFrtRoadLight
LU,h1782,0.5259162274800008,scr2002,avaStIn,bevFrtRoadLight
LU,h1783,0.5772992909654577,scr2002,avaStIn,bevFrtRoadLight
LU,h1784,0.6171735770568829,scr2002,avaStIn,bevFrtRoadLight
LU,h1785,0.6409152522621753,scr2002,avaStIn,bevFrtRoadLight
LU,h1786,0.6489166669999998,scr2002,avaStIn,bevFrtRoadLight
LU,h1787,0.6400350534574337,scr2002,avaStIn,bevFrtRoadLight
LU,h1788,0.61588415769173,scr2002,avaStIn,bevFrtRoadLight
LU,h1789,0.5753501172674538,scr2002,avaStIn,bevFrtRoadLight
LU,h1790,0.5273486726990765,scr2002,avaStIn,bevFrtRoadLight
LU,h1791,0.47682400205808595,scr2002,avaStIn,bevFrtRoadLight
LU,h1792,0.4288063768750643,scr2002,avaStIn,bevFrtRoadLight
LU,h1793,0.39374570481652504,scr2002,avaStIn,bevFrtRoadLight
LU,h1794,0.3749031506247579,scr2002,avaStIn,bevFrtRoadLight
LU,h1795,0.37209330121313167,scr2002,avaStIn,bevFrtRoadLight
LU,h1796,0.36873105182903665,scr2002,avaStIn,bevFrtRoadLight
LU,h1797,0.3543630997986469,scr2002,avaStIn,bevFrtRoadLight
LU,h1798,0.3154781828948128,scr2002,avaStIn,bevFrtRoadLight
LU,h1799,0.27112993299959987,scr2002,avaStIn,bevFrtRoadLight
LU,h1800,0.2381911639591776,scr2002,avaStIn,bevFrtRoadLight
LU,h1801,0.20075744833264675,scr2002,avaStIn,bevFrtRoadLight
LU,h1802,0.21575624655576675,scr2002,avaStIn,bevFrtRoadLight
LU,h1803,0.27148343409663167,scr2002,avaStIn,bevFrtRoadLight
LU,h1804,0.3790725700696759,scr2002,avaStIn,bevFrtRoadLight
LU,h1805,0.4623404992613247,scr2002,avaStIn,bevFrtRoadLight
LU,h1806,0.5259162274800008,scr2002,avaStIn,bevFrtRoadLight
LU,h1807,0.5772992909654577,scr2002,avaStIn,bevFrtRoadLight
LU,h1808,0.6171735770568829,scr2002,avaStIn,bevFrtRoadLight
LU,h1809,0.6409152522621753,scr2002,avaStIn,bevFrtRoadLight
LU,h1810,0.6489166669999998,scr2002,avaStIn,bevFrtRoadLight
LU,h1811,0.6400350534574337,scr2002,avaStIn,bevFrtRoadLight
LU,h1812,0.61588415769173,scr2002,avaStIn,bevFrtRoadLight
LU,h1813,0.5753501172674538,scr2002,avaStIn,bevFrtRoadLight
LU,h1814,0.5273486726990765,scr2002,avaStIn,bevFrtRoadLight
LU,h1815,0.47682400205808595,scr2002,avaStIn,bevFrtRoadLight
LU,h1816,0.4288063768750643,scr2002,avaStIn,bevFrtRoadLight
LU,h1817,0.39374570481652504,scr2002,avaStIn,bevFrtRoadLight
LU,h1818,0.3749031506247579,scr2002,avaStIn,bevFrtRoadLight
LU,h1819,0.37209330121313167,scr2002,avaStIn,bevFrtRoadLight
LU,h1820,0.36873105182903665,scr2002,avaStIn,bevFrtRoadLight
LU,h1821,0.3543630997986469,scr2002,avaStIn,bevFrtRoadLight
LU,h1822,0.3154781828948128,scr2002,avaStIn,bevFrtRoadLight
LU,h1823,0.27112993299959987,scr2002,avaStIn,bevFrtRoadLight
LU,h1824,0.2381911639591776,scr2002,avaStIn,bevFrtRoadLight
LU,h1825,0.28388199759953203,scr2002,avaStIn,bevFrtRoadLight
LU,h1826,0.34615260530650627,scr2002,avaStIn,bevFrtRoadLight
LU,h1827,0.4106293035759673,scr2002,avaStIn,bevFrtRoadLight
LU,h1828,0.4302562346105031,scr2002,avaStIn,bevFrtRoadLight
LU,h1829,0.4411964644145132,scr2002,avaStIn,bevFrtRoadLight
LU,h1830,0.45751109901302867,scr2002,avaStIn,bevFrtRoadLight
LU,h1831,0.48871757217710954,scr2002,avaStIn,bevFrtRoadLight
LU,h1832,0.5314509691002262,scr2002,avaStIn,bevFrtRoadLight
LU,h1833,0.5711878747561929,scr2002,avaStIn,bevFrtRoadLight
LU,h1834,0.5980939691710526,scr2002,avaStIn,bevFrtRoadLight
LU,h1835,0.608394034195855,scr2002,avaStIn,bevFrtRoadLight
LU,h1836,0.6010568773540479,scr2002,avaStIn,bevFrtRoadLight
LU,h1837,0.5764247164288175,scr2002,avaStIn,bevFrtRoadLight
LU,h1838,0.5401459054358786,scr2002,avaStIn,bevFrtRoadLight
LU,h1839,0.4982672792884357,scr2002,avaStIn,bevFrtRoadLight
LU,h1840,0.4574139907405833,scr2002,avaStIn,bevFrtRoadLight
LU,h1841,0.42470386872332366,scr2002,avaStIn,bevFrtRoadLight
LU,h1842,0.4070105681582177,scr2002,avaStIn,bevFrtRoadLight
LU,h1843,0.3993554704479094,scr2002,avaStIn,bevFrtRoadLight
LU,h1844,0.3942528360151184,scr2002,avaStIn,bevFrtRoadLight
LU,h1845,0.3809841238928826,scr2002,avaStIn,bevFrtRoadLight
LU,h1846,0.3497784944040866,scr2002,avaStIn,bevFrtRoadLight
LU,h1847,0.3123069662403203,scr2002,avaStIn,bevFrtRoadLight
LU,h1848,0.2821792829284123,scr2002,avaStIn,bevFrtRoadLight
LU,h1849,0.3106843918239848,scr2002,avaStIn,bevFrtRoadLight
LU,h1850,0.35866299968064763,scr2002,avaStIn,bevFrtRoadLight
LU,h1851,0.4106293035759673,scr2002,avaStIn,bevFrtRoadLight
LU,h1852,0.4302562346105031,scr2002,avaStIn,bevFrtRoadLight
LU,h1853,0.4411964644145132,scr2002,avaStIn,bevFrtRoadLight
LU,h1854,0.45751109901302867,scr2002,avaStIn,bevFrtRoadLight
LU,h1855,0.48871757217710954,scr2002,avaStIn,bevFrtRoadLight
LU,h1856,0.5314509691002262,scr2002,avaStIn,bevFrtRoadLight
LU,h1857,0.5711878747561929,scr2002,avaStIn,bevFrtRoadLight
LU,h1858,0.5980939691710526,scr2002,avaStIn,bevFrtRoadLight
LU,h1859,0.608394034195855,scr2002,avaStIn,bevFrtRoadLight
LU,h1860,0.6010568773540479,scr2002,avaStIn,bevFrtRoadLight
LU,h1861,0.5764247164288175,scr2002,avaStIn,bevFrtRoadLight
LU,h1862,0.5401459054358786,scr2002,avaStIn,bevFrtRoadLight
LU,h1863,0.4982672792884357,scr2002,avaStIn,bevFrtRoadLight
LU,h1864,0.4574139907405833,scr2002,avaStIn,bevFrtRoadLight
LU,h1865,0.42470386872332366,scr2002,avaStIn,bevFrtRoadLight
LU,h1866,0.4070105681582177,scr2002,avaStIn,bevFrtRoadLight
LU,h1867,0.3993554704479094,scr2002,avaStIn,bevFrtRoadLight
LU,h1868,0.3942528360151184,scr2002,avaStIn,bevFrtRoadLight
LU,h1869,0.3809841238928826,scr2002,avaStIn,bevFrtRoadLight
LU,h1870,0.3497784944040866,scr2002,avaStIn,bevFrtRoadLight
LU,h1871,0.3123069662403203,scr2002,avaStIn,bevFrtRoadLight
LU,h1872,0.2821792829284123,scr2002,avaStIn,bevFrtRoadLight
LU,h1873,0.3106843918239848,scr2002,avaStIn,bevFrtRoadLight
LU,h1874,0.35866299968064763,scr2002,avaStIn,bevFrtRoadLight
LU,h1875,0.4106293035759673,scr2002,avaStIn,bevFrtRoadLight
LU,h1876,0.4302562346105031,scr2002,avaStIn,bevFrtRoadLight
LU,h1877,0.4411964644145132,scr2002,avaStIn,bevFrtRoadLight
LU,h1878,0.45751109901302867,scr2002,avaStIn,bevFrtRoadLight
LU,h1879,0.48871757217710954,scr2002,avaStIn,bevFrtRoadLight
LU,h1880,0.5314509691002262,scr2002,avaStIn,bevFrtRoadLight
LU,h1881,0.5711878747561929,scr2002,avaStIn,bevFrtRoadLight
LU,h1882,0.5980939691710526,scr2002,avaStIn,bevFrtRoadLight
LU,h1883,0.608394034195855,scr2002,avaStIn,bevFrtRoadLight
LU,h1884,0.6010568773540479,scr2002,avaStIn,bevFrtRoadLight
LU,h1885,0.5764247164288175,scr2002,avaStIn,bevFrtRoadLight
LU,h1886,0.5401459054358786,scr2002,avaStIn,bevFrtRoadLight
LU,h1887,0.4982672792884357,scr2002,avaStIn,bevFrtRoadLight
LU,h1888,0.4574139907405833,scr2002,avaStIn,bevFrtRoadLight
LU,h1889,0.42470386872332366,scr2002,avaStIn,bevFrtRoadLight
LU,h1890,0.4070105681582177,scr2002,avaStIn,bevFrtRoadLight
LU,h1891,0.3993554704479094,scr2002,avaStIn,bevFrtRoadLight
LU,h1892,0.3942528360151184,scr2002,avaStIn,bevFrtRoadLight
LU,h1893,0.3809841238928826,scr2002,avaStIn,bevFrtRoadLight
LU,h1894,0.3497784944040866,scr2002,avaStIn,bevFrtRoadLight
LU,h1895,0.3123069662403203,scr2002,avaStIn,bevFrtRoadLight
LU,h1896,0.2821792829284123,scr2002,avaStIn,bevFrtRoadLight
LU,h1897,0.3106843918239848,scr2002,avaStIn,bevFrtRoadLight
LU,h1898,0.35866299968064763,scr2002,avaStIn,bevFrtRoadLight
LU,h1899,0.4106293035759673,scr2002,avaStIn,bevFrtRoadLight
LU,h1900,0.4302562346105031,scr2002,avaStIn,bevFrtRoadLight
LU,h1901,0.4411964644145132,scr2002,avaStIn,bevFrtRoadLight
LU,h1902,0.45751109901302867,scr2002,avaStIn,bevFrtRoadLight
LU,h1903,0.48871757217710954,scr2002,avaStIn,bevFrtRoadLight
LU,h1904,0.5314509691002262,scr2002,avaStIn,bevFrtRoadLight
LU,h1905,0.5711878747561929,scr2002,avaStIn,bevFrtRoadLight
LU,h1906,0.5980939691710526,scr2002,avaStIn,bevFrtRoadLight
LU,h1907,0.608394034195855,scr2002,avaStIn,bevFrtRoadLight
LU,h1908,0.6010568773540479,scr2002,avaStIn,bevFrtRoadLight
LU,h1909,0.5764247164288175,scr2002,avaStIn,bevFrtRoadLight
LU,h1910,0.5401459054358786,scr2002,avaStIn,bevFrtRoadLight
LU,h1911,0.4982672792884357,scr2002,avaStIn,bevFrtRoadLight
LU,h1912,0.4574139907405833,scr2002,avaStIn,bevFrtRoadLight
LU,h1913,0.42470386872332366,scr2002,avaStIn,bevFrtRoadLight
LU,h1914,0.4070105681582177,scr2002,avaStIn,bevFrtRoadLight
LU,h1915,0.3993554704479094,scr2002,avaStIn,bevFrtRoadLight
LU,h1916,0.3942528360151184,scr2002,avaStIn,bevFrtRoadLight
LU,h1917,0.3809841238928826,scr2002,avaStIn,bevFrtRoadLight
LU,h1918,0.3497784944040866,scr2002,avaStIn,bevFrtRoadLight
LU,h1919,0.3123069662403203,scr2002,avaStIn,bevFrtRoadLight
LU,h1920,0.2821792829284123,scr2002,avaStIn,bevFrtRoadLight
LU,h1921,0.3106843918239848,scr2002,avaStIn,bevFrtRoadLight
LU,h1922,0.35866299968064763,scr2002,avaStIn,bevFrtRoadLight
LU,h1923,0.4106293035759673,scr2002,avaStIn,bevFrtRoadLight
LU,h1924,0.4302562346105031,scr2002,avaStIn,bevFrtRoadLight
LU,h1925,0.4411964644145132,scr2002,avaStIn,bevFrtRoadLight
LU,h1926,0.45751109901302867,scr2002,avaStIn,bevFrtRoadLight
LU,h1927,0.48871757217710954,scr2002,avaStIn,bevFrtRoadLight
LU,h1928,0.5314509691002262,scr2002,avaStIn,bevFrtRoadLight
LU,h1929,0.5711878747561929,scr2002,avaStIn,bevFrtRoadLight
LU,h1930,0.5980939691710526,scr2002,avaStIn,bevFrtRoadLight
LU,h1931,0.608394034195855,scr2002,avaStIn,bevFrtRoadLight
LU,h1932,0.6010568773540479,scr2002,avaStIn,bevFrtRoadLight
LU,h1933,0.5764247164288175,scr2002,avaStIn,bevFrtRoadLight
LU,h1934,0.5401459054358786,scr2002,avaStIn,bevFrtRoadLight
LU,h1935,0.4982672792884357,scr2002,avaStIn,bevFrtRoadLight
LU,h1936,0.4574139907405833,scr2002,avaStIn,bevFrtRoadLight
LU,h1937,0.42470386872332366,scr2002,avaStIn,bevFrtRoadLight
LU,h1938,0.4070105681582177,scr2002,avaStIn,bevFrtRoadLight
LU,h1939,0.3993554704479094,scr2002,avaStIn,bevFrtRoadLight
LU,h1940,0.3942528360151184,scr2002,avaStIn,bevFrtRoadLight
LU,h1941,0.3809841238928826,scr2002,avaStIn,bevFrtRoadLight
LU,h1942,0.3497784944040866,scr2002,avaStIn,bevFrtRoadLight
LU,h1943,0.3123069662403203,scr2002,avaStIn,bevFrtRoadLight
LU,h1944,0.2821792829284123,scr2002,avaStIn,bevFrtRoadLight
LU,h1945,0.230095162221032,scr2002,avaStIn,bevFrtRoadLight
LU,h1946,0.2300917975935889,scr2002,avaStIn,bevFrtRoadLight
LU,h1947,0.27148343409663167,scr2002,avaStIn,bevFrtRoadLight
LU,h1948,0.3790725700696759,scr2002,avaStIn,bevFrtRoadLight
LU,h1949,0.4623404992613247,scr2002,avaStIn,bevFrtRoadLight
LU,h1950,0.5259162274800008,scr2002,avaStIn,bevFrtRoadLight
LU,h1951,0.5772992909654577,scr2002,avaStIn,bevFrtRoadLight
LU,h1952,0.6171735770568829,scr2002,avaStIn,bevFrtRoadLight
LU,h1953,0.6409152522621753,scr2002,avaStIn,bevFrtRoadLight
LU,h1954,0.6489166669999998,scr2002,avaStIn,bevFrtRoadLight
LU,h1955,0.6400350534574337,scr2002,avaStIn,bevFrtRoadLight
LU,h1956,0.61588415769173,scr2002,avaStIn,bevFrtRoadLight
LU,h1957,0.5753501172674538,scr2002,avaStIn,bevFrtRoadLight
LU,h1958,0.5273486726990765,scr2002,avaStIn,bevFrtRoadLight
LU,h1959,0.47682400205808595,scr2002,avaStIn,bevFrtRoadLight
LU,h1960,0.4288063768750643,scr2002,avaStIn,bevFrtRoadLight
LU,h1961,0.39374570481652504,scr2002,avaStIn,bevFrtRoadLight
LU,h1962,0.3749031506247579,scr2002,avaStIn,bevFrtRoadLight
LU,h1963,0.37209330121313167,scr2002,avaStIn,bevFrtRoadLight
LU,h1964,0.36873105182903665,scr2002,avaStIn,bevFrtRoadLight
LU,h1965,0.3543630997986469,scr2002,avaStIn,bevFrtRoadLight
LU,h1966,0.3154781828948128,scr2002,avaStIn,bevFrtRoadLight
LU,h1967,0.27112993299959987,scr2002,avaStIn,bevFrtRoadLight
LU,h1968,0.2381911639591776,scr2002,avaStIn,bevFrtRoadLight
LU,h1969,0.20075744833264675,scr2002,avaStIn,bevFrtRoadLight
LU,h1970,0.21575624655576675,scr2002,avaStIn,bevFrtRoadLight
LU,h1971,0.27148343409663167,scr2002,avaStIn,bevFrtRoadLight
LU,h1972,0.3790725700696759,scr2002,avaStIn,bevFrtRoadLight
LU,h1973,0.4623404992613247,scr2002,avaStIn,bevFrtRoadLight
LU,h1974,0.5259162274800008,scr2002,avaStIn,bevFrtRoadLight
LU,h1975,0.5772992909654577,scr2002,avaStIn,bevFrtRoadLight
LU,h1976,0.6171735770568829,scr2002,avaStIn,bevFrtRoadLight
LU,h1977,0.6409152522621753,scr2002,avaStIn,bevFrtRoadLight
LU,h1978,0.6489166669999998,scr2002,avaStIn,bevFrtRoadLight
LU,h1979,0.6400350534574337,scr2002,avaStIn,bevFrtRoadLight
LU,h1980,0.61588415769173,scr2002,avaStIn,bevFrtRoadLight
LU,h1981,0.5753501172674538,scr2002,avaStIn,bevFrtRoadLight
LU,h1982,0.5273486726990765,scr2002,avaStIn,bevFrtRoadLight
LU,h1983,0.47682400205808595,scr2002,avaStIn,bevFrtRoadLight
LU,h1984,0.4288063768750643,scr2002,avaStIn,bevFrtRoadLight
LU,h1985,0.39374570481652504,scr2002,avaStIn,bevFrtRoadLight
LU,h1986,0.3749031506247579,scr2002,avaStIn,bevFrtRoadLight
LU,h1987,0.37209330121313167,scr2002,avaStIn,bevFrtRoadLight
LU,h1988,0.36873105182903665,scr2002,avaStIn,bevFrtRoadLight
LU,h1989,0.3543630997986469,scr2002,avaStIn,bevFrtRoadLight
LU,h1990,0.3154781828948128,scr2002,avaStIn,bevFrtRoadLight
LU,h1991,0.27112993299959987,scr2002,avaStIn,bevFrtRoadLight
LU,h1992,0.2381911639591776,scr2002,avaStIn,bevFrtRoadLight
LU,h1993,0.28388199759953203,scr2002,avaStIn,bevFrtRoadLight
LU,h1994,0.34615260530650627,scr2002,avaStIn,bevFrtRoadLight
LU,h1995,0.4106293035759673,scr2002,avaStIn,bevFrtRoadLight
LU,h1996,0.4302562346105031,scr2002,avaStIn,bevFrtRoadLight
LU,h1997,0.4411964644145132,scr2002,avaStIn,bevFrtRoadLight
LU,h1998,0.45751109901302867,scr2002,avaStIn,bevFrtRoadLight
LU,h1999,0.48871757217710954,scr2002,avaStIn,bevFrtRoadLight
LU,h2000,0.5314509691002262,scr2002,avaStIn,bevFrtRoadLight
LU,h2001,0.5711878747561929,scr2002,avaStIn,bevFrtRoadLight
LU,h2002,0.5980939691710526,scr2002,avaStIn,bevFrtRoadLight
LU,h2003,0.608394034195855,scr2002,avaStIn,bevFrtRoadLight
LU,h2004,0.6010568773540479,scr2002,avaStIn,bevFrtRoadLight
LU,h2005,0.5764247164288175,scr2002,avaStIn,bevFrtRoadLight
LU,h2006,0.5401459054358786,scr2002,avaStIn,bevFrtRoadLight
LU,h2007,0.4982672792884357,scr2002,avaStIn,bevFrtRoadLight
LU,h2008,0.4574139907405833,scr2002,avaStIn,bevFrtRoadLight
LU,h2009,0.42470386872332366,scr2002,avaStIn,bevFrtRoadLight
LU,h2010,0.4070105681582177,scr2002,avaStIn,bevFrtRoadLight
LU,h2011,0.3993554704479094,scr2002,avaStIn,bevFrtRoadLight
LU,h2012,0.3942528360151184,scr2002,avaStIn,bevFrtRoadLight
LU,h2013,0.3809841238928826,scr2002,avaStIn,bevFrtRoadLight
LU,h2014,0.3497784944040866,scr2002,avaStIn,bevFrtRoadLight
LU,h2015,0.3123069662403203,scr2002,avaStIn,bevFrtRoadLight
LU,h2016,0.2821792829284123,scr2002,avaStIn,bevFrtRoadLight
LU,h2017,0.3072840894621327,scr2002,avaStIn,bevFrtRoadLight
LU,h2018,0.33666905394072466,scr2002,avaStIn,bevFrtRoadLight
LU,h2019,0.36655496485550265,scr2002,avaStIn,bevFrtRoadLight
LU,h2020,0.3745731212047183,scr2002,avaStIn,bevFrtRoadLight
LU,h2021,0.4026088526762964,scr2002,avaStIn,bevFrtRoadLight
LU,h2022,0.44640061438376677,scr2002,avaStIn,bevFrtRoadLight
LU,h2023,0.4973037920546317,scr2002,avaStIn,bevFrtRoadLight
LU,h2024,0.5420216950586382,scr2002,avaStIn,bevFrtRoadLight
LU,h2025,0.5736954068525849,scr2002,avaStIn,bevFrtRoadLight
LU,h2026,0.5880342997851788,scr2002,avaStIn,bevFrtRoadLight
LU,h2027,0.5918947845476326,scr2002,avaStIn,bevFrtRoadLight
LU,h2028,0.5837522950091351,scr2002,avaStIn,bevFrtRoadLight
LU,h2029,0.566630011228302,scr2002,avaStIn,bevFrtRoadLight
LU,h2030,0.5326460205473856,scr2002,avaStIn,bevFrtRoadLight
LU,h2031,0.48334141219508586,scr2002,avaStIn,bevFrtRoadLight
LU,h2032,0.4237800531764452,scr2002,avaStIn,bevFrtRoadLight
LU,h2033,0.3668064382544399,scr2002,avaStIn,bevFrtRoadLight
LU,h2034,0.33858624085132816,scr2002,avaStIn,bevFrtRoadLight
LU,h2035,0.33981235579051505,scr2002,avaStIn,bevFrtRoadLight
LU,h2036,0.3644150552627201,scr2002,avaStIn,bevFrtRoadLight
LU,h2037,0.39407002810213865,scr2002,avaStIn,bevFrtRoadLight
LU,h2038,0.4100441996396512,scr2002,avaStIn,bevFrtRoadLight
LU,h2039,0.41244752514225314,scr2002,avaStIn,bevFrtRoadLight
LU,h2040,0.3977671810575979,scr2002,avaStIn,bevFrtRoadLight
LU,h2041,0.3840802424090224,scr2002,avaStIn,bevFrtRoadLight
LU,h2042,0.37136048642151265,scr2002,avaStIn,bevFrtRoadLight
LU,h2043,0.36655496485550265,scr2002,avaStIn,bevFrtRoadLight
LU,h2044,0.3745731212047183,scr2002,avaStIn,bevFrtRoadLight
LU,h2045,0.4026088526762964,scr2002,avaStIn,bevFrtRoadLight
LU,h2046,0.44640061438376677,scr2002,avaStIn,bevFrtRoadLight
LU,h2047,0.4973037920546317,scr2002,avaStIn,bevFrtRoadLight
LU,h2048,0.5420216950586382,scr2002,avaStIn,bevFrtRoadLight
LU,h2049,0.5736954068525849,scr2002,avaStIn,bevFrtRoadLight
LU,h2050,0.5880342997851788,scr2002,avaStIn,bevFrtRoadLight
LU,h2051,0.5918947845476326,scr2002,avaStIn,bevFrtRoadLight
LU,h2052,0.5837522950091351,scr2002,avaStIn,bevFrtRoadLight
LU,h2053,0.566630011228302,scr2002,avaStIn,bevFrtRoadLight
LU,h2054,0.5326460205473856,scr2002,avaStIn,bevFrtRoadLight
LU,h2055,0.48334141219508586,scr2002,avaStIn,bevFrtRoadLight
LU,h2056,0.4237800531764452,scr2002,avaStIn,bevFrtRoadLight
LU,h2057,0.3668064382544399,scr2002,avaStIn,bevFrtRoadLight
LU,h2058,0.33858624085132816,scr2002,avaStIn,bevFrtRoadLight
LU,h2059,0.33981235579051505,scr2002,avaStIn,bevFrtRoadLight
LU,h2060,0.3644150552627201,scr2002,avaStIn,bevFrtRoadLight
LU,h2061,0.39407002810213865,scr2002,avaStIn,bevFrtRoadLight
LU,h2062,0.4100441996396512,scr2002,avaStIn,bevFrtRoadLight
LU,h2063,0.41244752514225314,scr2002,avaStIn,bevFrtRoadLight
LU,h2064,0.3977671810575979,scr2002,avaStIn,bevFrtRoadLight
LU,h2065,0.3840802424090224,scr2002,avaStIn,bevFrtRoadLight
LU,h2066,0.37136048642151265,scr2002,avaStIn,bevFrtRoadLight
LU,h2067,0.36655496485550265,scr2002,avaStIn,bevFrtRoadLight
LU,h2068,0.3745731212047183,scr2002,avaStIn,bevFrtRoadLight
LU,h2069,0.4026088526762964,scr2002,avaStIn,bevFrtRoadLight
LU,h2070,0.44640061438376677,scr2002,avaStIn,bevFrtRoadLight
LU,h2071,0.4973037920546317,scr2002,avaStIn,bevFrtRoadLight
LU,h2072,0.5420216950586382,scr2002,avaStIn,bevFrtRoadLight
LU,h2073,0.5736954068525849,scr2002,avaStIn,bevFrtRoadLight
LU,h2074,0.5880342997851788,scr2002,avaStIn,bevFrtRoadLight
LU,h2075,0.5918947845476326,scr2002,avaStIn,bevFrtRoadLight
LU,h2076,0.5837522950091351,scr2002,avaStIn,bevFrtRoadLight
LU,h2077,0.566630011228302,scr2002,avaStIn,bevFrtRoadLight
LU,h2078,0.5326460205473856,scr2002,avaStIn,bevFrtRoadLight
LU,h2079,0.48334141219508586,scr2002,avaStIn,bevFrtRoadLight
LU,h2080,0.4237800531764452,scr2002,avaStIn,bevFrtRoadLight
LU,h2081,0.3668064382544399,scr2002,avaStIn,bevFrtRoadLight
LU,h2082,0.33858624085132816,scr2002,avaStIn,bevFrtRoadLight
LU,h2083,0.33981235579051505,scr2002,avaStIn,bevFrtRoadLight
LU,h2084,0.3644150552627201,scr2002,avaStIn,bevFrtRoadLight
LU,h2085,0.39407002810213865,scr2002,avaStIn,bevFrtRoadLight
LU,h2086,0.4100441996396512,scr2002,avaStIn,bevFrtRoadLight
LU,h2087,0.41244752514225314,scr2002,avaStIn,bevFrtRoadLight
LU,h2088,0.3977671810575979,scr2002,avaStIn,bevFrtRoadLight
LU,h2089,0.3840802424090224,scr2002,avaStIn,bevFrtRoadLight
LU,h2090,0.37136048642151265,scr2002,avaStIn,bevFrtRoadLight
LU,h2091,0.36655496485550265,scr2002,avaStIn,bevFrtRoadLight
LU,h2092,0.3745731212047183,scr2002,avaStIn,bevFrtRoadLight
LU,h2093,0.4026088526762964,scr2002,avaStIn,bevFrtRoadLight
LU,h2094,0.44640061438376677,scr2002,avaStIn,bevFrtRoadLight
LU,h2095,0.4973037920546317,scr2002,avaStIn,bevFrtRoadLight
LU,h2096,0.5420216950586382,scr2002,avaStIn,bevFrtRoadLight
LU,h2097,0.5736954068525849,scr2002,avaStIn,bevFrtRoadLight
LU,h2098,0.5880342997851788,scr2002,avaStIn,bevFrtRoadLight
LU,h2099,0.5918947845476326,scr2002,avaStIn,bevFrtRoadLight
LU,h2100,0.5837522950091351,scr2002,avaStIn,bevFrtRoadLight
LU,h2101,0.566630011228302,scr2002,avaStIn,bevFrtRoadLight
LU,h2102,0.5326460205473856,scr2002,avaStIn,bevFrtRoadLight
LU,h2103,0.48334141219508586,scr2002,avaStIn,bevFrtRoadLight
LU,h2104,0.4237800531764452,scr2002,avaStIn,bevFrtRoadLight
LU,h2105,0.3668064382544399,scr2002,avaStIn,bevFrtRoadLight
LU,h2106,0.33858624085132816,scr2002,avaStIn,bevFrtRoadLight
LU,h2107,0.33981235579051505,scr2002,avaStIn,bevFrtRoadLight
LU,h2108,0.3644150552627201,scr2002,avaStIn,bevFrtRoadLight
LU,h2109,0.39407002810213865,scr2002,avaStIn,bevFrtRoadLight
LU,h2110,0.4100441996396512,scr2002,avaStIn,bevFrtRoadLight
LU,h2111,0.41244752514225314,scr2002,avaStIn,bevFrtRoadLight
LU,h2112,0.3977671810575979,scr2002,avaStIn,bevFrtRoadLight
LU,h2113,0.4215422859318668,scr2002,avaStIn,bevFrtRoadLight
LU,h2114,0.44561523253946533,scr2002,avaStIn,bevFrtRoadLight
LU,h2115,0.46890884939949806,scr2002,avaStIn,bevFrtRoadLight
LU,h2116,0.4606801828577375,scr2002,avaStIn,bevFrtRoadLight
LU,h2117,0.4598809008191356,scr2002,avaStIn,bevFrtRoadLight
LU,h2118,0.47373682010553864,scr2002,avaStIn,bevFrtRoadLight
LU,h2119,0.49837466067849223,scr2002,avaStIn,bevFrtRoadLight
LU,h2120,0.5249322712656334,scr2002,avaStIn,bevFrtRoadLight
LU,h2121,0.5295524702973696,scr2002,avaStIn,bevFrtRoadLight
LU,h2122,0.5237384833973733,scr2002,avaStIn,bevFrtRoadLight
LU,h2123,0.517462220076728,scr2002,avaStIn,bevFrtRoadLight
LU,h2124,0.5202231448594441,scr2002,avaStIn,bevFrtRoadLight
LU,h2125,0.5168074572603817,scr2002,avaStIn,bevFrtRoadLight
LU,h2126,0.4881087918461403,scr2002,avaStIn,bevFrtRoadLight
LU,h2127,0.4401501060096197,scr2002,avaStIn,bevFrtRoadLight
LU,h2128,0.3751810028677981,scr2002,avaStIn,bevFrtRoadLight
LU,h2129,0.3184738733356699,scr2002,avaStIn,bevFrtRoadLight
LU,h2130,0.2885496316681868,scr2002,avaStIn,bevFrtRoadLight
LU,h2131,0.2950430145218158,scr2002,avaStIn,bevFrtRoadLight
LU,h2132,0.3362350273761402,scr2002,avaStIn,bevFrtRoadLight
LU,h2133,0.3905257678468871,scr2002,avaStIn,bevFrtRoadLight
LU,h2134,0.4405757953478313,scr2002,avaStIn,bevFrtRoadLight
LU,h2135,0.4738121072088959,scr2002,avaStIn,bevFrtRoadLight
LU,h2136,0.4995552626921461,scr2002,avaStIn,bevFrtRoadLight
LU,h2137,0.5006979269249346,scr2002,avaStIn,bevFrtRoadLight
LU,h2138,0.49234384959123256,scr2002,avaStIn,bevFrtRoadLight
LU,h2139,0.46890884939949806,scr2002,avaStIn,bevFrtRoadLight
LU,h2140,0.4606801828577375,scr2002,avaStIn,bevFrtRoadLight
LU,h2141,0.4598809008191356,scr2002,avaStIn,bevFrtRoadLight
LU,h2142,0.47373682010553864,scr2002,avaStIn,bevFrtRoadLight
LU,h2143,0.49837466067849223,scr2002,avaStIn,bevFrtRoadLight
LU,h2144,0.5249322712656334,scr2002,avaStIn,bevFrtRoadLight
LU,h2145,0.5295524702973696,scr2002,avaStIn,bevFrtRoadLight
LU,h2146,0.5237384833973733,scr2002,avaStIn,bevFrtRoadLight
LU,h2147,0.517462220076728,scr2002,avaStIn,bevFrtRoadLight
LU,h2148,0.5202231448594441,scr2002,avaStIn,bevFrtRoadLight
LU,h2149,0.5168074572603817,scr2002,avaStIn,bevFrtRoadLight
LU,h2150,0.4881087918461403,scr2002,avaStIn,bevFrtRoadLight
LU,h2151,0.4401501060096197,scr2002,avaStIn,bevFrtRoadLight
LU,h2152,0.3751810028677981,scr2002,avaStIn,bevFrtRoadLight
LU,h2153,0.3184738733356699,scr2002,avaStIn,bevFrtRoadLight
LU,h2154,0.2885496316681868,scr2002,avaStIn,bevFrtRoadLight
LU,h2155,0.2950430145218158,scr2002,avaStIn,bevFrtRoadLight
LU,h2156,0.3362350273761402,scr2002,avaStIn,bevFrtRoadLight
LU,h2157,0.3905257678468871,scr2002,avaStIn,bevFrtRoadLight
LU,h2158,0.4405757953478313,scr2002,avaStIn,bevFrtRoadLight
LU,h2159,0.4738121072088959,scr2002,avaStIn,bevFrtRoadLight
LU,h2160,0.4995552626921461,scr2002,avaStIn,bevFrtRoadLight
NO,h1441,0.3714353995574987,scr2002,avaStIn,bevFrtRoadLight
NO,h1442,0.3846086524108919,scr2002,avaStIn,bevFrtRoadLight
NO,h1443,0.42374952391826426,scr2002,avaStIn,bevFrtRoadLight
NO,h1444,0.470910231576122,scr2002,avaStIn,bevFrtRoadLight
NO,h1445,0.5000591446961408,scr2002,avaStIn,bevFrtRoadLight
NO,h1446,0.495233345157142,scr2002,avaStIn,bevFrtRoadLight
NO,h1447,0.5008043596015221,scr2002,avaStIn,bevFrtRoadLight
NO,h1448,0.5021789974738545,scr2002,avaStIn,bevFrtRoadLight
NO,h1449,0.5231874460949842,scr2002,avaStIn,bevFrtRoadLight
NO,h1450,0.5308529822226913,scr2002,avaStIn,bevFrtRoadLight
NO,h1451,0.536356959269228,scr2002,avaStIn,bevFrtRoadLight
NO,h1452,0.537388156127675,scr2002,avaStIn,bevFrtRoadLight
NO,h1453,0.5288075990651915,scr2002,avaStIn,bevFrtRoadLight
NO,h1454,0.509570928667,scr2002,avaStIn,bevFrtRoadLight
NO,h1455,0.4737535509310621,scr2002,avaStIn,bevFrtRoadLight
NO,h1456,0.4304466538396563,scr2002,avaStIn,bevFrtRoadLight
NO,h1457,0.382687999221479,scr2002,avaStIn,bevFrtRoadLight
NO,h1458,0.35009603390058996,scr2002,avaStIn,bevFrtRoadLight
NO,h1459,0.3349394292024722,scr2002,avaStIn,bevFrtRoadLight
NO,h1460,0.34869160218954365,scr2002,avaStIn,bevFrtRoadLight
NO,h1461,0.36780057797615695,scr2002,avaStIn,bevFrtRoadLight
NO,h1462,0.38682791024436847,scr2002,avaStIn,bevFrtRoadLight
NO,h1463,0.3912979680884232,scr2002,avaStIn,bevFrtRoadLight
NO,h1464,0.3985938980480803,scr2002,avaStIn,bevFrtRoadLight
NO,h1465,0.38540755881640665,scr2002,avaStIn,bevFrtRoadLight
NO,h1466,0.39834418280524175,scr2002,avaStIn,bevFrtRoadLight
NO,h1467,0.42374952391826426,scr2002,avaStIn,bevFrtRoadLight
NO,h1468,0.470910231576122,scr2002,avaStIn,bevFrtRoadLight
NO,h1469,0.5000591446961408,scr2002,avaStIn,bevFrtRoadLight
NO,h1470,0.495233345157142,scr2002,avaStIn,bevFrtRoadLight
NO,h1471,0.5008043596015221,scr2002,avaStIn,bevFrtRoadLight
NO,h1472,0.5021789974738545,scr2002,avaStIn,bevFrtRoadLight
NO,h1473,0.5231874460949842,scr2002,avaStIn,bevFrtRoadLight
NO,h1474,0.5308529822226913,scr2002,avaStIn,bevFrtRoadLight
NO,h1475,0.536356959269228,scr2002,avaStIn,bevFrtRoadLight
NO,h1476,0.537388156127675,scr2002,avaStIn,bevFrtRoadLight
NO,h1477,0.5288075990651915,scr2002,avaStIn,bevFrtRoadLight
NO,h1478,0.509570928667,scr2002,avaStIn,bevFrtRoadLight
NO,h1479,0.4737535509310621,scr2002,avaStIn,bevFrtRoadLight
NO,h1480,0.4304466538396563,scr2002,avaStIn,bevFrtRoadLight
NO,h1481,0.382687999221479,scr2002,avaStIn,bevFrtRoadLight
NO,h1482,0.35009603390058996,scr2002,avaStIn,bevFrtRoadLight
NO,h1483,0.3349394292024722,scr2002,avaStIn,bevFrtRoadLight
NO,h1484,0.34869160218954365,scr2002,avaStIn,bevFrtRoadLight
NO,h1485,0.36780057797615695,scr2002,avaStIn,bevFrtRoadLight
NO,h1486,0.38682791024436847,scr2002,avaStIn,bevFrtRoadLight
NO,h1487,0.3912979680884232,scr2002,avaStIn,bevFrtRoadLight
NO,h1488,0.3985938980480803,scr2002,avaStIn,bevFrtRoadLight
NO,h1489,0.4174388969205469,scr2002,avaStIn,bevFrtRoadLight
NO,h1490,0.4439543832070486,scr2002,avaStIn,bevFrtRoadLight
NO,h1491,0.464238846132911,scr2002,avaStIn,bevFrtRoadLight
NO,h1492,0.4692993118565085,scr2002,avaStIn,bevFrtRoadLight
NO,h1493,0.4647572130501477,scr2002,avaStIn,bevFrtRoadLight
NO,h1494,0.4606421333392814,scr2002,avaStIn,bevFrtRoadLight
NO,h1495,0.4606294501381405,scr2002,avaStIn,bevFrtRoadLight
NO,h1496,0.4771202000278558,scr2002,avaStIn,bevFrtRoadLight
NO,h1497,0.4942956004519071,scr2002,avaStIn,bevFrtRoadLight
NO,h1498,0.5099123823053464,scr2002,avaStIn,bevFrtRoadLight
NO,h1499,0.5161038254350149,scr2002,avaStIn,bevFrtRoadLight
NO,h1500,0.5219276355822776,scr2002,avaStIn,bevFrtRoadLight
NO,h1501,0.5234247828552906,scr2002,avaStIn,bevFrtRoadLight
NO,h1502,0.5156668963515182,scr2002,avaStIn,bevFrtRoadLight
NO,h1503,0.49047574209210854,scr2002,avaStIn,bevFrtRoadLight
NO,h1504,0.4511048686615209,scr2002,avaStIn,bevFrtRoadLight
NO,h1505,0.40171955460937714,scr2002,avaStIn,bevFrtRoadLight
NO,h1506,0.362910361244157,scr2002,avaStIn,bevFrtRoadLight
NO,h1507,0.3472619056461236,scr2002,avaStIn,bevFrtRoadLight
NO,h1508,0.35727079588328314,scr2002,avaStIn,bevFrtRoadLight
NO,h1509,0.3784688345075352,scr2002,avaStIn,bevFrtRoadLight
NO,h1510,0.39319028121074384,scr2002,avaStIn,bevFrtRoadLight
NO,h1511,0.3959422870730802,scr2002,avaStIn,bevFrtRoadLight
NO,h1512,0.3854887711962276,scr2002,avaStIn,bevFrtRoadLight
NO,h1513,0.42769853598926943,scr2002,avaStIn,bevFrtRoadLight
NO,h1514,0.46444116177482087,scr2002,avaStIn,bevFrtRoadLight
NO,h1515,0.5002557267591349,scr2002,avaStIn,bevFrtRoadLight
NO,h1516,0.4779833592811431,scr2002,avaStIn,bevFrtRoadLight
NO,h1517,0.45518876455881474,scr2002,avaStIn,bevFrtRoadLight
NO,h1518,0.43596244051473665,scr2002,avaStIn,bevFrtRoadLight
NO,h1519,0.4287672948543092,scr2002,avaStIn,bevFrtRoadLight
NO,h1520,0.4310449118345231,scr2002,avaStIn,bevFrtRoadLight
NO,h1521,0.43651906754470937,scr2002,avaStIn,bevFrtRoadLight
NO,h1522,0.42784196327677315,scr2002,avaStIn,bevFrtRoadLight
NO,h1523,0.40165285769436365,scr2002,avaStIn,bevFrtRoadLight
NO,h1524,0.3554492048303812,scr2002,avaStIn,bevFrtRoadLight
NO,h1525,0.30743387757687923,scr2002,avaStIn,bevFrtRoadLight
NO,h1526,0.278936309503648,scr2002,avaStIn,bevFrtRoadLight
NO,h1527,0.28525649117608465,scr2002,avaStIn,bevFrtRoadLight
NO,h1528,0.33100477113297455,scr2002,avaStIn,bevFrtRoadLight
NO,h1529,0.3951643597987161,scr2002,avaStIn,bevFrtRoadLight
NO,h1530,0.46644985491696456,scr2002,avaStIn,bevFrtRoadLight
NO,h1531,0.5302489042156142,scr2002,avaStIn,bevFrtRoadLight
NO,h1532,0.5770673902258092,scr2002,avaStIn,bevFrtRoadLight
NO,h1533,0.5986769755958499,scr2002,avaStIn,bevFrtRoadLight
NO,h1534,0.6016883948095748,scr2002,avaStIn,bevFrtRoadLight
NO,h1535,0.5924055260109063,scr2002,avaStIn,bevFrtRoadLight
NO,h1536,0.5774847836798133,scr2002,avaStIn,bevFrtRoadLight
NO,h1537,0.5517773619954188,scr2002,avaStIn,bevFrtRoadLight
NO,h1538,0.5248358437172167,scr2002,avaStIn,bevFrtRoadLight
NO,h1539,0.5002557267591349,scr2002,avaStIn,bevFrtRoadLight
NO,h1540,0.4779833592811431,scr2002,avaStIn,bevFrtRoadLight
NO,h1541,0.45518876455881474,scr2002,avaStIn,bevFrtRoadLight
NO,h1542,0.43596244051473665,scr2002,avaStIn,bevFrtRoadLight
NO,h1543,0.4287672948543092,scr2002,avaStIn,bevFrtRoadLight
NO,h1544,0.4310449118345231,scr2002,avaStIn,bevFrtRoadLight
NO,h1545,0.43651906754470937,scr2002,avaStIn,bevFrtRoadLight
NO,h1546,0.42784196327677315,scr2002,avaStIn,bevFrtRoadLight
NO,h1547,0.40165285769436365,scr2002,avaStIn,bevFrtRoadLight
NO,h1548,0.3554492048303812,scr2002,avaStIn,bevFrtRoadLight
NO,h1549,0.30743387757687923,scr2002,avaStIn,bevFrtRoadLight
NO,h1550,0.278936309503648,scr2002,avaStIn,bevFrtRoadLight
NO,h1551,0.28525649117608465,scr2002,avaStIn,bevFrtRoadLight
NO,h1552,0.33100477113297455,scr2002,avaStIn,bevFrtRoadLight
NO,h1553,0.3951643597987161,scr2002,avaStIn,bevFrtRoadLight
NO,h1554,0.46644985491696456,scr2002,avaStIn,bevFrtRoadLight
NO,h1555,0.5302489042156142,scr2002,avaStIn,bevFrtRoadLight
NO,h1556,0.5770673902258092,scr2002,avaStIn,bevFrtRoadLight
NO,h1557,0.5986769755958499,scr2002,avaStIn,bevFrtRoadLight
NO,h1558,0.6016883948095748,scr2002,avaStIn,bevFrtRoadLight
NO,h1559,0.5924055260109063,scr2002,avaStIn,bevFrtRoadLight
NO,h1560,0.5774847836798133,scr2002,avaStIn,bevFrtRoadLight
NO,h1561,0.5517773619954188,scr2002,avaStIn,bevFrtRoadLight
NO,h1562,0.5248358437172167,scr2002,avaStIn,bevFrtRoadLight
NO,h1563,0.5002557267591349,scr2002,avaStIn,bevFrtRoadLight
NO,h1564,0.4779833592811431,scr2002,avaStIn,bevFrtRoadLight
NO,h1565,0.45518876455881474,scr2002,avaStIn,bevFrtRoadLight
NO,h1566,0.43596244051473665,scr2002,avaStIn,bevFrtRoadLight
NO,h1567,0.4287672948543092,scr2002,avaStIn,bevFrtRoadLight
NO,h1568,0.4310449118345231,scr2002,avaStIn,bevFrtRoadLight
NO,h1569,0.43651906754470937,scr2002,avaStIn,bevFrtRoadLight
NO,h1570,0.42784196327677315,scr2002,avaStIn,bevFrtRoadLight
NO,h1571,0.40165285769436365,scr2002,avaStIn,bevFrtRoadLight
NO,h1572,0.3554492048303812,scr2002,avaStIn,bevFrtRoadLight
NO,h1573,0.30743387757687923,scr2002,avaStIn,bevFrtRoadLight
NO,h1574,0.278936309503648,scr2002,avaStIn,bevFrtRoadLight
NO,h1575,0.28525649117608465,scr2002,avaStIn,bevFrtRoadLight
NO,h1576,0.33100477113297455,scr2002,avaStIn,bevFrtRoadLight
NO,h1577,0.3951643597987161,scr2002,avaStIn,bevFrtRoadLight
NO,h1578,0.46644985491696456,scr2002,avaStIn,bevFrtRoadLight
NO,h1579,0.5302489042156142,scr2002,avaStIn,bevFrtRoadLight
NO,h1580,0.5770673902258092,scr2002,avaStIn,bevFrtRoadLight
NO,h1581,0.5986769755958499,scr2002,avaStIn,bevFrtRoadLight
NO,h1582,0.6016883948095748,scr2002,avaStIn,bevFrtRoadLight
NO,h1583,0.5924055260109063,scr2002,avaStIn,bevFrtRoadLight
NO,h1584,0.5774847836798133,scr2002,avaStIn,bevFrtRoadLight
NO,h1585,0.5517773619954188,scr2002,avaStIn,bevFrtRoadLight
NO,h1586,0.5248358437172167,scr2002,avaStIn,bevFrtRoadLight
NO,h1587,0.5002557267591349,scr2002,avaStIn,bevFrtRoadLight
NO,h1588,0.4779833592811431,scr2002,avaStIn,bevFrtRoadLight
NO,h1589,0.45518876455881474,scr2002,avaStIn,bevFrtRoadLight
NO,h1590,0.43596244051473665,scr2002,avaStIn,bevFrtRoadLight
NO,h1591,0.4287672948543092,scr2002,avaStIn,bevFrtRoadLight
NO,h1592,0.4310449118345231,scr2002,avaStIn,bevFrtRoadLight
NO,h1593,0.43651906754470937,scr2002,avaStIn,bevFrtRoadLight
NO,h1594,0.42784196327677315,scr2002,avaStIn,bevFrtRoadLight
NO,h1595,0.40165285769436365,scr2002,avaStIn,bevFrtRoadLight
NO,h1596,0.3554492048303812,scr2002,avaStIn,bevFrtRoadLight
NO,h1597,0.30743387757687923,scr2002,avaStIn,bevFrtRoadLight
NO,h1598,0.278936309503648,scr2002,avaStIn,bevFrtRoadLight
NO,h1599,0.28525649117608465,scr2002,avaStIn,bevFrtRoadLight
NO,h1600,0.33100477113297455,scr2002,avaStIn,bevFrtRoadLight
NO,h1601,0.3951643597987161,scr2002,avaStIn,bevFrtRoadLight
NO,h1602,0.46644985491696456,scr2002,avaStIn,bevFrtRoadLight
NO,h1603,0.5302489042156142,scr2002,avaStIn,bevFrtRoadLight
NO,h1604,0.5770673902258092,scr2002,avaStIn,bevFrtRoadLight
NO,h1605,0.5986769755958499,scr2002,avaStIn,bevFrtRoadLight
NO,h1606,0.6016883948095748,scr2002,avaStIn,bevFrtRoadLight
NO,h1607,0.5924055260109063,scr2002,avaStIn,bevFrtRoadLight
NO,h1608,0.5774847836798133,scr2002,avaStIn,bevFrtRoadLight
NO,h1609,0.5399833096273894,scr2002,avaStIn,bevFrtRoadLight
NO,h1610,0.5020113380135912,scr2002,avaStIn,bevFrtRoadLight
NO,h1611,0.4635722307063156,scr2002,avaStIn,bevFrtRoadLight
NO,h1612,0.438034865957473,scr2002,avaStIn,bevFrtRoadLight
NO,h1613,0.40762124803256283,scr2002,avaStIn,bevFrtRoadLight
NO,h1614,0.37888830724468336,scr2002,avaStIn,bevFrtRoadLight
NO,h1615,0.36958381422293585,scr2002,avaStIn,bevFrtRoadLight
NO,h1616,0.37840208488783944,scr2002,avaStIn,bevFrtRoadLight
NO,h1617,0.4031259345923752,scr2002,avaStIn,bevFrtRoadLight
NO,h1618,0.41362439373824145,scr2002,avaStIn,bevFrtRoadLight
NO,h1619,0.4028461315685412,scr2002,avaStIn,bevFrtRoadLight
NO,h1620,0.3603437041144123,scr2002,avaStIn,bevFrtRoadLight
NO,h1621,0.300735364069155,scr2002,avaStIn,bevFrtRoadLight
NO,h1622,0.24177370465061954,scr2002,avaStIn,bevFrtRoadLight
NO,h1623,0.21970614560615676,scr2002,avaStIn,bevFrtRoadLight
NO,h1624,0.25508395733229006,scr2002,avaStIn,bevFrtRoadLight
NO,h1625,0.34767139096765254,scr2002,avaStIn,bevFrtRoadLight
NO,h1626,0.45228041046836875,scr2002,avaStIn,bevFrtRoadLight
NO,h1627,0.5341134302691987,scr2002,avaStIn,bevFrtRoadLight
NO,h1628,0.5851656457268322,scr2002,avaStIn,bevFrtRoadLight
NO,h1629,0.6079565962864942,scr2002,avaStIn,bevFrtRoadLight
NO,h1630,0.608837832284763,scr2002,avaStIn,bevFrtRoadLight
NO,h1631,0.5862547005889719,scr2002,avaStIn,bevFrtRoadLight
NO,h1632,0.5503272305028046,scr2002,avaStIn,bevFrtRoadLight
NO,h1633,0.5157882800473498,scr2002,avaStIn,bevFrtRoadLight
NO,h1634,0.4876212160339365,scr2002,avaStIn,bevFrtRoadLight
NO,h1635,0.4635722307063156,scr2002,avaStIn,bevFrtRoadLight
NO,h1636,0.438034865957473,scr2002,avaStIn,bevFrtRoadLight
NO,h1637,0.40762124803256283,scr2002,avaStIn,bevFrtRoadLight
NO,h1638,0.37888830724468336,scr2002,avaStIn,bevFrtRoadLight
NO,h1639,0.36958381422293585,scr2002,avaStIn,bevFrtRoadLight
NO,h1640,0.37840208488783944,scr2002,avaStIn,bevFrtRoadLight
NO,h1641,0.4031259345923752,scr2002,avaStIn,bevFrtRoadLight
NO,h1642,0.41362439373824145,scr2002,avaStIn,bevFrtRoadLight
NO,h1643,0.4028461315685412,scr2002,avaStIn,bevFrtRoadLight
NO,h1644,0.3603437041144123,scr2002,avaStIn,bevFrtRoadLight
NO,h1645,0.300735364069155,scr2002,avaStIn,bevFrtRoadLight
NO,h1646,0.24177370465061954,scr2002,avaStIn,bevFrtRoadLight
NO,h1647,0.21970614560615676,scr2002,avaStIn,bevFrtRoadLight
NO,h1648,0.25508395733229006,scr2002,avaStIn,bevFrtRoadLight
NO,h1649,0.34767139096765254,scr2002,avaStIn,bevFrtRoadLight
NO,h1650,0.45228041046836875,scr2002,avaStIn,bevFrtRoadLight
NO,h1651,0.5341134302691987,scr2002,avaStIn,bevFrtRoadLight
NO,h1652,0.5851656457268322,scr2002,avaStIn,bevFrtRoadLight
NO,h1653,0.6079565962864942,scr2002,avaStIn,bevFrtRoadLight
NO,h1654,0.608837832284763,scr2002,avaStIn,bevFrtRoadLight
NO,h1655,0.5862547005889719,scr2002,avaStIn,bevFrtRoadLight
NO,h1656,0.5503272305028046,scr2002,avaStIn,bevFrtRoadLight
NO,h1657,0.5277989482493217,scr2002,avaStIn,bevFrtRoadLight
NO,h1658,0.510701037897818,scr2002,avaStIn,bevFrtRoadLight
NO,h1659,0.5002557267591349,scr2002,avaStIn,bevFrtRoadLight
NO,h1660,0.4779833592811431,scr2002,avaStIn,bevFrtRoadLight
NO,h1661,0.45518876455881474,scr2002,avaStIn,bevFrtRoadLight
NO,h1662,0.43596244051473665,scr2002,avaStIn,bevFrtRoadLight
NO,h1663,0.4287672948543092,scr2002,avaStIn,bevFrtRoadLight
NO,h1664,0.4310449118345231,scr2002,avaStIn,bevFrtRoadLight
NO,h1665,0.43651906754470937,scr2002,avaStIn,bevFrtRoadLight
NO,h1666,0.42784196327677315,scr2002,avaStIn,bevFrtRoadLight
NO,h1667,0.40165285769436365,scr2002,avaStIn,bevFrtRoadLight
NO,h1668,0.3554492048303812,scr2002,avaStIn,bevFrtRoadLight
NO,h1669,0.30743387757687923,scr2002,avaStIn,bevFrtRoadLight
NO,h1670,0.278936309503648,scr2002,avaStIn,bevFrtRoadLight
NO,h1671,0.28525649117608465,scr2002,avaStIn,bevFrtRoadLight
NO,h1672,0.33100477113297455,scr2002,avaStIn,bevFrtRoadLight
NO,h1673,0.3951643597987161,scr2002,avaStIn,bevFrtRoadLight
NO,h1674,0.46644985491696456,scr2002,avaStIn,bevFrtRoadLight
NO,h1675,0.5302489042156142,scr2002,avaStIn,bevFrtRoadLight
NO,h1676,0.5770673902258092,scr2002,avaStIn,bevFrtRoadLight
NO,h1677,0.5986769755958499,scr2002,avaStIn,bevFrtRoadLight
NO,h1678,0.6016883948095748,scr2002,avaStIn,bevFrtRoadLight
NO,h1679,0.5924055260109063,scr2002,avaStIn,bevFrtRoadLight
NO,h1680,0.5774847836798133,scr2002,avaStIn,bevFrtRoadLight
NO,h1681,0.5517773619954188,scr2002,avaStIn,bevFrtRoadLight
NO,h1682,0.5248358437172167,scr2002,avaStIn,bevFrtRoadLight
NO,h1683,0.5002557267591349,scr2002,avaStIn,bevFrtRoadLight
NO,h1684,0.4779833592811431,scr2002,avaStIn,bevFrtRoadLight
NO,h1685,0.45518876455881474,scr2002,avaStIn,bevFrtRoadLight
NO,h1686,0.43596244051473665,scr2002,avaStIn,bevFrtRoadLight
NO,h1687,0.4287672948543092,scr2002,avaStIn,bevFrtRoadLight
NO,h1688,0.4310449118345231,scr2002,avaStIn,bevFrtRoadLight
NO,h1689,0.43651906754470937,scr2002,avaStIn,bevFrtRoadLight
NO,h1690,0.42784196327677315,scr2002,avaStIn,bevFrtRoadLight
NO,h1691,0.40165285769436365,scr2002,avaStIn,bevFrtRoadLight
NO,h1692,0.3554492048303812,scr2002,avaStIn,bevFrtRoadLight
NO,h1693,0.30743387757687923,scr2002,avaStIn,bevFrtRoadLight
NO,h1694,0.278936309503648,scr2002,avaStIn,bevFrtRoadLight
NO,h1695,0.28525649117608465,scr2002,avaStIn,bevFrtRoadLight
NO,h1696,0.33100477113297455,scr2002,avaStIn,bevFrtRoadLight
NO,h1697,0.3951643597987161,scr2002,avaStIn,bevFrtRoadLight
NO,h1698,0.46644985491696456,scr2002,avaStIn,bevFrtRoadLight
NO,h1699,0.5302489042156142,scr2002,avaStIn,bevFrtRoadLight
NO,h1700,0.5770673902258092,scr2002,avaStIn,bevFrtRoadLight
NO,h1701,0.5986769755958499,scr2002,avaStIn,bevFrtRoadLight
NO,h1702,0.6016883948095748,scr2002,avaStIn,bevFrtRoadLight
NO,h1703,0.5924055260109063,scr2002,avaStIn,bevFrtRoadLight
NO,h1704,0.5774847836798133,scr2002,avaStIn,bevFrtRoadLight
NO,h1705,0.5090380578317111,scr2002,avaStIn,bevFrtRoadLight
NO,h1706,0.45316073221470266,scr2002,avaStIn,bevFrtRoadLight
NO,h1707,0.4106293035759674,scr2002,avaStIn,bevFrtRoadLight
NO,h1708,0.4302562346105031,scr2002,avaStIn,bevFrtRoadLight
NO,h1709,0.4411964644145133,scr2002,avaStIn,bevFrtRoadLight
NO,h1710,0.45751109901302867,scr2002,avaStIn,bevFrtRoadLight
NO,h1711,0.48871757217710954,scr2002,avaStIn,bevFrtRoadLight
NO,h1712,0.5314509691002264,scr2002,avaStIn,bevFrtRoadLight
NO,h1713,0.5711878747561928,scr2002,avaStIn,bevFrtRoadLight
NO,h1714,0.5980939691710527,scr2002,avaStIn,bevFrtRoadLight
NO,h1715,0.608394034195855,scr2002,avaStIn,bevFrtRoadLight
NO,h1716,0.601056877354048,scr2002,avaStIn,bevFrtRoadLight
NO,h1717,0.5764247164288178,scr2002,avaStIn,bevFrtRoadLight
NO,h1718,0.5401459054358788,scr2002,avaStIn,bevFrtRoadLight
NO,h1719,0.4982672792884357,scr2002,avaStIn,bevFrtRoadLight
NO,h1720,0.4574139907405833,scr2002,avaStIn,bevFrtRoadLight
NO,h1721,0.42470386872332355,scr2002,avaStIn,bevFrtRoadLight
NO,h1722,0.4070105681582177,scr2002,avaStIn,bevFrtRoadLight
NO,h1723,0.3993554704479093,scr2002,avaStIn,bevFrtRoadLight
NO,h1724,0.3942528360151184,scr2002,avaStIn,bevFrtRoadLight
NO,h1725,0.3809841238928826,scr2002,avaStIn,bevFrtRoadLight
NO,h1726,0.3497784944040866,scr2002,avaStIn,bevFrtRoadLight
NO,h1727,0.3123069662403203,scr2002,avaStIn,bevFrtRoadLight
NO,h1728,0.2821792829284123,scr2002,avaStIn,bevFrtRoadLight
NO,h1729,0.3106843918239848,scr2002,avaStIn,bevFrtRoadLight
NO,h1730,0.35866299968064763,scr2002,avaStIn,bevFrtRoadLight
NO,h1731,0.4106293035759674,scr2002,avaStIn,bevFrtRoadLight
NO,h1732,0.4302562346105031,scr2002,avaStIn,bevFrtRoadLight
NO,h1733,0.4411964644145133,scr2002,avaStIn,bevFrtRoadLight
NO,h1734,0.45751109901302867,scr2002,avaStIn,bevFrtRoadLight
NO,h1735,0.48871757217710954,scr2002,avaStIn,bevFrtRoadLight
NO,h1736,0.5314509691002264,scr2002,avaStIn,bevFrtRoadLight
NO,h1737,0.5711878747561928,scr2002,avaStIn,bevFrtRoadLight
NO,h1738,0.5980939691710527,scr2002,avaStIn,bevFrtRoadLight
NO,h1739,0.608394034195855,scr2002,avaStIn,bevFrtRoadLight
NO,h1740,0.601056877354048,scr2002,avaStIn,bevFrtRoadLight
NO,h1741,0.5764247164288178,scr2002,avaStIn,bevFrtRoadLight
NO,h1742,0.5401459054358788,scr2002,avaStIn,bevFrtRoadLight
NO,h1743,0.4982672792884357,scr2002,avaStIn,bevFrtRoadLight
NO,h1744,0.4574139907405833,scr2002,avaStIn,bevFrtRoadLight
NO,h1745,0.42470386872332355,scr2002,avaStIn,bevFrtRoadLight
NO,h1746,0.4070105681582177,scr2002,avaStIn,bevFrtRoadLight
NO,h1747,0.3993554704479093,scr2002,avaStIn,bevFrtRoadLight
NO,h1748,0.3942528360151184,scr2002,avaStIn,bevFrtRoadLight
NO,h1749,0.3809841238928826,scr2002,avaStIn,bevFrtRoadLight
NO,h1750,0.3497784944040866,scr2002,avaStIn,bevFrtRoadLight
NO,h1751,0.3123069662403203,scr2002,avaStIn,bevFrtRoadLight
NO,h1752,0.2821792829284123,scr2002,avaStIn,bevFrtRoadLight
NO,h1753,0.3106843918239848,scr2002,avaStIn,bevFrtRoadLight
NO,h1754,0.35866299968064763,scr2002,avaStIn,bevFrtRoadLight
NO,h1755,0.4106293035759674,scr2002,avaStIn,bevFrtRoadLight
NO,h1756,0.4302562346105031,scr2002,avaStIn,bevFrtRoadLight
NO,h1757,0.4411964644145133,scr2002,avaStIn,bevFrtRoadLight
NO,h1758,0.45751109901302867,scr2002,avaStIn,bevFrtRoadLight
NO,h1759,0.48871757217710954,scr2002,avaStIn,bevFrtRoadLight
NO,h1760,0.5314509691002264,scr2002,avaStIn,bevFrtRoadLight
NO,h1761,0.5711878747561928,scr2002,avaStIn,bevFrtRoadLight
NO,h1762,0.5980939691710527,scr2002,avaStIn,bevFrtRoadLight
NO,h1763,0.608394034195855,scr2002,avaStIn,bevFrtRoadLight
NO,h1764,0.601056877354048,scr2002,avaStIn,bevFrtRoadLight
NO,h1765,0.5764247164288178,scr2002,avaStIn,bevFrtRoadLight
NO,h1766,0.5401459054358788,scr2002,avaStIn,bevFrtRoadLight
NO,h1767,0.4982672792884357,scr2002,avaStIn,bevFrtRoadLight
NO,h1768,0.4574139907405833,scr2002,avaStIn,bevFrtRoadLight
NO,h1769,0.42470386872332355,scr2002,avaStIn,bevFrtRoadLight
NO,h1770,0.4070105681582177,scr2002,avaStIn,bevFrtRoadLight
NO,h1771,0.3993554704479093,scr2002,avaStIn,bevFrtRoadLight
NO,h1772,0.3942528360151184,scr2002,avaStIn,bevFrtRoadLight
NO,h1773,0.3809841238928826,scr2002,avaStIn,bevFrtRoadLight
NO,h1774,0.3497784944040866,scr2002,avaStIn,bevFrtRoadLight
NO,h1775,0.3123069662403203,scr2002,avaStIn,bevFrtRoadLight
NO,h1776,0.2821792829284123,scr2002,avaStIn,bevFrtRoadLight
NO,h1777,0.230095162221032,scr2002,avaStIn,bevFrtRoadLight
NO,h1778,0.2300917975935889,scr2002,avaStIn,bevFrtRoadLight
NO,h1779,0.27148343409663167,scr2002,avaStIn,bevFrtRoadLight
NO,h1780,0.3790725700696759,scr2002,avaStIn,bevFrtRoadLight
NO,h1781,0.4623404992613246,scr2002,avaStIn,bevFrtRoadLight
NO,h1782,0.525916227480001,scr2002,avaStIn,bevFrtRoadLight
NO,h1783,0.5772992909654577,scr2002,avaStIn,bevFrtRoadLight
NO,h1784,0.6171735770568829,scr2002,avaStIn,bevFrtRoadLight
NO,h1785,0.6409152522621755,scr2002,avaStIn,bevFrtRoadLight
NO,h1786,0.648916667,scr2002,avaStIn,bevFrtRoadLight
NO,h1787,0.6400350534574338,scr2002,avaStIn,bevFrtRoadLight
NO,h1788,0.6158841576917301,scr2002,avaStIn,bevFrtRoadLight
NO,h1789,0.5753501172674538,scr2002,avaStIn,bevFrtRoadLight
NO,h1790,0.5273486726990765,scr2002,avaStIn,bevFrtRoadLight
NO,h1791,0.47682400205808606,scr2002,avaStIn,bevFrtRoadLight
NO,h1792,0.4288063768750644,scr2002,avaStIn,bevFrtRoadLight
NO,h1793,0.39374570481652504,scr2002,avaStIn,bevFrtRoadLight
NO,h1794,0.3749031506247579,scr2002,avaStIn,bevFrtRoadLight
NO,h1795,0.3720933012131318,scr2002,avaStIn,bevFrtRoadLight
NO,h1796,0.36873105182903687,scr2002,avaStIn,bevFrtRoadLight
NO,h1797,0.3543630997986469,scr2002,avaStIn,bevFrtRoadLight
NO,h1798,0.3154781828948128,scr2002,avaStIn,bevFrtRoadLight
NO,h1799,0.27112993299959975,scr2002,avaStIn,bevFrtRoadLight
NO,h1800,0.2381911639591776,scr2002,avaStIn,bevFrtRoadLight
NO,h1801,0.20075744833264675,scr2002,avaStIn,bevFrtRoadLight
NO,h1802,0.21575624655576675,scr2002,avaStIn,bevFrtRoadLight
NO,h1803,0.27148343409663167,scr2002,avaStIn,bevFrtRoadLight
NO,h1804,0.3790725700696759,scr2002,avaStIn,bevFrtRoadLight
NO,h1805,0.4623404992613246,scr2002,avaStIn,bevFrtRoadLight
NO,h1806,0.525916227480001,scr2002,avaStIn,bevFrtRoadLight
NO,h1807,0.5772992909654577,scr2002,avaStIn,bevFrtRoadLight
NO,h1808,0.6171735770568829,scr2002,avaStIn,bevFrtRoadLight
NO,h1809,0.6409152522621755,scr2002,avaStIn,bevFrtRoadLight
NO,h1810,0.648916667,scr2002,avaStIn,bevFrtRoadLight
NO,h1811,0.6400350534574338,scr2002,avaStIn,bevFrtRoadLight
NO,h1812,0.6158841576917301,scr2002,avaStIn,bevFrtRoadLight
NO,h1813,0.5753501172674538,scr2002,avaStIn,bevFrtRoadLight
NO,h1814,0.5273486726990765,scr2002,avaStIn,bevFrtRoadLight
NO,h1815,0.47682400205808606,scr2002,avaStIn,bevFrtRoadLight
NO,h1816,0.4288063768750644,scr2002,avaStIn,bevFrtRoadLight
NO,h1817,0.39374570481652504,scr2002,avaStIn,bevFrtRoadLight
NO,h1818,0.3749031506247579,scr2002,avaStIn,bevFrtRoadLight
NO,h1819,0.3720933012131318,scr2002,avaStIn,bevFrtRoadLight
NO,h1820,0.36873105182903687,scr2002,avaStIn,bevFrtRoadLight
NO,h1821,0.3543630997986469,scr2002,avaStIn,bevFrtRoadLight
NO,h1822,0.3154781828948128,scr2002,avaStIn,bevFrtRoadLight
NO,h1823,0.27112993299959975,scr2002,avaStIn,bevFrtRoadLight
NO,h1824,0.2381911639591776,scr2002,avaStIn,bevFrtRoadLight
NO,h1825,0.28388199759953203,scr2002,avaStIn,bevFrtRoadLight
NO,h1826,0.34615260530650627,scr2002,avaStIn,bevFrtRoadLight
NO,h1827,0.4106293035759674,scr2002,avaStIn,bevFrtRoadLight
NO,h1828,0.4302562346105031,scr2002,avaStIn,bevFrtRoadLight
NO,h1829,0.4411964644145133,scr2002,avaStIn,bevFrtRoadLight
NO,h1830,0.45751109901302867,scr2002,avaStIn,bevFrtRoadLight
NO,h1831,0.48871757217710954,scr2002,avaStIn,bevFrtRoadLight
NO,h1832,0.5314509691002264,scr2002,avaStIn,bevFrtRoadLight
NO,h1833,0.5711878747561928,scr2002,avaStIn,bevFrtRoadLight
NO,h1834,0.5980939691710527,scr2002,avaStIn,bevFrtRoadLight
NO,h1835,0.608394034195855,scr2002,avaStIn,bevFrtRoadLight
NO,h1836,0.601056877354048,scr2002,avaStIn,bevFrtRoadLight
NO,h1837,0.5764247164288178,scr2002,avaStIn,bevFrtRoadLight
NO,h1838,0.5401459054358788,scr2002,avaStIn,bevFrtRoadLight
NO,h1839,0.4982672792884357,scr2002,avaStIn,bevFrtRoadLight
NO,h1840,0.4574139907405833,scr2002,avaStIn,bevFrtRoadLight
NO,h1841,0.42470386872332355,scr2002,avaStIn,bevFrtRoadLight
NO,h1842,0.4070105681582177,scr2002,avaStIn,bevFrtRoadLight
NO,h1843,0.3993554704479093,scr2002,avaStIn,bevFrtRoadLight
NO,h1844,0.3942528360151184,scr2002,avaStIn,bevFrtRoadLight
NO,h1845,0.3809841238928826,scr2002,avaStIn,bevFrtRoadLight
NO,h1846,0.3497784944040866,scr2002,avaStIn,bevFrtRoadLight
NO,h1847,0.3123069662403203,scr2002,avaStIn,bevFrtRoadLight
NO,h1848,0.2821792829284123,scr2002,avaStIn,bevFrtRoadLight
NO,h1849,0.3106843918239848,scr2002,avaStIn,bevFrtRoadLight
NO,h1850,0.35866299968064763,scr2002,avaStIn,bevFrtRoadLight
NO,h1851,0.4106293035759674,scr2002,avaStIn,bevFrtRoadLight
NO,h1852,0.4302562346105031,scr2002,avaStIn,bevFrtRoadLight
NO,h1853,0.4411964644145133,scr2002,avaStIn,bevFrtRoadLight
NO,h1854,0.45751109901302867,scr2002,avaStIn,bevFrtRoadLight
NO,h1855,0.48871757217710954,scr2002,avaStIn,bevFrtRoadLight
NO,h1856,0.5314509691002264,scr2002,avaStIn,bevFrtRoadLight
NO,h1857,0.5711878747561928,scr2002,avaStIn,bevFrtRoadLight
NO,h1858,0.5980939691710527,scr2002,avaStIn,bevFrtRoadLight
NO,h1859,0.608394034195855,scr2002,avaStIn,bevFrtRoadLight
NO,h1860,0.601056877354048,scr2002,avaStIn,bevFrtRoadLight
NO,h1861,0.5764247164288178,scr2002,avaStIn,bevFrtRoadLight
NO,h1862,0.5401459054358788,scr2002,avaStIn,bevFrtRoadLight
NO,h1863,0.4982672792884357,scr2002,avaStIn,bevFrtRoadLight
NO,h1864,0.4574139907405833,scr2002,avaStIn,bevFrtRoadLight
NO,h1865,0.42470386872332355,scr2002,avaStIn,bevFrtRoadLight
NO,h1866,0.4070105681582177,scr2002,avaStIn,bevFrtRoadLight
NO,h1867,0.3993554704479093,scr2002,avaStIn,bevFrtRoadLight
NO,h1868,0.3942528360151184,scr2002,avaStIn,bevFrtRoadLight
NO,h1869,0.3809841238928826,scr2002,avaStIn,bevFrtRoadLight
NO,h1870,0.3497784944040866,scr2002,avaStIn,bevFrtRoadLight
NO,h1871,0.3123069662403203,scr2002,avaStIn,bevFrtRoadLight
NO,h1872,0.2821792829284123,scr2002,avaStIn,bevFrtRoadLight
NO,h1873,0.3106843918239848,scr2002,avaStIn,bevFrtRoadLight
NO,h1874,0.35866299968064763,scr2002,avaStIn,bevFrtRoadLight
NO,h1875,0.4106293035759674,scr2002,avaStIn,bevFrtRoadLight
NO,h1876,0.4302562346105031,scr2002,avaStIn,bevFrtRoadLight
NO,h1877,0.4411964644145133,scr2002,avaStIn,bevFrtRoadLight
NO,h1878,0.45751109901302867,scr2002,avaStIn,bevFrtRoadLight
NO,h1879,0.48871757217710954,scr2002,avaStIn,bevFrtRoadLight
NO,h1880,0.5314509691002264,scr2002,avaStIn,bevFrtRoadLight
NO,h1881,0.5711878747561928,scr2002,avaStIn,bevFrtRoadLight
NO,h1882,0.5980939691710527,scr2002,avaStIn,bevFrtRoadLight
NO,h1883,0.608394034195855,scr2002,avaStIn,bevFrtRoadLight
NO,h1884,0.601056877354048,scr2002,avaStIn,bevFrtRoadLight
NO,h1885,0.5764247164288178,scr2002,avaStIn,bevFrtRoadLight
NO,h1886,0.5401459054358788,scr2002,avaStIn,bevFrtRoadLight
NO,h1887,0.4982672792884357,scr2002,avaStIn,bevFrtRoadLight
NO,h1888,0.4574139907405833,scr2002,avaStIn,bevFrtRoadLight
NO,h1889,0.42470386872332355,scr2002,avaStIn,bevFrtRoadLight
NO,h1890,0.4070105681582177,scr2002,avaStIn,bevFrtRoadLight
NO,h1891,0.3993554704479093,scr2002,avaStIn,bevFrtRoadLight
NO,h1892,0.3942528360151184,scr2002,avaStIn,bevFrtRoadLight
NO,h1893,0.3809841238928826,scr2002,avaStIn,bevFrtRoadLight
NO,h1894,0.3497784944040866,scr2002,avaStIn,bevFrtRoadLight
NO,h1895,0.3123069662403203,scr2002,avaStIn,bevFrtRoadLight
NO,h1896,0.2821792829284123,scr2002,avaStIn,bevFrtRoadLight
NO,h1897,0.3106843918239848,scr2002,avaStIn,bevFrtRoadLight
NO,h1898,0.35866299968064763,scr2002,avaStIn,bevFrtRoadLight
NO,h1899,0.4106293035759674,scr2002,avaStIn,bevFrtRoadLight
NO,h1900,0.4302562346105031,scr2002,avaStIn,bevFrtRoadLight
NO,h1901,0.4411964644145133,scr2002,avaStIn,bevFrtRoadLight
NO,h1902,0.45751109901302867,scr2002,avaStIn,bevFrtRoadLight
NO,h1903,0.48871757217710954,scr2002,avaStIn,bevFrtRoadLight
NO,h1904,0.5314509691002264,scr2002,avaStIn,bevFrtRoadLight
NO,h1905,0.5711878747561928,scr2002,avaStIn,bevFrtRoadLight
NO,h1906,0.5980939691710527,scr2002,avaStIn,bevFrtRoadLight
NO,h1907,0.608394034195855,scr2002,avaStIn,bevFrtRoadLight
NO,h1908,0.601056877354048,scr2002,avaStIn,bevFrtRoadLight
NO,h1909,0.5764247164288178,scr2002,avaStIn,bevFrtRoadLight
NO,h1910,0.5401459054358788,scr2002,avaStIn,bevFrtRoadLight
NO,h1911,0.4982672792884357,scr2002,avaStIn,bevFrtRoadLight
NO,h1912,0.4574139907405833,scr2002,avaStIn,bevFrtRoadLight
NO,h1913,0.42470386872332355,scr2002,avaStIn,bevFrtRoadLight
NO,h1914,0.4070105681582177,scr2002,avaStIn,bevFrtRoadLight
NO,h1915,0.3993554704479093,scr2002,avaStIn,bevFrtRoadLight
NO,h1916,0.3942528360151184,scr2002,avaStIn,bevFrtRoadLight
NO,h1917,0.3809841238928826,scr2002,avaStIn,bevFrtRoadLight
NO,h1918,0.3497784944040866,scr2002,avaStIn,bevFrtRoadLight
NO,h1919,0.3123069662403203,scr2002,avaStIn,bevFrtRoadLight
NO,h1920,0.2821792829284123,scr2002,avaStIn,bevFrtRoadLight
NO,h1921,0.3106843918239848,scr2002,avaStIn,bevFrtRoadLight
NO,h1922,0.35866299968064763,scr2002,avaStIn,bevFrtRoadLight
NO,h1923,0.4106293035759674,scr2002,avaStIn,bevFrtRoadLight
NO,h1924,0.4302562346105031,scr2002,avaStIn,bevFrtRoadLight
NO,h1925,0.4411964644145133,scr2002,avaStIn,bevFrtRoadLight
NO,h1926,0.45751109901302867,scr2002,avaStIn,bevFrtRoadLight
NO,h1927,0.48871757217710954,scr2002,avaStIn,bevFrtRoadLight
NO,h1928,0.5314509691002264,scr2002,avaStIn,bevFrtRoadLight
NO,h1929,0.5711878747561928,scr2002,avaStIn,bevFrtRoadLight
NO,h1930,0.5980939691710527,scr2002,avaStIn,bevFrtRoadLight
NO,h1931,0.608394034195855,scr2002,avaStIn,bevFrtRoadLight
NO,h1932,0.601056877354048,scr2002,avaStIn,bevFrtRoadLight
NO,h1933,0.5764247164288178,scr2002,avaStIn,bevFrtRoadLight
NO,h1934,0.5401459054358788,scr2002,avaStIn,bevFrtRoadLight
NO,h1935,0.4982672792884357,scr2002,avaStIn,bevFrtRoadLight
NO,h1936,0.4574139907405833,scr2002,avaStIn,bevFrtRoadLight
NO,h1937,0.42470386872332355,scr2002,avaStIn,bevFrtRoadLight
NO,h1938,0.4070105681582177,scr2002,avaStIn,bevFrtRoadLight
NO,h1939,0.3993554704479093,scr2002,avaStIn,bevFrtRoadLight
NO,h1940,0.3942528360151184,scr2002,avaStIn,bevFrtRoadLight
NO,h1941,0.3809841238928826,scr2002,avaStIn,bevFrtRoadLight
NO,h1942,0.3497784944040866,scr2002,avaStIn,bevFrtRoadLight
NO,h1943,0.3123069662403203,scr2002,avaStIn,bevFrtRoadLight
NO,h1944,0.2821792829284123,scr2002,avaStIn,bevFrtRoadLight
NO,h1945,0.230095162221032,scr2002,avaStIn,bevFrtRoadLight
NO,h1946,0.2300917975935889,scr2002,avaStIn,bevFrtRoadLight
NO,h1947,0.27148343409663167,scr2002,avaStIn,bevFrtRoadLight
NO,h1948,0.3790725700696759,scr2002,avaStIn,bevFrtRoadLight
NO,h1949,0.4623404992613246,scr2002,avaStIn,bevFrtRoadLight
NO,h1950,0.525916227480001,scr2002,avaStIn,bevFrtRoadLight
NO,h1951,0.5772992909654577,scr2002,avaStIn,bevFrtRoadLight
NO,h1952,0.6171735770568829,scr2002,avaStIn,bevFrtRoadLight
NO,h1953,0.6409152522621755,scr2002,avaStIn,bevFrtRoadLight
NO,h1954,0.648916667,scr2002,avaStIn,bevFrtRoadLight
NO,h1955,0.6400350534574338,scr2002,avaStIn,bevFrtRoadLight
NO,h1956,0.6158841576917301,scr2002,avaStIn,bevFrtRoadLight
NO,h1957,0.5753501172674538,scr2002,avaStIn,bevFrtRoadLight
NO,h1958,0.5273486726990765,scr2002,avaStIn,bevFrtRoadLight
NO,h1959,0.47682400205808606,scr2002,avaStIn,bevFrtRoadLight
NO,h1960,0.4288063768750644,scr2002,avaStIn,bevFrtRoadLight
NO,h1961,0.39374570481652504,scr2002,avaStIn,bevFrtRoadLight
NO,h1962,0.3749031506247579,scr2002,avaStIn,bevFrtRoadLight
NO,h1963,0.3720933012131318,scr2002,avaStIn,bevFrtRoadLight
NO,h1964,0.36873105182903687,scr2002,avaStIn,bevFrtRoadLight
NO,h1965,0.3543630997986469,scr2002,avaStIn,bevFrtRoadLight
NO,h1966,0.3154781828948128,scr2002,avaStIn,bevFrtRoadLight
NO,h1967,0.27112993299959975,scr2002,avaStIn,bevFrtRoadLight
NO,h1968,0.2381911639591776,scr2002,avaStIn,bevFrtRoadLight
NO,h1969,0.20075744833264675,scr2002,avaStIn,bevFrtRoadLight
NO,h1970,0.21575624655576675,scr2002,avaStIn,bevFrtRoadLight
NO,h1971,0.27148343409663167,scr2002,avaStIn,bevFrtRoadLight
NO,h1972,0.3790725700696759,scr2002,avaStIn,bevFrtRoadLight
NO,h1973,0.4623404992613246,scr2002,avaStIn,bevFrtRoadLight
NO,h1974,0.525916227480001,scr2002,avaStIn,bevFrtRoadLight
NO,h1975,0.5772992909654577,scr2002,avaStIn,bevFrtRoadLight
NO,h1976,0.6171735770568829,scr2002,avaStIn,bevFrtRoadLight
NO,h1977,0.6409152522621755,scr2002,avaStIn,bevFrtRoadLight
NO,h1978,0.648916667,scr2002,avaStIn,bevFrtRoadLight
NO,h1979,0.6400350534574338,scr2002,avaStIn,bevFrtRoadLight
NO,h1980,0.6158841576917301,scr2002,avaStIn,bevFrtRoadLight
NO,h1981,0.5753501172674538,scr2002,avaStIn,bevFrtRoadLight
NO,h1982,0.5273486726990765,scr2002,avaStIn,bevFrtRoadLight
NO,h1983,0.47682400205808606,scr2002,avaStIn,bevFrtRoadLight
NO,h1984,0.4288063768750644,scr2002,avaStIn,bevFrtRoadLight
NO,h1985,0.39374570481652504,scr2002,avaStIn,bevFrtRoadLight
NO,h1986,0.3749031506247579,scr2002,avaStIn,bevFrtRoadLight
NO,h1987,0.3720933012131318,scr2002,avaStIn,bevFrtRoadLight
NO,h1988,0.36873105182903687,scr2002,avaStIn,bevFrtRoadLight
NO,h1989,0.3543630997986469,scr2002,avaStIn,bevFrtRoadLight
NO,h1990,0.3154781828948128,scr2002,avaStIn,bevFrtRoadLight
NO,h1991,0.27112993299959975,scr2002,avaStIn,bevFrtRoadLight
NO,h1992,0.2381911639591776,scr2002,avaStIn,bevFrtRoadLight
NO,h1993,0.28388199759953203,scr2002,avaStIn,bevFrtRoadLight
NO,h1994,0.34615260530650627,scr2002,avaStIn,bevFrtRoadLight
NO,h1995,0.4106293035759674,scr2002,avaStIn,bevFrtRoadLight
NO,h1996,0.4302562346105031,scr2002,avaStIn,bevFrtRoadLight
NO,h1997,0.4411964644145133,scr2002,avaStIn,bevFrtRoadLight
NO,h1998,0.45751109901302867,scr2002,avaStIn,bevFrtRoadLight
NO,h1999,0.48871757217710954,scr2002,avaStIn,bevFrtRoadLight
NO,h2000,0.5314509691002264,scr2002,avaStIn,bevFrtRoadLight
NO,h2001,0.5711878747561928,scr2002,avaStIn,bevFrtRoadLight
NO,h2002,0.5980939691710527,scr2002,avaStIn,bevFrtRoadLight
NO,h2003,0.608394034195855,scr2002,avaStIn,bevFrtRoadLight
NO,h2004,0.601056877354048,scr2002,avaStIn,bevFrtRoadLight
NO,h2005,0.5764247164288178,scr2002,avaStIn,bevFrtRoadLight
NO,h2006,0.5401459054358788,scr2002,avaStIn,bevFrtRoadLight
NO,h2007,0.4982672792884357,scr2002,avaStIn,bevFrtRoadLight
NO,h2008,0.4574139907405833,scr2002,avaStIn,bevFrtRoadLight
NO,h2009,0.42470386872332355,scr2002,avaStIn,bevFrtRoadLight
NO,h2010,0.4070105681582177,scr2002,avaStIn,bevFrtRoadLight
NO,h2011,0.3993554704479093,scr2002,avaStIn,bevFrtRoadLight
NO,h2012,0.3942528360151184,scr2002,avaStIn,bevFrtRoadLight
NO,h2013,0.3809841238928826,scr2002,avaStIn,bevFrtRoadLight
NO,h2014,0.3497784944040866,scr2002,avaStIn,bevFrtRoadLight
NO,h2015,0.3123069662403203,scr2002,avaStIn,bevFrtRoadLight
NO,h2016,0.2821792829284123,scr2002,avaStIn,bevFrtRoadLight
NO,h2017,0.3072840894621327,scr2002,avaStIn,bevFrtRoadLight
NO,h2018,0.33666905394072477,scr2002,avaStIn,bevFrtRoadLight
NO,h2019,0.36655496485550265,scr2002,avaStIn,bevFrtRoadLight
NO,h2020,0.3745731212047183,scr2002,avaStIn,bevFrtRoadLight
NO,h2021,0.4026088526762964,scr2002,avaStIn,bevFrtRoadLight
NO,h2022,0.44640061438376677,scr2002,avaStIn,bevFrtRoadLight
NO,h2023,0.4973037920546317,scr2002,avaStIn,bevFrtRoadLight
NO,h2024,0.5420216950586382,scr2002,avaStIn,bevFrtRoadLight
NO,h2025,0.5736954068525849,scr2002,avaStIn,bevFrtRoadLight
NO,h2026,0.5880342997851788,scr2002,avaStIn,bevFrtRoadLight
NO,h2027,0.5918947845476328,scr2002,avaStIn,bevFrtRoadLight
NO,h2028,0.5837522950091353,scr2002,avaStIn,bevFrtRoadLight
NO,h2029,0.5666300112283023,scr2002,avaStIn,bevFrtRoadLight
NO,h2030,0.5326460205473856,scr2002,avaStIn,bevFrtRoadLight
NO,h2031,0.48334141219508575,scr2002,avaStIn,bevFrtRoadLight
NO,h2032,0.4237800531764452,scr2002,avaStIn,bevFrtRoadLight
NO,h2033,0.3668064382544399,scr2002,avaStIn,bevFrtRoadLight
NO,h2034,0.33858624085132816,scr2002,avaStIn,bevFrtRoadLight
NO,h2035,0.33981235579051494,scr2002,avaStIn,bevFrtRoadLight
NO,h2036,0.36441505526272,scr2002,avaStIn,bevFrtRoadLight
NO,h2037,0.39407002810213865,scr2002,avaStIn,bevFrtRoadLight
NO,h2038,0.4100441996396511,scr2002,avaStIn,bevFrtRoadLight
NO,h2039,0.41244752514225314,scr2002,avaStIn,bevFrtRoadLight
NO,h2040,0.397767181057598,scr2002,avaStIn,bevFrtRoadLight
NO,h2041,0.3840802424090225,scr2002,avaStIn,bevFrtRoadLight
NO,h2042,0.37136048642151265,scr2002,avaStIn,bevFrtRoadLight
NO,h2043,0.36655496485550265,scr2002,avaStIn,bevFrtRoadLight
NO,h2044,0.3745731212047183,scr2002,avaStIn,bevFrtRoadLight
NO,h2045,0.4026088526762964,scr2002,avaStIn,bevFrtRoadLight
NO,h2046,0.44640061438376677,scr2002,avaStIn,bevFrtRoadLight
NO,h2047,0.4973037920546317,scr2002,avaStIn,bevFrtRoadLight
NO,h2048,0.5420216950586382,scr2002,avaStIn,bevFrtRoadLight
NO,h2049,0.5736954068525849,scr2002,avaStIn,bevFrtRoadLight
NO,h2050,0.5880342997851788,scr2002,avaStIn,bevFrtRoadLight
NO,h2051,0.5918947845476328,scr2002,avaStIn,bevFrtRoadLight
NO,h2052,0.5837522950091353,scr2002,avaStIn,bevFrtRoadLight
NO,h2053,0.5666300112283023,scr2002,avaStIn,bevFrtRoadLight
NO,h2054,0.5326460205473856,scr2002,avaStIn,bevFrtRoadLight
NO,h2055,0.48334141219508575,scr2002,avaStIn,bevFrtRoadLight
NO,h2056,0.4237800531764452,scr2002,avaStIn,bevFrtRoadLight
NO,h2057,0.3668064382544399,scr2002,avaStIn,bevFrtRoadLight
NO,h2058,0.33858624085132816,scr2002,avaStIn,bevFrtRoadLight
NO,h2059,0.33981235579051494,scr2002,avaStIn,bevFrtRoadLight
NO,h2060,0.36441505526272,scr2002,avaStIn,bevFrtRoadLight
NO,h2061,0.39407002810213865,scr2002,avaStIn,bevFrtRoadLight
NO,h2062,0.4100441996396511,scr2002,avaStIn,bevFrtRoadLight
NO,h2063,0.41244752514225314,scr2002,avaStIn,bevFrtRoadLight
NO,h2064,0.397767181057598,scr2002,avaStIn,bevFrtRoadLight
NO,h2065,0.3840802424090225,scr2002,avaStIn,bevFrtRoadLight
NO,h2066,0.37136048642151265,scr2002,avaStIn,bevFrtRoadLight
NO,h2067,0.36655496485550265,scr2002,avaStIn,bevFrtRoadLight
NO,h2068,0.3745731212047183,scr2002,avaStIn,bevFrtRoadLight
NO,h2069,0.4026088526762964,scr2002,avaStIn,bevFrtRoadLight
NO,h2070,0.44640061438376677,scr2002,avaStIn,bevFrtRoadLight
NO,h2071,0.4973037920546317,scr2002,avaStIn,bevFrtRoadLight
NO,h2072,0.5420216950586382,scr2002,avaStIn,bevFrtRoadLight
NO,h2073,0.5736954068525849,scr2002,avaStIn,bevFrtRoadLight
NO,h2074,0.5880342997851788,scr2002,avaStIn,bevFrtRoadLight
NO,h2075,0.5918947845476328,scr2002,avaStIn,bevFrtRoadLight
NO,h2076,0.5837522950091353,scr2002,avaStIn,bevFrtRoadLight
NO,h2077,0.5666300112283023,scr2002,avaStIn,bevFrtRoadLight
NO,h2078,0.5326460205473856,scr2002,avaStIn,bevFrtRoadLight
NO,h2079,0.48334141219508575,scr2002,avaStIn,bevFrtRoadLight
NO,h2080,0.4237800531764452,scr2002,avaStIn,bevFrtRoadLight
NO,h2081,0.3668064382544399,scr2002,avaStIn,bevFrtRoadLight
NO,h2082,0.33858624085132816,scr2002,avaStIn,bevFrtRoadLight
NO,h2083,0.33981235579051494,scr2002,avaStIn,bevFrtRoadLight
NO,h2084,0.36441505526272,scr2002,avaStIn,bevFrtRoadLight
NO,h2085,0.39407002810213865,scr2002,avaStIn,bevFrtRoadLight
NO,h2086,0.4100441996396511,scr2002,avaStIn,bevFrtRoadLight
NO,h2087,0.41244752514225314,scr2002,avaStIn,bevFrtRoadLight
NO,h2088,0.397767181057598,scr2002,avaStIn,bevFrtRoadLight
NO,h2089,0.3840802424090225,scr2002,avaStIn,bevFrtRoadLight
NO,h2090,0.37136048642151265,scr2002,avaStIn,bevFrtRoadLight
NO,h2091,0.36655496485550265,scr2002,avaStIn,bevFrtRoadLight
NO,h2092,0.3745731212047183,scr2002,avaStIn,bevFrtRoadLight
NO,h2093,0.4026088526762964,scr2002,avaStIn,bevFrtRoadLight
NO,h2094,0.44640061438376677,scr2002,avaStIn,bevFrtRoadLight
NO,h2095,0.4973037920546317,scr2002,avaStIn,bevFrtRoadLight
NO,h2096,0.5420216950586382,scr2002,avaStIn,bevFrtRoadLight
NO,h2097,0.5736954068525849,scr2002,avaStIn,bevFrtRoadLight
NO,h2098,0.5880342997851788,scr2002,avaStIn,bevFrtRoadLight
NO,h2099,0.5918947845476328,scr2002,avaStIn,bevFrtRoadLight
NO,h2100,0.5837522950091353,scr2002,avaStIn,bevFrtRoadLight
NO,h2101,0.5666300112283023,scr2002,avaStIn,bevFrtRoadLight
NO,h2102,0.5326460205473856,scr2002,avaStIn,bevFrtRoadLight
NO,h2103,0.48334141219508575,scr2002,avaStIn,bevFrtRoadLight
NO,h2104,0.4237800531764452,scr2002,avaStIn,bevFrtRoadLight
NO,h2105,0.3668064382544399,scr2002,avaStIn,bevFrtRoadLight
NO,h2106,0.33858624085132816,scr2002,avaStIn,bevFrtRoadLight
NO,h2107,0.33981235579051494,scr2002,avaStIn,bevFrtRoadLight
NO,h2108,0.36441505526272,scr2002,avaStIn,bevFrtRoadLight
NO,h2109,0.39407002810213865,scr2002,avaStIn,bevFrtRoadLight
NO,h2110,0.4100441996396511,scr2002,avaStIn,bevFrtRoadLight
NO,h2111,0.41244752514225314,scr2002,avaStIn,bevFrtRoadLight
NO,h2112,0.397767181057598,scr2002,avaStIn,bevFrtRoadLight
NO,h2113,0.42154228593186693,scr2002,avaStIn,bevFrtRoadLight
NO,h2114,0.4456152325394652,scr2002,avaStIn,bevFrtRoadLight
NO,h2115,0.46890884939949806,scr2002,avaStIn,bevFrtRoadLight
NO,h2116,0.4606801828577375,scr2002,avaStIn,bevFrtRoadLight
NO,h2117,0.4598809008191356,scr2002,avaStIn,bevFrtRoadLight
NO,h2118,0.4737368201055385,scr2002,avaStIn,bevFrtRoadLight
NO,h2119,0.49837466067849223,scr2002,avaStIn,bevFrtRoadLight
NO,h2120,0.5249322712656334,scr2002,avaStIn,bevFrtRoadLight
NO,h2121,0.5295524702973696,scr2002,avaStIn,bevFrtRoadLight
NO,h2122,0.5237384833973733,scr2002,avaStIn,bevFrtRoadLight
NO,h2123,0.517462220076728,scr2002,avaStIn,bevFrtRoadLight
NO,h2124,0.5202231448594442,scr2002,avaStIn,bevFrtRoadLight
NO,h2125,0.5168074572603817,scr2002,avaStIn,bevFrtRoadLight
NO,h2126,0.4881087918461403,scr2002,avaStIn,bevFrtRoadLight
NO,h2127,0.4401501060096197,scr2002,avaStIn,bevFrtRoadLight
NO,h2128,0.3751810028677981,scr2002,avaStIn,bevFrtRoadLight
NO,h2129,0.3184738733356699,scr2002,avaStIn,bevFrtRoadLight
NO,h2130,0.2885496316681868,scr2002,avaStIn,bevFrtRoadLight
NO,h2131,0.2950430145218158,scr2002,avaStIn,bevFrtRoadLight
NO,h2132,0.3362350273761402,scr2002,avaStIn,bevFrtRoadLight
NO,h2133,0.3905257678468872,scr2002,avaStIn,bevFrtRoadLight
NO,h2134,0.4405757953478314,scr2002,avaStIn,bevFrtRoadLight
NO,h2135,0.4738121072088959,scr2002,avaStIn,bevFrtRoadLight
NO,h2136,0.4995552626921461,scr2002,avaStIn,bevFrtRoadLight
NO,h2137,0.5006979269249345,scr2002,avaStIn,bevFrtRoadLight
NO,h2138,0.49234384959123245,scr2002,avaStIn,bevFrtRoadLight
NO,h2139,0.46890884939949806,scr2002,avaStIn,bevFrtRoadLight
NO,h2140,0.4606801828577375,scr2002,avaStIn,bevFrtRoadLight
NO,h2141,0.4598809008191356,scr2002,avaStIn,bevFrtRoadLight
NO,h2142,0.4737368201055385,scr2002,avaStIn,bevFrtRoadLight
NO,h2143,0.49837466067849223,scr2002,avaStIn,bevFrtRoadLight
NO,h2144,0.5249322712656334,scr2002,avaStIn,bevFrtRoadLight
NO,h2145,0.5295524702973696,scr2002,avaStIn,bevFrtRoadLight
NO,h2146,0.5237384833973733,scr2002,avaStIn,bevFrtRoadLight
NO,h2147,0.517462220076728,scr2002,avaStIn,bevFrtRoadLight
NO,h2148,0.5202231448594442,scr2002,avaStIn,bevFrtRoadLight
NO,h2149,0.5168074572603817,scr2002,avaStIn,bevFrtRoadLight
NO,h2150,0.4881087918461403,scr2002,avaStIn,bevFrtRoadLight
NO,h2151,0.4401501060096197,scr2002,avaStIn,bevFrtRoadLight
NO,h2152,0.3751810028677981,scr2002,avaStIn,bevFrtRoadLight
NO,h2153,0.3184738733356699,scr2002,avaStIn,bevFrtRoadLight
NO,h2154,0.2885496316681868,scr2002,avaStIn,bevFrtRoadLight
NO,h2155,0.2950430145218158,scr2002,avaStIn,bevFrtRoadLight
NO,h2156,0.3362350273761402,scr2002,avaStIn,bevFrtRoadLight
NO,h2157,0.3905257678468872,scr2002,avaStIn,bevFrtRoadLight
NO,h2158,0.4405757953478314,scr2002,avaStIn,bevFrtRoadLight
NO,h2159,0.4738121072088959,scr2002,avaStIn,bevFrtRoadLight
NO,h2160,0.4995552626921461,scr2002,avaStIn,bevFrtRoadLight
PL,h1441,0.3714353995574986,scr2002,avaStIn,bevFrtRoadLight
PL,h1442,0.3846086524108918,scr2002,avaStIn,bevFrtRoadLight
PL,h1443,0.42374952391826415,scr2002,avaStIn,bevFrtRoadLight
PL,h1444,0.470910231576122,scr2002,avaStIn,bevFrtRoadLight
PL,h1445,0.5000591446961408,scr2002,avaStIn,bevFrtRoadLight
PL,h1446,0.495233345157142,scr2002,avaStIn,bevFrtRoadLight
PL,h1447,0.500804359601522,scr2002,avaStIn,bevFrtRoadLight
PL,h1448,0.5021789974738545,scr2002,avaStIn,bevFrtRoadLight
PL,h1449,0.5231874460949842,scr2002,avaStIn,bevFrtRoadLight
PL,h1450,0.5308529822226913,scr2002,avaStIn,bevFrtRoadLight
PL,h1451,0.536356959269228,scr2002,avaStIn,bevFrtRoadLight
PL,h1452,0.537388156127675,scr2002,avaStIn,bevFrtRoadLight
PL,h1453,0.5288075990651915,scr2002,avaStIn,bevFrtRoadLight
PL,h1454,0.5095709286669997,scr2002,avaStIn,bevFrtRoadLight
PL,h1455,0.473753550931062,scr2002,avaStIn,bevFrtRoadLight
PL,h1456,0.4304466538396563,scr2002,avaStIn,bevFrtRoadLight
PL,h1457,0.3826879992214789,scr2002,avaStIn,bevFrtRoadLight
PL,h1458,0.35009603390058996,scr2002,avaStIn,bevFrtRoadLight
PL,h1459,0.3349394292024723,scr2002,avaStIn,bevFrtRoadLight
PL,h1460,0.34869160218954365,scr2002,avaStIn,bevFrtRoadLight
PL,h1461,0.36780057797615695,scr2002,avaStIn,bevFrtRoadLight
PL,h1462,0.38682791024436847,scr2002,avaStIn,bevFrtRoadLight
PL,h1463,0.3912979680884232,scr2002,avaStIn,bevFrtRoadLight
PL,h1464,0.3985938980480803,scr2002,avaStIn,bevFrtRoadLight
PL,h1465,0.38540755881640665,scr2002,avaStIn,bevFrtRoadLight
PL,h1466,0.39834418280524164,scr2002,avaStIn,bevFrtRoadLight
PL,h1467,0.42374952391826415,scr2002,avaStIn,bevFrtRoadLight
PL,h1468,0.470910231576122,scr2002,avaStIn,bevFrtRoadLight
PL,h1469,0.5000591446961408,scr2002,avaStIn,bevFrtRoadLight
PL,h1470,0.495233345157142,scr2002,avaStIn,bevFrtRoadLight
PL,h1471,0.500804359601522,scr2002,avaStIn,bevFrtRoadLight
PL,h1472,0.5021789974738545,scr2002,avaStIn,bevFrtRoadLight
PL,h1473,0.5231874460949842,scr2002,avaStIn,bevFrtRoadLight
PL,h1474,0.5308529822226913,scr2002,avaStIn,bevFrtRoadLight
PL,h1475,0.536356959269228,scr2002,avaStIn,bevFrtRoadLight
PL,h1476,0.537388156127675,scr2002,avaStIn,bevFrtRoadLight
PL,h1477,0.5288075990651915,scr2002,avaStIn,bevFrtRoadLight
PL,h1478,0.5095709286669997,scr2002,avaStIn,bevFrtRoadLight
PL,h1479,0.473753550931062,scr2002,avaStIn,bevFrtRoadLight
PL,h1480,0.4304466538396563,scr2002,avaStIn,bevFrtRoadLight
PL,h1481,0.3826879992214789,scr2002,avaStIn,bevFrtRoadLight
PL,h1482,0.35009603390058996,scr2002,avaStIn,bevFrtRoadLight
PL,h1483,0.3349394292024723,scr2002,avaStIn,bevFrtRoadLight
PL,h1484,0.34869160218954365,scr2002,avaStIn,bevFrtRoadLight
PL,h1485,0.36780057797615695,scr2002,avaStIn,bevFrtRoadLight
PL,h1486,0.38682791024436847,scr2002,avaStIn,bevFrtRoadLight
PL,h1487,0.3912979680884232,scr2002,avaStIn,bevFrtRoadLight
PL,h1488,0.3985938980480803,scr2002,avaStIn,bevFrtRoadLight
PL,h1489,0.4174388969205469,scr2002,avaStIn,bevFrtRoadLight
PL,h1490,0.4439543832070486,scr2002,avaStIn,bevFrtRoadLight
PL,h1491,0.464238846132911,scr2002,avaStIn,bevFrtRoadLight
PL,h1492,0.4692993118565085,scr2002,avaStIn,bevFrtRoadLight
PL,h1493,0.4647572130501477,scr2002,avaStIn,bevFrtRoadLight
PL,h1494,0.4606421333392814,scr2002,avaStIn,bevFrtRoadLight
PL,h1495,0.4606294501381406,scr2002,avaStIn,bevFrtRoadLight
PL,h1496,0.4771202000278558,scr2002,avaStIn,bevFrtRoadLight
PL,h1497,0.4942956004519071,scr2002,avaStIn,bevFrtRoadLight
PL,h1498,0.5099123823053464,scr2002,avaStIn,bevFrtRoadLight
PL,h1499,0.5161038254350149,scr2002,avaStIn,bevFrtRoadLight
PL,h1500,0.5219276355822776,scr2002,avaStIn,bevFrtRoadLight
PL,h1501,0.5234247828552906,scr2002,avaStIn,bevFrtRoadLight
PL,h1502,0.515666896351518,scr2002,avaStIn,bevFrtRoadLight
PL,h1503,0.49047574209210854,scr2002,avaStIn,bevFrtRoadLight
PL,h1504,0.4511048686615209,scr2002,avaStIn,bevFrtRoadLight
PL,h1505,0.40171955460937714,scr2002,avaStIn,bevFrtRoadLight
PL,h1506,0.362910361244157,scr2002,avaStIn,bevFrtRoadLight
PL,h1507,0.3472619056461236,scr2002,avaStIn,bevFrtRoadLight
PL,h1508,0.35727079588328314,scr2002,avaStIn,bevFrtRoadLight
PL,h1509,0.378468834507535,scr2002,avaStIn,bevFrtRoadLight
PL,h1510,0.39319028121074384,scr2002,avaStIn,bevFrtRoadLight
PL,h1511,0.3959422870730802,scr2002,avaStIn,bevFrtRoadLight
PL,h1512,0.3854887711962276,scr2002,avaStIn,bevFrtRoadLight
PL,h1513,0.42769853598926943,scr2002,avaStIn,bevFrtRoadLight
PL,h1514,0.46444116177482075,scr2002,avaStIn,bevFrtRoadLight
PL,h1515,0.5002557267591349,scr2002,avaStIn,bevFrtRoadLight
PL,h1516,0.4779833592811431,scr2002,avaStIn,bevFrtRoadLight
PL,h1517,0.45518876455881485,scr2002,avaStIn,bevFrtRoadLight
PL,h1518,0.43596244051473665,scr2002,avaStIn,bevFrtRoadLight
PL,h1519,0.4287672948543092,scr2002,avaStIn,bevFrtRoadLight
PL,h1520,0.4310449118345231,scr2002,avaStIn,bevFrtRoadLight
PL,h1521,0.43651906754470937,scr2002,avaStIn,bevFrtRoadLight
PL,h1522,0.42784196327677315,scr2002,avaStIn,bevFrtRoadLight
PL,h1523,0.40165285769436365,scr2002,avaStIn,bevFrtRoadLight
PL,h1524,0.3554492048303812,scr2002,avaStIn,bevFrtRoadLight
PL,h1525,0.30743387757687923,scr2002,avaStIn,bevFrtRoadLight
PL,h1526,0.278936309503648,scr2002,avaStIn,bevFrtRoadLight
PL,h1527,0.28525649117608465,scr2002,avaStIn,bevFrtRoadLight
PL,h1528,0.33100477113297455,scr2002,avaStIn,bevFrtRoadLight
PL,h1529,0.3951643597987161,scr2002,avaStIn,bevFrtRoadLight
PL,h1530,0.46644985491696456,scr2002,avaStIn,bevFrtRoadLight
PL,h1531,0.5302489042156142,scr2002,avaStIn,bevFrtRoadLight
PL,h1532,0.5770673902258092,scr2002,avaStIn,bevFrtRoadLight
PL,h1533,0.5986769755958499,scr2002,avaStIn,bevFrtRoadLight
PL,h1534,0.6016883948095748,scr2002,avaStIn,bevFrtRoadLight
PL,h1535,0.5924055260109063,scr2002,avaStIn,bevFrtRoadLight
PL,h1536,0.5774847836798133,scr2002,avaStIn,bevFrtRoadLight
PL,h1537,0.5517773619954188,scr2002,avaStIn,bevFrtRoadLight
PL,h1538,0.5248358437172167,scr2002,avaStIn,bevFrtRoadLight
PL,h1539,0.5002557267591349,scr2002,avaStIn,bevFrtRoadLight
PL,h1540,0.4779833592811431,scr2002,avaStIn,bevFrtRoadLight
PL,h1541,0.45518876455881485,scr2002,avaStIn,bevFrtRoadLight
PL,h1542,0.43596244051473665,scr2002,avaStIn,bevFrtRoadLight
PL,h1543,0.4287672948543092,scr2002,avaStIn,bevFrtRoadLight
PL,h1544,0.4310449118345231,scr2002,avaStIn,bevFrtRoadLight
PL,h1545,0.43651906754470937,scr2002,avaStIn,bevFrtRoadLight
PL,h1546,0.42784196327677315,scr2002,avaStIn,bevFrtRoadLight
PL,h1547,0.40165285769436365,scr2002,avaStIn,bevFrtRoadLight
PL,h1548,0.3554492048303812,scr2002,avaStIn,bevFrtRoadLight
PL,h1549,0.30743387757687923,scr2002,avaStIn,bevFrtRoadLight
PL,h1550,0.278936309503648,scr2002,avaStIn,bevFrtRoadLight
PL,h1551,0.28525649117608465,scr2002,avaStIn,bevFrtRoadLight
PL,h1552,0.33100477113297455,scr2002,avaStIn,bevFrtRoadLight
PL,h1553,0.3951643597987161,scr2002,avaStIn,bevFrtRoadLight
PL,h1554,0.46644985491696456,scr2002,avaStIn,bevFrtRoadLight
PL,h1555,0.5302489042156142,scr2002,avaStIn,bevFrtRoadLight
PL,h1556,0.5770673902258092,scr2002,avaStIn,bevFrtRoadLight
PL,h1557,0.5986769755958499,scr2002,avaStIn,bevFrtRoadLight
PL,h1558,0.6016883948095748,scr2002,avaStIn,bevFrtRoadLight
PL,h1559,0.5924055260109063,scr2002,avaStIn,bevFrtRoadLight
PL,h1560,0.5774847836798133,scr2002,avaStIn,bevFrtRoadLight
PL,h1561,0.5517773619954188,scr2002,avaStIn,bevFrtRoadLight
PL,h1562,0.5248358437172167,scr2002,avaStIn,bevFrtRoadLight
PL,h1563,0.5002557267591349,scr2002,avaStIn,bevFrtRoadLight
PL,h1564,0.4779833592811431,scr2002,avaStIn,bevFrtRoadLight
PL,h1565,0.45518876455881485,scr2002,avaStIn,bevFrtRoadLight
PL,h1566,0.43596244051473665,scr2002,avaStIn,bevFrtRoadLight
PL,h1567,0.4287672948543092,scr2002,avaStIn,bevFrtRoadLight
PL,h1568,0.4310449118345231,scr2002,avaStIn,bevFrtRoadLight
PL,h1569,0.43651906754470937,scr2002,avaStIn,bevFrtRoadLight
PL,h1570,0.42784196327677315,scr2002,avaStIn,bevFrtRoadLight
PL,h1571,0.40165285769436365,scr2002,avaStIn,bevFrtRoadLight
PL,h1572,0.3554492048303812,scr2002,avaStIn,bevFrtRoadLight
PL,h1573,0.30743387757687923,scr2002,avaStIn,bevFrtRoadLight
PL,h1574,0.278936309503648,scr2002,avaStIn,bevFrtRoadLight
PL,h1575,0.28525649117608465,scr2002,avaStIn,bevFrtRoadLight
PL,h1576,0.33100477113297455,scr2002,avaStIn,bevFrtRoadLight
PL,h1577,0.3951643597987161,scr2002,avaStIn,bevFrtRoadLight
PL,h1578,0.46644985491696456,scr2002,avaStIn,bevFrtRoadLight
PL,h1579,0.5302489042156142,scr2002,avaStIn,bevFrtRoadLight
PL,h1580,0.5770673902258092,scr2002,avaStIn,bevFrtRoadLight
PL,h1581,0.5986769755958499,scr2002,avaStIn,bevFrtRoadLight
PL,h1582,0.6016883948095748,scr2002,avaStIn,bevFrtRoadLight
PL,h1583,0.5924055260109063,scr2002,avaStIn,bevFrtRoadLight
PL,h1584,0.5774847836798133,scr2002,avaStIn,bevFrtRoadLight
PL,h1585,0.5517773619954188,scr2002,avaStIn,bevFrtRoadLight
PL,h1586,0.5248358437172167,scr2002,avaStIn,bevFrtRoadLight
PL,h1587,0.5002557267591349,scr2002,avaStIn,bevFrtRoadLight
PL,h1588,0.4779833592811431,scr2002,avaStIn,bevFrtRoadLight
PL,h1589,0.45518876455881485,scr2002,avaStIn,bevFrtRoadLight
PL,h1590,0.43596244051473665,scr2002,avaStIn,bevFrtRoadLight
PL,h1591,0.4287672948543092,scr2002,avaStIn,bevFrtRoadLight
PL,h1592,0.4310449118345231,scr2002,avaStIn,bevFrtRoadLight
PL,h1593,0.43651906754470937,scr2002,avaStIn,bevFrtRoadLight
PL,h1594,0.42784196327677315,scr2002,avaStIn,bevFrtRoadLight
PL,h1595,0.40165285769436365,scr2002,avaStIn,bevFrtRoadLight
PL,h1596,0.3554492048303812,scr2002,avaStIn,bevFrtRoadLight
PL,h1597,0.30743387757687923,scr2002,avaStIn,bevFrtRoadLight
PL,h1598,0.278936309503648,scr2002,avaStIn,bevFrtRoadLight
PL,h1599,0.28525649117608465,scr2002,avaStIn,bevFrtRoadLight
PL,h1600,0.33100477113297455,scr2002,avaStIn,bevFrtRoadLight
PL,h1601,0.3951643597987161,scr2002,avaStIn,bevFrtRoadLight
PL,h1602,0.46644985491696456,scr2002,avaStIn,bevFrtRoadLight
PL,h1603,0.5302489042156142,scr2002,avaStIn,bevFrtRoadLight
PL,h1604,0.5770673902258092,scr2002,avaStIn,bevFrtRoadLight
PL,h1605,0.5986769755958499,scr2002,avaStIn,bevFrtRoadLight
PL,h1606,0.6016883948095748,scr2002,avaStIn,bevFrtRoadLight
PL,h1607,0.5924055260109063,scr2002,avaStIn,bevFrtRoadLight
PL,h1608,0.5774847836798133,scr2002,avaStIn,bevFrtRoadLight
PL,h1609,0.5399833096273894,scr2002,avaStIn,bevFrtRoadLight
PL,h1610,0.5020113380135912,scr2002,avaStIn,bevFrtRoadLight
PL,h1611,0.4635722307063156,scr2002,avaStIn,bevFrtRoadLight
PL,h1612,0.4380348659574729,scr2002,avaStIn,bevFrtRoadLight
PL,h1613,0.40762124803256283,scr2002,avaStIn,bevFrtRoadLight
PL,h1614,0.37888830724468336,scr2002,avaStIn,bevFrtRoadLight
PL,h1615,0.36958381422293585,scr2002,avaStIn,bevFrtRoadLight
PL,h1616,0.37840208488783944,scr2002,avaStIn,bevFrtRoadLight
PL,h1617,0.40312593459237533,scr2002,avaStIn,bevFrtRoadLight
PL,h1618,0.41362439373824145,scr2002,avaStIn,bevFrtRoadLight
PL,h1619,0.4028461315685412,scr2002,avaStIn,bevFrtRoadLight
PL,h1620,0.3603437041144123,scr2002,avaStIn,bevFrtRoadLight
PL,h1621,0.300735364069155,scr2002,avaStIn,bevFrtRoadLight
PL,h1622,0.24177370465061954,scr2002,avaStIn,bevFrtRoadLight
PL,h1623,0.21970614560615676,scr2002,avaStIn,bevFrtRoadLight
PL,h1624,0.25508395733229006,scr2002,avaStIn,bevFrtRoadLight
PL,h1625,0.34767139096765254,scr2002,avaStIn,bevFrtRoadLight
PL,h1626,0.45228041046836875,scr2002,avaStIn,bevFrtRoadLight
PL,h1627,0.5341134302691987,scr2002,avaStIn,bevFrtRoadLight
PL,h1628,0.5851656457268322,scr2002,avaStIn,bevFrtRoadLight
PL,h1629,0.6079565962864942,scr2002,avaStIn,bevFrtRoadLight
PL,h1630,0.6088378322847627,scr2002,avaStIn,bevFrtRoadLight
PL,h1631,0.5862547005889717,scr2002,avaStIn,bevFrtRoadLight
PL,h1632,0.5503272305028044,scr2002,avaStIn,bevFrtRoadLight
PL,h1633,0.5157882800473498,scr2002,avaStIn,bevFrtRoadLight
PL,h1634,0.4876212160339364,scr2002,avaStIn,bevFrtRoadLight
PL,h1635,0.4635722307063156,scr2002,avaStIn,bevFrtRoadLight
PL,h1636,0.4380348659574729,scr2002,avaStIn,bevFrtRoadLight
PL,h1637,0.40762124803256283,scr2002,avaStIn,bevFrtRoadLight
PL,h1638,0.37888830724468336,scr2002,avaStIn,bevFrtRoadLight
PL,h1639,0.36958381422293585,scr2002,avaStIn,bevFrtRoadLight
PL,h1640,0.37840208488783944,scr2002,avaStIn,bevFrtRoadLight
PL,h1641,0.40312593459237533,scr2002,avaStIn,bevFrtRoadLight
PL,h1642,0.41362439373824145,scr2002,avaStIn,bevFrtRoadLight
PL,h1643,0.4028461315685412,scr2002,avaStIn,bevFrtRoadLight
PL,h1644,0.3603437041144123,scr2002,avaStIn,bevFrtRoadLight
PL,h1645,0.300735364069155,scr2002,avaStIn,bevFrtRoadLight
PL,h1646,0.24177370465061954,scr2002,avaStIn,bevFrtRoadLight
PL,h1647,0.21970614560615676,scr2002,avaStIn,bevFrtRoadLight
PL,h1648,0.25508395733229006,scr2002,avaStIn,bevFrtRoadLight
PL,h1649,0.34767139096765254,scr2002,avaStIn,bevFrtRoadLight
PL,h1650,0.45228041046836875,scr2002,avaStIn,bevFrtRoadLight
PL,h1651,0.5341134302691987,scr2002,avaStIn,bevFrtRoadLight
PL,h1652,0.5851656457268322,scr2002,avaStIn,bevFrtRoadLight
PL,h1653,0.6079565962864942,scr2002,avaStIn,bevFrtRoadLight
PL,h1654,0.6088378322847627,scr2002,avaStIn,bevFrtRoadLight
PL,h1655,0.5862547005889717,scr2002,avaStIn,bevFrtRoadLight
PL,h1656,0.5503272305028044,scr2002,avaStIn,bevFrtRoadLight
PL,h1657,0.5277989482493217,scr2002,avaStIn,bevFrtRoadLight
PL,h1658,0.5107010378978177,scr2002,avaStIn,bevFrtRoadLight
PL,h1659,0.5002557267591349,scr2002,avaStIn,bevFrtRoadLight
PL,h1660,0.4779833592811431,scr2002,avaStIn,bevFrtRoadLight
PL,h1661,0.45518876455881485,scr2002,avaStIn,bevFrtRoadLight
PL,h1662,0.43596244051473665,scr2002,avaStIn,bevFrtRoadLight
PL,h1663,0.4287672948543092,scr2002,avaStIn,bevFrtRoadLight
PL,h1664,0.4310449118345231,scr2002,avaStIn,bevFrtRoadLight
PL,h1665,0.43651906754470937,scr2002,avaStIn,bevFrtRoadLight
PL,h1666,0.42784196327677315,scr2002,avaStIn,bevFrtRoadLight
PL,h1667,0.40165285769436365,scr2002,avaStIn,bevFrtRoadLight
PL,h1668,0.3554492048303812,scr2002,avaStIn,bevFrtRoadLight
PL,h1669,0.30743387757687923,scr2002,avaStIn,bevFrtRoadLight
PL,h1670,0.278936309503648,scr2002,avaStIn,bevFrtRoadLight
PL,h1671,0.28525649117608465,scr2002,avaStIn,bevFrtRoadLight
PL,h1672,0.33100477113297455,scr2002,avaStIn,bevFrtRoadLight
PL,h1673,0.3951643597987161,scr2002,avaStIn,bevFrtRoadLight
PL,h1674,0.46644985491696456,scr2002,avaStIn,bevFrtRoadLight
PL,h1675,0.5302489042156142,scr2002,avaStIn,bevFrtRoadLight
PL,h1676,0.5770673902258092,scr2002,avaStIn,bevFrtRoadLight
PL,h1677,0.5986769755958499,scr2002,avaStIn,bevFrtRoadLight
PL,h1678,0.6016883948095748,scr2002,avaStIn,bevFrtRoadLight
PL,h1679,0.5924055260109063,scr2002,avaStIn,bevFrtRoadLight
PL,h1680,0.5774847836798133,scr2002,avaStIn,bevFrtRoadLight
PL,h1681,0.5517773619954188,scr2002,avaStIn,bevFrtRoadLight
PL,h1682,0.5248358437172167,scr2002,avaStIn,bevFrtRoadLight
PL,h1683,0.5002557267591349,scr2002,avaStIn,bevFrtRoadLight
PL,h1684,0.4779833592811431,scr2002,avaStIn,bevFrtRoadLight
PL,h1685,0.45518876455881485,scr2002,avaStIn,bevFrtRoadLight
PL,h1686,0.43596244051473665,scr2002,avaStIn,bevFrtRoadLight
PL,h1687,0.4287672948543092,scr2002,avaStIn,bevFrtRoadLight
PL,h1688,0.4310449118345231,scr2002,avaStIn,bevFrtRoadLight
PL,h1689,0.43651906754470937,scr2002,avaStIn,bevFrtRoadLight
PL,h1690,0.42784196327677315,scr2002,avaStIn,bevFrtRoadLight
PL,h1691,0.40165285769436365,scr2002,avaStIn,bevFrtRoadLight
PL,h1692,0.3554492048303812,scr2002,avaStIn,bevFrtRoadLight
PL,h1693,0.30743387757687923,scr2002,avaStIn,bevFrtRoadLight
PL,h1694,0.278936309503648,scr2002,avaStIn,bevFrtRoadLight
PL,h1695,0.28525649117608465,scr2002,avaStIn,bevFrtRoadLight
PL,h1696,0.33100477113297455,scr2002,avaStIn,bevFrtRoadLight
PL,h1697,0.3951643597987161,scr2002,avaStIn,bevFrtRoadLight
PL,h1698,0.46644985491696456,scr2002,avaStIn,bevFrtRoadLight
PL,h1699,0.5302489042156142,scr2002,avaStIn,bevFrtRoadLight
PL,h1700,0.5770673902258092,scr2002,avaStIn,bevFrtRoadLight
PL,h1701,0.5986769755958499,scr2002,avaStIn,bevFrtRoadLight
PL,h1702,0.6016883948095748,scr2002,avaStIn,bevFrtRoadLight
PL,h1703,0.5924055260109063,scr2002,avaStIn,bevFrtRoadLight
PL,h1704,0.5774847836798133,scr2002,avaStIn,bevFrtRoadLight
PL,h1705,0.5090380578317111,scr2002,avaStIn,bevFrtRoadLight
PL,h1706,0.45316073221470266,scr2002,avaStIn,bevFrtRoadLight
PL,h1707,0.4106293035759674,scr2002,avaStIn,bevFrtRoadLight
PL,h1708,0.4302562346105031,scr2002,avaStIn,bevFrtRoadLight
PL,h1709,0.4411964644145133,scr2002,avaStIn,bevFrtRoadLight
PL,h1710,0.45751109901302867,scr2002,avaStIn,bevFrtRoadLight
PL,h1711,0.48871757217710954,scr2002,avaStIn,bevFrtRoadLight
PL,h1712,0.5314509691002263,scr2002,avaStIn,bevFrtRoadLight
PL,h1713,0.5711878747561929,scr2002,avaStIn,bevFrtRoadLight
PL,h1714,0.5980939691710527,scr2002,avaStIn,bevFrtRoadLight
PL,h1715,0.608394034195855,scr2002,avaStIn,bevFrtRoadLight
PL,h1716,0.601056877354048,scr2002,avaStIn,bevFrtRoadLight
PL,h1717,0.5764247164288175,scr2002,avaStIn,bevFrtRoadLight
PL,h1718,0.5401459054358786,scr2002,avaStIn,bevFrtRoadLight
PL,h1719,0.49826727928843595,scr2002,avaStIn,bevFrtRoadLight
PL,h1720,0.4574139907405833,scr2002,avaStIn,bevFrtRoadLight
PL,h1721,0.42470386872332366,scr2002,avaStIn,bevFrtRoadLight
PL,h1722,0.4070105681582177,scr2002,avaStIn,bevFrtRoadLight
PL,h1723,0.39935547044790953,scr2002,avaStIn,bevFrtRoadLight
PL,h1724,0.3942528360151184,scr2002,avaStIn,bevFrtRoadLight
PL,h1725,0.3809841238928826,scr2002,avaStIn,bevFrtRoadLight
PL,h1726,0.3497784944040866,scr2002,avaStIn,bevFrtRoadLight
PL,h1727,0.3123069662403203,scr2002,avaStIn,bevFrtRoadLight
PL,h1728,0.2821792829284123,scr2002,avaStIn,bevFrtRoadLight
PL,h1729,0.3106843918239848,scr2002,avaStIn,bevFrtRoadLight
PL,h1730,0.35866299968064763,scr2002,avaStIn,bevFrtRoadLight
PL,h1731,0.4106293035759674,scr2002,avaStIn,bevFrtRoadLight
PL,h1732,0.4302562346105031,scr2002,avaStIn,bevFrtRoadLight
PL,h1733,0.4411964644145133,scr2002,avaStIn,bevFrtRoadLight
PL,h1734,0.45751109901302867,scr2002,avaStIn,bevFrtRoadLight
PL,h1735,0.48871757217710954,scr2002,avaStIn,bevFrtRoadLight
PL,h1736,0.5314509691002263,scr2002,avaStIn,bevFrtRoadLight
PL,h1737,0.5711878747561929,scr2002,avaStIn,bevFrtRoadLight
PL,h1738,0.5980939691710527,scr2002,avaStIn,bevFrtRoadLight
PL,h1739,0.608394034195855,scr2002,avaStIn,bevFrtRoadLight
PL,h1740,0.601056877354048,scr2002,avaStIn,bevFrtRoadLight
PL,h1741,0.5764247164288175,scr2002,avaStIn,bevFrtRoadLight
PL,h1742,0.5401459054358786,scr2002,avaStIn,bevFrtRoadLight
PL,h1743,0.49826727928843595,scr2002,avaStIn,bevFrtRoadLight
PL,h1744,0.4574139907405833,scr2002,avaStIn,bevFrtRoadLight
PL,h1745,0.42470386872332366,scr2002,avaStIn,bevFrtRoadLight
PL,h1746,0.4070105681582177,scr2002,avaStIn,bevFrtRoadLight
PL,h1747,0.39935547044790953,scr2002,avaStIn,bevFrtRoadLight
PL,h1748,0.3942528360151184,scr2002,avaStIn,bevFrtRoadLight
PL,h1749,0.3809841238928826,scr2002,avaStIn,bevFrtRoadLight
PL,h1750,0.3497784944040866,scr2002,avaStIn,bevFrtRoadLight
PL,h1751,0.3123069662403203,scr2002,avaStIn,bevFrtRoadLight
PL,h1752,0.2821792829284123,scr2002,avaStIn,bevFrtRoadLight
PL,h1753,0.3106843918239848,scr2002,avaStIn,bevFrtRoadLight
PL,h1754,0.35866299968064763,scr2002,avaStIn,bevFrtRoadLight
PL,h1755,0.4106293035759674,scr2002,avaStIn,bevFrtRoadLight
PL,h1756,0.4302562346105031,scr2002,avaStIn,bevFrtRoadLight
PL,h1757,0.4411964644145133,scr2002,avaStIn,bevFrtRoadLight
PL,h1758,0.45751109901302867,scr2002,avaStIn,bevFrtRoadLight
PL,h1759,0.48871757217710954,scr2002,avaStIn,bevFrtRoadLight
PL,h1760,0.5314509691002263,scr2002,avaStIn,bevFrtRoadLight
PL,h1761,0.5711878747561929,scr2002,avaStIn,bevFrtRoadLight
PL,h1762,0.5980939691710527,scr2002,avaStIn,bevFrtRoadLight
PL,h1763,0.608394034195855,scr2002,avaStIn,bevFrtRoadLight
PL,h1764,0.601056877354048,scr2002,avaStIn,bevFrtRoadLight
PL,h1765,0.5764247164288175,scr2002,avaStIn,bevFrtRoadLight
PL,h1766,0.5401459054358786,scr2002,avaStIn,bevFrtRoadLight
PL,h1767,0.49826727928843595,scr2002,avaStIn,bevFrtRoadLight
PL,h1768,0.4574139907405833,scr2002,avaStIn,bevFrtRoadLight
PL,h1769,0.42470386872332366,scr2002,avaStIn,bevFrtRoadLight
PL,h1770,0.4070105681582177,scr2002,avaStIn,bevFrtRoadLight
PL,h1771,0.39935547044790953,scr2002,avaStIn,bevFrtRoadLight
PL,h1772,0.3942528360151184,scr2002,avaStIn,bevFrtRoadLight
PL,h1773,0.3809841238928826,scr2002,avaStIn,bevFrtRoadLight
PL,h1774,0.3497784944040866,scr2002,avaStIn,bevFrtRoadLight
PL,h1775,0.3123069662403203,scr2002,avaStIn,bevFrtRoadLight
PL,h1776,0.2821792829284123,scr2002,avaStIn,bevFrtRoadLight
PL,h1777,0.230095162221032,scr2002,avaStIn,bevFrtRoadLight
PL,h1778,0.2300917975935889,scr2002,avaStIn,bevFrtRoadLight
PL,h1779,0.27148343409663167,scr2002,avaStIn,bevFrtRoadLight
PL,h1780,0.3790725700696759,scr2002,avaStIn,bevFrtRoadLight
PL,h1781,0.4623404992613247,scr2002,avaStIn,bevFrtRoadLight
PL,h1782,0.5259162274800008,scr2002,avaStIn,bevFrtRoadLight
PL,h1783,0.5772992909654577,scr2002,avaStIn,bevFrtRoadLight
PL,h1784,0.6171735770568829,scr2002,avaStIn,bevFrtRoadLight
PL,h1785,0.6409152522621754,scr2002,avaStIn,bevFrtRoadLight
PL,h1786,0.648916667,scr2002,avaStIn,bevFrtRoadLight
PL,h1787,0.6400350534574338,scr2002,avaStIn,bevFrtRoadLight
PL,h1788,0.6158841576917301,scr2002,avaStIn,bevFrtRoadLight
PL,h1789,0.5753501172674538,scr2002,avaStIn,bevFrtRoadLight
PL,h1790,0.5273486726990765,scr2002,avaStIn,bevFrtRoadLight
PL,h1791,0.47682400205808606,scr2002,avaStIn,bevFrtRoadLight
PL,h1792,0.4288063768750644,scr2002,avaStIn,bevFrtRoadLight
PL,h1793,0.39374570481652504,scr2002,avaStIn,bevFrtRoadLight
PL,h1794,0.3749031506247579,scr2002,avaStIn,bevFrtRoadLight
PL,h1795,0.3720933012131318,scr2002,avaStIn,bevFrtRoadLight
PL,h1796,0.36873105182903665,scr2002,avaStIn,bevFrtRoadLight
PL,h1797,0.3543630997986469,scr2002,avaStIn,bevFrtRoadLight
PL,h1798,0.3154781828948128,scr2002,avaStIn,bevFrtRoadLight
PL,h1799,0.27112993299959975,scr2002,avaStIn,bevFrtRoadLight
PL,h1800,0.2381911639591776,scr2002,avaStIn,bevFrtRoadLight
PL,h1801,0.20075744833264675,scr2002,avaStIn,bevFrtRoadLight
PL,h1802,0.21575624655576675,scr2002,avaStIn,bevFrtRoadLight
PL,h1803,0.27148343409663167,scr2002,avaStIn,bevFrtRoadLight
PL,h1804,0.3790725700696759,scr2002,avaStIn,bevFrtRoadLight
PL,h1805,0.4623404992613247,scr2002,avaStIn,bevFrtRoadLight
PL,h1806,0.5259162274800008,scr2002,avaStIn,bevFrtRoadLight
PL,h1807,0.5772992909654577,scr2002,avaStIn,bevFrtRoadLight
PL,h1808,0.6171735770568829,scr2002,avaStIn,bevFrtRoadLight
PL,h1809,0.6409152522621754,scr2002,avaStIn,bevFrtRoadLight
PL,h1810,0.648916667,scr2002,avaStIn,bevFrtRoadLight
PL,h1811,0.6400350534574338,scr2002,avaStIn,bevFrtRoadLight
PL,h1812,0.6158841576917301,scr2002,avaStIn,bevFrtRoadLight
PL,h1813,0.5753501172674538,scr2002,avaStIn,bevFrtRoadLight
PL,h1814,0.5273486726990765,scr2002,avaStIn,bevFrtRoadLight
PL,h1815,0.47682400205808606,scr2002,avaStIn,bevFrtRoadLight
PL,h1816,0.4288063768750644,scr2002,avaStIn,bevFrtRoadLight
PL,h1817,0.39374570481652504,scr2002,avaStIn,bevFrtRoadLight
PL,h1818,0.3749031506247579,scr2002,avaStIn,bevFrtRoadLight
PL,h1819,0.3720933012131318,scr2002,avaStIn,bevFrtRoadLight
PL,h1820,0.36873105182903665,scr2002,avaStIn,bevFrtRoadLight
PL,h1821,0.3543630997986469,scr2002,avaStIn,bevFrtRoadLight
PL,h1822,0.3154781828948128,scr2002,avaStIn,bevFrtRoadLight
PL,h1823,0.27112993299959975,scr2002,avaStIn,bevFrtRoadLight
PL,h1824,0.2381911639591776,scr2002,avaStIn,bevFrtRoadLight
PL,h1825,0.28388199759953203,scr2002,avaStIn,bevFrtRoadLight
PL,h1826,0.34615260530650627,scr2002,avaStIn,bevFrtRoadLight
PL,h1827,0.4106293035759674,scr2002,avaStIn,bevFrtRoadLight
PL,h1828,0.4302562346105031,scr2002,avaStIn,bevFrtRoadLight
PL,h1829,0.4411964644145133,scr2002,avaStIn,bevFrtRoadLight
PL,h1830,0.45751109901302867,scr2002,avaStIn,bevFrtRoadLight
PL,h1831,0.48871757217710954,scr2002,avaStIn,bevFrtRoadLight
PL,h1832,0.5314509691002263,scr2002,avaStIn,bevFrtRoadLight
PL,h1833,0.5711878747561929,scr2002,avaStIn,bevFrtRoadLight
PL,h1834,0.5980939691710527,scr2002,avaStIn,bevFrtRoadLight
PL,h1835,0.608394034195855,scr2002,avaStIn,bevFrtRoadLight
PL,h1836,0.601056877354048,scr2002,avaStIn,bevFrtRoadLight
PL,h1837,0.5764247164288175,scr2002,avaStIn,bevFrtRoadLight
PL,h1838,0.5401459054358786,scr2002,avaStIn,bevFrtRoadLight
PL,h1839,0.49826727928843595,scr2002,avaStIn,bevFrtRoadLight
PL,h1840,0.4574139907405833,scr2002,avaStIn,bevFrtRoadLight
PL,h1841,0.42470386872332366,scr2002,avaStIn,bevFrtRoadLight
PL,h1842,0.4070105681582177,scr2002,avaStIn,bevFrtRoadLight
PL,h1843,0.39935547044790953,scr2002,avaStIn,bevFrtRoadLight
PL,h1844,0.3942528360151184,scr2002,avaStIn,bevFrtRoadLight
PL,h1845,0.3809841238928826,scr2002,avaStIn,bevFrtRoadLight
PL,h1846,0.3497784944040866,scr2002,avaStIn,bevFrtRoadLight
PL,h1847,0.3123069662403203,scr2002,avaStIn,bevFrtRoadLight
PL,h1848,0.2821792829284123,scr2002,avaStIn,bevFrtRoadLight
PL,h1849,0.3106843918239848,scr2002,avaStIn,bevFrtRoadLight
PL,h1850,0.35866299968064763,scr2002,avaStIn,bevFrtRoadLight
PL,h1851,0.4106293035759674,scr2002,avaStIn,bevFrtRoadLight
PL,h1852,0.4302562346105031,scr2002,avaStIn,bevFrtRoadLight
PL,h1853,0.4411964644145133,scr2002,avaStIn,bevFrtRoadLight
PL,h1854,0.45751109901302867,scr2002,avaStIn,bevFrtRoadLight
PL,h1855,0.48871757217710954,scr2002,avaStIn,bevFrtRoadLight
PL,h1856,0.5314509691002263,scr2002,avaStIn,bevFrtRoadLight
PL,h1857,0.5711878747561929,scr2002,avaStIn,bevFrtRoadLight
PL,h1858,0.5980939691710527,scr2002,avaStIn,bevFrtRoadLight
PL,h1859,0.608394034195855,scr2002,avaStIn,bevFrtRoadLight
PL,h1860,0.601056877354048,scr2002,avaStIn,bevFrtRoadLight
PL,h1861,0.5764247164288175,scr2002,avaStIn,bevFrtRoadLight
PL,h1862,0.5401459054358786,scr2002,avaStIn,bevFrtRoadLight
PL,h1863,0.49826727928843595,scr2002,avaStIn,bevFrtRoadLight
PL,h1864,0.4574139907405833,scr2002,avaStIn,bevFrtRoadLight
PL,h1865,0.42470386872332366,scr2002,avaStIn,bevFrtRoadLight
PL,h1866,0.4070105681582177,scr2002,avaStIn,bevFrtRoadLight
PL,h1867,0.39935547044790953,scr2002,avaStIn,bevFrtRoadLight
PL,h1868,0.3942528360151184,scr2002,avaStIn,bevFrtRoadLight
PL,h1869,0.3809841238928826,scr2002,avaStIn,bevFrtRoadLight
PL,h1870,0.3497784944040866,scr2002,avaStIn,bevFrtRoadLight
PL,h1871,0.3123069662403203,scr2002,avaStIn,bevFrtRoadLight
PL,h1872,0.2821792829284123,scr2002,avaStIn,bevFrtRoadLight
PL,h1873,0.3106843918239848,scr2002,avaStIn,bevFrtRoadLight
PL,h1874,0.35866299968064763,scr2002,avaStIn,bevFrtRoadLight
PL,h1875,0.4106293035759674,scr2002,avaStIn,bevFrtRoadLight
PL,h1876,0.4302562346105031,scr2002,avaStIn,bevFrtRoadLight
PL,h1877,0.4411964644145133,scr2002,avaStIn,bevFrtRoadLight
PL,h1878,0.45751109901302867,scr2002,avaStIn,bevFrtRoadLight
PL,h1879,0.48871757217710954,scr2002,avaStIn,bevFrtRoadLight
PL,h1880,0.5314509691002263,scr2002,avaStIn,bevFrtRoadLight
PL,h1881,0.5711878747561929,scr2002,avaStIn,bevFrtRoadLight
PL,h1882,0.5980939691710527,scr2002,avaStIn,bevFrtRoadLight
PL,h1883,0.608394034195855,scr2002,avaStIn,bevFrtRoadLight
PL,h1884,0.601056877354048,scr2002,avaStIn,bevFrtRoadLight
PL,h1885,0.5764247164288175,scr2002,avaStIn,bevFrtRoadLight
PL,h1886,0.5401459054358786,scr2002,avaStIn,bevFrtRoadLight
PL,h1887,0.49826727928843595,scr2002,avaStIn,bevFrtRoadLight
PL,h1888,0.4574139907405833,scr2002,avaStIn,bevFrtRoadLight
PL,h1889,0.42470386872332366,scr2002,avaStIn,bevFrtRoadLight
PL,h1890,0.4070105681582177,scr2002,avaStIn,bevFrtRoadLight
PL,h1891,0.39935547044790953,scr2002,avaStIn,bevFrtRoadLight
PL,h1892,0.3942528360151184,scr2002,avaStIn,bevFrtRoadLight
PL,h1893,0.3809841238928826,scr2002,avaStIn,bevFrtRoadLight
PL,h1894,0.3497784944040866,scr2002,avaStIn,bevFrtRoadLight
PL,h1895,0.3123069662403203,scr2002,avaStIn,bevFrtRoadLight
PL,h1896,0.2821792829284123,scr2002,avaStIn,bevFrtRoadLight
PL,h1897,0.3106843918239848,scr2002,avaStIn,bevFrtRoadLight
PL,h1898,0.35866299968064763,scr2002,avaStIn,bevFrtRoadLight
PL,h1899,0.4106293035759674,scr2002,avaStIn,bevFrtRoadLight
PL,h1900,0.4302562346105031,scr2002,avaStIn,bevFrtRoadLight
PL,h1901,0.4411964644145133,scr2002,avaStIn,bevFrtRoadLight
PL,h1902,0.45751109901302867,scr2002,avaStIn,bevFrtRoadLight
PL,h1903,0.48871757217710954,scr2002,avaStIn,bevFrtRoadLight
PL,h1904,0.5314509691002263,scr2002,avaStIn,bevFrtRoadLight
PL,h1905,0.5711878747561929,scr2002,avaStIn,bevFrtRoadLight
PL,h1906,0.5980939691710527,scr2002,avaStIn,bevFrtRoadLight
PL,h1907,0.608394034195855,scr2002,avaStIn,bevFrtRoadLight
PL,h1908,0.601056877354048,scr2002,avaStIn,bevFrtRoadLight
PL,h1909,0.5764247164288175,scr2002,avaStIn,bevFrtRoadLight
PL,h1910,0.5401459054358786,scr2002,avaStIn,bevFrtRoadLight
PL,h1911,0.49826727928843595,scr2002,avaStIn,bevFrtRoadLight
PL,h1912,0.4574139907405833,scr2002,avaStIn,bevFrtRoadLight
PL,h1913,0.42470386872332366,scr2002,avaStIn,bevFrtRoadLight
PL,h1914,0.4070105681582177,scr2002,avaStIn,bevFrtRoadLight
PL,h1915,0.39935547044790953,scr2002,avaStIn,bevFrtRoadLight
PL,h1916,0.3942528360151184,scr2002,avaStIn,bevFrtRoadLight
PL,h1917,0.3809841238928826,scr2002,avaStIn,bevFrtRoadLight
PL,h1918,0.3497784944040866,scr2002,avaStIn,bevFrtRoadLight
PL,h1919,0.3123069662403203,scr2002,avaStIn,bevFrtRoadLight
PL,h1920,0.2821792829284123,scr2002,avaStIn,bevFrtRoadLight
PL,h1921,0.3106843918239848,scr2002,avaStIn,bevFrtRoadLight
PL,h1922,0.35866299968064763,scr2002,avaStIn,bevFrtRoadLight
PL,h1923,0.4106293035759674,scr2002,avaStIn,bevFrtRoadLight
PL,h1924,0.4302562346105031,scr2002,avaStIn,bevFrtRoadLight
PL,h1925,0.4411964644145133,scr2002,avaStIn,bevFrtRoadLight
PL,h1926,0.45751109901302867,scr2002,avaStIn,bevFrtRoadLight
PL,h1927,0.48871757217710954,scr2002,avaStIn,bevFrtRoadLight
PL,h1928,0.5314509691002263,scr2002,avaStIn,bevFrtRoadLight
PL,h1929,0.5711878747561929,scr2002,avaStIn,bevFrtRoadLight
PL,h1930,0.5980939691710527,scr2002,avaStIn,bevFrtRoadLight
PL,h1931,0.608394034195855,scr2002,avaStIn,bevFrtRoadLight
PL,h1932,0.601056877354048,scr2002,avaStIn,bevFrtRoadLight
PL,h1933,0.5764247164288175,scr2002,avaStIn,bevFrtRoadLight
PL,h1934,0.5401459054358786,scr2002,avaStIn,bevFrtRoadLight
PL,h1935,0.49826727928843595,scr2002,avaStIn,bevFrtRoadLight
PL,h1936,0.4574139907405833,scr2002,avaStIn,bevFrtRoadLight
PL,h1937,0.42470386872332366,scr2002,avaStIn,bevFrtRoadLight
PL,h1938,0.4070105681582177,scr2002,avaStIn,bevFrtRoadLight
PL,h1939,0.39935547044790953,scr2002,avaStIn,bevFrtRoadLight
PL,h1940,0.3942528360151184,scr2002,avaStIn,bevFrtRoadLight
PL,h1941,0.3809841238928826,scr2002,avaStIn,bevFrtRoadLight
PL,h1942,0.3497784944040866,scr2002,avaStIn,bevFrtRoadLight
PL,h1943,0.3123069662403203,scr2002,avaStIn,bevFrtRoadLight
PL,h1944,0.2821792829284123,scr2002,avaStIn,bevFrtRoadLight
PL,h1945,0.230095162221032,scr2002,avaStIn,bevFrtRoadLight
PL,h1946,0.2300917975935889,scr2002,avaStIn,bevFrtRoadLight
PL,h1947,0.27148343409663167,scr2002,avaStIn,bevFrtRoadLight
PL,h1948,0.3790725700696759,scr2002,avaStIn,bevFrtRoadLight
PL,h1949,0.4623404992613247,scr2002,avaStIn,bevFrtRoadLight
PL,h1950,0.5259162274800008,scr2002,avaStIn,bevFrtRoadLight
PL,h1951,0.5772992909654577,scr2002,avaStIn,bevFrtRoadLight
PL,h1952,0.6171735770568829,scr2002,avaStIn,bevFrtRoadLight
PL,h1953,0.6409152522621754,scr2002,avaStIn,bevFrtRoadLight
PL,h1954,0.648916667,scr2002,avaStIn,bevFrtRoadLight
PL,h1955,0.6400350534574338,scr2002,avaStIn,bevFrtRoadLight
PL,h1956,0.6158841576917301,scr2002,avaStIn,bevFrtRoadLight
PL,h1957,0.5753501172674538,scr2002,avaStIn,bevFrtRoadLight
PL,h1958,0.5273486726990765,scr2002,avaStIn,bevFrtRoadLight
PL,h1959,0.47682400205808606,scr2002,avaStIn,bevFrtRoadLight
PL,h1960,0.4288063768750644,scr2002,avaStIn,bevFrtRoadLight
PL,h1961,0.39374570481652504,scr2002,avaStIn,bevFrtRoadLight
PL,h1962,0.3749031506247579,scr2002,avaStIn,bevFrtRoadLight
PL,h1963,0.3720933012131318,scr2002,avaStIn,bevFrtRoadLight
PL,h1964,0.36873105182903665,scr2002,avaStIn,bevFrtRoadLight
PL,h1965,0.3543630997986469,scr2002,avaStIn,bevFrtRoadLight
PL,h1966,0.3154781828948128,scr2002,avaStIn,bevFrtRoadLight
PL,h1967,0.27112993299959975,scr2002,avaStIn,bevFrtRoadLight
PL,h1968,0.2381911639591776,scr2002,avaStIn,bevFrtRoadLight
PL,h1969,0.20075744833264675,scr2002,avaStIn,bevFrtRoadLight
PL,h1970,0.21575624655576675,scr2002,avaStIn,bevFrtRoadLight
PL,h1971,0.27148343409663167,scr2002,avaStIn,bevFrtRoadLight
PL,h1972,0.3790725700696759,scr2002,avaStIn,bevFrtRoadLight
PL,h1973,0.4623404992613247,scr2002,avaStIn,bevFrtRoadLight
PL,h1974,0.5259162274800008,scr2002,avaStIn,bevFrtRoadLight
PL,h1975,0.5772992909654577,scr2002,avaStIn,bevFrtRoadLight
PL,h1976,0.6171735770568829,scr2002,avaStIn,bevFrtRoadLight
PL,h1977,0.6409152522621754,scr2002,avaStIn,bevFrtRoadLight
PL,h1978,0.648916667,scr2002,avaStIn,bevFrtRoadLight
PL,h1979,0.6400350534574338,scr2002,avaStIn,bevFrtRoadLight
PL,h1980,0.6158841576917301,scr2002,avaStIn,bevFrtRoadLight
PL,h1981,0.5753501172674538,scr2002,avaStIn,bevFrtRoadLight
PL,h1982,0.5273486726990765,scr2002,avaStIn,bevFrtRoadLight
PL,h1983,0.47682400205808606,scr2002,avaStIn,bevFrtRoadLight
PL,h1984,0.4288063768750644,scr2002,avaStIn,bevFrtRoadLight
PL,h1985,0.39374570481652504,scr2002,avaStIn,bevFrtRoadLight
PL,h1986,0.3749031506247579,scr2002,avaStIn,bevFrtRoadLight
PL,h1987,0.3720933012131318,scr2002,avaStIn,bevFrtRoadLight
PL,h1988,0.36873105182903665,scr2002,avaStIn,bevFrtRoadLight
PL,h1989,0.3543630997986469,scr2002,avaStIn,bevFrtRoadLight
PL,h1990,0.3154781828948128,scr2002,avaStIn,bevFrtRoadLight
PL,h1991,0.27112993299959975,scr2002,avaStIn,bevFrtRoadLight
PL,h1992,0.2381911639591776,scr2002,avaStIn,bevFrtRoadLight
PL,h1993,0.28388199759953203,scr2002,avaStIn,bevFrtRoadLight
PL,h1994,0.34615260530650627,scr2002,avaStIn,bevFrtRoadLight
PL,h1995,0.4106293035759674,scr2002,avaStIn,bevFrtRoadLight
PL,h1996,0.4302562346105031,scr2002,avaStIn,bevFrtRoadLight
PL,h1997,0.4411964644145133,scr2002,avaStIn,bevFrtRoadLight
PL,h1998,0.45751109901302867,scr2002,avaStIn,bevFrtRoadLight
PL,h1999,0.48871757217710954,scr2002,avaStIn,bevFrtRoadLight
PL,h2000,0.5314509691002263,scr2002,avaStIn,bevFrtRoadLight
PL,h2001,0.5711878747561929,scr2002,avaStIn,bevFrtRoadLight
PL,h2002,0.5980939691710527,scr2002,avaStIn,bevFrtRoadLight
PL,h2003,0.608394034195855,scr2002,avaStIn,bevFrtRoadLight
PL,h2004,0.601056877354048,scr2002,avaStIn,bevFrtRoadLight
PL,h2005,0.5764247164288175,scr2002,avaStIn,bevFrtRoadLight
PL,h2006,0.5401459054358786,scr2002,avaStIn,bevFrtRoadLight
PL,h2007,0.49826727928843595,scr2002,avaStIn,bevFrtRoadLight
PL,h2008,0.4574139907405833,scr2002,avaStIn,bevFrtRoadLight
PL,h2009,0.42470386872332366,scr2002,avaStIn,bevFrtRoadLight
PL,h2010,0.4070105681582177,scr2002,avaStIn,bevFrtRoadLight
PL,h2011,0.39935547044790953,scr2002,avaStIn,bevFrtRoadLight
PL,h2012,0.3942528360151184,scr2002,avaStIn,bevFrtRoadLight
PL,h2013,0.3809841238928826,scr2002,avaStIn,bevFrtRoadLight
PL,h2014,0.3497784944040866,scr2002,avaStIn,bevFrtRoadLight
PL,h2015,0.3123069662403203,scr2002,avaStIn,bevFrtRoadLight
PL,h2016,0.2821792829284123,scr2002,avaStIn,bevFrtRoadLight
PL,h2017,0.3072840894621327,scr2002,avaStIn,bevFrtRoadLight
PL,h2018,0.33666905394072466,scr2002,avaStIn,bevFrtRoadLight
PL,h2019,0.36655496485550265,scr2002,avaStIn,bevFrtRoadLight
PL,h2020,0.3745731212047183,scr2002,avaStIn,bevFrtRoadLight
PL,h2021,0.4026088526762964,scr2002,avaStIn,bevFrtRoadLight
PL,h2022,0.44640061438376677,scr2002,avaStIn,bevFrtRoadLight
PL,h2023,0.4973037920546317,scr2002,avaStIn,bevFrtRoadLight
PL,h2024,0.5420216950586382,scr2002,avaStIn,bevFrtRoadLight
PL,h2025,0.5736954068525849,scr2002,avaStIn,bevFrtRoadLight
PL,h2026,0.5880342997851788,scr2002,avaStIn,bevFrtRoadLight
PL,h2027,0.5918947845476326,scr2002,avaStIn,bevFrtRoadLight
PL,h2028,0.5837522950091351,scr2002,avaStIn,bevFrtRoadLight
PL,h2029,0.5666300112283021,scr2002,avaStIn,bevFrtRoadLight
PL,h2030,0.5326460205473856,scr2002,avaStIn,bevFrtRoadLight
PL,h2031,0.48334141219508586,scr2002,avaStIn,bevFrtRoadLight
PL,h2032,0.4237800531764452,scr2002,avaStIn,bevFrtRoadLight
PL,h2033,0.3668064382544399,scr2002,avaStIn,bevFrtRoadLight
PL,h2034,0.33858624085132816,scr2002,avaStIn,bevFrtRoadLight
PL,h2035,0.33981235579051516,scr2002,avaStIn,bevFrtRoadLight
PL,h2036,0.3644150552627201,scr2002,avaStIn,bevFrtRoadLight
PL,h2037,0.39407002810213865,scr2002,avaStIn,bevFrtRoadLight
PL,h2038,0.41004419963965133,scr2002,avaStIn,bevFrtRoadLight
PL,h2039,0.41244752514225314,scr2002,avaStIn,bevFrtRoadLight
PL,h2040,0.397767181057598,scr2002,avaStIn,bevFrtRoadLight
PL,h2041,0.3840802424090224,scr2002,avaStIn,bevFrtRoadLight
PL,h2042,0.37136048642151265,scr2002,avaStIn,bevFrtRoadLight
PL,h2043,0.36655496485550265,scr2002,avaStIn,bevFrtRoadLight
PL,h2044,0.3745731212047183,scr2002,avaStIn,bevFrtRoadLight
PL,h2045,0.4026088526762964,scr2002,avaStIn,bevFrtRoadLight
PL,h2046,0.44640061438376677,scr2002,avaStIn,bevFrtRoadLight
PL,h2047,0.4973037920546317,scr2002,avaStIn,bevFrtRoadLight
PL,h2048,0.5420216950586382,scr2002,avaStIn,bevFrtRoadLight
PL,h2049,0.5736954068525849,scr2002,avaStIn,bevFrtRoadLight
PL,h2050,0.5880342997851788,scr2002,avaStIn,bevFrtRoadLight
PL,h2051,0.5918947845476326,scr2002,avaStIn,bevFrtRoadLight
PL,h2052,0.5837522950091351,scr2002,avaStIn,bevFrtRoadLight
PL,h2053,0.5666300112283021,scr2002,avaStIn,bevFrtRoadLight
PL,h2054,0.5326460205473856,scr2002,avaStIn,bevFrtRoadLight
PL,h2055,0.48334141219508586,scr2002,avaStIn,bevFrtRoadLight
PL,h2056,0.4237800531764452,scr2002,avaStIn,bevFrtRoadLight
PL,h2057,0.3668064382544399,scr2002,avaStIn,bevFrtRoadLight
PL,h2058,0.33858624085132816,scr2002,avaStIn,bevFrtRoadLight
PL,h2059,0.33981235579051516,scr2002,avaStIn,bevFrtRoadLight
PL,h2060,0.3644150552627201,scr2002,avaStIn,bevFrtRoadLight
PL,h2061,0.39407002810213865,scr2002,avaStIn,bevFrtRoadLight
PL,h2062,0.41004419963965133,scr2002,avaStIn,bevFrtRoadLight
PL,h2063,0.41244752514225314,scr2002,avaStIn,bevFrtRoadLight
PL,h2064,0.397767181057598,scr2002,avaStIn,bevFrtRoadLight
PL,h2065,0.3840802424090224,scr2002,avaStIn,bevFrtRoadLight
PL,h2066,0.37136048642151265,scr2002,avaStIn,bevFrtRoadLight
PL,h2067,0.36655496485550265,scr2002,avaStIn,bevFrtRoadLight
PL,h2068,0.3745731212047183,scr2002,avaStIn,bevFrtRoadLight
PL,h2069,0.4026088526762964,scr2002,avaStIn,bevFrtRoadLight
PL,h2070,0.44640061438376677,scr2002,avaStIn,bevFrtRoadLight
PL,h2071,0.4973037920546317,scr2002,avaStIn,bevFrtRoadLight
PL,h2072,0.5420216950586382,scr2002,avaStIn,bevFrtRoadLight
PL,h2073,0.5736954068525849,scr2002,avaStIn,bevFrtRoadLight
PL,h2074,0.5880342997851788,scr2002,avaStIn,bevFrtRoadLight
PL,h2075,0.5918947845476326,scr2002,avaStIn,bevFrtRoadLight
PL,h2076,0.5837522950091351,scr2002,avaStIn,bevFrtRoadLight
PL,h2077,0.5666300112283021,scr2002,avaStIn,bevFrtRoadLight
PL,h2078,0.5326460205473856,scr2002,avaStIn,bevFrtRoadLight
PL,h2079,0.48334141219508586,scr2002,avaStIn,bevFrtRoadLight
PL,h2080,0.4237800531764452,scr2002,avaStIn,bevFrtRoadLight
PL,h2081,0.3668064382544399,scr2002,avaStIn,bevFrtRoadLight
PL,h2082,0.33858624085132816,scr2002,avaStIn,bevFrtRoadLight
PL,h2083,0.33981235579051516,scr2002,avaStIn,bevFrtRoadLight
PL,h2084,0.3644150552627201,scr2002,avaStIn,bevFrtRoadLight
PL,h2085,0.39407002810213865,scr2002,avaStIn,bevFrtRoadLight
PL,h2086,0.41004419963965133,scr2002,avaStIn,bevFrtRoadLight
PL,h2087,0.41244752514225314,scr2002,avaStIn,bevFrtRoadLight
PL,h2088,0.397767181057598,scr2002,avaStIn,bevFrtRoadLight
PL,h2089,0.3840802424090224,scr2002,avaStIn,bevFrtRoadLight
PL,h2090,0.37136048642151265,scr2002,avaStIn,bevFrtRoadLight
PL,h2091,0.36655496485550265,scr2002,avaStIn,bevFrtRoadLight
PL,h2092,0.3745731212047183,scr2002,avaStIn,bevFrtRoadLight
PL,h2093,0.4026088526762964,scr2002,avaStIn,bevFrtRoadLight
PL,h2094,0.44640061438376677,scr2002,avaStIn,bevFrtRoadLight
PL,h2095,0.4973037920546317,scr2002,avaStIn,bevFrtRoadLight
PL,h2096,0.5420216950586382,scr2002,avaStIn,bevFrtRoadLight
PL,h2097,0.5736954068525849,scr2002,avaStIn,bevFrtRoadLight
PL,h2098,0.5880342997851788,scr2002,avaStIn,bevFrtRoadLight
PL,h2099,0.5918947845476326,scr2002,avaStIn,bevFrtRoadLight
PL,h2100,0.5837522950091351,scr2002,avaStIn,bevFrtRoadLight
PL,h2101,0.5666300112283021,scr2002,avaStIn,bevFrtRoadLight
PL,h2102,0.5326460205473856,scr2002,avaStIn,bevFrtRoadLight
PL,h2103,0.48334141219508586,scr2002,avaStIn,bevFrtRoadLight
PL,h2104,0.4237800531764452,scr2002,avaStIn,bevFrtRoadLight
PL,h2105,0.3668064382544399,scr2002,avaStIn,bevFrtRoadLight
PL,h2106,0.33858624085132816,scr2002,avaStIn,bevFrtRoadLight
PL,h2107,0.33981235579051516,scr2002,avaStIn,bevFrtRoadLight
PL,h2108,0.3644150552627201,scr2002,avaStIn,bevFrtRoadLight
PL,h2109,0.39407002810213865,scr2002,avaStIn,bevFrtRoadLight
PL,h2110,0.41004419963965133,scr2002,avaStIn,bevFrtRoadLight
PL,h2111,0.41244752514225314,scr2002,avaStIn,bevFrtRoadLight
PL,h2112,0.397767181057598,scr2002,avaStIn,bevFrtRoadLight
PL,h2113,0.42154228593186693,scr2002,avaStIn,bevFrtRoadLight
PL,h2114,0.44561523253946544,scr2002,avaStIn,bevFrtRoadLight
PL,h2115,0.46890884939949795,scr2002,avaStIn,bevFrtRoadLight
PL,h2116,0.4606801828577375,scr2002,avaStIn,bevFrtRoadLight
PL,h2117,0.4598809008191356,scr2002,avaStIn,bevFrtRoadLight
PL,h2118,0.47373682010553864,scr2002,avaStIn,bevFrtRoadLight
PL,h2119,0.49837466067849223,scr2002,avaStIn,bevFrtRoadLight
PL,h2120,0.5249322712656334,scr2002,avaStIn,bevFrtRoadLight
PL,h2121,0.5295524702973696,scr2002,avaStIn,bevFrtRoadLight
PL,h2122,0.5237384833973733,scr2002,avaStIn,bevFrtRoadLight
PL,h2123,0.517462220076728,scr2002,avaStIn,bevFrtRoadLight
PL,h2124,0.5202231448594442,scr2002,avaStIn,bevFrtRoadLight
PL,h2125,0.5168074572603817,scr2002,avaStIn,bevFrtRoadLight
PL,h2126,0.4881087918461403,scr2002,avaStIn,bevFrtRoadLight
PL,h2127,0.4401501060096197,scr2002,avaStIn,bevFrtRoadLight
PL,h2128,0.3751810028677981,scr2002,avaStIn,bevFrtRoadLight
PL,h2129,0.3184738733356699,scr2002,avaStIn,bevFrtRoadLight
PL,h2130,0.2885496316681868,scr2002,avaStIn,bevFrtRoadLight
PL,h2131,0.2950430145218158,scr2002,avaStIn,bevFrtRoadLight
PL,h2132,0.3362350273761402,scr2002,avaStIn,bevFrtRoadLight
PL,h2133,0.3905257678468872,scr2002,avaStIn,bevFrtRoadLight
PL,h2134,0.4405757953478314,scr2002,avaStIn,bevFrtRoadLight
PL,h2135,0.4738121072088959,scr2002,avaStIn,bevFrtRoadLight
PL,h2136,0.4995552626921461,scr2002,avaStIn,bevFrtRoadLight
PL,h2137,0.5006979269249345,scr2002,avaStIn,bevFrtRoadLight
PL,h2138,0.49234384959123256,scr2002,avaStIn,bevFrtRoadLight
PL,h2139,0.46890884939949795,scr2002,avaStIn,bevFrtRoadLight
PL,h2140,0.4606801828577375,scr2002,avaStIn,bevFrtRoadLight
PL,h2141,0.4598809008191356,scr2002,avaStIn,bevFrtRoadLight
PL,h2142,0.47373682010553864,scr2002,avaStIn,bevFrtRoadLight
PL,h2143,0.49837466067849223,scr2002,avaStIn,bevFrtRoadLight
PL,h2144,0.5249322712656334,scr2002,avaStIn,bevFrtRoadLight
PL,h2145,0.5295524702973696,scr2002,avaStIn,bevFrtRoadLight
PL,h2146,0.5237384833973733,scr2002,avaStIn,bevFrtRoadLight
PL,h2147,0.517462220076728,scr2002,avaStIn,bevFrtRoadLight
PL,h2148,0.5202231448594442,scr2002,avaStIn,bevFrtRoadLight
PL,h2149,0.5168074572603817,scr2002,avaStIn,bevFrtRoadLight
PL,h2150,0.4881087918461403,scr2002,avaStIn,bevFrtRoadLight
PL,h2151,0.4401501060096197,scr2002,avaStIn,bevFrtRoadLight
PL,h2152,0.3751810028677981,scr2002,avaStIn,bevFrtRoadLight
PL,h2153,0.3184738733356699,scr2002,avaStIn,bevFrtRoadLight
PL,h2154,0.2885496316681868,scr2002,avaStIn,bevFrtRoadLight
PL,h2155,0.2950430145218158,scr2002,avaStIn,bevFrtRoadLight
PL,h2156,0.3362350273761402,scr2002,avaStIn,bevFrtRoadLight
PL,h2157,0.3905257678468872,scr2002,avaStIn,bevFrtRoadLight
PL,h2158,0.4405757953478314,scr2002,avaStIn,bevFrtRoadLight
PL,h2159,0.4738121072088959,scr2002,avaStIn,bevFrtRoadLight
PL,h2160,0.4995552626921461,scr2002,avaStIn,bevFrtRoadLight
RO,h1441,0.3714353995574986,scr2002,avaStIn,bevFrtRoadLight
RO,h1442,0.3846086524108919,scr2002,avaStIn,bevFrtRoadLight
RO,h1443,0.42374952391826404,scr2002,avaStIn,bevFrtRoadLight
RO,h1444,0.4709102315761218,scr2002,avaStIn,bevFrtRoadLight
RO,h1445,0.5000591446961405,scr2002,avaStIn,bevFrtRoadLight
RO,h1446,0.495233345157142,scr2002,avaStIn,bevFrtRoadLight
RO,h1447,0.5008043596015221,scr2002,avaStIn,bevFrtRoadLight
RO,h1448,0.5021789974738545,scr2002,avaStIn,bevFrtRoadLight
RO,h1449,0.5231874460949842,scr2002,avaStIn,bevFrtRoadLight
RO,h1450,0.5308529822226913,scr2002,avaStIn,bevFrtRoadLight
RO,h1451,0.536356959269228,scr2002,avaStIn,bevFrtRoadLight
RO,h1452,0.5373881561276749,scr2002,avaStIn,bevFrtRoadLight
RO,h1453,0.5288075990651915,scr2002,avaStIn,bevFrtRoadLight
RO,h1454,0.5095709286669997,scr2002,avaStIn,bevFrtRoadLight
RO,h1455,0.473753550931062,scr2002,avaStIn,bevFrtRoadLight
RO,h1456,0.4304466538396562,scr2002,avaStIn,bevFrtRoadLight
RO,h1457,0.3826879992214788,scr2002,avaStIn,bevFrtRoadLight
RO,h1458,0.35009603390058996,scr2002,avaStIn,bevFrtRoadLight
RO,h1459,0.3349394292024723,scr2002,avaStIn,bevFrtRoadLight
RO,h1460,0.34869160218954365,scr2002,avaStIn,bevFrtRoadLight
RO,h1461,0.36780057797615695,scr2002,avaStIn,bevFrtRoadLight
RO,h1462,0.38682791024436847,scr2002,avaStIn,bevFrtRoadLight
RO,h1463,0.3912979680884232,scr2002,avaStIn,bevFrtRoadLight
RO,h1464,0.3985938980480803,scr2002,avaStIn,bevFrtRoadLight
RO,h1465,0.38540755881640665,scr2002,avaStIn,bevFrtRoadLight
RO,h1466,0.39834418280524153,scr2002,avaStIn,bevFrtRoadLight
RO,h1467,0.42374952391826404,scr2002,avaStIn,bevFrtRoadLight
RO,h1468,0.4709102315761218,scr2002,avaStIn,bevFrtRoadLight
RO,h1469,0.5000591446961405,scr2002,avaStIn,bevFrtRoadLight
RO,h1470,0.495233345157142,scr2002,avaStIn,bevFrtRoadLight
RO,h1471,0.5008043596015221,scr2002,avaStIn,bevFrtRoadLight
RO,h1472,0.5021789974738545,scr2002,avaStIn,bevFrtRoadLight
RO,h1473,0.5231874460949842,scr2002,avaStIn,bevFrtRoadLight
RO,h1474,0.5308529822226913,scr2002,avaStIn,bevFrtRoadLight
RO,h1475,0.536356959269228,scr2002,avaStIn,bevFrtRoadLight
RO,h1476,0.5373881561276749,scr2002,avaStIn,bevFrtRoadLight
RO,h1477,0.5288075990651915,scr2002,avaStIn,bevFrtRoadLight
RO,h1478,0.5095709286669997,scr2002,avaStIn,bevFrtRoadLight
RO,h1479,0.473753550931062,scr2002,avaStIn,bevFrtRoadLight
RO,h1480,0.4304466538396562,scr2002,avaStIn,bevFrtRoadLight
RO,h1481,0.3826879992214788,scr2002,avaStIn,bevFrtRoadLight
RO,h1482,0.35009603390058996,scr2002,avaStIn,bevFrtRoadLight
RO,h1483,0.3349394292024723,scr2002,avaStIn,bevFrtRoadLight
RO,h1484,0.34869160218954365,scr2002,avaStIn,bevFrtRoadLight
RO,h1485,0.36780057797615695,scr2002,avaStIn,bevFrtRoadLight
RO,h1486,0.38682791024436847,scr2002,avaStIn,bevFrtRoadLight
RO,h1487,0.3912979680884232,scr2002,avaStIn,bevFrtRoadLight
RO,h1488,0.3985938980480803,scr2002,avaStIn,bevFrtRoadLight
RO,h1489,0.4174388969205469,scr2002,avaStIn,bevFrtRoadLight
RO,h1490,0.4439543832070485,scr2002,avaStIn,bevFrtRoadLight
RO,h1491,0.464238846132911,scr2002,avaStIn,bevFrtRoadLight
RO,h1492,0.4692993118565085,scr2002,avaStIn,bevFrtRoadLight
RO,h1493,0.4647572130501477,scr2002,avaStIn,bevFrtRoadLight
RO,h1494,0.4606421333392813,scr2002,avaStIn,bevFrtRoadLight
RO,h1495,0.4606294501381404,scr2002,avaStIn,bevFrtRoadLight
RO,h1496,0.4771202000278558,scr2002,avaStIn,bevFrtRoadLight
RO,h1497,0.4942956004519071,scr2002,avaStIn,bevFrtRoadLight
RO,h1498,0.5099123823053463,scr2002,avaStIn,bevFrtRoadLight
RO,h1499,0.5161038254350148,scr2002,avaStIn,bevFrtRoadLight
RO,h1500,0.5219276355822776,scr2002,avaStIn,bevFrtRoadLight
RO,h1501,0.5234247828552905,scr2002,avaStIn,bevFrtRoadLight
RO,h1502,0.515666896351518,scr2002,avaStIn,bevFrtRoadLight
RO,h1503,0.4904757420921084,scr2002,avaStIn,bevFrtRoadLight
RO,h1504,0.4511048686615209,scr2002,avaStIn,bevFrtRoadLight
RO,h1505,0.401719554609377,scr2002,avaStIn,bevFrtRoadLight
RO,h1506,0.362910361244157,scr2002,avaStIn,bevFrtRoadLight
RO,h1507,0.3472619056461236,scr2002,avaStIn,bevFrtRoadLight
RO,h1508,0.35727079588328314,scr2002,avaStIn,bevFrtRoadLight
RO,h1509,0.378468834507535,scr2002,avaStIn,bevFrtRoadLight
RO,h1510,0.39319028121074384,scr2002,avaStIn,bevFrtRoadLight
RO,h1511,0.3959422870730802,scr2002,avaStIn,bevFrtRoadLight
RO,h1512,0.3854887711962275,scr2002,avaStIn,bevFrtRoadLight
RO,h1513,0.42769853598926943,scr2002,avaStIn,bevFrtRoadLight
RO,h1514,0.46444116177482064,scr2002,avaStIn,bevFrtRoadLight
RO,h1515,0.5002557267591349,scr2002,avaStIn,bevFrtRoadLight
RO,h1516,0.4779833592811431,scr2002,avaStIn,bevFrtRoadLight
RO,h1517,0.45518876455881485,scr2002,avaStIn,bevFrtRoadLight
RO,h1518,0.43596244051473665,scr2002,avaStIn,bevFrtRoadLight
RO,h1519,0.4287672948543091,scr2002,avaStIn,bevFrtRoadLight
RO,h1520,0.4310449118345231,scr2002,avaStIn,bevFrtRoadLight
RO,h1521,0.43651906754470926,scr2002,avaStIn,bevFrtRoadLight
RO,h1522,0.42784196327677315,scr2002,avaStIn,bevFrtRoadLight
RO,h1523,0.40165285769436365,scr2002,avaStIn,bevFrtRoadLight
RO,h1524,0.3554492048303812,scr2002,avaStIn,bevFrtRoadLight
RO,h1525,0.30743387757687923,scr2002,avaStIn,bevFrtRoadLight
RO,h1526,0.278936309503648,scr2002,avaStIn,bevFrtRoadLight
RO,h1527,0.28525649117608465,scr2002,avaStIn,bevFrtRoadLight
RO,h1528,0.33100477113297455,scr2002,avaStIn,bevFrtRoadLight
RO,h1529,0.3951643597987161,scr2002,avaStIn,bevFrtRoadLight
RO,h1530,0.46644985491696445,scr2002,avaStIn,bevFrtRoadLight
RO,h1531,0.5302489042156142,scr2002,avaStIn,bevFrtRoadLight
RO,h1532,0.5770673902258092,scr2002,avaStIn,bevFrtRoadLight
RO,h1533,0.5986769755958498,scr2002,avaStIn,bevFrtRoadLight
RO,h1534,0.6016883948095747,scr2002,avaStIn,bevFrtRoadLight
RO,h1535,0.5924055260109063,scr2002,avaStIn,bevFrtRoadLight
RO,h1536,0.5774847836798132,scr2002,avaStIn,bevFrtRoadLight
RO,h1537,0.5517773619954187,scr2002,avaStIn,bevFrtRoadLight
RO,h1538,0.5248358437172166,scr2002,avaStIn,bevFrtRoadLight
RO,h1539,0.5002557267591349,scr2002,avaStIn,bevFrtRoadLight
RO,h1540,0.4779833592811431,scr2002,avaStIn,bevFrtRoadLight
RO,h1541,0.45518876455881485,scr2002,avaStIn,bevFrtRoadLight
RO,h1542,0.43596244051473665,scr2002,avaStIn,bevFrtRoadLight
RO,h1543,0.4287672948543091,scr2002,avaStIn,bevFrtRoadLight
RO,h1544,0.4310449118345231,scr2002,avaStIn,bevFrtRoadLight
RO,h1545,0.43651906754470926,scr2002,avaStIn,bevFrtRoadLight
RO,h1546,0.42784196327677315,scr2002,avaStIn,bevFrtRoadLight
RO,h1547,0.40165285769436365,scr2002,avaStIn,bevFrtRoadLight
RO,h1548,0.3554492048303812,scr2002,avaStIn,bevFrtRoadLight
RO,h1549,0.30743387757687923,scr2002,avaStIn,bevFrtRoadLight
RO,h1550,0.278936309503648,scr2002,avaStIn,bevFrtRoadLight
RO,h1551,0.28525649117608465,scr2002,avaStIn,bevFrtRoadLight
RO,h1552,0.33100477113297455,scr2002,avaStIn,bevFrtRoadLight
RO,h1553,0.3951643597987161,scr2002,avaStIn,bevFrtRoadLight
RO,h1554,0.46644985491696445,scr2002,avaStIn,bevFrtRoadLight
RO,h1555,0.5302489042156142,scr2002,avaStIn,bevFrtRoadLight
RO,h1556,0.5770673902258092,scr2002,avaStIn,bevFrtRoadLight
RO,h1557,0.5986769755958498,scr2002,avaStIn,bevFrtRoadLight
RO,h1558,0.6016883948095747,scr2002,avaStIn,bevFrtRoadLight
RO,h1559,0.5924055260109063,scr2002,avaStIn,bevFrtRoadLight
RO,h1560,0.5774847836798132,scr2002,avaStIn,bevFrtRoadLight
RO,h1561,0.5517773619954187,scr2002,avaStIn,bevFrtRoadLight
RO,h1562,0.5248358437172166,scr2002,avaStIn,bevFrtRoadLight
RO,h1563,0.5002557267591349,scr2002,avaStIn,bevFrtRoadLight
RO,h1564,0.4779833592811431,scr2002,avaStIn,bevFrtRoadLight
RO,h1565,0.45518876455881485,scr2002,avaStIn,bevFrtRoadLight
RO,h1566,0.43596244051473665,scr2002,avaStIn,bevFrtRoadLight
RO,h1567,0.4287672948543091,scr2002,avaStIn,bevFrtRoadLight
RO,h1568,0.4310449118345231,scr2002,avaStIn,bevFrtRoadLight
RO,h1569,0.43651906754470926,scr2002,avaStIn,bevFrtRoadLight
RO,h1570,0.42784196327677315,scr2002,avaStIn,bevFrtRoadLight
RO,h1571,0.40165285769436365,scr2002,avaStIn,bevFrtRoadLight
RO,h1572,0.3554492048303812,scr2002,avaStIn,bevFrtRoadLight
RO,h1573,0.30743387757687923,scr2002,avaStIn,bevFrtRoadLight
RO,h1574,0.278936309503648,scr2002,avaStIn,bevFrtRoadLight
RO,h1575,0.28525649117608465,scr2002,avaStIn,bevFrtRoadLight
RO,h1576,0.33100477113297455,scr2002,avaStIn,bevFrtRoadLight
RO,h1577,0.3951643597987161,scr2002,avaStIn,bevFrtRoadLight
RO,h1578,0.46644985491696445,scr2002,avaStIn,bevFrtRoadLight
RO,h1579,0.5302489042156142,scr2002,avaStIn,bevFrtRoadLight
RO,h1580,0.5770673902258092,scr2002,avaStIn,bevFrtRoadLight
RO,h1581,0.5986769755958498,scr2002,avaStIn,bevFrtRoadLight
RO,h1582,0.6016883948095747,scr2002,avaStIn,bevFrtRoadLight
RO,h1583,0.5924055260109063,scr2002,avaStIn,bevFrtRoadLight
RO,h1584,0.5774847836798132,scr2002,avaStIn,bevFrtRoadLight
RO,h1585,0.5517773619954187,scr2002,avaStIn,bevFrtRoadLight
RO,h1586,0.5248358437172166,scr2002,avaStIn,bevFrtRoadLight
RO,h1587,0.5002557267591349,scr2002,avaStIn,bevFrtRoadLight
RO,h1588,0.4779833592811431,scr2002,avaStIn,bevFrtRoadLight
RO,h1589,0.45518876455881485,scr2002,avaStIn,bevFrtRoadLight
RO,h1590,0.43596244051473665,scr2002,avaStIn,bevFrtRoadLight
RO,h1591,0.4287672948543091,scr2002,avaStIn,bevFrtRoadLight
RO,h1592,0.4310449118345231,scr2002,avaStIn,bevFrtRoadLight
RO,h1593,0.43651906754470926,scr2002,avaStIn,bevFrtRoadLight
RO,h1594,0.42784196327677315,scr2002,avaStIn,bevFrtRoadLight
RO,h1595,0.40165285769436365,scr2002,avaStIn,bevFrtRoadLight
RO,h1596,0.3554492048303812,scr2002,avaStIn,bevFrtRoadLight
RO,h1597,0.30743387757687923,scr2002,avaStIn,bevFrtRoadLight
RO,h1598,0.278936309503648,scr2002,avaStIn,bevFrtRoadLight
RO,h1599,0.28525649117608465,scr2002,avaStIn,bevFrtRoadLight
RO,h1600,0.33100477113297455,scr2002,avaStIn,bevFrtRoadLight
RO,h1601,0.3951643597987161,scr2002,avaStIn,bevFrtRoadLight
RO,h1602,0.46644985491696445,scr2002,avaStIn,bevFrtRoadLight
RO,h1603,0.5302489042156142,scr2002,avaStIn,bevFrtRoadLight
RO,h1604,0.5770673902258092,scr2002,avaStIn,bevFrtRoadLight
RO,h1605,0.5986769755958498,scr2002,avaStIn,bevFrtRoadLight
RO,h1606,0.6016883948095747,scr2002,avaStIn,bevFrtRoadLight
RO,h1607,0.5924055260109063,scr2002,avaStIn,bevFrtRoadLight
RO,h1608,0.5774847836798132,scr2002,avaStIn,bevFrtRoadLight
RO,h1609,0.5399833096273894,scr2002,avaStIn,bevFrtRoadLight
RO,h1610,0.5020113380135911,scr2002,avaStIn,bevFrtRoadLight
RO,h1611,0.4635722307063156,scr2002,avaStIn,bevFrtRoadLight
RO,h1612,0.4380348659574729,scr2002,avaStIn,bevFrtRoadLight
RO,h1613,0.40762124803256283,scr2002,avaStIn,bevFrtRoadLight
RO,h1614,0.37888830724468336,scr2002,avaStIn,bevFrtRoadLight
RO,h1615,0.36958381422293585,scr2002,avaStIn,bevFrtRoadLight
RO,h1616,0.37840208488783933,scr2002,avaStIn,bevFrtRoadLight
RO,h1617,0.40312593459237533,scr2002,avaStIn,bevFrtRoadLight
RO,h1618,0.41362439373824156,scr2002,avaStIn,bevFrtRoadLight
RO,h1619,0.4028461315685412,scr2002,avaStIn,bevFrtRoadLight
RO,h1620,0.3603437041144123,scr2002,avaStIn,bevFrtRoadLight
RO,h1621,0.300735364069155,scr2002,avaStIn,bevFrtRoadLight
RO,h1622,0.24177370465061954,scr2002,avaStIn,bevFrtRoadLight
RO,h1623,0.21970614560615676,scr2002,avaStIn,bevFrtRoadLight
RO,h1624,0.25508395733229006,scr2002,avaStIn,bevFrtRoadLight
RO,h1625,0.34767139096765254,scr2002,avaStIn,bevFrtRoadLight
RO,h1626,0.45228041046836875,scr2002,avaStIn,bevFrtRoadLight
RO,h1627,0.5341134302691986,scr2002,avaStIn,bevFrtRoadLight
RO,h1628,0.5851656457268322,scr2002,avaStIn,bevFrtRoadLight
RO,h1629,0.6079565962864942,scr2002,avaStIn,bevFrtRoadLight
RO,h1630,0.6088378322847627,scr2002,avaStIn,bevFrtRoadLight
RO,h1631,0.5862547005889717,scr2002,avaStIn,bevFrtRoadLight
RO,h1632,0.5503272305028044,scr2002,avaStIn,bevFrtRoadLight
RO,h1633,0.5157882800473498,scr2002,avaStIn,bevFrtRoadLight
RO,h1634,0.4876212160339364,scr2002,avaStIn,bevFrtRoadLight
RO,h1635,0.4635722307063156,scr2002,avaStIn,bevFrtRoadLight
RO,h1636,0.4380348659574729,scr2002,avaStIn,bevFrtRoadLight
RO,h1637,0.40762124803256283,scr2002,avaStIn,bevFrtRoadLight
RO,h1638,0.37888830724468336,scr2002,avaStIn,bevFrtRoadLight
RO,h1639,0.36958381422293585,scr2002,avaStIn,bevFrtRoadLight
RO,h1640,0.37840208488783933,scr2002,avaStIn,bevFrtRoadLight
RO,h1641,0.40312593459237533,scr2002,avaStIn,bevFrtRoadLight
RO,h1642,0.41362439373824156,scr2002,avaStIn,bevFrtRoadLight
RO,h1643,0.4028461315685412,scr2002,avaStIn,bevFrtRoadLight
RO,h1644,0.3603437041144123,scr2002,avaStIn,bevFrtRoadLight
RO,h1645,0.300735364069155,scr2002,avaStIn,bevFrtRoadLight
RO,h1646,0.24177370465061954,scr2002,avaStIn,bevFrtRoadLight
RO,h1647,0.21970614560615676,scr2002,avaStIn,bevFrtRoadLight
RO,h1648,0.25508395733229006,scr2002,avaStIn,bevFrtRoadLight
RO,h1649,0.34767139096765254,scr2002,avaStIn,bevFrtRoadLight
RO,h1650,0.45228041046836875,scr2002,avaStIn,bevFrtRoadLight
RO,h1651,0.5341134302691986,scr2002,avaStIn,bevFrtRoadLight
RO,h1652,0.5851656457268322,scr2002,avaStIn,bevFrtRoadLight
RO,h1653,0.6079565962864942,scr2002,avaStIn,bevFrtRoadLight
RO,h1654,0.6088378322847627,scr2002,avaStIn,bevFrtRoadLight
RO,h1655,0.5862547005889717,scr2002,avaStIn,bevFrtRoadLight
RO,h1656,0.5503272305028044,scr2002,avaStIn,bevFrtRoadLight
RO,h1657,0.5277989482493217,scr2002,avaStIn,bevFrtRoadLight
RO,h1658,0.5107010378978177,scr2002,avaStIn,bevFrtRoadLight
RO,h1659,0.5002557267591349,scr2002,avaStIn,bevFrtRoadLight
RO,h1660,0.4779833592811431,scr2002,avaStIn,bevFrtRoadLight
RO,h1661,0.45518876455881485,scr2002,avaStIn,bevFrtRoadLight
RO,h1662,0.43596244051473665,scr2002,avaStIn,bevFrtRoadLight
RO,h1663,0.4287672948543091,scr2002,avaStIn,bevFrtRoadLight
RO,h1664,0.4310449118345231,scr2002,avaStIn,bevFrtRoadLight
RO,h1665,0.43651906754470926,scr2002,avaStIn,bevFrtRoadLight
RO,h1666,0.42784196327677315,scr2002,avaStIn,bevFrtRoadLight
RO,h1667,0.40165285769436365,scr2002,avaStIn,bevFrtRoadLight
RO,h1668,0.3554492048303812,scr2002,avaStIn,bevFrtRoadLight
RO,h1669,0.30743387757687923,scr2002,avaStIn,bevFrtRoadLight
RO,h1670,0.278936309503648,scr2002,avaStIn,bevFrtRoadLight
RO,h1671,0.28525649117608465,scr2002,avaStIn,bevFrtRoadLight
RO,h1672,0.33100477113297455,scr2002,avaStIn,bevFrtRoadLight
RO,h1673,0.3951643597987161,scr2002,avaStIn,bevFrtRoadLight
RO,h1674,0.46644985491696445,scr2002,avaStIn,bevFrtRoadLight
RO,h1675,0.5302489042156142,scr2002,avaStIn,bevFrtRoadLight
RO,h1676,0.5770673902258092,scr2002,avaStIn,bevFrtRoadLight
RO,h1677,0.5986769755958498,scr2002,avaStIn,bevFrtRoadLight
RO,h1678,0.6016883948095747,scr2002,avaStIn,bevFrtRoadLight
RO,h1679,0.5924055260109063,scr2002,avaStIn,bevFrtRoadLight
RO,h1680,0.5774847836798132,scr2002,avaStIn,bevFrtRoadLight
RO,h1681,0.5517773619954187,scr2002,avaStIn,bevFrtRoadLight
RO,h1682,0.5248358437172166,scr2002,avaStIn,bevFrtRoadLight
RO,h1683,0.5002557267591349,scr2002,avaStIn,bevFrtRoadLight
RO,h1684,0.4779833592811431,scr2002,avaStIn,bevFrtRoadLight
RO,h1685,0.45518876455881485,scr2002,avaStIn,bevFrtRoadLight
RO,h1686,0.43596244051473665,scr2002,avaStIn,bevFrtRoadLight
RO,h1687,0.4287672948543091,scr2002,avaStIn,bevFrtRoadLight
RO,h1688,0.4310449118345231,scr2002,avaStIn,bevFrtRoadLight
RO,h1689,0.43651906754470926,scr2002,avaStIn,bevFrtRoadLight
RO,h1690,0.42784196327677315,scr2002,avaStIn,bevFrtRoadLight
RO,h1691,0.40165285769436365,scr2002,avaStIn,bevFrtRoadLight
RO,h1692,0.3554492048303812,scr2002,avaStIn,bevFrtRoadLight
RO,h1693,0.30743387757687923,scr2002,avaStIn,bevFrtRoadLight
RO,h1694,0.278936309503648,scr2002,avaStIn,bevFrtRoadLight
RO,h1695,0.28525649117608465,scr2002,avaStIn,bevFrtRoadLight
RO,h1696,0.33100477113297455,scr2002,avaStIn,bevFrtRoadLight
RO,h1697,0.3951643597987161,scr2002,avaStIn,bevFrtRoadLight
RO,h1698,0.46644985491696445,scr2002,avaStIn,bevFrtRoadLight
RO,h1699,0.5302489042156142,scr2002,avaStIn,bevFrtRoadLight
RO,h1700,0.5770673902258092,scr2002,avaStIn,bevFrtRoadLight
RO,h1701,0.5986769755958498,scr2002,avaStIn,bevFrtRoadLight
RO,h1702,0.6016883948095747,scr2002,avaStIn,bevFrtRoadLight
RO,h1703,0.5924055260109063,scr2002,avaStIn,bevFrtRoadLight
RO,h1704,0.5774847836798132,scr2002,avaStIn,bevFrtRoadLight
RO,h1705,0.509038057831711,scr2002,avaStIn,bevFrtRoadLight
RO,h1706,0.45316073221470254,scr2002,avaStIn,bevFrtRoadLight
RO,h1707,0.4106293035759673,scr2002,avaStIn,bevFrtRoadLight
RO,h1708,0.4302562346105031,scr2002,avaStIn,bevFrtRoadLight
RO,h1709,0.4411964644145132,scr2002,avaStIn,bevFrtRoadLight
RO,h1710,0.45751109901302867,scr2002,avaStIn,bevFrtRoadLight
RO,h1711,0.48871757217710954,scr2002,avaStIn,bevFrtRoadLight
RO,h1712,0.5314509691002262,scr2002,avaStIn,bevFrtRoadLight
RO,h1713,0.5711878747561929,scr2002,avaStIn,bevFrtRoadLight
RO,h1714,0.5980939691710526,scr2002,avaStIn,bevFrtRoadLight
RO,h1715,0.608394034195855,scr2002,avaStIn,bevFrtRoadLight
RO,h1716,0.6010568773540479,scr2002,avaStIn,bevFrtRoadLight
RO,h1717,0.5764247164288175,scr2002,avaStIn,bevFrtRoadLight
RO,h1718,0.5401459054358786,scr2002,avaStIn,bevFrtRoadLight
RO,h1719,0.4982672792884357,scr2002,avaStIn,bevFrtRoadLight
RO,h1720,0.4574139907405833,scr2002,avaStIn,bevFrtRoadLight
RO,h1721,0.42470386872332366,scr2002,avaStIn,bevFrtRoadLight
RO,h1722,0.4070105681582177,scr2002,avaStIn,bevFrtRoadLight
RO,h1723,0.3993554704479094,scr2002,avaStIn,bevFrtRoadLight
RO,h1724,0.3942528360151184,scr2002,avaStIn,bevFrtRoadLight
RO,h1725,0.3809841238928826,scr2002,avaStIn,bevFrtRoadLight
RO,h1726,0.3497784944040866,scr2002,avaStIn,bevFrtRoadLight
RO,h1727,0.3123069662403203,scr2002,avaStIn,bevFrtRoadLight
RO,h1728,0.2821792829284123,scr2002,avaStIn,bevFrtRoadLight
RO,h1729,0.3106843918239848,scr2002,avaStIn,bevFrtRoadLight
RO,h1730,0.35866299968064763,scr2002,avaStIn,bevFrtRoadLight
RO,h1731,0.4106293035759673,scr2002,avaStIn,bevFrtRoadLight
RO,h1732,0.4302562346105031,scr2002,avaStIn,bevFrtRoadLight
RO,h1733,0.4411964644145132,scr2002,avaStIn,bevFrtRoadLight
RO,h1734,0.45751109901302867,scr2002,avaStIn,bevFrtRoadLight
RO,h1735,0.48871757217710954,scr2002,avaStIn,bevFrtRoadLight
RO,h1736,0.5314509691002262,scr2002,avaStIn,bevFrtRoadLight
RO,h1737,0.5711878747561929,scr2002,avaStIn,bevFrtRoadLight
RO,h1738,0.5980939691710526,scr2002,avaStIn,bevFrtRoadLight
RO,h1739,0.608394034195855,scr2002,avaStIn,bevFrtRoadLight
RO,h1740,0.6010568773540479,scr2002,avaStIn,bevFrtRoadLight
RO,h1741,0.5764247164288175,scr2002,avaStIn,bevFrtRoadLight
RO,h1742,0.5401459054358786,scr2002,avaStIn,bevFrtRoadLight
RO,h1743,0.4982672792884357,scr2002,avaStIn,bevFrtRoadLight
RO,h1744,0.4574139907405833,scr2002,avaStIn,bevFrtRoadLight
RO,h1745,0.42470386872332366,scr2002,avaStIn,bevFrtRoadLight
RO,h1746,0.4070105681582177,scr2002,avaStIn,bevFrtRoadLight
RO,h1747,0.3993554704479094,scr2002,avaStIn,bevFrtRoadLight
RO,h1748,0.3942528360151184,scr2002,avaStIn,bevFrtRoadLight
RO,h1749,0.3809841238928826,scr2002,avaStIn,bevFrtRoadLight
RO,h1750,0.3497784944040866,scr2002,avaStIn,bevFrtRoadLight
RO,h1751,0.3123069662403203,scr2002,avaStIn,bevFrtRoadLight
RO,h1752,0.2821792829284123,scr2002,avaStIn,bevFrtRoadLight
RO,h1753,0.3106843918239848,scr2002,avaStIn,bevFrtRoadLight
RO,h1754,0.35866299968064763,scr2002,avaStIn,bevFrtRoadLight
RO,h1755,0.4106293035759673,scr2002,avaStIn,bevFrtRoadLight
RO,h1756,0.4302562346105031,scr2002,avaStIn,bevFrtRoadLight
RO,h1757,0.4411964644145132,scr2002,avaStIn,bevFrtRoadLight
RO,h1758,0.45751109901302867,scr2002,avaStIn,bevFrtRoadLight
RO,h1759,0.48871757217710954,scr2002,avaStIn,bevFrtRoadLight
RO,h1760,0.5314509691002262,scr2002,avaStIn,bevFrtRoadLight
RO,h1761,0.5711878747561929,scr2002,avaStIn,bevFrtRoadLight
RO,h1762,0.5980939691710526,scr2002,avaStIn,bevFrtRoadLight
RO,h1763,0.608394034195855,scr2002,avaStIn,bevFrtRoadLight
RO,h1764,0.6010568773540479,scr2002,avaStIn,bevFrtRoadLight
RO,h1765,0.5764247164288175,scr2002,avaStIn,bevFrtRoadLight
RO,h1766,0.5401459054358786,scr2002,avaStIn,bevFrtRoadLight
RO,h1767,0.4982672792884357,scr2002,avaStIn,bevFrtRoadLight
RO,h1768,0.4574139907405833,scr2002,avaStIn,bevFrtRoadLight
RO,h1769,0.42470386872332366,scr2002,avaStIn,bevFrtRoadLight
RO,h1770,0.4070105681582177,scr2002,avaStIn,bevFrtRoadLight
RO,h1771,0.3993554704479094,scr2002,avaStIn,bevFrtRoadLight
RO,h1772,0.3942528360151184,scr2002,avaStIn,bevFrtRoadLight
RO,h1773,0.3809841238928826,scr2002,avaStIn,bevFrtRoadLight
RO,h1774,0.3497784944040866,scr2002,avaStIn,bevFrtRoadLight
RO,h1775,0.3123069662403203,scr2002,avaStIn,bevFrtRoadLight
RO,h1776,0.2821792829284123,scr2002,avaStIn,bevFrtRoadLight
RO,h1777,0.230095162221032,scr2002,avaStIn,bevFrtRoadLight
RO,h1778,0.2300917975935889,scr2002,avaStIn,bevFrtRoadLight
RO,h1779,0.27148343409663167,scr2002,avaStIn,bevFrtRoadLight
RO,h1780,0.3790725700696759,scr2002,avaStIn,bevFrtRoadLight
RO,h1781,0.4623404992613247,scr2002,avaStIn,bevFrtRoadLight
RO,h1782,0.5259162274800008,scr2002,avaStIn,bevFrtRoadLight
RO,h1783,0.5772992909654577,scr2002,avaStIn,bevFrtRoadLight
RO,h1784,0.6171735770568829,scr2002,avaStIn,bevFrtRoadLight
RO,h1785,0.6409152522621753,scr2002,avaStIn,bevFrtRoadLight
RO,h1786,0.6489166669999998,scr2002,avaStIn,bevFrtRoadLight
RO,h1787,0.6400350534574337,scr2002,avaStIn,bevFrtRoadLight
RO,h1788,0.61588415769173,scr2002,avaStIn,bevFrtRoadLight
RO,h1789,0.5753501172674538,scr2002,avaStIn,bevFrtRoadLight
RO,h1790,0.5273486726990765,scr2002,avaStIn,bevFrtRoadLight
RO,h1791,0.47682400205808595,scr2002,avaStIn,bevFrtRoadLight
RO,h1792,0.4288063768750643,scr2002,avaStIn,bevFrtRoadLight
RO,h1793,0.39374570481652504,scr2002,avaStIn,bevFrtRoadLight
RO,h1794,0.3749031506247579,scr2002,avaStIn,bevFrtRoadLight
RO,h1795,0.37209330121313156,scr2002,avaStIn,bevFrtRoadLight
RO,h1796,0.36873105182903665,scr2002,avaStIn,bevFrtRoadLight
RO,h1797,0.35436309979864666,scr2002,avaStIn,bevFrtRoadLight
RO,h1798,0.3154781828948128,scr2002,avaStIn,bevFrtRoadLight
RO,h1799,0.27112993299959987,scr2002,avaStIn,bevFrtRoadLight
RO,h1800,0.2381911639591776,scr2002,avaStIn,bevFrtRoadLight
RO,h1801,0.20075744833264675,scr2002,avaStIn,bevFrtRoadLight
RO,h1802,0.21575624655576675,scr2002,avaStIn,bevFrtRoadLight
RO,h1803,0.27148343409663167,scr2002,avaStIn,bevFrtRoadLight
RO,h1804,0.3790725700696759,scr2002,avaStIn,bevFrtRoadLight
RO,h1805,0.4623404992613247,scr2002,avaStIn,bevFrtRoadLight
RO,h1806,0.5259162274800008,scr2002,avaStIn,bevFrtRoadLight
RO,h1807,0.5772992909654577,scr2002,avaStIn,bevFrtRoadLight
RO,h1808,0.6171735770568829,scr2002,avaStIn,bevFrtRoadLight
RO,h1809,0.6409152522621753,scr2002,avaStIn,bevFrtRoadLight
RO,h1810,0.6489166669999998,scr2002,avaStIn,bevFrtRoadLight
RO,h1811,0.6400350534574337,scr2002,avaStIn,bevFrtRoadLight
RO,h1812,0.61588415769173,scr2002,avaStIn,bevFrtRoadLight
RO,h1813,0.5753501172674538,scr2002,avaStIn,bevFrtRoadLight
RO,h1814,0.5273486726990765,scr2002,avaStIn,bevFrtRoadLight
RO,h1815,0.47682400205808595,scr2002,avaStIn,bevFrtRoadLight
RO,h1816,0.4288063768750643,scr2002,avaStIn,bevFrtRoadLight
RO,h1817,0.39374570481652504,scr2002,avaStIn,bevFrtRoadLight
RO,h1818,0.3749031506247579,scr2002,avaStIn,bevFrtRoadLight
RO,h1819,0.37209330121313156,scr2002,avaStIn,bevFrtRoadLight
RO,h1820,0.36873105182903665,scr2002,avaStIn,bevFrtRoadLight
RO,h1821,0.35436309979864666,scr2002,avaStIn,bevFrtRoadLight
RO,h1822,0.3154781828948128,scr2002,avaStIn,bevFrtRoadLight
RO,h1823,0.27112993299959987,scr2002,avaStIn,bevFrtRoadLight
RO,h1824,0.2381911639591776,scr2002,avaStIn,bevFrtRoadLight
RO,h1825,0.28388199759953203,scr2002,avaStIn,bevFrtRoadLight
RO,h1826,0.34615260530650627,scr2002,avaStIn,bevFrtRoadLight
RO,h1827,0.4106293035759673,scr2002,avaStIn,bevFrtRoadLight
RO,h1828,0.4302562346105031,scr2002,avaStIn,bevFrtRoadLight
RO,h1829,0.4411964644145132,scr2002,avaStIn,bevFrtRoadLight
RO,h1830,0.45751109901302867,scr2002,avaStIn,bevFrtRoadLight
RO,h1831,0.48871757217710954,scr2002,avaStIn,bevFrtRoadLight
RO,h1832,0.5314509691002262,scr2002,avaStIn,bevFrtRoadLight
RO,h1833,0.5711878747561929,scr2002,avaStIn,bevFrtRoadLight
RO,h1834,0.5980939691710526,scr2002,avaStIn,bevFrtRoadLight
RO,h1835,0.608394034195855,scr2002,avaStIn,bevFrtRoadLight
RO,h1836,0.6010568773540479,scr2002,avaStIn,bevFrtRoadLight
RO,h1837,0.5764247164288175,scr2002,avaStIn,bevFrtRoadLight
RO,h1838,0.5401459054358786,scr2002,avaStIn,bevFrtRoadLight
RO,h1839,0.4982672792884357,scr2002,avaStIn,bevFrtRoadLight
RO,h1840,0.4574139907405833,scr2002,avaStIn,bevFrtRoadLight
RO,h1841,0.42470386872332366,scr2002,avaStIn,bevFrtRoadLight
RO,h1842,0.4070105681582177,scr2002,avaStIn,bevFrtRoadLight
RO,h1843,0.3993554704479094,scr2002,avaStIn,bevFrtRoadLight
RO,h1844,0.3942528360151184,scr2002,avaStIn,bevFrtRoadLight
RO,h1845,0.3809841238928826,scr2002,avaStIn,bevFrtRoadLight
RO,h1846,0.3497784944040866,scr2002,avaStIn,bevFrtRoadLight
RO,h1847,0.3123069662403203,scr2002,avaStIn,bevFrtRoadLight
RO,h1848,0.2821792829284123,scr2002,avaStIn,bevFrtRoadLight
RO,h1849,0.3106843918239848,scr2002,avaStIn,bevFrtRoadLight
RO,h1850,0.35866299968064763,scr2002,avaStIn,bevFrtRoadLight
RO,h1851,0.4106293035759673,scr2002,avaStIn,bevFrtRoadLight
RO,h1852,0.4302562346105031,scr2002,avaStIn,bevFrtRoadLight
RO,h1853,0.4411964644145132,scr2002,avaStIn,bevFrtRoadLight
RO,h1854,0.45751109901302867,scr2002,avaStIn,bevFrtRoadLight
RO,h1855,0.48871757217710954,scr2002,avaStIn,bevFrtRoadLight
RO,h1856,0.5314509691002262,scr2002,avaStIn,bevFrtRoadLight
RO,h1857,0.5711878747561929,scr2002,avaStIn,bevFrtRoadLight
RO,h1858,0.5980939691710526,scr2002,avaStIn,bevFrtRoadLight
RO,h1859,0.608394034195855,scr2002,avaStIn,bevFrtRoadLight
RO,h1860,0.6010568773540479,scr2002,avaStIn,bevFrtRoadLight
RO,h1861,0.5764247164288175,scr2002,avaStIn,bevFrtRoadLight
RO,h1862,0.5401459054358786,scr2002,avaStIn,bevFrtRoadLight
RO,h1863,0.4982672792884357,scr2002,avaStIn,bevFrtRoadLight
RO,h1864,0.4574139907405833,scr2002,avaStIn,bevFrtRoadLight
RO,h1865,0.42470386872332366,scr2002,avaStIn,bevFrtRoadLight
RO,h1866,0.4070105681582177,scr2002,avaStIn,bevFrtRoadLight
RO,h1867,0.3993554704479094,scr2002,avaStIn,bevFrtRoadLight
RO,h1868,0.3942528360151184,scr2002,avaStIn,bevFrtRoadLight
RO,h1869,0.3809841238928826,scr2002,avaStIn,bevFrtRoadLight
RO,h1870,0.3497784944040866,scr2002,avaStIn,bevFrtRoadLight
RO,h1871,0.3123069662403203,scr2002,avaStIn,bevFrtRoadLight
RO,h1872,0.2821792829284123,scr2002,avaStIn,bevFrtRoadLight
RO,h1873,0.3106843918239848,scr2002,avaStIn,bevFrtRoadLight
RO,h1874,0.35866299968064763,scr2002,avaStIn,bevFrtRoadLight
RO,h1875,0.4106293035759673,scr2002,avaStIn,bevFrtRoadLight
RO,h1876,0.4302562346105031,scr2002,avaStIn,bevFrtRoadLight
RO,h1877,0.4411964644145132,scr2002,avaStIn,bevFrtRoadLight
RO,h1878,0.45751109901302867,scr2002,avaStIn,bevFrtRoadLight
RO,h1879,0.48871757217710954,scr2002,avaStIn,bevFrtRoadLight
RO,h1880,0.5314509691002262,scr2002,avaStIn,bevFrtRoadLight
RO,h1881,0.5711878747561929,scr2002,avaStIn,bevFrtRoadLight
RO,h1882,0.5980939691710526,scr2002,avaStIn,bevFrtRoadLight
RO,h1883,0.608394034195855,scr2002,avaStIn,bevFrtRoadLight
RO,h1884,0.6010568773540479,scr2002,avaStIn,bevFrtRoadLight
RO,h1885,0.5764247164288175,scr2002,avaStIn,bevFrtRoadLight
RO,h1886,0.5401459054358786,scr2002,avaStIn,bevFrtRoadLight
RO,h1887,0.4982672792884357,scr2002,avaStIn,bevFrtRoadLight
RO,h1888,0.4574139907405833,scr2002,avaStIn,bevFrtRoadLight
RO,h1889,0.42470386872332366,scr2002,avaStIn,bevFrtRoadLight
RO,h1890,0.4070105681582177,scr2002,avaStIn,bevFrtRoadLight
RO,h1891,0.3993554704479094,scr2002,avaStIn,bevFrtRoadLight
RO,h1892,0.3942528360151184,scr2002,avaStIn,bevFrtRoadLight
RO,h1893,0.3809841238928826,scr2002,avaStIn,bevFrtRoadLight
RO,h1894,0.3497784944040866,scr2002,avaStIn,bevFrtRoadLight
RO,h1895,0.3123069662403203,scr2002,avaStIn,bevFrtRoadLight
RO,h1896,0.2821792829284123,scr2002,avaStIn,bevFrtRoadLight
RO,h1897,0.3106843918239848,scr2002,avaStIn,bevFrtRoadLight
RO,h1898,0.35866299968064763,scr2002,avaStIn,bevFrtRoadLight
RO,h1899,0.4106293035759673,scr2002,avaStIn,bevFrtRoadLight
RO,h1900,0.4302562346105031,scr2002,avaStIn,bevFrtRoadLight
RO,h1901,0.4411964644145132,scr2002,avaStIn,bevFrtRoadLight
RO,h1902,0.45751109901302867,scr2002,avaStIn,bevFrtRoadLight
RO,h1903,0.48871757217710954,scr2002,avaStIn,bevFrtRoadLight
RO,h1904,0.5314509691002262,scr2002,avaStIn,bevFrtRoadLight
RO,h1905,0.5711878747561929,scr2002,avaStIn,bevFrtRoadLight
RO,h1906,0.5980939691710526,scr2002,avaStIn,bevFrtRoadLight
RO,h1907,0.608394034195855,scr2002,avaStIn,bevFrtRoadLight
RO,h1908,0.6010568773540479,scr2002,avaStIn,bevFrtRoadLight
RO,h1909,0.5764247164288175,scr2002,avaStIn,bevFrtRoadLight
RO,h1910,0.5401459054358786,scr2002,avaStIn,bevFrtRoadLight
RO,h1911,0.4982672792884357,scr2002,avaStIn,bevFrtRoadLight
RO,h1912,0.4574139907405833,scr2002,avaStIn,bevFrtRoadLight
RO,h1913,0.42470386872332366,scr2002,avaStIn,bevFrtRoadLight
RO,h1914,0.4070105681582177,scr2002,avaStIn,bevFrtRoadLight
RO,h1915,0.3993554704479094,scr2002,avaStIn,bevFrtRoadLight
RO,h1916,0.3942528360151184,scr2002,avaStIn,bevFrtRoadLight
RO,h1917,0.3809841238928826,scr2002,avaStIn,bevFrtRoadLight
RO,h1918,0.3497784944040866,scr2002,avaStIn,bevFrtRoadLight
RO,h1919,0.3123069662403203,scr2002,avaStIn,bevFrtRoadLight
RO,h1920,0.2821792829284123,scr2002,avaStIn,bevFrtRoadLight
RO,h1921,0.3106843918239848,scr2002,avaStIn,bevFrtRoadLight
RO,h1922,0.35866299968064763,scr2002,avaStIn,bevFrtRoadLight
RO,h1923,0.4106293035759673,scr2002,avaStIn,bevFrtRoadLight
RO,h1924,0.4302562346105031,scr2002,avaStIn,bevFrtRoadLight
RO,h1925,0.4411964644145132,scr2002,avaStIn,bevFrtRoadLight
RO,h1926,0.45751109901302867,scr2002,avaStIn,bevFrtRoadLight
RO,h1927,0.48871757217710954,scr2002,avaStIn,bevFrtRoadLight
RO,h1928,0.5314509691002262,scr2002,avaStIn,bevFrtRoadLight
RO,h1929,0.5711878747561929,scr2002,avaStIn,bevFrtRoadLight
RO,h1930,0.5980939691710526,scr2002,avaStIn,bevFrtRoadLight
RO,h1931,0.608394034195855,scr2002,avaStIn,bevFrtRoadLight
RO,h1932,0.6010568773540479,scr2002,avaStIn,bevFrtRoadLight
RO,h1933,0.5764247164288175,scr2002,avaStIn,bevFrtRoadLight
RO,h1934,0.5401459054358786,scr2002,avaStIn,bevFrtRoadLight
RO,h1935,0.4982672792884357,scr2002,avaStIn,bevFrtRoadLight
RO,h1936,0.4574139907405833,scr2002,avaStIn,bevFrtRoadLight
RO,h1937,0.42470386872332366,scr2002,avaStIn,bevFrtRoadLight
RO,h1938,0.4070105681582177,scr2002,avaStIn,bevFrtRoadLight
RO,h1939,0.3993554704479094,scr2002,avaStIn,bevFrtRoadLight
RO,h1940,0.3942528360151184,scr2002,avaStIn,bevFrtRoadLight
RO,h1941,0.3809841238928826,scr2002,avaStIn,bevFrtRoadLight
RO,h1942,0.3497784944040866,scr2002,avaStIn,bevFrtRoadLight
RO,h1943,0.3123069662403203,scr2002,avaStIn,bevFrtRoadLight
RO,h1944,0.2821792829284123,scr2002,avaStIn,bevFrtRoadLight
RO,h1945,0.230095162221032,scr2002,avaStIn,bevFrtRoadLight
RO,h1946,0.2300917975935889,scr2002,avaStIn,bevFrtRoadLight
RO,h1947,0.27148343409663167,scr2002,avaStIn,bevFrtRoadLight
RO,h1948,0.3790725700696759,scr2002,avaStIn,bevFrtRoadLight
RO,h1949,0.4623404992613247,scr2002,avaStIn,bevFrtRoadLight
RO,h1950,0.5259162274800008,scr2002,avaStIn,bevFrtRoadLight
RO,h1951,0.5772992909654577,scr2002,avaStIn,bevFrtRoadLight
RO,h1952,0.6171735770568829,scr2002,avaStIn,bevFrtRoadLight
RO,h1953,0.6409152522621753,scr2002,avaStIn,bevFrtRoadLight
RO,h1954,0.6489166669999998,scr2002,avaStIn,bevFrtRoadLight
RO,h1955,0.6400350534574337,scr2002,avaStIn,bevFrtRoadLight
RO,h1956,0.61588415769173,scr2002,avaStIn,bevFrtRoadLight
RO,h1957,0.5753501172674538,scr2002,avaStIn,bevFrtRoadLight
RO,h1958,0.5273486726990765,scr2002,avaStIn,bevFrtRoadLight
RO,h1959,0.47682400205808595,scr2002,avaStIn,bevFrtRoadLight
RO,h1960,0.4288063768750643,scr2002,avaStIn,bevFrtRoadLight
RO,h1961,0.39374570481652504,scr2002,avaStIn,bevFrtRoadLight
RO,h1962,0.3749031506247579,scr2002,avaStIn,bevFrtRoadLight
RO,h1963,0.37209330121313156,scr2002,avaStIn,bevFrtRoadLight
RO,h1964,0.36873105182903665,scr2002,avaStIn,bevFrtRoadLight
RO,h1965,0.35436309979864666,scr2002,avaStIn,bevFrtRoadLight
RO,h1966,0.3154781828948128,scr2002,avaStIn,bevFrtRoadLight
RO,h1967,0.27112993299959987,scr2002,avaStIn,bevFrtRoadLight
RO,h1968,0.2381911639591776,scr2002,avaStIn,bevFrtRoadLight
RO,h1969,0.20075744833264675,scr2002,avaStIn,bevFrtRoadLight
RO,h1970,0.21575624655576675,scr2002,avaStIn,bevFrtRoadLight
RO,h1971,0.27148343409663167,scr2002,avaStIn,bevFrtRoadLight
RO,h1972,0.3790725700696759,scr2002,avaStIn,bevFrtRoadLight
RO,h1973,0.4623404992613247,scr2002,avaStIn,bevFrtRoadLight
RO,h1974,0.5259162274800008,scr2002,avaStIn,bevFrtRoadLight
RO,h1975,0.5772992909654577,scr2002,avaStIn,bevFrtRoadLight
RO,h1976,0.6171735770568829,scr2002,avaStIn,bevFrtRoadLight
RO,h1977,0.6409152522621753,scr2002,avaStIn,bevFrtRoadLight
RO,h1978,0.6489166669999998,scr2002,avaStIn,bevFrtRoadLight
RO,h1979,0.6400350534574337,scr2002,avaStIn,bevFrtRoadLight
RO,h1980,0.61588415769173,scr2002,avaStIn,bevFrtRoadLight
RO,h1981,0.5753501172674538,scr2002,avaStIn,bevFrtRoadLight
RO,h1982,0.5273486726990765,scr2002,avaStIn,bevFrtRoadLight
RO,h1983,0.47682400205808595,scr2002,avaStIn,bevFrtRoadLight
RO,h1984,0.4288063768750643,scr2002,avaStIn,bevFrtRoadLight
RO,h1985,0.39374570481652504,scr2002,avaStIn,bevFrtRoadLight
RO,h1986,0.3749031506247579,scr2002,avaStIn,bevFrtRoadLight
RO,h1987,0.37209330121313156,scr2002,avaStIn,bevFrtRoadLight
RO,h1988,0.36873105182903665,scr2002,avaStIn,bevFrtRoadLight
RO,h1989,0.35436309979864666,scr2002,avaStIn,bevFrtRoadLight
RO,h1990,0.3154781828948128,scr2002,avaStIn,bevFrtRoadLight
RO,h1991,0.27112993299959987,scr2002,avaStIn,bevFrtRoadLight
RO,h1992,0.2381911639591776,scr2002,avaStIn,bevFrtRoadLight
RO,h1993,0.28388199759953203,scr2002,avaStIn,bevFrtRoadLight
RO,h1994,0.34615260530650627,scr2002,avaStIn,bevFrtRoadLight
RO,h1995,0.4106293035759673,scr2002,avaStIn,bevFrtRoadLight
RO,h1996,0.4302562346105031,scr2002,avaStIn,bevFrtRoadLight
RO,h1997,0.4411964644145132,scr2002,avaStIn,bevFrtRoadLight
RO,h1998,0.45751109901302867,scr2002,avaStIn,bevFrtRoadLight
RO,h1999,0.48871757217710954,scr2002,avaStIn,bevFrtRoadLight
RO,h2000,0.5314509691002262,scr2002,avaStIn,bevFrtRoadLight
RO,h2001,0.5711878747561929,scr2002,avaStIn,bevFrtRoadLight
RO,h2002,0.5980939691710526,scr2002,avaStIn,bevFrtRoadLight
RO,h2003,0.608394034195855,scr2002,avaStIn,bevFrtRoadLight
RO,h2004,0.6010568773540479,scr2002,avaStIn,bevFrtRoadLight
RO,h2005,0.5764247164288175,scr2002,avaStIn,bevFrtRoadLight
RO,h2006,0.5401459054358786,scr2002,avaStIn,bevFrtRoadLight
RO,h2007,0.4982672792884357,scr2002,avaStIn,bevFrtRoadLight
RO,h2008,0.4574139907405833,scr2002,avaStIn,bevFrtRoadLight
RO,h2009,0.42470386872332366,scr2002,avaStIn,bevFrtRoadLight
RO,h2010,0.4070105681582177,scr2002,avaStIn,bevFrtRoadLight
RO,h2011,0.3993554704479094,scr2002,avaStIn,bevFrtRoadLight
RO,h2012,0.3942528360151184,scr2002,avaStIn,bevFrtRoadLight
RO,h2013,0.3809841238928826,scr2002,avaStIn,bevFrtRoadLight
RO,h2014,0.3497784944040866,scr2002,avaStIn,bevFrtRoadLight
RO,h2015,0.3123069662403203,scr2002,avaStIn,bevFrtRoadLight
RO,h2016,0.2821792829284123,scr2002,avaStIn,bevFrtRoadLight
RO,h2017,0.3072840894621327,scr2002,avaStIn,bevFrtRoadLight
RO,h2018,0.33666905394072466,scr2002,avaStIn,bevFrtRoadLight
RO,h2019,0.36655496485550265,scr2002,avaStIn,bevFrtRoadLight
RO,h2020,0.3745731212047183,scr2002,avaStIn,bevFrtRoadLight
RO,h2021,0.4026088526762964,scr2002,avaStIn,bevFrtRoadLight
RO,h2022,0.44640061438376677,scr2002,avaStIn,bevFrtRoadLight
RO,h2023,0.4973037920546317,scr2002,avaStIn,bevFrtRoadLight
RO,h2024,0.5420216950586382,scr2002,avaStIn,bevFrtRoadLight
RO,h2025,0.5736954068525849,scr2002,avaStIn,bevFrtRoadLight
RO,h2026,0.5880342997851788,scr2002,avaStIn,bevFrtRoadLight
RO,h2027,0.5918947845476326,scr2002,avaStIn,bevFrtRoadLight
RO,h2028,0.5837522950091351,scr2002,avaStIn,bevFrtRoadLight
RO,h2029,0.566630011228302,scr2002,avaStIn,bevFrtRoadLight
RO,h2030,0.5326460205473856,scr2002,avaStIn,bevFrtRoadLight
RO,h2031,0.48334141219508586,scr2002,avaStIn,bevFrtRoadLight
RO,h2032,0.4237800531764452,scr2002,avaStIn,bevFrtRoadLight
RO,h2033,0.3668064382544399,scr2002,avaStIn,bevFrtRoadLight
RO,h2034,0.33858624085132816,scr2002,avaStIn,bevFrtRoadLight
RO,h2035,0.33981235579051505,scr2002,avaStIn,bevFrtRoadLight
RO,h2036,0.3644150552627201,scr2002,avaStIn,bevFrtRoadLight
RO,h2037,0.39407002810213865,scr2002,avaStIn,bevFrtRoadLight
RO,h2038,0.4100441996396512,scr2002,avaStIn,bevFrtRoadLight
RO,h2039,0.41244752514225314,scr2002,avaStIn,bevFrtRoadLight
RO,h2040,0.3977671810575979,scr2002,avaStIn,bevFrtRoadLight
RO,h2041,0.3840802424090224,scr2002,avaStIn,bevFrtRoadLight
RO,h2042,0.37136048642151265,scr2002,avaStIn,bevFrtRoadLight
RO,h2043,0.36655496485550265,scr2002,avaStIn,bevFrtRoadLight
RO,h2044,0.3745731212047183,scr2002,avaStIn,bevFrtRoadLight
RO,h2045,0.4026088526762964,scr2002,avaStIn,bevFrtRoadLight
RO,h2046,0.44640061438376677,scr2002,avaStIn,bevFrtRoadLight
RO,h2047,0.4973037920546317,scr2002,avaStIn,bevFrtRoadLight
RO,h2048,0.5420216950586382,scr2002,avaStIn,bevFrtRoadLight
RO,h2049,0.5736954068525849,scr2002,avaStIn,bevFrtRoadLight
RO,h2050,0.5880342997851788,scr2002,avaStIn,bevFrtRoadLight
RO,h2051,0.5918947845476326,scr2002,avaStIn,bevFrtRoadLight
RO,h2052,0.5837522950091351,scr2002,avaStIn,bevFrtRoadLight
RO,h2053,0.566630011228302,scr2002,avaStIn,bevFrtRoadLight
RO,h2054,0.5326460205473856,scr2002,avaStIn,bevFrtRoadLight
RO,h2055,0.48334141219508586,scr2002,avaStIn,bevFrtRoadLight
RO,h2056,0.4237800531764452,scr2002,avaStIn,bevFrtRoadLight
RO,h2057,0.3668064382544399,scr2002,avaStIn,bevFrtRoadLight
RO,h2058,0.33858624085132816,scr2002,avaStIn,bevFrtRoadLight
RO,h2059,0.33981235579051505,scr2002,avaStIn,bevFrtRoadLight
RO,h2060,0.3644150552627201,scr2002,avaStIn,bevFrtRoadLight
RO,h2061,0.39407002810213865,scr2002,avaStIn,bevFrtRoadLight
RO,h2062,0.4100441996396512,scr2002,avaStIn,bevFrtRoadLight
RO,h2063,0.41244752514225314,scr2002,avaStIn,bevFrtRoadLight
RO,h2064,0.3977671810575979,scr2002,avaStIn,bevFrtRoadLight
RO,h2065,0.3840802424090224,scr2002,avaStIn,bevFrtRoadLight
RO,h2066,0.37136048642151265,scr2002,avaStIn,bevFrtRoadLight
RO,h2067,0.36655496485550265,scr2002,avaStIn,bevFrtRoadLight
RO,h2068,0.3745731212047183,scr2002,avaStIn,bevFrtRoadLight
RO,h2069,0.4026088526762964,scr2002,avaStIn,bevFrtRoadLight
RO,h2070,0.44640061438376677,scr2002,avaStIn,bevFrtRoadLight
RO,h2071,0.4973037920546317,scr2002,avaStIn,bevFrtRoadLight
RO,h2072,0.5420216950586382,scr2002,avaStIn,bevFrtRoadLight
RO,h2073,0.5736954068525849,scr2002,avaStIn,bevFrtRoadLight
RO,h2074,0.5880342997851788,scr2002,avaStIn,bevFrtRoadLight
RO,h2075,0.5918947845476326,scr2002,avaStIn,bevFrtRoadLight
RO,h2076,0.5837522950091351,scr2002,avaStIn,bevFrtRoadLight
RO,h2077,0.566630011228302,scr2002,avaStIn,bevFrtRoadLight
RO,h2078,0.5326460205473856,scr2002,avaStIn,bevFrtRoadLight
RO,h2079,0.48334141219508586,scr2002,avaStIn,bevFrtRoadLight
RO,h2080,0.4237800531764452,scr2002,avaStIn,bevFrtRoadLight
RO,h2081,0.3668064382544399,scr2002,avaStIn,bevFrtRoadLight
RO,h2082,0.33858624085132816,scr2002,avaStIn,bevFrtRoadLight
RO,h2083,0.33981235579051505,scr2002,avaStIn,bevFrtRoadLight
RO,h2084,0.3644150552627201,scr2002,avaStIn,bevFrtRoadLight
RO,h2085,0.39407002810213865,scr2002,avaStIn,bevFrtRoadLight
RO,h2086,0.4100441996396512,scr2002,avaStIn,bevFrtRoadLight
RO,h2087,0.41244752514225314,scr2002,avaStIn,bevFrtRoadLight
RO,h2088,0.3977671810575979,scr2002,avaStIn,bevFrtRoadLight
RO,h2089,0.3840802424090224,scr2002,avaStIn,bevFrtRoadLight
RO,h2090,0.37136048642151265,scr2002,avaStIn,bevFrtRoadLight
RO,h2091,0.36655496485550265,scr2002,avaStIn,bevFrtRoadLight
RO,h2092,0.3745731212047183,scr2002,avaStIn,bevFrtRoadLight
RO,h2093,0.4026088526762964,scr2002,avaStIn,bevFrtRoadLight
RO,h2094,0.44640061438376677,scr2002,avaStIn,bevFrtRoadLight
RO,h2095,0.4973037920546317,scr2002,avaStIn,bevFrtRoadLight
RO,h2096,0.5420216950586382,scr2002,avaStIn,bevFrtRoadLight
RO,h2097,0.5736954068525849,scr2002,avaStIn,bevFrtRoadLight
RO,h2098,0.5880342997851788,scr2002,avaStIn,bevFrtRoadLight
RO,h2099,0.5918947845476326,scr2002,avaStIn,bevFrtRoadLight
RO,h2100,0.5837522950091351,scr2002,avaStIn,bevFrtRoadLight
RO,h2101,0.566630011228302,scr2002,avaStIn,bevFrtRoadLight
RO,h2102,0.5326460205473856,scr2002,avaStIn,bevFrtRoadLight
RO,h2103,0.48334141219508586,scr2002,avaStIn,bevFrtRoadLight
RO,h2104,0.4237800531764452,scr2002,avaStIn,bevFrtRoadLight
RO,h2105,0.3668064382544399,scr2002,avaStIn,bevFrtRoadLight
RO,h2106,0.33858624085132816,scr2002,avaStIn,bevFrtRoadLight
RO,h2107,0.33981235579051505,scr2002,avaStIn,bevFrtRoadLight
RO,h2108,0.3644150552627201,scr2002,avaStIn,bevFrtRoadLight
RO,h2109,0.39407002810213865,scr2002,avaStIn,bevFrtRoadLight
RO,h2110,0.4100441996396512,scr2002,avaStIn,bevFrtRoadLight
RO,h2111,0.41244752514225314,scr2002,avaStIn,bevFrtRoadLight
RO,h2112,0.3977671810575979,scr2002,avaStIn,bevFrtRoadLight
RO,h2113,0.4215422859318668,scr2002,avaStIn,bevFrtRoadLight
RO,h2114,0.44561523253946533,scr2002,avaStIn,bevFrtRoadLight
RO,h2115,0.46890884939949806,scr2002,avaStIn,bevFrtRoadLight
RO,h2116,0.4606801828577375,scr2002,avaStIn,bevFrtRoadLight
RO,h2117,0.4598809008191356,scr2002,avaStIn,bevFrtRoadLight
RO,h2118,0.47373682010553864,scr2002,avaStIn,bevFrtRoadLight
RO,h2119,0.49837466067849223,scr2002,avaStIn,bevFrtRoadLight
RO,h2120,0.5249322712656334,scr2002,avaStIn,bevFrtRoadLight
RO,h2121,0.5295524702973696,scr2002,avaStIn,bevFrtRoadLight
RO,h2122,0.5237384833973733,scr2002,avaStIn,bevFrtRoadLight
RO,h2123,0.517462220076728,scr2002,avaStIn,bevFrtRoadLight
RO,h2124,0.5202231448594441,scr2002,avaStIn,bevFrtRoadLight
RO,h2125,0.5168074572603817,scr2002,avaStIn,bevFrtRoadLight
RO,h2126,0.4881087918461403,scr2002,avaStIn,bevFrtRoadLight
RO,h2127,0.4401501060096197,scr2002,avaStIn,bevFrtRoadLight
RO,h2128,0.3751810028677981,scr2002,avaStIn,bevFrtRoadLight
RO,h2129,0.3184738733356699,scr2002,avaStIn,bevFrtRoadLight
RO,h2130,0.2885496316681868,scr2002,avaStIn,bevFrtRoadLight
RO,h2131,0.2950430145218158,scr2002,avaStIn,bevFrtRoadLight
RO,h2132,0.3362350273761402,scr2002,avaStIn,bevFrtRoadLight
RO,h2133,0.3905257678468871,scr2002,avaStIn,bevFrtRoadLight
RO,h2134,0.4405757953478313,scr2002,avaStIn,bevFrtRoadLight
RO,h2135,0.4738121072088959,scr2002,avaStIn,bevFrtRoadLight
RO,h2136,0.4995552626921461,scr2002,avaStIn,bevFrtRoadLight
RO,h2137,0.5006979269249346,scr2002,avaStIn,bevFrtRoadLight
RO,h2138,0.49234384959123256,scr2002,avaStIn,bevFrtRoadLight
RO,h2139,0.46890884939949806,scr2002,avaStIn,bevFrtRoadLight
RO,h2140,0.4606801828577375,scr2002,avaStIn,bevFrtRoadLight
RO,h2141,0.4598809008191356,scr2002,avaStIn,bevFrtRoadLight
RO,h2142,0.47373682010553864,scr2002,avaStIn,bevFrtRoadLight
RO,h2143,0.49837466067849223,scr2002,avaStIn,bevFrtRoadLight
RO,h2144,0.5249322712656334,scr2002,avaStIn,bevFrtRoadLight
RO,h2145,0.5295524702973696,scr2002,avaStIn,bevFrtRoadLight
RO,h2146,0.5237384833973733,scr2002,avaStIn,bevFrtRoadLight
RO,h2147,0.517462220076728,scr2002,avaStIn,bevFrtRoadLight
RO,h2148,0.5202231448594441,scr2002,avaStIn,bevFrtRoadLight
RO,h2149,0.5168074572603817,scr2002,avaStIn,bevFrtRoadLight
RO,h2150,0.4881087918461403,scr2002,avaStIn,bevFrtRoadLight
RO,h2151,0.4401501060096197,scr2002,avaStIn,bevFrtRoadLight
RO,h2152,0.3751810028677981,scr2002,avaStIn,bevFrtRoadLight
RO,h2153,0.3184738733356699,scr2002,avaStIn,bevFrtRoadLight
RO,h2154,0.2885496316681868,scr2002,avaStIn,bevFrtRoadLight
RO,h2155,0.2950430145218158,scr2002,avaStIn,bevFrtRoadLight
RO,h2156,0.3362350273761402,scr2002,avaStIn,bevFrtRoadLight
RO,h2157,0.3905257678468871,scr2002,avaStIn,bevFrtRoadLight
RO,h2158,0.4405757953478313,scr2002,avaStIn,bevFrtRoadLight
RO,h2159,0.4738121072088959,scr2002,avaStIn,bevFrtRoadLight
RO,h2160,0.4995552626921461,scr2002,avaStIn,bevFrtRoadLight
PT,h1441,0.3714353995574986,scr2002,avaStIn,bevFrtRoadLight
PT,h1442,0.3846086524108919,scr2002,avaStIn,bevFrtRoadLight
PT,h1443,0.42374952391826404,scr2002,avaStIn,bevFrtRoadLight
PT,h1444,0.4709102315761218,scr2002,avaStIn,bevFrtRoadLight
PT,h1445,0.5000591446961408,scr2002,avaStIn,bevFrtRoadLight
PT,h1446,0.495233345157142,scr2002,avaStIn,bevFrtRoadLight
PT,h1447,0.5008043596015219,scr2002,avaStIn,bevFrtRoadLight
PT,h1448,0.5021789974738545,scr2002,avaStIn,bevFrtRoadLight
PT,h1449,0.5231874460949842,scr2002,avaStIn,bevFrtRoadLight
PT,h1450,0.5308529822226913,scr2002,avaStIn,bevFrtRoadLight
PT,h1451,0.536356959269228,scr2002,avaStIn,bevFrtRoadLight
PT,h1452,0.5373881561276749,scr2002,avaStIn,bevFrtRoadLight
PT,h1453,0.5288075990651915,scr2002,avaStIn,bevFrtRoadLight
PT,h1454,0.5095709286669997,scr2002,avaStIn,bevFrtRoadLight
PT,h1455,0.473753550931062,scr2002,avaStIn,bevFrtRoadLight
PT,h1456,0.4304466538396563,scr2002,avaStIn,bevFrtRoadLight
PT,h1457,0.3826879992214788,scr2002,avaStIn,bevFrtRoadLight
PT,h1458,0.35009603390058996,scr2002,avaStIn,bevFrtRoadLight
PT,h1459,0.3349394292024723,scr2002,avaStIn,bevFrtRoadLight
PT,h1460,0.34869160218954365,scr2002,avaStIn,bevFrtRoadLight
PT,h1461,0.36780057797615695,scr2002,avaStIn,bevFrtRoadLight
PT,h1462,0.38682791024436847,scr2002,avaStIn,bevFrtRoadLight
PT,h1463,0.3912979680884232,scr2002,avaStIn,bevFrtRoadLight
PT,h1464,0.3985938980480803,scr2002,avaStIn,bevFrtRoadLight
PT,h1465,0.38540755881640665,scr2002,avaStIn,bevFrtRoadLight
PT,h1466,0.39834418280524153,scr2002,avaStIn,bevFrtRoadLight
PT,h1467,0.42374952391826404,scr2002,avaStIn,bevFrtRoadLight
PT,h1468,0.4709102315761218,scr2002,avaStIn,bevFrtRoadLight
PT,h1469,0.5000591446961408,scr2002,avaStIn,bevFrtRoadLight
PT,h1470,0.495233345157142,scr2002,avaStIn,bevFrtRoadLight
PT,h1471,0.5008043596015219,scr2002,avaStIn,bevFrtRoadLight
PT,h1472,0.5021789974738545,scr2002,avaStIn,bevFrtRoadLight
PT,h1473,0.5231874460949842,scr2002,avaStIn,bevFrtRoadLight
PT,h1474,0.5308529822226913,scr2002,avaStIn,bevFrtRoadLight
PT,h1475,0.536356959269228,scr2002,avaStIn,bevFrtRoadLight
PT,h1476,0.5373881561276749,scr2002,avaStIn,bevFrtRoadLight
PT,h1477,0.5288075990651915,scr2002,avaStIn,bevFrtRoadLight
PT,h1478,0.5095709286669997,scr2002,avaStIn,bevFrtRoadLight
PT,h1479,0.473753550931062,scr2002,avaStIn,bevFrtRoadLight
PT,h1480,0.4304466538396563,scr2002,avaStIn,bevFrtRoadLight
PT,h1481,0.3826879992214788,scr2002,avaStIn,bevFrtRoadLight
PT,h1482,0.35009603390058996,scr2002,avaStIn,bevFrtRoadLight
PT,h1483,0.3349394292024723,scr2002,avaStIn,bevFrtRoadLight
PT,h1484,0.34869160218954365,scr2002,avaStIn,bevFrtRoadLight
PT,h1485,0.36780057797615695,scr2002,avaStIn,bevFrtRoadLight
PT,h1486,0.38682791024436847,scr2002,avaStIn,bevFrtRoadLight
PT,h1487,0.3912979680884232,scr2002,avaStIn,bevFrtRoadLight
PT,h1488,0.3985938980480803,scr2002,avaStIn,bevFrtRoadLight
PT,h1489,0.4174388969205469,scr2002,avaStIn,bevFrtRoadLight
PT,h1490,0.4439543832070485,scr2002,avaStIn,bevFrtRoadLight
PT,h1491,0.464238846132911,scr2002,avaStIn,bevFrtRoadLight
PT,h1492,0.4692993118565085,scr2002,avaStIn,bevFrtRoadLight
PT,h1493,0.4647572130501477,scr2002,avaStIn,bevFrtRoadLight
PT,h1494,0.4606421333392813,scr2002,avaStIn,bevFrtRoadLight
PT,h1495,0.4606294501381404,scr2002,avaStIn,bevFrtRoadLight
PT,h1496,0.4771202000278558,scr2002,avaStIn,bevFrtRoadLight
PT,h1497,0.4942956004519071,scr2002,avaStIn,bevFrtRoadLight
PT,h1498,0.5099123823053463,scr2002,avaStIn,bevFrtRoadLight
PT,h1499,0.5161038254350148,scr2002,avaStIn,bevFrtRoadLight
PT,h1500,0.5219276355822776,scr2002,avaStIn,bevFrtRoadLight
PT,h1501,0.5234247828552905,scr2002,avaStIn,bevFrtRoadLight
PT,h1502,0.515666896351518,scr2002,avaStIn,bevFrtRoadLight
PT,h1503,0.4904757420921084,scr2002,avaStIn,bevFrtRoadLight
PT,h1504,0.4511048686615209,scr2002,avaStIn,bevFrtRoadLight
PT,h1505,0.401719554609377,scr2002,avaStIn,bevFrtRoadLight
PT,h1506,0.362910361244157,scr2002,avaStIn,bevFrtRoadLight
PT,h1507,0.3472619056461236,scr2002,avaStIn,bevFrtRoadLight
PT,h1508,0.35727079588328314,scr2002,avaStIn,bevFrtRoadLight
PT,h1509,0.378468834507535,scr2002,avaStIn,bevFrtRoadLight
PT,h1510,0.39319028121074384,scr2002,avaStIn,bevFrtRoadLight
PT,h1511,0.3959422870730802,scr2002,avaStIn,bevFrtRoadLight
PT,h1512,0.3854887711962275,scr2002,avaStIn,bevFrtRoadLight
PT,h1513,0.42769853598926943,scr2002,avaStIn,bevFrtRoadLight
PT,h1514,0.46444116177482064,scr2002,avaStIn,bevFrtRoadLight
PT,h1515,0.5002557267591349,scr2002,avaStIn,bevFrtRoadLight
PT,h1516,0.4779833592811431,scr2002,avaStIn,bevFrtRoadLight
PT,h1517,0.45518876455881485,scr2002,avaStIn,bevFrtRoadLight
PT,h1518,0.43596244051473665,scr2002,avaStIn,bevFrtRoadLight
PT,h1519,0.4287672948543091,scr2002,avaStIn,bevFrtRoadLight
PT,h1520,0.4310449118345231,scr2002,avaStIn,bevFrtRoadLight
PT,h1521,0.43651906754470926,scr2002,avaStIn,bevFrtRoadLight
PT,h1522,0.42784196327677315,scr2002,avaStIn,bevFrtRoadLight
PT,h1523,0.40165285769436365,scr2002,avaStIn,bevFrtRoadLight
PT,h1524,0.3554492048303812,scr2002,avaStIn,bevFrtRoadLight
PT,h1525,0.30743387757687923,scr2002,avaStIn,bevFrtRoadLight
PT,h1526,0.278936309503648,scr2002,avaStIn,bevFrtRoadLight
PT,h1527,0.28525649117608465,scr2002,avaStIn,bevFrtRoadLight
PT,h1528,0.33100477113297455,scr2002,avaStIn,bevFrtRoadLight
PT,h1529,0.3951643597987161,scr2002,avaStIn,bevFrtRoadLight
PT,h1530,0.46644985491696445,scr2002,avaStIn,bevFrtRoadLight
PT,h1531,0.5302489042156142,scr2002,avaStIn,bevFrtRoadLight
PT,h1532,0.5770673902258092,scr2002,avaStIn,bevFrtRoadLight
PT,h1533,0.5986769755958498,scr2002,avaStIn,bevFrtRoadLight
PT,h1534,0.6016883948095747,scr2002,avaStIn,bevFrtRoadLight
PT,h1535,0.5924055260109063,scr2002,avaStIn,bevFrtRoadLight
PT,h1536,0.5774847836798132,scr2002,avaStIn,bevFrtRoadLight
PT,h1537,0.5517773619954187,scr2002,avaStIn,bevFrtRoadLight
PT,h1538,0.5248358437172166,scr2002,avaStIn,bevFrtRoadLight
PT,h1539,0.5002557267591349,scr2002,avaStIn,bevFrtRoadLight
PT,h1540,0.4779833592811431,scr2002,avaStIn,bevFrtRoadLight
PT,h1541,0.45518876455881485,scr2002,avaStIn,bevFrtRoadLight
PT,h1542,0.43596244051473665,scr2002,avaStIn,bevFrtRoadLight
PT,h1543,0.4287672948543091,scr2002,avaStIn,bevFrtRoadLight
PT,h1544,0.4310449118345231,scr2002,avaStIn,bevFrtRoadLight
PT,h1545,0.43651906754470926,scr2002,avaStIn,bevFrtRoadLight
PT,h1546,0.42784196327677315,scr2002,avaStIn,bevFrtRoadLight
PT,h1547,0.40165285769436365,scr2002,avaStIn,bevFrtRoadLight
PT,h1548,0.3554492048303812,scr2002,avaStIn,bevFrtRoadLight
PT,h1549,0.30743387757687923,scr2002,avaStIn,bevFrtRoadLight
PT,h1550,0.278936309503648,scr2002,avaStIn,bevFrtRoadLight
PT,h1551,0.28525649117608465,scr2002,avaStIn,bevFrtRoadLight
PT,h1552,0.33100477113297455,scr2002,avaStIn,bevFrtRoadLight
PT,h1553,0.3951643597987161,scr2002,avaStIn,bevFrtRoadLight
PT,h1554,0.46644985491696445,scr2002,avaStIn,bevFrtRoadLight
PT,h1555,0.5302489042156142,scr2002,avaStIn,bevFrtRoadLight
PT,h1556,0.5770673902258092,scr2002,avaStIn,bevFrtRoadLight
PT,h1557,0.5986769755958498,scr2002,avaStIn,bevFrtRoadLight
PT,h1558,0.6016883948095747,scr2002,avaStIn,bevFrtRoadLight
PT,h1559,0.5924055260109063,scr2002,avaStIn,bevFrtRoadLight
PT,h1560,0.5774847836798132,scr2002,avaStIn,bevFrtRoadLight
PT,h1561,0.5517773619954187,scr2002,avaStIn,bevFrtRoadLight
PT,h1562,0.5248358437172166,scr2002,avaStIn,bevFrtRoadLight
PT,h1563,0.5002557267591349,scr2002,avaStIn,bevFrtRoadLight
PT,h1564,0.4779833592811431,scr2002,avaStIn,bevFrtRoadLight
PT,h1565,0.45518876455881485,scr2002,avaStIn,bevFrtRoadLight
PT,h1566,0.43596244051473665,scr2002,avaStIn,bevFrtRoadLight
PT,h1567,0.4287672948543091,scr2002,avaStIn,bevFrtRoadLight
PT,h1568,0.4310449118345231,scr2002,avaStIn,bevFrtRoadLight
PT,h1569,0.43651906754470926,scr2002,avaStIn,bevFrtRoadLight
PT,h1570,0.42784196327677315,scr2002,avaStIn,bevFrtRoadLight
PT,h1571,0.40165285769436365,scr2002,avaStIn,bevFrtRoadLight
PT,h1572,0.3554492048303812,scr2002,avaStIn,bevFrtRoadLight
PT,h1573,0.30743387757687923,scr2002,avaStIn,bevFrtRoadLight
PT,h1574,0.278936309503648,scr2002,avaStIn,bevFrtRoadLight
PT,h1575,0.28525649117608465,scr2002,avaStIn,bevFrtRoadLight
PT,h1576,0.33100477113297455,scr2002,avaStIn,bevFrtRoadLight
PT,h1577,0.3951643597987161,scr2002,avaStIn,bevFrtRoadLight
PT,h1578,0.46644985491696445,scr2002,avaStIn,bevFrtRoadLight
PT,h1579,0.5302489042156142,scr2002,avaStIn,bevFrtRoadLight
PT,h1580,0.5770673902258092,scr2002,avaStIn,bevFrtRoadLight
PT,h1581,0.5986769755958498,scr2002,avaStIn,bevFrtRoadLight
PT,h1582,0.6016883948095747,scr2002,avaStIn,bevFrtRoadLight
PT,h1583,0.5924055260109063,scr2002,avaStIn,bevFrtRoadLight
PT,h1584,0.5774847836798132,scr2002,avaStIn,bevFrtRoadLight
PT,h1585,0.5517773619954187,scr2002,avaStIn,bevFrtRoadLight
PT,h1586,0.5248358437172166,scr2002,avaStIn,bevFrtRoadLight
PT,h1587,0.5002557267591349,scr2002,avaStIn,bevFrtRoadLight
PT,h1588,0.4779833592811431,scr2002,avaStIn,bevFrtRoadLight
PT,h1589,0.45518876455881485,scr2002,avaStIn,bevFrtRoadLight
PT,h1590,0.43596244051473665,scr2002,avaStIn,bevFrtRoadLight
PT,h1591,0.4287672948543091,scr2002,avaStIn,bevFrtRoadLight
PT,h1592,0.4310449118345231,scr2002,avaStIn,bevFrtRoadLight
PT,h1593,0.43651906754470926,scr2002,avaStIn,bevFrtRoadLight
PT,h1594,0.42784196327677315,scr2002,avaStIn,bevFrtRoadLight
PT,h1595,0.40165285769436365,scr2002,avaStIn,bevFrtRoadLight
PT,h1596,0.3554492048303812,scr2002,avaStIn,bevFrtRoadLight
PT,h1597,0.30743387757687923,scr2002,avaStIn,bevFrtRoadLight
PT,h1598,0.278936309503648,scr2002,avaStIn,bevFrtRoadLight
PT,h1599,0.28525649117608465,scr2002,avaStIn,bevFrtRoadLight
PT,h1600,0.33100477113297455,scr2002,avaStIn,bevFrtRoadLight
PT,h1601,0.3951643597987161,scr2002,avaStIn,bevFrtRoadLight
PT,h1602,0.46644985491696445,scr2002,avaStIn,bevFrtRoadLight
PT,h1603,0.5302489042156142,scr2002,avaStIn,bevFrtRoadLight
PT,h1604,0.5770673902258092,scr2002,avaStIn,bevFrtRoadLight
PT,h1605,0.5986769755958498,scr2002,avaStIn,bevFrtRoadLight
PT,h1606,0.6016883948095747,scr2002,avaStIn,bevFrtRoadLight
PT,h1607,0.5924055260109063,scr2002,avaStIn,bevFrtRoadLight
PT,h1608,0.5774847836798132,scr2002,avaStIn,bevFrtRoadLight
PT,h1609,0.5399833096273894,scr2002,avaStIn,bevFrtRoadLight
PT,h1610,0.5020113380135911,scr2002,avaStIn,bevFrtRoadLight
PT,h1611,0.4635722307063156,scr2002,avaStIn,bevFrtRoadLight
PT,h1612,0.4380348659574729,scr2002,avaStIn,bevFrtRoadLight
PT,h1613,0.40762124803256283,scr2002,avaStIn,bevFrtRoadLight
PT,h1614,0.37888830724468336,scr2002,avaStIn,bevFrtRoadLight
PT,h1615,0.36958381422293585,scr2002,avaStIn,bevFrtRoadLight
PT,h1616,0.37840208488783933,scr2002,avaStIn,bevFrtRoadLight
PT,h1617,0.40312593459237533,scr2002,avaStIn,bevFrtRoadLight
PT,h1618,0.41362439373824145,scr2002,avaStIn,bevFrtRoadLight
PT,h1619,0.4028461315685412,scr2002,avaStIn,bevFrtRoadLight
PT,h1620,0.3603437041144123,scr2002,avaStIn,bevFrtRoadLight
PT,h1621,0.300735364069155,scr2002,avaStIn,bevFrtRoadLight
PT,h1622,0.24177370465061954,scr2002,avaStIn,bevFrtRoadLight
PT,h1623,0.21970614560615676,scr2002,avaStIn,bevFrtRoadLight
PT,h1624,0.25508395733229006,scr2002,avaStIn,bevFrtRoadLight
PT,h1625,0.34767139096765254,scr2002,avaStIn,bevFrtRoadLight
PT,h1626,0.45228041046836875,scr2002,avaStIn,bevFrtRoadLight
PT,h1627,0.5341134302691986,scr2002,avaStIn,bevFrtRoadLight
PT,h1628,0.5851656457268322,scr2002,avaStIn,bevFrtRoadLight
PT,h1629,0.6079565962864942,scr2002,avaStIn,bevFrtRoadLight
PT,h1630,0.6088378322847627,scr2002,avaStIn,bevFrtRoadLight
PT,h1631,0.5862547005889717,scr2002,avaStIn,bevFrtRoadLight
PT,h1632,0.5503272305028044,scr2002,avaStIn,bevFrtRoadLight
PT,h1633,0.5157882800473498,scr2002,avaStIn,bevFrtRoadLight
PT,h1634,0.4876212160339364,scr2002,avaStIn,bevFrtRoadLight
PT,h1635,0.4635722307063156,scr2002,avaStIn,bevFrtRoadLight
PT,h1636,0.4380348659574729,scr2002,avaStIn,bevFrtRoadLight
PT,h1637,0.40762124803256283,scr2002,avaStIn,bevFrtRoadLight
PT,h1638,0.37888830724468336,scr2002,avaStIn,bevFrtRoadLight
PT,h1639,0.36958381422293585,scr2002,avaStIn,bevFrtRoadLight
PT,h1640,0.37840208488783933,scr2002,avaStIn,bevFrtRoadLight
PT,h1641,0.40312593459237533,scr2002,avaStIn,bevFrtRoadLight
PT,h1642,0.41362439373824145,scr2002,avaStIn,bevFrtRoadLight
PT,h1643,0.4028461315685412,scr2002,avaStIn,bevFrtRoadLight
PT,h1644,0.3603437041144123,scr2002,avaStIn,bevFrtRoadLight
PT,h1645,0.300735364069155,scr2002,avaStIn,bevFrtRoadLight
PT,h1646,0.24177370465061954,scr2002,avaStIn,bevFrtRoadLight
PT,h1647,0.21970614560615676,scr2002,avaStIn,bevFrtRoadLight
PT,h1648,0.25508395733229006,scr2002,avaStIn,bevFrtRoadLight
PT,h1649,0.34767139096765254,scr2002,avaStIn,bevFrtRoadLight
PT,h1650,0.45228041046836875,scr2002,avaStIn,bevFrtRoadLight
PT,h1651,0.5341134302691986,scr2002,avaStIn,bevFrtRoadLight
PT,h1652,0.5851656457268322,scr2002,avaStIn,bevFrtRoadLight
PT,h1653,0.6079565962864942,scr2002,avaStIn,bevFrtRoadLight
PT,h1654,0.6088378322847627,scr2002,avaStIn,bevFrtRoadLight
PT,h1655,0.5862547005889717,scr2002,avaStIn,bevFrtRoadLight
PT,h1656,0.5503272305028044,scr2002,avaStIn,bevFrtRoadLight
PT,h1657,0.5277989482493217,scr2002,avaStIn,bevFrtRoadLight
PT,h1658,0.5107010378978177,scr2002,avaStIn,bevFrtRoadLight
PT,h1659,0.5002557267591349,scr2002,avaStIn,bevFrtRoadLight
PT,h1660,0.4779833592811431,scr2002,avaStIn,bevFrtRoadLight
PT,h1661,0.45518876455881485,scr2002,avaStIn,bevFrtRoadLight
PT,h1662,0.43596244051473665,scr2002,avaStIn,bevFrtRoadLight
PT,h1663,0.4287672948543091,scr2002,avaStIn,bevFrtRoadLight
PT,h1664,0.4310449118345231,scr2002,avaStIn,bevFrtRoadLight
PT,h1665,0.43651906754470926,scr2002,avaStIn,bevFrtRoadLight
PT,h1666,0.42784196327677315,scr2002,avaStIn,bevFrtRoadLight
PT,h1667,0.40165285769436365,scr2002,avaStIn,bevFrtRoadLight
PT,h1668,0.3554492048303812,scr2002,avaStIn,bevFrtRoadLight
PT,h1669,0.30743387757687923,scr2002,avaStIn,bevFrtRoadLight
PT,h1670,0.278936309503648,scr2002,avaStIn,bevFrtRoadLight
PT,h1671,0.28525649117608465,scr2002,avaStIn,bevFrtRoadLight
PT,h1672,0.33100477113297455,scr2002,avaStIn,bevFrtRoadLight
PT,h1673,0.3951643597987161,scr2002,avaStIn,bevFrtRoadLight
PT,h1674,0.46644985491696445,scr2002,avaStIn,bevFrtRoadLight
PT,h1675,0.5302489042156142,scr2002,avaStIn,bevFrtRoadLight
PT,h1676,0.5770673902258092,scr2002,avaStIn,bevFrtRoadLight
PT,h1677,0.5986769755958498,scr2002,avaStIn,bevFrtRoadLight
PT,h1678,0.6016883948095747,scr2002,avaStIn,bevFrtRoadLight
PT,h1679,0.5924055260109063,scr2002,avaStIn,bevFrtRoadLight
PT,h1680,0.5774847836798132,scr2002,avaStIn,bevFrtRoadLight
PT,h1681,0.5517773619954187,scr2002,avaStIn,bevFrtRoadLight
PT,h1682,0.5248358437172166,scr2002,avaStIn,bevFrtRoadLight
PT,h1683,0.5002557267591349,scr2002,avaStIn,bevFrtRoadLight
PT,h1684,0.4779833592811431,scr2002,avaStIn,bevFrtRoadLight
PT,h1685,0.45518876455881485,scr2002,avaStIn,bevFrtRoadLight
PT,h1686,0.43596244051473665,scr2002,avaStIn,bevFrtRoadLight
PT,h1687,0.4287672948543091,scr2002,avaStIn,bevFrtRoadLight
PT,h1688,0.4310449118345231,scr2002,avaStIn,bevFrtRoadLight
PT,h1689,0.43651906754470926,scr2002,avaStIn,bevFrtRoadLight
PT,h1690,0.42784196327677315,scr2002,avaStIn,bevFrtRoadLight
PT,h1691,0.40165285769436365,scr2002,avaStIn,bevFrtRoadLight
PT,h1692,0.3554492048303812,scr2002,avaStIn,bevFrtRoadLight
PT,h1693,0.30743387757687923,scr2002,avaStIn,bevFrtRoadLight
PT,h1694,0.278936309503648,scr2002,avaStIn,bevFrtRoadLight
PT,h1695,0.28525649117608465,scr2002,avaStIn,bevFrtRoadLight
PT,h1696,0.33100477113297455,scr2002,avaStIn,bevFrtRoadLight
PT,h1697,0.3951643597987161,scr2002,avaStIn,bevFrtRoadLight
PT,h1698,0.46644985491696445,scr2002,avaStIn,bevFrtRoadLight
PT,h1699,0.5302489042156142,scr2002,avaStIn,bevFrtRoadLight
PT,h1700,0.5770673902258092,scr2002,avaStIn,bevFrtRoadLight
PT,h1701,0.5986769755958498,scr2002,avaStIn,bevFrtRoadLight
PT,h1702,0.6016883948095747,scr2002,avaStIn,bevFrtRoadLight
PT,h1703,0.5924055260109063,scr2002,avaStIn,bevFrtRoadLight
PT,h1704,0.5774847836798132,scr2002,avaStIn,bevFrtRoadLight
PT,h1705,0.509038057831711,scr2002,avaStIn,bevFrtRoadLight
PT,h1706,0.45316073221470254,scr2002,avaStIn,bevFrtRoadLight
PT,h1707,0.4106293035759673,scr2002,avaStIn,bevFrtRoadLight
PT,h1708,0.4302562346105031,scr2002,avaStIn,bevFrtRoadLight
PT,h1709,0.4411964644145132,scr2002,avaStIn,bevFrtRoadLight
PT,h1710,0.45751109901302867,scr2002,avaStIn,bevFrtRoadLight
PT,h1711,0.48871757217710954,scr2002,avaStIn,bevFrtRoadLight
PT,h1712,0.5314509691002262,scr2002,avaStIn,bevFrtRoadLight
PT,h1713,0.5711878747561929,scr2002,avaStIn,bevFrtRoadLight
PT,h1714,0.5980939691710526,scr2002,avaStIn,bevFrtRoadLight
PT,h1715,0.608394034195855,scr2002,avaStIn,bevFrtRoadLight
PT,h1716,0.6010568773540479,scr2002,avaStIn,bevFrtRoadLight
PT,h1717,0.5764247164288175,scr2002,avaStIn,bevFrtRoadLight
PT,h1718,0.5401459054358786,scr2002,avaStIn,bevFrtRoadLight
PT,h1719,0.4982672792884357,scr2002,avaStIn,bevFrtRoadLight
PT,h1720,0.4574139907405833,scr2002,avaStIn,bevFrtRoadLight
PT,h1721,0.42470386872332366,scr2002,avaStIn,bevFrtRoadLight
PT,h1722,0.4070105681582177,scr2002,avaStIn,bevFrtRoadLight
PT,h1723,0.3993554704479094,scr2002,avaStIn,bevFrtRoadLight
PT,h1724,0.3942528360151184,scr2002,avaStIn,bevFrtRoadLight
PT,h1725,0.3809841238928826,scr2002,avaStIn,bevFrtRoadLight
PT,h1726,0.3497784944040866,scr2002,avaStIn,bevFrtRoadLight
PT,h1727,0.3123069662403203,scr2002,avaStIn,bevFrtRoadLight
PT,h1728,0.2821792829284123,scr2002,avaStIn,bevFrtRoadLight
PT,h1729,0.3106843918239848,scr2002,avaStIn,bevFrtRoadLight
PT,h1730,0.35866299968064763,scr2002,avaStIn,bevFrtRoadLight
PT,h1731,0.4106293035759673,scr2002,avaStIn,bevFrtRoadLight
PT,h1732,0.4302562346105031,scr2002,avaStIn,bevFrtRoadLight
PT,h1733,0.4411964644145132,scr2002,avaStIn,bevFrtRoadLight
PT,h1734,0.45751109901302867,scr2002,avaStIn,bevFrtRoadLight
PT,h1735,0.48871757217710954,scr2002,avaStIn,bevFrtRoadLight
PT,h1736,0.5314509691002262,scr2002,avaStIn,bevFrtRoadLight
PT,h1737,0.5711878747561929,scr2002,avaStIn,bevFrtRoadLight
PT,h1738,0.5980939691710526,scr2002,avaStIn,bevFrtRoadLight
PT,h1739,0.608394034195855,scr2002,avaStIn,bevFrtRoadLight
PT,h1740,0.6010568773540479,scr2002,avaStIn,bevFrtRoadLight
PT,h1741,0.5764247164288175,scr2002,avaStIn,bevFrtRoadLight
PT,h1742,0.5401459054358786,scr2002,avaStIn,bevFrtRoadLight
PT,h1743,0.4982672792884357,scr2002,avaStIn,bevFrtRoadLight
PT,h1744,0.4574139907405833,scr2002,avaStIn,bevFrtRoadLight
PT,h1745,0.42470386872332366,scr2002,avaStIn,bevFrtRoadLight
PT,h1746,0.4070105681582177,scr2002,avaStIn,bevFrtRoadLight
PT,h1747,0.3993554704479094,scr2002,avaStIn,bevFrtRoadLight
PT,h1748,0.3942528360151184,scr2002,avaStIn,bevFrtRoadLight
PT,h1749,0.3809841238928826,scr2002,avaStIn,bevFrtRoadLight
PT,h1750,0.3497784944040866,scr2002,avaStIn,bevFrtRoadLight
PT,h1751,0.3123069662403203,scr2002,avaStIn,bevFrtRoadLight
PT,h1752,0.2821792829284123,scr2002,avaStIn,bevFrtRoadLight
PT,h1753,0.3106843918239848,scr2002,avaStIn,bevFrtRoadLight
PT,h1754,0.35866299968064763,scr2002,avaStIn,bevFrtRoadLight
PT,h1755,0.4106293035759673,scr2002,avaStIn,bevFrtRoadLight
PT,h1756,0.4302562346105031,scr2002,avaStIn,bevFrtRoadLight
PT,h1757,0.4411964644145132,scr2002,avaStIn,bevFrtRoadLight
PT,h1758,0.45751109901302867,scr2002,avaStIn,bevFrtRoadLight
PT,h1759,0.48871757217710954,scr2002,avaStIn,bevFrtRoadLight
PT,h1760,0.5314509691002262,scr2002,avaStIn,bevFrtRoadLight
PT,h1761,0.5711878747561929,scr2002,avaStIn,bevFrtRoadLight
PT,h1762,0.5980939691710526,scr2002,avaStIn,bevFrtRoadLight
PT,h1763,0.608394034195855,scr2002,avaStIn,bevFrtRoadLight
PT,h1764,0.6010568773540479,scr2002,avaStIn,bevFrtRoadLight
PT,h1765,0.5764247164288175,scr2002,avaStIn,bevFrtRoadLight
PT,h1766,0.5401459054358786,scr2002,avaStIn,bevFrtRoadLight
PT,h1767,0.4982672792884357,scr2002,avaStIn,bevFrtRoadLight
PT,h1768,0.4574139907405833,scr2002,avaStIn,bevFrtRoadLight
PT,h1769,0.42470386872332366,scr2002,avaStIn,bevFrtRoadLight
PT,h1770,0.4070105681582177,scr2002,avaStIn,bevFrtRoadLight
PT,h1771,0.3993554704479094,scr2002,avaStIn,bevFrtRoadLight
PT,h1772,0.3942528360151184,scr2002,avaStIn,bevFrtRoadLight
PT,h1773,0.3809841238928826,scr2002,avaStIn,bevFrtRoadLight
PT,h1774,0.3497784944040866,scr2002,avaStIn,bevFrtRoadLight
PT,h1775,0.3123069662403203,scr2002,avaStIn,bevFrtRoadLight
PT,h1776,0.2821792829284123,scr2002,avaStIn,bevFrtRoadLight
PT,h1777,0.230095162221032,scr2002,avaStIn,bevFrtRoadLight
PT,h1778,0.2300917975935889,scr2002,avaStIn,bevFrtRoadLight
PT,h1779,0.27148343409663167,scr2002,avaStIn,bevFrtRoadLight
PT,h1780,0.3790725700696759,scr2002,avaStIn,bevFrtRoadLight
PT,h1781,0.4623404992613247,scr2002,avaStIn,bevFrtRoadLight
PT,h1782,0.5259162274800008,scr2002,avaStIn,bevFrtRoadLight
PT,h1783,0.5772992909654577,scr2002,avaStIn,bevFrtRoadLight
PT,h1784,0.6171735770568829,scr2002,avaStIn,bevFrtRoadLight
PT,h1785,0.6409152522621753,scr2002,avaStIn,bevFrtRoadLight
PT,h1786,0.6489166669999998,scr2002,avaStIn,bevFrtRoadLight
PT,h1787,0.6400350534574337,scr2002,avaStIn,bevFrtRoadLight
PT,h1788,0.61588415769173,scr2002,avaStIn,bevFrtRoadLight
PT,h1789,0.5753501172674538,scr2002,avaStIn,bevFrtRoadLight
PT,h1790,0.5273486726990765,scr2002,avaStIn,bevFrtRoadLight
PT,h1791,0.47682400205808595,scr2002,avaStIn,bevFrtRoadLight
PT,h1792,0.4288063768750643,scr2002,avaStIn,bevFrtRoadLight
PT,h1793,0.39374570481652504,scr2002,avaStIn,bevFrtRoadLight
PT,h1794,0.3749031506247579,scr2002,avaStIn,bevFrtRoadLight
PT,h1795,0.37209330121313167,scr2002,avaStIn,bevFrtRoadLight
PT,h1796,0.36873105182903665,scr2002,avaStIn,bevFrtRoadLight
PT,h1797,0.3543630997986469,scr2002,avaStIn,bevFrtRoadLight
PT,h1798,0.3154781828948128,scr2002,avaStIn,bevFrtRoadLight
PT,h1799,0.27112993299959987,scr2002,avaStIn,bevFrtRoadLight
PT,h1800,0.2381911639591776,scr2002,avaStIn,bevFrtRoadLight
PT,h1801,0.20075744833264675,scr2002,avaStIn,bevFrtRoadLight
PT,h1802,0.21575624655576675,scr2002,avaStIn,bevFrtRoadLight
PT,h1803,0.27148343409663167,scr2002,avaStIn,bevFrtRoadLight
PT,h1804,0.3790725700696759,scr2002,avaStIn,bevFrtRoadLight
PT,h1805,0.4623404992613247,scr2002,avaStIn,bevFrtRoadLight
PT,h1806,0.5259162274800008,scr2002,avaStIn,bevFrtRoadLight
PT,h1807,0.5772992909654577,scr2002,avaStIn,bevFrtRoadLight
PT,h1808,0.6171735770568829,scr2002,avaStIn,bevFrtRoadLight
PT,h1809,0.6409152522621753,scr2002,avaStIn,bevFrtRoadLight
PT,h1810,0.6489166669999998,scr2002,avaStIn,bevFrtRoadLight
PT,h1811,0.6400350534574337,scr2002,avaStIn,bevFrtRoadLight
PT,h1812,0.61588415769173,scr2002,avaStIn,bevFrtRoadLight
PT,h1813,0.5753501172674538,scr2002,avaStIn,bevFrtRoadLight
PT,h1814,0.5273486726990765,scr2002,avaStIn,bevFrtRoadLight
PT,h1815,0.47682400205808595,scr2002,avaStIn,bevFrtRoadLight
PT,h1816,0.4288063768750643,scr2002,avaStIn,bevFrtRoadLight
PT,h1817,0.39374570481652504,scr2002,avaStIn,bevFrtRoadLight
PT,h1818,0.3749031506247579,scr2002,avaStIn,bevFrtRoadLight
PT,h1819,0.37209330121313167,scr2002,avaStIn,bevFrtRoadLight
PT,h1820,0.36873105182903665,scr2002,avaStIn,bevFrtRoadLight
PT,h1821,0.3543630997986469,scr2002,avaStIn,bevFrtRoadLight
PT,h1822,0.3154781828948128,scr2002,avaStIn,bevFrtRoadLight
PT,h1823,0.27112993299959987,scr2002,avaStIn,bevFrtRoadLight
PT,h1824,0.2381911639591776,scr2002,avaStIn,bevFrtRoadLight
PT,h1825,0.28388199759953203,scr2002,avaStIn,bevFrtRoadLight
PT,h1826,0.34615260530650627,scr2002,avaStIn,bevFrtRoadLight
PT,h1827,0.4106293035759673,scr2002,avaStIn,bevFrtRoadLight
PT,h1828,0.4302562346105031,scr2002,avaStIn,bevFrtRoadLight
PT,h1829,0.4411964644145132,scr2002,avaStIn,bevFrtRoadLight
PT,h1830,0.45751109901302867,scr2002,avaStIn,bevFrtRoadLight
PT,h1831,0.48871757217710954,scr2002,avaStIn,bevFrtRoadLight
PT,h1832,0.5314509691002262,scr2002,avaStIn,bevFrtRoadLight
PT,h1833,0.5711878747561929,scr2002,avaStIn,bevFrtRoadLight
PT,h1834,0.5980939691710526,scr2002,avaStIn,bevFrtRoadLight
PT,h1835,0.608394034195855,scr2002,avaStIn,bevFrtRoadLight
PT,h1836,0.6010568773540479,scr2002,avaStIn,bevFrtRoadLight
PT,h1837,0.5764247164288175,scr2002,avaStIn,bevFrtRoadLight
PT,h1838,0.5401459054358786,scr2002,avaStIn,bevFrtRoadLight
PT,h1839,0.4982672792884357,scr2002,avaStIn,bevFrtRoadLight
PT,h1840,0.4574139907405833,scr2002,avaStIn,bevFrtRoadLight
PT,h1841,0.42470386872332366,scr2002,avaStIn,bevFrtRoadLight
PT,h1842,0.4070105681582177,scr2002,avaStIn,bevFrtRoadLight
PT,h1843,0.3993554704479094,scr2002,avaStIn,bevFrtRoadLight
PT,h1844,0.3942528360151184,scr2002,avaStIn,bevFrtRoadLight
PT,h1845,0.3809841238928826,scr2002,avaStIn,bevFrtRoadLight
PT,h1846,0.3497784944040866,scr2002,avaStIn,bevFrtRoadLight
PT,h1847,0.3123069662403203,scr2002,avaStIn,bevFrtRoadLight
PT,h1848,0.2821792829284123,scr2002,avaStIn,bevFrtRoadLight
PT,h1849,0.3106843918239848,scr2002,avaStIn,bevFrtRoadLight
PT,h1850,0.35866299968064763,scr2002,avaStIn,bevFrtRoadLight
PT,h1851,0.4106293035759673,scr2002,avaStIn,bevFrtRoadLight
PT,h1852,0.4302562346105031,scr2002,avaStIn,bevFrtRoadLight
PT,h1853,0.4411964644145132,scr2002,avaStIn,bevFrtRoadLight
PT,h1854,0.45751109901302867,scr2002,avaStIn,bevFrtRoadLight
PT,h1855,0.48871757217710954,scr2002,avaStIn,bevFrtRoadLight
PT,h1856,0.5314509691002262,scr2002,avaStIn,bevFrtRoadLight
PT,h1857,0.5711878747561929,scr2002,avaStIn,bevFrtRoadLight
PT,h1858,0.5980939691710526,scr2002,avaStIn,bevFrtRoadLight
PT,h1859,0.608394034195855,scr2002,avaStIn,bevFrtRoadLight
PT,h1860,0.6010568773540479,scr2002,avaStIn,bevFrtRoadLight
PT,h1861,0.5764247164288175,scr2002,avaStIn,bevFrtRoadLight
PT,h1862,0.5401459054358786,scr2002,avaStIn,bevFrtRoadLight
PT,h1863,0.4982672792884357,scr2002,avaStIn,bevFrtRoadLight
PT,h1864,0.4574139907405833,scr2002,avaStIn,bevFrtRoadLight
PT,h1865,0.42470386872332366,scr2002,avaStIn,bevFrtRoadLight
PT,h1866,0.4070105681582177,scr2002,avaStIn,bevFrtRoadLight
PT,h1867,0.3993554704479094,scr2002,avaStIn,bevFrtRoadLight
PT,h1868,0.3942528360151184,scr2002,avaStIn,bevFrtRoadLight
PT,h1869,0.3809841238928826,scr2002,avaStIn,bevFrtRoadLight
PT,h1870,0.3497784944040866,scr2002,avaStIn,bevFrtRoadLight
PT,h1871,0.3123069662403203,scr2002,avaStIn,bevFrtRoadLight
PT,h1872,0.2821792829284123,scr2002,avaStIn,bevFrtRoadLight
PT,h1873,0.3106843918239848,scr2002,avaStIn,bevFrtRoadLight
PT,h1874,0.35866299968064763,scr2002,avaStIn,bevFrtRoadLight
PT,h1875,0.4106293035759673,scr2002,avaStIn,bevFrtRoadLight
PT,h1876,0.4302562346105031,scr2002,avaStIn,bevFrtRoadLight
PT,h1877,0.4411964644145132,scr2002,avaStIn,bevFrtRoadLight
PT,h1878,0.45751109901302867,scr2002,avaStIn,bevFrtRoadLight
PT,h1879,0.48871757217710954,scr2002,avaStIn,bevFrtRoadLight
PT,h1880,0.5314509691002262,scr2002,avaStIn,bevFrtRoadLight
PT,h1881,0.5711878747561929,scr2002,avaStIn,bevFrtRoadLight
PT,h1882,0.5980939691710526,scr2002,avaStIn,bevFrtRoadLight
PT,h1883,0.608394034195855,scr2002,avaStIn,bevFrtRoadLight
PT,h1884,0.6010568773540479,scr2002,avaStIn,bevFrtRoadLight
PT,h1885,0.5764247164288175,scr2002,avaStIn,bevFrtRoadLight
PT,h1886,0.5401459054358786,scr2002,avaStIn,bevFrtRoadLight
PT,h1887,0.4982672792884357,scr2002,avaStIn,bevFrtRoadLight
PT,h1888,0.4574139907405833,scr2002,avaStIn,bevFrtRoadLight
PT,h1889,0.42470386872332366,scr2002,avaStIn,bevFrtRoadLight
PT,h1890,0.4070105681582177,scr2002,avaStIn,bevFrtRoadLight
PT,h1891,0.3993554704479094,scr2002,avaStIn,bevFrtRoadLight
PT,h1892,0.3942528360151184,scr2002,avaStIn,bevFrtRoadLight
PT,h1893,0.3809841238928826,scr2002,avaStIn,bevFrtRoadLight
PT,h1894,0.3497784944040866,scr2002,avaStIn,bevFrtRoadLight
PT,h1895,0.3123069662403203,scr2002,avaStIn,bevFrtRoadLight
PT,h1896,0.2821792829284123,scr2002,avaStIn,bevFrtRoadLight
PT,h1897,0.3106843918239848,scr2002,avaStIn,bevFrtRoadLight
PT,h1898,0.35866299968064763,scr2002,avaStIn,bevFrtRoadLight
PT,h1899,0.4106293035759673,scr2002,avaStIn,bevFrtRoadLight
PT,h1900,0.4302562346105031,scr2002,avaStIn,bevFrtRoadLight
PT,h1901,0.4411964644145132,scr2002,avaStIn,bevFrtRoadLight
PT,h1902,0.45751109901302867,scr2002,avaStIn,bevFrtRoadLight
PT,h1903,0.48871757217710954,scr2002,avaStIn,bevFrtRoadLight
PT,h1904,0.5314509691002262,scr2002,avaStIn,bevFrtRoadLight
PT,h1905,0.5711878747561929,scr2002,avaStIn,bevFrtRoadLight
PT,h1906,0.5980939691710526,scr2002,avaStIn,bevFrtRoadLight
PT,h1907,0.608394034195855,scr2002,avaStIn,bevFrtRoadLight
PT,h1908,0.6010568773540479,scr2002,avaStIn,bevFrtRoadLight
PT,h1909,0.5764247164288175,scr2002,avaStIn,bevFrtRoadLight
PT,h1910,0.5401459054358786,scr2002,avaStIn,bevFrtRoadLight
PT,h1911,0.4982672792884357,scr2002,avaStIn,bevFrtRoadLight
PT,h1912,0.4574139907405833,scr2002,avaStIn,bevFrtRoadLight
PT,h1913,0.42470386872332366,scr2002,avaStIn,bevFrtRoadLight
PT,h1914,0.4070105681582177,scr2002,avaStIn,bevFrtRoadLight
PT,h1915,0.3993554704479094,scr2002,avaStIn,bevFrtRoadLight
PT,h1916,0.3942528360151184,scr2002,avaStIn,bevFrtRoadLight
PT,h1917,0.3809841238928826,scr2002,avaStIn,bevFrtRoadLight
PT,h1918,0.3497784944040866,scr2002,avaStIn,bevFrtRoadLight
PT,h1919,0.3123069662403203,scr2002,avaStIn,bevFrtRoadLight
PT,h1920,0.2821792829284123,scr2002,avaStIn,bevFrtRoadLight
PT,h1921,0.3106843918239848,scr2002,avaStIn,bevFrtRoadLight
PT,h1922,0.35866299968064763,scr2002,avaStIn,bevFrtRoadLight
PT,h1923,0.4106293035759673,scr2002,avaStIn,bevFrtRoadLight
PT,h1924,0.4302562346105031,scr2002,avaStIn,bevFrtRoadLight
PT,h1925,0.4411964644145132,scr2002,avaStIn,bevFrtRoadLight
PT,h1926,0.45751109901302867,scr2002,avaStIn,bevFrtRoadLight
PT,h1927,0.48871757217710954,scr2002,avaStIn,bevFrtRoadLight
PT,h1928,0.5314509691002262,scr2002,avaStIn,bevFrtRoadLight
PT,h1929,0.5711878747561929,scr2002,avaStIn,bevFrtRoadLight
PT,h1930,0.5980939691710526,scr2002,avaStIn,bevFrtRoadLight
PT,h1931,0.608394034195855,scr2002,avaStIn,bevFrtRoadLight
PT,h1932,0.6010568773540479,scr2002,avaStIn,bevFrtRoadLight
PT,h1933,0.5764247164288175,scr2002,avaStIn,bevFrtRoadLight
PT,h1934,0.5401459054358786,scr2002,avaStIn,bevFrtRoadLight
PT,h1935,0.4982672792884357,scr2002,avaStIn,bevFrtRoadLight
PT,h1936,0.4574139907405833,scr2002,avaStIn,bevFrtRoadLight
PT,h1937,0.42470386872332366,scr2002,avaStIn,bevFrtRoadLight
PT,h1938,0.4070105681582177,scr2002,avaStIn,bevFrtRoadLight
PT,h1939,0.3993554704479094,scr2002,avaStIn,bevFrtRoadLight
PT,h1940,0.3942528360151184,scr2002,avaStIn,bevFrtRoadLight
PT,h1941,0.3809841238928826,scr2002,avaStIn,bevFrtRoadLight
PT,h1942,0.3497784944040866,scr2002,avaStIn,bevFrtRoadLight
PT,h1943,0.3123069662403203,scr2002,avaStIn,bevFrtRoadLight
PT,h1944,0.2821792829284123,scr2002,avaStIn,bevFrtRoadLight
PT,h1945,0.230095162221032,scr2002,avaStIn,bevFrtRoadLight
PT,h1946,0.2300917975935889,scr2002,avaStIn,bevFrtRoadLight
PT,h1947,0.27148343409663167,scr2002,avaStIn,bevFrtRoadLight
PT,h1948,0.3790725700696759,scr2002,avaStIn,bevFrtRoadLight
PT,h1949,0.4623404992613247,scr2002,avaStIn,bevFrtRoadLight
PT,h1950,0.5259162274800008,scr2002,avaStIn,bevFrtRoadLight
PT,h1951,0.5772992909654577,scr2002,avaStIn,bevFrtRoadLight
PT,h1952,0.6171735770568829,scr2002,avaStIn,bevFrtRoadLight
PT,h1953,0.6409152522621753,scr2002,avaStIn,bevFrtRoadLight
PT,h1954,0.6489166669999998,scr2002,avaStIn,bevFrtRoadLight
PT,h1955,0.6400350534574337,scr2002,avaStIn,bevFrtRoadLight
PT,h1956,0.61588415769173,scr2002,avaStIn,bevFrtRoadLight
PT,h1957,0.5753501172674538,scr2002,avaStIn,bevFrtRoadLight
PT,h1958,0.5273486726990765,scr2002,avaStIn,bevFrtRoadLight
PT,h1959,0.47682400205808595,scr2002,avaStIn,bevFrtRoadLight
PT,h1960,0.4288063768750643,scr2002,avaStIn,bevFrtRoadLight
PT,h1961,0.39374570481652504,scr2002,avaStIn,bevFrtRoadLight
PT,h1962,0.3749031506247579,scr2002,avaStIn,bevFrtRoadLight
PT,h1963,0.37209330121313167,scr2002,avaStIn,bevFrtRoadLight
PT,h1964,0.36873105182903665,scr2002,avaStIn,bevFrtRoadLight
PT,h1965,0.3543630997986469,scr2002,avaStIn,bevFrtRoadLight
PT,h1966,0.3154781828948128,scr2002,avaStIn,bevFrtRoadLight
PT,h1967,0.27112993299959987,scr2002,avaStIn,bevFrtRoadLight
PT,h1968,0.2381911639591776,scr2002,avaStIn,bevFrtRoadLight
PT,h1969,0.20075744833264675,scr2002,avaStIn,bevFrtRoadLight
PT,h1970,0.21575624655576675,scr2002,avaStIn,bevFrtRoadLight
PT,h1971,0.27148343409663167,scr2002,avaStIn,bevFrtRoadLight
PT,h1972,0.3790725700696759,scr2002,avaStIn,bevFrtRoadLight
PT,h1973,0.4623404992613247,scr2002,avaStIn,bevFrtRoadLight
PT,h1974,0.5259162274800008,scr2002,avaStIn,bevFrtRoadLight
PT,h1975,0.5772992909654577,scr2002,avaStIn,bevFrtRoadLight
PT,h1976,0.6171735770568829,scr2002,avaStIn,bevFrtRoadLight
PT,h1977,0.6409152522621753,scr2002,avaStIn,bevFrtRoadLight
PT,h1978,0.6489166669999998,scr2002,avaStIn,bevFrtRoadLight
PT,h1979,0.6400350534574337,scr2002,avaStIn,bevFrtRoadLight
PT,h1980,0.61588415769173,scr2002,avaStIn,bevFrtRoadLight
PT,h1981,0.5753501172674538,scr2002,avaStIn,bevFrtRoadLight
PT,h1982,0.5273486726990765,scr2002,avaStIn,bevFrtRoadLight
PT,h1983,0.47682400205808595,scr2002,avaStIn,bevFrtRoadLight
PT,h1984,0.4288063768750643,scr2002,avaStIn,bevFrtRoadLight
PT,h1985,0.39374570481652504,scr2002,avaStIn,bevFrtRoadLight
PT,h1986,0.3749031506247579,scr2002,avaStIn,bevFrtRoadLight
PT,h1987,0.37209330121313167,scr2002,avaStIn,bevFrtRoadLight
PT,h1988,0.36873105182903665,scr2002,avaStIn,bevFrtRoadLight
PT,h1989,0.3543630997986469,scr2002,avaStIn,bevFrtRoadLight
PT,h1990,0.3154781828948128,scr2002,avaStIn,bevFrtRoadLight
PT,h1991,0.27112993299959987,scr2002,avaStIn,bevFrtRoadLight
PT,h1992,0.2381911639591776,scr2002,avaStIn,bevFrtRoadLight
PT,h1993,0.28388199759953203,scr2002,avaStIn,bevFrtRoadLight
PT,h1994,0.34615260530650627,scr2002,avaStIn,bevFrtRoadLight
PT,h1995,0.4106293035759673,scr2002,avaStIn,bevFrtRoadLight
PT,h1996,0.4302562346105031,scr2002,avaStIn,bevFrtRoadLight
PT,h1997,0.4411964644145132,scr2002,avaStIn,bevFrtRoadLight
PT,h1998,0.45751109901302867,scr2002,avaStIn,bevFrtRoadLight
PT,h1999,0.48871757217710954,scr2002,avaStIn,bevFrtRoadLight
PT,h2000,0.5314509691002262,scr2002,avaStIn,bevFrtRoadLight
PT,h2001,0.5711878747561929,scr2002,avaStIn,bevFrtRoadLight
PT,h2002,0.5980939691710526,scr2002,avaStIn,bevFrtRoadLight
PT,h2003,0.608394034195855,scr2002,avaStIn,bevFrtRoadLight
PT,h2004,0.6010568773540479,scr2002,avaStIn,bevFrtRoadLight
PT,h2005,0.5764247164288175,scr2002,avaStIn,bevFrtRoadLight
PT,h2006,0.5401459054358786,scr2002,avaStIn,bevFrtRoadLight
PT,h2007,0.4982672792884357,scr2002,avaStIn,bevFrtRoadLight
PT,h2008,0.4574139907405833,scr2002,avaStIn,bevFrtRoadLight
PT,h2009,0.42470386872332366,scr2002,avaStIn,bevFrtRoadLight
PT,h2010,0.4070105681582177,scr2002,avaStIn,bevFrtRoadLight
PT,h2011,0.3993554704479094,scr2002,avaStIn,bevFrtRoadLight
PT,h2012,0.3942528360151184,scr2002,avaStIn,bevFrtRoadLight
PT,h2013,0.3809841238928826,scr2002,avaStIn,bevFrtRoadLight
PT,h2014,0.3497784944040866,scr2002,avaStIn,bevFrtRoadLight
PT,h2015,0.3123069662403203,scr2002,avaStIn,bevFrtRoadLight
PT,h2016,0.2821792829284123,scr2002,avaStIn,bevFrtRoadLight
PT,h2017,0.3072840894621327,scr2002,avaStIn,bevFrtRoadLight
PT,h2018,0.33666905394072466,scr2002,avaStIn,bevFrtRoadLight
PT,h2019,0.36655496485550265,scr2002,avaStIn,bevFrtRoadLight
PT,h2020,0.3745731212047183,scr2002,avaStIn,bevFrtRoadLight
PT,h2021,0.4026088526762964,scr2002,avaStIn,bevFrtRoadLight
PT,h2022,0.44640061438376677,scr2002,avaStIn,bevFrtRoadLight
PT,h2023,0.4973037920546317,scr2002,avaStIn,bevFrtRoadLight
PT,h2024,0.5420216950586382,scr2002,avaStIn,bevFrtRoadLight
PT,h2025,0.5736954068525849,scr2002,avaStIn,bevFrtRoadLight
PT,h2026,0.5880342997851788,scr2002,avaStIn,bevFrtRoadLight
PT,h2027,0.5918947845476326,scr2002,avaStIn,bevFrtRoadLight
PT,h2028,0.5837522950091351,scr2002,avaStIn,bevFrtRoadLight
PT,h2029,0.566630011228302,scr2002,avaStIn,bevFrtRoadLight
PT,h2030,0.5326460205473856,scr2002,avaStIn,bevFrtRoadLight
PT,h2031,0.48334141219508586,scr2002,avaStIn,bevFrtRoadLight
PT,h2032,0.4237800531764452,scr2002,avaStIn,bevFrtRoadLight
PT,h2033,0.3668064382544399,scr2002,avaStIn,bevFrtRoadLight
PT,h2034,0.33858624085132816,scr2002,avaStIn,bevFrtRoadLight
PT,h2035,0.33981235579051505,scr2002,avaStIn,bevFrtRoadLight
PT,h2036,0.3644150552627201,scr2002,avaStIn,bevFrtRoadLight
PT,h2037,0.39407002810213865,scr2002,avaStIn,bevFrtRoadLight
PT,h2038,0.4100441996396512,scr2002,avaStIn,bevFrtRoadLight
PT,h2039,0.41244752514225314,scr2002,avaStIn,bevFrtRoadLight
PT,h2040,0.3977671810575979,scr2002,avaStIn,bevFrtRoadLight
PT,h2041,0.3840802424090224,scr2002,avaStIn,bevFrtRoadLight
PT,h2042,0.37136048642151265,scr2002,avaStIn,bevFrtRoadLight
PT,h2043,0.36655496485550265,scr2002,avaStIn,bevFrtRoadLight
PT,h2044,0.3745731212047183,scr2002,avaStIn,bevFrtRoadLight
PT,h2045,0.4026088526762964,scr2002,avaStIn,bevFrtRoadLight
PT,h2046,0.44640061438376677,scr2002,avaStIn,bevFrtRoadLight
PT,h2047,0.4973037920546317,scr2002,avaStIn,bevFrtRoadLight
PT,h2048,0.5420216950586382,scr2002,avaStIn,bevFrtRoadLight
PT,h2049,0.5736954068525849,scr2002,avaStIn,bevFrtRoadLight
PT,h2050,0.5880342997851788,scr2002,avaStIn,bevFrtRoadLight
PT,h2051,0.5918947845476326,scr2002,avaStIn,bevFrtRoadLight
PT,h2052,0.5837522950091351,scr2002,avaStIn,bevFrtRoadLight
PT,h2053,0.566630011228302,scr2002,avaStIn,bevFrtRoadLight
PT,h2054,0.5326460205473856,scr2002,avaStIn,bevFrtRoadLight
PT,h2055,0.48334141219508586,scr2002,avaStIn,bevFrtRoadLight
PT,h2056,0.4237800531764452,scr2002,avaStIn,bevFrtRoadLight
PT,h2057,0.3668064382544399,scr2002,avaStIn,bevFrtRoadLight
PT,h2058,0.33858624085132816,scr2002,avaStIn,bevFrtRoadLight
PT,h2059,0.33981235579051505,scr2002,avaStIn,bevFrtRoadLight
PT,h2060,0.3644150552627201,scr2002,avaStIn,bevFrtRoadLight
PT,h2061,0.39407002810213865,scr2002,avaStIn,bevFrtRoadLight
PT,h2062,0.4100441996396512,scr2002,avaStIn,bevFrtRoadLight
PT,h2063,0.41244752514225314,scr2002,avaStIn,bevFrtRoadLight
PT,h2064,0.3977671810575979,scr2002,avaStIn,bevFrtRoadLight
PT,h2065,0.3840802424090224,scr2002,avaStIn,bevFrtRoadLight
PT,h2066,0.37136048642151265,scr2002,avaStIn,bevFrtRoadLight
PT,h2067,0.36655496485550265,scr2002,avaStIn,bevFrtRoadLight
PT,h2068,0.3745731212047183,scr2002,avaStIn,bevFrtRoadLight
PT,h2069,0.4026088526762964,scr2002,avaStIn,bevFrtRoadLight
PT,h2070,0.44640061438376677,scr2002,avaStIn,bevFrtRoadLight
PT,h2071,0.4973037920546317,scr2002,avaStIn,bevFrtRoadLight
PT,h2072,0.5420216950586382,scr2002,avaStIn,bevFrtRoadLight
PT,h2073,0.5736954068525849,scr2002,avaStIn,bevFrtRoadLight
PT,h2074,0.5880342997851788,scr2002,avaStIn,bevFrtRoadLight
PT,h2075,0.5918947845476326,scr2002,avaStIn,bevFrtRoadLight
PT,h2076,0.5837522950091351,scr2002,avaStIn,bevFrtRoadLight
PT,h2077,0.566630011228302,scr2002,avaStIn,bevFrtRoadLight
PT,h2078,0.5326460205473856,scr2002,avaStIn,bevFrtRoadLight
PT,h2079,0.48334141219508586,scr2002,avaStIn,bevFrtRoadLight
PT,h2080,0.4237800531764452,scr2002,avaStIn,bevFrtRoadLight
PT,h2081,0.3668064382544399,scr2002,avaStIn,bevFrtRoadLight
PT,h2082,0.33858624085132816,scr2002,avaStIn,bevFrtRoadLight
PT,h2083,0.33981235579051505,scr2002,avaStIn,bevFrtRoadLight
PT,h2084,0.3644150552627201,scr2002,avaStIn,bevFrtRoadLight
PT,h2085,0.39407002810213865,scr2002,avaStIn,bevFrtRoadLight
PT,h2086,0.4100441996396512,scr2002,avaStIn,bevFrtRoadLight
PT,h2087,0.41244752514225314,scr2002,avaStIn,bevFrtRoadLight
PT,h2088,0.3977671810575979,scr2002,avaStIn,bevFrtRoadLight
PT,h2089,0.3840802424090224,scr2002,avaStIn,bevFrtRoadLight
PT,h2090,0.37136048642151265,scr2002,avaStIn,bevFrtRoadLight
PT,h2091,0.36655496485550265,scr2002,avaStIn,bevFrtRoadLight
PT,h2092,0.3745731212047183,scr2002,avaStIn,bevFrtRoadLight
PT,h2093,0.4026088526762964,scr2002,avaStIn,bevFrtRoadLight
PT,h2094,0.44640061438376677,scr2002,avaStIn,bevFrtRoadLight
PT,h2095,0.4973037920546317,scr2002,avaStIn,bevFrtRoadLight
PT,h2096,0.5420216950586382,scr2002,avaStIn,bevFrtRoadLight
PT,h2097,0.5736954068525849,scr2002,avaStIn,bevFrtRoadLight
PT,h2098,0.5880342997851788,scr2002,avaStIn,bevFrtRoadLight
PT,h2099,0.5918947845476326,scr2002,avaStIn,bevFrtRoadLight
PT,h2100,0.5837522950091351,scr2002,avaStIn,bevFrtRoadLight
PT,h2101,0.566630011228302,scr2002,avaStIn,bevFrtRoadLight
PT,h2102,0.5326460205473856,scr2002,avaStIn,bevFrtRoadLight
PT,h2103,0.48334141219508586,scr2002,avaStIn,bevFrtRoadLight
PT,h2104,0.4237800531764452,scr2002,avaStIn,bevFrtRoadLight
PT,h2105,0.3668064382544399,scr2002,avaStIn,bevFrtRoadLight
PT,h2106,0.33858624085132816,scr2002,avaStIn,bevFrtRoadLight
PT,h2107,0.33981235579051505,scr2002,avaStIn,bevFrtRoadLight
PT,h2108,0.3644150552627201,scr2002,avaStIn,bevFrtRoadLight
PT,h2109,0.39407002810213865,scr2002,avaStIn,bevFrtRoadLight
PT,h2110,0.4100441996396512,scr2002,avaStIn,bevFrtRoadLight
PT,h2111,0.41244752514225314,scr2002,avaStIn,bevFrtRoadLight
PT,h2112,0.3977671810575979,scr2002,avaStIn,bevFrtRoadLight
PT,h2113,0.4215422859318668,scr2002,avaStIn,bevFrtRoadLight
PT,h2114,0.44561523253946533,scr2002,avaStIn,bevFrtRoadLight
PT,h2115,0.46890884939949806,scr2002,avaStIn,bevFrtRoadLight
PT,h2116,0.4606801828577375,scr2002,avaStIn,bevFrtRoadLight
PT,h2117,0.4598809008191356,scr2002,avaStIn,bevFrtRoadLight
PT,h2118,0.47373682010553864,scr2002,avaStIn,bevFrtRoadLight
PT,h2119,0.49837466067849223,scr2002,avaStIn,bevFrtRoadLight
PT,h2120,0.5249322712656334,scr2002,avaStIn,bevFrtRoadLight
PT,h2121,0.5295524702973696,scr2002,avaStIn,bevFrtRoadLight
PT,h2122,0.5237384833973733,scr2002,avaStIn,bevFrtRoadLight
PT,h2123,0.517462220076728,scr2002,avaStIn,bevFrtRoadLight
PT,h2124,0.5202231448594441,scr2002,avaStIn,bevFrtRoadLight
PT,h2125,0.5168074572603817,scr2002,avaStIn,bevFrtRoadLight
PT,h2126,0.4881087918461403,scr2002,avaStIn,bevFrtRoadLight
PT,h2127,0.4401501060096197,scr2002,avaStIn,bevFrtRoadLight
PT,h2128,0.3751810028677981,scr2002,avaStIn,bevFrtRoadLight
PT,h2129,0.3184738733356699,scr2002,avaStIn,bevFrtRoadLight
PT,h2130,0.2885496316681868,scr2002,avaStIn,bevFrtRoadLight
PT,h2131,0.2950430145218158,scr2002,avaStIn,bevFrtRoadLight
PT,h2132,0.3362350273761402,scr2002,avaStIn,bevFrtRoadLight
PT,h2133,0.3905257678468871,scr2002,avaStIn,bevFrtRoadLight
PT,h2134,0.4405757953478313,scr2002,avaStIn,bevFrtRoadLight
PT,h2135,0.4738121072088959,scr2002,avaStIn,bevFrtRoadLight
PT,h2136,0.4995552626921461,scr2002,avaStIn,bevFrtRoadLight
PT,h2137,0.5006979269249346,scr2002,avaStIn,bevFrtRoadLight
PT,h2138,0.49234384959123256,scr2002,avaStIn,bevFrtRoadLight
PT,h2139,0.46890884939949806,scr2002,avaStIn,bevFrtRoadLight
PT,h2140,0.4606801828577375,scr2002,avaStIn,bevFrtRoadLight
PT,h2141,0.4598809008191356,scr2002,avaStIn,bevFrtRoadLight
PT,h2142,0.47373682010553864,scr2002,avaStIn,bevFrtRoadLight
PT,h2143,0.49837466067849223,scr2002,avaStIn,bevFrtRoadLight
PT,h2144,0.5249322712656334,scr2002,avaStIn,bevFrtRoadLight
PT,h2145,0.5295524702973696,scr2002,avaStIn,bevFrtRoadLight
PT,h2146,0.5237384833973733,scr2002,avaStIn,bevFrtRoadLight
PT,h2147,0.517462220076728,scr2002,avaStIn,bevFrtRoadLight
PT,h2148,0.5202231448594441,scr2002,avaStIn,bevFrtRoadLight
PT,h2149,0.5168074572603817,scr2002,avaStIn,bevFrtRoadLight
PT,h2150,0.4881087918461403,scr2002,avaStIn,bevFrtRoadLight
PT,h2151,0.4401501060096197,scr2002,avaStIn,bevFrtRoadLight
PT,h2152,0.3751810028677981,scr2002,avaStIn,bevFrtRoadLight
PT,h2153,0.3184738733356699,scr2002,avaStIn,bevFrtRoadLight
PT,h2154,0.2885496316681868,scr2002,avaStIn,bevFrtRoadLight
PT,h2155,0.2950430145218158,scr2002,avaStIn,bevFrtRoadLight
PT,h2156,0.3362350273761402,scr2002,avaStIn,bevFrtRoadLight
PT,h2157,0.3905257678468871,scr2002,avaStIn,bevFrtRoadLight
PT,h2158,0.4405757953478313,scr2002,avaStIn,bevFrtRoadLight
PT,h2159,0.4738121072088959,scr2002,avaStIn,bevFrtRoadLight
PT,h2160,0.4995552626921461,scr2002,avaStIn,bevFrtRoadLight
SK,h1441,0.3714353995574986,scr2002,avaStIn,bevFrtRoadLight
SK,h1442,0.3846086524108919,scr2002,avaStIn,bevFrtRoadLight
SK,h1443,0.42374952391826404,scr2002,avaStIn,bevFrtRoadLight
SK,h1444,0.4709102315761218,scr2002,avaStIn,bevFrtRoadLight
SK,h1445,0.5000591446961408,scr2002,avaStIn,bevFrtRoadLight
SK,h1446,0.495233345157142,scr2002,avaStIn,bevFrtRoadLight
SK,h1447,0.5008043596015219,scr2002,avaStIn,bevFrtRoadLight
SK,h1448,0.5021789974738545,scr2002,avaStIn,bevFrtRoadLight
SK,h1449,0.5231874460949842,scr2002,avaStIn,bevFrtRoadLight
SK,h1450,0.5308529822226913,scr2002,avaStIn,bevFrtRoadLight
SK,h1451,0.536356959269228,scr2002,avaStIn,bevFrtRoadLight
SK,h1452,0.5373881561276749,scr2002,avaStIn,bevFrtRoadLight
SK,h1453,0.5288075990651915,scr2002,avaStIn,bevFrtRoadLight
SK,h1454,0.5095709286669997,scr2002,avaStIn,bevFrtRoadLight
SK,h1455,0.473753550931062,scr2002,avaStIn,bevFrtRoadLight
SK,h1456,0.4304466538396563,scr2002,avaStIn,bevFrtRoadLight
SK,h1457,0.3826879992214788,scr2002,avaStIn,bevFrtRoadLight
SK,h1458,0.35009603390058996,scr2002,avaStIn,bevFrtRoadLight
SK,h1459,0.3349394292024723,scr2002,avaStIn,bevFrtRoadLight
SK,h1460,0.34869160218954365,scr2002,avaStIn,bevFrtRoadLight
SK,h1461,0.36780057797615695,scr2002,avaStIn,bevFrtRoadLight
SK,h1462,0.38682791024436847,scr2002,avaStIn,bevFrtRoadLight
SK,h1463,0.3912979680884232,scr2002,avaStIn,bevFrtRoadLight
SK,h1464,0.3985938980480803,scr2002,avaStIn,bevFrtRoadLight
SK,h1465,0.38540755881640665,scr2002,avaStIn,bevFrtRoadLight
SK,h1466,0.39834418280524153,scr2002,avaStIn,bevFrtRoadLight
SK,h1467,0.42374952391826404,scr2002,avaStIn,bevFrtRoadLight
SK,h1468,0.4709102315761218,scr2002,avaStIn,bevFrtRoadLight
SK,h1469,0.5000591446961408,scr2002,avaStIn,bevFrtRoadLight
SK,h1470,0.495233345157142,scr2002,avaStIn,bevFrtRoadLight
SK,h1471,0.5008043596015219,scr2002,avaStIn,bevFrtRoadLight
SK,h1472,0.5021789974738545,scr2002,avaStIn,bevFrtRoadLight
SK,h1473,0.5231874460949842,scr2002,avaStIn,bevFrtRoadLight
SK,h1474,0.5308529822226913,scr2002,avaStIn,bevFrtRoadLight
SK,h1475,0.536356959269228,scr2002,avaStIn,bevFrtRoadLight
SK,h1476,0.5373881561276749,scr2002,avaStIn,bevFrtRoadLight
SK,h1477,0.5288075990651915,scr2002,avaStIn,bevFrtRoadLight
SK,h1478,0.5095709286669997,scr2002,avaStIn,bevFrtRoadLight
SK,h1479,0.473753550931062,scr2002,avaStIn,bevFrtRoadLight
SK,h1480,0.4304466538396563,scr2002,avaStIn,bevFrtRoadLight
SK,h1481,0.3826879992214788,scr2002,avaStIn,bevFrtRoadLight
SK,h1482,0.35009603390058996,scr2002,avaStIn,bevFrtRoadLight
SK,h1483,0.3349394292024723,scr2002,avaStIn,bevFrtRoadLight
SK,h1484,0.34869160218954365,scr2002,avaStIn,bevFrtRoadLight
SK,h1485,0.36780057797615695,scr2002,avaStIn,bevFrtRoadLight
SK,h1486,0.38682791024436847,scr2002,avaStIn,bevFrtRoadLight
SK,h1487,0.3912979680884232,scr2002,avaStIn,bevFrtRoadLight
SK,h1488,0.3985938980480803,scr2002,avaStIn,bevFrtRoadLight
SK,h1489,0.4174388969205469,scr2002,avaStIn,bevFrtRoadLight
SK,h1490,0.4439543832070485,scr2002,avaStIn,bevFrtRoadLight
SK,h1491,0.464238846132911,scr2002,avaStIn,bevFrtRoadLight
SK,h1492,0.4692993118565085,scr2002,avaStIn,bevFrtRoadLight
SK,h1493,0.4647572130501477,scr2002,avaStIn,bevFrtRoadLight
SK,h1494,0.4606421333392813,scr2002,avaStIn,bevFrtRoadLight
SK,h1495,0.4606294501381404,scr2002,avaStIn,bevFrtRoadLight
SK,h1496,0.4771202000278558,scr2002,avaStIn,bevFrtRoadLight
SK,h1497,0.4942956004519071,scr2002,avaStIn,bevFrtRoadLight
SK,h1498,0.5099123823053463,scr2002,avaStIn,bevFrtRoadLight
SK,h1499,0.5161038254350148,scr2002,avaStIn,bevFrtRoadLight
SK,h1500,0.5219276355822776,scr2002,avaStIn,bevFrtRoadLight
SK,h1501,0.5234247828552905,scr2002,avaStIn,bevFrtRoadLight
SK,h1502,0.515666896351518,scr2002,avaStIn,bevFrtRoadLight
SK,h1503,0.4904757420921084,scr2002,avaStIn,bevFrtRoadLight
SK,h1504,0.4511048686615209,scr2002,avaStIn,bevFrtRoadLight
SK,h1505,0.401719554609377,scr2002,avaStIn,bevFrtRoadLight
SK,h1506,0.362910361244157,scr2002,avaStIn,bevFrtRoadLight
SK,h1507,0.3472619056461236,scr2002,avaStIn,bevFrtRoadLight
SK,h1508,0.35727079588328314,scr2002,avaStIn,bevFrtRoadLight
SK,h1509,0.378468834507535,scr2002,avaStIn,bevFrtRoadLight
SK,h1510,0.39319028121074384,scr2002,avaStIn,bevFrtRoadLight
SK,h1511,0.3959422870730802,scr2002,avaStIn,bevFrtRoadLight
SK,h1512,0.3854887711962275,scr2002,avaStIn,bevFrtRoadLight
SK,h1513,0.42769853598926943,scr2002,avaStIn,bevFrtRoadLight
SK,h1514,0.46444116177482064,scr2002,avaStIn,bevFrtRoadLight
SK,h1515,0.5002557267591349,scr2002,avaStIn,bevFrtRoadLight
SK,h1516,0.4779833592811431,scr2002,avaStIn,bevFrtRoadLight
SK,h1517,0.45518876455881485,scr2002,avaStIn,bevFrtRoadLight
SK,h1518,0.43596244051473665,scr2002,avaStIn,bevFrtRoadLight
SK,h1519,0.4287672948543091,scr2002,avaStIn,bevFrtRoadLight
SK,h1520,0.4310449118345231,scr2002,avaStIn,bevFrtRoadLight
SK,h1521,0.43651906754470926,scr2002,avaStIn,bevFrtRoadLight
SK,h1522,0.42784196327677315,scr2002,avaStIn,bevFrtRoadLight
SK,h1523,0.40165285769436365,scr2002,avaStIn,bevFrtRoadLight
SK,h1524,0.3554492048303812,scr2002,avaStIn,bevFrtRoadLight
SK,h1525,0.30743387757687923,scr2002,avaStIn,bevFrtRoadLight
SK,h1526,0.278936309503648,scr2002,avaStIn,bevFrtRoadLight
SK,h1527,0.28525649117608465,scr2002,avaStIn,bevFrtRoadLight
SK,h1528,0.33100477113297455,scr2002,avaStIn,bevFrtRoadLight
SK,h1529,0.3951643597987161,scr2002,avaStIn,bevFrtRoadLight
SK,h1530,0.46644985491696445,scr2002,avaStIn,bevFrtRoadLight
SK,h1531,0.5302489042156142,scr2002,avaStIn,bevFrtRoadLight
SK,h1532,0.5770673902258092,scr2002,avaStIn,bevFrtRoadLight
SK,h1533,0.5986769755958498,scr2002,avaStIn,bevFrtRoadLight
SK,h1534,0.6016883948095747,scr2002,avaStIn,bevFrtRoadLight
SK,h1535,0.5924055260109063,scr2002,avaStIn,bevFrtRoadLight
SK,h1536,0.5774847836798132,scr2002,avaStIn,bevFrtRoadLight
SK,h1537,0.5517773619954187,scr2002,avaStIn,bevFrtRoadLight
SK,h1538,0.5248358437172166,scr2002,avaStIn,bevFrtRoadLight
SK,h1539,0.5002557267591349,scr2002,avaStIn,bevFrtRoadLight
SK,h1540,0.4779833592811431,scr2002,avaStIn,bevFrtRoadLight
SK,h1541,0.45518876455881485,scr2002,avaStIn,bevFrtRoadLight
SK,h1542,0.43596244051473665,scr2002,avaStIn,bevFrtRoadLight
SK,h1543,0.4287672948543091,scr2002,avaStIn,bevFrtRoadLight
SK,h1544,0.4310449118345231,scr2002,avaStIn,bevFrtRoadLight
SK,h1545,0.43651906754470926,scr2002,avaStIn,bevFrtRoadLight
SK,h1546,0.42784196327677315,scr2002,avaStIn,bevFrtRoadLight
SK,h1547,0.40165285769436365,scr2002,avaStIn,bevFrtRoadLight
SK,h1548,0.3554492048303812,scr2002,avaStIn,bevFrtRoadLight
SK,h1549,0.30743387757687923,scr2002,avaStIn,bevFrtRoadLight
SK,h1550,0.278936309503648,scr2002,avaStIn,bevFrtRoadLight
SK,h1551,0.28525649117608465,scr2002,avaStIn,bevFrtRoadLight
SK,h1552,0.33100477113297455,scr2002,avaStIn,bevFrtRoadLight
SK,h1553,0.3951643597987161,scr2002,avaStIn,bevFrtRoadLight
SK,h1554,0.46644985491696445,scr2002,avaStIn,bevFrtRoadLight
SK,h1555,0.5302489042156142,scr2002,avaStIn,bevFrtRoadLight
SK,h1556,0.5770673902258092,scr2002,avaStIn,bevFrtRoadLight
SK,h1557,0.5986769755958498,scr2002,avaStIn,bevFrtRoadLight
SK,h1558,0.6016883948095747,scr2002,avaStIn,bevFrtRoadLight
SK,h1559,0.5924055260109063,scr2002,avaStIn,bevFrtRoadLight
SK,h1560,0.5774847836798132,scr2002,avaStIn,bevFrtRoadLight
SK,h1561,0.5517773619954187,scr2002,avaStIn,bevFrtRoadLight
SK,h1562,0.5248358437172166,scr2002,avaStIn,bevFrtRoadLight
SK,h1563,0.5002557267591349,scr2002,avaStIn,bevFrtRoadLight
SK,h1564,0.4779833592811431,scr2002,avaStIn,bevFrtRoadLight
SK,h1565,0.45518876455881485,scr2002,avaStIn,bevFrtRoadLight
SK,h1566,0.43596244051473665,scr2002,avaStIn,bevFrtRoadLight
SK,h1567,0.4287672948543091,scr2002,avaStIn,bevFrtRoadLight
SK,h1568,0.4310449118345231,scr2002,avaStIn,bevFrtRoadLight
SK,h1569,0.43651906754470926,scr2002,avaStIn,bevFrtRoadLight
SK,h1570,0.42784196327677315,scr2002,avaStIn,bevFrtRoadLight
SK,h1571,0.40165285769436365,scr2002,avaStIn,bevFrtRoadLight
SK,h1572,0.3554492048303812,scr2002,avaStIn,bevFrtRoadLight
SK,h1573,0.30743387757687923,scr2002,avaStIn,bevFrtRoadLight
SK,h1574,0.278936309503648,scr2002,avaStIn,bevFrtRoadLight
SK,h1575,0.28525649117608465,scr2002,avaStIn,bevFrtRoadLight
SK,h1576,0.33100477113297455,scr2002,avaStIn,bevFrtRoadLight
SK,h1577,0.3951643597987161,scr2002,avaStIn,bevFrtRoadLight
SK,h1578,0.46644985491696445,scr2002,avaStIn,bevFrtRoadLight
SK,h1579,0.5302489042156142,scr2002,avaStIn,bevFrtRoadLight
SK,h1580,0.5770673902258092,scr2002,avaStIn,bevFrtRoadLight
SK,h1581,0.5986769755958498,scr2002,avaStIn,bevFrtRoadLight
SK,h1582,0.6016883948095747,scr2002,avaStIn,bevFrtRoadLight
SK,h1583,0.5924055260109063,scr2002,avaStIn,bevFrtRoadLight
SK,h1584,0.5774847836798132,scr2002,avaStIn,bevFrtRoadLight
SK,h1585,0.5517773619954187,scr2002,avaStIn,bevFrtRoadLight
SK,h1586,0.5248358437172166,scr2002,avaStIn,bevFrtRoadLight
SK,h1587,0.5002557267591349,scr2002,avaStIn,bevFrtRoadLight
SK,h1588,0.4779833592811431,scr2002,avaStIn,bevFrtRoadLight
SK,h1589,0.45518876455881485,scr2002,avaStIn,bevFrtRoadLight
SK,h1590,0.43596244051473665,scr2002,avaStIn,bevFrtRoadLight
SK,h1591,0.4287672948543091,scr2002,avaStIn,bevFrtRoadLight
SK,h1592,0.4310449118345231,scr2002,avaStIn,bevFrtRoadLight
SK,h1593,0.43651906754470926,scr2002,avaStIn,bevFrtRoadLight
SK,h1594,0.42784196327677315,scr2002,avaStIn,bevFrtRoadLight
SK,h1595,0.40165285769436365,scr2002,avaStIn,bevFrtRoadLight
SK,h1596,0.3554492048303812,scr2002,avaStIn,bevFrtRoadLight
SK,h1597,0.30743387757687923,scr2002,avaStIn,bevFrtRoadLight
SK,h1598,0.278936309503648,scr2002,avaStIn,bevFrtRoadLight
SK,h1599,0.28525649117608465,scr2002,avaStIn,bevFrtRoadLight
SK,h1600,0.33100477113297455,scr2002,avaStIn,bevFrtRoadLight
SK,h1601,0.3951643597987161,scr2002,avaStIn,bevFrtRoadLight
SK,h1602,0.46644985491696445,scr2002,avaStIn,bevFrtRoadLight
SK,h1603,0.5302489042156142,scr2002,avaStIn,bevFrtRoadLight
SK,h1604,0.5770673902258092,scr2002,avaStIn,bevFrtRoadLight
SK,h1605,0.5986769755958498,scr2002,avaStIn,bevFrtRoadLight
SK,h1606,0.6016883948095747,scr2002,avaStIn,bevFrtRoadLight
SK,h1607,0.5924055260109063,scr2002,avaStIn,bevFrtRoadLight
SK,h1608,0.5774847836798132,scr2002,avaStIn,bevFrtRoadLight
SK,h1609,0.5399833096273894,scr2002,avaStIn,bevFrtRoadLight
SK,h1610,0.5020113380135911,scr2002,avaStIn,bevFrtRoadLight
SK,h1611,0.4635722307063156,scr2002,avaStIn,bevFrtRoadLight
SK,h1612,0.4380348659574729,scr2002,avaStIn,bevFrtRoadLight
SK,h1613,0.40762124803256283,scr2002,avaStIn,bevFrtRoadLight
SK,h1614,0.37888830724468336,scr2002,avaStIn,bevFrtRoadLight
SK,h1615,0.36958381422293585,scr2002,avaStIn,bevFrtRoadLight
SK,h1616,0.37840208488783933,scr2002,avaStIn,bevFrtRoadLight
SK,h1617,0.40312593459237533,scr2002,avaStIn,bevFrtRoadLight
SK,h1618,0.41362439373824145,scr2002,avaStIn,bevFrtRoadLight
SK,h1619,0.4028461315685412,scr2002,avaStIn,bevFrtRoadLight
SK,h1620,0.3603437041144123,scr2002,avaStIn,bevFrtRoadLight
SK,h1621,0.300735364069155,scr2002,avaStIn,bevFrtRoadLight
SK,h1622,0.24177370465061954,scr2002,avaStIn,bevFrtRoadLight
SK,h1623,0.21970614560615676,scr2002,avaStIn,bevFrtRoadLight
SK,h1624,0.25508395733229006,scr2002,avaStIn,bevFrtRoadLight
SK,h1625,0.34767139096765254,scr2002,avaStIn,bevFrtRoadLight
SK,h1626,0.45228041046836875,scr2002,avaStIn,bevFrtRoadLight
SK,h1627,0.5341134302691986,scr2002,avaStIn,bevFrtRoadLight
SK,h1628,0.5851656457268322,scr2002,avaStIn,bevFrtRoadLight
SK,h1629,0.6079565962864942,scr2002,avaStIn,bevFrtRoadLight
SK,h1630,0.6088378322847627,scr2002,avaStIn,bevFrtRoadLight
SK,h1631,0.5862547005889717,scr2002,avaStIn,bevFrtRoadLight
SK,h1632,0.5503272305028044,scr2002,avaStIn,bevFrtRoadLight
SK,h1633,0.5157882800473498,scr2002,avaStIn,bevFrtRoadLight
SK,h1634,0.4876212160339364,scr2002,avaStIn,bevFrtRoadLight
SK,h1635,0.4635722307063156,scr2002,avaStIn,bevFrtRoadLight
SK,h1636,0.4380348659574729,scr2002,avaStIn,bevFrtRoadLight
SK,h1637,0.40762124803256283,scr2002,avaStIn,bevFrtRoadLight
SK,h1638,0.37888830724468336,scr2002,avaStIn,bevFrtRoadLight
SK,h1639,0.36958381422293585,scr2002,avaStIn,bevFrtRoadLight
SK,h1640,0.37840208488783933,scr2002,avaStIn,bevFrtRoadLight
SK,h1641,0.40312593459237533,scr2002,avaStIn,bevFrtRoadLight
SK,h1642,0.41362439373824145,scr2002,avaStIn,bevFrtRoadLight
SK,h1643,0.4028461315685412,scr2002,avaStIn,bevFrtRoadLight
SK,h1644,0.3603437041144123,scr2002,avaStIn,bevFrtRoadLight
SK,h1645,0.300735364069155,scr2002,avaStIn,bevFrtRoadLight
SK,h1646,0.24177370465061954,scr2002,avaStIn,bevFrtRoadLight
SK,h1647,0.21970614560615676,scr2002,avaStIn,bevFrtRoadLight
SK,h1648,0.25508395733229006,scr2002,avaStIn,bevFrtRoadLight
SK,h1649,0.34767139096765254,scr2002,avaStIn,bevFrtRoadLight
SK,h1650,0.45228041046836875,scr2002,avaStIn,bevFrtRoadLight
SK,h1651,0.5341134302691986,scr2002,avaStIn,bevFrtRoadLight
SK,h1652,0.5851656457268322,scr2002,avaStIn,bevFrtRoadLight
SK,h1653,0.6079565962864942,scr2002,avaStIn,bevFrtRoadLight
SK,h1654,0.6088378322847627,scr2002,avaStIn,bevFrtRoadLight
SK,h1655,0.5862547005889717,scr2002,avaStIn,bevFrtRoadLight
SK,h1656,0.5503272305028044,scr2002,avaStIn,bevFrtRoadLight
SK,h1657,0.5277989482493217,scr2002,avaStIn,bevFrtRoadLight
SK,h1658,0.5107010378978177,scr2002,avaStIn,bevFrtRoadLight
SK,h1659,0.5002557267591349,scr2002,avaStIn,bevFrtRoadLight
SK,h1660,0.4779833592811431,scr2002,avaStIn,bevFrtRoadLight
SK,h1661,0.45518876455881485,scr2002,avaStIn,bevFrtRoadLight
SK,h1662,0.43596244051473665,scr2002,avaStIn,bevFrtRoadLight
SK,h1663,0.4287672948543091,scr2002,avaStIn,bevFrtRoadLight
SK,h1664,0.4310449118345231,scr2002,avaStIn,bevFrtRoadLight
SK,h1665,0.43651906754470926,scr2002,avaStIn,bevFrtRoadLight
SK,h1666,0.42784196327677315,scr2002,avaStIn,bevFrtRoadLight
SK,h1667,0.40165285769436365,scr2002,avaStIn,bevFrtRoadLight
SK,h1668,0.3554492048303812,scr2002,avaStIn,bevFrtRoadLight
SK,h1669,0.30743387757687923,scr2002,avaStIn,bevFrtRoadLight
SK,h1670,0.278936309503648,scr2002,avaStIn,bevFrtRoadLight
SK,h1671,0.28525649117608465,scr2002,avaStIn,bevFrtRoadLight
SK,h1672,0.33100477113297455,scr2002,avaStIn,bevFrtRoadLight
SK,h1673,0.3951643597987161,scr2002,avaStIn,bevFrtRoadLight
SK,h1674,0.46644985491696445,scr2002,avaStIn,bevFrtRoadLight
SK,h1675,0.5302489042156142,scr2002,avaStIn,bevFrtRoadLight
SK,h1676,0.5770673902258092,scr2002,avaStIn,bevFrtRoadLight
SK,h1677,0.5986769755958498,scr2002,avaStIn,bevFrtRoadLight
SK,h1678,0.6016883948095747,scr2002,avaStIn,bevFrtRoadLight
SK,h1679,0.5924055260109063,scr2002,avaStIn,bevFrtRoadLight
SK,h1680,0.5774847836798132,scr2002,avaStIn,bevFrtRoadLight
SK,h1681,0.5517773619954187,scr2002,avaStIn,bevFrtRoadLight
SK,h1682,0.5248358437172166,scr2002,avaStIn,bevFrtRoadLight
SK,h1683,0.5002557267591349,scr2002,avaStIn,bevFrtRoadLight
SK,h1684,0.4779833592811431,scr2002,avaStIn,bevFrtRoadLight
SK,h1685,0.45518876455881485,scr2002,avaStIn,bevFrtRoadLight
SK,h1686,0.43596244051473665,scr2002,avaStIn,bevFrtRoadLight
SK,h1687,0.4287672948543091,scr2002,avaStIn,bevFrtRoadLight
SK,h1688,0.4310449118345231,scr2002,avaStIn,bevFrtRoadLight
SK,h1689,0.43651906754470926,scr2002,avaStIn,bevFrtRoadLight
SK,h1690,0.42784196327677315,scr2002,avaStIn,bevFrtRoadLight
SK,h1691,0.40165285769436365,scr2002,avaStIn,bevFrtRoadLight
SK,h1692,0.3554492048303812,scr2002,avaStIn,bevFrtRoadLight
SK,h1693,0.30743387757687923,scr2002,avaStIn,bevFrtRoadLight
SK,h1694,0.278936309503648,scr2002,avaStIn,bevFrtRoadLight
SK,h1695,0.28525649117608465,scr2002,avaStIn,bevFrtRoadLight
SK,h1696,0.33100477113297455,scr2002,avaStIn,bevFrtRoadLight
SK,h1697,0.3951643597987161,scr2002,avaStIn,bevFrtRoadLight
SK,h1698,0.46644985491696445,scr2002,avaStIn,bevFrtRoadLight
SK,h1699,0.5302489042156142,scr2002,avaStIn,bevFrtRoadLight
SK,h1700,0.5770673902258092,scr2002,avaStIn,bevFrtRoadLight
SK,h1701,0.5986769755958498,scr2002,avaStIn,bevFrtRoadLight
SK,h1702,0.6016883948095747,scr2002,avaStIn,bevFrtRoadLight
SK,h1703,0.5924055260109063,scr2002,avaStIn,bevFrtRoadLight
SK,h1704,0.5774847836798132,scr2002,avaStIn,bevFrtRoadLight
SK,h1705,0.509038057831711,scr2002,avaStIn,bevFrtRoadLight
SK,h1706,0.45316073221470254,scr2002,avaStIn,bevFrtRoadLight
SK,h1707,0.4106293035759673,scr2002,avaStIn,bevFrtRoadLight
SK,h1708,0.4302562346105031,scr2002,avaStIn,bevFrtRoadLight
SK,h1709,0.4411964644145132,scr2002,avaStIn,bevFrtRoadLight
SK,h1710,0.45751109901302867,scr2002,avaStIn,bevFrtRoadLight
SK,h1711,0.48871757217710954,scr2002,avaStIn,bevFrtRoadLight
SK,h1712,0.5314509691002262,scr2002,avaStIn,bevFrtRoadLight
SK,h1713,0.5711878747561929,scr2002,avaStIn,bevFrtRoadLight
SK,h1714,0.5980939691710526,scr2002,avaStIn,bevFrtRoadLight
SK,h1715,0.608394034195855,scr2002,avaStIn,bevFrtRoadLight
SK,h1716,0.6010568773540479,scr2002,avaStIn,bevFrtRoadLight
SK,h1717,0.5764247164288175,scr2002,avaStIn,bevFrtRoadLight
SK,h1718,0.5401459054358786,scr2002,avaStIn,bevFrtRoadLight
SK,h1719,0.4982672792884357,scr2002,avaStIn,bevFrtRoadLight
SK,h1720,0.4574139907405833,scr2002,avaStIn,bevFrtRoadLight
SK,h1721,0.42470386872332366,scr2002,avaStIn,bevFrtRoadLight
SK,h1722,0.4070105681582177,scr2002,avaStIn,bevFrtRoadLight
SK,h1723,0.3993554704479094,scr2002,avaStIn,bevFrtRoadLight
SK,h1724,0.3942528360151184,scr2002,avaStIn,bevFrtRoadLight
SK,h1725,0.3809841238928826,scr2002,avaStIn,bevFrtRoadLight
SK,h1726,0.3497784944040866,scr2002,avaStIn,bevFrtRoadLight
SK,h1727,0.3123069662403203,scr2002,avaStIn,bevFrtRoadLight
SK,h1728,0.2821792829284123,scr2002,avaStIn,bevFrtRoadLight
SK,h1729,0.3106843918239848,scr2002,avaStIn,bevFrtRoadLight
SK,h1730,0.35866299968064763,scr2002,avaStIn,bevFrtRoadLight
SK,h1731,0.4106293035759673,scr2002,avaStIn,bevFrtRoadLight
SK,h1732,0.4302562346105031,scr2002,avaStIn,bevFrtRoadLight
SK,h1733,0.4411964644145132,scr2002,avaStIn,bevFrtRoadLight
SK,h1734,0.45751109901302867,scr2002,avaStIn,bevFrtRoadLight
SK,h1735,0.48871757217710954,scr2002,avaStIn,bevFrtRoadLight
SK,h1736,0.5314509691002262,scr2002,avaStIn,bevFrtRoadLight
SK,h1737,0.5711878747561929,scr2002,avaStIn,bevFrtRoadLight
SK,h1738,0.5980939691710526,scr2002,avaStIn,bevFrtRoadLight
SK,h1739,0.608394034195855,scr2002,avaStIn,bevFrtRoadLight
SK,h1740,0.6010568773540479,scr2002,avaStIn,bevFrtRoadLight
SK,h1741,0.5764247164288175,scr2002,avaStIn,bevFrtRoadLight
SK,h1742,0.5401459054358786,scr2002,avaStIn,bevFrtRoadLight
SK,h1743,0.4982672792884357,scr2002,avaStIn,bevFrtRoadLight
SK,h1744,0.4574139907405833,scr2002,avaStIn,bevFrtRoadLight
SK,h1745,0.42470386872332366,scr2002,avaStIn,bevFrtRoadLight
SK,h1746,0.4070105681582177,scr2002,avaStIn,bevFrtRoadLight
SK,h1747,0.3993554704479094,scr2002,avaStIn,bevFrtRoadLight
SK,h1748,0.3942528360151184,scr2002,avaStIn,bevFrtRoadLight
SK,h1749,0.3809841238928826,scr2002,avaStIn,bevFrtRoadLight
SK,h1750,0.3497784944040866,scr2002,avaStIn,bevFrtRoadLight
SK,h1751,0.3123069662403203,scr2002,avaStIn,bevFrtRoadLight
SK,h1752,0.2821792829284123,scr2002,avaStIn,bevFrtRoadLight
SK,h1753,0.3106843918239848,scr2002,avaStIn,bevFrtRoadLight
SK,h1754,0.35866299968064763,scr2002,avaStIn,bevFrtRoadLight
SK,h1755,0.4106293035759673,scr2002,avaStIn,bevFrtRoadLight
SK,h1756,0.4302562346105031,scr2002,avaStIn,bevFrtRoadLight
SK,h1757,0.4411964644145132,scr2002,avaStIn,bevFrtRoadLight
SK,h1758,0.45751109901302867,scr2002,avaStIn,bevFrtRoadLight
SK,h1759,0.48871757217710954,scr2002,avaStIn,bevFrtRoadLight
SK,h1760,0.5314509691002262,scr2002,avaStIn,bevFrtRoadLight
SK,h1761,0.5711878747561929,scr2002,avaStIn,bevFrtRoadLight
SK,h1762,0.5980939691710526,scr2002,avaStIn,bevFrtRoadLight
SK,h1763,0.608394034195855,scr2002,avaStIn,bevFrtRoadLight
SK,h1764,0.6010568773540479,scr2002,avaStIn,bevFrtRoadLight
SK,h1765,0.5764247164288175,scr2002,avaStIn,bevFrtRoadLight
SK,h1766,0.5401459054358786,scr2002,avaStIn,bevFrtRoadLight
SK,h1767,0.4982672792884357,scr2002,avaStIn,bevFrtRoadLight
SK,h1768,0.4574139907405833,scr2002,avaStIn,bevFrtRoadLight
SK,h1769,0.42470386872332366,scr2002,avaStIn,bevFrtRoadLight
SK,h1770,0.4070105681582177,scr2002,avaStIn,bevFrtRoadLight
SK,h1771,0.3993554704479094,scr2002,avaStIn,bevFrtRoadLight
SK,h1772,0.3942528360151184,scr2002,avaStIn,bevFrtRoadLight
SK,h1773,0.3809841238928826,scr2002,avaStIn,bevFrtRoadLight
SK,h1774,0.3497784944040866,scr2002,avaStIn,bevFrtRoadLight
SK,h1775,0.3123069662403203,scr2002,avaStIn,bevFrtRoadLight
SK,h1776,0.2821792829284123,scr2002,avaStIn,bevFrtRoadLight
SK,h1777,0.230095162221032,scr2002,avaStIn,bevFrtRoadLight
SK,h1778,0.2300917975935889,scr2002,avaStIn,bevFrtRoadLight
SK,h1779,0.27148343409663167,scr2002,avaStIn,bevFrtRoadLight
SK,h1780,0.3790725700696759,scr2002,avaStIn,bevFrtRoadLight
SK,h1781,0.4623404992613247,scr2002,avaStIn,bevFrtRoadLight
SK,h1782,0.5259162274800008,scr2002,avaStIn,bevFrtRoadLight
SK,h1783,0.5772992909654577,scr2002,avaStIn,bevFrtRoadLight
SK,h1784,0.6171735770568829,scr2002,avaStIn,bevFrtRoadLight
SK,h1785,0.6409152522621753,scr2002,avaStIn,bevFrtRoadLight
SK,h1786,0.6489166669999998,scr2002,avaStIn,bevFrtRoadLight
SK,h1787,0.6400350534574337,scr2002,avaStIn,bevFrtRoadLight
SK,h1788,0.61588415769173,scr2002,avaStIn,bevFrtRoadLight
SK,h1789,0.5753501172674538,scr2002,avaStIn,bevFrtRoadLight
SK,h1790,0.5273486726990765,scr2002,avaStIn,bevFrtRoadLight
SK,h1791,0.47682400205808595,scr2002,avaStIn,bevFrtRoadLight
SK,h1792,0.4288063768750643,scr2002,avaStIn,bevFrtRoadLight
SK,h1793,0.39374570481652504,scr2002,avaStIn,bevFrtRoadLight
SK,h1794,0.3749031506247579,scr2002,avaStIn,bevFrtRoadLight
SK,h1795,0.37209330121313167,scr2002,avaStIn,bevFrtRoadLight
SK,h1796,0.36873105182903665,scr2002,avaStIn,bevFrtRoadLight
SK,h1797,0.3543630997986469,scr2002,avaStIn,bevFrtRoadLight
SK,h1798,0.3154781828948128,scr2002,avaStIn,bevFrtRoadLight
SK,h1799,0.27112993299959987,scr2002,avaStIn,bevFrtRoadLight
SK,h1800,0.2381911639591776,scr2002,avaStIn,bevFrtRoadLight
SK,h1801,0.20075744833264675,scr2002,avaStIn,bevFrtRoadLight
SK,h1802,0.21575624655576675,scr2002,avaStIn,bevFrtRoadLight
SK,h1803,0.27148343409663167,scr2002,avaStIn,bevFrtRoadLight
SK,h1804,0.3790725700696759,scr2002,avaStIn,bevFrtRoadLight
SK,h1805,0.4623404992613247,scr2002,avaStIn,bevFrtRoadLight
SK,h1806,0.5259162274800008,scr2002,avaStIn,bevFrtRoadLight
SK,h1807,0.5772992909654577,scr2002,avaStIn,bevFrtRoadLight
SK,h1808,0.6171735770568829,scr2002,avaStIn,bevFrtRoadLight
SK,h1809,0.6409152522621753,scr2002,avaStIn,bevFrtRoadLight
SK,h1810,0.6489166669999998,scr2002,avaStIn,bevFrtRoadLight
SK,h1811,0.6400350534574337,scr2002,avaStIn,bevFrtRoadLight
SK,h1812,0.61588415769173,scr2002,avaStIn,bevFrtRoadLight
SK,h1813,0.5753501172674538,scr2002,avaStIn,bevFrtRoadLight
SK,h1814,0.5273486726990765,scr2002,avaStIn,bevFrtRoadLight
SK,h1815,0.47682400205808595,scr2002,avaStIn,bevFrtRoadLight
SK,h1816,0.4288063768750643,scr2002,avaStIn,bevFrtRoadLight
SK,h1817,0.39374570481652504,scr2002,avaStIn,bevFrtRoadLight
SK,h1818,0.3749031506247579,scr2002,avaStIn,bevFrtRoadLight
SK,h1819,0.37209330121313167,scr2002,avaStIn,bevFrtRoadLight
SK,h1820,0.36873105182903665,scr2002,avaStIn,bevFrtRoadLight
SK,h1821,0.3543630997986469,scr2002,avaStIn,bevFrtRoadLight
SK,h1822,0.3154781828948128,scr2002,avaStIn,bevFrtRoadLight
SK,h1823,0.27112993299959987,scr2002,avaStIn,bevFrtRoadLight
SK,h1824,0.2381911639591776,scr2002,avaStIn,bevFrtRoadLight
SK,h1825,0.28388199759953203,scr2002,avaStIn,bevFrtRoadLight
SK,h1826,0.34615260530650627,scr2002,avaStIn,bevFrtRoadLight
SK,h1827,0.4106293035759673,scr2002,avaStIn,bevFrtRoadLight
SK,h1828,0.4302562346105031,scr2002,avaStIn,bevFrtRoadLight
SK,h1829,0.4411964644145132,scr2002,avaStIn,bevFrtRoadLight
SK,h1830,0.45751109901302867,scr2002,avaStIn,bevFrtRoadLight
SK,h1831,0.48871757217710954,scr2002,avaStIn,bevFrtRoadLight
SK,h1832,0.5314509691002262,scr2002,avaStIn,bevFrtRoadLight
SK,h1833,0.5711878747561929,scr2002,avaStIn,bevFrtRoadLight
SK,h1834,0.5980939691710526,scr2002,avaStIn,bevFrtRoadLight
SK,h1835,0.608394034195855,scr2002,avaStIn,bevFrtRoadLight
SK,h1836,0.6010568773540479,scr2002,avaStIn,bevFrtRoadLight
SK,h1837,0.5764247164288175,scr2002,avaStIn,bevFrtRoadLight
SK,h1838,0.5401459054358786,scr2002,avaStIn,bevFrtRoadLight
SK,h1839,0.4982672792884357,scr2002,avaStIn,bevFrtRoadLight
SK,h1840,0.4574139907405833,scr2002,avaStIn,bevFrtRoadLight
SK,h1841,0.42470386872332366,scr2002,avaStIn,bevFrtRoadLight
SK,h1842,0.4070105681582177,scr2002,avaStIn,bevFrtRoadLight
SK,h1843,0.3993554704479094,scr2002,avaStIn,bevFrtRoadLight
SK,h1844,0.3942528360151184,scr2002,avaStIn,bevFrtRoadLight
SK,h1845,0.3809841238928826,scr2002,avaStIn,bevFrtRoadLight
SK,h1846,0.3497784944040866,scr2002,avaStIn,bevFrtRoadLight
SK,h1847,0.3123069662403203,scr2002,avaStIn,bevFrtRoadLight
SK,h1848,0.2821792829284123,scr2002,avaStIn,bevFrtRoadLight
SK,h1849,0.3106843918239848,scr2002,avaStIn,bevFrtRoadLight
SK,h1850,0.35866299968064763,scr2002,avaStIn,bevFrtRoadLight
SK,h1851,0.4106293035759673,scr2002,avaStIn,bevFrtRoadLight
SK,h1852,0.4302562346105031,scr2002,avaStIn,bevFrtRoadLight
SK,h1853,0.4411964644145132,scr2002,avaStIn,bevFrtRoadLight
SK,h1854,0.45751109901302867,scr2002,avaStIn,bevFrtRoadLight
SK,h1855,0.48871757217710954,scr2002,avaStIn,bevFrtRoadLight
SK,h1856,0.5314509691002262,scr2002,avaStIn,bevFrtRoadLight
SK,h1857,0.5711878747561929,scr2002,avaStIn,bevFrtRoadLight
SK,h1858,0.5980939691710526,scr2002,avaStIn,bevFrtRoadLight
SK,h1859,0.608394034195855,scr2002,avaStIn,bevFrtRoadLight
SK,h1860,0.6010568773540479,scr2002,avaStIn,bevFrtRoadLight
SK,h1861,0.5764247164288175,scr2002,avaStIn,bevFrtRoadLight
SK,h1862,0.5401459054358786,scr2002,avaStIn,bevFrtRoadLight
SK,h1863,0.4982672792884357,scr2002,avaStIn,bevFrtRoadLight
SK,h1864,0.4574139907405833,scr2002,avaStIn,bevFrtRoadLight
SK,h1865,0.42470386872332366,scr2002,avaStIn,bevFrtRoadLight
SK,h1866,0.4070105681582177,scr2002,avaStIn,bevFrtRoadLight
SK,h1867,0.3993554704479094,scr2002,avaStIn,bevFrtRoadLight
SK,h1868,0.3942528360151184,scr2002,avaStIn,bevFrtRoadLight
SK,h1869,0.3809841238928826,scr2002,avaStIn,bevFrtRoadLight
SK,h1870,0.3497784944040866,scr2002,avaStIn,bevFrtRoadLight
SK,h1871,0.3123069662403203,scr2002,avaStIn,bevFrtRoadLight
SK,h1872,0.2821792829284123,scr2002,avaStIn,bevFrtRoadLight
SK,h1873,0.3106843918239848,scr2002,avaStIn,bevFrtRoadLight
SK,h1874,0.35866299968064763,scr2002,avaStIn,bevFrtRoadLight
SK,h1875,0.4106293035759673,scr2002,avaStIn,bevFrtRoadLight
SK,h1876,0.4302562346105031,scr2002,avaStIn,bevFrtRoadLight
SK,h1877,0.4411964644145132,scr2002,avaStIn,bevFrtRoadLight
SK,h1878,0.45751109901302867,scr2002,avaStIn,bevFrtRoadLight
SK,h1879,0.48871757217710954,scr2002,avaStIn,bevFrtRoadLight
SK,h1880,0.5314509691002262,scr2002,avaStIn,bevFrtRoadLight
SK,h1881,0.5711878747561929,scr2002,avaStIn,bevFrtRoadLight
SK,h1882,0.5980939691710526,scr2002,avaStIn,bevFrtRoadLight
SK,h1883,0.608394034195855,scr2002,avaStIn,bevFrtRoadLight
SK,h1884,0.6010568773540479,scr2002,avaStIn,bevFrtRoadLight
SK,h1885,0.5764247164288175,scr2002,avaStIn,bevFrtRoadLight
SK,h1886,0.5401459054358786,scr2002,avaStIn,bevFrtRoadLight
SK,h1887,0.4982672792884357,scr2002,avaStIn,bevFrtRoadLight
SK,h1888,0.4574139907405833,scr2002,avaStIn,bevFrtRoadLight
SK,h1889,0.42470386872332366,scr2002,avaStIn,bevFrtRoadLight
SK,h1890,0.4070105681582177,scr2002,avaStIn,bevFrtRoadLight
SK,h1891,0.3993554704479094,scr2002,avaStIn,bevFrtRoadLight
SK,h1892,0.3942528360151184,scr2002,avaStIn,bevFrtRoadLight
SK,h1893,0.3809841238928826,scr2002,avaStIn,bevFrtRoadLight
SK,h1894,0.3497784944040866,scr2002,avaStIn,bevFrtRoadLight
SK,h1895,0.3123069662403203,scr2002,avaStIn,bevFrtRoadLight
SK,h1896,0.2821792829284123,scr2002,avaStIn,bevFrtRoadLight
SK,h1897,0.3106843918239848,scr2002,avaStIn,bevFrtRoadLight
SK,h1898,0.35866299968064763,scr2002,avaStIn,bevFrtRoadLight
SK,h1899,0.4106293035759673,scr2002,avaStIn,bevFrtRoadLight
SK,h1900,0.4302562346105031,scr2002,avaStIn,bevFrtRoadLight
SK,h1901,0.4411964644145132,scr2002,avaStIn,bevFrtRoadLight
SK,h1902,0.45751109901302867,scr2002,avaStIn,bevFrtRoadLight
SK,h1903,0.48871757217710954,scr2002,avaStIn,bevFrtRoadLight
SK,h1904,0.5314509691002262,scr2002,avaStIn,bevFrtRoadLight
SK,h1905,0.5711878747561929,scr2002,avaStIn,bevFrtRoadLight
SK,h1906,0.5980939691710526,scr2002,avaStIn,bevFrtRoadLight
SK,h1907,0.608394034195855,scr2002,avaStIn,bevFrtRoadLight
SK,h1908,0.6010568773540479,scr2002,avaStIn,bevFrtRoadLight
SK,h1909,0.5764247164288175,scr2002,avaStIn,bevFrtRoadLight
SK,h1910,0.5401459054358786,scr2002,avaStIn,bevFrtRoadLight
SK,h1911,0.4982672792884357,scr2002,avaStIn,bevFrtRoadLight
SK,h1912,0.4574139907405833,scr2002,avaStIn,bevFrtRoadLight
SK,h1913,0.42470386872332366,scr2002,avaStIn,bevFrtRoadLight
SK,h1914,0.4070105681582177,scr2002,avaStIn,bevFrtRoadLight
SK,h1915,0.3993554704479094,scr2002,avaStIn,bevFrtRoadLight
SK,h1916,0.3942528360151184,scr2002,avaStIn,bevFrtRoadLight
SK,h1917,0.3809841238928826,scr2002,avaStIn,bevFrtRoadLight
SK,h1918,0.3497784944040866,scr2002,avaStIn,bevFrtRoadLight
SK,h1919,0.3123069662403203,scr2002,avaStIn,bevFrtRoadLight
SK,h1920,0.2821792829284123,scr2002,avaStIn,bevFrtRoadLight
SK,h1921,0.3106843918239848,scr2002,avaStIn,bevFrtRoadLight
SK,h1922,0.35866299968064763,scr2002,avaStIn,bevFrtRoadLight
SK,h1923,0.4106293035759673,scr2002,avaStIn,bevFrtRoadLight
SK,h1924,0.4302562346105031,scr2002,avaStIn,bevFrtRoadLight
SK,h1925,0.4411964644145132,scr2002,avaStIn,bevFrtRoadLight
SK,h1926,0.45751109901302867,scr2002,avaStIn,bevFrtRoadLight
SK,h1927,0.48871757217710954,scr2002,avaStIn,bevFrtRoadLight
SK,h1928,0.5314509691002262,scr2002,avaStIn,bevFrtRoadLight
SK,h1929,0.5711878747561929,scr2002,avaStIn,bevFrtRoadLight
SK,h1930,0.5980939691710526,scr2002,avaStIn,bevFrtRoadLight
SK,h1931,0.608394034195855,scr2002,avaStIn,bevFrtRoadLight
SK,h1932,0.6010568773540479,scr2002,avaStIn,bevFrtRoadLight
SK,h1933,0.5764247164288175,scr2002,avaStIn,bevFrtRoadLight
SK,h1934,0.5401459054358786,scr2002,avaStIn,bevFrtRoadLight
SK,h1935,0.4982672792884357,scr2002,avaStIn,bevFrtRoadLight
SK,h1936,0.4574139907405833,scr2002,avaStIn,bevFrtRoadLight
SK,h1937,0.42470386872332366,scr2002,avaStIn,bevFrtRoadLight
SK,h1938,0.4070105681582177,scr2002,avaStIn,bevFrtRoadLight
SK,h1939,0.3993554704479094,scr2002,avaStIn,bevFrtRoadLight
SK,h1940,0.3942528360151184,scr2002,avaStIn,bevFrtRoadLight
SK,h1941,0.3809841238928826,scr2002,avaStIn,bevFrtRoadLight
SK,h1942,0.3497784944040866,scr2002,avaStIn,bevFrtRoadLight
SK,h1943,0.3123069662403203,scr2002,avaStIn,bevFrtRoadLight
SK,h1944,0.2821792829284123,scr2002,avaStIn,bevFrtRoadLight
SK,h1945,0.230095162221032,scr2002,avaStIn,bevFrtRoadLight
SK,h1946,0.2300917975935889,scr2002,avaStIn,bevFrtRoadLight
SK,h1947,0.27148343409663167,scr2002,avaStIn,bevFrtRoadLight
SK,h1948,0.3790725700696759,scr2002,avaStIn,bevFrtRoadLight
SK,h1949,0.4623404992613247,scr2002,avaStIn,bevFrtRoadLight
SK,h1950,0.5259162274800008,scr2002,avaStIn,bevFrtRoadLight
SK,h1951,0.5772992909654577,scr2002,avaStIn,bevFrtRoadLight
SK,h1952,0.6171735770568829,scr2002,avaStIn,bevFrtRoadLight
SK,h1953,0.6409152522621753,scr2002,avaStIn,bevFrtRoadLight
SK,h1954,0.6489166669999998,scr2002,avaStIn,bevFrtRoadLight
SK,h1955,0.6400350534574337,scr2002,avaStIn,bevFrtRoadLight
SK,h1956,0.61588415769173,scr2002,avaStIn,bevFrtRoadLight
SK,h1957,0.5753501172674538,scr2002,avaStIn,bevFrtRoadLight
SK,h1958,0.5273486726990765,scr2002,avaStIn,bevFrtRoadLight
SK,h1959,0.47682400205808595,scr2002,avaStIn,bevFrtRoadLight
SK,h1960,0.4288063768750643,scr2002,avaStIn,bevFrtRoadLight
SK,h1961,0.39374570481652504,scr2002,avaStIn,bevFrtRoadLight
SK,h1962,0.3749031506247579,scr2002,avaStIn,bevFrtRoadLight
SK,h1963,0.37209330121313167,scr2002,avaStIn,bevFrtRoadLight
SK,h1964,0.36873105182903665,scr2002,avaStIn,bevFrtRoadLight
SK,h1965,0.3543630997986469,scr2002,avaStIn,bevFrtRoadLight
SK,h1966,0.3154781828948128,scr2002,avaStIn,bevFrtRoadLight
SK,h1967,0.27112993299959987,scr2002,avaStIn,bevFrtRoadLight
SK,h1968,0.2381911639591776,scr2002,avaStIn,bevFrtRoadLight
SK,h1969,0.20075744833264675,scr2002,avaStIn,bevFrtRoadLight
SK,h1970,0.21575624655576675,scr2002,avaStIn,bevFrtRoadLight
SK,h1971,0.27148343409663167,scr2002,avaStIn,bevFrtRoadLight
SK,h1972,0.3790725700696759,scr2002,avaStIn,bevFrtRoadLight
SK,h1973,0.4623404992613247,scr2002,avaStIn,bevFrtRoadLight
SK,h1974,0.5259162274800008,scr2002,avaStIn,bevFrtRoadLight
SK,h1975,0.5772992909654577,scr2002,avaStIn,bevFrtRoadLight
SK,h1976,0.6171735770568829,scr2002,avaStIn,bevFrtRoadLight
SK,h1977,0.6409152522621753,scr2002,avaStIn,bevFrtRoadLight
SK,h1978,0.6489166669999998,scr2002,avaStIn,bevFrtRoadLight
SK,h1979,0.6400350534574337,scr2002,avaStIn,bevFrtRoadLight
SK,h1980,0.61588415769173,scr2002,avaStIn,bevFrtRoadLight
SK,h1981,0.5753501172674538,scr2002,avaStIn,bevFrtRoadLight
SK,h1982,0.5273486726990765,scr2002,avaStIn,bevFrtRoadLight
SK,h1983,0.47682400205808595,scr2002,avaStIn,bevFrtRoadLight
SK,h1984,0.4288063768750643,scr2002,avaStIn,bevFrtRoadLight
SK,h1985,0.39374570481652504,scr2002,avaStIn,bevFrtRoadLight
SK,h1986,0.3749031506247579,scr2002,avaStIn,bevFrtRoadLight
SK,h1987,0.37209330121313167,scr2002,avaStIn,bevFrtRoadLight
SK,h1988,0.36873105182903665,scr2002,avaStIn,bevFrtRoadLight
SK,h1989,0.3543630997986469,scr2002,avaStIn,bevFrtRoadLight
SK,h1990,0.3154781828948128,scr2002,avaStIn,bevFrtRoadLight
SK,h1991,0.27112993299959987,scr2002,avaStIn,bevFrtRoadLight
SK,h1992,0.2381911639591776,scr2002,avaStIn,bevFrtRoadLight
SK,h1993,0.28388199759953203,scr2002,avaStIn,bevFrtRoadLight
SK,h1994,0.34615260530650627,scr2002,avaStIn,bevFrtRoadLight
SK,h1995,0.4106293035759673,scr2002,avaStIn,bevFrtRoadLight
SK,h1996,0.4302562346105031,scr2002,avaStIn,bevFrtRoadLight
SK,h1997,0.4411964644145132,scr2002,avaStIn,bevFrtRoadLight
SK,h1998,0.45751109901302867,scr2002,avaStIn,bevFrtRoadLight
SK,h1999,0.48871757217710954,scr2002,avaStIn,bevFrtRoadLight
SK,h2000,0.5314509691002262,scr2002,avaStIn,bevFrtRoadLight
SK,h2001,0.5711878747561929,scr2002,avaStIn,bevFrtRoadLight
SK,h2002,0.5980939691710526,scr2002,avaStIn,bevFrtRoadLight
SK,h2003,0.608394034195855,scr2002,avaStIn,bevFrtRoadLight
SK,h2004,0.6010568773540479,scr2002,avaStIn,bevFrtRoadLight
SK,h2005,0.5764247164288175,scr2002,avaStIn,bevFrtRoadLight
SK,h2006,0.5401459054358786,scr2002,avaStIn,bevFrtRoadLight
SK,h2007,0.4982672792884357,scr2002,avaStIn,bevFrtRoadLight
SK,h2008,0.4574139907405833,scr2002,avaStIn,bevFrtRoadLight
SK,h2009,0.42470386872332366,scr2002,avaStIn,bevFrtRoadLight
SK,h2010,0.4070105681582177,scr2002,avaStIn,bevFrtRoadLight
SK,h2011,0.3993554704479094,scr2002,avaStIn,bevFrtRoadLight
SK,h2012,0.3942528360151184,scr2002,avaStIn,bevFrtRoadLight
SK,h2013,0.3809841238928826,scr2002,avaStIn,bevFrtRoadLight
SK,h2014,0.3497784944040866,scr2002,avaStIn,bevFrtRoadLight
SK,h2015,0.3123069662403203,scr2002,avaStIn,bevFrtRoadLight
SK,h2016,0.2821792829284123,scr2002,avaStIn,bevFrtRoadLight
SK,h2017,0.3072840894621327,scr2002,avaStIn,bevFrtRoadLight
SK,h2018,0.33666905394072466,scr2002,avaStIn,bevFrtRoadLight
SK,h2019,0.36655496485550265,scr2002,avaStIn,bevFrtRoadLight
SK,h2020,0.3745731212047183,scr2002,avaStIn,bevFrtRoadLight
SK,h2021,0.4026088526762964,scr2002,avaStIn,bevFrtRoadLight
SK,h2022,0.44640061438376677,scr2002,avaStIn,bevFrtRoadLight
SK,h2023,0.4973037920546317,scr2002,avaStIn,bevFrtRoadLight
SK,h2024,0.5420216950586382,scr2002,avaStIn,bevFrtRoadLight
SK,h2025,0.5736954068525849,scr2002,avaStIn,bevFrtRoadLight
SK,h2026,0.5880342997851788,scr2002,avaStIn,bevFrtRoadLight
SK,h2027,0.5918947845476326,scr2002,avaStIn,bevFrtRoadLight
SK,h2028,0.5837522950091351,scr2002,avaStIn,bevFrtRoadLight
SK,h2029,0.566630011228302,scr2002,avaStIn,bevFrtRoadLight
SK,h2030,0.5326460205473856,scr2002,avaStIn,bevFrtRoadLight
SK,h2031,0.48334141219508586,scr2002,avaStIn,bevFrtRoadLight
SK,h2032,0.4237800531764452,scr2002,avaStIn,bevFrtRoadLight
SK,h2033,0.3668064382544399,scr2002,avaStIn,bevFrtRoadLight
SK,h2034,0.33858624085132816,scr2002,avaStIn,bevFrtRoadLight
SK,h2035,0.33981235579051505,scr2002,avaStIn,bevFrtRoadLight
SK,h2036,0.3644150552627201,scr2002,avaStIn,bevFrtRoadLight
SK,h2037,0.39407002810213865,scr2002,avaStIn,bevFrtRoadLight
SK,h2038,0.4100441996396512,scr2002,avaStIn,bevFrtRoadLight
SK,h2039,0.41244752514225314,scr2002,avaStIn,bevFrtRoadLight
SK,h2040,0.3977671810575979,scr2002,avaStIn,bevFrtRoadLight
SK,h2041,0.3840802424090224,scr2002,avaStIn,bevFrtRoadLight
SK,h2042,0.37136048642151265,scr2002,avaStIn,bevFrtRoadLight
SK,h2043,0.36655496485550265,scr2002,avaStIn,bevFrtRoadLight
SK,h2044,0.3745731212047183,scr2002,avaStIn,bevFrtRoadLight
SK,h2045,0.4026088526762964,scr2002,avaStIn,bevFrtRoadLight
SK,h2046,0.44640061438376677,scr2002,avaStIn,bevFrtRoadLight
SK,h2047,0.4973037920546317,scr2002,avaStIn,bevFrtRoadLight
SK,h2048,0.5420216950586382,scr2002,avaStIn,bevFrtRoadLight
SK,h2049,0.5736954068525849,scr2002,avaStIn,bevFrtRoadLight
SK,h2050,0.5880342997851788,scr2002,avaStIn,bevFrtRoadLight
SK,h2051,0.5918947845476326,scr2002,avaStIn,bevFrtRoadLight
SK,h2052,0.5837522950091351,scr2002,avaStIn,bevFrtRoadLight
SK,h2053,0.566630011228302,scr2002,avaStIn,bevFrtRoadLight
SK,h2054,0.5326460205473856,scr2002,avaStIn,bevFrtRoadLight
SK,h2055,0.48334141219508586,scr2002,avaStIn,bevFrtRoadLight
SK,h2056,0.4237800531764452,scr2002,avaStIn,bevFrtRoadLight
SK,h2057,0.3668064382544399,scr2002,avaStIn,bevFrtRoadLight
SK,h2058,0.33858624085132816,scr2002,avaStIn,bevFrtRoadLight
SK,h2059,0.33981235579051505,scr2002,avaStIn,bevFrtRoadLight
SK,h2060,0.3644150552627201,scr2002,avaStIn,bevFrtRoadLight
SK,h2061,0.39407002810213865,scr2002,avaStIn,bevFrtRoadLight
SK,h2062,0.4100441996396512,scr2002,avaStIn,bevFrtRoadLight
SK,h2063,0.41244752514225314,scr2002,avaStIn,bevFrtRoadLight
SK,h2064,0.3977671810575979,scr2002,avaStIn,bevFrtRoadLight
SK,h2065,0.3840802424090224,scr2002,avaStIn,bevFrtRoadLight
SK,h2066,0.37136048642151265,scr2002,avaStIn,bevFrtRoadLight
SK,h2067,0.36655496485550265,scr2002,avaStIn,bevFrtRoadLight
SK,h2068,0.3745731212047183,scr2002,avaStIn,bevFrtRoadLight
SK,h2069,0.4026088526762964,scr2002,avaStIn,bevFrtRoadLight
SK,h2070,0.44640061438376677,scr2002,avaStIn,bevFrtRoadLight
SK,h2071,0.4973037920546317,scr2002,avaStIn,bevFrtRoadLight
SK,h2072,0.5420216950586382,scr2002,avaStIn,bevFrtRoadLight
SK,h2073,0.5736954068525849,scr2002,avaStIn,bevFrtRoadLight
SK,h2074,0.5880342997851788,scr2002,avaStIn,bevFrtRoadLight
SK,h2075,0.5918947845476326,scr2002,avaStIn,bevFrtRoadLight
SK,h2076,0.5837522950091351,scr2002,avaStIn,bevFrtRoadLight
SK,h2077,0.566630011228302,scr2002,avaStIn,bevFrtRoadLight
SK,h2078,0.5326460205473856,scr2002,avaStIn,bevFrtRoadLight
SK,h2079,0.48334141219508586,scr2002,avaStIn,bevFrtRoadLight
SK,h2080,0.4237800531764452,scr2002,avaStIn,bevFrtRoadLight
SK,h2081,0.3668064382544399,scr2002,avaStIn,bevFrtRoadLight
SK,h2082,0.33858624085132816,scr2002,avaStIn,bevFrtRoadLight
SK,h2083,0.33981235579051505,scr2002,avaStIn,bevFrtRoadLight
SK,h2084,0.3644150552627201,scr2002,avaStIn,bevFrtRoadLight
SK,h2085,0.39407002810213865,scr2002,avaStIn,bevFrtRoadLight
SK,h2086,0.4100441996396512,scr2002,avaStIn,bevFrtRoadLight
SK,h2087,0.41244752514225314,scr2002,avaStIn,bevFrtRoadLight
SK,h2088,0.3977671810575979,scr2002,avaStIn,bevFrtRoadLight
SK,h2089,0.3840802424090224,scr2002,avaStIn,bevFrtRoadLight
SK,h2090,0.37136048642151265,scr2002,avaStIn,bevFrtRoadLight
SK,h2091,0.36655496485550265,scr2002,avaStIn,bevFrtRoadLight
SK,h2092,0.3745731212047183,scr2002,avaStIn,bevFrtRoadLight
SK,h2093,0.4026088526762964,scr2002,avaStIn,bevFrtRoadLight
SK,h2094,0.44640061438376677,scr2002,avaStIn,bevFrtRoadLight
SK,h2095,0.4973037920546317,scr2002,avaStIn,bevFrtRoadLight
SK,h2096,0.5420216950586382,scr2002,avaStIn,bevFrtRoadLight
SK,h2097,0.5736954068525849,scr2002,avaStIn,bevFrtRoadLight
SK,h2098,0.5880342997851788,scr2002,avaStIn,bevFrtRoadLight
SK,h2099,0.5918947845476326,scr2002,avaStIn,bevFrtRoadLight
SK,h2100,0.5837522950091351,scr2002,avaStIn,bevFrtRoadLight
SK,h2101,0.566630011228302,scr2002,avaStIn,bevFrtRoadLight
SK,h2102,0.5326460205473856,scr2002,avaStIn,bevFrtRoadLight
SK,h2103,0.48334141219508586,scr2002,avaStIn,bevFrtRoadLight
SK,h2104,0.4237800531764452,scr2002,avaStIn,bevFrtRoadLight
SK,h2105,0.3668064382544399,scr2002,avaStIn,bevFrtRoadLight
SK,h2106,0.33858624085132816,scr2002,avaStIn,bevFrtRoadLight
SK,h2107,0.33981235579051505,scr2002,avaStIn,bevFrtRoadLight
SK,h2108,0.3644150552627201,scr2002,avaStIn,bevFrtRoadLight
SK,h2109,0.39407002810213865,scr2002,avaStIn,bevFrtRoadLight
SK,h2110,0.4100441996396512,scr2002,avaStIn,bevFrtRoadLight
SK,h2111,0.41244752514225314,scr2002,avaStIn,bevFrtRoadLight
SK,h2112,0.3977671810575979,scr2002,avaStIn,bevFrtRoadLight
SK,h2113,0.4215422859318668,scr2002,avaStIn,bevFrtRoadLight
SK,h2114,0.44561523253946533,scr2002,avaStIn,bevFrtRoadLight
SK,h2115,0.46890884939949806,scr2002,avaStIn,bevFrtRoadLight
SK,h2116,0.4606801828577375,scr2002,avaStIn,bevFrtRoadLight
SK,h2117,0.4598809008191356,scr2002,avaStIn,bevFrtRoadLight
SK,h2118,0.47373682010553864,scr2002,avaStIn,bevFrtRoadLight
SK,h2119,0.49837466067849223,scr2002,avaStIn,bevFrtRoadLight
SK,h2120,0.5249322712656334,scr2002,avaStIn,bevFrtRoadLight
SK,h2121,0.5295524702973696,scr2002,avaStIn,bevFrtRoadLight
SK,h2122,0.5237384833973733,scr2002,avaStIn,bevFrtRoadLight
SK,h2123,0.517462220076728,scr2002,avaStIn,bevFrtRoadLight
SK,h2124,0.5202231448594441,scr2002,avaStIn,bevFrtRoadLight
SK,h2125,0.5168074572603817,scr2002,avaStIn,bevFrtRoadLight
SK,h2126,0.4881087918461403,scr2002,avaStIn,bevFrtRoadLight
SK,h2127,0.4401501060096197,scr2002,avaStIn,bevFrtRoadLight
SK,h2128,0.3751810028677981,scr2002,avaStIn,bevFrtRoadLight
SK,h2129,0.3184738733356699,scr2002,avaStIn,bevFrtRoadLight
SK,h2130,0.2885496316681868,scr2002,avaStIn,bevFrtRoadLight
SK,h2131,0.2950430145218158,scr2002,avaStIn,bevFrtRoadLight
SK,h2132,0.3362350273761402,scr2002,avaStIn,bevFrtRoadLight
SK,h2133,0.3905257678468871,scr2002,avaStIn,bevFrtRoadLight
SK,h2134,0.4405757953478313,scr2002,avaStIn,bevFrtRoadLight
SK,h2135,0.4738121072088959,scr2002,avaStIn,bevFrtRoadLight
SK,h2136,0.4995552626921461,scr2002,avaStIn,bevFrtRoadLight
SK,h2137,0.5006979269249346,scr2002,avaStIn,bevFrtRoadLight
SK,h2138,0.49234384959123256,scr2002,avaStIn,bevFrtRoadLight
SK,h2139,0.46890884939949806,scr2002,avaStIn,bevFrtRoadLight
SK,h2140,0.4606801828577375,scr2002,avaStIn,bevFrtRoadLight
SK,h2141,0.4598809008191356,scr2002,avaStIn,bevFrtRoadLight
SK,h2142,0.47373682010553864,scr2002,avaStIn,bevFrtRoadLight
SK,h2143,0.49837466067849223,scr2002,avaStIn,bevFrtRoadLight
SK,h2144,0.5249322712656334,scr2002,avaStIn,bevFrtRoadLight
SK,h2145,0.5295524702973696,scr2002,avaStIn,bevFrtRoadLight
SK,h2146,0.5237384833973733,scr2002,avaStIn,bevFrtRoadLight
SK,h2147,0.517462220076728,scr2002,avaStIn,bevFrtRoadLight
SK,h2148,0.5202231448594441,scr2002,avaStIn,bevFrtRoadLight
SK,h2149,0.5168074572603817,scr2002,avaStIn,bevFrtRoadLight
SK,h2150,0.4881087918461403,scr2002,avaStIn,bevFrtRoadLight
SK,h2151,0.4401501060096197,scr2002,avaStIn,bevFrtRoadLight
SK,h2152,0.3751810028677981,scr2002,avaStIn,bevFrtRoadLight
SK,h2153,0.3184738733356699,scr2002,avaStIn,bevFrtRoadLight
SK,h2154,0.2885496316681868,scr2002,avaStIn,bevFrtRoadLight
SK,h2155,0.2950430145218158,scr2002,avaStIn,bevFrtRoadLight
SK,h2156,0.3362350273761402,scr2002,avaStIn,bevFrtRoadLight
SK,h2157,0.3905257678468871,scr2002,avaStIn,bevFrtRoadLight
SK,h2158,0.4405757953478313,scr2002,avaStIn,bevFrtRoadLight
SK,h2159,0.4738121072088959,scr2002,avaStIn,bevFrtRoadLight
SK,h2160,0.4995552626921461,scr2002,avaStIn,bevFrtRoadLight
SI,h1441,0.3714353995574986,scr2002,avaStIn,bevFrtRoadLight
SI,h1442,0.3846086524108919,scr2002,avaStIn,bevFrtRoadLight
SI,h1443,0.42374952391826404,scr2002,avaStIn,bevFrtRoadLight
SI,h1444,0.4709102315761218,scr2002,avaStIn,bevFrtRoadLight
SI,h1445,0.5000591446961408,scr2002,avaStIn,bevFrtRoadLight
SI,h1446,0.495233345157142,scr2002,avaStIn,bevFrtRoadLight
SI,h1447,0.5008043596015219,scr2002,avaStIn,bevFrtRoadLight
SI,h1448,0.5021789974738545,scr2002,avaStIn,bevFrtRoadLight
SI,h1449,0.5231874460949842,scr2002,avaStIn,bevFrtRoadLight
SI,h1450,0.5308529822226913,scr2002,avaStIn,bevFrtRoadLight
SI,h1451,0.536356959269228,scr2002,avaStIn,bevFrtRoadLight
SI,h1452,0.5373881561276749,scr2002,avaStIn,bevFrtRoadLight
SI,h1453,0.5288075990651915,scr2002,avaStIn,bevFrtRoadLight
SI,h1454,0.5095709286669997,scr2002,avaStIn,bevFrtRoadLight
SI,h1455,0.473753550931062,scr2002,avaStIn,bevFrtRoadLight
SI,h1456,0.4304466538396563,scr2002,avaStIn,bevFrtRoadLight
SI,h1457,0.3826879992214788,scr2002,avaStIn,bevFrtRoadLight
SI,h1458,0.35009603390058996,scr2002,avaStIn,bevFrtRoadLight
SI,h1459,0.3349394292024723,scr2002,avaStIn,bevFrtRoadLight
SI,h1460,0.34869160218954365,scr2002,avaStIn,bevFrtRoadLight
SI,h1461,0.36780057797615695,scr2002,avaStIn,bevFrtRoadLight
SI,h1462,0.38682791024436847,scr2002,avaStIn,bevFrtRoadLight
SI,h1463,0.3912979680884232,scr2002,avaStIn,bevFrtRoadLight
SI,h1464,0.3985938980480803,scr2002,avaStIn,bevFrtRoadLight
SI,h1465,0.38540755881640665,scr2002,avaStIn,bevFrtRoadLight
SI,h1466,0.39834418280524153,scr2002,avaStIn,bevFrtRoadLight
SI,h1467,0.42374952391826404,scr2002,avaStIn,bevFrtRoadLight
SI,h1468,0.4709102315761218,scr2002,avaStIn,bevFrtRoadLight
SI,h1469,0.5000591446961408,scr2002,avaStIn,bevFrtRoadLight
SI,h1470,0.495233345157142,scr2002,avaStIn,bevFrtRoadLight
SI,h1471,0.5008043596015219,scr2002,avaStIn,bevFrtRoadLight
SI,h1472,0.5021789974738545,scr2002,avaStIn,bevFrtRoadLight
SI,h1473,0.5231874460949842,scr2002,avaStIn,bevFrtRoadLight
SI,h1474,0.5308529822226913,scr2002,avaStIn,bevFrtRoadLight
SI,h1475,0.536356959269228,scr2002,avaStIn,bevFrtRoadLight
SI,h1476,0.5373881561276749,scr2002,avaStIn,bevFrtRoadLight
SI,h1477,0.5288075990651915,scr2002,avaStIn,bevFrtRoadLight
SI,h1478,0.5095709286669997,scr2002,avaStIn,bevFrtRoadLight
SI,h1479,0.473753550931062,scr2002,avaStIn,bevFrtRoadLight
SI,h1480,0.4304466538396563,scr2002,avaStIn,bevFrtRoadLight
SI,h1481,0.3826879992214788,scr2002,avaStIn,bevFrtRoadLight
SI,h1482,0.35009603390058996,scr2002,avaStIn,bevFrtRoadLight
SI,h1483,0.3349394292024723,scr2002,avaStIn,bevFrtRoadLight
SI,h1484,0.34869160218954365,scr2002,avaStIn,bevFrtRoadLight
SI,h1485,0.36780057797615695,scr2002,avaStIn,bevFrtRoadLight
SI,h1486,0.38682791024436847,scr2002,avaStIn,bevFrtRoadLight
SI,h1487,0.3912979680884232,scr2002,avaStIn,bevFrtRoadLight
SI,h1488,0.3985938980480803,scr2002,avaStIn,bevFrtRoadLight
SI,h1489,0.4174388969205469,scr2002,avaStIn,bevFrtRoadLight
SI,h1490,0.4439543832070485,scr2002,avaStIn,bevFrtRoadLight
SI,h1491,0.464238846132911,scr2002,avaStIn,bevFrtRoadLight
SI,h1492,0.4692993118565085,scr2002,avaStIn,bevFrtRoadLight
SI,h1493,0.4647572130501477,scr2002,avaStIn,bevFrtRoadLight
SI,h1494,0.4606421333392813,scr2002,avaStIn,bevFrtRoadLight
SI,h1495,0.4606294501381404,scr2002,avaStIn,bevFrtRoadLight
SI,h1496,0.4771202000278558,scr2002,avaStIn,bevFrtRoadLight
SI,h1497,0.4942956004519071,scr2002,avaStIn,bevFrtRoadLight
SI,h1498,0.5099123823053463,scr2002,avaStIn,bevFrtRoadLight
SI,h1499,0.5161038254350148,scr2002,avaStIn,bevFrtRoadLight
SI,h1500,0.5219276355822776,scr2002,avaStIn,bevFrtRoadLight
SI,h1501,0.5234247828552905,scr2002,avaStIn,bevFrtRoadLight
SI,h1502,0.515666896351518,scr2002,avaStIn,bevFrtRoadLight
SI,h1503,0.4904757420921084,scr2002,avaStIn,bevFrtRoadLight
SI,h1504,0.4511048686615209,scr2002,avaStIn,bevFrtRoadLight
SI,h1505,0.401719554609377,scr2002,avaStIn,bevFrtRoadLight
SI,h1506,0.362910361244157,scr2002,avaStIn,bevFrtRoadLight
SI,h1507,0.3472619056461236,scr2002,avaStIn,bevFrtRoadLight
SI,h1508,0.35727079588328314,scr2002,avaStIn,bevFrtRoadLight
SI,h1509,0.378468834507535,scr2002,avaStIn,bevFrtRoadLight
SI,h1510,0.39319028121074384,scr2002,avaStIn,bevFrtRoadLight
SI,h1511,0.3959422870730802,scr2002,avaStIn,bevFrtRoadLight
SI,h1512,0.3854887711962275,scr2002,avaStIn,bevFrtRoadLight
SI,h1513,0.42769853598926943,scr2002,avaStIn,bevFrtRoadLight
SI,h1514,0.46444116177482064,scr2002,avaStIn,bevFrtRoadLight
SI,h1515,0.5002557267591349,scr2002,avaStIn,bevFrtRoadLight
SI,h1516,0.4779833592811431,scr2002,avaStIn,bevFrtRoadLight
SI,h1517,0.45518876455881485,scr2002,avaStIn,bevFrtRoadLight
SI,h1518,0.43596244051473665,scr2002,avaStIn,bevFrtRoadLight
SI,h1519,0.4287672948543091,scr2002,avaStIn,bevFrtRoadLight
SI,h1520,0.4310449118345231,scr2002,avaStIn,bevFrtRoadLight
SI,h1521,0.43651906754470926,scr2002,avaStIn,bevFrtRoadLight
SI,h1522,0.42784196327677315,scr2002,avaStIn,bevFrtRoadLight
SI,h1523,0.40165285769436365,scr2002,avaStIn,bevFrtRoadLight
SI,h1524,0.3554492048303812,scr2002,avaStIn,bevFrtRoadLight
SI,h1525,0.30743387757687923,scr2002,avaStIn,bevFrtRoadLight
SI,h1526,0.278936309503648,scr2002,avaStIn,bevFrtRoadLight
SI,h1527,0.28525649117608465,scr2002,avaStIn,bevFrtRoadLight
SI,h1528,0.33100477113297455,scr2002,avaStIn,bevFrtRoadLight
SI,h1529,0.3951643597987161,scr2002,avaStIn,bevFrtRoadLight
SI,h1530,0.46644985491696445,scr2002,avaStIn,bevFrtRoadLight
SI,h1531,0.5302489042156142,scr2002,avaStIn,bevFrtRoadLight
SI,h1532,0.5770673902258092,scr2002,avaStIn,bevFrtRoadLight
SI,h1533,0.5986769755958498,scr2002,avaStIn,bevFrtRoadLight
SI,h1534,0.6016883948095747,scr2002,avaStIn,bevFrtRoadLight
SI,h1535,0.5924055260109063,scr2002,avaStIn,bevFrtRoadLight
SI,h1536,0.5774847836798132,scr2002,avaStIn,bevFrtRoadLight
SI,h1537,0.5517773619954187,scr2002,avaStIn,bevFrtRoadLight
SI,h1538,0.5248358437172166,scr2002,avaStIn,bevFrtRoadLight
SI,h1539,0.5002557267591349,scr2002,avaStIn,bevFrtRoadLight
SI,h1540,0.4779833592811431,scr2002,avaStIn,bevFrtRoadLight
SI,h1541,0.45518876455881485,scr2002,avaStIn,bevFrtRoadLight
SI,h1542,0.43596244051473665,scr2002,avaStIn,bevFrtRoadLight
SI,h1543,0.4287672948543091,scr2002,avaStIn,bevFrtRoadLight
SI,h1544,0.4310449118345231,scr2002,avaStIn,bevFrtRoadLight
SI,h1545,0.43651906754470926,scr2002,avaStIn,bevFrtRoadLight
SI,h1546,0.42784196327677315,scr2002,avaStIn,bevFrtRoadLight
SI,h1547,0.40165285769436365,scr2002,avaStIn,bevFrtRoadLight
SI,h1548,0.3554492048303812,scr2002,avaStIn,bevFrtRoadLight
SI,h1549,0.30743387757687923,scr2002,avaStIn,bevFrtRoadLight
SI,h1550,0.278936309503648,scr2002,avaStIn,bevFrtRoadLight
SI,h1551,0.28525649117608465,scr2002,avaStIn,bevFrtRoadLight
SI,h1552,0.33100477113297455,scr2002,avaStIn,bevFrtRoadLight
SI,h1553,0.3951643597987161,scr2002,avaStIn,bevFrtRoadLight
SI,h1554,0.46644985491696445,scr2002,avaStIn,bevFrtRoadLight
SI,h1555,0.5302489042156142,scr2002,avaStIn,bevFrtRoadLight
SI,h1556,0.5770673902258092,scr2002,avaStIn,bevFrtRoadLight
SI,h1557,0.5986769755958498,scr2002,avaStIn,bevFrtRoadLight
SI,h1558,0.6016883948095747,scr2002,avaStIn,bevFrtRoadLight
SI,h1559,0.5924055260109063,scr2002,avaStIn,bevFrtRoadLight
SI,h1560,0.5774847836798132,scr2002,avaStIn,bevFrtRoadLight
SI,h1561,0.5517773619954187,scr2002,avaStIn,bevFrtRoadLight
SI,h1562,0.5248358437172166,scr2002,avaStIn,bevFrtRoadLight
SI,h1563,0.5002557267591349,scr2002,avaStIn,bevFrtRoadLight
SI,h1564,0.4779833592811431,scr2002,avaStIn,bevFrtRoadLight
SI,h1565,0.45518876455881485,scr2002,avaStIn,bevFrtRoadLight
SI,h1566,0.43596244051473665,scr2002,avaStIn,bevFrtRoadLight
SI,h1567,0.4287672948543091,scr2002,avaStIn,bevFrtRoadLight
SI,h1568,0.4310449118345231,scr2002,avaStIn,bevFrtRoadLight
SI,h1569,0.43651906754470926,scr2002,avaStIn,bevFrtRoadLight
SI,h1570,0.42784196327677315,scr2002,avaStIn,bevFrtRoadLight
SI,h1571,0.40165285769436365,scr2002,avaStIn,bevFrtRoadLight
SI,h1572,0.3554492048303812,scr2002,avaStIn,bevFrtRoadLight
SI,h1573,0.30743387757687923,scr2002,avaStIn,bevFrtRoadLight
SI,h1574,0.278936309503648,scr2002,avaStIn,bevFrtRoadLight
SI,h1575,0.28525649117608465,scr2002,avaStIn,bevFrtRoadLight
SI,h1576,0.33100477113297455,scr2002,avaStIn,bevFrtRoadLight
SI,h1577,0.3951643597987161,scr2002,avaStIn,bevFrtRoadLight
SI,h1578,0.46644985491696445,scr2002,avaStIn,bevFrtRoadLight
SI,h1579,0.5302489042156142,scr2002,avaStIn,bevFrtRoadLight
SI,h1580,0.5770673902258092,scr2002,avaStIn,bevFrtRoadLight
SI,h1581,0.5986769755958498,scr2002,avaStIn,bevFrtRoadLight
SI,h1582,0.6016883948095747,scr2002,avaStIn,bevFrtRoadLight
SI,h1583,0.5924055260109063,scr2002,avaStIn,bevFrtRoadLight
SI,h1584,0.5774847836798132,scr2002,avaStIn,bevFrtRoadLight
SI,h1585,0.5517773619954187,scr2002,avaStIn,bevFrtRoadLight
SI,h1586,0.5248358437172166,scr2002,avaStIn,bevFrtRoadLight
SI,h1587,0.5002557267591349,scr2002,avaStIn,bevFrtRoadLight
SI,h1588,0.4779833592811431,scr2002,avaStIn,bevFrtRoadLight
SI,h1589,0.45518876455881485,scr2002,avaStIn,bevFrtRoadLight
SI,h1590,0.43596244051473665,scr2002,avaStIn,bevFrtRoadLight
SI,h1591,0.4287672948543091,scr2002,avaStIn,bevFrtRoadLight
SI,h1592,0.4310449118345231,scr2002,avaStIn,bevFrtRoadLight
SI,h1593,0.43651906754470926,scr2002,avaStIn,bevFrtRoadLight
SI,h1594,0.42784196327677315,scr2002,avaStIn,bevFrtRoadLight
SI,h1595,0.40165285769436365,scr2002,avaStIn,bevFrtRoadLight
SI,h1596,0.3554492048303812,scr2002,avaStIn,bevFrtRoadLight
SI,h1597,0.30743387757687923,scr2002,avaStIn,bevFrtRoadLight
SI,h1598,0.278936309503648,scr2002,avaStIn,bevFrtRoadLight
SI,h1599,0.28525649117608465,scr2002,avaStIn,bevFrtRoadLight
SI,h1600,0.33100477113297455,scr2002,avaStIn,bevFrtRoadLight
SI,h1601,0.3951643597987161,scr2002,avaStIn,bevFrtRoadLight
SI,h1602,0.46644985491696445,scr2002,avaStIn,bevFrtRoadLight
SI,h1603,0.5302489042156142,scr2002,avaStIn,bevFrtRoadLight
SI,h1604,0.5770673902258092,scr2002,avaStIn,bevFrtRoadLight
SI,h1605,0.5986769755958498,scr2002,avaStIn,bevFrtRoadLight
SI,h1606,0.6016883948095747,scr2002,avaStIn,bevFrtRoadLight
SI,h1607,0.5924055260109063,scr2002,avaStIn,bevFrtRoadLight
SI,h1608,0.5774847836798132,scr2002,avaStIn,bevFrtRoadLight
SI,h1609,0.5399833096273894,scr2002,avaStIn,bevFrtRoadLight
SI,h1610,0.5020113380135911,scr2002,avaStIn,bevFrtRoadLight
SI,h1611,0.4635722307063156,scr2002,avaStIn,bevFrtRoadLight
SI,h1612,0.4380348659574729,scr2002,avaStIn,bevFrtRoadLight
SI,h1613,0.40762124803256283,scr2002,avaStIn,bevFrtRoadLight
SI,h1614,0.37888830724468336,scr2002,avaStIn,bevFrtRoadLight
SI,h1615,0.36958381422293585,scr2002,avaStIn,bevFrtRoadLight
SI,h1616,0.37840208488783933,scr2002,avaStIn,bevFrtRoadLight
SI,h1617,0.40312593459237533,scr2002,avaStIn,bevFrtRoadLight
SI,h1618,0.41362439373824145,scr2002,avaStIn,bevFrtRoadLight
SI,h1619,0.4028461315685412,scr2002,avaStIn,bevFrtRoadLight
SI,h1620,0.3603437041144123,scr2002,avaStIn,bevFrtRoadLight
SI,h1621,0.300735364069155,scr2002,avaStIn,bevFrtRoadLight
SI,h1622,0.24177370465061954,scr2002,avaStIn,bevFrtRoadLight
SI,h1623,0.21970614560615676,scr2002,avaStIn,bevFrtRoadLight
SI,h1624,0.25508395733229006,scr2002,avaStIn,bevFrtRoadLight
SI,h1625,0.34767139096765254,scr2002,avaStIn,bevFrtRoadLight
SI,h1626,0.45228041046836875,scr2002,avaStIn,bevFrtRoadLight
SI,h1627,0.5341134302691986,scr2002,avaStIn,bevFrtRoadLight
SI,h1628,0.5851656457268322,scr2002,avaStIn,bevFrtRoadLight
SI,h1629,0.6079565962864942,scr2002,avaStIn,bevFrtRoadLight
SI,h1630,0.6088378322847627,scr2002,avaStIn,bevFrtRoadLight
SI,h1631,0.5862547005889717,scr2002,avaStIn,bevFrtRoadLight
SI,h1632,0.5503272305028044,scr2002,avaStIn,bevFrtRoadLight
SI,h1633,0.5157882800473498,scr2002,avaStIn,bevFrtRoadLight
SI,h1634,0.4876212160339364,scr2002,avaStIn,bevFrtRoadLight
SI,h1635,0.4635722307063156,scr2002,avaStIn,bevFrtRoadLight
SI,h1636,0.4380348659574729,scr2002,avaStIn,bevFrtRoadLight
SI,h1637,0.40762124803256283,scr2002,avaStIn,bevFrtRoadLight
SI,h1638,0.37888830724468336,scr2002,avaStIn,bevFrtRoadLight
SI,h1639,0.36958381422293585,scr2002,avaStIn,bevFrtRoadLight
SI,h1640,0.37840208488783933,scr2002,avaStIn,bevFrtRoadLight
SI,h1641,0.40312593459237533,scr2002,avaStIn,bevFrtRoadLight
SI,h1642,0.41362439373824145,scr2002,avaStIn,bevFrtRoadLight
SI,h1643,0.4028461315685412,scr2002,avaStIn,bevFrtRoadLight
SI,h1644,0.3603437041144123,scr2002,avaStIn,bevFrtRoadLight
SI,h1645,0.300735364069155,scr2002,avaStIn,bevFrtRoadLight
SI,h1646,0.24177370465061954,scr2002,avaStIn,bevFrtRoadLight
SI,h1647,0.21970614560615676,scr2002,avaStIn,bevFrtRoadLight
SI,h1648,0.25508395733229006,scr2002,avaStIn,bevFrtRoadLight
SI,h1649,0.34767139096765254,scr2002,avaStIn,bevFrtRoadLight
SI,h1650,0.45228041046836875,scr2002,avaStIn,bevFrtRoadLight
SI,h1651,0.5341134302691986,scr2002,avaStIn,bevFrtRoadLight
SI,h1652,0.5851656457268322,scr2002,avaStIn,bevFrtRoadLight
SI,h1653,0.6079565962864942,scr2002,avaStIn,bevFrtRoadLight
SI,h1654,0.6088378322847627,scr2002,avaStIn,bevFrtRoadLight
SI,h1655,0.5862547005889717,scr2002,avaStIn,bevFrtRoadLight
SI,h1656,0.5503272305028044,scr2002,avaStIn,bevFrtRoadLight
SI,h1657,0.5277989482493217,scr2002,avaStIn,bevFrtRoadLight
SI,h1658,0.5107010378978177,scr2002,avaStIn,bevFrtRoadLight
SI,h1659,0.5002557267591349,scr2002,avaStIn,bevFrtRoadLight
SI,h1660,0.4779833592811431,scr2002,avaStIn,bevFrtRoadLight
SI,h1661,0.45518876455881485,scr2002,avaStIn,bevFrtRoadLight
SI,h1662,0.43596244051473665,scr2002,avaStIn,bevFrtRoadLight
SI,h1663,0.4287672948543091,scr2002,avaStIn,bevFrtRoadLight
SI,h1664,0.4310449118345231,scr2002,avaStIn,bevFrtRoadLight
SI,h1665,0.43651906754470926,scr2002,avaStIn,bevFrtRoadLight
SI,h1666,0.42784196327677315,scr2002,avaStIn,bevFrtRoadLight
SI,h1667,0.40165285769436365,scr2002,avaStIn,bevFrtRoadLight
SI,h1668,0.3554492048303812,scr2002,avaStIn,bevFrtRoadLight
SI,h1669,0.30743387757687923,scr2002,avaStIn,bevFrtRoadLight
SI,h1670,0.278936309503648,scr2002,avaStIn,bevFrtRoadLight
SI,h1671,0.28525649117608465,scr2002,avaStIn,bevFrtRoadLight
SI,h1672,0.33100477113297455,scr2002,avaStIn,bevFrtRoadLight
SI,h1673,0.3951643597987161,scr2002,avaStIn,bevFrtRoadLight
SI,h1674,0.46644985491696445,scr2002,avaStIn,bevFrtRoadLight
SI,h1675,0.5302489042156142,scr2002,avaStIn,bevFrtRoadLight
SI,h1676,0.5770673902258092,scr2002,avaStIn,bevFrtRoadLight
SI,h1677,0.5986769755958498,scr2002,avaStIn,bevFrtRoadLight
SI,h1678,0.6016883948095747,scr2002,avaStIn,bevFrtRoadLight
SI,h1679,0.5924055260109063,scr2002,avaStIn,bevFrtRoadLight
SI,h1680,0.5774847836798132,scr2002,avaStIn,bevFrtRoadLight
SI,h1681,0.5517773619954187,scr2002,avaStIn,bevFrtRoadLight
SI,h1682,0.5248358437172166,scr2002,avaStIn,bevFrtRoadLight
SI,h1683,0.5002557267591349,scr2002,avaStIn,bevFrtRoadLight
SI,h1684,0.4779833592811431,scr2002,avaStIn,bevFrtRoadLight
SI,h1685,0.45518876455881485,scr2002,avaStIn,bevFrtRoadLight
SI,h1686,0.43596244051473665,scr2002,avaStIn,bevFrtRoadLight
SI,h1687,0.4287672948543091,scr2002,avaStIn,bevFrtRoadLight
SI,h1688,0.4310449118345231,scr2002,avaStIn,bevFrtRoadLight
SI,h1689,0.43651906754470926,scr2002,avaStIn,bevFrtRoadLight
SI,h1690,0.42784196327677315,scr2002,avaStIn,bevFrtRoadLight
SI,h1691,0.40165285769436365,scr2002,avaStIn,bevFrtRoadLight
SI,h1692,0.3554492048303812,scr2002,avaStIn,bevFrtRoadLight
SI,h1693,0.30743387757687923,scr2002,avaStIn,bevFrtRoadLight
SI,h1694,0.278936309503648,scr2002,avaStIn,bevFrtRoadLight
SI,h1695,0.28525649117608465,scr2002,avaStIn,bevFrtRoadLight
SI,h1696,0.33100477113297455,scr2002,avaStIn,bevFrtRoadLight
SI,h1697,0.3951643597987161,scr2002,avaStIn,bevFrtRoadLight
SI,h1698,0.46644985491696445,scr2002,avaStIn,bevFrtRoadLight
SI,h1699,0.5302489042156142,scr2002,avaStIn,bevFrtRoadLight
SI,h1700,0.5770673902258092,scr2002,avaStIn,bevFrtRoadLight
SI,h1701,0.5986769755958498,scr2002,avaStIn,bevFrtRoadLight
SI,h1702,0.6016883948095747,scr2002,avaStIn,bevFrtRoadLight
SI,h1703,0.5924055260109063,scr2002,avaStIn,bevFrtRoadLight
SI,h1704,0.5774847836798132,scr2002,avaStIn,bevFrtRoadLight
SI,h1705,0.509038057831711,scr2002,avaStIn,bevFrtRoadLight
SI,h1706,0.45316073221470254,scr2002,avaStIn,bevFrtRoadLight
SI,h1707,0.4106293035759673,scr2002,avaStIn,bevFrtRoadLight
SI,h1708,0.4302562346105031,scr2002,avaStIn,bevFrtRoadLight
SI,h1709,0.4411964644145132,scr2002,avaStIn,bevFrtRoadLight
SI,h1710,0.45751109901302867,scr2002,avaStIn,bevFrtRoadLight
SI,h1711,0.48871757217710954,scr2002,avaStIn,bevFrtRoadLight
SI,h1712,0.5314509691002262,scr2002,avaStIn,bevFrtRoadLight
SI,h1713,0.5711878747561929,scr2002,avaStIn,bevFrtRoadLight
SI,h1714,0.5980939691710526,scr2002,avaStIn,bevFrtRoadLight
SI,h1715,0.608394034195855,scr2002,avaStIn,bevFrtRoadLight
SI,h1716,0.6010568773540479,scr2002,avaStIn,bevFrtRoadLight
SI,h1717,0.5764247164288175,scr2002,avaStIn,bevFrtRoadLight
SI,h1718,0.5401459054358786,scr2002,avaStIn,bevFrtRoadLight
SI,h1719,0.4982672792884357,scr2002,avaStIn,bevFrtRoadLight
SI,h1720,0.4574139907405833,scr2002,avaStIn,bevFrtRoadLight
SI,h1721,0.42470386872332366,scr2002,avaStIn,bevFrtRoadLight
SI,h1722,0.4070105681582177,scr2002,avaStIn,bevFrtRoadLight
SI,h1723,0.3993554704479094,scr2002,avaStIn,bevFrtRoadLight
SI,h1724,0.3942528360151184,scr2002,avaStIn,bevFrtRoadLight
SI,h1725,0.3809841238928826,scr2002,avaStIn,bevFrtRoadLight
SI,h1726,0.3497784944040866,scr2002,avaStIn,bevFrtRoadLight
SI,h1727,0.3123069662403203,scr2002,avaStIn,bevFrtRoadLight
SI,h1728,0.2821792829284123,scr2002,avaStIn,bevFrtRoadLight
SI,h1729,0.3106843918239848,scr2002,avaStIn,bevFrtRoadLight
SI,h1730,0.35866299968064763,scr2002,avaStIn,bevFrtRoadLight
SI,h1731,0.4106293035759673,scr2002,avaStIn,bevFrtRoadLight
SI,h1732,0.4302562346105031,scr2002,avaStIn,bevFrtRoadLight
SI,h1733,0.4411964644145132,scr2002,avaStIn,bevFrtRoadLight
SI,h1734,0.45751109901302867,scr2002,avaStIn,bevFrtRoadLight
SI,h1735,0.48871757217710954,scr2002,avaStIn,bevFrtRoadLight
SI,h1736,0.5314509691002262,scr2002,avaStIn,bevFrtRoadLight
SI,h1737,0.5711878747561929,scr2002,avaStIn,bevFrtRoadLight
SI,h1738,0.5980939691710526,scr2002,avaStIn,bevFrtRoadLight
SI,h1739,0.608394034195855,scr2002,avaStIn,bevFrtRoadLight
SI,h1740,0.6010568773540479,scr2002,avaStIn,bevFrtRoadLight
SI,h1741,0.5764247164288175,scr2002,avaStIn,bevFrtRoadLight
SI,h1742,0.5401459054358786,scr2002,avaStIn,bevFrtRoadLight
SI,h1743,0.4982672792884357,scr2002,avaStIn,bevFrtRoadLight
SI,h1744,0.4574139907405833,scr2002,avaStIn,bevFrtRoadLight
SI,h1745,0.42470386872332366,scr2002,avaStIn,bevFrtRoadLight
SI,h1746,0.4070105681582177,scr2002,avaStIn,bevFrtRoadLight
SI,h1747,0.3993554704479094,scr2002,avaStIn,bevFrtRoadLight
SI,h1748,0.3942528360151184,scr2002,avaStIn,bevFrtRoadLight
SI,h1749,0.3809841238928826,scr2002,avaStIn,bevFrtRoadLight
SI,h1750,0.3497784944040866,scr2002,avaStIn,bevFrtRoadLight
SI,h1751,0.3123069662403203,scr2002,avaStIn,bevFrtRoadLight
SI,h1752,0.2821792829284123,scr2002,avaStIn,bevFrtRoadLight
SI,h1753,0.3106843918239848,scr2002,avaStIn,bevFrtRoadLight
SI,h1754,0.35866299968064763,scr2002,avaStIn,bevFrtRoadLight
SI,h1755,0.4106293035759673,scr2002,avaStIn,bevFrtRoadLight
SI,h1756,0.4302562346105031,scr2002,avaStIn,bevFrtRoadLight
SI,h1757,0.4411964644145132,scr2002,avaStIn,bevFrtRoadLight
SI,h1758,0.45751109901302867,scr2002,avaStIn,bevFrtRoadLight
SI,h1759,0.48871757217710954,scr2002,avaStIn,bevFrtRoadLight
SI,h1760,0.5314509691002262,scr2002,avaStIn,bevFrtRoadLight
SI,h1761,0.5711878747561929,scr2002,avaStIn,bevFrtRoadLight
SI,h1762,0.5980939691710526,scr2002,avaStIn,bevFrtRoadLight
SI,h1763,0.608394034195855,scr2002,avaStIn,bevFrtRoadLight
SI,h1764,0.6010568773540479,scr2002,avaStIn,bevFrtRoadLight
SI,h1765,0.5764247164288175,scr2002,avaStIn,bevFrtRoadLight
SI,h1766,0.5401459054358786,scr2002,avaStIn,bevFrtRoadLight
SI,h1767,0.4982672792884357,scr2002,avaStIn,bevFrtRoadLight
SI,h1768,0.4574139907405833,scr2002,avaStIn,bevFrtRoadLight
SI,h1769,0.42470386872332366,scr2002,avaStIn,bevFrtRoadLight
SI,h1770,0.4070105681582177,scr2002,avaStIn,bevFrtRoadLight
SI,h1771,0.3993554704479094,scr2002,avaStIn,bevFrtRoadLight
SI,h1772,0.3942528360151184,scr2002,avaStIn,bevFrtRoadLight
SI,h1773,0.3809841238928826,scr2002,avaStIn,bevFrtRoadLight
SI,h1774,0.3497784944040866,scr2002,avaStIn,bevFrtRoadLight
SI,h1775,0.3123069662403203,scr2002,avaStIn,bevFrtRoadLight
SI,h1776,0.2821792829284123,scr2002,avaStIn,bevFrtRoadLight
SI,h1777,0.230095162221032,scr2002,avaStIn,bevFrtRoadLight
SI,h1778,0.2300917975935889,scr2002,avaStIn,bevFrtRoadLight
SI,h1779,0.27148343409663167,scr2002,avaStIn,bevFrtRoadLight
SI,h1780,0.3790725700696759,scr2002,avaStIn,bevFrtRoadLight
SI,h1781,0.4623404992613247,scr2002,avaStIn,bevFrtRoadLight
SI,h1782,0.5259162274800008,scr2002,avaStIn,bevFrtRoadLight
SI,h1783,0.5772992909654577,scr2002,avaStIn,bevFrtRoadLight
SI,h1784,0.6171735770568829,scr2002,avaStIn,bevFrtRoadLight
SI,h1785,0.6409152522621753,scr2002,avaStIn,bevFrtRoadLight
SI,h1786,0.6489166669999998,scr2002,avaStIn,bevFrtRoadLight
SI,h1787,0.6400350534574337,scr2002,avaStIn,bevFrtRoadLight
SI,h1788,0.61588415769173,scr2002,avaStIn,bevFrtRoadLight
SI,h1789,0.5753501172674538,scr2002,avaStIn,bevFrtRoadLight
SI,h1790,0.5273486726990765,scr2002,avaStIn,bevFrtRoadLight
SI,h1791,0.47682400205808595,scr2002,avaStIn,bevFrtRoadLight
SI,h1792,0.4288063768750643,scr2002,avaStIn,bevFrtRoadLight
SI,h1793,0.39374570481652504,scr2002,avaStIn,bevFrtRoadLight
SI,h1794,0.3749031506247579,scr2002,avaStIn,bevFrtRoadLight
SI,h1795,0.37209330121313167,scr2002,avaStIn,bevFrtRoadLight
SI,h1796,0.36873105182903665,scr2002,avaStIn,bevFrtRoadLight
SI,h1797,0.3543630997986469,scr2002,avaStIn,bevFrtRoadLight
SI,h1798,0.3154781828948128,scr2002,avaStIn,bevFrtRoadLight
SI,h1799,0.27112993299959987,scr2002,avaStIn,bevFrtRoadLight
SI,h1800,0.2381911639591776,scr2002,avaStIn,bevFrtRoadLight
SI,h1801,0.20075744833264675,scr2002,avaStIn,bevFrtRoadLight
SI,h1802,0.21575624655576675,scr2002,avaStIn,bevFrtRoadLight
SI,h1803,0.27148343409663167,scr2002,avaStIn,bevFrtRoadLight
SI,h1804,0.3790725700696759,scr2002,avaStIn,bevFrtRoadLight
SI,h1805,0.4623404992613247,scr2002,avaStIn,bevFrtRoadLight
SI,h1806,0.5259162274800008,scr2002,avaStIn,bevFrtRoadLight
SI,h1807,0.5772992909654577,scr2002,avaStIn,bevFrtRoadLight
SI,h1808,0.6171735770568829,scr2002,avaStIn,bevFrtRoadLight
SI,h1809,0.6409152522621753,scr2002,avaStIn,bevFrtRoadLight
SI,h1810,0.6489166669999998,scr2002,avaStIn,bevFrtRoadLight
SI,h1811,0.6400350534574337,scr2002,avaStIn,bevFrtRoadLight
SI,h1812,0.61588415769173,scr2002,avaStIn,bevFrtRoadLight
SI,h1813,0.5753501172674538,scr2002,avaStIn,bevFrtRoadLight
SI,h1814,0.5273486726990765,scr2002,avaStIn,bevFrtRoadLight
SI,h1815,0.47682400205808595,scr2002,avaStIn,bevFrtRoadLight
SI,h1816,0.4288063768750643,scr2002,avaStIn,bevFrtRoadLight
SI,h1817,0.39374570481652504,scr2002,avaStIn,bevFrtRoadLight
SI,h1818,0.3749031506247579,scr2002,avaStIn,bevFrtRoadLight
SI,h1819,0.37209330121313167,scr2002,avaStIn,bevFrtRoadLight
SI,h1820,0.36873105182903665,scr2002,avaStIn,bevFrtRoadLight
SI,h1821,0.3543630997986469,scr2002,avaStIn,bevFrtRoadLight
SI,h1822,0.3154781828948128,scr2002,avaStIn,bevFrtRoadLight
SI,h1823,0.27112993299959987,scr2002,avaStIn,bevFrtRoadLight
SI,h1824,0.2381911639591776,scr2002,avaStIn,bevFrtRoadLight
SI,h1825,0.28388199759953203,scr2002,avaStIn,bevFrtRoadLight
SI,h1826,0.34615260530650627,scr2002,avaStIn,bevFrtRoadLight
SI,h1827,0.4106293035759673,scr2002,avaStIn,bevFrtRoadLight
SI,h1828,0.4302562346105031,scr2002,avaStIn,bevFrtRoadLight
SI,h1829,0.4411964644145132,scr2002,avaStIn,bevFrtRoadLight
SI,h1830,0.45751109901302867,scr2002,avaStIn,bevFrtRoadLight
SI,h1831,0.48871757217710954,scr2002,avaStIn,bevFrtRoadLight
SI,h1832,0.5314509691002262,scr2002,avaStIn,bevFrtRoadLight
SI,h1833,0.5711878747561929,scr2002,avaStIn,bevFrtRoadLight
SI,h1834,0.5980939691710526,scr2002,avaStIn,bevFrtRoadLight
SI,h1835,0.608394034195855,scr2002,avaStIn,bevFrtRoadLight
SI,h1836,0.6010568773540479,scr2002,avaStIn,bevFrtRoadLight
SI,h1837,0.5764247164288175,scr2002,avaStIn,bevFrtRoadLight
SI,h1838,0.5401459054358786,scr2002,avaStIn,bevFrtRoadLight
SI,h1839,0.4982672792884357,scr2002,avaStIn,bevFrtRoadLight
SI,h1840,0.4574139907405833,scr2002,avaStIn,bevFrtRoadLight
SI,h1841,0.42470386872332366,scr2002,avaStIn,bevFrtRoadLight
SI,h1842,0.4070105681582177,scr2002,avaStIn,bevFrtRoadLight
SI,h1843,0.3993554704479094,scr2002,avaStIn,bevFrtRoadLight
SI,h1844,0.3942528360151184,scr2002,avaStIn,bevFrtRoadLight
SI,h1845,0.3809841238928826,scr2002,avaStIn,bevFrtRoadLight
SI,h1846,0.3497784944040866,scr2002,avaStIn,bevFrtRoadLight
SI,h1847,0.3123069662403203,scr2002,avaStIn,bevFrtRoadLight
SI,h1848,0.2821792829284123,scr2002,avaStIn,bevFrtRoadLight
SI,h1849,0.3106843918239848,scr2002,avaStIn,bevFrtRoadLight
SI,h1850,0.35866299968064763,scr2002,avaStIn,bevFrtRoadLight
SI,h1851,0.4106293035759673,scr2002,avaStIn,bevFrtRoadLight
SI,h1852,0.4302562346105031,scr2002,avaStIn,bevFrtRoadLight
SI,h1853,0.4411964644145132,scr2002,avaStIn,bevFrtRoadLight
SI,h1854,0.45751109901302867,scr2002,avaStIn,bevFrtRoadLight
SI,h1855,0.48871757217710954,scr2002,avaStIn,bevFrtRoadLight
SI,h1856,0.5314509691002262,scr2002,avaStIn,bevFrtRoadLight
SI,h1857,0.5711878747561929,scr2002,avaStIn,bevFrtRoadLight
SI,h1858,0.5980939691710526,scr2002,avaStIn,bevFrtRoadLight
SI,h1859,0.608394034195855,scr2002,avaStIn,bevFrtRoadLight
SI,h1860,0.6010568773540479,scr2002,avaStIn,bevFrtRoadLight
SI,h1861,0.5764247164288175,scr2002,avaStIn,bevFrtRoadLight
SI,h1862,0.5401459054358786,scr2002,avaStIn,bevFrtRoadLight
SI,h1863,0.4982672792884357,scr2002,avaStIn,bevFrtRoadLight
SI,h1864,0.4574139907405833,scr2002,avaStIn,bevFrtRoadLight
SI,h1865,0.42470386872332366,scr2002,avaStIn,bevFrtRoadLight
SI,h1866,0.4070105681582177,scr2002,avaStIn,bevFrtRoadLight
SI,h1867,0.3993554704479094,scr2002,avaStIn,bevFrtRoadLight
SI,h1868,0.3942528360151184,scr2002,avaStIn,bevFrtRoadLight
SI,h1869,0.3809841238928826,scr2002,avaStIn,bevFrtRoadLight
SI,h1870,0.3497784944040866,scr2002,avaStIn,bevFrtRoadLight
SI,h1871,0.3123069662403203,scr2002,avaStIn,bevFrtRoadLight
SI,h1872,0.2821792829284123,scr2002,avaStIn,bevFrtRoadLight
SI,h1873,0.3106843918239848,scr2002,avaStIn,bevFrtRoadLight
SI,h1874,0.35866299968064763,scr2002,avaStIn,bevFrtRoadLight
SI,h1875,0.4106293035759673,scr2002,avaStIn,bevFrtRoadLight
SI,h1876,0.4302562346105031,scr2002,avaStIn,bevFrtRoadLight
SI,h1877,0.4411964644145132,scr2002,avaStIn,bevFrtRoadLight
SI,h1878,0.45751109901302867,scr2002,avaStIn,bevFrtRoadLight
SI,h1879,0.48871757217710954,scr2002,avaStIn,bevFrtRoadLight
SI,h1880,0.5314509691002262,scr2002,avaStIn,bevFrtRoadLight
SI,h1881,0.5711878747561929,scr2002,avaStIn,bevFrtRoadLight
SI,h1882,0.5980939691710526,scr2002,avaStIn,bevFrtRoadLight
SI,h1883,0.608394034195855,scr2002,avaStIn,bevFrtRoadLight
SI,h1884,0.6010568773540479,scr2002,avaStIn,bevFrtRoadLight
SI,h1885,0.5764247164288175,scr2002,avaStIn,bevFrtRoadLight
SI,h1886,0.5401459054358786,scr2002,avaStIn,bevFrtRoadLight
SI,h1887,0.4982672792884357,scr2002,avaStIn,bevFrtRoadLight
SI,h1888,0.4574139907405833,scr2002,avaStIn,bevFrtRoadLight
SI,h1889,0.42470386872332366,scr2002,avaStIn,bevFrtRoadLight
SI,h1890,0.4070105681582177,scr2002,avaStIn,bevFrtRoadLight
SI,h1891,0.3993554704479094,scr2002,avaStIn,bevFrtRoadLight
SI,h1892,0.3942528360151184,scr2002,avaStIn,bevFrtRoadLight
SI,h1893,0.3809841238928826,scr2002,avaStIn,bevFrtRoadLight
SI,h1894,0.3497784944040866,scr2002,avaStIn,bevFrtRoadLight
SI,h1895,0.3123069662403203,scr2002,avaStIn,bevFrtRoadLight
SI,h1896,0.2821792829284123,scr2002,avaStIn,bevFrtRoadLight
SI,h1897,0.3106843918239848,scr2002,avaStIn,bevFrtRoadLight
SI,h1898,0.35866299968064763,scr2002,avaStIn,bevFrtRoadLight
SI,h1899,0.4106293035759673,scr2002,avaStIn,bevFrtRoadLight
SI,h1900,0.4302562346105031,scr2002,avaStIn,bevFrtRoadLight
SI,h1901,0.4411964644145132,scr2002,avaStIn,bevFrtRoadLight
SI,h1902,0.45751109901302867,scr2002,avaStIn,bevFrtRoadLight
SI,h1903,0.48871757217710954,scr2002,avaStIn,bevFrtRoadLight
SI,h1904,0.5314509691002262,scr2002,avaStIn,bevFrtRoadLight
SI,h1905,0.5711878747561929,scr2002,avaStIn,bevFrtRoadLight
SI,h1906,0.5980939691710526,scr2002,avaStIn,bevFrtRoadLight
SI,h1907,0.608394034195855,scr2002,avaStIn,bevFrtRoadLight
SI,h1908,0.6010568773540479,scr2002,avaStIn,bevFrtRoadLight
SI,h1909,0.5764247164288175,scr2002,avaStIn,bevFrtRoadLight
SI,h1910,0.5401459054358786,scr2002,avaStIn,bevFrtRoadLight
SI,h1911,0.4982672792884357,scr2002,avaStIn,bevFrtRoadLight
SI,h1912,0.4574139907405833,scr2002,avaStIn,bevFrtRoadLight
SI,h1913,0.42470386872332366,scr2002,avaStIn,bevFrtRoadLight
SI,h1914,0.4070105681582177,scr2002,avaStIn,bevFrtRoadLight
SI,h1915,0.3993554704479094,scr2002,avaStIn,bevFrtRoadLight
SI,h1916,0.3942528360151184,scr2002,avaStIn,bevFrtRoadLight
SI,h1917,0.3809841238928826,scr2002,avaStIn,bevFrtRoadLight
SI,h1918,0.3497784944040866,scr2002,avaStIn,bevFrtRoadLight
SI,h1919,0.3123069662403203,scr2002,avaStIn,bevFrtRoadLight
SI,h1920,0.2821792829284123,scr2002,avaStIn,bevFrtRoadLight
SI,h1921,0.3106843918239848,scr2002,avaStIn,bevFrtRoadLight
SI,h1922,0.35866299968064763,scr2002,avaStIn,bevFrtRoadLight
SI,h1923,0.4106293035759673,scr2002,avaStIn,bevFrtRoadLight
SI,h1924,0.4302562346105031,scr2002,avaStIn,bevFrtRoadLight
SI,h1925,0.4411964644145132,scr2002,avaStIn,bevFrtRoadLight
SI,h1926,0.45751109901302867,scr2002,avaStIn,bevFrtRoadLight
SI,h1927,0.48871757217710954,scr2002,avaStIn,bevFrtRoadLight
SI,h1928,0.5314509691002262,scr2002,avaStIn,bevFrtRoadLight
SI,h1929,0.5711878747561929,scr2002,avaStIn,bevFrtRoadLight
SI,h1930,0.5980939691710526,scr2002,avaStIn,bevFrtRoadLight
SI,h1931,0.608394034195855,scr2002,avaStIn,bevFrtRoadLight
SI,h1932,0.6010568773540479,scr2002,avaStIn,bevFrtRoadLight
SI,h1933,0.5764247164288175,scr2002,avaStIn,bevFrtRoadLight
SI,h1934,0.5401459054358786,scr2002,avaStIn,bevFrtRoadLight
SI,h1935,0.4982672792884357,scr2002,avaStIn,bevFrtRoadLight
SI,h1936,0.4574139907405833,scr2002,avaStIn,bevFrtRoadLight
SI,h1937,0.42470386872332366,scr2002,avaStIn,bevFrtRoadLight
SI,h1938,0.4070105681582177,scr2002,avaStIn,bevFrtRoadLight
SI,h1939,0.3993554704479094,scr2002,avaStIn,bevFrtRoadLight
SI,h1940,0.3942528360151184,scr2002,avaStIn,bevFrtRoadLight
SI,h1941,0.3809841238928826,scr2002,avaStIn,bevFrtRoadLight
SI,h1942,0.3497784944040866,scr2002,avaStIn,bevFrtRoadLight
SI,h1943,0.3123069662403203,scr2002,avaStIn,bevFrtRoadLight
SI,h1944,0.2821792829284123,scr2002,avaStIn,bevFrtRoadLight
SI,h1945,0.230095162221032,scr2002,avaStIn,bevFrtRoadLight
SI,h1946,0.2300917975935889,scr2002,avaStIn,bevFrtRoadLight
SI,h1947,0.27148343409663167,scr2002,avaStIn,bevFrtRoadLight
SI,h1948,0.3790725700696759,scr2002,avaStIn,bevFrtRoadLight
SI,h1949,0.4623404992613247,scr2002,avaStIn,bevFrtRoadLight
SI,h1950,0.5259162274800008,scr2002,avaStIn,bevFrtRoadLight
SI,h1951,0.5772992909654577,scr2002,avaStIn,bevFrtRoadLight
SI,h1952,0.6171735770568829,scr2002,avaStIn,bevFrtRoadLight
SI,h1953,0.6409152522621753,scr2002,avaStIn,bevFrtRoadLight
SI,h1954,0.6489166669999998,scr2002,avaStIn,bevFrtRoadLight
SI,h1955,0.6400350534574337,scr2002,avaStIn,bevFrtRoadLight
SI,h1956,0.61588415769173,scr2002,avaStIn,bevFrtRoadLight
SI,h1957,0.5753501172674538,scr2002,avaStIn,bevFrtRoadLight
SI,h1958,0.5273486726990765,scr2002,avaStIn,bevFrtRoadLight
SI,h1959,0.47682400205808595,scr2002,avaStIn,bevFrtRoadLight
SI,h1960,0.4288063768750643,scr2002,avaStIn,bevFrtRoadLight
SI,h1961,0.39374570481652504,scr2002,avaStIn,bevFrtRoadLight
SI,h1962,0.3749031506247579,scr2002,avaStIn,bevFrtRoadLight
SI,h1963,0.37209330121313167,scr2002,avaStIn,bevFrtRoadLight
SI,h1964,0.36873105182903665,scr2002,avaStIn,bevFrtRoadLight
SI,h1965,0.3543630997986469,scr2002,avaStIn,bevFrtRoadLight
SI,h1966,0.3154781828948128,scr2002,avaStIn,bevFrtRoadLight
SI,h1967,0.27112993299959987,scr2002,avaStIn,bevFrtRoadLight
SI,h1968,0.2381911639591776,scr2002,avaStIn,bevFrtRoadLight
SI,h1969,0.20075744833264675,scr2002,avaStIn,bevFrtRoadLight
SI,h1970,0.21575624655576675,scr2002,avaStIn,bevFrtRoadLight
SI,h1971,0.27148343409663167,scr2002,avaStIn,bevFrtRoadLight
SI,h1972,0.3790725700696759,scr2002,avaStIn,bevFrtRoadLight
SI,h1973,0.4623404992613247,scr2002,avaStIn,bevFrtRoadLight
SI,h1974,0.5259162274800008,scr2002,avaStIn,bevFrtRoadLight
SI,h1975,0.5772992909654577,scr2002,avaStIn,bevFrtRoadLight
SI,h1976,0.6171735770568829,scr2002,avaStIn,bevFrtRoadLight
SI,h1977,0.6409152522621753,scr2002,avaStIn,bevFrtRoadLight
SI,h1978,0.6489166669999998,scr2002,avaStIn,bevFrtRoadLight
SI,h1979,0.6400350534574337,scr2002,avaStIn,bevFrtRoadLight
SI,h1980,0.61588415769173,scr2002,avaStIn,bevFrtRoadLight
SI,h1981,0.5753501172674538,scr2002,avaStIn,bevFrtRoadLight
SI,h1982,0.5273486726990765,scr2002,avaStIn,bevFrtRoadLight
SI,h1983,0.47682400205808595,scr2002,avaStIn,bevFrtRoadLight
SI,h1984,0.4288063768750643,scr2002,avaStIn,bevFrtRoadLight
SI,h1985,0.39374570481652504,scr2002,avaStIn,bevFrtRoadLight
SI,h1986,0.3749031506247579,scr2002,avaStIn,bevFrtRoadLight
SI,h1987,0.37209330121313167,scr2002,avaStIn,bevFrtRoadLight
SI,h1988,0.36873105182903665,scr2002,avaStIn,bevFrtRoadLight
SI,h1989,0.3543630997986469,scr2002,avaStIn,bevFrtRoadLight
SI,h1990,0.3154781828948128,scr2002,avaStIn,bevFrtRoadLight
SI,h1991,0.27112993299959987,scr2002,avaStIn,bevFrtRoadLight
SI,h1992,0.2381911639591776,scr2002,avaStIn,bevFrtRoadLight
SI,h1993,0.28388199759953203,scr2002,avaStIn,bevFrtRoadLight
SI,h1994,0.34615260530650627,scr2002,avaStIn,bevFrtRoadLight
SI,h1995,0.4106293035759673,scr2002,avaStIn,bevFrtRoadLight
SI,h1996,0.4302562346105031,scr2002,avaStIn,bevFrtRoadLight
SI,h1997,0.4411964644145132,scr2002,avaStIn,bevFrtRoadLight
SI,h1998,0.45751109901302867,scr2002,avaStIn,bevFrtRoadLight
SI,h1999,0.48871757217710954,scr2002,avaStIn,bevFrtRoadLight
SI,h2000,0.5314509691002262,scr2002,avaStIn,bevFrtRoadLight
SI,h2001,0.5711878747561929,scr2002,avaStIn,bevFrtRoadLight
SI,h2002,0.5980939691710526,scr2002,avaStIn,bevFrtRoadLight
SI,h2003,0.608394034195855,scr2002,avaStIn,bevFrtRoadLight
SI,h2004,0.6010568773540479,scr2002,avaStIn,bevFrtRoadLight
SI,h2005,0.5764247164288175,scr2002,avaStIn,bevFrtRoadLight
SI,h2006,0.5401459054358786,scr2002,avaStIn,bevFrtRoadLight
SI,h2007,0.4982672792884357,scr2002,avaStIn,bevFrtRoadLight
SI,h2008,0.4574139907405833,scr2002,avaStIn,bevFrtRoadLight
SI,h2009,0.42470386872332366,scr2002,avaStIn,bevFrtRoadLight
SI,h2010,0.4070105681582177,scr2002,avaStIn,bevFrtRoadLight
SI,h2011,0.3993554704479094,scr2002,avaStIn,bevFrtRoadLight
SI,h2012,0.3942528360151184,scr2002,avaStIn,bevFrtRoadLight
SI,h2013,0.3809841238928826,scr2002,avaStIn,bevFrtRoadLight
SI,h2014,0.3497784944040866,scr2002,avaStIn,bevFrtRoadLight
SI,h2015,0.3123069662403203,scr2002,avaStIn,bevFrtRoadLight
SI,h2016,0.2821792829284123,scr2002,avaStIn,bevFrtRoadLight
SI,h2017,0.3072840894621327,scr2002,avaStIn,bevFrtRoadLight
SI,h2018,0.33666905394072466,scr2002,avaStIn,bevFrtRoadLight
SI,h2019,0.36655496485550265,scr2002,avaStIn,bevFrtRoadLight
SI,h2020,0.3745731212047183,scr2002,avaStIn,bevFrtRoadLight
SI,h2021,0.4026088526762964,scr2002,avaStIn,bevFrtRoadLight
SI,h2022,0.44640061438376677,scr2002,avaStIn,bevFrtRoadLight
SI,h2023,0.4973037920546317,scr2002,avaStIn,bevFrtRoadLight
SI,h2024,0.5420216950586382,scr2002,avaStIn,bevFrtRoadLight
SI,h2025,0.5736954068525849,scr2002,avaStIn,bevFrtRoadLight
SI,h2026,0.5880342997851788,scr2002,avaStIn,bevFrtRoadLight
SI,h2027,0.5918947845476326,scr2002,avaStIn,bevFrtRoadLight
SI,h2028,0.5837522950091351,scr2002,avaStIn,bevFrtRoadLight
SI,h2029,0.566630011228302,scr2002,avaStIn,bevFrtRoadLight
SI,h2030,0.5326460205473856,scr2002,avaStIn,bevFrtRoadLight
SI,h2031,0.48334141219508586,scr2002,avaStIn,bevFrtRoadLight
SI,h2032,0.4237800531764452,scr2002,avaStIn,bevFrtRoadLight
SI,h2033,0.3668064382544399,scr2002,avaStIn,bevFrtRoadLight
SI,h2034,0.33858624085132816,scr2002,avaStIn,bevFrtRoadLight
SI,h2035,0.33981235579051505,scr2002,avaStIn,bevFrtRoadLight
SI,h2036,0.3644150552627201,scr2002,avaStIn,bevFrtRoadLight
SI,h2037,0.39407002810213865,scr2002,avaStIn,bevFrtRoadLight
SI,h2038,0.4100441996396512,scr2002,avaStIn,bevFrtRoadLight
SI,h2039,0.41244752514225314,scr2002,avaStIn,bevFrtRoadLight
SI,h2040,0.3977671810575979,scr2002,avaStIn,bevFrtRoadLight
SI,h2041,0.3840802424090224,scr2002,avaStIn,bevFrtRoadLight
SI,h2042,0.37136048642151265,scr2002,avaStIn,bevFrtRoadLight
SI,h2043,0.36655496485550265,scr2002,avaStIn,bevFrtRoadLight
SI,h2044,0.3745731212047183,scr2002,avaStIn,bevFrtRoadLight
SI,h2045,0.4026088526762964,scr2002,avaStIn,bevFrtRoadLight
SI,h2046,0.44640061438376677,scr2002,avaStIn,bevFrtRoadLight
SI,h2047,0.4973037920546317,scr2002,avaStIn,bevFrtRoadLight
SI,h2048,0.5420216950586382,scr2002,avaStIn,bevFrtRoadLight
SI,h2049,0.5736954068525849,scr2002,avaStIn,bevFrtRoadLight
SI,h2050,0.5880342997851788,scr2002,avaStIn,bevFrtRoadLight
SI,h2051,0.5918947845476326,scr2002,avaStIn,bevFrtRoadLight
SI,h2052,0.5837522950091351,scr2002,avaStIn,bevFrtRoadLight
SI,h2053,0.566630011228302,scr2002,avaStIn,bevFrtRoadLight
SI,h2054,0.5326460205473856,scr2002,avaStIn,bevFrtRoadLight
SI,h2055,0.48334141219508586,scr2002,avaStIn,bevFrtRoadLight
SI,h2056,0.4237800531764452,scr2002,avaStIn,bevFrtRoadLight
SI,h2057,0.3668064382544399,scr2002,avaStIn,bevFrtRoadLight
SI,h2058,0.33858624085132816,scr2002,avaStIn,bevFrtRoadLight
SI,h2059,0.33981235579051505,scr2002,avaStIn,bevFrtRoadLight
SI,h2060,0.3644150552627201,scr2002,avaStIn,bevFrtRoadLight
SI,h2061,0.39407002810213865,scr2002,avaStIn,bevFrtRoadLight
SI,h2062,0.4100441996396512,scr2002,avaStIn,bevFrtRoadLight
SI,h2063,0.41244752514225314,scr2002,avaStIn,bevFrtRoadLight
SI,h2064,0.3977671810575979,scr2002,avaStIn,bevFrtRoadLight
SI,h2065,0.3840802424090224,scr2002,avaStIn,bevFrtRoadLight
SI,h2066,0.37136048642151265,scr2002,avaStIn,bevFrtRoadLight
SI,h2067,0.36655496485550265,scr2002,avaStIn,bevFrtRoadLight
SI,h2068,0.3745731212047183,scr2002,avaStIn,bevFrtRoadLight
SI,h2069,0.4026088526762964,scr2002,avaStIn,bevFrtRoadLight
SI,h2070,0.44640061438376677,scr2002,avaStIn,bevFrtRoadLight
SI,h2071,0.4973037920546317,scr2002,avaStIn,bevFrtRoadLight
SI,h2072,0.5420216950586382,scr2002,avaStIn,bevFrtRoadLight
SI,h2073,0.5736954068525849,scr2002,avaStIn,bevFrtRoadLight
SI,h2074,0.5880342997851788,scr2002,avaStIn,bevFrtRoadLight
SI,h2075,0.5918947845476326,scr2002,avaStIn,bevFrtRoadLight
SI,h2076,0.5837522950091351,scr2002,avaStIn,bevFrtRoadLight
SI,h2077,0.566630011228302,scr2002,avaStIn,bevFrtRoadLight
SI,h2078,0.5326460205473856,scr2002,avaStIn,bevFrtRoadLight
SI,h2079,0.48334141219508586,scr2002,avaStIn,bevFrtRoadLight
SI,h2080,0.4237800531764452,scr2002,avaStIn,bevFrtRoadLight
SI,h2081,0.3668064382544399,scr2002,avaStIn,bevFrtRoadLight
SI,h2082,0.33858624085132816,scr2002,avaStIn,bevFrtRoadLight
SI,h2083,0.33981235579051505,scr2002,avaStIn,bevFrtRoadLight
SI,h2084,0.3644150552627201,scr2002,avaStIn,bevFrtRoadLight
SI,h2085,0.39407002810213865,scr2002,avaStIn,bevFrtRoadLight
SI,h2086,0.4100441996396512,scr2002,avaStIn,bevFrtRoadLight
SI,h2087,0.41244752514225314,scr2002,avaStIn,bevFrtRoadLight
SI,h2088,0.3977671810575979,scr2002,avaStIn,bevFrtRoadLight
SI,h2089,0.3840802424090224,scr2002,avaStIn,bevFrtRoadLight
SI,h2090,0.37136048642151265,scr2002,avaStIn,bevFrtRoadLight
SI,h2091,0.36655496485550265,scr2002,avaStIn,bevFrtRoadLight
SI,h2092,0.3745731212047183,scr2002,avaStIn,bevFrtRoadLight
SI,h2093,0.4026088526762964,scr2002,avaStIn,bevFrtRoadLight
SI,h2094,0.44640061438376677,scr2002,avaStIn,bevFrtRoadLight
SI,h2095,0.4973037920546317,scr2002,avaStIn,bevFrtRoadLight
SI,h2096,0.5420216950586382,scr2002,avaStIn,bevFrtRoadLight
SI,h2097,0.5736954068525849,scr2002,avaStIn,bevFrtRoadLight
SI,h2098,0.5880342997851788,scr2002,avaStIn,bevFrtRoadLight
SI,h2099,0.5918947845476326,scr2002,avaStIn,bevFrtRoadLight
SI,h2100,0.5837522950091351,scr2002,avaStIn,bevFrtRoadLight
SI,h2101,0.566630011228302,scr2002,avaStIn,bevFrtRoadLight
SI,h2102,0.5326460205473856,scr2002,avaStIn,bevFrtRoadLight
SI,h2103,0.48334141219508586,scr2002,avaStIn,bevFrtRoadLight
SI,h2104,0.4237800531764452,scr2002,avaStIn,bevFrtRoadLight
SI,h2105,0.3668064382544399,scr2002,avaStIn,bevFrtRoadLight
SI,h2106,0.33858624085132816,scr2002,avaStIn,bevFrtRoadLight
SI,h2107,0.33981235579051505,scr2002,avaStIn,bevFrtRoadLight
SI,h2108,0.3644150552627201,scr2002,avaStIn,bevFrtRoadLight
SI,h2109,0.39407002810213865,scr2002,avaStIn,bevFrtRoadLight
SI,h2110,0.4100441996396512,scr2002,avaStIn,bevFrtRoadLight
SI,h2111,0.41244752514225314,scr2002,avaStIn,bevFrtRoadLight
SI,h2112,0.3977671810575979,scr2002,avaStIn,bevFrtRoadLight
SI,h2113,0.4215422859318668,scr2002,avaStIn,bevFrtRoadLight
SI,h2114,0.44561523253946533,scr2002,avaStIn,bevFrtRoadLight
SI,h2115,0.46890884939949806,scr2002,avaStIn,bevFrtRoadLight
SI,h2116,0.4606801828577375,scr2002,avaStIn,bevFrtRoadLight
SI,h2117,0.4598809008191356,scr2002,avaStIn,bevFrtRoadLight
SI,h2118,0.47373682010553864,scr2002,avaStIn,bevFrtRoadLight
SI,h2119,0.49837466067849223,scr2002,avaStIn,bevFrtRoadLight
SI,h2120,0.5249322712656334,scr2002,avaStIn,bevFrtRoadLight
SI,h2121,0.5295524702973696,scr2002,avaStIn,bevFrtRoadLight
SI,h2122,0.5237384833973733,scr2002,avaStIn,bevFrtRoadLight
SI,h2123,0.517462220076728,scr2002,avaStIn,bevFrtRoadLight
SI,h2124,0.5202231448594441,scr2002,avaStIn,bevFrtRoadLight
SI,h2125,0.5168074572603817,scr2002,avaStIn,bevFrtRoadLight
SI,h2126,0.4881087918461403,scr2002,avaStIn,bevFrtRoadLight
SI,h2127,0.4401501060096197,scr2002,avaStIn,bevFrtRoadLight
SI,h2128,0.3751810028677981,scr2002,avaStIn,bevFrtRoadLight
SI,h2129,0.3184738733356699,scr2002,avaStIn,bevFrtRoadLight
SI,h2130,0.2885496316681868,scr2002,avaStIn,bevFrtRoadLight
SI,h2131,0.2950430145218158,scr2002,avaStIn,bevFrtRoadLight
SI,h2132,0.3362350273761402,scr2002,avaStIn,bevFrtRoadLight
SI,h2133,0.3905257678468871,scr2002,avaStIn,bevFrtRoadLight
SI,h2134,0.4405757953478313,scr2002,avaStIn,bevFrtRoadLight
SI,h2135,0.4738121072088959,scr2002,avaStIn,bevFrtRoadLight
SI,h2136,0.4995552626921461,scr2002,avaStIn,bevFrtRoadLight
SI,h2137,0.5006979269249346,scr2002,avaStIn,bevFrtRoadLight
SI,h2138,0.49234384959123256,scr2002,avaStIn,bevFrtRoadLight
SI,h2139,0.46890884939949806,scr2002,avaStIn,bevFrtRoadLight
SI,h2140,0.4606801828577375,scr2002,avaStIn,bevFrtRoadLight
SI,h2141,0.4598809008191356,scr2002,avaStIn,bevFrtRoadLight
SI,h2142,0.47373682010553864,scr2002,avaStIn,bevFrtRoadLight
SI,h2143,0.49837466067849223,scr2002,avaStIn,bevFrtRoadLight
SI,h2144,0.5249322712656334,scr2002,avaStIn,bevFrtRoadLight
SI,h2145,0.5295524702973696,scr2002,avaStIn,bevFrtRoadLight
SI,h2146,0.5237384833973733,scr2002,avaStIn,bevFrtRoadLight
SI,h2147,0.517462220076728,scr2002,avaStIn,bevFrtRoadLight
SI,h2148,0.5202231448594441,scr2002,avaStIn,bevFrtRoadLight
SI,h2149,0.5168074572603817,scr2002,avaStIn,bevFrtRoadLight
SI,h2150,0.4881087918461403,scr2002,avaStIn,bevFrtRoadLight
SI,h2151,0.4401501060096197,scr2002,avaStIn,bevFrtRoadLight
SI,h2152,0.3751810028677981,scr2002,avaStIn,bevFrtRoadLight
SI,h2153,0.3184738733356699,scr2002,avaStIn,bevFrtRoadLight
SI,h2154,0.2885496316681868,scr2002,avaStIn,bevFrtRoadLight
SI,h2155,0.2950430145218158,scr2002,avaStIn,bevFrtRoadLight
SI,h2156,0.3362350273761402,scr2002,avaStIn,bevFrtRoadLight
SI,h2157,0.3905257678468871,scr2002,avaStIn,bevFrtRoadLight
SI,h2158,0.4405757953478313,scr2002,avaStIn,bevFrtRoadLight
SI,h2159,0.4738121072088959,scr2002,avaStIn,bevFrtRoadLight
SI,h2160,0.4995552626921461,scr2002,avaStIn,bevFrtRoadLight
SE,h1441,0.3714353995574986,scr2002,avaStIn,bevFrtRoadLight
SE,h1442,0.3846086524108919,scr2002,avaStIn,bevFrtRoadLight
SE,h1443,0.42374952391826404,scr2002,avaStIn,bevFrtRoadLight
SE,h1444,0.4709102315761218,scr2002,avaStIn,bevFrtRoadLight
SE,h1445,0.5000591446961408,scr2002,avaStIn,bevFrtRoadLight
SE,h1446,0.495233345157142,scr2002,avaStIn,bevFrtRoadLight
SE,h1447,0.5008043596015219,scr2002,avaStIn,bevFrtRoadLight
SE,h1448,0.5021789974738545,scr2002,avaStIn,bevFrtRoadLight
SE,h1449,0.5231874460949842,scr2002,avaStIn,bevFrtRoadLight
SE,h1450,0.5308529822226913,scr2002,avaStIn,bevFrtRoadLight
SE,h1451,0.536356959269228,scr2002,avaStIn,bevFrtRoadLight
SE,h1452,0.5373881561276749,scr2002,avaStIn,bevFrtRoadLight
SE,h1453,0.5288075990651915,scr2002,avaStIn,bevFrtRoadLight
SE,h1454,0.5095709286669997,scr2002,avaStIn,bevFrtRoadLight
SE,h1455,0.473753550931062,scr2002,avaStIn,bevFrtRoadLight
SE,h1456,0.4304466538396563,scr2002,avaStIn,bevFrtRoadLight
SE,h1457,0.3826879992214788,scr2002,avaStIn,bevFrtRoadLight
SE,h1458,0.35009603390058996,scr2002,avaStIn,bevFrtRoadLight
SE,h1459,0.3349394292024723,scr2002,avaStIn,bevFrtRoadLight
SE,h1460,0.34869160218954365,scr2002,avaStIn,bevFrtRoadLight
SE,h1461,0.36780057797615695,scr2002,avaStIn,bevFrtRoadLight
SE,h1462,0.38682791024436847,scr2002,avaStIn,bevFrtRoadLight
SE,h1463,0.3912979680884232,scr2002,avaStIn,bevFrtRoadLight
SE,h1464,0.3985938980480803,scr2002,avaStIn,bevFrtRoadLight
SE,h1465,0.38540755881640665,scr2002,avaStIn,bevFrtRoadLight
SE,h1466,0.39834418280524153,scr2002,avaStIn,bevFrtRoadLight
SE,h1467,0.42374952391826404,scr2002,avaStIn,bevFrtRoadLight
SE,h1468,0.4709102315761218,scr2002,avaStIn,bevFrtRoadLight
SE,h1469,0.5000591446961408,scr2002,avaStIn,bevFrtRoadLight
SE,h1470,0.495233345157142,scr2002,avaStIn,bevFrtRoadLight
SE,h1471,0.5008043596015219,scr2002,avaStIn,bevFrtRoadLight
SE,h1472,0.5021789974738545,scr2002,avaStIn,bevFrtRoadLight
SE,h1473,0.5231874460949842,scr2002,avaStIn,bevFrtRoadLight
SE,h1474,0.5308529822226913,scr2002,avaStIn,bevFrtRoadLight
SE,h1475,0.536356959269228,scr2002,avaStIn,bevFrtRoadLight
SE,h1476,0.5373881561276749,scr2002,avaStIn,bevFrtRoadLight
SE,h1477,0.5288075990651915,scr2002,avaStIn,bevFrtRoadLight
SE,h1478,0.5095709286669997,scr2002,avaStIn,bevFrtRoadLight
SE,h1479,0.473753550931062,scr2002,avaStIn,bevFrtRoadLight
SE,h1480,0.4304466538396563,scr2002,avaStIn,bevFrtRoadLight
SE,h1481,0.3826879992214788,scr2002,avaStIn,bevFrtRoadLight
SE,h1482,0.35009603390058996,scr2002,avaStIn,bevFrtRoadLight
SE,h1483,0.3349394292024723,scr2002,avaStIn,bevFrtRoadLight
SE,h1484,0.34869160218954365,scr2002,avaStIn,bevFrtRoadLight
SE,h1485,0.36780057797615695,scr2002,avaStIn,bevFrtRoadLight
SE,h1486,0.38682791024436847,scr2002,avaStIn,bevFrtRoadLight
SE,h1487,0.3912979680884232,scr2002,avaStIn,bevFrtRoadLight
SE,h1488,0.3985938980480803,scr2002,avaStIn,bevFrtRoadLight
SE,h1489,0.4174388969205469,scr2002,avaStIn,bevFrtRoadLight
SE,h1490,0.4439543832070485,scr2002,avaStIn,bevFrtRoadLight
SE,h1491,0.464238846132911,scr2002,avaStIn,bevFrtRoadLight
SE,h1492,0.4692993118565085,scr2002,avaStIn,bevFrtRoadLight
SE,h1493,0.4647572130501477,scr2002,avaStIn,bevFrtRoadLight
SE,h1494,0.4606421333392813,scr2002,avaStIn,bevFrtRoadLight
SE,h1495,0.4606294501381404,scr2002,avaStIn,bevFrtRoadLight
SE,h1496,0.4771202000278558,scr2002,avaStIn,bevFrtRoadLight
SE,h1497,0.4942956004519071,scr2002,avaStIn,bevFrtRoadLight
SE,h1498,0.5099123823053463,scr2002,avaStIn,bevFrtRoadLight
SE,h1499,0.5161038254350148,scr2002,avaStIn,bevFrtRoadLight
SE,h1500,0.5219276355822776,scr2002,avaStIn,bevFrtRoadLight
SE,h1501,0.5234247828552905,scr2002,avaStIn,bevFrtRoadLight
SE,h1502,0.515666896351518,scr2002,avaStIn,bevFrtRoadLight
SE,h1503,0.4904757420921084,scr2002,avaStIn,bevFrtRoadLight
SE,h1504,0.4511048686615209,scr2002,avaStIn,bevFrtRoadLight
SE,h1505,0.401719554609377,scr2002,avaStIn,bevFrtRoadLight
SE,h1506,0.362910361244157,scr2002,avaStIn,bevFrtRoadLight
SE,h1507,0.3472619056461236,scr2002,avaStIn,bevFrtRoadLight
SE,h1508,0.35727079588328314,scr2002,avaStIn,bevFrtRoadLight
SE,h1509,0.378468834507535,scr2002,avaStIn,bevFrtRoadLight
SE,h1510,0.39319028121074384,scr2002,avaStIn,bevFrtRoadLight
SE,h1511,0.3959422870730802,scr2002,avaStIn,bevFrtRoadLight
SE,h1512,0.3854887711962275,scr2002,avaStIn,bevFrtRoadLight
SE,h1513,0.42769853598926943,scr2002,avaStIn,bevFrtRoadLight
SE,h1514,0.46444116177482064,scr2002,avaStIn,bevFrtRoadLight
SE,h1515,0.5002557267591349,scr2002,avaStIn,bevFrtRoadLight
SE,h1516,0.4779833592811431,scr2002,avaStIn,bevFrtRoadLight
SE,h1517,0.45518876455881485,scr2002,avaStIn,bevFrtRoadLight
SE,h1518,0.43596244051473665,scr2002,avaStIn,bevFrtRoadLight
SE,h1519,0.4287672948543091,scr2002,avaStIn,bevFrtRoadLight
SE,h1520,0.4310449118345231,scr2002,avaStIn,bevFrtRoadLight
SE,h1521,0.43651906754470926,scr2002,avaStIn,bevFrtRoadLight
SE,h1522,0.42784196327677315,scr2002,avaStIn,bevFrtRoadLight
SE,h1523,0.40165285769436365,scr2002,avaStIn,bevFrtRoadLight
SE,h1524,0.3554492048303812,scr2002,avaStIn,bevFrtRoadLight
SE,h1525,0.30743387757687923,scr2002,avaStIn,bevFrtRoadLight
SE,h1526,0.278936309503648,scr2002,avaStIn,bevFrtRoadLight
SE,h1527,0.28525649117608465,scr2002,avaStIn,bevFrtRoadLight
SE,h1528,0.33100477113297455,scr2002,avaStIn,bevFrtRoadLight
SE,h1529,0.3951643597987161,scr2002,avaStIn,bevFrtRoadLight
SE,h1530,0.46644985491696445,scr2002,avaStIn,bevFrtRoadLight
SE,h1531,0.5302489042156142,scr2002,avaStIn,bevFrtRoadLight
SE,h1532,0.5770673902258092,scr2002,avaStIn,bevFrtRoadLight
SE,h1533,0.5986769755958498,scr2002,avaStIn,bevFrtRoadLight
SE,h1534,0.6016883948095747,scr2002,avaStIn,bevFrtRoadLight
SE,h1535,0.5924055260109063,scr2002,avaStIn,bevFrtRoadLight
SE,h1536,0.5774847836798132,scr2002,avaStIn,bevFrtRoadLight
SE,h1537,0.5517773619954187,scr2002,avaStIn,bevFrtRoadLight
SE,h1538,0.5248358437172166,scr2002,avaStIn,bevFrtRoadLight
SE,h1539,0.5002557267591349,scr2002,avaStIn,bevFrtRoadLight
SE,h1540,0.4779833592811431,scr2002,avaStIn,bevFrtRoadLight
SE,h1541,0.45518876455881485,scr2002,avaStIn,bevFrtRoadLight
SE,h1542,0.43596244051473665,scr2002,avaStIn,bevFrtRoadLight
SE,h1543,0.4287672948543091,scr2002,avaStIn,bevFrtRoadLight
SE,h1544,0.4310449118345231,scr2002,avaStIn,bevFrtRoadLight
SE,h1545,0.43651906754470926,scr2002,avaStIn,bevFrtRoadLight
SE,h1546,0.42784196327677315,scr2002,avaStIn,bevFrtRoadLight
SE,h1547,0.40165285769436365,scr2002,avaStIn,bevFrtRoadLight
SE,h1548,0.3554492048303812,scr2002,avaStIn,bevFrtRoadLight
SE,h1549,0.30743387757687923,scr2002,avaStIn,bevFrtRoadLight
SE,h1550,0.278936309503648,scr2002,avaStIn,bevFrtRoadLight
SE,h1551,0.28525649117608465,scr2002,avaStIn,bevFrtRoadLight
SE,h1552,0.33100477113297455,scr2002,avaStIn,bevFrtRoadLight
SE,h1553,0.3951643597987161,scr2002,avaStIn,bevFrtRoadLight
SE,h1554,0.46644985491696445,scr2002,avaStIn,bevFrtRoadLight
SE,h1555,0.5302489042156142,scr2002,avaStIn,bevFrtRoadLight
SE,h1556,0.5770673902258092,scr2002,avaStIn,bevFrtRoadLight
SE,h1557,0.5986769755958498,scr2002,avaStIn,bevFrtRoadLight
SE,h1558,0.6016883948095747,scr2002,avaStIn,bevFrtRoadLight
SE,h1559,0.5924055260109063,scr2002,avaStIn,bevFrtRoadLight
SE,h1560,0.5774847836798132,scr2002,avaStIn,bevFrtRoadLight
SE,h1561,0.5517773619954187,scr2002,avaStIn,bevFrtRoadLight
SE,h1562,0.5248358437172166,scr2002,avaStIn,bevFrtRoadLight
SE,h1563,0.5002557267591349,scr2002,avaStIn,bevFrtRoadLight
SE,h1564,0.4779833592811431,scr2002,avaStIn,bevFrtRoadLight
SE,h1565,0.45518876455881485,scr2002,avaStIn,bevFrtRoadLight
SE,h1566,0.43596244051473665,scr2002,avaStIn,bevFrtRoadLight
SE,h1567,0.4287672948543091,scr2002,avaStIn,bevFrtRoadLight
SE,h1568,0.4310449118345231,scr2002,avaStIn,bevFrtRoadLight
SE,h1569,0.43651906754470926,scr2002,avaStIn,bevFrtRoadLight
SE,h1570,0.42784196327677315,scr2002,avaStIn,bevFrtRoadLight
SE,h1571,0.40165285769436365,scr2002,avaStIn,bevFrtRoadLight
SE,h1572,0.3554492048303812,scr2002,avaStIn,bevFrtRoadLight
SE,h1573,0.30743387757687923,scr2002,avaStIn,bevFrtRoadLight
SE,h1574,0.278936309503648,scr2002,avaStIn,bevFrtRoadLight
SE,h1575,0.28525649117608465,scr2002,avaStIn,bevFrtRoadLight
SE,h1576,0.33100477113297455,scr2002,avaStIn,bevFrtRoadLight
SE,h1577,0.3951643597987161,scr2002,avaStIn,bevFrtRoadLight
SE,h1578,0.46644985491696445,scr2002,avaStIn,bevFrtRoadLight
SE,h1579,0.5302489042156142,scr2002,avaStIn,bevFrtRoadLight
SE,h1580,0.5770673902258092,scr2002,avaStIn,bevFrtRoadLight
SE,h1581,0.5986769755958498,scr2002,avaStIn,bevFrtRoadLight
SE,h1582,0.6016883948095747,scr2002,avaStIn,bevFrtRoadLight
SE,h1583,0.5924055260109063,scr2002,avaStIn,bevFrtRoadLight
SE,h1584,0.5774847836798132,scr2002,avaStIn,bevFrtRoadLight
SE,h1585,0.5517773619954187,scr2002,avaStIn,bevFrtRoadLight
SE,h1586,0.5248358437172166,scr2002,avaStIn,bevFrtRoadLight
SE,h1587,0.5002557267591349,scr2002,avaStIn,bevFrtRoadLight
SE,h1588,0.4779833592811431,scr2002,avaStIn,bevFrtRoadLight
SE,h1589,0.45518876455881485,scr2002,avaStIn,bevFrtRoadLight
SE,h1590,0.43596244051473665,scr2002,avaStIn,bevFrtRoadLight
SE,h1591,0.4287672948543091,scr2002,avaStIn,bevFrtRoadLight
SE,h1592,0.4310449118345231,scr2002,avaStIn,bevFrtRoadLight
SE,h1593,0.43651906754470926,scr2002,avaStIn,bevFrtRoadLight
SE,h1594,0.42784196327677315,scr2002,avaStIn,bevFrtRoadLight
SE,h1595,0.40165285769436365,scr2002,avaStIn,bevFrtRoadLight
SE,h1596,0.3554492048303812,scr2002,avaStIn,bevFrtRoadLight
SE,h1597,0.30743387757687923,scr2002,avaStIn,bevFrtRoadLight
SE,h1598,0.278936309503648,scr2002,avaStIn,bevFrtRoadLight
SE,h1599,0.28525649117608465,scr2002,avaStIn,bevFrtRoadLight
SE,h1600,0.33100477113297455,scr2002,avaStIn,bevFrtRoadLight
SE,h1601,0.3951643597987161,scr2002,avaStIn,bevFrtRoadLight
SE,h1602,0.46644985491696445,scr2002,avaStIn,bevFrtRoadLight
SE,h1603,0.5302489042156142,scr2002,avaStIn,bevFrtRoadLight
SE,h1604,0.5770673902258092,scr2002,avaStIn,bevFrtRoadLight
SE,h1605,0.5986769755958498,scr2002,avaStIn,bevFrtRoadLight
SE,h1606,0.6016883948095747,scr2002,avaStIn,bevFrtRoadLight
SE,h1607,0.5924055260109063,scr2002,avaStIn,bevFrtRoadLight
SE,h1608,0.5774847836798132,scr2002,avaStIn,bevFrtRoadLight
SE,h1609,0.5399833096273894,scr2002,avaStIn,bevFrtRoadLight
SE,h1610,0.5020113380135911,scr2002,avaStIn,bevFrtRoadLight
SE,h1611,0.4635722307063156,scr2002,avaStIn,bevFrtRoadLight
SE,h1612,0.4380348659574729,scr2002,avaStIn,bevFrtRoadLight
SE,h1613,0.40762124803256283,scr2002,avaStIn,bevFrtRoadLight
SE,h1614,0.37888830724468336,scr2002,avaStIn,bevFrtRoadLight
SE,h1615,0.36958381422293585,scr2002,avaStIn,bevFrtRoadLight
SE,h1616,0.37840208488783933,scr2002,avaStIn,bevFrtRoadLight
SE,h1617,0.40312593459237533,scr2002,avaStIn,bevFrtRoadLight
SE,h1618,0.41362439373824145,scr2002,avaStIn,bevFrtRoadLight
SE,h1619,0.4028461315685412,scr2002,avaStIn,bevFrtRoadLight
SE,h1620,0.3603437041144123,scr2002,avaStIn,bevFrtRoadLight
SE,h1621,0.300735364069155,scr2002,avaStIn,bevFrtRoadLight
SE,h1622,0.24177370465061954,scr2002,avaStIn,bevFrtRoadLight
SE,h1623,0.21970614560615676,scr2002,avaStIn,bevFrtRoadLight
SE,h1624,0.25508395733229006,scr2002,avaStIn,bevFrtRoadLight
SE,h1625,0.34767139096765254,scr2002,avaStIn,bevFrtRoadLight
SE,h1626,0.45228041046836875,scr2002,avaStIn,bevFrtRoadLight
SE,h1627,0.5341134302691986,scr2002,avaStIn,bevFrtRoadLight
SE,h1628,0.5851656457268322,scr2002,avaStIn,bevFrtRoadLight
SE,h1629,0.6079565962864942,scr2002,avaStIn,bevFrtRoadLight
SE,h1630,0.6088378322847627,scr2002,avaStIn,bevFrtRoadLight
SE,h1631,0.5862547005889717,scr2002,avaStIn,bevFrtRoadLight
SE,h1632,0.5503272305028044,scr2002,avaStIn,bevFrtRoadLight
SE,h1633,0.5157882800473498,scr2002,avaStIn,bevFrtRoadLight
SE,h1634,0.4876212160339364,scr2002,avaStIn,bevFrtRoadLight
SE,h1635,0.4635722307063156,scr2002,avaStIn,bevFrtRoadLight
SE,h1636,0.4380348659574729,scr2002,avaStIn,bevFrtRoadLight
SE,h1637,0.40762124803256283,scr2002,avaStIn,bevFrtRoadLight
SE,h1638,0.37888830724468336,scr2002,avaStIn,bevFrtRoadLight
SE,h1639,0.36958381422293585,scr2002,avaStIn,bevFrtRoadLight
SE,h1640,0.37840208488783933,scr2002,avaStIn,bevFrtRoadLight
SE,h1641,0.40312593459237533,scr2002,avaStIn,bevFrtRoadLight
SE,h1642,0.41362439373824145,scr2002,avaStIn,bevFrtRoadLight
SE,h1643,0.4028461315685412,scr2002,avaStIn,bevFrtRoadLight
SE,h1644,0.3603437041144123,scr2002,avaStIn,bevFrtRoadLight
SE,h1645,0.300735364069155,scr2002,avaStIn,bevFrtRoadLight
SE,h1646,0.24177370465061954,scr2002,avaStIn,bevFrtRoadLight
SE,h1647,0.21970614560615676,scr2002,avaStIn,bevFrtRoadLight
SE,h1648,0.25508395733229006,scr2002,avaStIn,bevFrtRoadLight
SE,h1649,0.34767139096765254,scr2002,avaStIn,bevFrtRoadLight
SE,h1650,0.45228041046836875,scr2002,avaStIn,bevFrtRoadLight
SE,h1651,0.5341134302691986,scr2002,avaStIn,bevFrtRoadLight
SE,h1652,0.5851656457268322,scr2002,avaStIn,bevFrtRoadLight
SE,h1653,0.6079565962864942,scr2002,avaStIn,bevFrtRoadLight
SE,h1654,0.6088378322847627,scr2002,avaStIn,bevFrtRoadLight
SE,h1655,0.5862547005889717,scr2002,avaStIn,bevFrtRoadLight
SE,h1656,0.5503272305028044,scr2002,avaStIn,bevFrtRoadLight
SE,h1657,0.5277989482493217,scr2002,avaStIn,bevFrtRoadLight
SE,h1658,0.5107010378978177,scr2002,avaStIn,bevFrtRoadLight
SE,h1659,0.5002557267591349,scr2002,avaStIn,bevFrtRoadLight
SE,h1660,0.4779833592811431,scr2002,avaStIn,bevFrtRoadLight
SE,h1661,0.45518876455881485,scr2002,avaStIn,bevFrtRoadLight
SE,h1662,0.43596244051473665,scr2002,avaStIn,bevFrtRoadLight
SE,h1663,0.4287672948543091,scr2002,avaStIn,bevFrtRoadLight
SE,h1664,0.4310449118345231,scr2002,avaStIn,bevFrtRoadLight
SE,h1665,0.43651906754470926,scr2002,avaStIn,bevFrtRoadLight
SE,h1666,0.42784196327677315,scr2002,avaStIn,bevFrtRoadLight
SE,h1667,0.40165285769436365,scr2002,avaStIn,bevFrtRoadLight
SE,h1668,0.3554492048303812,scr2002,avaStIn,bevFrtRoadLight
SE,h1669,0.30743387757687923,scr2002,avaStIn,bevFrtRoadLight
SE,h1670,0.278936309503648,scr2002,avaStIn,bevFrtRoadLight
SE,h1671,0.28525649117608465,scr2002,avaStIn,bevFrtRoadLight
SE,h1672,0.33100477113297455,scr2002,avaStIn,bevFrtRoadLight
SE,h1673,0.3951643597987161,scr2002,avaStIn,bevFrtRoadLight
SE,h1674,0.46644985491696445,scr2002,avaStIn,bevFrtRoadLight
SE,h1675,0.5302489042156142,scr2002,avaStIn,bevFrtRoadLight
SE,h1676,0.5770673902258092,scr2002,avaStIn,bevFrtRoadLight
SE,h1677,0.5986769755958498,scr2002,avaStIn,bevFrtRoadLight
SE,h1678,0.6016883948095747,scr2002,avaStIn,bevFrtRoadLight
SE,h1679,0.5924055260109063,scr2002,avaStIn,bevFrtRoadLight
SE,h1680,0.5774847836798132,scr2002,avaStIn,bevFrtRoadLight
SE,h1681,0.5517773619954187,scr2002,avaStIn,bevFrtRoadLight
SE,h1682,0.5248358437172166,scr2002,avaStIn,bevFrtRoadLight
SE,h1683,0.5002557267591349,scr2002,avaStIn,bevFrtRoadLight
SE,h1684,0.4779833592811431,scr2002,avaStIn,bevFrtRoadLight
SE,h1685,0.45518876455881485,scr2002,avaStIn,bevFrtRoadLight
SE,h1686,0.43596244051473665,scr2002,avaStIn,bevFrtRoadLight
SE,h1687,0.4287672948543091,scr2002,avaStIn,bevFrtRoadLight
SE,h1688,0.4310449118345231,scr2002,avaStIn,bevFrtRoadLight
SE,h1689,0.43651906754470926,scr2002,avaStIn,bevFrtRoadLight
SE,h1690,0.42784196327677315,scr2002,avaStIn,bevFrtRoadLight
SE,h1691,0.40165285769436365,scr2002,avaStIn,bevFrtRoadLight
SE,h1692,0.3554492048303812,scr2002,avaStIn,bevFrtRoadLight
SE,h1693,0.30743387757687923,scr2002,avaStIn,bevFrtRoadLight
SE,h1694,0.278936309503648,scr2002,avaStIn,bevFrtRoadLight
SE,h1695,0.28525649117608465,scr2002,avaStIn,bevFrtRoadLight
SE,h1696,0.33100477113297455,scr2002,avaStIn,bevFrtRoadLight
SE,h1697,0.3951643597987161,scr2002,avaStIn,bevFrtRoadLight
SE,h1698,0.46644985491696445,scr2002,avaStIn,bevFrtRoadLight
SE,h1699,0.5302489042156142,scr2002,avaStIn,bevFrtRoadLight
SE,h1700,0.5770673902258092,scr2002,avaStIn,bevFrtRoadLight
SE,h1701,0.5986769755958498,scr2002,avaStIn,bevFrtRoadLight
SE,h1702,0.6016883948095747,scr2002,avaStIn,bevFrtRoadLight
SE,h1703,0.5924055260109063,scr2002,avaStIn,bevFrtRoadLight
SE,h1704,0.5774847836798132,scr2002,avaStIn,bevFrtRoadLight
SE,h1705,0.509038057831711,scr2002,avaStIn,bevFrtRoadLight
SE,h1706,0.45316073221470254,scr2002,avaStIn,bevFrtRoadLight
SE,h1707,0.4106293035759673,scr2002,avaStIn,bevFrtRoadLight
SE,h1708,0.4302562346105031,scr2002,avaStIn,bevFrtRoadLight
SE,h1709,0.4411964644145132,scr2002,avaStIn,bevFrtRoadLight
SE,h1710,0.45751109901302867,scr2002,avaStIn,bevFrtRoadLight
SE,h1711,0.48871757217710954,scr2002,avaStIn,bevFrtRoadLight
SE,h1712,0.5314509691002262,scr2002,avaStIn,bevFrtRoadLight
SE,h1713,0.5711878747561929,scr2002,avaStIn,bevFrtRoadLight
SE,h1714,0.5980939691710526,scr2002,avaStIn,bevFrtRoadLight
SE,h1715,0.608394034195855,scr2002,avaStIn,bevFrtRoadLight
SE,h1716,0.6010568773540479,scr2002,avaStIn,bevFrtRoadLight
SE,h1717,0.5764247164288175,scr2002,avaStIn,bevFrtRoadLight
SE,h1718,0.5401459054358786,scr2002,avaStIn,bevFrtRoadLight
SE,h1719,0.4982672792884357,scr2002,avaStIn,bevFrtRoadLight
SE,h1720,0.4574139907405833,scr2002,avaStIn,bevFrtRoadLight
SE,h1721,0.42470386872332366,scr2002,avaStIn,bevFrtRoadLight
SE,h1722,0.4070105681582177,scr2002,avaStIn,bevFrtRoadLight
SE,h1723,0.3993554704479094,scr2002,avaStIn,bevFrtRoadLight
SE,h1724,0.3942528360151184,scr2002,avaStIn,bevFrtRoadLight
SE,h1725,0.3809841238928826,scr2002,avaStIn,bevFrtRoadLight
SE,h1726,0.3497784944040866,scr2002,avaStIn,bevFrtRoadLight
SE,h1727,0.3123069662403203,scr2002,avaStIn,bevFrtRoadLight
SE,h1728,0.2821792829284123,scr2002,avaStIn,bevFrtRoadLight
SE,h1729,0.3106843918239848,scr2002,avaStIn,bevFrtRoadLight
SE,h1730,0.35866299968064763,scr2002,avaStIn,bevFrtRoadLight
SE,h1731,0.4106293035759673,scr2002,avaStIn,bevFrtRoadLight
SE,h1732,0.4302562346105031,scr2002,avaStIn,bevFrtRoadLight
SE,h1733,0.4411964644145132,scr2002,avaStIn,bevFrtRoadLight
SE,h1734,0.45751109901302867,scr2002,avaStIn,bevFrtRoadLight
SE,h1735,0.48871757217710954,scr2002,avaStIn,bevFrtRoadLight
SE,h1736,0.5314509691002262,scr2002,avaStIn,bevFrtRoadLight
SE,h1737,0.5711878747561929,scr2002,avaStIn,bevFrtRoadLight
SE,h1738,0.5980939691710526,scr2002,avaStIn,bevFrtRoadLight
SE,h1739,0.608394034195855,scr2002,avaStIn,bevFrtRoadLight
SE,h1740,0.6010568773540479,scr2002,avaStIn,bevFrtRoadLight
SE,h1741,0.5764247164288175,scr2002,avaStIn,bevFrtRoadLight
SE,h1742,0.5401459054358786,scr2002,avaStIn,bevFrtRoadLight
SE,h1743,0.4982672792884357,scr2002,avaStIn,bevFrtRoadLight
SE,h1744,0.4574139907405833,scr2002,avaStIn,bevFrtRoadLight
SE,h1745,0.42470386872332366,scr2002,avaStIn,bevFrtRoadLight
SE,h1746,0.4070105681582177,scr2002,avaStIn,bevFrtRoadLight
SE,h1747,0.3993554704479094,scr2002,avaStIn,bevFrtRoadLight
SE,h1748,0.3942528360151184,scr2002,avaStIn,bevFrtRoadLight
SE,h1749,0.3809841238928826,scr2002,avaStIn,bevFrtRoadLight
SE,h1750,0.3497784944040866,scr2002,avaStIn,bevFrtRoadLight
SE,h1751,0.3123069662403203,scr2002,avaStIn,bevFrtRoadLight
SE,h1752,0.2821792829284123,scr2002,avaStIn,bevFrtRoadLight
SE,h1753,0.3106843918239848,scr2002,avaStIn,bevFrtRoadLight
SE,h1754,0.35866299968064763,scr2002,avaStIn,bevFrtRoadLight
SE,h1755,0.4106293035759673,scr2002,avaStIn,bevFrtRoadLight
SE,h1756,0.4302562346105031,scr2002,avaStIn,bevFrtRoadLight
SE,h1757,0.4411964644145132,scr2002,avaStIn,bevFrtRoadLight
SE,h1758,0.45751109901302867,scr2002,avaStIn,bevFrtRoadLight
SE,h1759,0.48871757217710954,scr2002,avaStIn,bevFrtRoadLight
SE,h1760,0.5314509691002262,scr2002,avaStIn,bevFrtRoadLight
SE,h1761,0.5711878747561929,scr2002,avaStIn,bevFrtRoadLight
SE,h1762,0.5980939691710526,scr2002,avaStIn,bevFrtRoadLight
SE,h1763,0.608394034195855,scr2002,avaStIn,bevFrtRoadLight
SE,h1764,0.6010568773540479,scr2002,avaStIn,bevFrtRoadLight
SE,h1765,0.5764247164288175,scr2002,avaStIn,bevFrtRoadLight
SE,h1766,0.5401459054358786,scr2002,avaStIn,bevFrtRoadLight
SE,h1767,0.4982672792884357,scr2002,avaStIn,bevFrtRoadLight
SE,h1768,0.4574139907405833,scr2002,avaStIn,bevFrtRoadLight
SE,h1769,0.42470386872332366,scr2002,avaStIn,bevFrtRoadLight
SE,h1770,0.4070105681582177,scr2002,avaStIn,bevFrtRoadLight
SE,h1771,0.3993554704479094,scr2002,avaStIn,bevFrtRoadLight
SE,h1772,0.3942528360151184,scr2002,avaStIn,bevFrtRoadLight
SE,h1773,0.3809841238928826,scr2002,avaStIn,bevFrtRoadLight
SE,h1774,0.3497784944040866,scr2002,avaStIn,bevFrtRoadLight
SE,h1775,0.3123069662403203,scr2002,avaStIn,bevFrtRoadLight
SE,h1776,0.2821792829284123,scr2002,avaStIn,bevFrtRoadLight
SE,h1777,0.230095162221032,scr2002,avaStIn,bevFrtRoadLight
SE,h1778,0.2300917975935889,scr2002,avaStIn,bevFrtRoadLight
SE,h1779,0.27148343409663167,scr2002,avaStIn,bevFrtRoadLight
SE,h1780,0.3790725700696759,scr2002,avaStIn,bevFrtRoadLight
SE,h1781,0.4623404992613247,scr2002,avaStIn,bevFrtRoadLight
SE,h1782,0.5259162274800008,scr2002,avaStIn,bevFrtRoadLight
SE,h1783,0.5772992909654577,scr2002,avaStIn,bevFrtRoadLight
SE,h1784,0.6171735770568829,scr2002,avaStIn,bevFrtRoadLight
SE,h1785,0.6409152522621753,scr2002,avaStIn,bevFrtRoadLight
SE,h1786,0.6489166669999998,scr2002,avaStIn,bevFrtRoadLight
SE,h1787,0.6400350534574337,scr2002,avaStIn,bevFrtRoadLight
SE,h1788,0.61588415769173,scr2002,avaStIn,bevFrtRoadLight
SE,h1789,0.5753501172674538,scr2002,avaStIn,bevFrtRoadLight
SE,h1790,0.5273486726990765,scr2002,avaStIn,bevFrtRoadLight
SE,h1791,0.47682400205808595,scr2002,avaStIn,bevFrtRoadLight
SE,h1792,0.4288063768750643,scr2002,avaStIn,bevFrtRoadLight
SE,h1793,0.39374570481652504,scr2002,avaStIn,bevFrtRoadLight
SE,h1794,0.3749031506247579,scr2002,avaStIn,bevFrtRoadLight
SE,h1795,0.37209330121313167,scr2002,avaStIn,bevFrtRoadLight
SE,h1796,0.36873105182903665,scr2002,avaStIn,bevFrtRoadLight
SE,h1797,0.3543630997986469,scr2002,avaStIn,bevFrtRoadLight
SE,h1798,0.3154781828948128,scr2002,avaStIn,bevFrtRoadLight
SE,h1799,0.27112993299959987,scr2002,avaStIn,bevFrtRoadLight
SE,h1800,0.2381911639591776,scr2002,avaStIn,bevFrtRoadLight
SE,h1801,0.20075744833264675,scr2002,avaStIn,bevFrtRoadLight
SE,h1802,0.21575624655576675,scr2002,avaStIn,bevFrtRoadLight
SE,h1803,0.27148343409663167,scr2002,avaStIn,bevFrtRoadLight
SE,h1804,0.3790725700696759,scr2002,avaStIn,bevFrtRoadLight
SE,h1805,0.4623404992613247,scr2002,avaStIn,bevFrtRoadLight
SE,h1806,0.5259162274800008,scr2002,avaStIn,bevFrtRoadLight
SE,h1807,0.5772992909654577,scr2002,avaStIn,bevFrtRoadLight
SE,h1808,0.6171735770568829,scr2002,avaStIn,bevFrtRoadLight
SE,h1809,0.6409152522621753,scr2002,avaStIn,bevFrtRoadLight
SE,h1810,0.6489166669999998,scr2002,avaStIn,bevFrtRoadLight
SE,h1811,0.6400350534574337,scr2002,avaStIn,bevFrtRoadLight
SE,h1812,0.61588415769173,scr2002,avaStIn,bevFrtRoadLight
SE,h1813,0.5753501172674538,scr2002,avaStIn,bevFrtRoadLight
SE,h1814,0.5273486726990765,scr2002,avaStIn,bevFrtRoadLight
SE,h1815,0.47682400205808595,scr2002,avaStIn,bevFrtRoadLight
SE,h1816,0.4288063768750643,scr2002,avaStIn,bevFrtRoadLight
SE,h1817,0.39374570481652504,scr2002,avaStIn,bevFrtRoadLight
SE,h1818,0.3749031506247579,scr2002,avaStIn,bevFrtRoadLight
SE,h1819,0.37209330121313167,scr2002,avaStIn,bevFrtRoadLight
SE,h1820,0.36873105182903665,scr2002,avaStIn,bevFrtRoadLight
SE,h1821,0.3543630997986469,scr2002,avaStIn,bevFrtRoadLight
SE,h1822,0.3154781828948128,scr2002,avaStIn,bevFrtRoadLight
SE,h1823,0.27112993299959987,scr2002,avaStIn,bevFrtRoadLight
SE,h1824,0.2381911639591776,scr2002,avaStIn,bevFrtRoadLight
SE,h1825,0.28388199759953203,scr2002,avaStIn,bevFrtRoadLight
SE,h1826,0.34615260530650627,scr2002,avaStIn,bevFrtRoadLight
SE,h1827,0.4106293035759673,scr2002,avaStIn,bevFrtRoadLight
SE,h1828,0.4302562346105031,scr2002,avaStIn,bevFrtRoadLight
SE,h1829,0.4411964644145132,scr2002,avaStIn,bevFrtRoadLight
SE,h1830,0.45751109901302867,scr2002,avaStIn,bevFrtRoadLight
SE,h1831,0.48871757217710954,scr2002,avaStIn,bevFrtRoadLight
SE,h1832,0.5314509691002262,scr2002,avaStIn,bevFrtRoadLight
SE,h1833,0.5711878747561929,scr2002,avaStIn,bevFrtRoadLight
SE,h1834,0.5980939691710526,scr2002,avaStIn,bevFrtRoadLight
SE,h1835,0.608394034195855,scr2002,avaStIn,bevFrtRoadLight
SE,h1836,0.6010568773540479,scr2002,avaStIn,bevFrtRoadLight
SE,h1837,0.5764247164288175,scr2002,avaStIn,bevFrtRoadLight
SE,h1838,0.5401459054358786,scr2002,avaStIn,bevFrtRoadLight
SE,h1839,0.4982672792884357,scr2002,avaStIn,bevFrtRoadLight
SE,h1840,0.4574139907405833,scr2002,avaStIn,bevFrtRoadLight
SE,h1841,0.42470386872332366,scr2002,avaStIn,bevFrtRoadLight
SE,h1842,0.4070105681582177,scr2002,avaStIn,bevFrtRoadLight
SE,h1843,0.3993554704479094,scr2002,avaStIn,bevFrtRoadLight
SE,h1844,0.3942528360151184,scr2002,avaStIn,bevFrtRoadLight
SE,h1845,0.3809841238928826,scr2002,avaStIn,bevFrtRoadLight
SE,h1846,0.3497784944040866,scr2002,avaStIn,bevFrtRoadLight
SE,h1847,0.3123069662403203,scr2002,avaStIn,bevFrtRoadLight
SE,h1848,0.2821792829284123,scr2002,avaStIn,bevFrtRoadLight
SE,h1849,0.3106843918239848,scr2002,avaStIn,bevFrtRoadLight
SE,h1850,0.35866299968064763,scr2002,avaStIn,bevFrtRoadLight
SE,h1851,0.4106293035759673,scr2002,avaStIn,bevFrtRoadLight
SE,h1852,0.4302562346105031,scr2002,avaStIn,bevFrtRoadLight
SE,h1853,0.4411964644145132,scr2002,avaStIn,bevFrtRoadLight
SE,h1854,0.45751109901302867,scr2002,avaStIn,bevFrtRoadLight
SE,h1855,0.48871757217710954,scr2002,avaStIn,bevFrtRoadLight
SE,h1856,0.5314509691002262,scr2002,avaStIn,bevFrtRoadLight
SE,h1857,0.5711878747561929,scr2002,avaStIn,bevFrtRoadLight
SE,h1858,0.5980939691710526,scr2002,avaStIn,bevFrtRoadLight
SE,h1859,0.608394034195855,scr2002,avaStIn,bevFrtRoadLight
SE,h1860,0.6010568773540479,scr2002,avaStIn,bevFrtRoadLight
SE,h1861,0.5764247164288175,scr2002,avaStIn,bevFrtRoadLight
SE,h1862,0.5401459054358786,scr2002,avaStIn,bevFrtRoadLight
SE,h1863,0.4982672792884357,scr2002,avaStIn,bevFrtRoadLight
SE,h1864,0.4574139907405833,scr2002,avaStIn,bevFrtRoadLight
SE,h1865,0.42470386872332366,scr2002,avaStIn,bevFrtRoadLight
SE,h1866,0.4070105681582177,scr2002,avaStIn,bevFrtRoadLight
SE,h1867,0.3993554704479094,scr2002,avaStIn,bevFrtRoadLight
SE,h1868,0.3942528360151184,scr2002,avaStIn,bevFrtRoadLight
SE,h1869,0.3809841238928826,scr2002,avaStIn,bevFrtRoadLight
SE,h1870,0.3497784944040866,scr2002,avaStIn,bevFrtRoadLight
SE,h1871,0.3123069662403203,scr2002,avaStIn,bevFrtRoadLight
SE,h1872,0.2821792829284123,scr2002,avaStIn,bevFrtRoadLight
SE,h1873,0.3106843918239848,scr2002,avaStIn,bevFrtRoadLight
SE,h1874,0.35866299968064763,scr2002,avaStIn,bevFrtRoadLight
SE,h1875,0.4106293035759673,scr2002,avaStIn,bevFrtRoadLight
SE,h1876,0.4302562346105031,scr2002,avaStIn,bevFrtRoadLight
SE,h1877,0.4411964644145132,scr2002,avaStIn,bevFrtRoadLight
SE,h1878,0.45751109901302867,scr2002,avaStIn,bevFrtRoadLight
SE,h1879,0.48871757217710954,scr2002,avaStIn,bevFrtRoadLight
SE,h1880,0.5314509691002262,scr2002,avaStIn,bevFrtRoadLight
SE,h1881,0.5711878747561929,scr2002,avaStIn,bevFrtRoadLight
SE,h1882,0.5980939691710526,scr2002,avaStIn,bevFrtRoadLight
SE,h1883,0.608394034195855,scr2002,avaStIn,bevFrtRoadLight
SE,h1884,0.6010568773540479,scr2002,avaStIn,bevFrtRoadLight
SE,h1885,0.5764247164288175,scr2002,avaStIn,bevFrtRoadLight
SE,h1886,0.5401459054358786,scr2002,avaStIn,bevFrtRoadLight
SE,h1887,0.4982672792884357,scr2002,avaStIn,bevFrtRoadLight
SE,h1888,0.4574139907405833,scr2002,avaStIn,bevFrtRoadLight
SE,h1889,0.42470386872332366,scr2002,avaStIn,bevFrtRoadLight
SE,h1890,0.4070105681582177,scr2002,avaStIn,bevFrtRoadLight
SE,h1891,0.3993554704479094,scr2002,avaStIn,bevFrtRoadLight
SE,h1892,0.3942528360151184,scr2002,avaStIn,bevFrtRoadLight
SE,h1893,0.3809841238928826,scr2002,avaStIn,bevFrtRoadLight
SE,h1894,0.3497784944040866,scr2002,avaStIn,bevFrtRoadLight
SE,h1895,0.3123069662403203,scr2002,avaStIn,bevFrtRoadLight
SE,h1896,0.2821792829284123,scr2002,avaStIn,bevFrtRoadLight
SE,h1897,0.3106843918239848,scr2002,avaStIn,bevFrtRoadLight
SE,h1898,0.35866299968064763,scr2002,avaStIn,bevFrtRoadLight
SE,h1899,0.4106293035759673,scr2002,avaStIn,bevFrtRoadLight
SE,h1900,0.4302562346105031,scr2002,avaStIn,bevFrtRoadLight
SE,h1901,0.4411964644145132,scr2002,avaStIn,bevFrtRoadLight
SE,h1902,0.45751109901302867,scr2002,avaStIn,bevFrtRoadLight
SE,h1903,0.48871757217710954,scr2002,avaStIn,bevFrtRoadLight
SE,h1904,0.5314509691002262,scr2002,avaStIn,bevFrtRoadLight
SE,h1905,0.5711878747561929,scr2002,avaStIn,bevFrtRoadLight
SE,h1906,0.5980939691710526,scr2002,avaStIn,bevFrtRoadLight
SE,h1907,0.608394034195855,scr2002,avaStIn,bevFrtRoadLight
SE,h1908,0.6010568773540479,scr2002,avaStIn,bevFrtRoadLight
SE,h1909,0.5764247164288175,scr2002,avaStIn,bevFrtRoadLight
SE,h1910,0.5401459054358786,scr2002,avaStIn,bevFrtRoadLight
SE,h1911,0.4982672792884357,scr2002,avaStIn,bevFrtRoadLight
SE,h1912,0.4574139907405833,scr2002,avaStIn,bevFrtRoadLight
SE,h1913,0.42470386872332366,scr2002,avaStIn,bevFrtRoadLight
SE,h1914,0.4070105681582177,scr2002,avaStIn,bevFrtRoadLight
SE,h1915,0.3993554704479094,scr2002,avaStIn,bevFrtRoadLight
SE,h1916,0.3942528360151184,scr2002,avaStIn,bevFrtRoadLight
SE,h1917,0.3809841238928826,scr2002,avaStIn,bevFrtRoadLight
SE,h1918,0.3497784944040866,scr2002,avaStIn,bevFrtRoadLight
SE,h1919,0.3123069662403203,scr2002,avaStIn,bevFrtRoadLight
SE,h1920,0.2821792829284123,scr2002,avaStIn,bevFrtRoadLight
SE,h1921,0.3106843918239848,scr2002,avaStIn,bevFrtRoadLight
SE,h1922,0.35866299968064763,scr2002,avaStIn,bevFrtRoadLight
SE,h1923,0.4106293035759673,scr2002,avaStIn,bevFrtRoadLight
SE,h1924,0.4302562346105031,scr2002,avaStIn,bevFrtRoadLight
SE,h1925,0.4411964644145132,scr2002,avaStIn,bevFrtRoadLight
SE,h1926,0.45751109901302867,scr2002,avaStIn,bevFrtRoadLight
SE,h1927,0.48871757217710954,scr2002,avaStIn,bevFrtRoadLight
SE,h1928,0.5314509691002262,scr2002,avaStIn,bevFrtRoadLight
SE,h1929,0.5711878747561929,scr2002,avaStIn,bevFrtRoadLight
SE,h1930,0.5980939691710526,scr2002,avaStIn,bevFrtRoadLight
SE,h1931,0.608394034195855,scr2002,avaStIn,bevFrtRoadLight
SE,h1932,0.6010568773540479,scr2002,avaStIn,bevFrtRoadLight
SE,h1933,0.5764247164288175,scr2002,avaStIn,bevFrtRoadLight
SE,h1934,0.5401459054358786,scr2002,avaStIn,bevFrtRoadLight
SE,h1935,0.4982672792884357,scr2002,avaStIn,bevFrtRoadLight
SE,h1936,0.4574139907405833,scr2002,avaStIn,bevFrtRoadLight
SE,h1937,0.42470386872332366,scr2002,avaStIn,bevFrtRoadLight
SE,h1938,0.4070105681582177,scr2002,avaStIn,bevFrtRoadLight
SE,h1939,0.3993554704479094,scr2002,avaStIn,bevFrtRoadLight
SE,h1940,0.3942528360151184,scr2002,avaStIn,bevFrtRoadLight
SE,h1941,0.3809841238928826,scr2002,avaStIn,bevFrtRoadLight
SE,h1942,0.3497784944040866,scr2002,avaStIn,bevFrtRoadLight
SE,h1943,0.3123069662403203,scr2002,avaStIn,bevFrtRoadLight
SE,h1944,0.2821792829284123,scr2002,avaStIn,bevFrtRoadLight
SE,h1945,0.230095162221032,scr2002,avaStIn,bevFrtRoadLight
SE,h1946,0.2300917975935889,scr2002,avaStIn,bevFrtRoadLight
SE,h1947,0.27148343409663167,scr2002,avaStIn,bevFrtRoadLight
SE,h1948,0.3790725700696759,scr2002,avaStIn,bevFrtRoadLight
SE,h1949,0.4623404992613247,scr2002,avaStIn,bevFrtRoadLight
SE,h1950,0.5259162274800008,scr2002,avaStIn,bevFrtRoadLight
SE,h1951,0.5772992909654577,scr2002,avaStIn,bevFrtRoadLight
SE,h1952,0.6171735770568829,scr2002,avaStIn,bevFrtRoadLight
SE,h1953,0.6409152522621753,scr2002,avaStIn,bevFrtRoadLight
SE,h1954,0.6489166669999998,scr2002,avaStIn,bevFrtRoadLight
SE,h1955,0.6400350534574337,scr2002,avaStIn,bevFrtRoadLight
SE,h1956,0.61588415769173,scr2002,avaStIn,bevFrtRoadLight
SE,h1957,0.5753501172674538,scr2002,avaStIn,bevFrtRoadLight
SE,h1958,0.5273486726990765,scr2002,avaStIn,bevFrtRoadLight
SE,h1959,0.47682400205808595,scr2002,avaStIn,bevFrtRoadLight
SE,h1960,0.4288063768750643,scr2002,avaStIn,bevFrtRoadLight
SE,h1961,0.39374570481652504,scr2002,avaStIn,bevFrtRoadLight
SE,h1962,0.3749031506247579,scr2002,avaStIn,bevFrtRoadLight
SE,h1963,0.37209330121313167,scr2002,avaStIn,bevFrtRoadLight
SE,h1964,0.36873105182903665,scr2002,avaStIn,bevFrtRoadLight
SE,h1965,0.3543630997986469,scr2002,avaStIn,bevFrtRoadLight
SE,h1966,0.3154781828948128,scr2002,avaStIn,bevFrtRoadLight
SE,h1967,0.27112993299959987,scr2002,avaStIn,bevFrtRoadLight
SE,h1968,0.2381911639591776,scr2002,avaStIn,bevFrtRoadLight
SE,h1969,0.20075744833264675,scr2002,avaStIn,bevFrtRoadLight
SE,h1970,0.21575624655576675,scr2002,avaStIn,bevFrtRoadLight
SE,h1971,0.27148343409663167,scr2002,avaStIn,bevFrtRoadLight
SE,h1972,0.3790725700696759,scr2002,avaStIn,bevFrtRoadLight
SE,h1973,0.4623404992613247,scr2002,avaStIn,bevFrtRoadLight
SE,h1974,0.5259162274800008,scr2002,avaStIn,bevFrtRoadLight
SE,h1975,0.5772992909654577,scr2002,avaStIn,bevFrtRoadLight
SE,h1976,0.6171735770568829,scr2002,avaStIn,bevFrtRoadLight
SE,h1977,0.6409152522621753,scr2002,avaStIn,bevFrtRoadLight
SE,h1978,0.6489166669999998,scr2002,avaStIn,bevFrtRoadLight
SE,h1979,0.6400350534574337,scr2002,avaStIn,bevFrtRoadLight
SE,h1980,0.61588415769173,scr2002,avaStIn,bevFrtRoadLight
SE,h1981,0.5753501172674538,scr2002,avaStIn,bevFrtRoadLight
SE,h1982,0.5273486726990765,scr2002,avaStIn,bevFrtRoadLight
SE,h1983,0.47682400205808595,scr2002,avaStIn,bevFrtRoadLight
SE,h1984,0.4288063768750643,scr2002,avaStIn,bevFrtRoadLight
SE,h1985,0.39374570481652504,scr2002,avaStIn,bevFrtRoadLight
SE,h1986,0.3749031506247579,scr2002,avaStIn,bevFrtRoadLight
SE,h1987,0.37209330121313167,scr2002,avaStIn,bevFrtRoadLight
SE,h1988,0.36873105182903665,scr2002,avaStIn,bevFrtRoadLight
SE,h1989,0.3543630997986469,scr2002,avaStIn,bevFrtRoadLight
SE,h1990,0.3154781828948128,scr2002,avaStIn,bevFrtRoadLight
SE,h1991,0.27112993299959987,scr2002,avaStIn,bevFrtRoadLight
SE,h1992,0.2381911639591776,scr2002,avaStIn,bevFrtRoadLight
SE,h1993,0.28388199759953203,scr2002,avaStIn,bevFrtRoadLight
SE,h1994,0.34615260530650627,scr2002,avaStIn,bevFrtRoadLight
SE,h1995,0.4106293035759673,scr2002,avaStIn,bevFrtRoadLight
SE,h1996,0.4302562346105031,scr2002,avaStIn,bevFrtRoadLight
SE,h1997,0.4411964644145132,scr2002,avaStIn,bevFrtRoadLight
SE,h1998,0.45751109901302867,scr2002,avaStIn,bevFrtRoadLight
SE,h1999,0.48871757217710954,scr2002,avaStIn,bevFrtRoadLight
SE,h2000,0.5314509691002262,scr2002,avaStIn,bevFrtRoadLight
SE,h2001,0.5711878747561929,scr2002,avaStIn,bevFrtRoadLight
SE,h2002,0.5980939691710526,scr2002,avaStIn,bevFrtRoadLight
SE,h2003,0.608394034195855,scr2002,avaStIn,bevFrtRoadLight
SE,h2004,0.6010568773540479,scr2002,avaStIn,bevFrtRoadLight
SE,h2005,0.5764247164288175,scr2002,avaStIn,bevFrtRoadLight
SE,h2006,0.5401459054358786,scr2002,avaStIn,bevFrtRoadLight
SE,h2007,0.4982672792884357,scr2002,avaStIn,bevFrtRoadLight
SE,h2008,0.4574139907405833,scr2002,avaStIn,bevFrtRoadLight
SE,h2009,0.42470386872332366,scr2002,avaStIn,bevFrtRoadLight
SE,h2010,0.4070105681582177,scr2002,avaStIn,bevFrtRoadLight
SE,h2011,0.3993554704479094,scr2002,avaStIn,bevFrtRoadLight
SE,h2012,0.3942528360151184,scr2002,avaStIn,bevFrtRoadLight
SE,h2013,0.3809841238928826,scr2002,avaStIn,bevFrtRoadLight
SE,h2014,0.3497784944040866,scr2002,avaStIn,bevFrtRoadLight
SE,h2015,0.3123069662403203,scr2002,avaStIn,bevFrtRoadLight
SE,h2016,0.2821792829284123,scr2002,avaStIn,bevFrtRoadLight
SE,h2017,0.3072840894621327,scr2002,avaStIn,bevFrtRoadLight
SE,h2018,0.33666905394072466,scr2002,avaStIn,bevFrtRoadLight
SE,h2019,0.36655496485550265,scr2002,avaStIn,bevFrtRoadLight
SE,h2020,0.3745731212047183,scr2002,avaStIn,bevFrtRoadLight
SE,h2021,0.4026088526762964,scr2002,avaStIn,bevFrtRoadLight
SE,h2022,0.44640061438376677,scr2002,avaStIn,bevFrtRoadLight
SE,h2023,0.4973037920546317,scr2002,avaStIn,bevFrtRoadLight
SE,h2024,0.5420216950586382,scr2002,avaStIn,bevFrtRoadLight
SE,h2025,0.5736954068525849,scr2002,avaStIn,bevFrtRoadLight
SE,h2026,0.5880342997851788,scr2002,avaStIn,bevFrtRoadLight
SE,h2027,0.5918947845476326,scr2002,avaStIn,bevFrtRoadLight
SE,h2028,0.5837522950091351,scr2002,avaStIn,bevFrtRoadLight
SE,h2029,0.566630011228302,scr2002,avaStIn,bevFrtRoadLight
SE,h2030,0.5326460205473856,scr2002,avaStIn,bevFrtRoadLight
SE,h2031,0.48334141219508586,scr2002,avaStIn,bevFrtRoadLight
SE,h2032,0.4237800531764452,scr2002,avaStIn,bevFrtRoadLight
SE,h2033,0.3668064382544399,scr2002,avaStIn,bevFrtRoadLight
SE,h2034,0.33858624085132816,scr2002,avaStIn,bevFrtRoadLight
SE,h2035,0.33981235579051505,scr2002,avaStIn,bevFrtRoadLight
SE,h2036,0.3644150552627201,scr2002,avaStIn,bevFrtRoadLight
SE,h2037,0.39407002810213865,scr2002,avaStIn,bevFrtRoadLight
SE,h2038,0.4100441996396512,scr2002,avaStIn,bevFrtRoadLight
SE,h2039,0.41244752514225314,scr2002,avaStIn,bevFrtRoadLight
SE,h2040,0.3977671810575979,scr2002,avaStIn,bevFrtRoadLight
SE,h2041,0.3840802424090224,scr2002,avaStIn,bevFrtRoadLight
SE,h2042,0.37136048642151265,scr2002,avaStIn,bevFrtRoadLight
SE,h2043,0.36655496485550265,scr2002,avaStIn,bevFrtRoadLight
SE,h2044,0.3745731212047183,scr2002,avaStIn,bevFrtRoadLight
SE,h2045,0.4026088526762964,scr2002,avaStIn,bevFrtRoadLight
SE,h2046,0.44640061438376677,scr2002,avaStIn,bevFrtRoadLight
SE,h2047,0.4973037920546317,scr2002,avaStIn,bevFrtRoadLight
SE,h2048,0.5420216950586382,scr2002,avaStIn,bevFrtRoadLight
SE,h2049,0.5736954068525849,scr2002,avaStIn,bevFrtRoadLight
SE,h2050,0.5880342997851788,scr2002,avaStIn,bevFrtRoadLight
SE,h2051,0.5918947845476326,scr2002,avaStIn,bevFrtRoadLight
SE,h2052,0.5837522950091351,scr2002,avaStIn,bevFrtRoadLight
SE,h2053,0.566630011228302,scr2002,avaStIn,bevFrtRoadLight
SE,h2054,0.5326460205473856,scr2002,avaStIn,bevFrtRoadLight
SE,h2055,0.48334141219508586,scr2002,avaStIn,bevFrtRoadLight
SE,h2056,0.4237800531764452,scr2002,avaStIn,bevFrtRoadLight
SE,h2057,0.3668064382544399,scr2002,avaStIn,bevFrtRoadLight
SE,h2058,0.33858624085132816,scr2002,avaStIn,bevFrtRoadLight
SE,h2059,0.33981235579051505,scr2002,avaStIn,bevFrtRoadLight
SE,h2060,0.3644150552627201,scr2002,avaStIn,bevFrtRoadLight
SE,h2061,0.39407002810213865,scr2002,avaStIn,bevFrtRoadLight
SE,h2062,0.4100441996396512,scr2002,avaStIn,bevFrtRoadLight
SE,h2063,0.41244752514225314,scr2002,avaStIn,bevFrtRoadLight
SE,h2064,0.3977671810575979,scr2002,avaStIn,bevFrtRoadLight
SE,h2065,0.3840802424090224,scr2002,avaStIn,bevFrtRoadLight
SE,h2066,0.37136048642151265,scr2002,avaStIn,bevFrtRoadLight
SE,h2067,0.36655496485550265,scr2002,avaStIn,bevFrtRoadLight
SE,h2068,0.3745731212047183,scr2002,avaStIn,bevFrtRoadLight
SE,h2069,0.4026088526762964,scr2002,avaStIn,bevFrtRoadLight
SE,h2070,0.44640061438376677,scr2002,avaStIn,bevFrtRoadLight
SE,h2071,0.4973037920546317,scr2002,avaStIn,bevFrtRoadLight
SE,h2072,0.5420216950586382,scr2002,avaStIn,bevFrtRoadLight
SE,h2073,0.5736954068525849,scr2002,avaStIn,bevFrtRoadLight
SE,h2074,0.5880342997851788,scr2002,avaStIn,bevFrtRoadLight
SE,h2075,0.5918947845476326,scr2002,avaStIn,bevFrtRoadLight
SE,h2076,0.5837522950091351,scr2002,avaStIn,bevFrtRoadLight
SE,h2077,0.566630011228302,scr2002,avaStIn,bevFrtRoadLight
SE,h2078,0.5326460205473856,scr2002,avaStIn,bevFrtRoadLight
SE,h2079,0.48334141219508586,scr2002,avaStIn,bevFrtRoadLight
SE,h2080,0.4237800531764452,scr2002,avaStIn,bevFrtRoadLight
SE,h2081,0.3668064382544399,scr2002,avaStIn,bevFrtRoadLight
SE,h2082,0.33858624085132816,scr2002,avaStIn,bevFrtRoadLight
SE,h2083,0.33981235579051505,scr2002,avaStIn,bevFrtRoadLight
SE,h2084,0.3644150552627201,scr2002,avaStIn,bevFrtRoadLight
SE,h2085,0.39407002810213865,scr2002,avaStIn,bevFrtRoadLight
SE,h2086,0.4100441996396512,scr2002,avaStIn,bevFrtRoadLight
SE,h2087,0.41244752514225314,scr2002,avaStIn,bevFrtRoadLight
SE,h2088,0.3977671810575979,scr2002,avaStIn,bevFrtRoadLight
SE,h2089,0.3840802424090224,scr2002,avaStIn,bevFrtRoadLight
SE,h2090,0.37136048642151265,scr2002,avaStIn,bevFrtRoadLight
SE,h2091,0.36655496485550265,scr2002,avaStIn,bevFrtRoadLight
SE,h2092,0.3745731212047183,scr2002,avaStIn,bevFrtRoadLight
SE,h2093,0.4026088526762964,scr2002,avaStIn,bevFrtRoadLight
SE,h2094,0.44640061438376677,scr2002,avaStIn,bevFrtRoadLight
SE,h2095,0.4973037920546317,scr2002,avaStIn,bevFrtRoadLight
SE,h2096,0.5420216950586382,scr2002,avaStIn,bevFrtRoadLight
SE,h2097,0.5736954068525849,scr2002,avaStIn,bevFrtRoadLight
SE,h2098,0.5880342997851788,scr2002,avaStIn,bevFrtRoadLight
SE,h2099,0.5918947845476326,scr2002,avaStIn,bevFrtRoadLight
SE,h2100,0.5837522950091351,scr2002,avaStIn,bevFrtRoadLight
SE,h2101,0.566630011228302,scr2002,avaStIn,bevFrtRoadLight
SE,h2102,0.5326460205473856,scr2002,avaStIn,bevFrtRoadLight
SE,h2103,0.48334141219508586,scr2002,avaStIn,bevFrtRoadLight
SE,h2104,0.4237800531764452,scr2002,avaStIn,bevFrtRoadLight
SE,h2105,0.3668064382544399,scr2002,avaStIn,bevFrtRoadLight
SE,h2106,0.33858624085132816,scr2002,avaStIn,bevFrtRoadLight
SE,h2107,0.33981235579051505,scr2002,avaStIn,bevFrtRoadLight
SE,h2108,0.3644150552627201,scr2002,avaStIn,bevFrtRoadLight
SE,h2109,0.39407002810213865,scr2002,avaStIn,bevFrtRoadLight
SE,h2110,0.4100441996396512,scr2002,avaStIn,bevFrtRoadLight
SE,h2111,0.41244752514225314,scr2002,avaStIn,bevFrtRoadLight
SE,h2112,0.3977671810575979,scr2002,avaStIn,bevFrtRoadLight
SE,h2113,0.4215422859318668,scr2002,avaStIn,bevFrtRoadLight
SE,h2114,0.44561523253946533,scr2002,avaStIn,bevFrtRoadLight
SE,h2115,0.46890884939949806,scr2002,avaStIn,bevFrtRoadLight
SE,h2116,0.4606801828577375,scr2002,avaStIn,bevFrtRoadLight
SE,h2117,0.4598809008191356,scr2002,avaStIn,bevFrtRoadLight
SE,h2118,0.47373682010553864,scr2002,avaStIn,bevFrtRoadLight
SE,h2119,0.49837466067849223,scr2002,avaStIn,bevFrtRoadLight
SE,h2120,0.5249322712656334,scr2002,avaStIn,bevFrtRoadLight
SE,h2121,0.5295524702973696,scr2002,avaStIn,bevFrtRoadLight
SE,h2122,0.5237384833973733,scr2002,avaStIn,bevFrtRoadLight
SE,h2123,0.517462220076728,scr2002,avaStIn,bevFrtRoadLight
SE,h2124,0.5202231448594441,scr2002,avaStIn,bevFrtRoadLight
SE,h2125,0.5168074572603817,scr2002,avaStIn,bevFrtRoadLight
SE,h2126,0.4881087918461403,scr2002,avaStIn,bevFrtRoadLight
SE,h2127,0.4401501060096197,scr2002,avaStIn,bevFrtRoadLight
SE,h2128,0.3751810028677981,scr2002,avaStIn,bevFrtRoadLight
SE,h2129,0.3184738733356699,scr2002,avaStIn,bevFrtRoadLight
SE,h2130,0.2885496316681868,scr2002,avaStIn,bevFrtRoadLight
SE,h2131,0.2950430145218158,scr2002,avaStIn,bevFrtRoadLight
SE,h2132,0.3362350273761402,scr2002,avaStIn,bevFrtRoadLight
SE,h2133,0.3905257678468871,scr2002,avaStIn,bevFrtRoadLight
SE,h2134,0.4405757953478313,scr2002,avaStIn,bevFrtRoadLight
SE,h2135,0.4738121072088959,scr2002,avaStIn,bevFrtRoadLight
SE,h2136,0.4995552626921461,scr2002,avaStIn,bevFrtRoadLight
SE,h2137,0.5006979269249346,scr2002,avaStIn,bevFrtRoadLight
SE,h2138,0.49234384959123256,scr2002,avaStIn,bevFrtRoadLight
SE,h2139,0.46890884939949806,scr2002,avaStIn,bevFrtRoadLight
SE,h2140,0.4606801828577375,scr2002,avaStIn,bevFrtRoadLight
SE,h2141,0.4598809008191356,scr2002,avaStIn,bevFrtRoadLight
SE,h2142,0.47373682010553864,scr2002,avaStIn,bevFrtRoadLight
SE,h2143,0.49837466067849223,scr2002,avaStIn,bevFrtRoadLight
SE,h2144,0.5249322712656334,scr2002,avaStIn,bevFrtRoadLight
SE,h2145,0.5295524702973696,scr2002,avaStIn,bevFrtRoadLight
SE,h2146,0.5237384833973733,scr2002,avaStIn,bevFrtRoadLight
SE,h2147,0.517462220076728,scr2002,avaStIn,bevFrtRoadLight
SE,h2148,0.5202231448594441,scr2002,avaStIn,bevFrtRoadLight
SE,h2149,0.5168074572603817,scr2002,avaStIn,bevFrtRoadLight
SE,h2150,0.4881087918461403,scr2002,avaStIn,bevFrtRoadLight
SE,h2151,0.4401501060096197,scr2002,avaStIn,bevFrtRoadLight
SE,h2152,0.3751810028677981,scr2002,avaStIn,bevFrtRoadLight
SE,h2153,0.3184738733356699,scr2002,avaStIn,bevFrtRoadLight
SE,h2154,0.2885496316681868,scr2002,avaStIn,bevFrtRoadLight
SE,h2155,0.2950430145218158,scr2002,avaStIn,bevFrtRoadLight
SE,h2156,0.3362350273761402,scr2002,avaStIn,bevFrtRoadLight
SE,h2157,0.3905257678468871,scr2002,avaStIn,bevFrtRoadLight
SE,h2158,0.4405757953478313,scr2002,avaStIn,bevFrtRoadLight
SE,h2159,0.4738121072088959,scr2002,avaStIn,bevFrtRoadLight
SE,h2160,0.4995552626921461,scr2002,avaStIn,bevFrtRoadLight
UK,h1441,0.3714353995574986,scr2002,avaStIn,bevFrtRoadLight
UK,h1442,0.3846086524108919,scr2002,avaStIn,bevFrtRoadLight
UK,h1443,0.42374952391826426,scr2002,avaStIn,bevFrtRoadLight
UK,h1444,0.470910231576122,scr2002,avaStIn,bevFrtRoadLight
UK,h1445,0.5000591446961408,scr2002,avaStIn,bevFrtRoadLight
UK,h1446,0.495233345157142,scr2002,avaStIn,bevFrtRoadLight
UK,h1447,0.5008043596015221,scr2002,avaStIn,bevFrtRoadLight
UK,h1448,0.5021789974738545,scr2002,avaStIn,bevFrtRoadLight
UK,h1449,0.5231874460949842,scr2002,avaStIn,bevFrtRoadLight
UK,h1450,0.5308529822226913,scr2002,avaStIn,bevFrtRoadLight
UK,h1451,0.536356959269228,scr2002,avaStIn,bevFrtRoadLight
UK,h1452,0.537388156127675,scr2002,avaStIn,bevFrtRoadLight
UK,h1453,0.5288075990651915,scr2002,avaStIn,bevFrtRoadLight
UK,h1454,0.5095709286669998,scr2002,avaStIn,bevFrtRoadLight
UK,h1455,0.4737535509310621,scr2002,avaStIn,bevFrtRoadLight
UK,h1456,0.4304466538396563,scr2002,avaStIn,bevFrtRoadLight
UK,h1457,0.382687999221479,scr2002,avaStIn,bevFrtRoadLight
UK,h1458,0.35009603390058996,scr2002,avaStIn,bevFrtRoadLight
UK,h1459,0.3349394292024723,scr2002,avaStIn,bevFrtRoadLight
UK,h1460,0.34869160218954365,scr2002,avaStIn,bevFrtRoadLight
UK,h1461,0.36780057797615695,scr2002,avaStIn,bevFrtRoadLight
UK,h1462,0.38682791024436847,scr2002,avaStIn,bevFrtRoadLight
UK,h1463,0.3912979680884232,scr2002,avaStIn,bevFrtRoadLight
UK,h1464,0.3985938980480803,scr2002,avaStIn,bevFrtRoadLight
UK,h1465,0.38540755881640665,scr2002,avaStIn,bevFrtRoadLight
UK,h1466,0.39834418280524164,scr2002,avaStIn,bevFrtRoadLight
UK,h1467,0.42374952391826426,scr2002,avaStIn,bevFrtRoadLight
UK,h1468,0.470910231576122,scr2002,avaStIn,bevFrtRoadLight
UK,h1469,0.5000591446961408,scr2002,avaStIn,bevFrtRoadLight
UK,h1470,0.495233345157142,scr2002,avaStIn,bevFrtRoadLight
UK,h1471,0.5008043596015221,scr2002,avaStIn,bevFrtRoadLight
UK,h1472,0.5021789974738545,scr2002,avaStIn,bevFrtRoadLight
UK,h1473,0.5231874460949842,scr2002,avaStIn,bevFrtRoadLight
UK,h1474,0.5308529822226913,scr2002,avaStIn,bevFrtRoadLight
UK,h1475,0.536356959269228,scr2002,avaStIn,bevFrtRoadLight
UK,h1476,0.537388156127675,scr2002,avaStIn,bevFrtRoadLight
UK,h1477,0.5288075990651915,scr2002,avaStIn,bevFrtRoadLight
UK,h1478,0.5095709286669998,scr2002,avaStIn,bevFrtRoadLight
UK,h1479,0.4737535509310621,scr2002,avaStIn,bevFrtRoadLight
UK,h1480,0.4304466538396563,scr2002,avaStIn,bevFrtRoadLight
UK,h1481,0.382687999221479,scr2002,avaStIn,bevFrtRoadLight
UK,h1482,0.35009603390058996,scr2002,avaStIn,bevFrtRoadLight
UK,h1483,0.3349394292024723,scr2002,avaStIn,bevFrtRoadLight
UK,h1484,0.34869160218954365,scr2002,avaStIn,bevFrtRoadLight
UK,h1485,0.36780057797615695,scr2002,avaStIn,bevFrtRoadLight
UK,h1486,0.38682791024436847,scr2002,avaStIn,bevFrtRoadLight
UK,h1487,0.3912979680884232,scr2002,avaStIn,bevFrtRoadLight
UK,h1488,0.3985938980480803,scr2002,avaStIn,bevFrtRoadLight
UK,h1489,0.4174388969205469,scr2002,avaStIn,bevFrtRoadLight
UK,h1490,0.4439543832070486,scr2002,avaStIn,bevFrtRoadLight
UK,h1491,0.464238846132911,scr2002,avaStIn,bevFrtRoadLight
UK,h1492,0.4692993118565085,scr2002,avaStIn,bevFrtRoadLight
UK,h1493,0.4647572130501477,scr2002,avaStIn,bevFrtRoadLight
UK,h1494,0.4606421333392814,scr2002,avaStIn,bevFrtRoadLight
UK,h1495,0.4606294501381405,scr2002,avaStIn,bevFrtRoadLight
UK,h1496,0.4771202000278558,scr2002,avaStIn,bevFrtRoadLight
UK,h1497,0.4942956004519071,scr2002,avaStIn,bevFrtRoadLight
UK,h1498,0.5099123823053464,scr2002,avaStIn,bevFrtRoadLight
UK,h1499,0.5161038254350149,scr2002,avaStIn,bevFrtRoadLight
UK,h1500,0.5219276355822776,scr2002,avaStIn,bevFrtRoadLight
UK,h1501,0.5234247828552906,scr2002,avaStIn,bevFrtRoadLight
UK,h1502,0.515666896351518,scr2002,avaStIn,bevFrtRoadLight
UK,h1503,0.4904757420921084,scr2002,avaStIn,bevFrtRoadLight
UK,h1504,0.4511048686615209,scr2002,avaStIn,bevFrtRoadLight
UK,h1505,0.401719554609377,scr2002,avaStIn,bevFrtRoadLight
UK,h1506,0.362910361244157,scr2002,avaStIn,bevFrtRoadLight
UK,h1507,0.3472619056461236,scr2002,avaStIn,bevFrtRoadLight
UK,h1508,0.35727079588328314,scr2002,avaStIn,bevFrtRoadLight
UK,h1509,0.378468834507535,scr2002,avaStIn,bevFrtRoadLight
UK,h1510,0.39319028121074384,scr2002,avaStIn,bevFrtRoadLight
UK,h1511,0.3959422870730802,scr2002,avaStIn,bevFrtRoadLight
UK,h1512,0.3854887711962276,scr2002,avaStIn,bevFrtRoadLight
UK,h1513,0.42769853598926943,scr2002,avaStIn,bevFrtRoadLight
UK,h1514,0.46444116177482075,scr2002,avaStIn,bevFrtRoadLight
UK,h1515,0.5002557267591349,scr2002,avaStIn,bevFrtRoadLight
UK,h1516,0.4779833592811431,scr2002,avaStIn,bevFrtRoadLight
UK,h1517,0.45518876455881485,scr2002,avaStIn,bevFrtRoadLight
UK,h1518,0.43596244051473665,scr2002,avaStIn,bevFrtRoadLight
UK,h1519,0.4287672948543092,scr2002,avaStIn,bevFrtRoadLight
UK,h1520,0.4310449118345231,scr2002,avaStIn,bevFrtRoadLight
UK,h1521,0.43651906754470937,scr2002,avaStIn,bevFrtRoadLight
UK,h1522,0.42784196327677315,scr2002,avaStIn,bevFrtRoadLight
UK,h1523,0.40165285769436365,scr2002,avaStIn,bevFrtRoadLight
UK,h1524,0.3554492048303812,scr2002,avaStIn,bevFrtRoadLight
UK,h1525,0.30743387757687923,scr2002,avaStIn,bevFrtRoadLight
UK,h1526,0.278936309503648,scr2002,avaStIn,bevFrtRoadLight
UK,h1527,0.28525649117608465,scr2002,avaStIn,bevFrtRoadLight
UK,h1528,0.33100477113297455,scr2002,avaStIn,bevFrtRoadLight
UK,h1529,0.39516435979871634,scr2002,avaStIn,bevFrtRoadLight
UK,h1530,0.46644985491696456,scr2002,avaStIn,bevFrtRoadLight
UK,h1531,0.5302489042156142,scr2002,avaStIn,bevFrtRoadLight
UK,h1532,0.5770673902258092,scr2002,avaStIn,bevFrtRoadLight
UK,h1533,0.5986769755958499,scr2002,avaStIn,bevFrtRoadLight
UK,h1534,0.6016883948095748,scr2002,avaStIn,bevFrtRoadLight
UK,h1535,0.5924055260109063,scr2002,avaStIn,bevFrtRoadLight
UK,h1536,0.5774847836798133,scr2002,avaStIn,bevFrtRoadLight
UK,h1537,0.5517773619954188,scr2002,avaStIn,bevFrtRoadLight
UK,h1538,0.5248358437172167,scr2002,avaStIn,bevFrtRoadLight
UK,h1539,0.5002557267591349,scr2002,avaStIn,bevFrtRoadLight
UK,h1540,0.4779833592811431,scr2002,avaStIn,bevFrtRoadLight
UK,h1541,0.45518876455881485,scr2002,avaStIn,bevFrtRoadLight
UK,h1542,0.43596244051473665,scr2002,avaStIn,bevFrtRoadLight
UK,h1543,0.4287672948543092,scr2002,avaStIn,bevFrtRoadLight
UK,h1544,0.4310449118345231,scr2002,avaStIn,bevFrtRoadLight
UK,h1545,0.43651906754470937,scr2002,avaStIn,bevFrtRoadLight
UK,h1546,0.42784196327677315,scr2002,avaStIn,bevFrtRoadLight
UK,h1547,0.40165285769436365,scr2002,avaStIn,bevFrtRoadLight
UK,h1548,0.3554492048303812,scr2002,avaStIn,bevFrtRoadLight
UK,h1549,0.30743387757687923,scr2002,avaStIn,bevFrtRoadLight
UK,h1550,0.278936309503648,scr2002,avaStIn,bevFrtRoadLight
UK,h1551,0.28525649117608465,scr2002,avaStIn,bevFrtRoadLight
UK,h1552,0.33100477113297455,scr2002,avaStIn,bevFrtRoadLight
UK,h1553,0.39516435979871634,scr2002,avaStIn,bevFrtRoadLight
UK,h1554,0.46644985491696456,scr2002,avaStIn,bevFrtRoadLight
UK,h1555,0.5302489042156142,scr2002,avaStIn,bevFrtRoadLight
UK,h1556,0.5770673902258092,scr2002,avaStIn,bevFrtRoadLight
UK,h1557,0.5986769755958499,scr2002,avaStIn,bevFrtRoadLight
UK,h1558,0.6016883948095748,scr2002,avaStIn,bevFrtRoadLight
UK,h1559,0.5924055260109063,scr2002,avaStIn,bevFrtRoadLight
UK,h1560,0.5774847836798133,scr2002,avaStIn,bevFrtRoadLight
UK,h1561,0.5517773619954188,scr2002,avaStIn,bevFrtRoadLight
UK,h1562,0.5248358437172167,scr2002,avaStIn,bevFrtRoadLight
UK,h1563,0.5002557267591349,scr2002,avaStIn,bevFrtRoadLight
UK,h1564,0.4779833592811431,scr2002,avaStIn,bevFrtRoadLight
UK,h1565,0.45518876455881485,scr2002,avaStIn,bevFrtRoadLight
UK,h1566,0.43596244051473665,scr2002,avaStIn,bevFrtRoadLight
UK,h1567,0.4287672948543092,scr2002,avaStIn,bevFrtRoadLight
UK,h1568,0.4310449118345231,scr2002,avaStIn,bevFrtRoadLight
UK,h1569,0.43651906754470937,scr2002,avaStIn,bevFrtRoadLight
UK,h1570,0.42784196327677315,scr2002,avaStIn,bevFrtRoadLight
UK,h1571,0.40165285769436365,scr2002,avaStIn,bevFrtRoadLight
UK,h1572,0.3554492048303812,scr2002,avaStIn,bevFrtRoadLight
UK,h1573,0.30743387757687923,scr2002,avaStIn,bevFrtRoadLight
UK,h1574,0.278936309503648,scr2002,avaStIn,bevFrtRoadLight
UK,h1575,0.28525649117608465,scr2002,avaStIn,bevFrtRoadLight
UK,h1576,0.33100477113297455,scr2002,avaStIn,bevFrtRoadLight
UK,h1577,0.39516435979871634,scr2002,avaStIn,bevFrtRoadLight
UK,h1578,0.46644985491696456,scr2002,avaStIn,bevFrtRoadLight
UK,h1579,0.5302489042156142,scr2002,avaStIn,bevFrtRoadLight
UK,h1580,0.5770673902258092,scr2002,avaStIn,bevFrtRoadLight
UK,h1581,0.5986769755958499,scr2002,avaStIn,bevFrtRoadLight
UK,h1582,0.6016883948095748,scr2002,avaStIn,bevFrtRoadLight
UK,h1583,0.5924055260109063,scr2002,avaStIn,bevFrtRoadLight
UK,h1584,0.5774847836798133,scr2002,avaStIn,bevFrtRoadLight
UK,h1585,0.5517773619954188,scr2002,avaStIn,bevFrtRoadLight
UK,h1586,0.5248358437172167,scr2002,avaStIn,bevFrtRoadLight
UK,h1587,0.5002557267591349,scr2002,avaStIn,bevFrtRoadLight
UK,h1588,0.4779833592811431,scr2002,avaStIn,bevFrtRoadLight
UK,h1589,0.45518876455881485,scr2002,avaStIn,bevFrtRoadLight
UK,h1590,0.43596244051473665,scr2002,avaStIn,bevFrtRoadLight
UK,h1591,0.4287672948543092,scr2002,avaStIn,bevFrtRoadLight
UK,h1592,0.4310449118345231,scr2002,avaStIn,bevFrtRoadLight
UK,h1593,0.43651906754470937,scr2002,avaStIn,bevFrtRoadLight
UK,h1594,0.42784196327677315,scr2002,avaStIn,bevFrtRoadLight
UK,h1595,0.40165285769436365,scr2002,avaStIn,bevFrtRoadLight
UK,h1596,0.3554492048303812,scr2002,avaStIn,bevFrtRoadLight
UK,h1597,0.30743387757687923,scr2002,avaStIn,bevFrtRoadLight
UK,h1598,0.278936309503648,scr2002,avaStIn,bevFrtRoadLight
UK,h1599,0.28525649117608465,scr2002,avaStIn,bevFrtRoadLight
UK,h1600,0.33100477113297455,scr2002,avaStIn,bevFrtRoadLight
UK,h1601,0.39516435979871634,scr2002,avaStIn,bevFrtRoadLight
UK,h1602,0.46644985491696456,scr2002,avaStIn,bevFrtRoadLight
UK,h1603,0.5302489042156142,scr2002,avaStIn,bevFrtRoadLight
UK,h1604,0.5770673902258092,scr2002,avaStIn,bevFrtRoadLight
UK,h1605,0.5986769755958499,scr2002,avaStIn,bevFrtRoadLight
UK,h1606,0.6016883948095748,scr2002,avaStIn,bevFrtRoadLight
UK,h1607,0.5924055260109063,scr2002,avaStIn,bevFrtRoadLight
UK,h1608,0.5774847836798133,scr2002,avaStIn,bevFrtRoadLight
UK,h1609,0.5399833096273894,scr2002,avaStIn,bevFrtRoadLight
UK,h1610,0.5020113380135912,scr2002,avaStIn,bevFrtRoadLight
UK,h1611,0.4635722307063156,scr2002,avaStIn,bevFrtRoadLight
UK,h1612,0.4380348659574729,scr2002,avaStIn,bevFrtRoadLight
UK,h1613,0.40762124803256283,scr2002,avaStIn,bevFrtRoadLight
UK,h1614,0.37888830724468336,scr2002,avaStIn,bevFrtRoadLight
UK,h1615,0.36958381422293585,scr2002,avaStIn,bevFrtRoadLight
UK,h1616,0.37840208488783944,scr2002,avaStIn,bevFrtRoadLight
UK,h1617,0.4031259345923752,scr2002,avaStIn,bevFrtRoadLight
UK,h1618,0.41362439373824145,scr2002,avaStIn,bevFrtRoadLight
UK,h1619,0.4028461315685412,scr2002,avaStIn,bevFrtRoadLight
UK,h1620,0.3603437041144123,scr2002,avaStIn,bevFrtRoadLight
UK,h1621,0.300735364069155,scr2002,avaStIn,bevFrtRoadLight
UK,h1622,0.24177370465061954,scr2002,avaStIn,bevFrtRoadLight
UK,h1623,0.21970614560615676,scr2002,avaStIn,bevFrtRoadLight
UK,h1624,0.25508395733229006,scr2002,avaStIn,bevFrtRoadLight
UK,h1625,0.34767139096765254,scr2002,avaStIn,bevFrtRoadLight
UK,h1626,0.45228041046836875,scr2002,avaStIn,bevFrtRoadLight
UK,h1627,0.5341134302691987,scr2002,avaStIn,bevFrtRoadLight
UK,h1628,0.5851656457268322,scr2002,avaStIn,bevFrtRoadLight
UK,h1629,0.6079565962864942,scr2002,avaStIn,bevFrtRoadLight
UK,h1630,0.608837832284763,scr2002,avaStIn,bevFrtRoadLight
UK,h1631,0.5862547005889719,scr2002,avaStIn,bevFrtRoadLight
UK,h1632,0.5503272305028046,scr2002,avaStIn,bevFrtRoadLight
UK,h1633,0.5157882800473498,scr2002,avaStIn,bevFrtRoadLight
UK,h1634,0.4876212160339365,scr2002,avaStIn,bevFrtRoadLight
UK,h1635,0.4635722307063156,scr2002,avaStIn,bevFrtRoadLight
UK,h1636,0.4380348659574729,scr2002,avaStIn,bevFrtRoadLight
UK,h1637,0.40762124803256283,scr2002,avaStIn,bevFrtRoadLight
UK,h1638,0.37888830724468336,scr2002,avaStIn,bevFrtRoadLight
UK,h1639,0.36958381422293585,scr2002,avaStIn,bevFrtRoadLight
UK,h1640,0.37840208488783944,scr2002,avaStIn,bevFrtRoadLight
UK,h1641,0.4031259345923752,scr2002,avaStIn,bevFrtRoadLight
UK,h1642,0.41362439373824145,scr2002,avaStIn,bevFrtRoadLight
UK,h1643,0.4028461315685412,scr2002,avaStIn,bevFrtRoadLight
UK,h1644,0.3603437041144123,scr2002,avaStIn,bevFrtRoadLight
UK,h1645,0.300735364069155,scr2002,avaStIn,bevFrtRoadLight
UK,h1646,0.24177370465061954,scr2002,avaStIn,bevFrtRoadLight
UK,h1647,0.21970614560615676,scr2002,avaStIn,bevFrtRoadLight
UK,h1648,0.25508395733229006,scr2002,avaStIn,bevFrtRoadLight
UK,h1649,0.34767139096765254,scr2002,avaStIn,bevFrtRoadLight
UK,h1650,0.45228041046836875,scr2002,avaStIn,bevFrtRoadLight
UK,h1651,0.5341134302691987,scr2002,avaStIn,bevFrtRoadLight
UK,h1652,0.5851656457268322,scr2002,avaStIn,bevFrtRoadLight
UK,h1653,0.6079565962864942,scr2002,avaStIn,bevFrtRoadLight
UK,h1654,0.608837832284763,scr2002,avaStIn,bevFrtRoadLight
UK,h1655,0.5862547005889719,scr2002,avaStIn,bevFrtRoadLight
UK,h1656,0.5503272305028046,scr2002,avaStIn,bevFrtRoadLight
UK,h1657,0.5277989482493217,scr2002,avaStIn,bevFrtRoadLight
UK,h1658,0.5107010378978177,scr2002,avaStIn,bevFrtRoadLight
UK,h1659,0.5002557267591349,scr2002,avaStIn,bevFrtRoadLight
UK,h1660,0.4779833592811431,scr2002,avaStIn,bevFrtRoadLight
UK,h1661,0.45518876455881485,scr2002,avaStIn,bevFrtRoadLight
UK,h1662,0.43596244051473665,scr2002,avaStIn,bevFrtRoadLight
UK,h1663,0.4287672948543092,scr2002,avaStIn,bevFrtRoadLight
UK,h1664,0.4310449118345231,scr2002,avaStIn,bevFrtRoadLight
UK,h1665,0.43651906754470937,scr2002,avaStIn,bevFrtRoadLight
UK,h1666,0.42784196327677315,scr2002,avaStIn,bevFrtRoadLight
UK,h1667,0.40165285769436365,scr2002,avaStIn,bevFrtRoadLight
UK,h1668,0.3554492048303812,scr2002,avaStIn,bevFrtRoadLight
UK,h1669,0.30743387757687923,scr2002,avaStIn,bevFrtRoadLight
UK,h1670,0.278936309503648,scr2002,avaStIn,bevFrtRoadLight
UK,h1671,0.28525649117608465,scr2002,avaStIn,bevFrtRoadLight
UK,h1672,0.33100477113297455,scr2002,avaStIn,bevFrtRoadLight
UK,h1673,0.39516435979871634,scr2002,avaStIn,bevFrtRoadLight
UK,h1674,0.46644985491696456,scr2002,avaStIn,bevFrtRoadLight
UK,h1675,0.5302489042156142,scr2002,avaStIn,bevFrtRoadLight
UK,h1676,0.5770673902258092,scr2002,avaStIn,bevFrtRoadLight
UK,h1677,0.5986769755958499,scr2002,avaStIn,bevFrtRoadLight
UK,h1678,0.6016883948095748,scr2002,avaStIn,bevFrtRoadLight
UK,h1679,0.5924055260109063,scr2002,avaStIn,bevFrtRoadLight
UK,h1680,0.5774847836798133,scr2002,avaStIn,bevFrtRoadLight
UK,h1681,0.5517773619954188,scr2002,avaStIn,bevFrtRoadLight
UK,h1682,0.5248358437172167,scr2002,avaStIn,bevFrtRoadLight
UK,h1683,0.5002557267591349,scr2002,avaStIn,bevFrtRoadLight
UK,h1684,0.4779833592811431,scr2002,avaStIn,bevFrtRoadLight
UK,h1685,0.45518876455881485,scr2002,avaStIn,bevFrtRoadLight
UK,h1686,0.43596244051473665,scr2002,avaStIn,bevFrtRoadLight
UK,h1687,0.4287672948543092,scr2002,avaStIn,bevFrtRoadLight
UK,h1688,0.4310449118345231,scr2002,avaStIn,bevFrtRoadLight
UK,h1689,0.43651906754470937,scr2002,avaStIn,bevFrtRoadLight
UK,h1690,0.42784196327677315,scr2002,avaStIn,bevFrtRoadLight
UK,h1691,0.40165285769436365,scr2002,avaStIn,bevFrtRoadLight
UK,h1692,0.3554492048303812,scr2002,avaStIn,bevFrtRoadLight
UK,h1693,0.30743387757687923,scr2002,avaStIn,bevFrtRoadLight
UK,h1694,0.278936309503648,scr2002,avaStIn,bevFrtRoadLight
UK,h1695,0.28525649117608465,scr2002,avaStIn,bevFrtRoadLight
UK,h1696,0.33100477113297455,scr2002,avaStIn,bevFrtRoadLight
UK,h1697,0.39516435979871634,scr2002,avaStIn,bevFrtRoadLight
UK,h1698,0.46644985491696456,scr2002,avaStIn,bevFrtRoadLight
UK,h1699,0.5302489042156142,scr2002,avaStIn,bevFrtRoadLight
UK,h1700,0.5770673902258092,scr2002,avaStIn,bevFrtRoadLight
UK,h1701,0.5986769755958499,scr2002,avaStIn,bevFrtRoadLight
UK,h1702,0.6016883948095748,scr2002,avaStIn,bevFrtRoadLight
UK,h1703,0.5924055260109063,scr2002,avaStIn,bevFrtRoadLight
UK,h1704,0.5774847836798133,scr2002,avaStIn,bevFrtRoadLight
UK,h1705,0.5090380578317111,scr2002,avaStIn,bevFrtRoadLight
UK,h1706,0.45316073221470266,scr2002,avaStIn,bevFrtRoadLight
UK,h1707,0.4106293035759674,scr2002,avaStIn,bevFrtRoadLight
UK,h1708,0.4302562346105029,scr2002,avaStIn,bevFrtRoadLight
UK,h1709,0.4411964644145133,scr2002,avaStIn,bevFrtRoadLight
UK,h1710,0.45751109901302867,scr2002,avaStIn,bevFrtRoadLight
UK,h1711,0.48871757217710954,scr2002,avaStIn,bevFrtRoadLight
UK,h1712,0.5314509691002264,scr2002,avaStIn,bevFrtRoadLight
UK,h1713,0.5711878747561928,scr2002,avaStIn,bevFrtRoadLight
UK,h1714,0.5980939691710527,scr2002,avaStIn,bevFrtRoadLight
UK,h1715,0.608394034195855,scr2002,avaStIn,bevFrtRoadLight
UK,h1716,0.6010568773540482,scr2002,avaStIn,bevFrtRoadLight
UK,h1717,0.5764247164288178,scr2002,avaStIn,bevFrtRoadLight
UK,h1718,0.5401459054358788,scr2002,avaStIn,bevFrtRoadLight
UK,h1719,0.49826727928843595,scr2002,avaStIn,bevFrtRoadLight
UK,h1720,0.4574139907405833,scr2002,avaStIn,bevFrtRoadLight
UK,h1721,0.42470386872332366,scr2002,avaStIn,bevFrtRoadLight
UK,h1722,0.4070105681582177,scr2002,avaStIn,bevFrtRoadLight
UK,h1723,0.39935547044790953,scr2002,avaStIn,bevFrtRoadLight
UK,h1724,0.3942528360151184,scr2002,avaStIn,bevFrtRoadLight
UK,h1725,0.3809841238928826,scr2002,avaStIn,bevFrtRoadLight
UK,h1726,0.3497784944040868,scr2002,avaStIn,bevFrtRoadLight
UK,h1727,0.3123069662403203,scr2002,avaStIn,bevFrtRoadLight
UK,h1728,0.2821792829284123,scr2002,avaStIn,bevFrtRoadLight
UK,h1729,0.3106843918239848,scr2002,avaStIn,bevFrtRoadLight
UK,h1730,0.35866299968064763,scr2002,avaStIn,bevFrtRoadLight
UK,h1731,0.4106293035759674,scr2002,avaStIn,bevFrtRoadLight
UK,h1732,0.4302562346105029,scr2002,avaStIn,bevFrtRoadLight
UK,h1733,0.4411964644145133,scr2002,avaStIn,bevFrtRoadLight
UK,h1734,0.45751109901302867,scr2002,avaStIn,bevFrtRoadLight
UK,h1735,0.48871757217710954,scr2002,avaStIn,bevFrtRoadLight
UK,h1736,0.5314509691002264,scr2002,avaStIn,bevFrtRoadLight
UK,h1737,0.5711878747561928,scr2002,avaStIn,bevFrtRoadLight
UK,h1738,0.5980939691710527,scr2002,avaStIn,bevFrtRoadLight
UK,h1739,0.608394034195855,scr2002,avaStIn,bevFrtRoadLight
UK,h1740,0.6010568773540482,scr2002,avaStIn,bevFrtRoadLight
UK,h1741,0.5764247164288178,scr2002,avaStIn,bevFrtRoadLight
UK,h1742,0.5401459054358788,scr2002,avaStIn,bevFrtRoadLight
UK,h1743,0.49826727928843595,scr2002,avaStIn,bevFrtRoadLight
UK,h1744,0.4574139907405833,scr2002,avaStIn,bevFrtRoadLight
UK,h1745,0.42470386872332366,scr2002,avaStIn,bevFrtRoadLight
UK,h1746,0.4070105681582177,scr2002,avaStIn,bevFrtRoadLight
UK,h1747,0.39935547044790953,scr2002,avaStIn,bevFrtRoadLight
UK,h1748,0.3942528360151184,scr2002,avaStIn,bevFrtRoadLight
UK,h1749,0.3809841238928826,scr2002,avaStIn,bevFrtRoadLight
UK,h1750,0.3497784944040868,scr2002,avaStIn,bevFrtRoadLight
UK,h1751,0.3123069662403203,scr2002,avaStIn,bevFrtRoadLight
UK,h1752,0.2821792829284123,scr2002,avaStIn,bevFrtRoadLight
UK,h1753,0.3106843918239848,scr2002,avaStIn,bevFrtRoadLight
UK,h1754,0.35866299968064763,scr2002,avaStIn,bevFrtRoadLight
UK,h1755,0.4106293035759674,scr2002,avaStIn,bevFrtRoadLight
UK,h1756,0.4302562346105029,scr2002,avaStIn,bevFrtRoadLight
UK,h1757,0.4411964644145133,scr2002,avaStIn,bevFrtRoadLight
UK,h1758,0.45751109901302867,scr2002,avaStIn,bevFrtRoadLight
UK,h1759,0.48871757217710954,scr2002,avaStIn,bevFrtRoadLight
UK,h1760,0.5314509691002264,scr2002,avaStIn,bevFrtRoadLight
UK,h1761,0.5711878747561928,scr2002,avaStIn,bevFrtRoadLight
UK,h1762,0.5980939691710527,scr2002,avaStIn,bevFrtRoadLight
UK,h1763,0.608394034195855,scr2002,avaStIn,bevFrtRoadLight
UK,h1764,0.6010568773540482,scr2002,avaStIn,bevFrtRoadLight
UK,h1765,0.5764247164288178,scr2002,avaStIn,bevFrtRoadLight
UK,h1766,0.5401459054358788,scr2002,avaStIn,bevFrtRoadLight
UK,h1767,0.49826727928843595,scr2002,avaStIn,bevFrtRoadLight
UK,h1768,0.4574139907405833,scr2002,avaStIn,bevFrtRoadLight
UK,h1769,0.42470386872332366,scr2002,avaStIn,bevFrtRoadLight
UK,h1770,0.4070105681582177,scr2002,avaStIn,bevFrtRoadLight
UK,h1771,0.39935547044790953,scr2002,avaStIn,bevFrtRoadLight
UK,h1772,0.3942528360151184,scr2002,avaStIn,bevFrtRoadLight
UK,h1773,0.3809841238928826,scr2002,avaStIn,bevFrtRoadLight
UK,h1774,0.3497784944040868,scr2002,avaStIn,bevFrtRoadLight
UK,h1775,0.3123069662403203,scr2002,avaStIn,bevFrtRoadLight
UK,h1776,0.2821792829284123,scr2002,avaStIn,bevFrtRoadLight
UK,h1777,0.230095162221032,scr2002,avaStIn,bevFrtRoadLight
UK,h1778,0.2300917975935889,scr2002,avaStIn,bevFrtRoadLight
UK,h1779,0.27148343409663167,scr2002,avaStIn,bevFrtRoadLight
UK,h1780,0.3790725700696759,scr2002,avaStIn,bevFrtRoadLight
UK,h1781,0.4623404992613247,scr2002,avaStIn,bevFrtRoadLight
UK,h1782,0.5259162274800008,scr2002,avaStIn,bevFrtRoadLight
UK,h1783,0.5772992909654577,scr2002,avaStIn,bevFrtRoadLight
UK,h1784,0.6171735770568829,scr2002,avaStIn,bevFrtRoadLight
UK,h1785,0.6409152522621755,scr2002,avaStIn,bevFrtRoadLight
UK,h1786,0.648916667,scr2002,avaStIn,bevFrtRoadLight
UK,h1787,0.6400350534574338,scr2002,avaStIn,bevFrtRoadLight
UK,h1788,0.6158841576917301,scr2002,avaStIn,bevFrtRoadLight
UK,h1789,0.5753501172674538,scr2002,avaStIn,bevFrtRoadLight
UK,h1790,0.5273486726990765,scr2002,avaStIn,bevFrtRoadLight
UK,h1791,0.47682400205808606,scr2002,avaStIn,bevFrtRoadLight
UK,h1792,0.4288063768750644,scr2002,avaStIn,bevFrtRoadLight
UK,h1793,0.39374570481652504,scr2002,avaStIn,bevFrtRoadLight
UK,h1794,0.3749031506247579,scr2002,avaStIn,bevFrtRoadLight
UK,h1795,0.3720933012131318,scr2002,avaStIn,bevFrtRoadLight
UK,h1796,0.36873105182903687,scr2002,avaStIn,bevFrtRoadLight
UK,h1797,0.3543630997986469,scr2002,avaStIn,bevFrtRoadLight
UK,h1798,0.3154781828948128,scr2002,avaStIn,bevFrtRoadLight
UK,h1799,0.27112993299959975,scr2002,avaStIn,bevFrtRoadLight
UK,h1800,0.2381911639591776,scr2002,avaStIn,bevFrtRoadLight
UK,h1801,0.20075744833264675,scr2002,avaStIn,bevFrtRoadLight
UK,h1802,0.21575624655576675,scr2002,avaStIn,bevFrtRoadLight
UK,h1803,0.27148343409663167,scr2002,avaStIn,bevFrtRoadLight
UK,h1804,0.3790725700696759,scr2002,avaStIn,bevFrtRoadLight
UK,h1805,0.4623404992613247,scr2002,avaStIn,bevFrtRoadLight
UK,h1806,0.5259162274800008,scr2002,avaStIn,bevFrtRoadLight
UK,h1807,0.5772992909654577,scr2002,avaStIn,bevFrtRoadLight
UK,h1808,0.6171735770568829,scr2002,avaStIn,bevFrtRoadLight
UK,h1809,0.6409152522621755,scr2002,avaStIn,bevFrtRoadLight
UK,h1810,0.648916667,scr2002,avaStIn,bevFrtRoadLight
UK,h1811,0.6400350534574338,scr2002,avaStIn,bevFrtRoadLight
UK,h1812,0.6158841576917301,scr2002,avaStIn,bevFrtRoadLight
UK,h1813,0.5753501172674538,scr2002,avaStIn,bevFrtRoadLight
UK,h1814,0.5273486726990765,scr2002,avaStIn,bevFrtRoadLight
UK,h1815,0.47682400205808606,scr2002,avaStIn,bevFrtRoadLight
UK,h1816,0.4288063768750644,scr2002,avaStIn,bevFrtRoadLight
UK,h1817,0.39374570481652504,scr2002,avaStIn,bevFrtRoadLight
UK,h1818,0.3749031506247579,scr2002,avaStIn,bevFrtRoadLight
UK,h1819,0.3720933012131318,scr2002,avaStIn,bevFrtRoadLight
UK,h1820,0.36873105182903687,scr2002,avaStIn,bevFrtRoadLight
UK,h1821,0.3543630997986469,scr2002,avaStIn,bevFrtRoadLight
UK,h1822,0.3154781828948128,scr2002,avaStIn,bevFrtRoadLight
UK,h1823,0.27112993299959975,scr2002,avaStIn,bevFrtRoadLight
UK,h1824,0.2381911639591776,scr2002,avaStIn,bevFrtRoadLight
UK,h1825,0.28388199759953203,scr2002,avaStIn,bevFrtRoadLight
UK,h1826,0.34615260530650627,scr2002,avaStIn,bevFrtRoadLight
UK,h1827,0.4106293035759674,scr2002,avaStIn,bevFrtRoadLight
UK,h1828,0.4302562346105029,scr2002,avaStIn,bevFrtRoadLight
UK,h1829,0.4411964644145133,scr2002,avaStIn,bevFrtRoadLight
UK,h1830,0.45751109901302867,scr2002,avaStIn,bevFrtRoadLight
UK,h1831,0.48871757217710954,scr2002,avaStIn,bevFrtRoadLight
UK,h1832,0.5314509691002264,scr2002,avaStIn,bevFrtRoadLight
UK,h1833,0.5711878747561928,scr2002,avaStIn,bevFrtRoadLight
UK,h1834,0.5980939691710527,scr2002,avaStIn,bevFrtRoadLight
UK,h1835,0.608394034195855,scr2002,avaStIn,bevFrtRoadLight
UK,h1836,0.6010568773540482,scr2002,avaStIn,bevFrtRoadLight
UK,h1837,0.5764247164288178,scr2002,avaStIn,bevFrtRoadLight
UK,h1838,0.5401459054358788,scr2002,avaStIn,bevFrtRoadLight
UK,h1839,0.49826727928843595,scr2002,avaStIn,bevFrtRoadLight
UK,h1840,0.4574139907405833,scr2002,avaStIn,bevFrtRoadLight
UK,h1841,0.42470386872332366,scr2002,avaStIn,bevFrtRoadLight
UK,h1842,0.4070105681582177,scr2002,avaStIn,bevFrtRoadLight
UK,h1843,0.39935547044790953,scr2002,avaStIn,bevFrtRoadLight
UK,h1844,0.3942528360151184,scr2002,avaStIn,bevFrtRoadLight
UK,h1845,0.3809841238928826,scr2002,avaStIn,bevFrtRoadLight
UK,h1846,0.3497784944040868,scr2002,avaStIn,bevFrtRoadLight
UK,h1847,0.3123069662403203,scr2002,avaStIn,bevFrtRoadLight
UK,h1848,0.2821792829284123,scr2002,avaStIn,bevFrtRoadLight
UK,h1849,0.3106843918239848,scr2002,avaStIn,bevFrtRoadLight
UK,h1850,0.35866299968064763,scr2002,avaStIn,bevFrtRoadLight
UK,h1851,0.4106293035759674,scr2002,avaStIn,bevFrtRoadLight
UK,h1852,0.4302562346105029,scr2002,avaStIn,bevFrtRoadLight
UK,h1853,0.4411964644145133,scr2002,avaStIn,bevFrtRoadLight
UK,h1854,0.45751109901302867,scr2002,avaStIn,bevFrtRoadLight
UK,h1855,0.48871757217710954,scr2002,avaStIn,bevFrtRoadLight
UK,h1856,0.5314509691002264,scr2002,avaStIn,bevFrtRoadLight
UK,h1857,0.5711878747561928,scr2002,avaStIn,bevFrtRoadLight
UK,h1858,0.5980939691710527,scr2002,avaStIn,bevFrtRoadLight
UK,h1859,0.608394034195855,scr2002,avaStIn,bevFrtRoadLight
UK,h1860,0.6010568773540482,scr2002,avaStIn,bevFrtRoadLight
UK,h1861,0.5764247164288178,scr2002,avaStIn,bevFrtRoadLight
UK,h1862,0.5401459054358788,scr2002,avaStIn,bevFrtRoadLight
UK,h1863,0.49826727928843595,scr2002,avaStIn,bevFrtRoadLight
UK,h1864,0.4574139907405833,scr2002,avaStIn,bevFrtRoadLight
UK,h1865,0.42470386872332366,scr2002,avaStIn,bevFrtRoadLight
UK,h1866,0.4070105681582177,scr2002,avaStIn,bevFrtRoadLight
UK,h1867,0.39935547044790953,scr2002,avaStIn,bevFrtRoadLight
UK,h1868,0.3942528360151184,scr2002,avaStIn,bevFrtRoadLight
UK,h1869,0.3809841238928826,scr2002,avaStIn,bevFrtRoadLight
UK,h1870,0.3497784944040868,scr2002,avaStIn,bevFrtRoadLight
UK,h1871,0.3123069662403203,scr2002,avaStIn,bevFrtRoadLight
UK,h1872,0.2821792829284123,scr2002,avaStIn,bevFrtRoadLight
UK,h1873,0.3106843918239848,scr2002,avaStIn,bevFrtRoadLight
UK,h1874,0.35866299968064763,scr2002,avaStIn,bevFrtRoadLight
UK,h1875,0.4106293035759674,scr2002,avaStIn,bevFrtRoadLight
UK,h1876,0.4302562346105029,scr2002,avaStIn,bevFrtRoadLight
UK,h1877,0.4411964644145133,scr2002,avaStIn,bevFrtRoadLight
UK,h1878,0.45751109901302867,scr2002,avaStIn,bevFrtRoadLight
UK,h1879,0.48871757217710954,scr2002,avaStIn,bevFrtRoadLight
UK,h1880,0.5314509691002264,scr2002,avaStIn,bevFrtRoadLight
UK,h1881,0.5711878747561928,scr2002,avaStIn,bevFrtRoadLight
UK,h1882,0.5980939691710527,scr2002,avaStIn,bevFrtRoadLight
UK,h1883,0.608394034195855,scr2002,avaStIn,bevFrtRoadLight
UK,h1884,0.6010568773540482,scr2002,avaStIn,bevFrtRoadLight
UK,h1885,0.5764247164288178,scr2002,avaStIn,bevFrtRoadLight
UK,h1886,0.5401459054358788,scr2002,avaStIn,bevFrtRoadLight
UK,h1887,0.49826727928843595,scr2002,avaStIn,bevFrtRoadLight
UK,h1888,0.4574139907405833,scr2002,avaStIn,bevFrtRoadLight
UK,h1889,0.42470386872332366,scr2002,avaStIn,bevFrtRoadLight
UK,h1890,0.4070105681582177,scr2002,avaStIn,bevFrtRoadLight
UK,h1891,0.39935547044790953,scr2002,avaStIn,bevFrtRoadLight
UK,h1892,0.3942528360151184,scr2002,avaStIn,bevFrtRoadLight
UK,h1893,0.3809841238928826,scr2002,avaStIn,bevFrtRoadLight
UK,h1894,0.3497784944040868,scr2002,avaStIn,bevFrtRoadLight
UK,h1895,0.3123069662403203,scr2002,avaStIn,bevFrtRoadLight
UK,h1896,0.2821792829284123,scr2002,avaStIn,bevFrtRoadLight
UK,h1897,0.3106843918239848,scr2002,avaStIn,bevFrtRoadLight
UK,h1898,0.35866299968064763,scr2002,avaStIn,bevFrtRoadLight
UK,h1899,0.4106293035759674,scr2002,avaStIn,bevFrtRoadLight
UK,h1900,0.4302562346105029,scr2002,avaStIn,bevFrtRoadLight
UK,h1901,0.4411964644145133,scr2002,avaStIn,bevFrtRoadLight
UK,h1902,0.45751109901302867,scr2002,avaStIn,bevFrtRoadLight
UK,h1903,0.48871757217710954,scr2002,avaStIn,bevFrtRoadLight
UK,h1904,0.5314509691002264,scr2002,avaStIn,bevFrtRoadLight
UK,h1905,0.5711878747561928,scr2002,avaStIn,bevFrtRoadLight
UK,h1906,0.5980939691710527,scr2002,avaStIn,bevFrtRoadLight
UK,h1907,0.608394034195855,scr2002,avaStIn,bevFrtRoadLight
UK,h1908,0.6010568773540482,scr2002,avaStIn,bevFrtRoadLight
UK,h1909,0.5764247164288178,scr2002,avaStIn,bevFrtRoadLight
UK,h1910,0.5401459054358788,scr2002,avaStIn,bevFrtRoadLight
UK,h1911,0.49826727928843595,scr2002,avaStIn,bevFrtRoadLight
UK,h1912,0.4574139907405833,scr2002,avaStIn,bevFrtRoadLight
UK,h1913,0.42470386872332366,scr2002,avaStIn,bevFrtRoadLight
UK,h1914,0.4070105681582177,scr2002,avaStIn,bevFrtRoadLight
UK,h1915,0.39935547044790953,scr2002,avaStIn,bevFrtRoadLight
UK,h1916,0.3942528360151184,scr2002,avaStIn,bevFrtRoadLight
UK,h1917,0.3809841238928826,scr2002,avaStIn,bevFrtRoadLight
UK,h1918,0.3497784944040868,scr2002,avaStIn,bevFrtRoadLight
UK,h1919,0.3123069662403203,scr2002,avaStIn,bevFrtRoadLight
UK,h1920,0.2821792829284123,scr2002,avaStIn,bevFrtRoadLight
UK,h1921,0.3106843918239848,scr2002,avaStIn,bevFrtRoadLight
UK,h1922,0.35866299968064763,scr2002,avaStIn,bevFrtRoadLight
UK,h1923,0.4106293035759674,scr2002,avaStIn,bevFrtRoadLight
UK,h1924,0.4302562346105029,scr2002,avaStIn,bevFrtRoadLight
UK,h1925,0.4411964644145133,scr2002,avaStIn,bevFrtRoadLight
UK,h1926,0.45751109901302867,scr2002,avaStIn,bevFrtRoadLight
UK,h1927,0.48871757217710954,scr2002,avaStIn,bevFrtRoadLight
UK,h1928,0.5314509691002264,scr2002,avaStIn,bevFrtRoadLight
UK,h1929,0.5711878747561928,scr2002,avaStIn,bevFrtRoadLight
UK,h1930,0.5980939691710527,scr2002,avaStIn,bevFrtRoadLight
UK,h1931,0.608394034195855,scr2002,avaStIn,bevFrtRoadLight
UK,h1932,0.6010568773540482,scr2002,avaStIn,bevFrtRoadLight
UK,h1933,0.5764247164288178,scr2002,avaStIn,bevFrtRoadLight
UK,h1934,0.5401459054358788,scr2002,avaStIn,bevFrtRoadLight
UK,h1935,0.49826727928843595,scr2002,avaStIn,bevFrtRoadLight
UK,h1936,0.4574139907405833,scr2002,avaStIn,bevFrtRoadLight
UK,h1937,0.42470386872332366,scr2002,avaStIn,bevFrtRoadLight
UK,h1938,0.4070105681582177,scr2002,avaStIn,bevFrtRoadLight
UK,h1939,0.39935547044790953,scr2002,avaStIn,bevFrtRoadLight
UK,h1940,0.3942528360151184,scr2002,avaStIn,bevFrtRoadLight
UK,h1941,0.3809841238928826,scr2002,avaStIn,bevFrtRoadLight
UK,h1942,0.3497784944040868,scr2002,avaStIn,bevFrtRoadLight
UK,h1943,0.3123069662403203,scr2002,avaStIn,bevFrtRoadLight
UK,h1944,0.2821792829284123,scr2002,avaStIn,bevFrtRoadLight
UK,h1945,0.230095162221032,scr2002,avaStIn,bevFrtRoadLight
UK,h1946,0.2300917975935889,scr2002,avaStIn,bevFrtRoadLight
UK,h1947,0.27148343409663167,scr2002,avaStIn,bevFrtRoadLight
UK,h1948,0.3790725700696759,scr2002,avaStIn,bevFrtRoadLight
UK,h1949,0.4623404992613247,scr2002,avaStIn,bevFrtRoadLight
UK,h1950,0.5259162274800008,scr2002,avaStIn,bevFrtRoadLight
UK,h1951,0.5772992909654577,scr2002,avaStIn,bevFrtRoadLight
UK,h1952,0.6171735770568829,scr2002,avaStIn,bevFrtRoadLight
UK,h1953,0.6409152522621755,scr2002,avaStIn,bevFrtRoadLight
UK,h1954,0.648916667,scr2002,avaStIn,bevFrtRoadLight
UK,h1955,0.6400350534574338,scr2002,avaStIn,bevFrtRoadLight
UK,h1956,0.6158841576917301,scr2002,avaStIn,bevFrtRoadLight
UK,h1957,0.5753501172674538,scr2002,avaStIn,bevFrtRoadLight
UK,h1958,0.5273486726990765,scr2002,avaStIn,bevFrtRoadLight
UK,h1959,0.47682400205808606,scr2002,avaStIn,bevFrtRoadLight
UK,h1960,0.4288063768750644,scr2002,avaStIn,bevFrtRoadLight
UK,h1961,0.39374570481652504,scr2002,avaStIn,bevFrtRoadLight
UK,h1962,0.3749031506247579,scr2002,avaStIn,bevFrtRoadLight
UK,h1963,0.3720933012131318,scr2002,avaStIn,bevFrtRoadLight
UK,h1964,0.36873105182903687,scr2002,avaStIn,bevFrtRoadLight
UK,h1965,0.3543630997986469,scr2002,avaStIn,bevFrtRoadLight
UK,h1966,0.3154781828948128,scr2002,avaStIn,bevFrtRoadLight
UK,h1967,0.27112993299959975,scr2002,avaStIn,bevFrtRoadLight
UK,h1968,0.2381911639591776,scr2002,avaStIn,bevFrtRoadLight
UK,h1969,0.20075744833264675,scr2002,avaStIn,bevFrtRoadLight
UK,h1970,0.21575624655576675,scr2002,avaStIn,bevFrtRoadLight
UK,h1971,0.27148343409663167,scr2002,avaStIn,bevFrtRoadLight
UK,h1972,0.3790725700696759,scr2002,avaStIn,bevFrtRoadLight
UK,h1973,0.4623404992613247,scr2002,avaStIn,bevFrtRoadLight
UK,h1974,0.5259162274800008,scr2002,avaStIn,bevFrtRoadLight
UK,h1975,0.5772992909654577,scr2002,avaStIn,bevFrtRoadLight
UK,h1976,0.6171735770568829,scr2002,avaStIn,bevFrtRoadLight
UK,h1977,0.6409152522621755,scr2002,avaStIn,bevFrtRoadLight
UK,h1978,0.648916667,scr2002,avaStIn,bevFrtRoadLight
UK,h1979,0.6400350534574338,scr2002,avaStIn,bevFrtRoadLight
UK,h1980,0.6158841576917301,scr2002,avaStIn,bevFrtRoadLight
UK,h1981,0.5753501172674538,scr2002,avaStIn,bevFrtRoadLight
UK,h1982,0.5273486726990765,scr2002,avaStIn,bevFrtRoadLight
UK,h1983,0.47682400205808606,scr2002,avaStIn,bevFrtRoadLight
UK,h1984,0.4288063768750644,scr2002,avaStIn,bevFrtRoadLight
UK,h1985,0.39374570481652504,scr2002,avaStIn,bevFrtRoadLight
UK,h1986,0.3749031506247579,scr2002,avaStIn,bevFrtRoadLight
UK,h1987,0.3720933012131318,scr2002,avaStIn,bevFrtRoadLight
UK,h1988,0.36873105182903687,scr2002,avaStIn,bevFrtRoadLight
UK,h1989,0.3543630997986469,scr2002,avaStIn,bevFrtRoadLight
UK,h1990,0.3154781828948128,scr2002,avaStIn,bevFrtRoadLight
UK,h1991,0.27112993299959975,scr2002,avaStIn,bevFrtRoadLight
UK,h1992,0.2381911639591776,scr2002,avaStIn,bevFrtRoadLight
UK,h1993,0.28388199759953203,scr2002,avaStIn,bevFrtRoadLight
UK,h1994,0.34615260530650627,scr2002,avaStIn,bevFrtRoadLight
UK,h1995,0.4106293035759674,scr2002,avaStIn,bevFrtRoadLight
UK,h1996,0.4302562346105029,scr2002,avaStIn,bevFrtRoadLight
UK,h1997,0.4411964644145133,scr2002,avaStIn,bevFrtRoadLight
UK,h1998,0.45751109901302867,scr2002,avaStIn,bevFrtRoadLight
UK,h1999,0.48871757217710954,scr2002,avaStIn,bevFrtRoadLight
UK,h2000,0.5314509691002264,scr2002,avaStIn,bevFrtRoadLight
UK,h2001,0.5711878747561928,scr2002,avaStIn,bevFrtRoadLight
UK,h2002,0.5980939691710527,scr2002,avaStIn,bevFrtRoadLight
UK,h2003,0.608394034195855,scr2002,avaStIn,bevFrtRoadLight
UK,h2004,0.6010568773540482,scr2002,avaStIn,bevFrtRoadLight
UK,h2005,0.5764247164288178,scr2002,avaStIn,bevFrtRoadLight
UK,h2006,0.5401459054358788,scr2002,avaStIn,bevFrtRoadLight
UK,h2007,0.49826727928843595,scr2002,avaStIn,bevFrtRoadLight
UK,h2008,0.4574139907405833,scr2002,avaStIn,bevFrtRoadLight
UK,h2009,0.42470386872332366,scr2002,avaStIn,bevFrtRoadLight
UK,h2010,0.4070105681582177,scr2002,avaStIn,bevFrtRoadLight
UK,h2011,0.39935547044790953,scr2002,avaStIn,bevFrtRoadLight
UK,h2012,0.3942528360151184,scr2002,avaStIn,bevFrtRoadLight
UK,h2013,0.3809841238928826,scr2002,avaStIn,bevFrtRoadLight
UK,h2014,0.3497784944040868,scr2002,avaStIn,bevFrtRoadLight
UK,h2015,0.3123069662403203,scr2002,avaStIn,bevFrtRoadLight
UK,h2016,0.2821792829284123,scr2002,avaStIn,bevFrtRoadLight
UK,h2017,0.3072840894621327,scr2002,avaStIn,bevFrtRoadLight
UK,h2018,0.33666905394072477,scr2002,avaStIn,bevFrtRoadLight
UK,h2019,0.36655496485550265,scr2002,avaStIn,bevFrtRoadLight
UK,h2020,0.3745731212047183,scr2002,avaStIn,bevFrtRoadLight
UK,h2021,0.4026088526762964,scr2002,avaStIn,bevFrtRoadLight
UK,h2022,0.44640061438376677,scr2002,avaStIn,bevFrtRoadLight
UK,h2023,0.4973037920546317,scr2002,avaStIn,bevFrtRoadLight
UK,h2024,0.5420216950586382,scr2002,avaStIn,bevFrtRoadLight
UK,h2025,0.5736954068525849,scr2002,avaStIn,bevFrtRoadLight
UK,h2026,0.5880342997851791,scr2002,avaStIn,bevFrtRoadLight
UK,h2027,0.5918947845476328,scr2002,avaStIn,bevFrtRoadLight
UK,h2028,0.5837522950091353,scr2002,avaStIn,bevFrtRoadLight
UK,h2029,0.5666300112283023,scr2002,avaStIn,bevFrtRoadLight
UK,h2030,0.5326460205473856,scr2002,avaStIn,bevFrtRoadLight
UK,h2031,0.48334141219508586,scr2002,avaStIn,bevFrtRoadLight
UK,h2032,0.4237800531764452,scr2002,avaStIn,bevFrtRoadLight
UK,h2033,0.36680643825444004,scr2002,avaStIn,bevFrtRoadLight
UK,h2034,0.33858624085132816,scr2002,avaStIn,bevFrtRoadLight
UK,h2035,0.33981235579051516,scr2002,avaStIn,bevFrtRoadLight
UK,h2036,0.36441505526272,scr2002,avaStIn,bevFrtRoadLight
UK,h2037,0.39407002810213865,scr2002,avaStIn,bevFrtRoadLight
UK,h2038,0.4100441996396511,scr2002,avaStIn,bevFrtRoadLight
UK,h2039,0.41244752514225314,scr2002,avaStIn,bevFrtRoadLight
UK,h2040,0.397767181057598,scr2002,avaStIn,bevFrtRoadLight
UK,h2041,0.3840802424090225,scr2002,avaStIn,bevFrtRoadLight
UK,h2042,0.37136048642151265,scr2002,avaStIn,bevFrtRoadLight
UK,h2043,0.36655496485550265,scr2002,avaStIn,bevFrtRoadLight
UK,h2044,0.3745731212047183,scr2002,avaStIn,bevFrtRoadLight
UK,h2045,0.4026088526762964,scr2002,avaStIn,bevFrtRoadLight
UK,h2046,0.44640061438376677,scr2002,avaStIn,bevFrtRoadLight
UK,h2047,0.4973037920546317,scr2002,avaStIn,bevFrtRoadLight
UK,h2048,0.5420216950586382,scr2002,avaStIn,bevFrtRoadLight
UK,h2049,0.5736954068525849,scr2002,avaStIn,bevFrtRoadLight
UK,h2050,0.5880342997851791,scr2002,avaStIn,bevFrtRoadLight
UK,h2051,0.5918947845476328,scr2002,avaStIn,bevFrtRoadLight
UK,h2052,0.5837522950091353,scr2002,avaStIn,bevFrtRoadLight
UK,h2053,0.5666300112283023,scr2002,avaStIn,bevFrtRoadLight
UK,h2054,0.5326460205473856,scr2002,avaStIn,bevFrtRoadLight
UK,h2055,0.48334141219508586,scr2002,avaStIn,bevFrtRoadLight
UK,h2056,0.4237800531764452,scr2002,avaStIn,bevFrtRoadLight
UK,h2057,0.36680643825444004,scr2002,avaStIn,bevFrtRoadLight
UK,h2058,0.33858624085132816,scr2002,avaStIn,bevFrtRoadLight
UK,h2059,0.33981235579051516,scr2002,avaStIn,bevFrtRoadLight
UK,h2060,0.36441505526272,scr2002,avaStIn,bevFrtRoadLight
UK,h2061,0.39407002810213865,scr2002,avaStIn,bevFrtRoadLight
UK,h2062,0.4100441996396511,scr2002,avaStIn,bevFrtRoadLight
UK,h2063,0.41244752514225314,scr2002,avaStIn,bevFrtRoadLight
UK,h2064,0.397767181057598,scr2002,avaStIn,bevFrtRoadLight
UK,h2065,0.3840802424090225,scr2002,avaStIn,bevFrtRoadLight
UK,h2066,0.37136048642151265,scr2002,avaStIn,bevFrtRoadLight
UK,h2067,0.36655496485550265,scr2002,avaStIn,bevFrtRoadLight
UK,h2068,0.3745731212047183,scr2002,avaStIn,bevFrtRoadLight
UK,h2069,0.4026088526762964,scr2002,avaStIn,bevFrtRoadLight
UK,h2070,0.44640061438376677,scr2002,avaStIn,bevFrtRoadLight
UK,h2071,0.4973037920546317,scr2002,avaStIn,bevFrtRoadLight
UK,h2072,0.5420216950586382,scr2002,avaStIn,bevFrtRoadLight
UK,h2073,0.5736954068525849,scr2002,avaStIn,bevFrtRoadLight
UK,h2074,0.5880342997851791,scr2002,avaStIn,bevFrtRoadLight
UK,h2075,0.5918947845476328,scr2002,avaStIn,bevFrtRoadLight
UK,h2076,0.5837522950091353,scr2002,avaStIn,bevFrtRoadLight
UK,h2077,0.5666300112283023,scr2002,avaStIn,bevFrtRoadLight
UK,h2078,0.5326460205473856,scr2002,avaStIn,bevFrtRoadLight
UK,h2079,0.48334141219508586,scr2002,avaStIn,bevFrtRoadLight
UK,h2080,0.4237800531764452,scr2002,avaStIn,bevFrtRoadLight
UK,h2081,0.36680643825444004,scr2002,avaStIn,bevFrtRoadLight
UK,h2082,0.33858624085132816,scr2002,avaStIn,bevFrtRoadLight
UK,h2083,0.33981235579051516,scr2002,avaStIn,bevFrtRoadLight
UK,h2084,0.36441505526272,scr2002,avaStIn,bevFrtRoadLight
UK,h2085,0.39407002810213865,scr2002,avaStIn,bevFrtRoadLight
UK,h2086,0.4100441996396511,scr2002,avaStIn,bevFrtRoadLight
UK,h2087,0.41244752514225314,scr2002,avaStIn,bevFrtRoadLight
UK,h2088,0.397767181057598,scr2002,avaStIn,bevFrtRoadLight
UK,h2089,0.3840802424090225,scr2002,avaStIn,bevFrtRoadLight
UK,h2090,0.37136048642151265,scr2002,avaStIn,bevFrtRoadLight
UK,h2091,0.36655496485550265,scr2002,avaStIn,bevFrtRoadLight
UK,h2092,0.3745731212047183,scr2002,avaStIn,bevFrtRoadLight
UK,h2093,0.4026088526762964,scr2002,avaStIn,bevFrtRoadLight
UK,h2094,0.44640061438376677,scr2002,avaStIn,bevFrtRoadLight
UK,h2095,0.4973037920546317,scr2002,avaStIn,bevFrtRoadLight
UK,h2096,0.5420216950586382,scr2002,avaStIn,bevFrtRoadLight
UK,h2097,0.5736954068525849,scr2002,avaStIn,bevFrtRoadLight
UK,h2098,0.5880342997851791,scr2002,avaStIn,bevFrtRoadLight
UK,h2099,0.5918947845476328,scr2002,avaStIn,bevFrtRoadLight
UK,h2100,0.5837522950091353,scr2002,avaStIn,bevFrtRoadLight
UK,h2101,0.5666300112283023,scr2002,avaStIn,bevFrtRoadLight
UK,h2102,0.5326460205473856,scr2002,avaStIn,bevFrtRoadLight
UK,h2103,0.48334141219508586,scr2002,avaStIn,bevFrtRoadLight
UK,h2104,0.4237800531764452,scr2002,avaStIn,bevFrtRoadLight
UK,h2105,0.36680643825444004,scr2002,avaStIn,bevFrtRoadLight
UK,h2106,0.33858624085132816,scr2002,avaStIn,bevFrtRoadLight
UK,h2107,0.33981235579051516,scr2002,avaStIn,bevFrtRoadLight
UK,h2108,0.36441505526272,scr2002,avaStIn,bevFrtRoadLight
UK,h2109,0.39407002810213865,scr2002,avaStIn,bevFrtRoadLight
UK,h2110,0.4100441996396511,scr2002,avaStIn,bevFrtRoadLight
UK,h2111,0.41244752514225314,scr2002,avaStIn,bevFrtRoadLight
UK,h2112,0.397767181057598,scr2002,avaStIn,bevFrtRoadLight
UK,h2113,0.42154228593186693,scr2002,avaStIn,bevFrtRoadLight
UK,h2114,0.4456152325394652,scr2002,avaStIn,bevFrtRoadLight
UK,h2115,0.46890884939949806,scr2002,avaStIn,bevFrtRoadLight
UK,h2116,0.4606801828577375,scr2002,avaStIn,bevFrtRoadLight
UK,h2117,0.4598809008191356,scr2002,avaStIn,bevFrtRoadLight
UK,h2118,0.47373682010553864,scr2002,avaStIn,bevFrtRoadLight
UK,h2119,0.49837466067849223,scr2002,avaStIn,bevFrtRoadLight
UK,h2120,0.5249322712656334,scr2002,avaStIn,bevFrtRoadLight
UK,h2121,0.5295524702973696,scr2002,avaStIn,bevFrtRoadLight
UK,h2122,0.5237384833973733,scr2002,avaStIn,bevFrtRoadLight
UK,h2123,0.517462220076728,scr2002,avaStIn,bevFrtRoadLight
UK,h2124,0.5202231448594442,scr2002,avaStIn,bevFrtRoadLight
UK,h2125,0.5168074572603817,scr2002,avaStIn,bevFrtRoadLight
UK,h2126,0.4881087918461403,scr2002,avaStIn,bevFrtRoadLight
UK,h2127,0.4401501060096197,scr2002,avaStIn,bevFrtRoadLight
UK,h2128,0.3751810028677981,scr2002,avaStIn,bevFrtRoadLight
UK,h2129,0.3184738733356699,scr2002,avaStIn,bevFrtRoadLight
UK,h2130,0.2885496316681868,scr2002,avaStIn,bevFrtRoadLight
UK,h2131,0.2950430145218158,scr2002,avaStIn,bevFrtRoadLight
UK,h2132,0.3362350273761402,scr2002,avaStIn,bevFrtRoadLight
UK,h2133,0.3905257678468872,scr2002,avaStIn,bevFrtRoadLight
UK,h2134,0.4405757953478312,scr2002,avaStIn,bevFrtRoadLight
UK,h2135,0.4738121072088959,scr2002,avaStIn,bevFrtRoadLight
UK,h2136,0.4995552626921461,scr2002,avaStIn,bevFrtRoadLight
UK,h2137,0.5006979269249345,scr2002,avaStIn,bevFrtRoadLight
UK,h2138,0.49234384959123245,scr2002,avaStIn,bevFrtRoadLight
UK,h2139,0.46890884939949806,scr2002,avaStIn,bevFrtRoadLight
UK,h2140,0.4606801828577375,scr2002,avaStIn,bevFrtRoadLight
UK,h2141,0.4598809008191356,scr2002,avaStIn,bevFrtRoadLight
UK,h2142,0.47373682010553864,scr2002,avaStIn,bevFrtRoadLight
UK,h2143,0.49837466067849223,scr2002,avaStIn,bevFrtRoadLight
UK,h2144,0.5249322712656334,scr2002,avaStIn,bevFrtRoadLight
UK,h2145,0.5295524702973696,scr2002,avaStIn,bevFrtRoadLight
UK,h2146,0.5237384833973733,scr2002,avaStIn,bevFrtRoadLight
UK,h2147,0.517462220076728,scr2002,avaStIn,bevFrtRoadLight
UK,h2148,0.5202231448594442,scr2002,avaStIn,bevFrtRoadLight
UK,h2149,0.5168074572603817,scr2002,avaStIn,bevFrtRoadLight
UK,h2150,0.4881087918461403,scr2002,avaStIn,bevFrtRoadLight
UK,h2151,0.4401501060096197,scr2002,avaStIn,bevFrtRoadLight
UK,h2152,0.3751810028677981,scr2002,avaStIn,bevFrtRoadLight
UK,h2153,0.3184738733356699,scr2002,avaStIn,bevFrtRoadLight
UK,h2154,0.2885496316681868,scr2002,avaStIn,bevFrtRoadLight
UK,h2155,0.2950430145218158,scr2002,avaStIn,bevFrtRoadLight
UK,h2156,0.3362350273761402,scr2002,avaStIn,bevFrtRoadLight
UK,h2157,0.3905257678468872,scr2002,avaStIn,bevFrtRoadLight
UK,h2158,0.4405757953478312,scr2002,avaStIn,bevFrtRoadLight
UK,h2159,0.4738121072088959,scr2002,avaStIn,bevFrtRoadLight
UK,h2160,0.4995552626921461,scr2002,avaStIn,bevFrtRoadLight
RS,h1441,0.3714353995574986,scr2002,avaStIn,bevFrtRoadLight
RS,h1442,0.3846086524108919,scr2002,avaStIn,bevFrtRoadLight
RS,h1443,0.42374952391826404,scr2002,avaStIn,bevFrtRoadLight
RS,h1444,0.4709102315761218,scr2002,avaStIn,bevFrtRoadLight
RS,h1445,0.5000591446961408,scr2002,avaStIn,bevFrtRoadLight
RS,h1446,0.495233345157142,scr2002,avaStIn,bevFrtRoadLight
RS,h1447,0.5008043596015219,scr2002,avaStIn,bevFrtRoadLight
RS,h1448,0.5021789974738545,scr2002,avaStIn,bevFrtRoadLight
RS,h1449,0.5231874460949842,scr2002,avaStIn,bevFrtRoadLight
RS,h1450,0.5308529822226913,scr2002,avaStIn,bevFrtRoadLight
RS,h1451,0.536356959269228,scr2002,avaStIn,bevFrtRoadLight
RS,h1452,0.5373881561276749,scr2002,avaStIn,bevFrtRoadLight
RS,h1453,0.5288075990651915,scr2002,avaStIn,bevFrtRoadLight
RS,h1454,0.5095709286669997,scr2002,avaStIn,bevFrtRoadLight
RS,h1455,0.473753550931062,scr2002,avaStIn,bevFrtRoadLight
RS,h1456,0.4304466538396563,scr2002,avaStIn,bevFrtRoadLight
RS,h1457,0.3826879992214788,scr2002,avaStIn,bevFrtRoadLight
RS,h1458,0.35009603390058996,scr2002,avaStIn,bevFrtRoadLight
RS,h1459,0.3349394292024723,scr2002,avaStIn,bevFrtRoadLight
RS,h1460,0.34869160218954365,scr2002,avaStIn,bevFrtRoadLight
RS,h1461,0.36780057797615695,scr2002,avaStIn,bevFrtRoadLight
RS,h1462,0.38682791024436847,scr2002,avaStIn,bevFrtRoadLight
RS,h1463,0.3912979680884232,scr2002,avaStIn,bevFrtRoadLight
RS,h1464,0.3985938980480803,scr2002,avaStIn,bevFrtRoadLight
RS,h1465,0.38540755881640665,scr2002,avaStIn,bevFrtRoadLight
RS,h1466,0.39834418280524153,scr2002,avaStIn,bevFrtRoadLight
RS,h1467,0.42374952391826404,scr2002,avaStIn,bevFrtRoadLight
RS,h1468,0.4709102315761218,scr2002,avaStIn,bevFrtRoadLight
RS,h1469,0.5000591446961408,scr2002,avaStIn,bevFrtRoadLight
RS,h1470,0.495233345157142,scr2002,avaStIn,bevFrtRoadLight
RS,h1471,0.5008043596015219,scr2002,avaStIn,bevFrtRoadLight
RS,h1472,0.5021789974738545,scr2002,avaStIn,bevFrtRoadLight
RS,h1473,0.5231874460949842,scr2002,avaStIn,bevFrtRoadLight
RS,h1474,0.5308529822226913,scr2002,avaStIn,bevFrtRoadLight
RS,h1475,0.536356959269228,scr2002,avaStIn,bevFrtRoadLight
RS,h1476,0.5373881561276749,scr2002,avaStIn,bevFrtRoadLight
RS,h1477,0.5288075990651915,scr2002,avaStIn,bevFrtRoadLight
RS,h1478,0.5095709286669997,scr2002,avaStIn,bevFrtRoadLight
RS,h1479,0.473753550931062,scr2002,avaStIn,bevFrtRoadLight
RS,h1480,0.4304466538396563,scr2002,avaStIn,bevFrtRoadLight
RS,h1481,0.3826879992214788,scr2002,avaStIn,bevFrtRoadLight
RS,h1482,0.35009603390058996,scr2002,avaStIn,bevFrtRoadLight
RS,h1483,0.3349394292024723,scr2002,avaStIn,bevFrtRoadLight
RS,h1484,0.34869160218954365,scr2002,avaStIn,bevFrtRoadLight
RS,h1485,0.36780057797615695,scr2002,avaStIn,bevFrtRoadLight
RS,h1486,0.38682791024436847,scr2002,avaStIn,bevFrtRoadLight
RS,h1487,0.3912979680884232,scr2002,avaStIn,bevFrtRoadLight
RS,h1488,0.3985938980480803,scr2002,avaStIn,bevFrtRoadLight
RS,h1489,0.4174388969205469,scr2002,avaStIn,bevFrtRoadLight
RS,h1490,0.4439543832070485,scr2002,avaStIn,bevFrtRoadLight
RS,h1491,0.464238846132911,scr2002,avaStIn,bevFrtRoadLight
RS,h1492,0.4692993118565085,scr2002,avaStIn,bevFrtRoadLight
RS,h1493,0.4647572130501477,scr2002,avaStIn,bevFrtRoadLight
RS,h1494,0.4606421333392813,scr2002,avaStIn,bevFrtRoadLight
RS,h1495,0.4606294501381404,scr2002,avaStIn,bevFrtRoadLight
RS,h1496,0.4771202000278558,scr2002,avaStIn,bevFrtRoadLight
RS,h1497,0.4942956004519071,scr2002,avaStIn,bevFrtRoadLight
RS,h1498,0.5099123823053463,scr2002,avaStIn,bevFrtRoadLight
RS,h1499,0.5161038254350148,scr2002,avaStIn,bevFrtRoadLight
RS,h1500,0.5219276355822776,scr2002,avaStIn,bevFrtRoadLight
RS,h1501,0.5234247828552905,scr2002,avaStIn,bevFrtRoadLight
RS,h1502,0.515666896351518,scr2002,avaStIn,bevFrtRoadLight
RS,h1503,0.4904757420921084,scr2002,avaStIn,bevFrtRoadLight
RS,h1504,0.4511048686615209,scr2002,avaStIn,bevFrtRoadLight
RS,h1505,0.401719554609377,scr2002,avaStIn,bevFrtRoadLight
RS,h1506,0.362910361244157,scr2002,avaStIn,bevFrtRoadLight
RS,h1507,0.3472619056461236,scr2002,avaStIn,bevFrtRoadLight
RS,h1508,0.35727079588328314,scr2002,avaStIn,bevFrtRoadLight
RS,h1509,0.378468834507535,scr2002,avaStIn,bevFrtRoadLight
RS,h1510,0.39319028121074384,scr2002,avaStIn,bevFrtRoadLight
RS,h1511,0.3959422870730802,scr2002,avaStIn,bevFrtRoadLight
RS,h1512,0.3854887711962275,scr2002,avaStIn,bevFrtRoadLight
RS,h1513,0.42769853598926943,scr2002,avaStIn,bevFrtRoadLight
RS,h1514,0.46444116177482064,scr2002,avaStIn,bevFrtRoadLight
RS,h1515,0.5002557267591349,scr2002,avaStIn,bevFrtRoadLight
RS,h1516,0.4779833592811431,scr2002,avaStIn,bevFrtRoadLight
RS,h1517,0.45518876455881485,scr2002,avaStIn,bevFrtRoadLight
RS,h1518,0.43596244051473665,scr2002,avaStIn,bevFrtRoadLight
RS,h1519,0.4287672948543091,scr2002,avaStIn,bevFrtRoadLight
RS,h1520,0.4310449118345231,scr2002,avaStIn,bevFrtRoadLight
RS,h1521,0.43651906754470926,scr2002,avaStIn,bevFrtRoadLight
RS,h1522,0.42784196327677315,scr2002,avaStIn,bevFrtRoadLight
RS,h1523,0.40165285769436365,scr2002,avaStIn,bevFrtRoadLight
RS,h1524,0.3554492048303812,scr2002,avaStIn,bevFrtRoadLight
RS,h1525,0.30743387757687923,scr2002,avaStIn,bevFrtRoadLight
RS,h1526,0.278936309503648,scr2002,avaStIn,bevFrtRoadLight
RS,h1527,0.28525649117608465,scr2002,avaStIn,bevFrtRoadLight
RS,h1528,0.33100477113297455,scr2002,avaStIn,bevFrtRoadLight
RS,h1529,0.3951643597987161,scr2002,avaStIn,bevFrtRoadLight
RS,h1530,0.46644985491696445,scr2002,avaStIn,bevFrtRoadLight
RS,h1531,0.5302489042156142,scr2002,avaStIn,bevFrtRoadLight
RS,h1532,0.5770673902258092,scr2002,avaStIn,bevFrtRoadLight
RS,h1533,0.5986769755958498,scr2002,avaStIn,bevFrtRoadLight
RS,h1534,0.6016883948095747,scr2002,avaStIn,bevFrtRoadLight
RS,h1535,0.5924055260109063,scr2002,avaStIn,bevFrtRoadLight
RS,h1536,0.5774847836798132,scr2002,avaStIn,bevFrtRoadLight
RS,h1537,0.5517773619954187,scr2002,avaStIn,bevFrtRoadLight
RS,h1538,0.5248358437172166,scr2002,avaStIn,bevFrtRoadLight
RS,h1539,0.5002557267591349,scr2002,avaStIn,bevFrtRoadLight
RS,h1540,0.4779833592811431,scr2002,avaStIn,bevFrtRoadLight
RS,h1541,0.45518876455881485,scr2002,avaStIn,bevFrtRoadLight
RS,h1542,0.43596244051473665,scr2002,avaStIn,bevFrtRoadLight
RS,h1543,0.4287672948543091,scr2002,avaStIn,bevFrtRoadLight
RS,h1544,0.4310449118345231,scr2002,avaStIn,bevFrtRoadLight
RS,h1545,0.43651906754470926,scr2002,avaStIn,bevFrtRoadLight
RS,h1546,0.42784196327677315,scr2002,avaStIn,bevFrtRoadLight
RS,h1547,0.40165285769436365,scr2002,avaStIn,bevFrtRoadLight
RS,h1548,0.3554492048303812,scr2002,avaStIn,bevFrtRoadLight
RS,h1549,0.30743387757687923,scr2002,avaStIn,bevFrtRoadLight
RS,h1550,0.278936309503648,scr2002,avaStIn,bevFrtRoadLight
RS,h1551,0.28525649117608465,scr2002,avaStIn,bevFrtRoadLight
RS,h1552,0.33100477113297455,scr2002,avaStIn,bevFrtRoadLight
RS,h1553,0.3951643597987161,scr2002,avaStIn,bevFrtRoadLight
RS,h1554,0.46644985491696445,scr2002,avaStIn,bevFrtRoadLight
RS,h1555,0.5302489042156142,scr2002,avaStIn,bevFrtRoadLight
RS,h1556,0.5770673902258092,scr2002,avaStIn,bevFrtRoadLight
RS,h1557,0.5986769755958498,scr2002,avaStIn,bevFrtRoadLight
RS,h1558,0.6016883948095747,scr2002,avaStIn,bevFrtRoadLight
RS,h1559,0.5924055260109063,scr2002,avaStIn,bevFrtRoadLight
RS,h1560,0.5774847836798132,scr2002,avaStIn,bevFrtRoadLight
RS,h1561,0.5517773619954187,scr2002,avaStIn,bevFrtRoadLight
RS,h1562,0.5248358437172166,scr2002,avaStIn,bevFrtRoadLight
RS,h1563,0.5002557267591349,scr2002,avaStIn,bevFrtRoadLight
RS,h1564,0.4779833592811431,scr2002,avaStIn,bevFrtRoadLight
RS,h1565,0.45518876455881485,scr2002,avaStIn,bevFrtRoadLight
RS,h1566,0.43596244051473665,scr2002,avaStIn,bevFrtRoadLight
RS,h1567,0.4287672948543091,scr2002,avaStIn,bevFrtRoadLight
RS,h1568,0.4310449118345231,scr2002,avaStIn,bevFrtRoadLight
RS,h1569,0.43651906754470926,scr2002,avaStIn,bevFrtRoadLight
RS,h1570,0.42784196327677315,scr2002,avaStIn,bevFrtRoadLight
RS,h1571,0.40165285769436365,scr2002,avaStIn,bevFrtRoadLight
RS,h1572,0.3554492048303812,scr2002,avaStIn,bevFrtRoadLight
RS,h1573,0.30743387757687923,scr2002,avaStIn,bevFrtRoadLight
RS,h1574,0.278936309503648,scr2002,avaStIn,bevFrtRoadLight
RS,h1575,0.28525649117608465,scr2002,avaStIn,bevFrtRoadLight
RS,h1576,0.33100477113297455,scr2002,avaStIn,bevFrtRoadLight
RS,h1577,0.3951643597987161,scr2002,avaStIn,bevFrtRoadLight
RS,h1578,0.46644985491696445,scr2002,avaStIn,bevFrtRoadLight
RS,h1579,0.5302489042156142,scr2002,avaStIn,bevFrtRoadLight
RS,h1580,0.5770673902258092,scr2002,avaStIn,bevFrtRoadLight
RS,h1581,0.5986769755958498,scr2002,avaStIn,bevFrtRoadLight
RS,h1582,0.6016883948095747,scr2002,avaStIn,bevFrtRoadLight
RS,h1583,0.5924055260109063,scr2002,avaStIn,bevFrtRoadLight
RS,h1584,0.5774847836798132,scr2002,avaStIn,bevFrtRoadLight
RS,h1585,0.5517773619954187,scr2002,avaStIn,bevFrtRoadLight
RS,h1586,0.5248358437172166,scr2002,avaStIn,bevFrtRoadLight
RS,h1587,0.5002557267591349,scr2002,avaStIn,bevFrtRoadLight
RS,h1588,0.4779833592811431,scr2002,avaStIn,bevFrtRoadLight
RS,h1589,0.45518876455881485,scr2002,avaStIn,bevFrtRoadLight
RS,h1590,0.43596244051473665,scr2002,avaStIn,bevFrtRoadLight
RS,h1591,0.4287672948543091,scr2002,avaStIn,bevFrtRoadLight
RS,h1592,0.4310449118345231,scr2002,avaStIn,bevFrtRoadLight
RS,h1593,0.43651906754470926,scr2002,avaStIn,bevFrtRoadLight
RS,h1594,0.42784196327677315,scr2002,avaStIn,bevFrtRoadLight
RS,h1595,0.40165285769436365,scr2002,avaStIn,bevFrtRoadLight
RS,h1596,0.3554492048303812,scr2002,avaStIn,bevFrtRoadLight
RS,h1597,0.30743387757687923,scr2002,avaStIn,bevFrtRoadLight
RS,h1598,0.278936309503648,scr2002,avaStIn,bevFrtRoadLight
RS,h1599,0.28525649117608465,scr2002,avaStIn,bevFrtRoadLight
RS,h1600,0.33100477113297455,scr2002,avaStIn,bevFrtRoadLight
RS,h1601,0.3951643597987161,scr2002,avaStIn,bevFrtRoadLight
RS,h1602,0.46644985491696445,scr2002,avaStIn,bevFrtRoadLight
RS,h1603,0.5302489042156142,scr2002,avaStIn,bevFrtRoadLight
RS,h1604,0.5770673902258092,scr2002,avaStIn,bevFrtRoadLight
RS,h1605,0.5986769755958498,scr2002,avaStIn,bevFrtRoadLight
RS,h1606,0.6016883948095747,scr2002,avaStIn,bevFrtRoadLight
RS,h1607,0.5924055260109063,scr2002,avaStIn,bevFrtRoadLight
RS,h1608,0.5774847836798132,scr2002,avaStIn,bevFrtRoadLight
RS,h1609,0.5399833096273894,scr2002,avaStIn,bevFrtRoadLight
RS,h1610,0.5020113380135911,scr2002,avaStIn,bevFrtRoadLight
RS,h1611,0.4635722307063156,scr2002,avaStIn,bevFrtRoadLight
RS,h1612,0.4380348659574729,scr2002,avaStIn,bevFrtRoadLight
RS,h1613,0.40762124803256283,scr2002,avaStIn,bevFrtRoadLight
RS,h1614,0.37888830724468336,scr2002,avaStIn,bevFrtRoadLight
RS,h1615,0.36958381422293585,scr2002,avaStIn,bevFrtRoadLight
RS,h1616,0.37840208488783933,scr2002,avaStIn,bevFrtRoadLight
RS,h1617,0.40312593459237533,scr2002,avaStIn,bevFrtRoadLight
RS,h1618,0.41362439373824145,scr2002,avaStIn,bevFrtRoadLight
RS,h1619,0.4028461315685412,scr2002,avaStIn,bevFrtRoadLight
RS,h1620,0.3603437041144123,scr2002,avaStIn,bevFrtRoadLight
RS,h1621,0.300735364069155,scr2002,avaStIn,bevFrtRoadLight
RS,h1622,0.24177370465061954,scr2002,avaStIn,bevFrtRoadLight
RS,h1623,0.21970614560615676,scr2002,avaStIn,bevFrtRoadLight
RS,h1624,0.25508395733229006,scr2002,avaStIn,bevFrtRoadLight
RS,h1625,0.34767139096765254,scr2002,avaStIn,bevFrtRoadLight
RS,h1626,0.45228041046836875,scr2002,avaStIn,bevFrtRoadLight
RS,h1627,0.5341134302691986,scr2002,avaStIn,bevFrtRoadLight
RS,h1628,0.5851656457268322,scr2002,avaStIn,bevFrtRoadLight
RS,h1629,0.6079565962864942,scr2002,avaStIn,bevFrtRoadLight
RS,h1630,0.6088378322847627,scr2002,avaStIn,bevFrtRoadLight
RS,h1631,0.5862547005889717,scr2002,avaStIn,bevFrtRoadLight
RS,h1632,0.5503272305028044,scr2002,avaStIn,bevFrtRoadLight
RS,h1633,0.5157882800473498,scr2002,avaStIn,bevFrtRoadLight
RS,h1634,0.4876212160339364,scr2002,avaStIn,bevFrtRoadLight
RS,h1635,0.4635722307063156,scr2002,avaStIn,bevFrtRoadLight
RS,h1636,0.4380348659574729,scr2002,avaStIn,bevFrtRoadLight
RS,h1637,0.40762124803256283,scr2002,avaStIn,bevFrtRoadLight
RS,h1638,0.37888830724468336,scr2002,avaStIn,bevFrtRoadLight
RS,h1639,0.36958381422293585,scr2002,avaStIn,bevFrtRoadLight
RS,h1640,0.37840208488783933,scr2002,avaStIn,bevFrtRoadLight
RS,h1641,0.40312593459237533,scr2002,avaStIn,bevFrtRoadLight
RS,h1642,0.41362439373824145,scr2002,avaStIn,bevFrtRoadLight
RS,h1643,0.4028461315685412,scr2002,avaStIn,bevFrtRoadLight
RS,h1644,0.3603437041144123,scr2002,avaStIn,bevFrtRoadLight
RS,h1645,0.300735364069155,scr2002,avaStIn,bevFrtRoadLight
RS,h1646,0.24177370465061954,scr2002,avaStIn,bevFrtRoadLight
RS,h1647,0.21970614560615676,scr2002,avaStIn,bevFrtRoadLight
RS,h1648,0.25508395733229006,scr2002,avaStIn,bevFrtRoadLight
RS,h1649,0.34767139096765254,scr2002,avaStIn,bevFrtRoadLight
RS,h1650,0.45228041046836875,scr2002,avaStIn,bevFrtRoadLight
RS,h1651,0.5341134302691986,scr2002,avaStIn,bevFrtRoadLight
RS,h1652,0.5851656457268322,scr2002,avaStIn,bevFrtRoadLight
RS,h1653,0.6079565962864942,scr2002,avaStIn,bevFrtRoadLight
RS,h1654,0.6088378322847627,scr2002,avaStIn,bevFrtRoadLight
RS,h1655,0.5862547005889717,scr2002,avaStIn,bevFrtRoadLight
RS,h1656,0.5503272305028044,scr2002,avaStIn,bevFrtRoadLight
RS,h1657,0.5277989482493217,scr2002,avaStIn,bevFrtRoadLight
RS,h1658,0.5107010378978177,scr2002,avaStIn,bevFrtRoadLight
RS,h1659,0.5002557267591349,scr2002,avaStIn,bevFrtRoadLight
RS,h1660,0.4779833592811431,scr2002,avaStIn,bevFrtRoadLight
RS,h1661,0.45518876455881485,scr2002,avaStIn,bevFrtRoadLight
RS,h1662,0.43596244051473665,scr2002,avaStIn,bevFrtRoadLight
RS,h1663,0.4287672948543091,scr2002,avaStIn,bevFrtRoadLight
RS,h1664,0.4310449118345231,scr2002,avaStIn,bevFrtRoadLight
RS,h1665,0.43651906754470926,scr2002,avaStIn,bevFrtRoadLight
RS,h1666,0.42784196327677315,scr2002,avaStIn,bevFrtRoadLight
RS,h1667,0.40165285769436365,scr2002,avaStIn,bevFrtRoadLight
RS,h1668,0.3554492048303812,scr2002,avaStIn,bevFrtRoadLight
RS,h1669,0.30743387757687923,scr2002,avaStIn,bevFrtRoadLight
RS,h1670,0.278936309503648,scr2002,avaStIn,bevFrtRoadLight
RS,h1671,0.28525649117608465,scr2002,avaStIn,bevFrtRoadLight
RS,h1672,0.33100477113297455,scr2002,avaStIn,bevFrtRoadLight
RS,h1673,0.3951643597987161,scr2002,avaStIn,bevFrtRoadLight
RS,h1674,0.46644985491696445,scr2002,avaStIn,bevFrtRoadLight
RS,h1675,0.5302489042156142,scr2002,avaStIn,bevFrtRoadLight
RS,h1676,0.5770673902258092,scr2002,avaStIn,bevFrtRoadLight
RS,h1677,0.5986769755958498,scr2002,avaStIn,bevFrtRoadLight
RS,h1678,0.6016883948095747,scr2002,avaStIn,bevFrtRoadLight
RS,h1679,0.5924055260109063,scr2002,avaStIn,bevFrtRoadLight
RS,h1680,0.5774847836798132,scr2002,avaStIn,bevFrtRoadLight
RS,h1681,0.5517773619954187,scr2002,avaStIn,bevFrtRoadLight
RS,h1682,0.5248358437172166,scr2002,avaStIn,bevFrtRoadLight
RS,h1683,0.5002557267591349,scr2002,avaStIn,bevFrtRoadLight
RS,h1684,0.4779833592811431,scr2002,avaStIn,bevFrtRoadLight
RS,h1685,0.45518876455881485,scr2002,avaStIn,bevFrtRoadLight
RS,h1686,0.43596244051473665,scr2002,avaStIn,bevFrtRoadLight
RS,h1687,0.4287672948543091,scr2002,avaStIn,bevFrtRoadLight
RS,h1688,0.4310449118345231,scr2002,avaStIn,bevFrtRoadLight
RS,h1689,0.43651906754470926,scr2002,avaStIn,bevFrtRoadLight
RS,h1690,0.42784196327677315,scr2002,avaStIn,bevFrtRoadLight
RS,h1691,0.40165285769436365,scr2002,avaStIn,bevFrtRoadLight
RS,h1692,0.3554492048303812,scr2002,avaStIn,bevFrtRoadLight
RS,h1693,0.30743387757687923,scr2002,avaStIn,bevFrtRoadLight
RS,h1694,0.278936309503648,scr2002,avaStIn,bevFrtRoadLight
RS,h1695,0.28525649117608465,scr2002,avaStIn,bevFrtRoadLight
RS,h1696,0.33100477113297455,scr2002,avaStIn,bevFrtRoadLight
RS,h1697,0.3951643597987161,scr2002,avaStIn,bevFrtRoadLight
RS,h1698,0.46644985491696445,scr2002,avaStIn,bevFrtRoadLight
RS,h1699,0.5302489042156142,scr2002,avaStIn,bevFrtRoadLight
RS,h1700,0.5770673902258092,scr2002,avaStIn,bevFrtRoadLight
RS,h1701,0.5986769755958498,scr2002,avaStIn,bevFrtRoadLight
RS,h1702,0.6016883948095747,scr2002,avaStIn,bevFrtRoadLight
RS,h1703,0.5924055260109063,scr2002,avaStIn,bevFrtRoadLight
RS,h1704,0.5774847836798132,scr2002,avaStIn,bevFrtRoadLight
RS,h1705,0.509038057831711,scr2002,avaStIn,bevFrtRoadLight
RS,h1706,0.45316073221470254,scr2002,avaStIn,bevFrtRoadLight
RS,h1707,0.4106293035759673,scr2002,avaStIn,bevFrtRoadLight
RS,h1708,0.4302562346105031,scr2002,avaStIn,bevFrtRoadLight
RS,h1709,0.4411964644145132,scr2002,avaStIn,bevFrtRoadLight
RS,h1710,0.45751109901302867,scr2002,avaStIn,bevFrtRoadLight
RS,h1711,0.48871757217710954,scr2002,avaStIn,bevFrtRoadLight
RS,h1712,0.5314509691002262,scr2002,avaStIn,bevFrtRoadLight
RS,h1713,0.5711878747561929,scr2002,avaStIn,bevFrtRoadLight
RS,h1714,0.5980939691710526,scr2002,avaStIn,bevFrtRoadLight
RS,h1715,0.608394034195855,scr2002,avaStIn,bevFrtRoadLight
RS,h1716,0.6010568773540479,scr2002,avaStIn,bevFrtRoadLight
RS,h1717,0.5764247164288175,scr2002,avaStIn,bevFrtRoadLight
RS,h1718,0.5401459054358786,scr2002,avaStIn,bevFrtRoadLight
RS,h1719,0.4982672792884357,scr2002,avaStIn,bevFrtRoadLight
RS,h1720,0.4574139907405833,scr2002,avaStIn,bevFrtRoadLight
RS,h1721,0.42470386872332366,scr2002,avaStIn,bevFrtRoadLight
RS,h1722,0.4070105681582177,scr2002,avaStIn,bevFrtRoadLight
RS,h1723,0.3993554704479094,scr2002,avaStIn,bevFrtRoadLight
RS,h1724,0.3942528360151184,scr2002,avaStIn,bevFrtRoadLight
RS,h1725,0.3809841238928826,scr2002,avaStIn,bevFrtRoadLight
RS,h1726,0.3497784944040866,scr2002,avaStIn,bevFrtRoadLight
RS,h1727,0.3123069662403203,scr2002,avaStIn,bevFrtRoadLight
RS,h1728,0.2821792829284123,scr2002,avaStIn,bevFrtRoadLight
RS,h1729,0.3106843918239848,scr2002,avaStIn,bevFrtRoadLight
RS,h1730,0.35866299968064763,scr2002,avaStIn,bevFrtRoadLight
RS,h1731,0.4106293035759673,scr2002,avaStIn,bevFrtRoadLight
RS,h1732,0.4302562346105031,scr2002,avaStIn,bevFrtRoadLight
RS,h1733,0.4411964644145132,scr2002,avaStIn,bevFrtRoadLight
RS,h1734,0.45751109901302867,scr2002,avaStIn,bevFrtRoadLight
RS,h1735,0.48871757217710954,scr2002,avaStIn,bevFrtRoadLight
RS,h1736,0.5314509691002262,scr2002,avaStIn,bevFrtRoadLight
RS,h1737,0.5711878747561929,scr2002,avaStIn,bevFrtRoadLight
RS,h1738,0.5980939691710526,scr2002,avaStIn,bevFrtRoadLight
RS,h1739,0.608394034195855,scr2002,avaStIn,bevFrtRoadLight
RS,h1740,0.6010568773540479,scr2002,avaStIn,bevFrtRoadLight
RS,h1741,0.5764247164288175,scr2002,avaStIn,bevFrtRoadLight
RS,h1742,0.5401459054358786,scr2002,avaStIn,bevFrtRoadLight
RS,h1743,0.4982672792884357,scr2002,avaStIn,bevFrtRoadLight
RS,h1744,0.4574139907405833,scr2002,avaStIn,bevFrtRoadLight
RS,h1745,0.42470386872332366,scr2002,avaStIn,bevFrtRoadLight
RS,h1746,0.4070105681582177,scr2002,avaStIn,bevFrtRoadLight
RS,h1747,0.3993554704479094,scr2002,avaStIn,bevFrtRoadLight
RS,h1748,0.3942528360151184,scr2002,avaStIn,bevFrtRoadLight
RS,h1749,0.3809841238928826,scr2002,avaStIn,bevFrtRoadLight
RS,h1750,0.3497784944040866,scr2002,avaStIn,bevFrtRoadLight
RS,h1751,0.3123069662403203,scr2002,avaStIn,bevFrtRoadLight
RS,h1752,0.2821792829284123,scr2002,avaStIn,bevFrtRoadLight
RS,h1753,0.3106843918239848,scr2002,avaStIn,bevFrtRoadLight
RS,h1754,0.35866299968064763,scr2002,avaStIn,bevFrtRoadLight
RS,h1755,0.4106293035759673,scr2002,avaStIn,bevFrtRoadLight
RS,h1756,0.4302562346105031,scr2002,avaStIn,bevFrtRoadLight
RS,h1757,0.4411964644145132,scr2002,avaStIn,bevFrtRoadLight
RS,h1758,0.45751109901302867,scr2002,avaStIn,bevFrtRoadLight
RS,h1759,0.48871757217710954,scr2002,avaStIn,bevFrtRoadLight
RS,h1760,0.5314509691002262,scr2002,avaStIn,bevFrtRoadLight
RS,h1761,0.5711878747561929,scr2002,avaStIn,bevFrtRoadLight
RS,h1762,0.5980939691710526,scr2002,avaStIn,bevFrtRoadLight
RS,h1763,0.608394034195855,scr2002,avaStIn,bevFrtRoadLight
RS,h1764,0.6010568773540479,scr2002,avaStIn,bevFrtRoadLight
RS,h1765,0.5764247164288175,scr2002,avaStIn,bevFrtRoadLight
RS,h1766,0.5401459054358786,scr2002,avaStIn,bevFrtRoadLight
RS,h1767,0.4982672792884357,scr2002,avaStIn,bevFrtRoadLight
RS,h1768,0.4574139907405833,scr2002,avaStIn,bevFrtRoadLight
RS,h1769,0.42470386872332366,scr2002,avaStIn,bevFrtRoadLight
RS,h1770,0.4070105681582177,scr2002,avaStIn,bevFrtRoadLight
RS,h1771,0.3993554704479094,scr2002,avaStIn,bevFrtRoadLight
RS,h1772,0.3942528360151184,scr2002,avaStIn,bevFrtRoadLight
RS,h1773,0.3809841238928826,scr2002,avaStIn,bevFrtRoadLight
RS,h1774,0.3497784944040866,scr2002,avaStIn,bevFrtRoadLight
RS,h1775,0.3123069662403203,scr2002,avaStIn,bevFrtRoadLight
RS,h1776,0.2821792829284123,scr2002,avaStIn,bevFrtRoadLight
RS,h1777,0.230095162221032,scr2002,avaStIn,bevFrtRoadLight
RS,h1778,0.2300917975935889,scr2002,avaStIn,bevFrtRoadLight
RS,h1779,0.27148343409663167,scr2002,avaStIn,bevFrtRoadLight
RS,h1780,0.3790725700696759,scr2002,avaStIn,bevFrtRoadLight
RS,h1781,0.4623404992613247,scr2002,avaStIn,bevFrtRoadLight
RS,h1782,0.5259162274800008,scr2002,avaStIn,bevFrtRoadLight
RS,h1783,0.5772992909654577,scr2002,avaStIn,bevFrtRoadLight
RS,h1784,0.6171735770568829,scr2002,avaStIn,bevFrtRoadLight
RS,h1785,0.6409152522621753,scr2002,avaStIn,bevFrtRoadLight
RS,h1786,0.6489166669999998,scr2002,avaStIn,bevFrtRoadLight
RS,h1787,0.6400350534574337,scr2002,avaStIn,bevFrtRoadLight
RS,h1788,0.61588415769173,scr2002,avaStIn,bevFrtRoadLight
RS,h1789,0.5753501172674538,scr2002,avaStIn,bevFrtRoadLight
RS,h1790,0.5273486726990765,scr2002,avaStIn,bevFrtRoadLight
RS,h1791,0.47682400205808595,scr2002,avaStIn,bevFrtRoadLight
RS,h1792,0.4288063768750643,scr2002,avaStIn,bevFrtRoadLight
RS,h1793,0.39374570481652504,scr2002,avaStIn,bevFrtRoadLight
RS,h1794,0.3749031506247579,scr2002,avaStIn,bevFrtRoadLight
RS,h1795,0.37209330121313167,scr2002,avaStIn,bevFrtRoadLight
RS,h1796,0.36873105182903665,scr2002,avaStIn,bevFrtRoadLight
RS,h1797,0.3543630997986469,scr2002,avaStIn,bevFrtRoadLight
RS,h1798,0.3154781828948128,scr2002,avaStIn,bevFrtRoadLight
RS,h1799,0.27112993299959987,scr2002,avaStIn,bevFrtRoadLight
RS,h1800,0.2381911639591776,scr2002,avaStIn,bevFrtRoadLight
RS,h1801,0.20075744833264675,scr2002,avaStIn,bevFrtRoadLight
RS,h1802,0.21575624655576675,scr2002,avaStIn,bevFrtRoadLight
RS,h1803,0.27148343409663167,scr2002,avaStIn,bevFrtRoadLight
RS,h1804,0.3790725700696759,scr2002,avaStIn,bevFrtRoadLight
RS,h1805,0.4623404992613247,scr2002,avaStIn,bevFrtRoadLight
RS,h1806,0.5259162274800008,scr2002,avaStIn,bevFrtRoadLight
RS,h1807,0.5772992909654577,scr2002,avaStIn,bevFrtRoadLight
RS,h1808,0.6171735770568829,scr2002,avaStIn,bevFrtRoadLight
RS,h1809,0.6409152522621753,scr2002,avaStIn,bevFrtRoadLight
RS,h1810,0.6489166669999998,scr2002,avaStIn,bevFrtRoadLight
RS,h1811,0.6400350534574337,scr2002,avaStIn,bevFrtRoadLight
RS,h1812,0.61588415769173,scr2002,avaStIn,bevFrtRoadLight
RS,h1813,0.5753501172674538,scr2002,avaStIn,bevFrtRoadLight
RS,h1814,0.5273486726990765,scr2002,avaStIn,bevFrtRoadLight
RS,h1815,0.47682400205808595,scr2002,avaStIn,bevFrtRoadLight
RS,h1816,0.4288063768750643,scr2002,avaStIn,bevFrtRoadLight
RS,h1817,0.39374570481652504,scr2002,avaStIn,bevFrtRoadLight
RS,h1818,0.3749031506247579,scr2002,avaStIn,bevFrtRoadLight
RS,h1819,0.37209330121313167,scr2002,avaStIn,bevFrtRoadLight
RS,h1820,0.36873105182903665,scr2002,avaStIn,bevFrtRoadLight
RS,h1821,0.3543630997986469,scr2002,avaStIn,bevFrtRoadLight
RS,h1822,0.3154781828948128,scr2002,avaStIn,bevFrtRoadLight
RS,h1823,0.27112993299959987,scr2002,avaStIn,bevFrtRoadLight
RS,h1824,0.2381911639591776,scr2002,avaStIn,bevFrtRoadLight
RS,h1825,0.28388199759953203,scr2002,avaStIn,bevFrtRoadLight
RS,h1826,0.34615260530650627,scr2002,avaStIn,bevFrtRoadLight
RS,h1827,0.4106293035759673,scr2002,avaStIn,bevFrtRoadLight
RS,h1828,0.4302562346105031,scr2002,avaStIn,bevFrtRoadLight
RS,h1829,0.4411964644145132,scr2002,avaStIn,bevFrtRoadLight
RS,h1830,0.45751109901302867,scr2002,avaStIn,bevFrtRoadLight
RS,h1831,0.48871757217710954,scr2002,avaStIn,bevFrtRoadLight
RS,h1832,0.5314509691002262,scr2002,avaStIn,bevFrtRoadLight
RS,h1833,0.5711878747561929,scr2002,avaStIn,bevFrtRoadLight
RS,h1834,0.5980939691710526,scr2002,avaStIn,bevFrtRoadLight
RS,h1835,0.608394034195855,scr2002,avaStIn,bevFrtRoadLight
RS,h1836,0.6010568773540479,scr2002,avaStIn,bevFrtRoadLight
RS,h1837,0.5764247164288175,scr2002,avaStIn,bevFrtRoadLight
RS,h1838,0.5401459054358786,scr2002,avaStIn,bevFrtRoadLight
RS,h1839,0.4982672792884357,scr2002,avaStIn,bevFrtRoadLight
RS,h1840,0.4574139907405833,scr2002,avaStIn,bevFrtRoadLight
RS,h1841,0.42470386872332366,scr2002,avaStIn,bevFrtRoadLight
RS,h1842,0.4070105681582177,scr2002,avaStIn,bevFrtRoadLight
RS,h1843,0.3993554704479094,scr2002,avaStIn,bevFrtRoadLight
RS,h1844,0.3942528360151184,scr2002,avaStIn,bevFrtRoadLight
RS,h1845,0.3809841238928826,scr2002,avaStIn,bevFrtRoadLight
RS,h1846,0.3497784944040866,scr2002,avaStIn,bevFrtRoadLight
RS,h1847,0.3123069662403203,scr2002,avaStIn,bevFrtRoadLight
RS,h1848,0.2821792829284123,scr2002,avaStIn,bevFrtRoadLight
RS,h1849,0.3106843918239848,scr2002,avaStIn,bevFrtRoadLight
RS,h1850,0.35866299968064763,scr2002,avaStIn,bevFrtRoadLight
RS,h1851,0.4106293035759673,scr2002,avaStIn,bevFrtRoadLight
RS,h1852,0.4302562346105031,scr2002,avaStIn,bevFrtRoadLight
RS,h1853,0.4411964644145132,scr2002,avaStIn,bevFrtRoadLight
RS,h1854,0.45751109901302867,scr2002,avaStIn,bevFrtRoadLight
RS,h1855,0.48871757217710954,scr2002,avaStIn,bevFrtRoadLight
RS,h1856,0.5314509691002262,scr2002,avaStIn,bevFrtRoadLight
RS,h1857,0.5711878747561929,scr2002,avaStIn,bevFrtRoadLight
RS,h1858,0.5980939691710526,scr2002,avaStIn,bevFrtRoadLight
RS,h1859,0.608394034195855,scr2002,avaStIn,bevFrtRoadLight
RS,h1860,0.6010568773540479,scr2002,avaStIn,bevFrtRoadLight
RS,h1861,0.5764247164288175,scr2002,avaStIn,bevFrtRoadLight
RS,h1862,0.5401459054358786,scr2002,avaStIn,bevFrtRoadLight
RS,h1863,0.4982672792884357,scr2002,avaStIn,bevFrtRoadLight
RS,h1864,0.4574139907405833,scr2002,avaStIn,bevFrtRoadLight
RS,h1865,0.42470386872332366,scr2002,avaStIn,bevFrtRoadLight
RS,h1866,0.4070105681582177,scr2002,avaStIn,bevFrtRoadLight
RS,h1867,0.3993554704479094,scr2002,avaStIn,bevFrtRoadLight
RS,h1868,0.3942528360151184,scr2002,avaStIn,bevFrtRoadLight
RS,h1869,0.3809841238928826,scr2002,avaStIn,bevFrtRoadLight
RS,h1870,0.3497784944040866,scr2002,avaStIn,bevFrtRoadLight
RS,h1871,0.3123069662403203,scr2002,avaStIn,bevFrtRoadLight
RS,h1872,0.2821792829284123,scr2002,avaStIn,bevFrtRoadLight
RS,h1873,0.3106843918239848,scr2002,avaStIn,bevFrtRoadLight
RS,h1874,0.35866299968064763,scr2002,avaStIn,bevFrtRoadLight
RS,h1875,0.4106293035759673,scr2002,avaStIn,bevFrtRoadLight
RS,h1876,0.4302562346105031,scr2002,avaStIn,bevFrtRoadLight
RS,h1877,0.4411964644145132,scr2002,avaStIn,bevFrtRoadLight
RS,h1878,0.45751109901302867,scr2002,avaStIn,bevFrtRoadLight
RS,h1879,0.48871757217710954,scr2002,avaStIn,bevFrtRoadLight
RS,h1880,0.5314509691002262,scr2002,avaStIn,bevFrtRoadLight
RS,h1881,0.5711878747561929,scr2002,avaStIn,bevFrtRoadLight
RS,h1882,0.5980939691710526,scr2002,avaStIn,bevFrtRoadLight
RS,h1883,0.608394034195855,scr2002,avaStIn,bevFrtRoadLight
RS,h1884,0.6010568773540479,scr2002,avaStIn,bevFrtRoadLight
RS,h1885,0.5764247164288175,scr2002,avaStIn,bevFrtRoadLight
RS,h1886,0.5401459054358786,scr2002,avaStIn,bevFrtRoadLight
RS,h1887,0.4982672792884357,scr2002,avaStIn,bevFrtRoadLight
RS,h1888,0.4574139907405833,scr2002,avaStIn,bevFrtRoadLight
RS,h1889,0.42470386872332366,scr2002,avaStIn,bevFrtRoadLight
RS,h1890,0.4070105681582177,scr2002,avaStIn,bevFrtRoadLight
RS,h1891,0.3993554704479094,scr2002,avaStIn,bevFrtRoadLight
RS,h1892,0.3942528360151184,scr2002,avaStIn,bevFrtRoadLight
RS,h1893,0.3809841238928826,scr2002,avaStIn,bevFrtRoadLight
RS,h1894,0.3497784944040866,scr2002,avaStIn,bevFrtRoadLight
RS,h1895,0.3123069662403203,scr2002,avaStIn,bevFrtRoadLight
RS,h1896,0.2821792829284123,scr2002,avaStIn,bevFrtRoadLight
RS,h1897,0.3106843918239848,scr2002,avaStIn,bevFrtRoadLight
RS,h1898,0.35866299968064763,scr2002,avaStIn,bevFrtRoadLight
RS,h1899,0.4106293035759673,scr2002,avaStIn,bevFrtRoadLight
RS,h1900,0.4302562346105031,scr2002,avaStIn,bevFrtRoadLight
RS,h1901,0.4411964644145132,scr2002,avaStIn,bevFrtRoadLight
RS,h1902,0.45751109901302867,scr2002,avaStIn,bevFrtRoadLight
RS,h1903,0.48871757217710954,scr2002,avaStIn,bevFrtRoadLight
RS,h1904,0.5314509691002262,scr2002,avaStIn,bevFrtRoadLight
RS,h1905,0.5711878747561929,scr2002,avaStIn,bevFrtRoadLight
RS,h1906,0.5980939691710526,scr2002,avaStIn,bevFrtRoadLight
RS,h1907,0.608394034195855,scr2002,avaStIn,bevFrtRoadLight
RS,h1908,0.6010568773540479,scr2002,avaStIn,bevFrtRoadLight
RS,h1909,0.5764247164288175,scr2002,avaStIn,bevFrtRoadLight
RS,h1910,0.5401459054358786,scr2002,avaStIn,bevFrtRoadLight
RS,h1911,0.4982672792884357,scr2002,avaStIn,bevFrtRoadLight
RS,h1912,0.4574139907405833,scr2002,avaStIn,bevFrtRoadLight
RS,h1913,0.42470386872332366,scr2002,avaStIn,bevFrtRoadLight
RS,h1914,0.4070105681582177,scr2002,avaStIn,bevFrtRoadLight
RS,h1915,0.3993554704479094,scr2002,avaStIn,bevFrtRoadLight
RS,h1916,0.3942528360151184,scr2002,avaStIn,bevFrtRoadLight
RS,h1917,0.3809841238928826,scr2002,avaStIn,bevFrtRoadLight
RS,h1918,0.3497784944040866,scr2002,avaStIn,bevFrtRoadLight
RS,h1919,0.3123069662403203,scr2002,avaStIn,bevFrtRoadLight
RS,h1920,0.2821792829284123,scr2002,avaStIn,bevFrtRoadLight
RS,h1921,0.3106843918239848,scr2002,avaStIn,bevFrtRoadLight
RS,h1922,0.35866299968064763,scr2002,avaStIn,bevFrtRoadLight
RS,h1923,0.4106293035759673,scr2002,avaStIn,bevFrtRoadLight
RS,h1924,0.4302562346105031,scr2002,avaStIn,bevFrtRoadLight
RS,h1925,0.4411964644145132,scr2002,avaStIn,bevFrtRoadLight
RS,h1926,0.45751109901302867,scr2002,avaStIn,bevFrtRoadLight
RS,h1927,0.48871757217710954,scr2002,avaStIn,bevFrtRoadLight
RS,h1928,0.5314509691002262,scr2002,avaStIn,bevFrtRoadLight
RS,h1929,0.5711878747561929,scr2002,avaStIn,bevFrtRoadLight
RS,h1930,0.5980939691710526,scr2002,avaStIn,bevFrtRoadLight
RS,h1931,0.608394034195855,scr2002,avaStIn,bevFrtRoadLight
RS,h1932,0.6010568773540479,scr2002,avaStIn,bevFrtRoadLight
RS,h1933,0.5764247164288175,scr2002,avaStIn,bevFrtRoadLight
RS,h1934,0.5401459054358786,scr2002,avaStIn,bevFrtRoadLight
RS,h1935,0.4982672792884357,scr2002,avaStIn,bevFrtRoadLight
RS,h1936,0.4574139907405833,scr2002,avaStIn,bevFrtRoadLight
RS,h1937,0.42470386872332366,scr2002,avaStIn,bevFrtRoadLight
RS,h1938,0.4070105681582177,scr2002,avaStIn,bevFrtRoadLight
RS,h1939,0.3993554704479094,scr2002,avaStIn,bevFrtRoadLight
RS,h1940,0.3942528360151184,scr2002,avaStIn,bevFrtRoadLight
RS,h1941,0.3809841238928826,scr2002,avaStIn,bevFrtRoadLight
RS,h1942,0.3497784944040866,scr2002,avaStIn,bevFrtRoadLight
RS,h1943,0.3123069662403203,scr2002,avaStIn,bevFrtRoadLight
RS,h1944,0.2821792829284123,scr2002,avaStIn,bevFrtRoadLight
RS,h1945,0.230095162221032,scr2002,avaStIn,bevFrtRoadLight
RS,h1946,0.2300917975935889,scr2002,avaStIn,bevFrtRoadLight
RS,h1947,0.27148343409663167,scr2002,avaStIn,bevFrtRoadLight
RS,h1948,0.3790725700696759,scr2002,avaStIn,bevFrtRoadLight
RS,h1949,0.4623404992613247,scr2002,avaStIn,bevFrtRoadLight
RS,h1950,0.5259162274800008,scr2002,avaStIn,bevFrtRoadLight
RS,h1951,0.5772992909654577,scr2002,avaStIn,bevFrtRoadLight
RS,h1952,0.6171735770568829,scr2002,avaStIn,bevFrtRoadLight
RS,h1953,0.6409152522621753,scr2002,avaStIn,bevFrtRoadLight
RS,h1954,0.6489166669999998,scr2002,avaStIn,bevFrtRoadLight
RS,h1955,0.6400350534574337,scr2002,avaStIn,bevFrtRoadLight
RS,h1956,0.61588415769173,scr2002,avaStIn,bevFrtRoadLight
RS,h1957,0.5753501172674538,scr2002,avaStIn,bevFrtRoadLight
RS,h1958,0.5273486726990765,scr2002,avaStIn,bevFrtRoadLight
RS,h1959,0.47682400205808595,scr2002,avaStIn,bevFrtRoadLight
RS,h1960,0.4288063768750643,scr2002,avaStIn,bevFrtRoadLight
RS,h1961,0.39374570481652504,scr2002,avaStIn,bevFrtRoadLight
RS,h1962,0.3749031506247579,scr2002,avaStIn,bevFrtRoadLight
RS,h1963,0.37209330121313167,scr2002,avaStIn,bevFrtRoadLight
RS,h1964,0.36873105182903665,scr2002,avaStIn,bevFrtRoadLight
RS,h1965,0.3543630997986469,scr2002,avaStIn,bevFrtRoadLight
RS,h1966,0.3154781828948128,scr2002,avaStIn,bevFrtRoadLight
RS,h1967,0.27112993299959987,scr2002,avaStIn,bevFrtRoadLight
RS,h1968,0.2381911639591776,scr2002,avaStIn,bevFrtRoadLight
RS,h1969,0.20075744833264675,scr2002,avaStIn,bevFrtRoadLight
RS,h1970,0.21575624655576675,scr2002,avaStIn,bevFrtRoadLight
RS,h1971,0.27148343409663167,scr2002,avaStIn,bevFrtRoadLight
RS,h1972,0.3790725700696759,scr2002,avaStIn,bevFrtRoadLight
RS,h1973,0.4623404992613247,scr2002,avaStIn,bevFrtRoadLight
RS,h1974,0.5259162274800008,scr2002,avaStIn,bevFrtRoadLight
RS,h1975,0.5772992909654577,scr2002,avaStIn,bevFrtRoadLight
RS,h1976,0.6171735770568829,scr2002,avaStIn,bevFrtRoadLight
RS,h1977,0.6409152522621753,scr2002,avaStIn,bevFrtRoadLight
RS,h1978,0.6489166669999998,scr2002,avaStIn,bevFrtRoadLight
RS,h1979,0.6400350534574337,scr2002,avaStIn,bevFrtRoadLight
RS,h1980,0.61588415769173,scr2002,avaStIn,bevFrtRoadLight
RS,h1981,0.5753501172674538,scr2002,avaStIn,bevFrtRoadLight
RS,h1982,0.5273486726990765,scr2002,avaStIn,bevFrtRoadLight
RS,h1983,0.47682400205808595,scr2002,avaStIn,bevFrtRoadLight
RS,h1984,0.4288063768750643,scr2002,avaStIn,bevFrtRoadLight
RS,h1985,0.39374570481652504,scr2002,avaStIn,bevFrtRoadLight
RS,h1986,0.3749031506247579,scr2002,avaStIn,bevFrtRoadLight
RS,h1987,0.37209330121313167,scr2002,avaStIn,bevFrtRoadLight
RS,h1988,0.36873105182903665,scr2002,avaStIn,bevFrtRoadLight
RS,h1989,0.3543630997986469,scr2002,avaStIn,bevFrtRoadLight
RS,h1990,0.3154781828948128,scr2002,avaStIn,bevFrtRoadLight
RS,h1991,0.27112993299959987,scr2002,avaStIn,bevFrtRoadLight
RS,h1992,0.2381911639591776,scr2002,avaStIn,bevFrtRoadLight
RS,h1993,0.28388199759953203,scr2002,avaStIn,bevFrtRoadLight
RS,h1994,0.34615260530650627,scr2002,avaStIn,bevFrtRoadLight
RS,h1995,0.4106293035759673,scr2002,avaStIn,bevFrtRoadLight
RS,h1996,0.4302562346105031,scr2002,avaStIn,bevFrtRoadLight
RS,h1997,0.4411964644145132,scr2002,avaStIn,bevFrtRoadLight
RS,h1998,0.45751109901302867,scr2002,avaStIn,bevFrtRoadLight
RS,h1999,0.48871757217710954,scr2002,avaStIn,bevFrtRoadLight
RS,h2000,0.5314509691002262,scr2002,avaStIn,bevFrtRoadLight
RS,h2001,0.5711878747561929,scr2002,avaStIn,bevFrtRoadLight
RS,h2002,0.5980939691710526,scr2002,avaStIn,bevFrtRoadLight
RS,h2003,0.608394034195855,scr2002,avaStIn,bevFrtRoadLight
RS,h2004,0.6010568773540479,scr2002,avaStIn,bevFrtRoadLight
RS,h2005,0.5764247164288175,scr2002,avaStIn,bevFrtRoadLight
RS,h2006,0.5401459054358786,scr2002,avaStIn,bevFrtRoadLight
RS,h2007,0.4982672792884357,scr2002,avaStIn,bevFrtRoadLight
RS,h2008,0.4574139907405833,scr2002,avaStIn,bevFrtRoadLight
RS,h2009,0.42470386872332366,scr2002,avaStIn,bevFrtRoadLight
RS,h2010,0.4070105681582177,scr2002,avaStIn,bevFrtRoadLight
RS,h2011,0.3993554704479094,scr2002,avaStIn,bevFrtRoadLight
RS,h2012,0.3942528360151184,scr2002,avaStIn,bevFrtRoadLight
RS,h2013,0.3809841238928826,scr2002,avaStIn,bevFrtRoadLight
RS,h2014,0.3497784944040866,scr2002,avaStIn,bevFrtRoadLight
RS,h2015,0.3123069662403203,scr2002,avaStIn,bevFrtRoadLight
RS,h2016,0.2821792829284123,scr2002,avaStIn,bevFrtRoadLight
RS,h2017,0.3072840894621327,scr2002,avaStIn,bevFrtRoadLight
RS,h2018,0.33666905394072466,scr2002,avaStIn,bevFrtRoadLight
RS,h2019,0.36655496485550265,scr2002,avaStIn,bevFrtRoadLight
RS,h2020,0.3745731212047183,scr2002,avaStIn,bevFrtRoadLight
RS,h2021,0.4026088526762964,scr2002,avaStIn,bevFrtRoadLight
RS,h2022,0.44640061438376677,scr2002,avaStIn,bevFrtRoadLight
RS,h2023,0.4973037920546317,scr2002,avaStIn,bevFrtRoadLight
RS,h2024,0.5420216950586382,scr2002,avaStIn,bevFrtRoadLight
RS,h2025,0.5736954068525849,scr2002,avaStIn,bevFrtRoadLight
RS,h2026,0.5880342997851788,scr2002,avaStIn,bevFrtRoadLight
RS,h2027,0.5918947845476326,scr2002,avaStIn,bevFrtRoadLight
RS,h2028,0.5837522950091351,scr2002,avaStIn,bevFrtRoadLight
RS,h2029,0.566630011228302,scr2002,avaStIn,bevFrtRoadLight
RS,h2030,0.5326460205473856,scr2002,avaStIn,bevFrtRoadLight
RS,h2031,0.48334141219508586,scr2002,avaStIn,bevFrtRoadLight
RS,h2032,0.4237800531764452,scr2002,avaStIn,bevFrtRoadLight
RS,h2033,0.3668064382544399,scr2002,avaStIn,bevFrtRoadLight
RS,h2034,0.33858624085132816,scr2002,avaStIn,bevFrtRoadLight
RS,h2035,0.33981235579051505,scr2002,avaStIn,bevFrtRoadLight
RS,h2036,0.3644150552627201,scr2002,avaStIn,bevFrtRoadLight
RS,h2037,0.39407002810213865,scr2002,avaStIn,bevFrtRoadLight
RS,h2038,0.4100441996396512,scr2002,avaStIn,bevFrtRoadLight
RS,h2039,0.41244752514225314,scr2002,avaStIn,bevFrtRoadLight
RS,h2040,0.3977671810575979,scr2002,avaStIn,bevFrtRoadLight
RS,h2041,0.3840802424090224,scr2002,avaStIn,bevFrtRoadLight
RS,h2042,0.37136048642151265,scr2002,avaStIn,bevFrtRoadLight
RS,h2043,0.36655496485550265,scr2002,avaStIn,bevFrtRoadLight
RS,h2044,0.3745731212047183,scr2002,avaStIn,bevFrtRoadLight
RS,h2045,0.4026088526762964,scr2002,avaStIn,bevFrtRoadLight
RS,h2046,0.44640061438376677,scr2002,avaStIn,bevFrtRoadLight
RS,h2047,0.4973037920546317,scr2002,avaStIn,bevFrtRoadLight
RS,h2048,0.5420216950586382,scr2002,avaStIn,bevFrtRoadLight
RS,h2049,0.5736954068525849,scr2002,avaStIn,bevFrtRoadLight
RS,h2050,0.5880342997851788,scr2002,avaStIn,bevFrtRoadLight
RS,h2051,0.5918947845476326,scr2002,avaStIn,bevFrtRoadLight
RS,h2052,0.5837522950091351,scr2002,avaStIn,bevFrtRoadLight
RS,h2053,0.566630011228302,scr2002,avaStIn,bevFrtRoadLight
RS,h2054,0.5326460205473856,scr2002,avaStIn,bevFrtRoadLight
RS,h2055,0.48334141219508586,scr2002,avaStIn,bevFrtRoadLight
RS,h2056,0.4237800531764452,scr2002,avaStIn,bevFrtRoadLight
RS,h2057,0.3668064382544399,scr2002,avaStIn,bevFrtRoadLight
RS,h2058,0.33858624085132816,scr2002,avaStIn,bevFrtRoadLight
RS,h2059,0.33981235579051505,scr2002,avaStIn,bevFrtRoadLight
RS,h2060,0.3644150552627201,scr2002,avaStIn,bevFrtRoadLight
RS,h2061,0.39407002810213865,scr2002,avaStIn,bevFrtRoadLight
RS,h2062,0.4100441996396512,scr2002,avaStIn,bevFrtRoadLight
RS,h2063,0.41244752514225314,scr2002,avaStIn,bevFrtRoadLight
RS,h2064,0.3977671810575979,scr2002,avaStIn,bevFrtRoadLight
RS,h2065,0.3840802424090224,scr2002,avaStIn,bevFrtRoadLight
RS,h2066,0.37136048642151265,scr2002,avaStIn,bevFrtRoadLight
RS,h2067,0.36655496485550265,scr2002,avaStIn,bevFrtRoadLight
RS,h2068,0.3745731212047183,scr2002,avaStIn,bevFrtRoadLight
RS,h2069,0.4026088526762964,scr2002,avaStIn,bevFrtRoadLight
RS,h2070,0.44640061438376677,scr2002,avaStIn,bevFrtRoadLight
RS,h2071,0.4973037920546317,scr2002,avaStIn,bevFrtRoadLight
RS,h2072,0.5420216950586382,scr2002,avaStIn,bevFrtRoadLight
RS,h2073,0.5736954068525849,scr2002,avaStIn,bevFrtRoadLight
RS,h2074,0.5880342997851788,scr2002,avaStIn,bevFrtRoadLight
RS,h2075,0.5918947845476326,scr2002,avaStIn,bevFrtRoadLight
RS,h2076,0.5837522950091351,scr2002,avaStIn,bevFrtRoadLight
RS,h2077,0.566630011228302,scr2002,avaStIn,bevFrtRoadLight
RS,h2078,0.5326460205473856,scr2002,avaStIn,bevFrtRoadLight
RS,h2079,0.48334141219508586,scr2002,avaStIn,bevFrtRoadLight
RS,h2080,0.4237800531764452,scr2002,avaStIn,bevFrtRoadLight
RS,h2081,0.3668064382544399,scr2002,avaStIn,bevFrtRoadLight
RS,h2082,0.33858624085132816,scr2002,avaStIn,bevFrtRoadLight
RS,h2083,0.33981235579051505,scr2002,avaStIn,bevFrtRoadLight
RS,h2084,0.3644150552627201,scr2002,avaStIn,bevFrtRoadLight
RS,h2085,0.39407002810213865,scr2002,avaStIn,bevFrtRoadLight
RS,h2086,0.4100441996396512,scr2002,avaStIn,bevFrtRoadLight
RS,h2087,0.41244752514225314,scr2002,avaStIn,bevFrtRoadLight
RS,h2088,0.3977671810575979,scr2002,avaStIn,bevFrtRoadLight
RS,h2089,0.3840802424090224,scr2002,avaStIn,bevFrtRoadLight
RS,h2090,0.37136048642151265,scr2002,avaStIn,bevFrtRoadLight
RS,h2091,0.36655496485550265,scr2002,avaStIn,bevFrtRoadLight
RS,h2092,0.3745731212047183,scr2002,avaStIn,bevFrtRoadLight
RS,h2093,0.4026088526762964,scr2002,avaStIn,bevFrtRoadLight
RS,h2094,0.44640061438376677,scr2002,avaStIn,bevFrtRoadLight
RS,h2095,0.4973037920546317,scr2002,avaStIn,bevFrtRoadLight
RS,h2096,0.5420216950586382,scr2002,avaStIn,bevFrtRoadLight
RS,h2097,0.5736954068525849,scr2002,avaStIn,bevFrtRoadLight
RS,h2098,0.5880342997851788,scr2002,avaStIn,bevFrtRoadLight
RS,h2099,0.5918947845476326,scr2002,avaStIn,bevFrtRoadLight
RS,h2100,0.5837522950091351,scr2002,avaStIn,bevFrtRoadLight
RS,h2101,0.566630011228302,scr2002,avaStIn,bevFrtRoadLight
RS,h2102,0.5326460205473856,scr2002,avaStIn,bevFrtRoadLight
RS,h2103,0.48334141219508586,scr2002,avaStIn,bevFrtRoadLight
RS,h2104,0.4237800531764452,scr2002,avaStIn,bevFrtRoadLight
RS,h2105,0.3668064382544399,scr2002,avaStIn,bevFrtRoadLight
RS,h2106,0.33858624085132816,scr2002,avaStIn,bevFrtRoadLight
RS,h2107,0.33981235579051505,scr2002,avaStIn,bevFrtRoadLight
RS,h2108,0.3644150552627201,scr2002,avaStIn,bevFrtRoadLight
RS,h2109,0.39407002810213865,scr2002,avaStIn,bevFrtRoadLight
RS,h2110,0.4100441996396512,scr2002,avaStIn,bevFrtRoadLight
RS,h2111,0.41244752514225314,scr2002,avaStIn,bevFrtRoadLight
RS,h2112,0.3977671810575979,scr2002,avaStIn,bevFrtRoadLight
RS,h2113,0.4215422859318668,scr2002,avaStIn,bevFrtRoadLight
RS,h2114,0.44561523253946533,scr2002,avaStIn,bevFrtRoadLight
RS,h2115,0.46890884939949806,scr2002,avaStIn,bevFrtRoadLight
RS,h2116,0.4606801828577375,scr2002,avaStIn,bevFrtRoadLight
RS,h2117,0.4598809008191356,scr2002,avaStIn,bevFrtRoadLight
RS,h2118,0.47373682010553864,scr2002,avaStIn,bevFrtRoadLight
RS,h2119,0.49837466067849223,scr2002,avaStIn,bevFrtRoadLight
RS,h2120,0.5249322712656334,scr2002,avaStIn,bevFrtRoadLight
RS,h2121,0.5295524702973696,scr2002,avaStIn,bevFrtRoadLight
RS,h2122,0.5237384833973733,scr2002,avaStIn,bevFrtRoadLight
RS,h2123,0.517462220076728,scr2002,avaStIn,bevFrtRoadLight
RS,h2124,0.5202231448594441,scr2002,avaStIn,bevFrtRoadLight
RS,h2125,0.5168074572603817,scr2002,avaStIn,bevFrtRoadLight
RS,h2126,0.4881087918461403,scr2002,avaStIn,bevFrtRoadLight
RS,h2127,0.4401501060096197,scr2002,avaStIn,bevFrtRoadLight
RS,h2128,0.3751810028677981,scr2002,avaStIn,bevFrtRoadLight
RS,h2129,0.3184738733356699,scr2002,avaStIn,bevFrtRoadLight
RS,h2130,0.2885496316681868,scr2002,avaStIn,bevFrtRoadLight
RS,h2131,0.2950430145218158,scr2002,avaStIn,bevFrtRoadLight
RS,h2132,0.3362350273761402,scr2002,avaStIn,bevFrtRoadLight
RS,h2133,0.3905257678468871,scr2002,avaStIn,bevFrtRoadLight
RS,h2134,0.4405757953478313,scr2002,avaStIn,bevFrtRoadLight
RS,h2135,0.4738121072088959,scr2002,avaStIn,bevFrtRoadLight
RS,h2136,0.4995552626921461,scr2002,avaStIn,bevFrtRoadLight
RS,h2137,0.5006979269249346,scr2002,avaStIn,bevFrtRoadLight
RS,h2138,0.49234384959123256,scr2002,avaStIn,bevFrtRoadLight
RS,h2139,0.46890884939949806,scr2002,avaStIn,bevFrtRoadLight
RS,h2140,0.4606801828577375,scr2002,avaStIn,bevFrtRoadLight
RS,h2141,0.4598809008191356,scr2002,avaStIn,bevFrtRoadLight
RS,h2142,0.47373682010553864,scr2002,avaStIn,bevFrtRoadLight
RS,h2143,0.49837466067849223,scr2002,avaStIn,bevFrtRoadLight
RS,h2144,0.5249322712656334,scr2002,avaStIn,bevFrtRoadLight
RS,h2145,0.5295524702973696,scr2002,avaStIn,bevFrtRoadLight
RS,h2146,0.5237384833973733,scr2002,avaStIn,bevFrtRoadLight
RS,h2147,0.517462220076728,scr2002,avaStIn,bevFrtRoadLight
RS,h2148,0.5202231448594441,scr2002,avaStIn,bevFrtRoadLight
RS,h2149,0.5168074572603817,scr2002,avaStIn,bevFrtRoadLight
RS,h2150,0.4881087918461403,scr2002,avaStIn,bevFrtRoadLight
RS,h2151,0.4401501060096197,scr2002,avaStIn,bevFrtRoadLight
RS,h2152,0.3751810028677981,scr2002,avaStIn,bevFrtRoadLight
RS,h2153,0.3184738733356699,scr2002,avaStIn,bevFrtRoadLight
RS,h2154,0.2885496316681868,scr2002,avaStIn,bevFrtRoadLight
RS,h2155,0.2950430145218158,scr2002,avaStIn,bevFrtRoadLight
RS,h2156,0.3362350273761402,scr2002,avaStIn,bevFrtRoadLight
RS,h2157,0.3905257678468871,scr2002,avaStIn,bevFrtRoadLight
RS,h2158,0.4405757953478313,scr2002,avaStIn,bevFrtRoadLight
RS,h2159,0.4738121072088959,scr2002,avaStIn,bevFrtRoadLight
RS,h2160,0.4995552626921461,scr2002,avaStIn,bevFrtRoadLight
BA,h1441,0.3714353995574986,scr2002,avaStIn,bevFrtRoadLight
BA,h1442,0.3846086524108919,scr2002,avaStIn,bevFrtRoadLight
BA,h1443,0.42374952391826404,scr2002,avaStIn,bevFrtRoadLight
BA,h1444,0.4709102315761218,scr2002,avaStIn,bevFrtRoadLight
BA,h1445,0.5000591446961408,scr2002,avaStIn,bevFrtRoadLight
BA,h1446,0.495233345157142,scr2002,avaStIn,bevFrtRoadLight
BA,h1447,0.5008043596015219,scr2002,avaStIn,bevFrtRoadLight
BA,h1448,0.5021789974738545,scr2002,avaStIn,bevFrtRoadLight
BA,h1449,0.5231874460949842,scr2002,avaStIn,bevFrtRoadLight
BA,h1450,0.5308529822226913,scr2002,avaStIn,bevFrtRoadLight
BA,h1451,0.536356959269228,scr2002,avaStIn,bevFrtRoadLight
BA,h1452,0.5373881561276749,scr2002,avaStIn,bevFrtRoadLight
BA,h1453,0.5288075990651915,scr2002,avaStIn,bevFrtRoadLight
BA,h1454,0.5095709286669997,scr2002,avaStIn,bevFrtRoadLight
BA,h1455,0.473753550931062,scr2002,avaStIn,bevFrtRoadLight
BA,h1456,0.4304466538396563,scr2002,avaStIn,bevFrtRoadLight
BA,h1457,0.3826879992214788,scr2002,avaStIn,bevFrtRoadLight
BA,h1458,0.35009603390058996,scr2002,avaStIn,bevFrtRoadLight
BA,h1459,0.3349394292024723,scr2002,avaStIn,bevFrtRoadLight
BA,h1460,0.34869160218954365,scr2002,avaStIn,bevFrtRoadLight
BA,h1461,0.36780057797615695,scr2002,avaStIn,bevFrtRoadLight
BA,h1462,0.38682791024436847,scr2002,avaStIn,bevFrtRoadLight
BA,h1463,0.3912979680884232,scr2002,avaStIn,bevFrtRoadLight
BA,h1464,0.3985938980480803,scr2002,avaStIn,bevFrtRoadLight
BA,h1465,0.38540755881640665,scr2002,avaStIn,bevFrtRoadLight
BA,h1466,0.39834418280524153,scr2002,avaStIn,bevFrtRoadLight
BA,h1467,0.42374952391826404,scr2002,avaStIn,bevFrtRoadLight
BA,h1468,0.4709102315761218,scr2002,avaStIn,bevFrtRoadLight
BA,h1469,0.5000591446961408,scr2002,avaStIn,bevFrtRoadLight
BA,h1470,0.495233345157142,scr2002,avaStIn,bevFrtRoadLight
BA,h1471,0.5008043596015219,scr2002,avaStIn,bevFrtRoadLight
BA,h1472,0.5021789974738545,scr2002,avaStIn,bevFrtRoadLight
BA,h1473,0.5231874460949842,scr2002,avaStIn,bevFrtRoadLight
BA,h1474,0.5308529822226913,scr2002,avaStIn,bevFrtRoadLight
BA,h1475,0.536356959269228,scr2002,avaStIn,bevFrtRoadLight
BA,h1476,0.5373881561276749,scr2002,avaStIn,bevFrtRoadLight
BA,h1477,0.5288075990651915,scr2002,avaStIn,bevFrtRoadLight
BA,h1478,0.5095709286669997,scr2002,avaStIn,bevFrtRoadLight
BA,h1479,0.473753550931062,scr2002,avaStIn,bevFrtRoadLight
BA,h1480,0.4304466538396563,scr2002,avaStIn,bevFrtRoadLight
BA,h1481,0.3826879992214788,scr2002,avaStIn,bevFrtRoadLight
BA,h1482,0.35009603390058996,scr2002,avaStIn,bevFrtRoadLight
BA,h1483,0.3349394292024723,scr2002,avaStIn,bevFrtRoadLight
BA,h1484,0.34869160218954365,scr2002,avaStIn,bevFrtRoadLight
BA,h1485,0.36780057797615695,scr2002,avaStIn,bevFrtRoadLight
BA,h1486,0.38682791024436847,scr2002,avaStIn,bevFrtRoadLight
BA,h1487,0.3912979680884232,scr2002,avaStIn,bevFrtRoadLight
BA,h1488,0.3985938980480803,scr2002,avaStIn,bevFrtRoadLight
BA,h1489,0.4174388969205469,scr2002,avaStIn,bevFrtRoadLight
BA,h1490,0.4439543832070485,scr2002,avaStIn,bevFrtRoadLight
BA,h1491,0.464238846132911,scr2002,avaStIn,bevFrtRoadLight
BA,h1492,0.4692993118565085,scr2002,avaStIn,bevFrtRoadLight
BA,h1493,0.4647572130501477,scr2002,avaStIn,bevFrtRoadLight
BA,h1494,0.4606421333392813,scr2002,avaStIn,bevFrtRoadLight
BA,h1495,0.4606294501381404,scr2002,avaStIn,bevFrtRoadLight
BA,h1496,0.4771202000278558,scr2002,avaStIn,bevFrtRoadLight
BA,h1497,0.4942956004519071,scr2002,avaStIn,bevFrtRoadLight
BA,h1498,0.5099123823053463,scr2002,avaStIn,bevFrtRoadLight
BA,h1499,0.5161038254350148,scr2002,avaStIn,bevFrtRoadLight
BA,h1500,0.5219276355822776,scr2002,avaStIn,bevFrtRoadLight
BA,h1501,0.5234247828552905,scr2002,avaStIn,bevFrtRoadLight
BA,h1502,0.515666896351518,scr2002,avaStIn,bevFrtRoadLight
BA,h1503,0.4904757420921084,scr2002,avaStIn,bevFrtRoadLight
BA,h1504,0.4511048686615209,scr2002,avaStIn,bevFrtRoadLight
BA,h1505,0.401719554609377,scr2002,avaStIn,bevFrtRoadLight
BA,h1506,0.362910361244157,scr2002,avaStIn,bevFrtRoadLight
BA,h1507,0.3472619056461236,scr2002,avaStIn,bevFrtRoadLight
BA,h1508,0.35727079588328314,scr2002,avaStIn,bevFrtRoadLight
BA,h1509,0.378468834507535,scr2002,avaStIn,bevFrtRoadLight
BA,h1510,0.39319028121074384,scr2002,avaStIn,bevFrtRoadLight
BA,h1511,0.3959422870730802,scr2002,avaStIn,bevFrtRoadLight
BA,h1512,0.3854887711962275,scr2002,avaStIn,bevFrtRoadLight
BA,h1513,0.42769853598926943,scr2002,avaStIn,bevFrtRoadLight
BA,h1514,0.46444116177482064,scr2002,avaStIn,bevFrtRoadLight
BA,h1515,0.5002557267591349,scr2002,avaStIn,bevFrtRoadLight
BA,h1516,0.4779833592811431,scr2002,avaStIn,bevFrtRoadLight
BA,h1517,0.45518876455881485,scr2002,avaStIn,bevFrtRoadLight
BA,h1518,0.43596244051473665,scr2002,avaStIn,bevFrtRoadLight
BA,h1519,0.4287672948543091,scr2002,avaStIn,bevFrtRoadLight
BA,h1520,0.4310449118345231,scr2002,avaStIn,bevFrtRoadLight
BA,h1521,0.43651906754470926,scr2002,avaStIn,bevFrtRoadLight
BA,h1522,0.42784196327677315,scr2002,avaStIn,bevFrtRoadLight
BA,h1523,0.40165285769436365,scr2002,avaStIn,bevFrtRoadLight
BA,h1524,0.3554492048303812,scr2002,avaStIn,bevFrtRoadLight
BA,h1525,0.30743387757687923,scr2002,avaStIn,bevFrtRoadLight
BA,h1526,0.278936309503648,scr2002,avaStIn,bevFrtRoadLight
BA,h1527,0.28525649117608465,scr2002,avaStIn,bevFrtRoadLight
BA,h1528,0.33100477113297455,scr2002,avaStIn,bevFrtRoadLight
BA,h1529,0.3951643597987161,scr2002,avaStIn,bevFrtRoadLight
BA,h1530,0.46644985491696445,scr2002,avaStIn,bevFrtRoadLight
BA,h1531,0.5302489042156142,scr2002,avaStIn,bevFrtRoadLight
BA,h1532,0.5770673902258092,scr2002,avaStIn,bevFrtRoadLight
BA,h1533,0.5986769755958498,scr2002,avaStIn,bevFrtRoadLight
BA,h1534,0.6016883948095747,scr2002,avaStIn,bevFrtRoadLight
BA,h1535,0.5924055260109063,scr2002,avaStIn,bevFrtRoadLight
BA,h1536,0.5774847836798132,scr2002,avaStIn,bevFrtRoadLight
BA,h1537,0.5517773619954187,scr2002,avaStIn,bevFrtRoadLight
BA,h1538,0.5248358437172166,scr2002,avaStIn,bevFrtRoadLight
BA,h1539,0.5002557267591349,scr2002,avaStIn,bevFrtRoadLight
BA,h1540,0.4779833592811431,scr2002,avaStIn,bevFrtRoadLight
BA,h1541,0.45518876455881485,scr2002,avaStIn,bevFrtRoadLight
BA,h1542,0.43596244051473665,scr2002,avaStIn,bevFrtRoadLight
BA,h1543,0.4287672948543091,scr2002,avaStIn,bevFrtRoadLight
BA,h1544,0.4310449118345231,scr2002,avaStIn,bevFrtRoadLight
BA,h1545,0.43651906754470926,scr2002,avaStIn,bevFrtRoadLight
BA,h1546,0.42784196327677315,scr2002,avaStIn,bevFrtRoadLight
BA,h1547,0.40165285769436365,scr2002,avaStIn,bevFrtRoadLight
BA,h1548,0.3554492048303812,scr2002,avaStIn,bevFrtRoadLight
BA,h1549,0.30743387757687923,scr2002,avaStIn,bevFrtRoadLight
BA,h1550,0.278936309503648,scr2002,avaStIn,bevFrtRoadLight
BA,h1551,0.28525649117608465,scr2002,avaStIn,bevFrtRoadLight
BA,h1552,0.33100477113297455,scr2002,avaStIn,bevFrtRoadLight
BA,h1553,0.3951643597987161,scr2002,avaStIn,bevFrtRoadLight
BA,h1554,0.46644985491696445,scr2002,avaStIn,bevFrtRoadLight
BA,h1555,0.5302489042156142,scr2002,avaStIn,bevFrtRoadLight
BA,h1556,0.5770673902258092,scr2002,avaStIn,bevFrtRoadLight
BA,h1557,0.5986769755958498,scr2002,avaStIn,bevFrtRoadLight
BA,h1558,0.6016883948095747,scr2002,avaStIn,bevFrtRoadLight
BA,h1559,0.5924055260109063,scr2002,avaStIn,bevFrtRoadLight
BA,h1560,0.5774847836798132,scr2002,avaStIn,bevFrtRoadLight
BA,h1561,0.5517773619954187,scr2002,avaStIn,bevFrtRoadLight
BA,h1562,0.5248358437172166,scr2002,avaStIn,bevFrtRoadLight
BA,h1563,0.5002557267591349,scr2002,avaStIn,bevFrtRoadLight
BA,h1564,0.4779833592811431,scr2002,avaStIn,bevFrtRoadLight
BA,h1565,0.45518876455881485,scr2002,avaStIn,bevFrtRoadLight
BA,h1566,0.43596244051473665,scr2002,avaStIn,bevFrtRoadLight
BA,h1567,0.4287672948543091,scr2002,avaStIn,bevFrtRoadLight
BA,h1568,0.4310449118345231,scr2002,avaStIn,bevFrtRoadLight
BA,h1569,0.43651906754470926,scr2002,avaStIn,bevFrtRoadLight
BA,h1570,0.42784196327677315,scr2002,avaStIn,bevFrtRoadLight
BA,h1571,0.40165285769436365,scr2002,avaStIn,bevFrtRoadLight
BA,h1572,0.3554492048303812,scr2002,avaStIn,bevFrtRoadLight
BA,h1573,0.30743387757687923,scr2002,avaStIn,bevFrtRoadLight
BA,h1574,0.278936309503648,scr2002,avaStIn,bevFrtRoadLight
BA,h1575,0.28525649117608465,scr2002,avaStIn,bevFrtRoadLight
BA,h1576,0.33100477113297455,scr2002,avaStIn,bevFrtRoadLight
BA,h1577,0.3951643597987161,scr2002,avaStIn,bevFrtRoadLight
BA,h1578,0.46644985491696445,scr2002,avaStIn,bevFrtRoadLight
BA,h1579,0.5302489042156142,scr2002,avaStIn,bevFrtRoadLight
BA,h1580,0.5770673902258092,scr2002,avaStIn,bevFrtRoadLight
BA,h1581,0.5986769755958498,scr2002,avaStIn,bevFrtRoadLight
BA,h1582,0.6016883948095747,scr2002,avaStIn,bevFrtRoadLight
BA,h1583,0.5924055260109063,scr2002,avaStIn,bevFrtRoadLight
BA,h1584,0.5774847836798132,scr2002,avaStIn,bevFrtRoadLight
BA,h1585,0.5517773619954187,scr2002,avaStIn,bevFrtRoadLight
BA,h1586,0.5248358437172166,scr2002,avaStIn,bevFrtRoadLight
BA,h1587,0.5002557267591349,scr2002,avaStIn,bevFrtRoadLight
BA,h1588,0.4779833592811431,scr2002,avaStIn,bevFrtRoadLight
BA,h1589,0.45518876455881485,scr2002,avaStIn,bevFrtRoadLight
BA,h1590,0.43596244051473665,scr2002,avaStIn,bevFrtRoadLight
BA,h1591,0.4287672948543091,scr2002,avaStIn,bevFrtRoadLight
BA,h1592,0.4310449118345231,scr2002,avaStIn,bevFrtRoadLight
BA,h1593,0.43651906754470926,scr2002,avaStIn,bevFrtRoadLight
BA,h1594,0.42784196327677315,scr2002,avaStIn,bevFrtRoadLight
BA,h1595,0.40165285769436365,scr2002,avaStIn,bevFrtRoadLight
BA,h1596,0.3554492048303812,scr2002,avaStIn,bevFrtRoadLight
BA,h1597,0.30743387757687923,scr2002,avaStIn,bevFrtRoadLight
BA,h1598,0.278936309503648,scr2002,avaStIn,bevFrtRoadLight
BA,h1599,0.28525649117608465,scr2002,avaStIn,bevFrtRoadLight
BA,h1600,0.33100477113297455,scr2002,avaStIn,bevFrtRoadLight
BA,h1601,0.3951643597987161,scr2002,avaStIn,bevFrtRoadLight
BA,h1602,0.46644985491696445,scr2002,avaStIn,bevFrtRoadLight
BA,h1603,0.5302489042156142,scr2002,avaStIn,bevFrtRoadLight
BA,h1604,0.5770673902258092,scr2002,avaStIn,bevFrtRoadLight
BA,h1605,0.5986769755958498,scr2002,avaStIn,bevFrtRoadLight
BA,h1606,0.6016883948095747,scr2002,avaStIn,bevFrtRoadLight
BA,h1607,0.5924055260109063,scr2002,avaStIn,bevFrtRoadLight
BA,h1608,0.5774847836798132,scr2002,avaStIn,bevFrtRoadLight
BA,h1609,0.5399833096273894,scr2002,avaStIn,bevFrtRoadLight
BA,h1610,0.5020113380135911,scr2002,avaStIn,bevFrtRoadLight
BA,h1611,0.4635722307063156,scr2002,avaStIn,bevFrtRoadLight
BA,h1612,0.4380348659574729,scr2002,avaStIn,bevFrtRoadLight
BA,h1613,0.40762124803256283,scr2002,avaStIn,bevFrtRoadLight
BA,h1614,0.37888830724468336,scr2002,avaStIn,bevFrtRoadLight
BA,h1615,0.36958381422293585,scr2002,avaStIn,bevFrtRoadLight
BA,h1616,0.37840208488783933,scr2002,avaStIn,bevFrtRoadLight
BA,h1617,0.40312593459237533,scr2002,avaStIn,bevFrtRoadLight
BA,h1618,0.41362439373824145,scr2002,avaStIn,bevFrtRoadLight
BA,h1619,0.4028461315685412,scr2002,avaStIn,bevFrtRoadLight
BA,h1620,0.3603437041144123,scr2002,avaStIn,bevFrtRoadLight
BA,h1621,0.300735364069155,scr2002,avaStIn,bevFrtRoadLight
BA,h1622,0.24177370465061954,scr2002,avaStIn,bevFrtRoadLight
BA,h1623,0.21970614560615676,scr2002,avaStIn,bevFrtRoadLight
BA,h1624,0.25508395733229006,scr2002,avaStIn,bevFrtRoadLight
BA,h1625,0.34767139096765254,scr2002,avaStIn,bevFrtRoadLight
BA,h1626,0.45228041046836875,scr2002,avaStIn,bevFrtRoadLight
BA,h1627,0.5341134302691986,scr2002,avaStIn,bevFrtRoadLight
BA,h1628,0.5851656457268322,scr2002,avaStIn,bevFrtRoadLight
BA,h1629,0.6079565962864942,scr2002,avaStIn,bevFrtRoadLight
BA,h1630,0.6088378322847627,scr2002,avaStIn,bevFrtRoadLight
BA,h1631,0.5862547005889717,scr2002,avaStIn,bevFrtRoadLight
BA,h1632,0.5503272305028044,scr2002,avaStIn,bevFrtRoadLight
BA,h1633,0.5157882800473498,scr2002,avaStIn,bevFrtRoadLight
BA,h1634,0.4876212160339364,scr2002,avaStIn,bevFrtRoadLight
BA,h1635,0.4635722307063156,scr2002,avaStIn,bevFrtRoadLight
BA,h1636,0.4380348659574729,scr2002,avaStIn,bevFrtRoadLight
BA,h1637,0.40762124803256283,scr2002,avaStIn,bevFrtRoadLight
BA,h1638,0.37888830724468336,scr2002,avaStIn,bevFrtRoadLight
BA,h1639,0.36958381422293585,scr2002,avaStIn,bevFrtRoadLight
BA,h1640,0.37840208488783933,scr2002,avaStIn,bevFrtRoadLight
BA,h1641,0.40312593459237533,scr2002,avaStIn,bevFrtRoadLight
BA,h1642,0.41362439373824145,scr2002,avaStIn,bevFrtRoadLight
BA,h1643,0.4028461315685412,scr2002,avaStIn,bevFrtRoadLight
BA,h1644,0.3603437041144123,scr2002,avaStIn,bevFrtRoadLight
BA,h1645,0.300735364069155,scr2002,avaStIn,bevFrtRoadLight
BA,h1646,0.24177370465061954,scr2002,avaStIn,bevFrtRoadLight
BA,h1647,0.21970614560615676,scr2002,avaStIn,bevFrtRoadLight
BA,h1648,0.25508395733229006,scr2002,avaStIn,bevFrtRoadLight
BA,h1649,0.34767139096765254,scr2002,avaStIn,bevFrtRoadLight
BA,h1650,0.45228041046836875,scr2002,avaStIn,bevFrtRoadLight
BA,h1651,0.5341134302691986,scr2002,avaStIn,bevFrtRoadLight
BA,h1652,0.5851656457268322,scr2002,avaStIn,bevFrtRoadLight
BA,h1653,0.6079565962864942,scr2002,avaStIn,bevFrtRoadLight
BA,h1654,0.6088378322847627,scr2002,avaStIn,bevFrtRoadLight
BA,h1655,0.5862547005889717,scr2002,avaStIn,bevFrtRoadLight
BA,h1656,0.5503272305028044,scr2002,avaStIn,bevFrtRoadLight
BA,h1657,0.5277989482493217,scr2002,avaStIn,bevFrtRoadLight
BA,h1658,0.5107010378978177,scr2002,avaStIn,bevFrtRoadLight
BA,h1659,0.5002557267591349,scr2002,avaStIn,bevFrtRoadLight
BA,h1660,0.4779833592811431,scr2002,avaStIn,bevFrtRoadLight
BA,h1661,0.45518876455881485,scr2002,avaStIn,bevFrtRoadLight
BA,h1662,0.43596244051473665,scr2002,avaStIn,bevFrtRoadLight
BA,h1663,0.4287672948543091,scr2002,avaStIn,bevFrtRoadLight
BA,h1664,0.4310449118345231,scr2002,avaStIn,bevFrtRoadLight
BA,h1665,0.43651906754470926,scr2002,avaStIn,bevFrtRoadLight
BA,h1666,0.42784196327677315,scr2002,avaStIn,bevFrtRoadLight
BA,h1667,0.40165285769436365,scr2002,avaStIn,bevFrtRoadLight
BA,h1668,0.3554492048303812,scr2002,avaStIn,bevFrtRoadLight
BA,h1669,0.30743387757687923,scr2002,avaStIn,bevFrtRoadLight
BA,h1670,0.278936309503648,scr2002,avaStIn,bevFrtRoadLight
BA,h1671,0.28525649117608465,scr2002,avaStIn,bevFrtRoadLight
BA,h1672,0.33100477113297455,scr2002,avaStIn,bevFrtRoadLight
BA,h1673,0.3951643597987161,scr2002,avaStIn,bevFrtRoadLight
BA,h1674,0.46644985491696445,scr2002,avaStIn,bevFrtRoadLight
BA,h1675,0.5302489042156142,scr2002,avaStIn,bevFrtRoadLight
BA,h1676,0.5770673902258092,scr2002,avaStIn,bevFrtRoadLight
BA,h1677,0.5986769755958498,scr2002,avaStIn,bevFrtRoadLight
BA,h1678,0.6016883948095747,scr2002,avaStIn,bevFrtRoadLight
BA,h1679,0.5924055260109063,scr2002,avaStIn,bevFrtRoadLight
BA,h1680,0.5774847836798132,scr2002,avaStIn,bevFrtRoadLight
BA,h1681,0.5517773619954187,scr2002,avaStIn,bevFrtRoadLight
BA,h1682,0.5248358437172166,scr2002,avaStIn,bevFrtRoadLight
BA,h1683,0.5002557267591349,scr2002,avaStIn,bevFrtRoadLight
BA,h1684,0.4779833592811431,scr2002,avaStIn,bevFrtRoadLight
BA,h1685,0.45518876455881485,scr2002,avaStIn,bevFrtRoadLight
BA,h1686,0.43596244051473665,scr2002,avaStIn,bevFrtRoadLight
BA,h1687,0.4287672948543091,scr2002,avaStIn,bevFrtRoadLight
BA,h1688,0.4310449118345231,scr2002,avaStIn,bevFrtRoadLight
BA,h1689,0.43651906754470926,scr2002,avaStIn,bevFrtRoadLight
BA,h1690,0.42784196327677315,scr2002,avaStIn,bevFrtRoadLight
BA,h1691,0.40165285769436365,scr2002,avaStIn,bevFrtRoadLight
BA,h1692,0.3554492048303812,scr2002,avaStIn,bevFrtRoadLight
BA,h1693,0.30743387757687923,scr2002,avaStIn,bevFrtRoadLight
BA,h1694,0.278936309503648,scr2002,avaStIn,bevFrtRoadLight
BA,h1695,0.28525649117608465,scr2002,avaStIn,bevFrtRoadLight
BA,h1696,0.33100477113297455,scr2002,avaStIn,bevFrtRoadLight
BA,h1697,0.3951643597987161,scr2002,avaStIn,bevFrtRoadLight
BA,h1698,0.46644985491696445,scr2002,avaStIn,bevFrtRoadLight
BA,h1699,0.5302489042156142,scr2002,avaStIn,bevFrtRoadLight
BA,h1700,0.5770673902258092,scr2002,avaStIn,bevFrtRoadLight
BA,h1701,0.5986769755958498,scr2002,avaStIn,bevFrtRoadLight
BA,h1702,0.6016883948095747,scr2002,avaStIn,bevFrtRoadLight
BA,h1703,0.5924055260109063,scr2002,avaStIn,bevFrtRoadLight
BA,h1704,0.5774847836798132,scr2002,avaStIn,bevFrtRoadLight
BA,h1705,0.509038057831711,scr2002,avaStIn,bevFrtRoadLight
BA,h1706,0.45316073221470254,scr2002,avaStIn,bevFrtRoadLight
BA,h1707,0.4106293035759673,scr2002,avaStIn,bevFrtRoadLight
BA,h1708,0.4302562346105031,scr2002,avaStIn,bevFrtRoadLight
BA,h1709,0.4411964644145132,scr2002,avaStIn,bevFrtRoadLight
BA,h1710,0.45751109901302867,scr2002,avaStIn,bevFrtRoadLight
BA,h1711,0.48871757217710954,scr2002,avaStIn,bevFrtRoadLight
BA,h1712,0.5314509691002262,scr2002,avaStIn,bevFrtRoadLight
BA,h1713,0.5711878747561929,scr2002,avaStIn,bevFrtRoadLight
BA,h1714,0.5980939691710526,scr2002,avaStIn,bevFrtRoadLight
BA,h1715,0.608394034195855,scr2002,avaStIn,bevFrtRoadLight
BA,h1716,0.6010568773540479,scr2002,avaStIn,bevFrtRoadLight
BA,h1717,0.5764247164288175,scr2002,avaStIn,bevFrtRoadLight
BA,h1718,0.5401459054358786,scr2002,avaStIn,bevFrtRoadLight
BA,h1719,0.4982672792884357,scr2002,avaStIn,bevFrtRoadLight
BA,h1720,0.4574139907405833,scr2002,avaStIn,bevFrtRoadLight
BA,h1721,0.42470386872332366,scr2002,avaStIn,bevFrtRoadLight
BA,h1722,0.4070105681582177,scr2002,avaStIn,bevFrtRoadLight
BA,h1723,0.3993554704479094,scr2002,avaStIn,bevFrtRoadLight
BA,h1724,0.3942528360151184,scr2002,avaStIn,bevFrtRoadLight
BA,h1725,0.3809841238928826,scr2002,avaStIn,bevFrtRoadLight
BA,h1726,0.3497784944040866,scr2002,avaStIn,bevFrtRoadLight
BA,h1727,0.3123069662403203,scr2002,avaStIn,bevFrtRoadLight
BA,h1728,0.2821792829284123,scr2002,avaStIn,bevFrtRoadLight
BA,h1729,0.3106843918239848,scr2002,avaStIn,bevFrtRoadLight
BA,h1730,0.35866299968064763,scr2002,avaStIn,bevFrtRoadLight
BA,h1731,0.4106293035759673,scr2002,avaStIn,bevFrtRoadLight
BA,h1732,0.4302562346105031,scr2002,avaStIn,bevFrtRoadLight
BA,h1733,0.4411964644145132,scr2002,avaStIn,bevFrtRoadLight
BA,h1734,0.45751109901302867,scr2002,avaStIn,bevFrtRoadLight
BA,h1735,0.48871757217710954,scr2002,avaStIn,bevFrtRoadLight
BA,h1736,0.5314509691002262,scr2002,avaStIn,bevFrtRoadLight
BA,h1737,0.5711878747561929,scr2002,avaStIn,bevFrtRoadLight
BA,h1738,0.5980939691710526,scr2002,avaStIn,bevFrtRoadLight
BA,h1739,0.608394034195855,scr2002,avaStIn,bevFrtRoadLight
BA,h1740,0.6010568773540479,scr2002,avaStIn,bevFrtRoadLight
BA,h1741,0.5764247164288175,scr2002,avaStIn,bevFrtRoadLight
BA,h1742,0.5401459054358786,scr2002,avaStIn,bevFrtRoadLight
BA,h1743,0.4982672792884357,scr2002,avaStIn,bevFrtRoadLight
BA,h1744,0.4574139907405833,scr2002,avaStIn,bevFrtRoadLight
BA,h1745,0.42470386872332366,scr2002,avaStIn,bevFrtRoadLight
BA,h1746,0.4070105681582177,scr2002,avaStIn,bevFrtRoadLight
BA,h1747,0.3993554704479094,scr2002,avaStIn,bevFrtRoadLight
BA,h1748,0.3942528360151184,scr2002,avaStIn,bevFrtRoadLight
BA,h1749,0.3809841238928826,scr2002,avaStIn,bevFrtRoadLight
BA,h1750,0.3497784944040866,scr2002,avaStIn,bevFrtRoadLight
BA,h1751,0.3123069662403203,scr2002,avaStIn,bevFrtRoadLight
BA,h1752,0.2821792829284123,scr2002,avaStIn,bevFrtRoadLight
BA,h1753,0.3106843918239848,scr2002,avaStIn,bevFrtRoadLight
BA,h1754,0.35866299968064763,scr2002,avaStIn,bevFrtRoadLight
BA,h1755,0.4106293035759673,scr2002,avaStIn,bevFrtRoadLight
BA,h1756,0.4302562346105031,scr2002,avaStIn,bevFrtRoadLight
BA,h1757,0.4411964644145132,scr2002,avaStIn,bevFrtRoadLight
BA,h1758,0.45751109901302867,scr2002,avaStIn,bevFrtRoadLight
BA,h1759,0.48871757217710954,scr2002,avaStIn,bevFrtRoadLight
BA,h1760,0.5314509691002262,scr2002,avaStIn,bevFrtRoadLight
BA,h1761,0.5711878747561929,scr2002,avaStIn,bevFrtRoadLight
BA,h1762,0.5980939691710526,scr2002,avaStIn,bevFrtRoadLight
BA,h1763,0.608394034195855,scr2002,avaStIn,bevFrtRoadLight
BA,h1764,0.6010568773540479,scr2002,avaStIn,bevFrtRoadLight
BA,h1765,0.5764247164288175,scr2002,avaStIn,bevFrtRoadLight
BA,h1766,0.5401459054358786,scr2002,avaStIn,bevFrtRoadLight
BA,h1767,0.4982672792884357,scr2002,avaStIn,bevFrtRoadLight
BA,h1768,0.4574139907405833,scr2002,avaStIn,bevFrtRoadLight
BA,h1769,0.42470386872332366,scr2002,avaStIn,bevFrtRoadLight
BA,h1770,0.4070105681582177,scr2002,avaStIn,bevFrtRoadLight
BA,h1771,0.3993554704479094,scr2002,avaStIn,bevFrtRoadLight
BA,h1772,0.3942528360151184,scr2002,avaStIn,bevFrtRoadLight
BA,h1773,0.3809841238928826,scr2002,avaStIn,bevFrtRoadLight
BA,h1774,0.3497784944040866,scr2002,avaStIn,bevFrtRoadLight
BA,h1775,0.3123069662403203,scr2002,avaStIn,bevFrtRoadLight
BA,h1776,0.2821792829284123,scr2002,avaStIn,bevFrtRoadLight
BA,h1777,0.230095162221032,scr2002,avaStIn,bevFrtRoadLight
BA,h1778,0.2300917975935889,scr2002,avaStIn,bevFrtRoadLight
BA,h1779,0.27148343409663167,scr2002,avaStIn,bevFrtRoadLight
BA,h1780,0.3790725700696759,scr2002,avaStIn,bevFrtRoadLight
BA,h1781,0.4623404992613247,scr2002,avaStIn,bevFrtRoadLight
BA,h1782,0.5259162274800008,scr2002,avaStIn,bevFrtRoadLight
BA,h1783,0.5772992909654577,scr2002,avaStIn,bevFrtRoadLight
BA,h1784,0.6171735770568829,scr2002,avaStIn,bevFrtRoadLight
BA,h1785,0.6409152522621753,scr2002,avaStIn,bevFrtRoadLight
BA,h1786,0.6489166669999998,scr2002,avaStIn,bevFrtRoadLight
BA,h1787,0.6400350534574337,scr2002,avaStIn,bevFrtRoadLight
BA,h1788,0.61588415769173,scr2002,avaStIn,bevFrtRoadLight
BA,h1789,0.5753501172674538,scr2002,avaStIn,bevFrtRoadLight
BA,h1790,0.5273486726990765,scr2002,avaStIn,bevFrtRoadLight
BA,h1791,0.47682400205808595,scr2002,avaStIn,bevFrtRoadLight
BA,h1792,0.4288063768750643,scr2002,avaStIn,bevFrtRoadLight
BA,h1793,0.39374570481652504,scr2002,avaStIn,bevFrtRoadLight
BA,h1794,0.3749031506247579,scr2002,avaStIn,bevFrtRoadLight
BA,h1795,0.37209330121313167,scr2002,avaStIn,bevFrtRoadLight
BA,h1796,0.36873105182903665,scr2002,avaStIn,bevFrtRoadLight
BA,h1797,0.3543630997986469,scr2002,avaStIn,bevFrtRoadLight
BA,h1798,0.3154781828948128,scr2002,avaStIn,bevFrtRoadLight
BA,h1799,0.27112993299959987,scr2002,avaStIn,bevFrtRoadLight
BA,h1800,0.2381911639591776,scr2002,avaStIn,bevFrtRoadLight
BA,h1801,0.20075744833264675,scr2002,avaStIn,bevFrtRoadLight
BA,h1802,0.21575624655576675,scr2002,avaStIn,bevFrtRoadLight
BA,h1803,0.27148343409663167,scr2002,avaStIn,bevFrtRoadLight
BA,h1804,0.3790725700696759,scr2002,avaStIn,bevFrtRoadLight
BA,h1805,0.4623404992613247,scr2002,avaStIn,bevFrtRoadLight
BA,h1806,0.5259162274800008,scr2002,avaStIn,bevFrtRoadLight
BA,h1807,0.5772992909654577,scr2002,avaStIn,bevFrtRoadLight
BA,h1808,0.6171735770568829,scr2002,avaStIn,bevFrtRoadLight
BA,h1809,0.6409152522621753,scr2002,avaStIn,bevFrtRoadLight
BA,h1810,0.6489166669999998,scr2002,avaStIn,bevFrtRoadLight
BA,h1811,0.6400350534574337,scr2002,avaStIn,bevFrtRoadLight
BA,h1812,0.61588415769173,scr2002,avaStIn,bevFrtRoadLight
BA,h1813,0.5753501172674538,scr2002,avaStIn,bevFrtRoadLight
BA,h1814,0.5273486726990765,scr2002,avaStIn,bevFrtRoadLight
BA,h1815,0.47682400205808595,scr2002,avaStIn,bevFrtRoadLight
BA,h1816,0.4288063768750643,scr2002,avaStIn,bevFrtRoadLight
BA,h1817,0.39374570481652504,scr2002,avaStIn,bevFrtRoadLight
BA,h1818,0.3749031506247579,scr2002,avaStIn,bevFrtRoadLight
BA,h1819,0.37209330121313167,scr2002,avaStIn,bevFrtRoadLight
BA,h1820,0.36873105182903665,scr2002,avaStIn,bevFrtRoadLight
BA,h1821,0.3543630997986469,scr2002,avaStIn,bevFrtRoadLight
BA,h1822,0.3154781828948128,scr2002,avaStIn,bevFrtRoadLight
BA,h1823,0.27112993299959987,scr2002,avaStIn,bevFrtRoadLight
BA,h1824,0.2381911639591776,scr2002,avaStIn,bevFrtRoadLight
BA,h1825,0.28388199759953203,scr2002,avaStIn,bevFrtRoadLight
BA,h1826,0.34615260530650627,scr2002,avaStIn,bevFrtRoadLight
BA,h1827,0.4106293035759673,scr2002,avaStIn,bevFrtRoadLight
BA,h1828,0.4302562346105031,scr2002,avaStIn,bevFrtRoadLight
BA,h1829,0.4411964644145132,scr2002,avaStIn,bevFrtRoadLight
BA,h1830,0.45751109901302867,scr2002,avaStIn,bevFrtRoadLight
BA,h1831,0.48871757217710954,scr2002,avaStIn,bevFrtRoadLight
BA,h1832,0.5314509691002262,scr2002,avaStIn,bevFrtRoadLight
BA,h1833,0.5711878747561929,scr2002,avaStIn,bevFrtRoadLight
BA,h1834,0.5980939691710526,scr2002,avaStIn,bevFrtRoadLight
BA,h1835,0.608394034195855,scr2002,avaStIn,bevFrtRoadLight
BA,h1836,0.6010568773540479,scr2002,avaStIn,bevFrtRoadLight
BA,h1837,0.5764247164288175,scr2002,avaStIn,bevFrtRoadLight
BA,h1838,0.5401459054358786,scr2002,avaStIn,bevFrtRoadLight
BA,h1839,0.4982672792884357,scr2002,avaStIn,bevFrtRoadLight
BA,h1840,0.4574139907405833,scr2002,avaStIn,bevFrtRoadLight
BA,h1841,0.42470386872332366,scr2002,avaStIn,bevFrtRoadLight
BA,h1842,0.4070105681582177,scr2002,avaStIn,bevFrtRoadLight
BA,h1843,0.3993554704479094,scr2002,avaStIn,bevFrtRoadLight
BA,h1844,0.3942528360151184,scr2002,avaStIn,bevFrtRoadLight
BA,h1845,0.3809841238928826,scr2002,avaStIn,bevFrtRoadLight
BA,h1846,0.3497784944040866,scr2002,avaStIn,bevFrtRoadLight
BA,h1847,0.3123069662403203,scr2002,avaStIn,bevFrtRoadLight
BA,h1848,0.2821792829284123,scr2002,avaStIn,bevFrtRoadLight
BA,h1849,0.3106843918239848,scr2002,avaStIn,bevFrtRoadLight
BA,h1850,0.35866299968064763,scr2002,avaStIn,bevFrtRoadLight
BA,h1851,0.4106293035759673,scr2002,avaStIn,bevFrtRoadLight
BA,h1852,0.4302562346105031,scr2002,avaStIn,bevFrtRoadLight
BA,h1853,0.4411964644145132,scr2002,avaStIn,bevFrtRoadLight
BA,h1854,0.45751109901302867,scr2002,avaStIn,bevFrtRoadLight
BA,h1855,0.48871757217710954,scr2002,avaStIn,bevFrtRoadLight
BA,h1856,0.5314509691002262,scr2002,avaStIn,bevFrtRoadLight
BA,h1857,0.5711878747561929,scr2002,avaStIn,bevFrtRoadLight
BA,h1858,0.5980939691710526,scr2002,avaStIn,bevFrtRoadLight
BA,h1859,0.608394034195855,scr2002,avaStIn,bevFrtRoadLight
BA,h1860,0.6010568773540479,scr2002,avaStIn,bevFrtRoadLight
BA,h1861,0.5764247164288175,scr2002,avaStIn,bevFrtRoadLight
BA,h1862,0.5401459054358786,scr2002,avaStIn,bevFrtRoadLight
BA,h1863,0.4982672792884357,scr2002,avaStIn,bevFrtRoadLight
BA,h1864,0.4574139907405833,scr2002,avaStIn,bevFrtRoadLight
BA,h1865,0.42470386872332366,scr2002,avaStIn,bevFrtRoadLight
BA,h1866,0.4070105681582177,scr2002,avaStIn,bevFrtRoadLight
BA,h1867,0.3993554704479094,scr2002,avaStIn,bevFrtRoadLight
BA,h1868,0.3942528360151184,scr2002,avaStIn,bevFrtRoadLight
BA,h1869,0.3809841238928826,scr2002,avaStIn,bevFrtRoadLight
BA,h1870,0.3497784944040866,scr2002,avaStIn,bevFrtRoadLight
BA,h1871,0.3123069662403203,scr2002,avaStIn,bevFrtRoadLight
BA,h1872,0.2821792829284123,scr2002,avaStIn,bevFrtRoadLight
BA,h1873,0.3106843918239848,scr2002,avaStIn,bevFrtRoadLight
BA,h1874,0.35866299968064763,scr2002,avaStIn,bevFrtRoadLight
BA,h1875,0.4106293035759673,scr2002,avaStIn,bevFrtRoadLight
BA,h1876,0.4302562346105031,scr2002,avaStIn,bevFrtRoadLight
BA,h1877,0.4411964644145132,scr2002,avaStIn,bevFrtRoadLight
BA,h1878,0.45751109901302867,scr2002,avaStIn,bevFrtRoadLight
BA,h1879,0.48871757217710954,scr2002,avaStIn,bevFrtRoadLight
BA,h1880,0.5314509691002262,scr2002,avaStIn,bevFrtRoadLight
BA,h1881,0.5711878747561929,scr2002,avaStIn,bevFrtRoadLight
BA,h1882,0.5980939691710526,scr2002,avaStIn,bevFrtRoadLight
BA,h1883,0.608394034195855,scr2002,avaStIn,bevFrtRoadLight
BA,h1884,0.6010568773540479,scr2002,avaStIn,bevFrtRoadLight
BA,h1885,0.5764247164288175,scr2002,avaStIn,bevFrtRoadLight
BA,h1886,0.5401459054358786,scr2002,avaStIn,bevFrtRoadLight
BA,h1887,0.4982672792884357,scr2002,avaStIn,bevFrtRoadLight
BA,h1888,0.4574139907405833,scr2002,avaStIn,bevFrtRoadLight
BA,h1889,0.42470386872332366,scr2002,avaStIn,bevFrtRoadLight
BA,h1890,0.4070105681582177,scr2002,avaStIn,bevFrtRoadLight
BA,h1891,0.3993554704479094,scr2002,avaStIn,bevFrtRoadLight
BA,h1892,0.3942528360151184,scr2002,avaStIn,bevFrtRoadLight
BA,h1893,0.3809841238928826,scr2002,avaStIn,bevFrtRoadLight
BA,h1894,0.3497784944040866,scr2002,avaStIn,bevFrtRoadLight
BA,h1895,0.3123069662403203,scr2002,avaStIn,bevFrtRoadLight
BA,h1896,0.2821792829284123,scr2002,avaStIn,bevFrtRoadLight
BA,h1897,0.3106843918239848,scr2002,avaStIn,bevFrtRoadLight
BA,h1898,0.35866299968064763,scr2002,avaStIn,bevFrtRoadLight
BA,h1899,0.4106293035759673,scr2002,avaStIn,bevFrtRoadLight
BA,h1900,0.4302562346105031,scr2002,avaStIn,bevFrtRoadLight
BA,h1901,0.4411964644145132,scr2002,avaStIn,bevFrtRoadLight
BA,h1902,0.45751109901302867,scr2002,avaStIn,bevFrtRoadLight
BA,h1903,0.48871757217710954,scr2002,avaStIn,bevFrtRoadLight
BA,h1904,0.5314509691002262,scr2002,avaStIn,bevFrtRoadLight
BA,h1905,0.5711878747561929,scr2002,avaStIn,bevFrtRoadLight
BA,h1906,0.5980939691710526,scr2002,avaStIn,bevFrtRoadLight
BA,h1907,0.608394034195855,scr2002,avaStIn,bevFrtRoadLight
BA,h1908,0.6010568773540479,scr2002,avaStIn,bevFrtRoadLight
BA,h1909,0.5764247164288175,scr2002,avaStIn,bevFrtRoadLight
BA,h1910,0.5401459054358786,scr2002,avaStIn,bevFrtRoadLight
BA,h1911,0.4982672792884357,scr2002,avaStIn,bevFrtRoadLight
BA,h1912,0.4574139907405833,scr2002,avaStIn,bevFrtRoadLight
BA,h1913,0.42470386872332366,scr2002,avaStIn,bevFrtRoadLight
BA,h1914,0.4070105681582177,scr2002,avaStIn,bevFrtRoadLight
BA,h1915,0.3993554704479094,scr2002,avaStIn,bevFrtRoadLight
BA,h1916,0.3942528360151184,scr2002,avaStIn,bevFrtRoadLight
BA,h1917,0.3809841238928826,scr2002,avaStIn,bevFrtRoadLight
BA,h1918,0.3497784944040866,scr2002,avaStIn,bevFrtRoadLight
BA,h1919,0.3123069662403203,scr2002,avaStIn,bevFrtRoadLight
BA,h1920,0.2821792829284123,scr2002,avaStIn,bevFrtRoadLight
BA,h1921,0.3106843918239848,scr2002,avaStIn,bevFrtRoadLight
BA,h1922,0.35866299968064763,scr2002,avaStIn,bevFrtRoadLight
BA,h1923,0.4106293035759673,scr2002,avaStIn,bevFrtRoadLight
BA,h1924,0.4302562346105031,scr2002,avaStIn,bevFrtRoadLight
BA,h1925,0.4411964644145132,scr2002,avaStIn,bevFrtRoadLight
BA,h1926,0.45751109901302867,scr2002,avaStIn,bevFrtRoadLight
BA,h1927,0.48871757217710954,scr2002,avaStIn,bevFrtRoadLight
BA,h1928,0.5314509691002262,scr2002,avaStIn,bevFrtRoadLight
BA,h1929,0.5711878747561929,scr2002,avaStIn,bevFrtRoadLight
BA,h1930,0.5980939691710526,scr2002,avaStIn,bevFrtRoadLight
BA,h1931,0.608394034195855,scr2002,avaStIn,bevFrtRoadLight
BA,h1932,0.6010568773540479,scr2002,avaStIn,bevFrtRoadLight
BA,h1933,0.5764247164288175,scr2002,avaStIn,bevFrtRoadLight
BA,h1934,0.5401459054358786,scr2002,avaStIn,bevFrtRoadLight
BA,h1935,0.4982672792884357,scr2002,avaStIn,bevFrtRoadLight
BA,h1936,0.4574139907405833,scr2002,avaStIn,bevFrtRoadLight
BA,h1937,0.42470386872332366,scr2002,avaStIn,bevFrtRoadLight
BA,h1938,0.4070105681582177,scr2002,avaStIn,bevFrtRoadLight
BA,h1939,0.3993554704479094,scr2002,avaStIn,bevFrtRoadLight
BA,h1940,0.3942528360151184,scr2002,avaStIn,bevFrtRoadLight
BA,h1941,0.3809841238928826,scr2002,avaStIn,bevFrtRoadLight
BA,h1942,0.3497784944040866,scr2002,avaStIn,bevFrtRoadLight
BA,h1943,0.3123069662403203,scr2002,avaStIn,bevFrtRoadLight
BA,h1944,0.2821792829284123,scr2002,avaStIn,bevFrtRoadLight
BA,h1945,0.230095162221032,scr2002,avaStIn,bevFrtRoadLight
BA,h1946,0.2300917975935889,scr2002,avaStIn,bevFrtRoadLight
BA,h1947,0.27148343409663167,scr2002,avaStIn,bevFrtRoadLight
BA,h1948,0.3790725700696759,scr2002,avaStIn,bevFrtRoadLight
BA,h1949,0.4623404992613247,scr2002,avaStIn,bevFrtRoadLight
BA,h1950,0.5259162274800008,scr2002,avaStIn,bevFrtRoadLight
BA,h1951,0.5772992909654577,scr2002,avaStIn,bevFrtRoadLight
BA,h1952,0.6171735770568829,scr2002,avaStIn,bevFrtRoadLight
BA,h1953,0.6409152522621753,scr2002,avaStIn,bevFrtRoadLight
BA,h1954,0.6489166669999998,scr2002,avaStIn,bevFrtRoadLight
BA,h1955,0.6400350534574337,scr2002,avaStIn,bevFrtRoadLight
BA,h1956,0.61588415769173,scr2002,avaStIn,bevFrtRoadLight
BA,h1957,0.5753501172674538,scr2002,avaStIn,bevFrtRoadLight
BA,h1958,0.5273486726990765,scr2002,avaStIn,bevFrtRoadLight
BA,h1959,0.47682400205808595,scr2002,avaStIn,bevFrtRoadLight
BA,h1960,0.4288063768750643,scr2002,avaStIn,bevFrtRoadLight
BA,h1961,0.39374570481652504,scr2002,avaStIn,bevFrtRoadLight
BA,h1962,0.3749031506247579,scr2002,avaStIn,bevFrtRoadLight
BA,h1963,0.37209330121313167,scr2002,avaStIn,bevFrtRoadLight
BA,h1964,0.36873105182903665,scr2002,avaStIn,bevFrtRoadLight
BA,h1965,0.3543630997986469,scr2002,avaStIn,bevFrtRoadLight
BA,h1966,0.3154781828948128,scr2002,avaStIn,bevFrtRoadLight
BA,h1967,0.27112993299959987,scr2002,avaStIn,bevFrtRoadLight
BA,h1968,0.2381911639591776,scr2002,avaStIn,bevFrtRoadLight
BA,h1969,0.20075744833264675,scr2002,avaStIn,bevFrtRoadLight
BA,h1970,0.21575624655576675,scr2002,avaStIn,bevFrtRoadLight
BA,h1971,0.27148343409663167,scr2002,avaStIn,bevFrtRoadLight
BA,h1972,0.3790725700696759,scr2002,avaStIn,bevFrtRoadLight
BA,h1973,0.4623404992613247,scr2002,avaStIn,bevFrtRoadLight
BA,h1974,0.5259162274800008,scr2002,avaStIn,bevFrtRoadLight
BA,h1975,0.5772992909654577,scr2002,avaStIn,bevFrtRoadLight
BA,h1976,0.6171735770568829,scr2002,avaStIn,bevFrtRoadLight
BA,h1977,0.6409152522621753,scr2002,avaStIn,bevFrtRoadLight
BA,h1978,0.6489166669999998,scr2002,avaStIn,bevFrtRoadLight
BA,h1979,0.6400350534574337,scr2002,avaStIn,bevFrtRoadLight
BA,h1980,0.61588415769173,scr2002,avaStIn,bevFrtRoadLight
BA,h1981,0.5753501172674538,scr2002,avaStIn,bevFrtRoadLight
BA,h1982,0.5273486726990765,scr2002,avaStIn,bevFrtRoadLight
BA,h1983,0.47682400205808595,scr2002,avaStIn,bevFrtRoadLight
BA,h1984,0.4288063768750643,scr2002,avaStIn,bevFrtRoadLight
BA,h1985,0.39374570481652504,scr2002,avaStIn,bevFrtRoadLight
BA,h1986,0.3749031506247579,scr2002,avaStIn,bevFrtRoadLight
BA,h1987,0.37209330121313167,scr2002,avaStIn,bevFrtRoadLight
BA,h1988,0.36873105182903665,scr2002,avaStIn,bevFrtRoadLight
BA,h1989,0.3543630997986469,scr2002,avaStIn,bevFrtRoadLight
BA,h1990,0.3154781828948128,scr2002,avaStIn,bevFrtRoadLight
BA,h1991,0.27112993299959987,scr2002,avaStIn,bevFrtRoadLight
BA,h1992,0.2381911639591776,scr2002,avaStIn,bevFrtRoadLight
BA,h1993,0.28388199759953203,scr2002,avaStIn,bevFrtRoadLight
BA,h1994,0.34615260530650627,scr2002,avaStIn,bevFrtRoadLight
BA,h1995,0.4106293035759673,scr2002,avaStIn,bevFrtRoadLight
BA,h1996,0.4302562346105031,scr2002,avaStIn,bevFrtRoadLight
BA,h1997,0.4411964644145132,scr2002,avaStIn,bevFrtRoadLight
BA,h1998,0.45751109901302867,scr2002,avaStIn,bevFrtRoadLight
BA,h1999,0.48871757217710954,scr2002,avaStIn,bevFrtRoadLight
BA,h2000,0.5314509691002262,scr2002,avaStIn,bevFrtRoadLight
BA,h2001,0.5711878747561929,scr2002,avaStIn,bevFrtRoadLight
BA,h2002,0.5980939691710526,scr2002,avaStIn,bevFrtRoadLight
BA,h2003,0.608394034195855,scr2002,avaStIn,bevFrtRoadLight
BA,h2004,0.6010568773540479,scr2002,avaStIn,bevFrtRoadLight
BA,h2005,0.5764247164288175,scr2002,avaStIn,bevFrtRoadLight
BA,h2006,0.5401459054358786,scr2002,avaStIn,bevFrtRoadLight
BA,h2007,0.4982672792884357,scr2002,avaStIn,bevFrtRoadLight
BA,h2008,0.4574139907405833,scr2002,avaStIn,bevFrtRoadLight
BA,h2009,0.42470386872332366,scr2002,avaStIn,bevFrtRoadLight
BA,h2010,0.4070105681582177,scr2002,avaStIn,bevFrtRoadLight
BA,h2011,0.3993554704479094,scr2002,avaStIn,bevFrtRoadLight
BA,h2012,0.3942528360151184,scr2002,avaStIn,bevFrtRoadLight
BA,h2013,0.3809841238928826,scr2002,avaStIn,bevFrtRoadLight
BA,h2014,0.3497784944040866,scr2002,avaStIn,bevFrtRoadLight
BA,h2015,0.3123069662403203,scr2002,avaStIn,bevFrtRoadLight
BA,h2016,0.2821792829284123,scr2002,avaStIn,bevFrtRoadLight
BA,h2017,0.3072840894621327,scr2002,avaStIn,bevFrtRoadLight
BA,h2018,0.33666905394072466,scr2002,avaStIn,bevFrtRoadLight
BA,h2019,0.36655496485550265,scr2002,avaStIn,bevFrtRoadLight
BA,h2020,0.3745731212047183,scr2002,avaStIn,bevFrtRoadLight
BA,h2021,0.4026088526762964,scr2002,avaStIn,bevFrtRoadLight
BA,h2022,0.44640061438376677,scr2002,avaStIn,bevFrtRoadLight
BA,h2023,0.4973037920546317,scr2002,avaStIn,bevFrtRoadLight
BA,h2024,0.5420216950586382,scr2002,avaStIn,bevFrtRoadLight
BA,h2025,0.5736954068525849,scr2002,avaStIn,bevFrtRoadLight
BA,h2026,0.5880342997851788,scr2002,avaStIn,bevFrtRoadLight
BA,h2027,0.5918947845476326,scr2002,avaStIn,bevFrtRoadLight
BA,h2028,0.5837522950091351,scr2002,avaStIn,bevFrtRoadLight
BA,h2029,0.566630011228302,scr2002,avaStIn,bevFrtRoadLight
BA,h2030,0.5326460205473856,scr2002,avaStIn,bevFrtRoadLight
BA,h2031,0.48334141219508586,scr2002,avaStIn,bevFrtRoadLight
BA,h2032,0.4237800531764452,scr2002,avaStIn,bevFrtRoadLight
BA,h2033,0.3668064382544399,scr2002,avaStIn,bevFrtRoadLight
BA,h2034,0.33858624085132816,scr2002,avaStIn,bevFrtRoadLight
BA,h2035,0.33981235579051505,scr2002,avaStIn,bevFrtRoadLight
BA,h2036,0.3644150552627201,scr2002,avaStIn,bevFrtRoadLight
BA,h2037,0.39407002810213865,scr2002,avaStIn,bevFrtRoadLight
BA,h2038,0.4100441996396512,scr2002,avaStIn,bevFrtRoadLight
BA,h2039,0.41244752514225314,scr2002,avaStIn,bevFrtRoadLight
BA,h2040,0.3977671810575979,scr2002,avaStIn,bevFrtRoadLight
BA,h2041,0.3840802424090224,scr2002,avaStIn,bevFrtRoadLight
BA,h2042,0.37136048642151265,scr2002,avaStIn,bevFrtRoadLight
BA,h2043,0.36655496485550265,scr2002,avaStIn,bevFrtRoadLight
BA,h2044,0.3745731212047183,scr2002,avaStIn,bevFrtRoadLight
BA,h2045,0.4026088526762964,scr2002,avaStIn,bevFrtRoadLight
BA,h2046,0.44640061438376677,scr2002,avaStIn,bevFrtRoadLight
BA,h2047,0.4973037920546317,scr2002,avaStIn,bevFrtRoadLight
BA,h2048,0.5420216950586382,scr2002,avaStIn,bevFrtRoadLight
BA,h2049,0.5736954068525849,scr2002,avaStIn,bevFrtRoadLight
BA,h2050,0.5880342997851788,scr2002,avaStIn,bevFrtRoadLight
BA,h2051,0.5918947845476326,scr2002,avaStIn,bevFrtRoadLight
BA,h2052,0.5837522950091351,scr2002,avaStIn,bevFrtRoadLight
BA,h2053,0.566630011228302,scr2002,avaStIn,bevFrtRoadLight
BA,h2054,0.5326460205473856,scr2002,avaStIn,bevFrtRoadLight
BA,h2055,0.48334141219508586,scr2002,avaStIn,bevFrtRoadLight
BA,h2056,0.4237800531764452,scr2002,avaStIn,bevFrtRoadLight
BA,h2057,0.3668064382544399,scr2002,avaStIn,bevFrtRoadLight
BA,h2058,0.33858624085132816,scr2002,avaStIn,bevFrtRoadLight
BA,h2059,0.33981235579051505,scr2002,avaStIn,bevFrtRoadLight
BA,h2060,0.3644150552627201,scr2002,avaStIn,bevFrtRoadLight
BA,h2061,0.39407002810213865,scr2002,avaStIn,bevFrtRoadLight
BA,h2062,0.4100441996396512,scr2002,avaStIn,bevFrtRoadLight
BA,h2063,0.41244752514225314,scr2002,avaStIn,bevFrtRoadLight
BA,h2064,0.3977671810575979,scr2002,avaStIn,bevFrtRoadLight
BA,h2065,0.3840802424090224,scr2002,avaStIn,bevFrtRoadLight
BA,h2066,0.37136048642151265,scr2002,avaStIn,bevFrtRoadLight
BA,h2067,0.36655496485550265,scr2002,avaStIn,bevFrtRoadLight
BA,h2068,0.3745731212047183,scr2002,avaStIn,bevFrtRoadLight
BA,h2069,0.4026088526762964,scr2002,avaStIn,bevFrtRoadLight
BA,h2070,0.44640061438376677,scr2002,avaStIn,bevFrtRoadLight
BA,h2071,0.4973037920546317,scr2002,avaStIn,bevFrtRoadLight
BA,h2072,0.5420216950586382,scr2002,avaStIn,bevFrtRoadLight
BA,h2073,0.5736954068525849,scr2002,avaStIn,bevFrtRoadLight
BA,h2074,0.5880342997851788,scr2002,avaStIn,bevFrtRoadLight
BA,h2075,0.5918947845476326,scr2002,avaStIn,bevFrtRoadLight
BA,h2076,0.5837522950091351,scr2002,avaStIn,bevFrtRoadLight
BA,h2077,0.566630011228302,scr2002,avaStIn,bevFrtRoadLight
BA,h2078,0.5326460205473856,scr2002,avaStIn,bevFrtRoadLight
BA,h2079,0.48334141219508586,scr2002,avaStIn,bevFrtRoadLight
BA,h2080,0.4237800531764452,scr2002,avaStIn,bevFrtRoadLight
BA,h2081,0.3668064382544399,scr2002,avaStIn,bevFrtRoadLight
BA,h2082,0.33858624085132816,scr2002,avaStIn,bevFrtRoadLight
BA,h2083,0.33981235579051505,scr2002,avaStIn,bevFrtRoadLight
BA,h2084,0.3644150552627201,scr2002,avaStIn,bevFrtRoadLight
BA,h2085,0.39407002810213865,scr2002,avaStIn,bevFrtRoadLight
BA,h2086,0.4100441996396512,scr2002,avaStIn,bevFrtRoadLight
BA,h2087,0.41244752514225314,scr2002,avaStIn,bevFrtRoadLight
BA,h2088,0.3977671810575979,scr2002,avaStIn,bevFrtRoadLight
BA,h2089,0.3840802424090224,scr2002,avaStIn,bevFrtRoadLight
BA,h2090,0.37136048642151265,scr2002,avaStIn,bevFrtRoadLight
BA,h2091,0.36655496485550265,scr2002,avaStIn,bevFrtRoadLight
BA,h2092,0.3745731212047183,scr2002,avaStIn,bevFrtRoadLight
BA,h2093,0.4026088526762964,scr2002,avaStIn,bevFrtRoadLight
BA,h2094,0.44640061438376677,scr2002,avaStIn,bevFrtRoadLight
BA,h2095,0.4973037920546317,scr2002,avaStIn,bevFrtRoadLight
BA,h2096,0.5420216950586382,scr2002,avaStIn,bevFrtRoadLight
BA,h2097,0.5736954068525849,scr2002,avaStIn,bevFrtRoadLight
BA,h2098,0.5880342997851788,scr2002,avaStIn,bevFrtRoadLight
BA,h2099,0.5918947845476326,scr2002,avaStIn,bevFrtRoadLight
BA,h2100,0.5837522950091351,scr2002,avaStIn,bevFrtRoadLight
BA,h2101,0.566630011228302,scr2002,avaStIn,bevFrtRoadLight
BA,h2102,0.5326460205473856,scr2002,avaStIn,bevFrtRoadLight
BA,h2103,0.48334141219508586,scr2002,avaStIn,bevFrtRoadLight
BA,h2104,0.4237800531764452,scr2002,avaStIn,bevFrtRoadLight
BA,h2105,0.3668064382544399,scr2002,avaStIn,bevFrtRoadLight
BA,h2106,0.33858624085132816,scr2002,avaStIn,bevFrtRoadLight
BA,h2107,0.33981235579051505,scr2002,avaStIn,bevFrtRoadLight
BA,h2108,0.3644150552627201,scr2002,avaStIn,bevFrtRoadLight
BA,h2109,0.39407002810213865,scr2002,avaStIn,bevFrtRoadLight
BA,h2110,0.4100441996396512,scr2002,avaStIn,bevFrtRoadLight
BA,h2111,0.41244752514225314,scr2002,avaStIn,bevFrtRoadLight
BA,h2112,0.3977671810575979,scr2002,avaStIn,bevFrtRoadLight
BA,h2113,0.4215422859318668,scr2002,avaStIn,bevFrtRoadLight
BA,h2114,0.44561523253946533,scr2002,avaStIn,bevFrtRoadLight
BA,h2115,0.46890884939949806,scr2002,avaStIn,bevFrtRoadLight
BA,h2116,0.4606801828577375,scr2002,avaStIn,bevFrtRoadLight
BA,h2117,0.4598809008191356,scr2002,avaStIn,bevFrtRoadLight
BA,h2118,0.47373682010553864,scr2002,avaStIn,bevFrtRoadLight
BA,h2119,0.49837466067849223,scr2002,avaStIn,bevFrtRoadLight
BA,h2120,0.5249322712656334,scr2002,avaStIn,bevFrtRoadLight
BA,h2121,0.5295524702973696,scr2002,avaStIn,bevFrtRoadLight
BA,h2122,0.5237384833973733,scr2002,avaStIn,bevFrtRoadLight
BA,h2123,0.517462220076728,scr2002,avaStIn,bevFrtRoadLight
BA,h2124,0.5202231448594441,scr2002,avaStIn,bevFrtRoadLight
BA,h2125,0.5168074572603817,scr2002,avaStIn,bevFrtRoadLight
BA,h2126,0.4881087918461403,scr2002,avaStIn,bevFrtRoadLight
BA,h2127,0.4401501060096197,scr2002,avaStIn,bevFrtRoadLight
BA,h2128,0.3751810028677981,scr2002,avaStIn,bevFrtRoadLight
BA,h2129,0.3184738733356699,scr2002,avaStIn,bevFrtRoadLight
BA,h2130,0.2885496316681868,scr2002,avaStIn,bevFrtRoadLight
BA,h2131,0.2950430145218158,scr2002,avaStIn,bevFrtRoadLight
BA,h2132,0.3362350273761402,scr2002,avaStIn,bevFrtRoadLight
BA,h2133,0.3905257678468871,scr2002,avaStIn,bevFrtRoadLight
BA,h2134,0.4405757953478313,scr2002,avaStIn,bevFrtRoadLight
BA,h2135,0.4738121072088959,scr2002,avaStIn,bevFrtRoadLight
BA,h2136,0.4995552626921461,scr2002,avaStIn,bevFrtRoadLight
BA,h2137,0.5006979269249346,scr2002,avaStIn,bevFrtRoadLight
BA,h2138,0.49234384959123256,scr2002,avaStIn,bevFrtRoadLight
BA,h2139,0.46890884939949806,scr2002,avaStIn,bevFrtRoadLight
BA,h2140,0.4606801828577375,scr2002,avaStIn,bevFrtRoadLight
BA,h2141,0.4598809008191356,scr2002,avaStIn,bevFrtRoadLight
BA,h2142,0.47373682010553864,scr2002,avaStIn,bevFrtRoadLight
BA,h2143,0.49837466067849223,scr2002,avaStIn,bevFrtRoadLight
BA,h2144,0.5249322712656334,scr2002,avaStIn,bevFrtRoadLight
BA,h2145,0.5295524702973696,scr2002,avaStIn,bevFrtRoadLight
BA,h2146,0.5237384833973733,scr2002,avaStIn,bevFrtRoadLight
BA,h2147,0.517462220076728,scr2002,avaStIn,bevFrtRoadLight
BA,h2148,0.5202231448594441,scr2002,avaStIn,bevFrtRoadLight
BA,h2149,0.5168074572603817,scr2002,avaStIn,bevFrtRoadLight
BA,h2150,0.4881087918461403,scr2002,avaStIn,bevFrtRoadLight
BA,h2151,0.4401501060096197,scr2002,avaStIn,bevFrtRoadLight
BA,h2152,0.3751810028677981,scr2002,avaStIn,bevFrtRoadLight
BA,h2153,0.3184738733356699,scr2002,avaStIn,bevFrtRoadLight
BA,h2154,0.2885496316681868,scr2002,avaStIn,bevFrtRoadLight
BA,h2155,0.2950430145218158,scr2002,avaStIn,bevFrtRoadLight
BA,h2156,0.3362350273761402,scr2002,avaStIn,bevFrtRoadLight
BA,h2157,0.3905257678468871,scr2002,avaStIn,bevFrtRoadLight
BA,h2158,0.4405757953478313,scr2002,avaStIn,bevFrtRoadLight
BA,h2159,0.4738121072088959,scr2002,avaStIn,bevFrtRoadLight
BA,h2160,0.4995552626921461,scr2002,avaStIn,bevFrtRoadLight
AL,h1441,0.3714353995574986,scr2002,avaStIn,bevFrtRoadLight
AL,h1442,0.3846086524108919,scr2002,avaStIn,bevFrtRoadLight
AL,h1443,0.42374952391826404,scr2002,avaStIn,bevFrtRoadLight
AL,h1444,0.4709102315761218,scr2002,avaStIn,bevFrtRoadLight
AL,h1445,0.5000591446961408,scr2002,avaStIn,bevFrtRoadLight
AL,h1446,0.495233345157142,scr2002,avaStIn,bevFrtRoadLight
AL,h1447,0.5008043596015219,scr2002,avaStIn,bevFrtRoadLight
AL,h1448,0.5021789974738545,scr2002,avaStIn,bevFrtRoadLight
AL,h1449,0.5231874460949842,scr2002,avaStIn,bevFrtRoadLight
AL,h1450,0.5308529822226913,scr2002,avaStIn,bevFrtRoadLight
AL,h1451,0.536356959269228,scr2002,avaStIn,bevFrtRoadLight
AL,h1452,0.5373881561276749,scr2002,avaStIn,bevFrtRoadLight
AL,h1453,0.5288075990651915,scr2002,avaStIn,bevFrtRoadLight
AL,h1454,0.5095709286669997,scr2002,avaStIn,bevFrtRoadLight
AL,h1455,0.473753550931062,scr2002,avaStIn,bevFrtRoadLight
AL,h1456,0.4304466538396563,scr2002,avaStIn,bevFrtRoadLight
AL,h1457,0.3826879992214788,scr2002,avaStIn,bevFrtRoadLight
AL,h1458,0.35009603390058996,scr2002,avaStIn,bevFrtRoadLight
AL,h1459,0.3349394292024723,scr2002,avaStIn,bevFrtRoadLight
AL,h1460,0.34869160218954365,scr2002,avaStIn,bevFrtRoadLight
AL,h1461,0.36780057797615695,scr2002,avaStIn,bevFrtRoadLight
AL,h1462,0.38682791024436847,scr2002,avaStIn,bevFrtRoadLight
AL,h1463,0.3912979680884232,scr2002,avaStIn,bevFrtRoadLight
AL,h1464,0.3985938980480803,scr2002,avaStIn,bevFrtRoadLight
AL,h1465,0.38540755881640665,scr2002,avaStIn,bevFrtRoadLight
AL,h1466,0.39834418280524153,scr2002,avaStIn,bevFrtRoadLight
AL,h1467,0.42374952391826404,scr2002,avaStIn,bevFrtRoadLight
AL,h1468,0.4709102315761218,scr2002,avaStIn,bevFrtRoadLight
AL,h1469,0.5000591446961408,scr2002,avaStIn,bevFrtRoadLight
AL,h1470,0.495233345157142,scr2002,avaStIn,bevFrtRoadLight
AL,h1471,0.5008043596015219,scr2002,avaStIn,bevFrtRoadLight
AL,h1472,0.5021789974738545,scr2002,avaStIn,bevFrtRoadLight
AL,h1473,0.5231874460949842,scr2002,avaStIn,bevFrtRoadLight
AL,h1474,0.5308529822226913,scr2002,avaStIn,bevFrtRoadLight
AL,h1475,0.536356959269228,scr2002,avaStIn,bevFrtRoadLight
AL,h1476,0.5373881561276749,scr2002,avaStIn,bevFrtRoadLight
AL,h1477,0.5288075990651915,scr2002,avaStIn,bevFrtRoadLight
AL,h1478,0.5095709286669997,scr2002,avaStIn,bevFrtRoadLight
AL,h1479,0.473753550931062,scr2002,avaStIn,bevFrtRoadLight
AL,h1480,0.4304466538396563,scr2002,avaStIn,bevFrtRoadLight
AL,h1481,0.3826879992214788,scr2002,avaStIn,bevFrtRoadLight
AL,h1482,0.35009603390058996,scr2002,avaStIn,bevFrtRoadLight
AL,h1483,0.3349394292024723,scr2002,avaStIn,bevFrtRoadLight
AL,h1484,0.34869160218954365,scr2002,avaStIn,bevFrtRoadLight
AL,h1485,0.36780057797615695,scr2002,avaStIn,bevFrtRoadLight
AL,h1486,0.38682791024436847,scr2002,avaStIn,bevFrtRoadLight
AL,h1487,0.3912979680884232,scr2002,avaStIn,bevFrtRoadLight
AL,h1488,0.3985938980480803,scr2002,avaStIn,bevFrtRoadLight
AL,h1489,0.4174388969205469,scr2002,avaStIn,bevFrtRoadLight
AL,h1490,0.4439543832070485,scr2002,avaStIn,bevFrtRoadLight
AL,h1491,0.464238846132911,scr2002,avaStIn,bevFrtRoadLight
AL,h1492,0.4692993118565085,scr2002,avaStIn,bevFrtRoadLight
AL,h1493,0.4647572130501477,scr2002,avaStIn,bevFrtRoadLight
AL,h1494,0.4606421333392813,scr2002,avaStIn,bevFrtRoadLight
AL,h1495,0.4606294501381404,scr2002,avaStIn,bevFrtRoadLight
AL,h1496,0.4771202000278558,scr2002,avaStIn,bevFrtRoadLight
AL,h1497,0.4942956004519071,scr2002,avaStIn,bevFrtRoadLight
AL,h1498,0.5099123823053463,scr2002,avaStIn,bevFrtRoadLight
AL,h1499,0.5161038254350148,scr2002,avaStIn,bevFrtRoadLight
AL,h1500,0.5219276355822776,scr2002,avaStIn,bevFrtRoadLight
AL,h1501,0.5234247828552905,scr2002,avaStIn,bevFrtRoadLight
AL,h1502,0.515666896351518,scr2002,avaStIn,bevFrtRoadLight
AL,h1503,0.4904757420921084,scr2002,avaStIn,bevFrtRoadLight
AL,h1504,0.4511048686615209,scr2002,avaStIn,bevFrtRoadLight
AL,h1505,0.401719554609377,scr2002,avaStIn,bevFrtRoadLight
AL,h1506,0.362910361244157,scr2002,avaStIn,bevFrtRoadLight
AL,h1507,0.3472619056461236,scr2002,avaStIn,bevFrtRoadLight
AL,h1508,0.35727079588328314,scr2002,avaStIn,bevFrtRoadLight
AL,h1509,0.378468834507535,scr2002,avaStIn,bevFrtRoadLight
AL,h1510,0.39319028121074384,scr2002,avaStIn,bevFrtRoadLight
AL,h1511,0.3959422870730802,scr2002,avaStIn,bevFrtRoadLight
AL,h1512,0.3854887711962275,scr2002,avaStIn,bevFrtRoadLight
AL,h1513,0.42769853598926943,scr2002,avaStIn,bevFrtRoadLight
AL,h1514,0.46444116177482064,scr2002,avaStIn,bevFrtRoadLight
AL,h1515,0.5002557267591349,scr2002,avaStIn,bevFrtRoadLight
AL,h1516,0.4779833592811431,scr2002,avaStIn,bevFrtRoadLight
AL,h1517,0.45518876455881485,scr2002,avaStIn,bevFrtRoadLight
AL,h1518,0.43596244051473665,scr2002,avaStIn,bevFrtRoadLight
AL,h1519,0.4287672948543091,scr2002,avaStIn,bevFrtRoadLight
AL,h1520,0.4310449118345231,scr2002,avaStIn,bevFrtRoadLight
AL,h1521,0.43651906754470926,scr2002,avaStIn,bevFrtRoadLight
AL,h1522,0.42784196327677315,scr2002,avaStIn,bevFrtRoadLight
AL,h1523,0.40165285769436365,scr2002,avaStIn,bevFrtRoadLight
AL,h1524,0.3554492048303812,scr2002,avaStIn,bevFrtRoadLight
AL,h1525,0.30743387757687923,scr2002,avaStIn,bevFrtRoadLight
AL,h1526,0.278936309503648,scr2002,avaStIn,bevFrtRoadLight
AL,h1527,0.28525649117608465,scr2002,avaStIn,bevFrtRoadLight
AL,h1528,0.33100477113297455,scr2002,avaStIn,bevFrtRoadLight
AL,h1529,0.3951643597987161,scr2002,avaStIn,bevFrtRoadLight
AL,h1530,0.46644985491696445,scr2002,avaStIn,bevFrtRoadLight
AL,h1531,0.5302489042156142,scr2002,avaStIn,bevFrtRoadLight
AL,h1532,0.5770673902258092,scr2002,avaStIn,bevFrtRoadLight
AL,h1533,0.5986769755958498,scr2002,avaStIn,bevFrtRoadLight
AL,h1534,0.6016883948095747,scr2002,avaStIn,bevFrtRoadLight
AL,h1535,0.5924055260109063,scr2002,avaStIn,bevFrtRoadLight
AL,h1536,0.5774847836798132,scr2002,avaStIn,bevFrtRoadLight
AL,h1537,0.5517773619954187,scr2002,avaStIn,bevFrtRoadLight
AL,h1538,0.5248358437172166,scr2002,avaStIn,bevFrtRoadLight
AL,h1539,0.5002557267591349,scr2002,avaStIn,bevFrtRoadLight
AL,h1540,0.4779833592811431,scr2002,avaStIn,bevFrtRoadLight
AL,h1541,0.45518876455881485,scr2002,avaStIn,bevFrtRoadLight
AL,h1542,0.43596244051473665,scr2002,avaStIn,bevFrtRoadLight
AL,h1543,0.4287672948543091,scr2002,avaStIn,bevFrtRoadLight
AL,h1544,0.4310449118345231,scr2002,avaStIn,bevFrtRoadLight
AL,h1545,0.43651906754470926,scr2002,avaStIn,bevFrtRoadLight
AL,h1546,0.42784196327677315,scr2002,avaStIn,bevFrtRoadLight
AL,h1547,0.40165285769436365,scr2002,avaStIn,bevFrtRoadLight
AL,h1548,0.3554492048303812,scr2002,avaStIn,bevFrtRoadLight
AL,h1549,0.30743387757687923,scr2002,avaStIn,bevFrtRoadLight
AL,h1550,0.278936309503648,scr2002,avaStIn,bevFrtRoadLight
AL,h1551,0.28525649117608465,scr2002,avaStIn,bevFrtRoadLight
AL,h1552,0.33100477113297455,scr2002,avaStIn,bevFrtRoadLight
AL,h1553,0.3951643597987161,scr2002,avaStIn,bevFrtRoadLight
AL,h1554,0.46644985491696445,scr2002,avaStIn,bevFrtRoadLight
AL,h1555,0.5302489042156142,scr2002,avaStIn,bevFrtRoadLight
AL,h1556,0.5770673902258092,scr2002,avaStIn,bevFrtRoadLight
AL,h1557,0.5986769755958498,scr2002,avaStIn,bevFrtRoadLight
AL,h1558,0.6016883948095747,scr2002,avaStIn,bevFrtRoadLight
AL,h1559,0.5924055260109063,scr2002,avaStIn,bevFrtRoadLight
AL,h1560,0.5774847836798132,scr2002,avaStIn,bevFrtRoadLight
AL,h1561,0.5517773619954187,scr2002,avaStIn,bevFrtRoadLight
AL,h1562,0.5248358437172166,scr2002,avaStIn,bevFrtRoadLight
AL,h1563,0.5002557267591349,scr2002,avaStIn,bevFrtRoadLight
AL,h1564,0.4779833592811431,scr2002,avaStIn,bevFrtRoadLight
AL,h1565,0.45518876455881485,scr2002,avaStIn,bevFrtRoadLight
AL,h1566,0.43596244051473665,scr2002,avaStIn,bevFrtRoadLight
AL,h1567,0.4287672948543091,scr2002,avaStIn,bevFrtRoadLight
AL,h1568,0.4310449118345231,scr2002,avaStIn,bevFrtRoadLight
AL,h1569,0.43651906754470926,scr2002,avaStIn,bevFrtRoadLight
AL,h1570,0.42784196327677315,scr2002,avaStIn,bevFrtRoadLight
AL,h1571,0.40165285769436365,scr2002,avaStIn,bevFrtRoadLight
AL,h1572,0.3554492048303812,scr2002,avaStIn,bevFrtRoadLight
AL,h1573,0.30743387757687923,scr2002,avaStIn,bevFrtRoadLight
AL,h1574,0.278936309503648,scr2002,avaStIn,bevFrtRoadLight
AL,h1575,0.28525649117608465,scr2002,avaStIn,bevFrtRoadLight
AL,h1576,0.33100477113297455,scr2002,avaStIn,bevFrtRoadLight
AL,h1577,0.3951643597987161,scr2002,avaStIn,bevFrtRoadLight
AL,h1578,0.46644985491696445,scr2002,avaStIn,bevFrtRoadLight
AL,h1579,0.5302489042156142,scr2002,avaStIn,bevFrtRoadLight
AL,h1580,0.5770673902258092,scr2002,avaStIn,bevFrtRoadLight
AL,h1581,0.5986769755958498,scr2002,avaStIn,bevFrtRoadLight
AL,h1582,0.6016883948095747,scr2002,avaStIn,bevFrtRoadLight
AL,h1583,0.5924055260109063,scr2002,avaStIn,bevFrtRoadLight
AL,h1584,0.5774847836798132,scr2002,avaStIn,bevFrtRoadLight
AL,h1585,0.5517773619954187,scr2002,avaStIn,bevFrtRoadLight
AL,h1586,0.5248358437172166,scr2002,avaStIn,bevFrtRoadLight
AL,h1587,0.5002557267591349,scr2002,avaStIn,bevFrtRoadLight
AL,h1588,0.4779833592811431,scr2002,avaStIn,bevFrtRoadLight
AL,h1589,0.45518876455881485,scr2002,avaStIn,bevFrtRoadLight
AL,h1590,0.43596244051473665,scr2002,avaStIn,bevFrtRoadLight
AL,h1591,0.4287672948543091,scr2002,avaStIn,bevFrtRoadLight
AL,h1592,0.4310449118345231,scr2002,avaStIn,bevFrtRoadLight
AL,h1593,0.43651906754470926,scr2002,avaStIn,bevFrtRoadLight
AL,h1594,0.42784196327677315,scr2002,avaStIn,bevFrtRoadLight
AL,h1595,0.40165285769436365,scr2002,avaStIn,bevFrtRoadLight
AL,h1596,0.3554492048303812,scr2002,avaStIn,bevFrtRoadLight
AL,h1597,0.30743387757687923,scr2002,avaStIn,bevFrtRoadLight
AL,h1598,0.278936309503648,scr2002,avaStIn,bevFrtRoadLight
AL,h1599,0.28525649117608465,scr2002,avaStIn,bevFrtRoadLight
AL,h1600,0.33100477113297455,scr2002,avaStIn,bevFrtRoadLight
AL,h1601,0.3951643597987161,scr2002,avaStIn,bevFrtRoadLight
AL,h1602,0.46644985491696445,scr2002,avaStIn,bevFrtRoadLight
AL,h1603,0.5302489042156142,scr2002,avaStIn,bevFrtRoadLight
AL,h1604,0.5770673902258092,scr2002,avaStIn,bevFrtRoadLight
AL,h1605,0.5986769755958498,scr2002,avaStIn,bevFrtRoadLight
AL,h1606,0.6016883948095747,scr2002,avaStIn,bevFrtRoadLight
AL,h1607,0.5924055260109063,scr2002,avaStIn,bevFrtRoadLight
AL,h1608,0.5774847836798132,scr2002,avaStIn,bevFrtRoadLight
AL,h1609,0.5399833096273894,scr2002,avaStIn,bevFrtRoadLight
AL,h1610,0.5020113380135911,scr2002,avaStIn,bevFrtRoadLight
AL,h1611,0.4635722307063156,scr2002,avaStIn,bevFrtRoadLight
AL,h1612,0.4380348659574729,scr2002,avaStIn,bevFrtRoadLight
AL,h1613,0.40762124803256283,scr2002,avaStIn,bevFrtRoadLight
AL,h1614,0.37888830724468336,scr2002,avaStIn,bevFrtRoadLight
AL,h1615,0.36958381422293585,scr2002,avaStIn,bevFrtRoadLight
AL,h1616,0.37840208488783933,scr2002,avaStIn,bevFrtRoadLight
AL,h1617,0.40312593459237533,scr2002,avaStIn,bevFrtRoadLight
AL,h1618,0.41362439373824145,scr2002,avaStIn,bevFrtRoadLight
AL,h1619,0.4028461315685412,scr2002,avaStIn,bevFrtRoadLight
AL,h1620,0.3603437041144123,scr2002,avaStIn,bevFrtRoadLight
AL,h1621,0.300735364069155,scr2002,avaStIn,bevFrtRoadLight
AL,h1622,0.24177370465061954,scr2002,avaStIn,bevFrtRoadLight
AL,h1623,0.21970614560615676,scr2002,avaStIn,bevFrtRoadLight
AL,h1624,0.25508395733229006,scr2002,avaStIn,bevFrtRoadLight
AL,h1625,0.34767139096765254,scr2002,avaStIn,bevFrtRoadLight
AL,h1626,0.45228041046836875,scr2002,avaStIn,bevFrtRoadLight
AL,h1627,0.5341134302691986,scr2002,avaStIn,bevFrtRoadLight
AL,h1628,0.5851656457268322,scr2002,avaStIn,bevFrtRoadLight
AL,h1629,0.6079565962864942,scr2002,avaStIn,bevFrtRoadLight
AL,h1630,0.6088378322847627,scr2002,avaStIn,bevFrtRoadLight
AL,h1631,0.5862547005889717,scr2002,avaStIn,bevFrtRoadLight
AL,h1632,0.5503272305028044,scr2002,avaStIn,bevFrtRoadLight
AL,h1633,0.5157882800473498,scr2002,avaStIn,bevFrtRoadLight
AL,h1634,0.4876212160339364,scr2002,avaStIn,bevFrtRoadLight
AL,h1635,0.4635722307063156,scr2002,avaStIn,bevFrtRoadLight
AL,h1636,0.4380348659574729,scr2002,avaStIn,bevFrtRoadLight
AL,h1637,0.40762124803256283,scr2002,avaStIn,bevFrtRoadLight
AL,h1638,0.37888830724468336,scr2002,avaStIn,bevFrtRoadLight
AL,h1639,0.36958381422293585,scr2002,avaStIn,bevFrtRoadLight
AL,h1640,0.37840208488783933,scr2002,avaStIn,bevFrtRoadLight
AL,h1641,0.40312593459237533,scr2002,avaStIn,bevFrtRoadLight
AL,h1642,0.41362439373824145,scr2002,avaStIn,bevFrtRoadLight
AL,h1643,0.4028461315685412,scr2002,avaStIn,bevFrtRoadLight
AL,h1644,0.3603437041144123,scr2002,avaStIn,bevFrtRoadLight
AL,h1645,0.300735364069155,scr2002,avaStIn,bevFrtRoadLight
AL,h1646,0.24177370465061954,scr2002,avaStIn,bevFrtRoadLight
AL,h1647,0.21970614560615676,scr2002,avaStIn,bevFrtRoadLight
AL,h1648,0.25508395733229006,scr2002,avaStIn,bevFrtRoadLight
AL,h1649,0.34767139096765254,scr2002,avaStIn,bevFrtRoadLight
AL,h1650,0.45228041046836875,scr2002,avaStIn,bevFrtRoadLight
AL,h1651,0.5341134302691986,scr2002,avaStIn,bevFrtRoadLight
AL,h1652,0.5851656457268322,scr2002,avaStIn,bevFrtRoadLight
AL,h1653,0.6079565962864942,scr2002,avaStIn,bevFrtRoadLight
AL,h1654,0.6088378322847627,scr2002,avaStIn,bevFrtRoadLight
AL,h1655,0.5862547005889717,scr2002,avaStIn,bevFrtRoadLight
AL,h1656,0.5503272305028044,scr2002,avaStIn,bevFrtRoadLight
AL,h1657,0.5277989482493217,scr2002,avaStIn,bevFrtRoadLight
AL,h1658,0.5107010378978177,scr2002,avaStIn,bevFrtRoadLight
AL,h1659,0.5002557267591349,scr2002,avaStIn,bevFrtRoadLight
AL,h1660,0.4779833592811431,scr2002,avaStIn,bevFrtRoadLight
AL,h1661,0.45518876455881485,scr2002,avaStIn,bevFrtRoadLight
AL,h1662,0.43596244051473665,scr2002,avaStIn,bevFrtRoadLight
AL,h1663,0.4287672948543091,scr2002,avaStIn,bevFrtRoadLight
AL,h1664,0.4310449118345231,scr2002,avaStIn,bevFrtRoadLight
AL,h1665,0.43651906754470926,scr2002,avaStIn,bevFrtRoadLight
AL,h1666,0.42784196327677315,scr2002,avaStIn,bevFrtRoadLight
AL,h1667,0.40165285769436365,scr2002,avaStIn,bevFrtRoadLight
AL,h1668,0.3554492048303812,scr2002,avaStIn,bevFrtRoadLight
AL,h1669,0.30743387757687923,scr2002,avaStIn,bevFrtRoadLight
AL,h1670,0.278936309503648,scr2002,avaStIn,bevFrtRoadLight
AL,h1671,0.28525649117608465,scr2002,avaStIn,bevFrtRoadLight
AL,h1672,0.33100477113297455,scr2002,avaStIn,bevFrtRoadLight
AL,h1673,0.3951643597987161,scr2002,avaStIn,bevFrtRoadLight
AL,h1674,0.46644985491696445,scr2002,avaStIn,bevFrtRoadLight
AL,h1675,0.5302489042156142,scr2002,avaStIn,bevFrtRoadLight
AL,h1676,0.5770673902258092,scr2002,avaStIn,bevFrtRoadLight
AL,h1677,0.5986769755958498,scr2002,avaStIn,bevFrtRoadLight
AL,h1678,0.6016883948095747,scr2002,avaStIn,bevFrtRoadLight
AL,h1679,0.5924055260109063,scr2002,avaStIn,bevFrtRoadLight
AL,h1680,0.5774847836798132,scr2002,avaStIn,bevFrtRoadLight
AL,h1681,0.5517773619954187,scr2002,avaStIn,bevFrtRoadLight
AL,h1682,0.5248358437172166,scr2002,avaStIn,bevFrtRoadLight
AL,h1683,0.5002557267591349,scr2002,avaStIn,bevFrtRoadLight
AL,h1684,0.4779833592811431,scr2002,avaStIn,bevFrtRoadLight
AL,h1685,0.45518876455881485,scr2002,avaStIn,bevFrtRoadLight
AL,h1686,0.43596244051473665,scr2002,avaStIn,bevFrtRoadLight
AL,h1687,0.4287672948543091,scr2002,avaStIn,bevFrtRoadLight
AL,h1688,0.4310449118345231,scr2002,avaStIn,bevFrtRoadLight
AL,h1689,0.43651906754470926,scr2002,avaStIn,bevFrtRoadLight
AL,h1690,0.42784196327677315,scr2002,avaStIn,bevFrtRoadLight
AL,h1691,0.40165285769436365,scr2002,avaStIn,bevFrtRoadLight
AL,h1692,0.3554492048303812,scr2002,avaStIn,bevFrtRoadLight
AL,h1693,0.30743387757687923,scr2002,avaStIn,bevFrtRoadLight
AL,h1694,0.278936309503648,scr2002,avaStIn,bevFrtRoadLight
AL,h1695,0.28525649117608465,scr2002,avaStIn,bevFrtRoadLight
AL,h1696,0.33100477113297455,scr2002,avaStIn,bevFrtRoadLight
AL,h1697,0.3951643597987161,scr2002,avaStIn,bevFrtRoadLight
AL,h1698,0.46644985491696445,scr2002,avaStIn,bevFrtRoadLight
AL,h1699,0.5302489042156142,scr2002,avaStIn,bevFrtRoadLight
AL,h1700,0.5770673902258092,scr2002,avaStIn,bevFrtRoadLight
AL,h1701,0.5986769755958498,scr2002,avaStIn,bevFrtRoadLight
AL,h1702,0.6016883948095747,scr2002,avaStIn,bevFrtRoadLight
AL,h1703,0.5924055260109063,scr2002,avaStIn,bevFrtRoadLight
AL,h1704,0.5774847836798132,scr2002,avaStIn,bevFrtRoadLight
AL,h1705,0.509038057831711,scr2002,avaStIn,bevFrtRoadLight
AL,h1706,0.45316073221470254,scr2002,avaStIn,bevFrtRoadLight
AL,h1707,0.4106293035759673,scr2002,avaStIn,bevFrtRoadLight
AL,h1708,0.4302562346105031,scr2002,avaStIn,bevFrtRoadLight
AL,h1709,0.4411964644145132,scr2002,avaStIn,bevFrtRoadLight
AL,h1710,0.45751109901302867,scr2002,avaStIn,bevFrtRoadLight
AL,h1711,0.48871757217710954,scr2002,avaStIn,bevFrtRoadLight
AL,h1712,0.5314509691002262,scr2002,avaStIn,bevFrtRoadLight
AL,h1713,0.5711878747561929,scr2002,avaStIn,bevFrtRoadLight
AL,h1714,0.5980939691710526,scr2002,avaStIn,bevFrtRoadLight
AL,h1715,0.608394034195855,scr2002,avaStIn,bevFrtRoadLight
AL,h1716,0.6010568773540479,scr2002,avaStIn,bevFrtRoadLight
AL,h1717,0.5764247164288175,scr2002,avaStIn,bevFrtRoadLight
AL,h1718,0.5401459054358786,scr2002,avaStIn,bevFrtRoadLight
AL,h1719,0.4982672792884357,scr2002,avaStIn,bevFrtRoadLight
AL,h1720,0.4574139907405833,scr2002,avaStIn,bevFrtRoadLight
AL,h1721,0.42470386872332366,scr2002,avaStIn,bevFrtRoadLight
AL,h1722,0.4070105681582177,scr2002,avaStIn,bevFrtRoadLight
AL,h1723,0.3993554704479094,scr2002,avaStIn,bevFrtRoadLight
AL,h1724,0.3942528360151184,scr2002,avaStIn,bevFrtRoadLight
AL,h1725,0.3809841238928826,scr2002,avaStIn,bevFrtRoadLight
AL,h1726,0.3497784944040866,scr2002,avaStIn,bevFrtRoadLight
AL,h1727,0.3123069662403203,scr2002,avaStIn,bevFrtRoadLight
AL,h1728,0.2821792829284123,scr2002,avaStIn,bevFrtRoadLight
AL,h1729,0.3106843918239848,scr2002,avaStIn,bevFrtRoadLight
AL,h1730,0.35866299968064763,scr2002,avaStIn,bevFrtRoadLight
AL,h1731,0.4106293035759673,scr2002,avaStIn,bevFrtRoadLight
AL,h1732,0.4302562346105031,scr2002,avaStIn,bevFrtRoadLight
AL,h1733,0.4411964644145132,scr2002,avaStIn,bevFrtRoadLight
AL,h1734,0.45751109901302867,scr2002,avaStIn,bevFrtRoadLight
AL,h1735,0.48871757217710954,scr2002,avaStIn,bevFrtRoadLight
AL,h1736,0.5314509691002262,scr2002,avaStIn,bevFrtRoadLight
AL,h1737,0.5711878747561929,scr2002,avaStIn,bevFrtRoadLight
AL,h1738,0.5980939691710526,scr2002,avaStIn,bevFrtRoadLight
AL,h1739,0.608394034195855,scr2002,avaStIn,bevFrtRoadLight
AL,h1740,0.6010568773540479,scr2002,avaStIn,bevFrtRoadLight
AL,h1741,0.5764247164288175,scr2002,avaStIn,bevFrtRoadLight
AL,h1742,0.5401459054358786,scr2002,avaStIn,bevFrtRoadLight
AL,h1743,0.4982672792884357,scr2002,avaStIn,bevFrtRoadLight
AL,h1744,0.4574139907405833,scr2002,avaStIn,bevFrtRoadLight
AL,h1745,0.42470386872332366,scr2002,avaStIn,bevFrtRoadLight
AL,h1746,0.4070105681582177,scr2002,avaStIn,bevFrtRoadLight
AL,h1747,0.3993554704479094,scr2002,avaStIn,bevFrtRoadLight
AL,h1748,0.3942528360151184,scr2002,avaStIn,bevFrtRoadLight
AL,h1749,0.3809841238928826,scr2002,avaStIn,bevFrtRoadLight
AL,h1750,0.3497784944040866,scr2002,avaStIn,bevFrtRoadLight
AL,h1751,0.3123069662403203,scr2002,avaStIn,bevFrtRoadLight
AL,h1752,0.2821792829284123,scr2002,avaStIn,bevFrtRoadLight
AL,h1753,0.3106843918239848,scr2002,avaStIn,bevFrtRoadLight
AL,h1754,0.35866299968064763,scr2002,avaStIn,bevFrtRoadLight
AL,h1755,0.4106293035759673,scr2002,avaStIn,bevFrtRoadLight
AL,h1756,0.4302562346105031,scr2002,avaStIn,bevFrtRoadLight
AL,h1757,0.4411964644145132,scr2002,avaStIn,bevFrtRoadLight
AL,h1758,0.45751109901302867,scr2002,avaStIn,bevFrtRoadLight
AL,h1759,0.48871757217710954,scr2002,avaStIn,bevFrtRoadLight
AL,h1760,0.5314509691002262,scr2002,avaStIn,bevFrtRoadLight
AL,h1761,0.5711878747561929,scr2002,avaStIn,bevFrtRoadLight
AL,h1762,0.5980939691710526,scr2002,avaStIn,bevFrtRoadLight
AL,h1763,0.608394034195855,scr2002,avaStIn,bevFrtRoadLight
AL,h1764,0.6010568773540479,scr2002,avaStIn,bevFrtRoadLight
AL,h1765,0.5764247164288175,scr2002,avaStIn,bevFrtRoadLight
AL,h1766,0.5401459054358786,scr2002,avaStIn,bevFrtRoadLight
AL,h1767,0.4982672792884357,scr2002,avaStIn,bevFrtRoadLight
AL,h1768,0.4574139907405833,scr2002,avaStIn,bevFrtRoadLight
AL,h1769,0.42470386872332366,scr2002,avaStIn,bevFrtRoadLight
AL,h1770,0.4070105681582177,scr2002,avaStIn,bevFrtRoadLight
AL,h1771,0.3993554704479094,scr2002,avaStIn,bevFrtRoadLight
AL,h1772,0.3942528360151184,scr2002,avaStIn,bevFrtRoadLight
AL,h1773,0.3809841238928826,scr2002,avaStIn,bevFrtRoadLight
AL,h1774,0.3497784944040866,scr2002,avaStIn,bevFrtRoadLight
AL,h1775,0.3123069662403203,scr2002,avaStIn,bevFrtRoadLight
AL,h1776,0.2821792829284123,scr2002,avaStIn,bevFrtRoadLight
AL,h1777,0.230095162221032,scr2002,avaStIn,bevFrtRoadLight
AL,h1778,0.2300917975935889,scr2002,avaStIn,bevFrtRoadLight
AL,h1779,0.27148343409663167,scr2002,avaStIn,bevFrtRoadLight
AL,h1780,0.3790725700696759,scr2002,avaStIn,bevFrtRoadLight
AL,h1781,0.4623404992613247,scr2002,avaStIn,bevFrtRoadLight
AL,h1782,0.5259162274800008,scr2002,avaStIn,bevFrtRoadLight
AL,h1783,0.5772992909654577,scr2002,avaStIn,bevFrtRoadLight
AL,h1784,0.6171735770568829,scr2002,avaStIn,bevFrtRoadLight
AL,h1785,0.6409152522621753,scr2002,avaStIn,bevFrtRoadLight
AL,h1786,0.6489166669999998,scr2002,avaStIn,bevFrtRoadLight
AL,h1787,0.6400350534574337,scr2002,avaStIn,bevFrtRoadLight
AL,h1788,0.61588415769173,scr2002,avaStIn,bevFrtRoadLight
AL,h1789,0.5753501172674538,scr2002,avaStIn,bevFrtRoadLight
AL,h1790,0.5273486726990765,scr2002,avaStIn,bevFrtRoadLight
AL,h1791,0.47682400205808595,scr2002,avaStIn,bevFrtRoadLight
AL,h1792,0.4288063768750643,scr2002,avaStIn,bevFrtRoadLight
AL,h1793,0.39374570481652504,scr2002,avaStIn,bevFrtRoadLight
AL,h1794,0.3749031506247579,scr2002,avaStIn,bevFrtRoadLight
AL,h1795,0.37209330121313167,scr2002,avaStIn,bevFrtRoadLight
AL,h1796,0.36873105182903665,scr2002,avaStIn,bevFrtRoadLight
AL,h1797,0.3543630997986469,scr2002,avaStIn,bevFrtRoadLight
AL,h1798,0.3154781828948128,scr2002,avaStIn,bevFrtRoadLight
AL,h1799,0.27112993299959987,scr2002,avaStIn,bevFrtRoadLight
AL,h1800,0.2381911639591776,scr2002,avaStIn,bevFrtRoadLight
AL,h1801,0.20075744833264675,scr2002,avaStIn,bevFrtRoadLight
AL,h1802,0.21575624655576675,scr2002,avaStIn,bevFrtRoadLight
AL,h1803,0.27148343409663167,scr2002,avaStIn,bevFrtRoadLight
AL,h1804,0.3790725700696759,scr2002,avaStIn,bevFrtRoadLight
AL,h1805,0.4623404992613247,scr2002,avaStIn,bevFrtRoadLight
AL,h1806,0.5259162274800008,scr2002,avaStIn,bevFrtRoadLight
AL,h1807,0.5772992909654577,scr2002,avaStIn,bevFrtRoadLight
AL,h1808,0.6171735770568829,scr2002,avaStIn,bevFrtRoadLight
AL,h1809,0.6409152522621753,scr2002,avaStIn,bevFrtRoadLight
AL,h1810,0.6489166669999998,scr2002,avaStIn,bevFrtRoadLight
AL,h1811,0.6400350534574337,scr2002,avaStIn,bevFrtRoadLight
AL,h1812,0.61588415769173,scr2002,avaStIn,bevFrtRoadLight
AL,h1813,0.5753501172674538,scr2002,avaStIn,bevFrtRoadLight
AL,h1814,0.5273486726990765,scr2002,avaStIn,bevFrtRoadLight
AL,h1815,0.47682400205808595,scr2002,avaStIn,bevFrtRoadLight
AL,h1816,0.4288063768750643,scr2002,avaStIn,bevFrtRoadLight
AL,h1817,0.39374570481652504,scr2002,avaStIn,bevFrtRoadLight
AL,h1818,0.3749031506247579,scr2002,avaStIn,bevFrtRoadLight
AL,h1819,0.37209330121313167,scr2002,avaStIn,bevFrtRoadLight
AL,h1820,0.36873105182903665,scr2002,avaStIn,bevFrtRoadLight
AL,h1821,0.3543630997986469,scr2002,avaStIn,bevFrtRoadLight
AL,h1822,0.3154781828948128,scr2002,avaStIn,bevFrtRoadLight
AL,h1823,0.27112993299959987,scr2002,avaStIn,bevFrtRoadLight
AL,h1824,0.2381911639591776,scr2002,avaStIn,bevFrtRoadLight
AL,h1825,0.28388199759953203,scr2002,avaStIn,bevFrtRoadLight
AL,h1826,0.34615260530650627,scr2002,avaStIn,bevFrtRoadLight
AL,h1827,0.4106293035759673,scr2002,avaStIn,bevFrtRoadLight
AL,h1828,0.4302562346105031,scr2002,avaStIn,bevFrtRoadLight
AL,h1829,0.4411964644145132,scr2002,avaStIn,bevFrtRoadLight
AL,h1830,0.45751109901302867,scr2002,avaStIn,bevFrtRoadLight
AL,h1831,0.48871757217710954,scr2002,avaStIn,bevFrtRoadLight
AL,h1832,0.5314509691002262,scr2002,avaStIn,bevFrtRoadLight
AL,h1833,0.5711878747561929,scr2002,avaStIn,bevFrtRoadLight
AL,h1834,0.5980939691710526,scr2002,avaStIn,bevFrtRoadLight
AL,h1835,0.608394034195855,scr2002,avaStIn,bevFrtRoadLight
AL,h1836,0.6010568773540479,scr2002,avaStIn,bevFrtRoadLight
AL,h1837,0.5764247164288175,scr2002,avaStIn,bevFrtRoadLight
AL,h1838,0.5401459054358786,scr2002,avaStIn,bevFrtRoadLight
AL,h1839,0.4982672792884357,scr2002,avaStIn,bevFrtRoadLight
AL,h1840,0.4574139907405833,scr2002,avaStIn,bevFrtRoadLight
AL,h1841,0.42470386872332366,scr2002,avaStIn,bevFrtRoadLight
AL,h1842,0.4070105681582177,scr2002,avaStIn,bevFrtRoadLight
AL,h1843,0.3993554704479094,scr2002,avaStIn,bevFrtRoadLight
AL,h1844,0.3942528360151184,scr2002,avaStIn,bevFrtRoadLight
AL,h1845,0.3809841238928826,scr2002,avaStIn,bevFrtRoadLight
AL,h1846,0.3497784944040866,scr2002,avaStIn,bevFrtRoadLight
AL,h1847,0.3123069662403203,scr2002,avaStIn,bevFrtRoadLight
AL,h1848,0.2821792829284123,scr2002,avaStIn,bevFrtRoadLight
AL,h1849,0.3106843918239848,scr2002,avaStIn,bevFrtRoadLight
AL,h1850,0.35866299968064763,scr2002,avaStIn,bevFrtRoadLight
AL,h1851,0.4106293035759673,scr2002,avaStIn,bevFrtRoadLight
AL,h1852,0.4302562346105031,scr2002,avaStIn,bevFrtRoadLight
AL,h1853,0.4411964644145132,scr2002,avaStIn,bevFrtRoadLight
AL,h1854,0.45751109901302867,scr2002,avaStIn,bevFrtRoadLight
AL,h1855,0.48871757217710954,scr2002,avaStIn,bevFrtRoadLight
AL,h1856,0.5314509691002262,scr2002,avaStIn,bevFrtRoadLight
AL,h1857,0.5711878747561929,scr2002,avaStIn,bevFrtRoadLight
AL,h1858,0.5980939691710526,scr2002,avaStIn,bevFrtRoadLight
AL,h1859,0.608394034195855,scr2002,avaStIn,bevFrtRoadLight
AL,h1860,0.6010568773540479,scr2002,avaStIn,bevFrtRoadLight
AL,h1861,0.5764247164288175,scr2002,avaStIn,bevFrtRoadLight
AL,h1862,0.5401459054358786,scr2002,avaStIn,bevFrtRoadLight
AL,h1863,0.4982672792884357,scr2002,avaStIn,bevFrtRoadLight
AL,h1864,0.4574139907405833,scr2002,avaStIn,bevFrtRoadLight
AL,h1865,0.42470386872332366,scr2002,avaStIn,bevFrtRoadLight
AL,h1866,0.4070105681582177,scr2002,avaStIn,bevFrtRoadLight
AL,h1867,0.3993554704479094,scr2002,avaStIn,bevFrtRoadLight
AL,h1868,0.3942528360151184,scr2002,avaStIn,bevFrtRoadLight
AL,h1869,0.3809841238928826,scr2002,avaStIn,bevFrtRoadLight
AL,h1870,0.3497784944040866,scr2002,avaStIn,bevFrtRoadLight
AL,h1871,0.3123069662403203,scr2002,avaStIn,bevFrtRoadLight
AL,h1872,0.2821792829284123,scr2002,avaStIn,bevFrtRoadLight
AL,h1873,0.3106843918239848,scr2002,avaStIn,bevFrtRoadLight
AL,h1874,0.35866299968064763,scr2002,avaStIn,bevFrtRoadLight
AL,h1875,0.4106293035759673,scr2002,avaStIn,bevFrtRoadLight
AL,h1876,0.4302562346105031,scr2002,avaStIn,bevFrtRoadLight
AL,h1877,0.4411964644145132,scr2002,avaStIn,bevFrtRoadLight
AL,h1878,0.45751109901302867,scr2002,avaStIn,bevFrtRoadLight
AL,h1879,0.48871757217710954,scr2002,avaStIn,bevFrtRoadLight
AL,h1880,0.5314509691002262,scr2002,avaStIn,bevFrtRoadLight
AL,h1881,0.5711878747561929,scr2002,avaStIn,bevFrtRoadLight
AL,h1882,0.5980939691710526,scr2002,avaStIn,bevFrtRoadLight
AL,h1883,0.608394034195855,scr2002,avaStIn,bevFrtRoadLight
AL,h1884,0.6010568773540479,scr2002,avaStIn,bevFrtRoadLight
AL,h1885,0.5764247164288175,scr2002,avaStIn,bevFrtRoadLight
AL,h1886,0.5401459054358786,scr2002,avaStIn,bevFrtRoadLight
AL,h1887,0.4982672792884357,scr2002,avaStIn,bevFrtRoadLight
AL,h1888,0.4574139907405833,scr2002,avaStIn,bevFrtRoadLight
AL,h1889,0.42470386872332366,scr2002,avaStIn,bevFrtRoadLight
AL,h1890,0.4070105681582177,scr2002,avaStIn,bevFrtRoadLight
AL,h1891,0.3993554704479094,scr2002,avaStIn,bevFrtRoadLight
AL,h1892,0.3942528360151184,scr2002,avaStIn,bevFrtRoadLight
AL,h1893,0.3809841238928826,scr2002,avaStIn,bevFrtRoadLight
AL,h1894,0.3497784944040866,scr2002,avaStIn,bevFrtRoadLight
AL,h1895,0.3123069662403203,scr2002,avaStIn,bevFrtRoadLight
AL,h1896,0.2821792829284123,scr2002,avaStIn,bevFrtRoadLight
AL,h1897,0.3106843918239848,scr2002,avaStIn,bevFrtRoadLight
AL,h1898,0.35866299968064763,scr2002,avaStIn,bevFrtRoadLight
AL,h1899,0.4106293035759673,scr2002,avaStIn,bevFrtRoadLight
AL,h1900,0.4302562346105031,scr2002,avaStIn,bevFrtRoadLight
AL,h1901,0.4411964644145132,scr2002,avaStIn,bevFrtRoadLight
AL,h1902,0.45751109901302867,scr2002,avaStIn,bevFrtRoadLight
AL,h1903,0.48871757217710954,scr2002,avaStIn,bevFrtRoadLight
AL,h1904,0.5314509691002262,scr2002,avaStIn,bevFrtRoadLight
AL,h1905,0.5711878747561929,scr2002,avaStIn,bevFrtRoadLight
AL,h1906,0.5980939691710526,scr2002,avaStIn,bevFrtRoadLight
AL,h1907,0.608394034195855,scr2002,avaStIn,bevFrtRoadLight
AL,h1908,0.6010568773540479,scr2002,avaStIn,bevFrtRoadLight
AL,h1909,0.5764247164288175,scr2002,avaStIn,bevFrtRoadLight
AL,h1910,0.5401459054358786,scr2002,avaStIn,bevFrtRoadLight
AL,h1911,0.4982672792884357,scr2002,avaStIn,bevFrtRoadLight
AL,h1912,0.4574139907405833,scr2002,avaStIn,bevFrtRoadLight
AL,h1913,0.42470386872332366,scr2002,avaStIn,bevFrtRoadLight
AL,h1914,0.4070105681582177,scr2002,avaStIn,bevFrtRoadLight
AL,h1915,0.3993554704479094,scr2002,avaStIn,bevFrtRoadLight
AL,h1916,0.3942528360151184,scr2002,avaStIn,bevFrtRoadLight
AL,h1917,0.3809841238928826,scr2002,avaStIn,bevFrtRoadLight
AL,h1918,0.3497784944040866,scr2002,avaStIn,bevFrtRoadLight
AL,h1919,0.3123069662403203,scr2002,avaStIn,bevFrtRoadLight
AL,h1920,0.2821792829284123,scr2002,avaStIn,bevFrtRoadLight
AL,h1921,0.3106843918239848,scr2002,avaStIn,bevFrtRoadLight
AL,h1922,0.35866299968064763,scr2002,avaStIn,bevFrtRoadLight
AL,h1923,0.4106293035759673,scr2002,avaStIn,bevFrtRoadLight
AL,h1924,0.4302562346105031,scr2002,avaStIn,bevFrtRoadLight
AL,h1925,0.4411964644145132,scr2002,avaStIn,bevFrtRoadLight
AL,h1926,0.45751109901302867,scr2002,avaStIn,bevFrtRoadLight
AL,h1927,0.48871757217710954,scr2002,avaStIn,bevFrtRoadLight
AL,h1928,0.5314509691002262,scr2002,avaStIn,bevFrtRoadLight
AL,h1929,0.5711878747561929,scr2002,avaStIn,bevFrtRoadLight
AL,h1930,0.5980939691710526,scr2002,avaStIn,bevFrtRoadLight
AL,h1931,0.608394034195855,scr2002,avaStIn,bevFrtRoadLight
AL,h1932,0.6010568773540479,scr2002,avaStIn,bevFrtRoadLight
AL,h1933,0.5764247164288175,scr2002,avaStIn,bevFrtRoadLight
AL,h1934,0.5401459054358786,scr2002,avaStIn,bevFrtRoadLight
AL,h1935,0.4982672792884357,scr2002,avaStIn,bevFrtRoadLight
AL,h1936,0.4574139907405833,scr2002,avaStIn,bevFrtRoadLight
AL,h1937,0.42470386872332366,scr2002,avaStIn,bevFrtRoadLight
AL,h1938,0.4070105681582177,scr2002,avaStIn,bevFrtRoadLight
AL,h1939,0.3993554704479094,scr2002,avaStIn,bevFrtRoadLight
AL,h1940,0.3942528360151184,scr2002,avaStIn,bevFrtRoadLight
AL,h1941,0.3809841238928826,scr2002,avaStIn,bevFrtRoadLight
AL,h1942,0.3497784944040866,scr2002,avaStIn,bevFrtRoadLight
AL,h1943,0.3123069662403203,scr2002,avaStIn,bevFrtRoadLight
AL,h1944,0.2821792829284123,scr2002,avaStIn,bevFrtRoadLight
AL,h1945,0.230095162221032,scr2002,avaStIn,bevFrtRoadLight
AL,h1946,0.2300917975935889,scr2002,avaStIn,bevFrtRoadLight
AL,h1947,0.27148343409663167,scr2002,avaStIn,bevFrtRoadLight
AL,h1948,0.3790725700696759,scr2002,avaStIn,bevFrtRoadLight
AL,h1949,0.4623404992613247,scr2002,avaStIn,bevFrtRoadLight
AL,h1950,0.5259162274800008,scr2002,avaStIn,bevFrtRoadLight
AL,h1951,0.5772992909654577,scr2002,avaStIn,bevFrtRoadLight
AL,h1952,0.6171735770568829,scr2002,avaStIn,bevFrtRoadLight
AL,h1953,0.6409152522621753,scr2002,avaStIn,bevFrtRoadLight
AL,h1954,0.6489166669999998,scr2002,avaStIn,bevFrtRoadLight
AL,h1955,0.6400350534574337,scr2002,avaStIn,bevFrtRoadLight
AL,h1956,0.61588415769173,scr2002,avaStIn,bevFrtRoadLight
AL,h1957,0.5753501172674538,scr2002,avaStIn,bevFrtRoadLight
AL,h1958,0.5273486726990765,scr2002,avaStIn,bevFrtRoadLight
AL,h1959,0.47682400205808595,scr2002,avaStIn,bevFrtRoadLight
AL,h1960,0.4288063768750643,scr2002,avaStIn,bevFrtRoadLight
AL,h1961,0.39374570481652504,scr2002,avaStIn,bevFrtRoadLight
AL,h1962,0.3749031506247579,scr2002,avaStIn,bevFrtRoadLight
AL,h1963,0.37209330121313167,scr2002,avaStIn,bevFrtRoadLight
AL,h1964,0.36873105182903665,scr2002,avaStIn,bevFrtRoadLight
AL,h1965,0.3543630997986469,scr2002,avaStIn,bevFrtRoadLight
AL,h1966,0.3154781828948128,scr2002,avaStIn,bevFrtRoadLight
AL,h1967,0.27112993299959987,scr2002,avaStIn,bevFrtRoadLight
AL,h1968,0.2381911639591776,scr2002,avaStIn,bevFrtRoadLight
AL,h1969,0.20075744833264675,scr2002,avaStIn,bevFrtRoadLight
AL,h1970,0.21575624655576675,scr2002,avaStIn,bevFrtRoadLight
AL,h1971,0.27148343409663167,scr2002,avaStIn,bevFrtRoadLight
AL,h1972,0.3790725700696759,scr2002,avaStIn,bevFrtRoadLight
AL,h1973,0.4623404992613247,scr2002,avaStIn,bevFrtRoadLight
AL,h1974,0.5259162274800008,scr2002,avaStIn,bevFrtRoadLight
AL,h1975,0.5772992909654577,scr2002,avaStIn,bevFrtRoadLight
AL,h1976,0.6171735770568829,scr2002,avaStIn,bevFrtRoadLight
AL,h1977,0.6409152522621753,scr2002,avaStIn,bevFrtRoadLight
AL,h1978,0.6489166669999998,scr2002,avaStIn,bevFrtRoadLight
AL,h1979,0.6400350534574337,scr2002,avaStIn,bevFrtRoadLight
AL,h1980,0.61588415769173,scr2002,avaStIn,bevFrtRoadLight
AL,h1981,0.5753501172674538,scr2002,avaStIn,bevFrtRoadLight
AL,h1982,0.5273486726990765,scr2002,avaStIn,bevFrtRoadLight
AL,h1983,0.47682400205808595,scr2002,avaStIn,bevFrtRoadLight
AL,h1984,0.4288063768750643,scr2002,avaStIn,bevFrtRoadLight
AL,h1985,0.39374570481652504,scr2002,avaStIn,bevFrtRoadLight
AL,h1986,0.3749031506247579,scr2002,avaStIn,bevFrtRoadLight
AL,h1987,0.37209330121313167,scr2002,avaStIn,bevFrtRoadLight
AL,h1988,0.36873105182903665,scr2002,avaStIn,bevFrtRoadLight
AL,h1989,0.3543630997986469,scr2002,avaStIn,bevFrtRoadLight
AL,h1990,0.3154781828948128,scr2002,avaStIn,bevFrtRoadLight
AL,h1991,0.27112993299959987,scr2002,avaStIn,bevFrtRoadLight
AL,h1992,0.2381911639591776,scr2002,avaStIn,bevFrtRoadLight
AL,h1993,0.28388199759953203,scr2002,avaStIn,bevFrtRoadLight
AL,h1994,0.34615260530650627,scr2002,avaStIn,bevFrtRoadLight
AL,h1995,0.4106293035759673,scr2002,avaStIn,bevFrtRoadLight
AL,h1996,0.4302562346105031,scr2002,avaStIn,bevFrtRoadLight
AL,h1997,0.4411964644145132,scr2002,avaStIn,bevFrtRoadLight
AL,h1998,0.45751109901302867,scr2002,avaStIn,bevFrtRoadLight
AL,h1999,0.48871757217710954,scr2002,avaStIn,bevFrtRoadLight
AL,h2000,0.5314509691002262,scr2002,avaStIn,bevFrtRoadLight
AL,h2001,0.5711878747561929,scr2002,avaStIn,bevFrtRoadLight
AL,h2002,0.5980939691710526,scr2002,avaStIn,bevFrtRoadLight
AL,h2003,0.608394034195855,scr2002,avaStIn,bevFrtRoadLight
AL,h2004,0.6010568773540479,scr2002,avaStIn,bevFrtRoadLight
AL,h2005,0.5764247164288175,scr2002,avaStIn,bevFrtRoadLight
AL,h2006,0.5401459054358786,scr2002,avaStIn,bevFrtRoadLight
AL,h2007,0.4982672792884357,scr2002,avaStIn,bevFrtRoadLight
AL,h2008,0.4574139907405833,scr2002,avaStIn,bevFrtRoadLight
AL,h2009,0.42470386872332366,scr2002,avaStIn,bevFrtRoadLight
AL,h2010,0.4070105681582177,scr2002,avaStIn,bevFrtRoadLight
AL,h2011,0.3993554704479094,scr2002,avaStIn,bevFrtRoadLight
AL,h2012,0.3942528360151184,scr2002,avaStIn,bevFrtRoadLight
AL,h2013,0.3809841238928826,scr2002,avaStIn,bevFrtRoadLight
AL,h2014,0.3497784944040866,scr2002,avaStIn,bevFrtRoadLight
AL,h2015,0.3123069662403203,scr2002,avaStIn,bevFrtRoadLight
AL,h2016,0.2821792829284123,scr2002,avaStIn,bevFrtRoadLight
AL,h2017,0.3072840894621327,scr2002,avaStIn,bevFrtRoadLight
AL,h2018,0.33666905394072466,scr2002,avaStIn,bevFrtRoadLight
AL,h2019,0.36655496485550265,scr2002,avaStIn,bevFrtRoadLight
AL,h2020,0.3745731212047183,scr2002,avaStIn,bevFrtRoadLight
AL,h2021,0.4026088526762964,scr2002,avaStIn,bevFrtRoadLight
AL,h2022,0.44640061438376677,scr2002,avaStIn,bevFrtRoadLight
AL,h2023,0.4973037920546317,scr2002,avaStIn,bevFrtRoadLight
AL,h2024,0.5420216950586382,scr2002,avaStIn,bevFrtRoadLight
AL,h2025,0.5736954068525849,scr2002,avaStIn,bevFrtRoadLight
AL,h2026,0.5880342997851788,scr2002,avaStIn,bevFrtRoadLight
AL,h2027,0.5918947845476326,scr2002,avaStIn,bevFrtRoadLight
AL,h2028,0.5837522950091351,scr2002,avaStIn,bevFrtRoadLight
AL,h2029,0.566630011228302,scr2002,avaStIn,bevFrtRoadLight
AL,h2030,0.5326460205473856,scr2002,avaStIn,bevFrtRoadLight
AL,h2031,0.48334141219508586,scr2002,avaStIn,bevFrtRoadLight
AL,h2032,0.4237800531764452,scr2002,avaStIn,bevFrtRoadLight
AL,h2033,0.3668064382544399,scr2002,avaStIn,bevFrtRoadLight
AL,h2034,0.33858624085132816,scr2002,avaStIn,bevFrtRoadLight
AL,h2035,0.33981235579051505,scr2002,avaStIn,bevFrtRoadLight
AL,h2036,0.3644150552627201,scr2002,avaStIn,bevFrtRoadLight
AL,h2037,0.39407002810213865,scr2002,avaStIn,bevFrtRoadLight
AL,h2038,0.4100441996396512,scr2002,avaStIn,bevFrtRoadLight
AL,h2039,0.41244752514225314,scr2002,avaStIn,bevFrtRoadLight
AL,h2040,0.3977671810575979,scr2002,avaStIn,bevFrtRoadLight
AL,h2041,0.3840802424090224,scr2002,avaStIn,bevFrtRoadLight
AL,h2042,0.37136048642151265,scr2002,avaStIn,bevFrtRoadLight
AL,h2043,0.36655496485550265,scr2002,avaStIn,bevFrtRoadLight
AL,h2044,0.3745731212047183,scr2002,avaStIn,bevFrtRoadLight
AL,h2045,0.4026088526762964,scr2002,avaStIn,bevFrtRoadLight
AL,h2046,0.44640061438376677,scr2002,avaStIn,bevFrtRoadLight
AL,h2047,0.4973037920546317,scr2002,avaStIn,bevFrtRoadLight
AL,h2048,0.5420216950586382,scr2002,avaStIn,bevFrtRoadLight
AL,h2049,0.5736954068525849,scr2002,avaStIn,bevFrtRoadLight
AL,h2050,0.5880342997851788,scr2002,avaStIn,bevFrtRoadLight
AL,h2051,0.5918947845476326,scr2002,avaStIn,bevFrtRoadLight
AL,h2052,0.5837522950091351,scr2002,avaStIn,bevFrtRoadLight
AL,h2053,0.566630011228302,scr2002,avaStIn,bevFrtRoadLight
AL,h2054,0.5326460205473856,scr2002,avaStIn,bevFrtRoadLight
AL,h2055,0.48334141219508586,scr2002,avaStIn,bevFrtRoadLight
AL,h2056,0.4237800531764452,scr2002,avaStIn,bevFrtRoadLight
AL,h2057,0.3668064382544399,scr2002,avaStIn,bevFrtRoadLight
AL,h2058,0.33858624085132816,scr2002,avaStIn,bevFrtRoadLight
AL,h2059,0.33981235579051505,scr2002,avaStIn,bevFrtRoadLight
AL,h2060,0.3644150552627201,scr2002,avaStIn,bevFrtRoadLight
AL,h2061,0.39407002810213865,scr2002,avaStIn,bevFrtRoadLight
AL,h2062,0.4100441996396512,scr2002,avaStIn,bevFrtRoadLight
AL,h2063,0.41244752514225314,scr2002,avaStIn,bevFrtRoadLight
AL,h2064,0.3977671810575979,scr2002,avaStIn,bevFrtRoadLight
AL,h2065,0.3840802424090224,scr2002,avaStIn,bevFrtRoadLight
AL,h2066,0.37136048642151265,scr2002,avaStIn,bevFrtRoadLight
AL,h2067,0.36655496485550265,scr2002,avaStIn,bevFrtRoadLight
AL,h2068,0.3745731212047183,scr2002,avaStIn,bevFrtRoadLight
AL,h2069,0.4026088526762964,scr2002,avaStIn,bevFrtRoadLight
AL,h2070,0.44640061438376677,scr2002,avaStIn,bevFrtRoadLight
AL,h2071,0.4973037920546317,scr2002,avaStIn,bevFrtRoadLight
AL,h2072,0.5420216950586382,scr2002,avaStIn,bevFrtRoadLight
AL,h2073,0.5736954068525849,scr2002,avaStIn,bevFrtRoadLight
AL,h2074,0.5880342997851788,scr2002,avaStIn,bevFrtRoadLight
AL,h2075,0.5918947845476326,scr2002,avaStIn,bevFrtRoadLight
AL,h2076,0.5837522950091351,scr2002,avaStIn,bevFrtRoadLight
AL,h2077,0.566630011228302,scr2002,avaStIn,bevFrtRoadLight
AL,h2078,0.5326460205473856,scr2002,avaStIn,bevFrtRoadLight
AL,h2079,0.48334141219508586,scr2002,avaStIn,bevFrtRoadLight
AL,h2080,0.4237800531764452,scr2002,avaStIn,bevFrtRoadLight
AL,h2081,0.3668064382544399,scr2002,avaStIn,bevFrtRoadLight
AL,h2082,0.33858624085132816,scr2002,avaStIn,bevFrtRoadLight
AL,h2083,0.33981235579051505,scr2002,avaStIn,bevFrtRoadLight
AL,h2084,0.3644150552627201,scr2002,avaStIn,bevFrtRoadLight
AL,h2085,0.39407002810213865,scr2002,avaStIn,bevFrtRoadLight
AL,h2086,0.4100441996396512,scr2002,avaStIn,bevFrtRoadLight
AL,h2087,0.41244752514225314,scr2002,avaStIn,bevFrtRoadLight
AL,h2088,0.3977671810575979,scr2002,avaStIn,bevFrtRoadLight
AL,h2089,0.3840802424090224,scr2002,avaStIn,bevFrtRoadLight
AL,h2090,0.37136048642151265,scr2002,avaStIn,bevFrtRoadLight
AL,h2091,0.36655496485550265,scr2002,avaStIn,bevFrtRoadLight
AL,h2092,0.3745731212047183,scr2002,avaStIn,bevFrtRoadLight
AL,h2093,0.4026088526762964,scr2002,avaStIn,bevFrtRoadLight
AL,h2094,0.44640061438376677,scr2002,avaStIn,bevFrtRoadLight
AL,h2095,0.4973037920546317,scr2002,avaStIn,bevFrtRoadLight
AL,h2096,0.5420216950586382,scr2002,avaStIn,bevFrtRoadLight
AL,h2097,0.5736954068525849,scr2002,avaStIn,bevFrtRoadLight
AL,h2098,0.5880342997851788,scr2002,avaStIn,bevFrtRoadLight
AL,h2099,0.5918947845476326,scr2002,avaStIn,bevFrtRoadLight
AL,h2100,0.5837522950091351,scr2002,avaStIn,bevFrtRoadLight
AL,h2101,0.566630011228302,scr2002,avaStIn,bevFrtRoadLight
AL,h2102,0.5326460205473856,scr2002,avaStIn,bevFrtRoadLight
AL,h2103,0.48334141219508586,scr2002,avaStIn,bevFrtRoadLight
AL,h2104,0.4237800531764452,scr2002,avaStIn,bevFrtRoadLight
AL,h2105,0.3668064382544399,scr2002,avaStIn,bevFrtRoadLight
AL,h2106,0.33858624085132816,scr2002,avaStIn,bevFrtRoadLight
AL,h2107,0.33981235579051505,scr2002,avaStIn,bevFrtRoadLight
AL,h2108,0.3644150552627201,scr2002,avaStIn,bevFrtRoadLight
AL,h2109,0.39407002810213865,scr2002,avaStIn,bevFrtRoadLight
AL,h2110,0.4100441996396512,scr2002,avaStIn,bevFrtRoadLight
AL,h2111,0.41244752514225314,scr2002,avaStIn,bevFrtRoadLight
AL,h2112,0.3977671810575979,scr2002,avaStIn,bevFrtRoadLight
AL,h2113,0.4215422859318668,scr2002,avaStIn,bevFrtRoadLight
AL,h2114,0.44561523253946533,scr2002,avaStIn,bevFrtRoadLight
AL,h2115,0.46890884939949806,scr2002,avaStIn,bevFrtRoadLight
AL,h2116,0.4606801828577375,scr2002,avaStIn,bevFrtRoadLight
AL,h2117,0.4598809008191356,scr2002,avaStIn,bevFrtRoadLight
AL,h2118,0.47373682010553864,scr2002,avaStIn,bevFrtRoadLight
AL,h2119,0.49837466067849223,scr2002,avaStIn,bevFrtRoadLight
AL,h2120,0.5249322712656334,scr2002,avaStIn,bevFrtRoadLight
AL,h2121,0.5295524702973696,scr2002,avaStIn,bevFrtRoadLight
AL,h2122,0.5237384833973733,scr2002,avaStIn,bevFrtRoadLight
AL,h2123,0.517462220076728,scr2002,avaStIn,bevFrtRoadLight
AL,h2124,0.5202231448594441,scr2002,avaStIn,bevFrtRoadLight
AL,h2125,0.5168074572603817,scr2002,avaStIn,bevFrtRoadLight
AL,h2126,0.4881087918461403,scr2002,avaStIn,bevFrtRoadLight
AL,h2127,0.4401501060096197,scr2002,avaStIn,bevFrtRoadLight
AL,h2128,0.3751810028677981,scr2002,avaStIn,bevFrtRoadLight
AL,h2129,0.3184738733356699,scr2002,avaStIn,bevFrtRoadLight
AL,h2130,0.2885496316681868,scr2002,avaStIn,bevFrtRoadLight
AL,h2131,0.2950430145218158,scr2002,avaStIn,bevFrtRoadLight
AL,h2132,0.3362350273761402,scr2002,avaStIn,bevFrtRoadLight
AL,h2133,0.3905257678468871,scr2002,avaStIn,bevFrtRoadLight
AL,h2134,0.4405757953478313,scr2002,avaStIn,bevFrtRoadLight
AL,h2135,0.4738121072088959,scr2002,avaStIn,bevFrtRoadLight
AL,h2136,0.4995552626921461,scr2002,avaStIn,bevFrtRoadLight
AL,h2137,0.5006979269249346,scr2002,avaStIn,bevFrtRoadLight
AL,h2138,0.49234384959123256,scr2002,avaStIn,bevFrtRoadLight
AL,h2139,0.46890884939949806,scr2002,avaStIn,bevFrtRoadLight
AL,h2140,0.4606801828577375,scr2002,avaStIn,bevFrtRoadLight
AL,h2141,0.4598809008191356,scr2002,avaStIn,bevFrtRoadLight
AL,h2142,0.47373682010553864,scr2002,avaStIn,bevFrtRoadLight
AL,h2143,0.49837466067849223,scr2002,avaStIn,bevFrtRoadLight
AL,h2144,0.5249322712656334,scr2002,avaStIn,bevFrtRoadLight
AL,h2145,0.5295524702973696,scr2002,avaStIn,bevFrtRoadLight
AL,h2146,0.5237384833973733,scr2002,avaStIn,bevFrtRoadLight
AL,h2147,0.517462220076728,scr2002,avaStIn,bevFrtRoadLight
AL,h2148,0.5202231448594441,scr2002,avaStIn,bevFrtRoadLight
AL,h2149,0.5168074572603817,scr2002,avaStIn,bevFrtRoadLight
AL,h2150,0.4881087918461403,scr2002,avaStIn,bevFrtRoadLight
AL,h2151,0.4401501060096197,scr2002,avaStIn,bevFrtRoadLight
AL,h2152,0.3751810028677981,scr2002,avaStIn,bevFrtRoadLight
AL,h2153,0.3184738733356699,scr2002,avaStIn,bevFrtRoadLight
AL,h2154,0.2885496316681868,scr2002,avaStIn,bevFrtRoadLight
AL,h2155,0.2950430145218158,scr2002,avaStIn,bevFrtRoadLight
AL,h2156,0.3362350273761402,scr2002,avaStIn,bevFrtRoadLight
AL,h2157,0.3905257678468871,scr2002,avaStIn,bevFrtRoadLight
AL,h2158,0.4405757953478313,scr2002,avaStIn,bevFrtRoadLight
AL,h2159,0.4738121072088959,scr2002,avaStIn,bevFrtRoadLight
AL,h2160,0.4995552626921461,scr2002,avaStIn,bevFrtRoadLight
