region_4,timestep_6,value,scenario_1,parameter,carrier_1
01ES,h0073,0.0822266732300788,scr2003,mustOut,frtRoadHeavy
01ES,h0074,0.0,scr2003,mustOut,frtRoadHeavy
01ES,h0075,0.0,scr2003,mustOut,frtRoadHeavy
01ES,h0076,0.0822266732300788,scr2003,mustOut,frtRoadHeavy
01ES,h0077,0.18375434525208498,scr2003,mustOut,frtRoadHeavy
01ES,h0078,0.29411765,scr2003,mustOut,frtRoadHeavy
01ES,h0079,0.29411765,scr2003,mustOut,frtRoadHeavy
01ES,h0080,0.29411765,scr2003,mustOut,frtRoadHeavy
01ES,h0081,0.29411765,scr2003,mustOut,frtRoadHeavy
01ES,h0082,0.18375434525208498,scr2003,mustOut,frtRoadHeavy
01ES,h0083,0.18375434525208498,scr2003,mustOut,frtRoadHeavy
01ES,h0084,0.0822266732300788,scr2003,mustOut,frtRoadHeavy
01ES,h0085,0.0822266732300788,scr2003,mustOut,frtRoadHeavy
01ES,h0086,0.0,scr2003,mustOut,frtRoadHeavy
01ES,h0087,0.0822266732300788,scr2003,mustOut,frtRoadHeavy
01ES,h0088,0.18375434525208498,scr2003,mustOut,frtRoadHeavy
01ES,h0089,0.29411765,scr2003,mustOut,frtRoadHeavy
01ES,h0090,0.29411765,scr2003,mustOut,frtRoadHeavy
01ES,h0091,0.18375434525208498,scr2003,mustOut,frtRoadHeavy
01ES,h0092,0.18375434525208498,scr2003,mustOut,frtRoadHeavy
01ES,h0093,0.18375434525208498,scr2003,mustOut,frtRoadHeavy
01ES,h0094,0.29411765,scr2003,mustOut,frtRoadHeavy
01ES,h0095,0.29411765,scr2003,mustOut,frtRoadHeavy
01ES,h0096,0.18375434525208498,scr2003,mustOut,frtRoadHeavy
02ES,h0073,0.0822266732300788,scr2003,mustOut,frtRoadHeavy
02ES,h0074,0.0,scr2003,mustOut,frtRoadHeavy
02ES,h0075,0.0,scr2003,mustOut,frtRoadHeavy
02ES,h0076,0.0822266732300788,scr2003,mustOut,frtRoadHeavy
02ES,h0077,0.18375434525208498,scr2003,mustOut,frtRoadHeavy
02ES,h0078,0.29411765,scr2003,mustOut,frtRoadHeavy
02ES,h0079,0.29411765,scr2003,mustOut,frtRoadHeavy
02ES,h0080,0.29411765,scr2003,mustOut,frtRoadHeavy
02ES,h0081,0.29411765,scr2003,mustOut,frtRoadHeavy
02ES,h0082,0.18375434525208498,scr2003,mustOut,frtRoadHeavy
02ES,h0083,0.18375434525208498,scr2003,mustOut,frtRoadHeavy
02ES,h0084,0.0822266732300788,scr2003,mustOut,frtRoadHeavy
02ES,h0085,0.0822266732300788,scr2003,mustOut,frtRoadHeavy
02ES,h0086,0.0,scr2003,mustOut,frtRoadHeavy
02ES,h0087,0.0822266732300788,scr2003,mustOut,frtRoadHeavy
02ES,h0088,0.18375434525208498,scr2003,mustOut,frtRoadHeavy
02ES,h0089,0.29411765,scr2003,mustOut,frtRoadHeavy
02ES,h0090,0.29411765,scr2003,mustOut,frtRoadHeavy
02ES,h0091,0.18375434525208498,scr2003,mustOut,frtRoadHeavy
02ES,h0092,0.18375434525208498,scr2003,mustOut,frtRoadHeavy
02ES,h0093,0.18375434525208498,scr2003,mustOut,frtRoadHeavy
02ES,h0094,0.29411765,scr2003,mustOut,frtRoadHeavy
02ES,h0095,0.29411765,scr2003,mustOut,frtRoadHeavy
02ES,h0096,0.18375434525208498,scr2003,mustOut,frtRoadHeavy
03ES,h0073,0.0822266732300788,scr2003,mustOut,frtRoadHeavy
03ES,h0074,0.0,scr2003,mustOut,frtRoadHeavy
03ES,h0075,0.0,scr2003,mustOut,frtRoadHeavy
03ES,h0076,0.0822266732300788,scr2003,mustOut,frtRoadHeavy
03ES,h0077,0.18375434525208498,scr2003,mustOut,frtRoadHeavy
03ES,h0078,0.29411765,scr2003,mustOut,frtRoadHeavy
03ES,h0079,0.29411765,scr2003,mustOut,frtRoadHeavy
03ES,h0080,0.29411765,scr2003,mustOut,frtRoadHeavy
03ES,h0081,0.29411765,scr2003,mustOut,frtRoadHeavy
03ES,h0082,0.18375434525208498,scr2003,mustOut,frtRoadHeavy
03ES,h0083,0.18375434525208498,scr2003,mustOut,frtRoadHeavy
03ES,h0084,0.0822266732300788,scr2003,mustOut,frtRoadHeavy
03ES,h0085,0.0822266732300788,scr2003,mustOut,frtRoadHeavy
03ES,h0086,0.0,scr2003,mustOut,frtRoadHeavy
03ES,h0087,0.0822266732300788,scr2003,mustOut,frtRoadHeavy
03ES,h0088,0.18375434525208498,scr2003,mustOut,frtRoadHeavy
03ES,h0089,0.29411765,scr2003,mustOut,frtRoadHeavy
03ES,h0090,0.29411765,scr2003,mustOut,frtRoadHeavy
03ES,h0091,0.18375434525208498,scr2003,mustOut,frtRoadHeavy
03ES,h0092,0.18375434525208498,scr2003,mustOut,frtRoadHeavy
03ES,h0093,0.18375434525208498,scr2003,mustOut,frtRoadHeavy
03ES,h0094,0.29411765,scr2003,mustOut,frtRoadHeavy
03ES,h0095,0.29411765,scr2003,mustOut,frtRoadHeavy
03ES,h0096,0.18375434525208498,scr2003,mustOut,frtRoadHeavy
04ES,h0073,0.0822266732300788,scr2003,mustOut,frtRoadHeavy
04ES,h0074,0.0,scr2003,mustOut,frtRoadHeavy
04ES,h0075,0.0,scr2003,mustOut,frtRoadHeavy
04ES,h0076,0.0822266732300788,scr2003,mustOut,frtRoadHeavy
04ES,h0077,0.18375434525208498,scr2003,mustOut,frtRoadHeavy
04ES,h0078,0.29411765,scr2003,mustOut,frtRoadHeavy
04ES,h0079,0.29411765,scr2003,mustOut,frtRoadHeavy
04ES,h0080,0.29411765,scr2003,mustOut,frtRoadHeavy
04ES,h0081,0.29411765,scr2003,mustOut,frtRoadHeavy
04ES,h0082,0.18375434525208498,scr2003,mustOut,frtRoadHeavy
04ES,h0083,0.18375434525208498,scr2003,mustOut,frtRoadHeavy
04ES,h0084,0.0822266732300788,scr2003,mustOut,frtRoadHeavy
04ES,h0085,0.0822266732300788,scr2003,mustOut,frtRoadHeavy
04ES,h0086,0.0,scr2003,mustOut,frtRoadHeavy
04ES,h0087,0.0822266732300788,scr2003,mustOut,frtRoadHeavy
04ES,h0088,0.18375434525208498,scr2003,mustOut,frtRoadHeavy
04ES,h0089,0.29411765,scr2003,mustOut,frtRoadHeavy
04ES,h0090,0.29411765,scr2003,mustOut,frtRoadHeavy
04ES,h0091,0.18375434525208498,scr2003,mustOut,frtRoadHeavy
04ES,h0092,0.18375434525208498,scr2003,mustOut,frtRoadHeavy
04ES,h0093,0.18375434525208498,scr2003,mustOut,frtRoadHeavy
04ES,h0094,0.29411765,scr2003,mustOut,frtRoadHeavy
04ES,h0095,0.29411765,scr2003,mustOut,frtRoadHeavy
04ES,h0096,0.18375434525208498,scr2003,mustOut,frtRoadHeavy
05ES,h0073,0.0822266732300788,scr2003,mustOut,frtRoadHeavy
05ES,h0074,0.0,scr2003,mustOut,frtRoadHeavy
05ES,h0075,0.0,scr2003,mustOut,frtRoadHeavy
05ES,h0076,0.0822266732300788,scr2003,mustOut,frtRoadHeavy
05ES,h0077,0.18375434525208498,scr2003,mustOut,frtRoadHeavy
05ES,h0078,0.29411765,scr2003,mustOut,frtRoadHeavy
05ES,h0079,0.29411765,scr2003,mustOut,frtRoadHeavy
05ES,h0080,0.29411765,scr2003,mustOut,frtRoadHeavy
05ES,h0081,0.29411765,scr2003,mustOut,frtRoadHeavy
05ES,h0082,0.18375434525208498,scr2003,mustOut,frtRoadHeavy
05ES,h0083,0.18375434525208498,scr2003,mustOut,frtRoadHeavy
05ES,h0084,0.0822266732300788,scr2003,mustOut,frtRoadHeavy
05ES,h0085,0.0822266732300788,scr2003,mustOut,frtRoadHeavy
05ES,h0086,0.0,scr2003,mustOut,frtRoadHeavy
05ES,h0087,0.0822266732300788,scr2003,mustOut,frtRoadHeavy
05ES,h0088,0.18375434525208498,scr2003,mustOut,frtRoadHeavy
05ES,h0089,0.29411765,scr2003,mustOut,frtRoadHeavy
05ES,h0090,0.29411765,scr2003,mustOut,frtRoadHeavy
05ES,h0091,0.18375434525208498,scr2003,mustOut,frtRoadHeavy
05ES,h0092,0.18375434525208498,scr2003,mustOut,frtRoadHeavy
05ES,h0093,0.18375434525208498,scr2003,mustOut,frtRoadHeavy
05ES,h0094,0.29411765,scr2003,mustOut,frtRoadHeavy
05ES,h0095,0.29411765,scr2003,mustOut,frtRoadHeavy
05ES,h0096,0.18375434525208498,scr2003,mustOut,frtRoadHeavy
06ES,h0073,0.0822266732300788,scr2003,mustOut,frtRoadHeavy
06ES,h0074,0.0,scr2003,mustOut,frtRoadHeavy
06ES,h0075,0.0,scr2003,mustOut,frtRoadHeavy
06ES,h0076,0.0822266732300788,scr2003,mustOut,frtRoadHeavy
06ES,h0077,0.18375434525208498,scr2003,mustOut,frtRoadHeavy
06ES,h0078,0.29411765,scr2003,mustOut,frtRoadHeavy
06ES,h0079,0.29411765,scr2003,mustOut,frtRoadHeavy
06ES,h0080,0.29411765,scr2003,mustOut,frtRoadHeavy
06ES,h0081,0.29411765,scr2003,mustOut,frtRoadHeavy
06ES,h0082,0.18375434525208498,scr2003,mustOut,frtRoadHeavy
06ES,h0083,0.18375434525208498,scr2003,mustOut,frtRoadHeavy
06ES,h0084,0.0822266732300788,scr2003,mustOut,frtRoadHeavy
06ES,h0085,0.0822266732300788,scr2003,mustOut,frtRoadHeavy
06ES,h0086,0.0,scr2003,mustOut,frtRoadHeavy
06ES,h0087,0.0822266732300788,scr2003,mustOut,frtRoadHeavy
06ES,h0088,0.18375434525208498,scr2003,mustOut,frtRoadHeavy
06ES,h0089,0.29411765,scr2003,mustOut,frtRoadHeavy
06ES,h0090,0.29411765,scr2003,mustOut,frtRoadHeavy
06ES,h0091,0.18375434525208498,scr2003,mustOut,frtRoadHeavy
06ES,h0092,0.18375434525208498,scr2003,mustOut,frtRoadHeavy
06ES,h0093,0.18375434525208498,scr2003,mustOut,frtRoadHeavy
06ES,h0094,0.29411765,scr2003,mustOut,frtRoadHeavy
06ES,h0095,0.29411765,scr2003,mustOut,frtRoadHeavy
06ES,h0096,0.18375434525208498,scr2003,mustOut,frtRoadHeavy
07ES,h0073,0.0822266732300788,scr2003,mustOut,frtRoadHeavy
07ES,h0074,0.0,scr2003,mustOut,frtRoadHeavy
07ES,h0075,0.0,scr2003,mustOut,frtRoadHeavy
07ES,h0076,0.0822266732300788,scr2003,mustOut,frtRoadHeavy
07ES,h0077,0.18375434525208498,scr2003,mustOut,frtRoadHeavy
07ES,h0078,0.29411765,scr2003,mustOut,frtRoadHeavy
07ES,h0079,0.29411765,scr2003,mustOut,frtRoadHeavy
07ES,h0080,0.29411765,scr2003,mustOut,frtRoadHeavy
07ES,h0081,0.29411765,scr2003,mustOut,frtRoadHeavy
07ES,h0082,0.18375434525208498,scr2003,mustOut,frtRoadHeavy
07ES,h0083,0.18375434525208498,scr2003,mustOut,frtRoadHeavy
07ES,h0084,0.0822266732300788,scr2003,mustOut,frtRoadHeavy
07ES,h0085,0.0822266732300788,scr2003,mustOut,frtRoadHeavy
07ES,h0086,0.0,scr2003,mustOut,frtRoadHeavy
07ES,h0087,0.0822266732300788,scr2003,mustOut,frtRoadHeavy
07ES,h0088,0.18375434525208498,scr2003,mustOut,frtRoadHeavy
07ES,h0089,0.29411765,scr2003,mustOut,frtRoadHeavy
07ES,h0090,0.29411765,scr2003,mustOut,frtRoadHeavy
07ES,h0091,0.18375434525208498,scr2003,mustOut,frtRoadHeavy
07ES,h0092,0.18375434525208498,scr2003,mustOut,frtRoadHeavy
07ES,h0093,0.18375434525208498,scr2003,mustOut,frtRoadHeavy
07ES,h0094,0.29411765,scr2003,mustOut,frtRoadHeavy
07ES,h0095,0.29411765,scr2003,mustOut,frtRoadHeavy
07ES,h0096,0.18375434525208498,scr2003,mustOut,frtRoadHeavy
08ES,h0073,0.0822266732300788,scr2003,mustOut,frtRoadHeavy
08ES,h0074,0.0,scr2003,mustOut,frtRoadHeavy
08ES,h0075,0.0,scr2003,mustOut,frtRoadHeavy
08ES,h0076,0.0822266732300788,scr2003,mustOut,frtRoadHeavy
08ES,h0077,0.18375434525208498,scr2003,mustOut,frtRoadHeavy
08ES,h0078,0.29411765,scr2003,mustOut,frtRoadHeavy
08ES,h0079,0.29411765,scr2003,mustOut,frtRoadHeavy
08ES,h0080,0.29411765,scr2003,mustOut,frtRoadHeavy
08ES,h0081,0.29411765,scr2003,mustOut,frtRoadHeavy
08ES,h0082,0.18375434525208498,scr2003,mustOut,frtRoadHeavy
08ES,h0083,0.18375434525208498,scr2003,mustOut,frtRoadHeavy
08ES,h0084,0.0822266732300788,scr2003,mustOut,frtRoadHeavy
08ES,h0085,0.0822266732300788,scr2003,mustOut,frtRoadHeavy
08ES,h0086,0.0,scr2003,mustOut,frtRoadHeavy
08ES,h0087,0.0822266732300788,scr2003,mustOut,frtRoadHeavy
08ES,h0088,0.18375434525208498,scr2003,mustOut,frtRoadHeavy
08ES,h0089,0.29411765,scr2003,mustOut,frtRoadHeavy
08ES,h0090,0.29411765,scr2003,mustOut,frtRoadHeavy
08ES,h0091,0.18375434525208498,scr2003,mustOut,frtRoadHeavy
08ES,h0092,0.18375434525208498,scr2003,mustOut,frtRoadHeavy
08ES,h0093,0.18375434525208498,scr2003,mustOut,frtRoadHeavy
08ES,h0094,0.29411765,scr2003,mustOut,frtRoadHeavy
08ES,h0095,0.29411765,scr2003,mustOut,frtRoadHeavy
08ES,h0096,0.18375434525208498,scr2003,mustOut,frtRoadHeavy
09ES,h0073,0.0822266732300788,scr2003,mustOut,frtRoadHeavy
09ES,h0074,0.0,scr2003,mustOut,frtRoadHeavy
09ES,h0075,0.0,scr2003,mustOut,frtRoadHeavy
09ES,h0076,0.0822266732300788,scr2003,mustOut,frtRoadHeavy
09ES,h0077,0.18375434525208498,scr2003,mustOut,frtRoadHeavy
09ES,h0078,0.29411765,scr2003,mustOut,frtRoadHeavy
09ES,h0079,0.29411765,scr2003,mustOut,frtRoadHeavy
09ES,h0080,0.29411765,scr2003,mustOut,frtRoadHeavy
09ES,h0081,0.29411765,scr2003,mustOut,frtRoadHeavy
09ES,h0082,0.18375434525208498,scr2003,mustOut,frtRoadHeavy
09ES,h0083,0.18375434525208498,scr2003,mustOut,frtRoadHeavy
09ES,h0084,0.0822266732300788,scr2003,mustOut,frtRoadHeavy
09ES,h0085,0.0822266732300788,scr2003,mustOut,frtRoadHeavy
09ES,h0086,0.0,scr2003,mustOut,frtRoadHeavy
09ES,h0087,0.0822266732300788,scr2003,mustOut,frtRoadHeavy
09ES,h0088,0.18375434525208498,scr2003,mustOut,frtRoadHeavy
09ES,h0089,0.29411765,scr2003,mustOut,frtRoadHeavy
09ES,h0090,0.29411765,scr2003,mustOut,frtRoadHeavy
09ES,h0091,0.18375434525208498,scr2003,mustOut,frtRoadHeavy
09ES,h0092,0.18375434525208498,scr2003,mustOut,frtRoadHeavy
09ES,h0093,0.18375434525208498,scr2003,mustOut,frtRoadHeavy
09ES,h0094,0.29411765,scr2003,mustOut,frtRoadHeavy
09ES,h0095,0.29411765,scr2003,mustOut,frtRoadHeavy
09ES,h0096,0.18375434525208498,scr2003,mustOut,frtRoadHeavy
10ES,h0073,0.0822266732300788,scr2003,mustOut,frtRoadHeavy
10ES,h0074,0.0,scr2003,mustOut,frtRoadHeavy
10ES,h0075,0.0,scr2003,mustOut,frtRoadHeavy
10ES,h0076,0.0822266732300788,scr2003,mustOut,frtRoadHeavy
10ES,h0077,0.18375434525208498,scr2003,mustOut,frtRoadHeavy
10ES,h0078,0.29411765,scr2003,mustOut,frtRoadHeavy
10ES,h0079,0.29411765,scr2003,mustOut,frtRoadHeavy
10ES,h0080,0.29411765,scr2003,mustOut,frtRoadHeavy
10ES,h0081,0.29411765,scr2003,mustOut,frtRoadHeavy
10ES,h0082,0.18375434525208498,scr2003,mustOut,frtRoadHeavy
10ES,h0083,0.18375434525208498,scr2003,mustOut,frtRoadHeavy
10ES,h0084,0.0822266732300788,scr2003,mustOut,frtRoadHeavy
10ES,h0085,0.0822266732300788,scr2003,mustOut,frtRoadHeavy
10ES,h0086,0.0,scr2003,mustOut,frtRoadHeavy
10ES,h0087,0.0822266732300788,scr2003,mustOut,frtRoadHeavy
10ES,h0088,0.18375434525208498,scr2003,mustOut,frtRoadHeavy
10ES,h0089,0.29411765,scr2003,mustOut,frtRoadHeavy
10ES,h0090,0.29411765,scr2003,mustOut,frtRoadHeavy
10ES,h0091,0.18375434525208498,scr2003,mustOut,frtRoadHeavy
10ES,h0092,0.18375434525208498,scr2003,mustOut,frtRoadHeavy
10ES,h0093,0.18375434525208498,scr2003,mustOut,frtRoadHeavy
10ES,h0094,0.29411765,scr2003,mustOut,frtRoadHeavy
10ES,h0095,0.29411765,scr2003,mustOut,frtRoadHeavy
10ES,h0096,0.18375434525208498,scr2003,mustOut,frtRoadHeavy
11ES,h0073,0.0822266732300788,scr2003,mustOut,frtRoadHeavy
11ES,h0074,0.0,scr2003,mustOut,frtRoadHeavy
11ES,h0075,0.0,scr2003,mustOut,frtRoadHeavy
11ES,h0076,0.0822266732300788,scr2003,mustOut,frtRoadHeavy
11ES,h0077,0.18375434525208498,scr2003,mustOut,frtRoadHeavy
11ES,h0078,0.29411765,scr2003,mustOut,frtRoadHeavy
11ES,h0079,0.29411765,scr2003,mustOut,frtRoadHeavy
11ES,h0080,0.29411765,scr2003,mustOut,frtRoadHeavy
11ES,h0081,0.29411765,scr2003,mustOut,frtRoadHeavy
11ES,h0082,0.18375434525208498,scr2003,mustOut,frtRoadHeavy
11ES,h0083,0.18375434525208498,scr2003,mustOut,frtRoadHeavy
11ES,h0084,0.0822266732300788,scr2003,mustOut,frtRoadHeavy
11ES,h0085,0.0822266732300788,scr2003,mustOut,frtRoadHeavy
11ES,h0086,0.0,scr2003,mustOut,frtRoadHeavy
11ES,h0087,0.0822266732300788,scr2003,mustOut,frtRoadHeavy
11ES,h0088,0.18375434525208498,scr2003,mustOut,frtRoadHeavy
11ES,h0089,0.29411765,scr2003,mustOut,frtRoadHeavy
11ES,h0090,0.29411765,scr2003,mustOut,frtRoadHeavy
11ES,h0091,0.18375434525208498,scr2003,mustOut,frtRoadHeavy
11ES,h0092,0.18375434525208498,scr2003,mustOut,frtRoadHeavy
11ES,h0093,0.18375434525208498,scr2003,mustOut,frtRoadHeavy
11ES,h0094,0.29411765,scr2003,mustOut,frtRoadHeavy
11ES,h0095,0.29411765,scr2003,mustOut,frtRoadHeavy
11ES,h0096,0.18375434525208498,scr2003,mustOut,frtRoadHeavy
12PT,h0073,0.0822266732300788,scr2003,mustOut,frtRoadHeavy
12PT,h0074,0.0,scr2003,mustOut,frtRoadHeavy
12PT,h0075,0.0,scr2003,mustOut,frtRoadHeavy
12PT,h0076,0.0822266732300788,scr2003,mustOut,frtRoadHeavy
12PT,h0077,0.18375434525208498,scr2003,mustOut,frtRoadHeavy
12PT,h0078,0.29411765,scr2003,mustOut,frtRoadHeavy
12PT,h0079,0.29411765,scr2003,mustOut,frtRoadHeavy
12PT,h0080,0.29411765,scr2003,mustOut,frtRoadHeavy
12PT,h0081,0.29411765,scr2003,mustOut,frtRoadHeavy
12PT,h0082,0.18375434525208498,scr2003,mustOut,frtRoadHeavy
12PT,h0083,0.18375434525208498,scr2003,mustOut,frtRoadHeavy
12PT,h0084,0.0822266732300788,scr2003,mustOut,frtRoadHeavy
12PT,h0085,0.0822266732300788,scr2003,mustOut,frtRoadHeavy
12PT,h0086,0.0,scr2003,mustOut,frtRoadHeavy
12PT,h0087,0.0822266732300788,scr2003,mustOut,frtRoadHeavy
12PT,h0088,0.18375434525208498,scr2003,mustOut,frtRoadHeavy
12PT,h0089,0.29411765,scr2003,mustOut,frtRoadHeavy
12PT,h0090,0.29411765,scr2003,mustOut,frtRoadHeavy
12PT,h0091,0.18375434525208498,scr2003,mustOut,frtRoadHeavy
12PT,h0092,0.18375434525208498,scr2003,mustOut,frtRoadHeavy
12PT,h0093,0.18375434525208498,scr2003,mustOut,frtRoadHeavy
12PT,h0094,0.29411765,scr2003,mustOut,frtRoadHeavy
12PT,h0095,0.29411765,scr2003,mustOut,frtRoadHeavy
12PT,h0096,0.18375434525208498,scr2003,mustOut,frtRoadHeavy
13PT,h0073,0.0822266732300788,scr2003,mustOut,frtRoadHeavy
13PT,h0074,0.0,scr2003,mustOut,frtRoadHeavy
13PT,h0075,0.0,scr2003,mustOut,frtRoadHeavy
13PT,h0076,0.0822266732300788,scr2003,mustOut,frtRoadHeavy
13PT,h0077,0.18375434525208498,scr2003,mustOut,frtRoadHeavy
13PT,h0078,0.29411765,scr2003,mustOut,frtRoadHeavy
13PT,h0079,0.29411765,scr2003,mustOut,frtRoadHeavy
13PT,h0080,0.29411765,scr2003,mustOut,frtRoadHeavy
13PT,h0081,0.29411765,scr2003,mustOut,frtRoadHeavy
13PT,h0082,0.18375434525208498,scr2003,mustOut,frtRoadHeavy
13PT,h0083,0.18375434525208498,scr2003,mustOut,frtRoadHeavy
13PT,h0084,0.0822266732300788,scr2003,mustOut,frtRoadHeavy
13PT,h0085,0.0822266732300788,scr2003,mustOut,frtRoadHeavy
13PT,h0086,0.0,scr2003,mustOut,frtRoadHeavy
13PT,h0087,0.0822266732300788,scr2003,mustOut,frtRoadHeavy
13PT,h0088,0.18375434525208498,scr2003,mustOut,frtRoadHeavy
13PT,h0089,0.29411765,scr2003,mustOut,frtRoadHeavy
13PT,h0090,0.29411765,scr2003,mustOut,frtRoadHeavy
13PT,h0091,0.18375434525208498,scr2003,mustOut,frtRoadHeavy
13PT,h0092,0.18375434525208498,scr2003,mustOut,frtRoadHeavy
13PT,h0093,0.18375434525208498,scr2003,mustOut,frtRoadHeavy
13PT,h0094,0.29411765,scr2003,mustOut,frtRoadHeavy
13PT,h0095,0.29411765,scr2003,mustOut,frtRoadHeavy
13PT,h0096,0.18375434525208498,scr2003,mustOut,frtRoadHeavy
14FR,h0073,0.0822266732300788,scr2003,mustOut,frtRoadHeavy
14FR,h0074,0.0,scr2003,mustOut,frtRoadHeavy
14FR,h0075,0.0,scr2003,mustOut,frtRoadHeavy
14FR,h0076,0.0822266732300788,scr2003,mustOut,frtRoadHeavy
14FR,h0077,0.18375434525208498,scr2003,mustOut,frtRoadHeavy
14FR,h0078,0.29411765,scr2003,mustOut,frtRoadHeavy
14FR,h0079,0.29411765,scr2003,mustOut,frtRoadHeavy
14FR,h0080,0.29411765,scr2003,mustOut,frtRoadHeavy
14FR,h0081,0.29411765,scr2003,mustOut,frtRoadHeavy
14FR,h0082,0.18375434525208498,scr2003,mustOut,frtRoadHeavy
14FR,h0083,0.18375434525208498,scr2003,mustOut,frtRoadHeavy
14FR,h0084,0.0822266732300788,scr2003,mustOut,frtRoadHeavy
14FR,h0085,0.0822266732300788,scr2003,mustOut,frtRoadHeavy
14FR,h0086,0.0,scr2003,mustOut,frtRoadHeavy
14FR,h0087,0.0822266732300788,scr2003,mustOut,frtRoadHeavy
14FR,h0088,0.18375434525208498,scr2003,mustOut,frtRoadHeavy
14FR,h0089,0.29411765,scr2003,mustOut,frtRoadHeavy
14FR,h0090,0.29411765,scr2003,mustOut,frtRoadHeavy
14FR,h0091,0.18375434525208498,scr2003,mustOut,frtRoadHeavy
14FR,h0092,0.18375434525208498,scr2003,mustOut,frtRoadHeavy
14FR,h0093,0.18375434525208498,scr2003,mustOut,frtRoadHeavy
14FR,h0094,0.29411765,scr2003,mustOut,frtRoadHeavy
14FR,h0095,0.29411765,scr2003,mustOut,frtRoadHeavy
14FR,h0096,0.18375434525208498,scr2003,mustOut,frtRoadHeavy
15FR,h0073,0.0822266732300788,scr2003,mustOut,frtRoadHeavy
15FR,h0074,0.0,scr2003,mustOut,frtRoadHeavy
15FR,h0075,0.0,scr2003,mustOut,frtRoadHeavy
15FR,h0076,0.0822266732300788,scr2003,mustOut,frtRoadHeavy
15FR,h0077,0.18375434525208498,scr2003,mustOut,frtRoadHeavy
15FR,h0078,0.29411765,scr2003,mustOut,frtRoadHeavy
15FR,h0079,0.29411765,scr2003,mustOut,frtRoadHeavy
15FR,h0080,0.29411765,scr2003,mustOut,frtRoadHeavy
15FR,h0081,0.29411765,scr2003,mustOut,frtRoadHeavy
15FR,h0082,0.18375434525208498,scr2003,mustOut,frtRoadHeavy
15FR,h0083,0.18375434525208498,scr2003,mustOut,frtRoadHeavy
15FR,h0084,0.0822266732300788,scr2003,mustOut,frtRoadHeavy
15FR,h0085,0.0822266732300788,scr2003,mustOut,frtRoadHeavy
15FR,h0086,0.0,scr2003,mustOut,frtRoadHeavy
15FR,h0087,0.0822266732300788,scr2003,mustOut,frtRoadHeavy
15FR,h0088,0.18375434525208498,scr2003,mustOut,frtRoadHeavy
15FR,h0089,0.29411765,scr2003,mustOut,frtRoadHeavy
15FR,h0090,0.29411765,scr2003,mustOut,frtRoadHeavy
15FR,h0091,0.18375434525208498,scr2003,mustOut,frtRoadHeavy
15FR,h0092,0.18375434525208498,scr2003,mustOut,frtRoadHeavy
15FR,h0093,0.18375434525208498,scr2003,mustOut,frtRoadHeavy
15FR,h0094,0.29411765,scr2003,mustOut,frtRoadHeavy
15FR,h0095,0.29411765,scr2003,mustOut,frtRoadHeavy
15FR,h0096,0.18375434525208498,scr2003,mustOut,frtRoadHeavy
16FR,h0073,0.0822266732300788,scr2003,mustOut,frtRoadHeavy
16FR,h0074,0.0,scr2003,mustOut,frtRoadHeavy
16FR,h0075,0.0,scr2003,mustOut,frtRoadHeavy
16FR,h0076,0.0822266732300788,scr2003,mustOut,frtRoadHeavy
16FR,h0077,0.18375434525208498,scr2003,mustOut,frtRoadHeavy
16FR,h0078,0.29411765,scr2003,mustOut,frtRoadHeavy
16FR,h0079,0.29411765,scr2003,mustOut,frtRoadHeavy
16FR,h0080,0.29411765,scr2003,mustOut,frtRoadHeavy
16FR,h0081,0.29411765,scr2003,mustOut,frtRoadHeavy
16FR,h0082,0.18375434525208498,scr2003,mustOut,frtRoadHeavy
16FR,h0083,0.18375434525208498,scr2003,mustOut,frtRoadHeavy
16FR,h0084,0.0822266732300788,scr2003,mustOut,frtRoadHeavy
16FR,h0085,0.0822266732300788,scr2003,mustOut,frtRoadHeavy
16FR,h0086,0.0,scr2003,mustOut,frtRoadHeavy
16FR,h0087,0.0822266732300788,scr2003,mustOut,frtRoadHeavy
16FR,h0088,0.18375434525208498,scr2003,mustOut,frtRoadHeavy
16FR,h0089,0.29411765,scr2003,mustOut,frtRoadHeavy
16FR,h0090,0.29411765,scr2003,mustOut,frtRoadHeavy
16FR,h0091,0.18375434525208498,scr2003,mustOut,frtRoadHeavy
16FR,h0092,0.18375434525208498,scr2003,mustOut,frtRoadHeavy
16FR,h0093,0.18375434525208498,scr2003,mustOut,frtRoadHeavy
16FR,h0094,0.29411765,scr2003,mustOut,frtRoadHeavy
16FR,h0095,0.29411765,scr2003,mustOut,frtRoadHeavy
16FR,h0096,0.18375434525208498,scr2003,mustOut,frtRoadHeavy
17FR,h0073,0.0822266732300788,scr2003,mustOut,frtRoadHeavy
17FR,h0074,0.0,scr2003,mustOut,frtRoadHeavy
17FR,h0075,0.0,scr2003,mustOut,frtRoadHeavy
17FR,h0076,0.0822266732300788,scr2003,mustOut,frtRoadHeavy
17FR,h0077,0.18375434525208498,scr2003,mustOut,frtRoadHeavy
17FR,h0078,0.29411765,scr2003,mustOut,frtRoadHeavy
17FR,h0079,0.29411765,scr2003,mustOut,frtRoadHeavy
17FR,h0080,0.29411765,scr2003,mustOut,frtRoadHeavy
17FR,h0081,0.29411765,scr2003,mustOut,frtRoadHeavy
17FR,h0082,0.18375434525208498,scr2003,mustOut,frtRoadHeavy
17FR,h0083,0.18375434525208498,scr2003,mustOut,frtRoadHeavy
17FR,h0084,0.0822266732300788,scr2003,mustOut,frtRoadHeavy
17FR,h0085,0.0822266732300788,scr2003,mustOut,frtRoadHeavy
17FR,h0086,0.0,scr2003,mustOut,frtRoadHeavy
17FR,h0087,0.0822266732300788,scr2003,mustOut,frtRoadHeavy
17FR,h0088,0.18375434525208498,scr2003,mustOut,frtRoadHeavy
17FR,h0089,0.29411765,scr2003,mustOut,frtRoadHeavy
17FR,h0090,0.29411765,scr2003,mustOut,frtRoadHeavy
17FR,h0091,0.18375434525208498,scr2003,mustOut,frtRoadHeavy
17FR,h0092,0.18375434525208498,scr2003,mustOut,frtRoadHeavy
17FR,h0093,0.18375434525208498,scr2003,mustOut,frtRoadHeavy
17FR,h0094,0.29411765,scr2003,mustOut,frtRoadHeavy
17FR,h0095,0.29411765,scr2003,mustOut,frtRoadHeavy
17FR,h0096,0.18375434525208498,scr2003,mustOut,frtRoadHeavy
18FR,h0073,0.0822266732300788,scr2003,mustOut,frtRoadHeavy
18FR,h0074,0.0,scr2003,mustOut,frtRoadHeavy
18FR,h0075,0.0,scr2003,mustOut,frtRoadHeavy
18FR,h0076,0.0822266732300788,scr2003,mustOut,frtRoadHeavy
18FR,h0077,0.18375434525208498,scr2003,mustOut,frtRoadHeavy
18FR,h0078,0.29411765,scr2003,mustOut,frtRoadHeavy
18FR,h0079,0.29411765,scr2003,mustOut,frtRoadHeavy
18FR,h0080,0.29411765,scr2003,mustOut,frtRoadHeavy
18FR,h0081,0.29411765,scr2003,mustOut,frtRoadHeavy
18FR,h0082,0.18375434525208498,scr2003,mustOut,frtRoadHeavy
18FR,h0083,0.18375434525208498,scr2003,mustOut,frtRoadHeavy
18FR,h0084,0.0822266732300788,scr2003,mustOut,frtRoadHeavy
18FR,h0085,0.0822266732300788,scr2003,mustOut,frtRoadHeavy
18FR,h0086,0.0,scr2003,mustOut,frtRoadHeavy
18FR,h0087,0.0822266732300788,scr2003,mustOut,frtRoadHeavy
18FR,h0088,0.18375434525208498,scr2003,mustOut,frtRoadHeavy
18FR,h0089,0.29411765,scr2003,mustOut,frtRoadHeavy
18FR,h0090,0.29411765,scr2003,mustOut,frtRoadHeavy
18FR,h0091,0.18375434525208498,scr2003,mustOut,frtRoadHeavy
18FR,h0092,0.18375434525208498,scr2003,mustOut,frtRoadHeavy
18FR,h0093,0.18375434525208498,scr2003,mustOut,frtRoadHeavy
18FR,h0094,0.29411765,scr2003,mustOut,frtRoadHeavy
18FR,h0095,0.29411765,scr2003,mustOut,frtRoadHeavy
18FR,h0096,0.18375434525208498,scr2003,mustOut,frtRoadHeavy
19FR,h0073,0.0822266732300788,scr2003,mustOut,frtRoadHeavy
19FR,h0074,0.0,scr2003,mustOut,frtRoadHeavy
19FR,h0075,0.0,scr2003,mustOut,frtRoadHeavy
19FR,h0076,0.0822266732300788,scr2003,mustOut,frtRoadHeavy
19FR,h0077,0.18375434525208498,scr2003,mustOut,frtRoadHeavy
19FR,h0078,0.29411765,scr2003,mustOut,frtRoadHeavy
19FR,h0079,0.29411765,scr2003,mustOut,frtRoadHeavy
19FR,h0080,0.29411765,scr2003,mustOut,frtRoadHeavy
19FR,h0081,0.29411765,scr2003,mustOut,frtRoadHeavy
19FR,h0082,0.18375434525208498,scr2003,mustOut,frtRoadHeavy
19FR,h0083,0.18375434525208498,scr2003,mustOut,frtRoadHeavy
19FR,h0084,0.0822266732300788,scr2003,mustOut,frtRoadHeavy
19FR,h0085,0.0822266732300788,scr2003,mustOut,frtRoadHeavy
19FR,h0086,0.0,scr2003,mustOut,frtRoadHeavy
19FR,h0087,0.0822266732300788,scr2003,mustOut,frtRoadHeavy
19FR,h0088,0.18375434525208498,scr2003,mustOut,frtRoadHeavy
19FR,h0089,0.29411765,scr2003,mustOut,frtRoadHeavy
19FR,h0090,0.29411765,scr2003,mustOut,frtRoadHeavy
19FR,h0091,0.18375434525208498,scr2003,mustOut,frtRoadHeavy
19FR,h0092,0.18375434525208498,scr2003,mustOut,frtRoadHeavy
19FR,h0093,0.18375434525208498,scr2003,mustOut,frtRoadHeavy
19FR,h0094,0.29411765,scr2003,mustOut,frtRoadHeavy
19FR,h0095,0.29411765,scr2003,mustOut,frtRoadHeavy
19FR,h0096,0.18375434525208498,scr2003,mustOut,frtRoadHeavy
20FR,h0073,0.0822266732300788,scr2003,mustOut,frtRoadHeavy
20FR,h0074,0.0,scr2003,mustOut,frtRoadHeavy
20FR,h0075,0.0,scr2003,mustOut,frtRoadHeavy
20FR,h0076,0.0822266732300788,scr2003,mustOut,frtRoadHeavy
20FR,h0077,0.18375434525208498,scr2003,mustOut,frtRoadHeavy
20FR,h0078,0.29411765,scr2003,mustOut,frtRoadHeavy
20FR,h0079,0.29411765,scr2003,mustOut,frtRoadHeavy
20FR,h0080,0.29411765,scr2003,mustOut,frtRoadHeavy
20FR,h0081,0.29411765,scr2003,mustOut,frtRoadHeavy
20FR,h0082,0.18375434525208498,scr2003,mustOut,frtRoadHeavy
20FR,h0083,0.18375434525208498,scr2003,mustOut,frtRoadHeavy
20FR,h0084,0.0822266732300788,scr2003,mustOut,frtRoadHeavy
20FR,h0085,0.0822266732300788,scr2003,mustOut,frtRoadHeavy
20FR,h0086,0.0,scr2003,mustOut,frtRoadHeavy
20FR,h0087,0.0822266732300788,scr2003,mustOut,frtRoadHeavy
20FR,h0088,0.18375434525208498,scr2003,mustOut,frtRoadHeavy
20FR,h0089,0.29411765,scr2003,mustOut,frtRoadHeavy
20FR,h0090,0.29411765,scr2003,mustOut,frtRoadHeavy
20FR,h0091,0.18375434525208498,scr2003,mustOut,frtRoadHeavy
20FR,h0092,0.18375434525208498,scr2003,mustOut,frtRoadHeavy
20FR,h0093,0.18375434525208498,scr2003,mustOut,frtRoadHeavy
20FR,h0094,0.29411765,scr2003,mustOut,frtRoadHeavy
20FR,h0095,0.29411765,scr2003,mustOut,frtRoadHeavy
20FR,h0096,0.18375434525208498,scr2003,mustOut,frtRoadHeavy
21FR,h0073,0.0822266732300788,scr2003,mustOut,frtRoadHeavy
21FR,h0074,0.0,scr2003,mustOut,frtRoadHeavy
21FR,h0075,0.0,scr2003,mustOut,frtRoadHeavy
21FR,h0076,0.0822266732300788,scr2003,mustOut,frtRoadHeavy
21FR,h0077,0.18375434525208498,scr2003,mustOut,frtRoadHeavy
21FR,h0078,0.29411765,scr2003,mustOut,frtRoadHeavy
21FR,h0079,0.29411765,scr2003,mustOut,frtRoadHeavy
21FR,h0080,0.29411765,scr2003,mustOut,frtRoadHeavy
21FR,h0081,0.29411765,scr2003,mustOut,frtRoadHeavy
21FR,h0082,0.18375434525208498,scr2003,mustOut,frtRoadHeavy
21FR,h0083,0.18375434525208498,scr2003,mustOut,frtRoadHeavy
21FR,h0084,0.0822266732300788,scr2003,mustOut,frtRoadHeavy
21FR,h0085,0.0822266732300788,scr2003,mustOut,frtRoadHeavy
21FR,h0086,0.0,scr2003,mustOut,frtRoadHeavy
21FR,h0087,0.0822266732300788,scr2003,mustOut,frtRoadHeavy
21FR,h0088,0.18375434525208498,scr2003,mustOut,frtRoadHeavy
21FR,h0089,0.29411765,scr2003,mustOut,frtRoadHeavy
21FR,h0090,0.29411765,scr2003,mustOut,frtRoadHeavy
21FR,h0091,0.18375434525208498,scr2003,mustOut,frtRoadHeavy
21FR,h0092,0.18375434525208498,scr2003,mustOut,frtRoadHeavy
21FR,h0093,0.18375434525208498,scr2003,mustOut,frtRoadHeavy
21FR,h0094,0.29411765,scr2003,mustOut,frtRoadHeavy
21FR,h0095,0.29411765,scr2003,mustOut,frtRoadHeavy
21FR,h0096,0.18375434525208498,scr2003,mustOut,frtRoadHeavy
22FR,h0073,0.0822266732300788,scr2003,mustOut,frtRoadHeavy
22FR,h0074,0.0,scr2003,mustOut,frtRoadHeavy
22FR,h0075,0.0,scr2003,mustOut,frtRoadHeavy
22FR,h0076,0.0822266732300788,scr2003,mustOut,frtRoadHeavy
22FR,h0077,0.18375434525208498,scr2003,mustOut,frtRoadHeavy
22FR,h0078,0.29411765,scr2003,mustOut,frtRoadHeavy
22FR,h0079,0.29411765,scr2003,mustOut,frtRoadHeavy
22FR,h0080,0.29411765,scr2003,mustOut,frtRoadHeavy
22FR,h0081,0.29411765,scr2003,mustOut,frtRoadHeavy
22FR,h0082,0.18375434525208498,scr2003,mustOut,frtRoadHeavy
22FR,h0083,0.18375434525208498,scr2003,mustOut,frtRoadHeavy
22FR,h0084,0.0822266732300788,scr2003,mustOut,frtRoadHeavy
22FR,h0085,0.0822266732300788,scr2003,mustOut,frtRoadHeavy
22FR,h0086,0.0,scr2003,mustOut,frtRoadHeavy
22FR,h0087,0.0822266732300788,scr2003,mustOut,frtRoadHeavy
22FR,h0088,0.18375434525208498,scr2003,mustOut,frtRoadHeavy
22FR,h0089,0.29411765,scr2003,mustOut,frtRoadHeavy
22FR,h0090,0.29411765,scr2003,mustOut,frtRoadHeavy
22FR,h0091,0.18375434525208498,scr2003,mustOut,frtRoadHeavy
22FR,h0092,0.18375434525208498,scr2003,mustOut,frtRoadHeavy
22FR,h0093,0.18375434525208498,scr2003,mustOut,frtRoadHeavy
22FR,h0094,0.29411765,scr2003,mustOut,frtRoadHeavy
22FR,h0095,0.29411765,scr2003,mustOut,frtRoadHeavy
22FR,h0096,0.18375434525208498,scr2003,mustOut,frtRoadHeavy
23FR,h0073,0.0822266732300788,scr2003,mustOut,frtRoadHeavy
23FR,h0074,0.0,scr2003,mustOut,frtRoadHeavy
23FR,h0075,0.0,scr2003,mustOut,frtRoadHeavy
23FR,h0076,0.0822266732300788,scr2003,mustOut,frtRoadHeavy
23FR,h0077,0.18375434525208498,scr2003,mustOut,frtRoadHeavy
23FR,h0078,0.29411765,scr2003,mustOut,frtRoadHeavy
23FR,h0079,0.29411765,scr2003,mustOut,frtRoadHeavy
23FR,h0080,0.29411765,scr2003,mustOut,frtRoadHeavy
23FR,h0081,0.29411765,scr2003,mustOut,frtRoadHeavy
23FR,h0082,0.18375434525208498,scr2003,mustOut,frtRoadHeavy
23FR,h0083,0.18375434525208498,scr2003,mustOut,frtRoadHeavy
23FR,h0084,0.0822266732300788,scr2003,mustOut,frtRoadHeavy
23FR,h0085,0.0822266732300788,scr2003,mustOut,frtRoadHeavy
23FR,h0086,0.0,scr2003,mustOut,frtRoadHeavy
23FR,h0087,0.0822266732300788,scr2003,mustOut,frtRoadHeavy
23FR,h0088,0.18375434525208498,scr2003,mustOut,frtRoadHeavy
23FR,h0089,0.29411765,scr2003,mustOut,frtRoadHeavy
23FR,h0090,0.29411765,scr2003,mustOut,frtRoadHeavy
23FR,h0091,0.18375434525208498,scr2003,mustOut,frtRoadHeavy
23FR,h0092,0.18375434525208498,scr2003,mustOut,frtRoadHeavy
23FR,h0093,0.18375434525208498,scr2003,mustOut,frtRoadHeavy
23FR,h0094,0.29411765,scr2003,mustOut,frtRoadHeavy
23FR,h0095,0.29411765,scr2003,mustOut,frtRoadHeavy
23FR,h0096,0.18375434525208498,scr2003,mustOut,frtRoadHeavy
24FR,h0073,0.0822266732300788,scr2003,mustOut,frtRoadHeavy
24FR,h0074,0.0,scr2003,mustOut,frtRoadHeavy
24FR,h0075,0.0,scr2003,mustOut,frtRoadHeavy
24FR,h0076,0.0822266732300788,scr2003,mustOut,frtRoadHeavy
24FR,h0077,0.18375434525208498,scr2003,mustOut,frtRoadHeavy
24FR,h0078,0.29411765,scr2003,mustOut,frtRoadHeavy
24FR,h0079,0.29411765,scr2003,mustOut,frtRoadHeavy
24FR,h0080,0.29411765,scr2003,mustOut,frtRoadHeavy
24FR,h0081,0.29411765,scr2003,mustOut,frtRoadHeavy
24FR,h0082,0.18375434525208498,scr2003,mustOut,frtRoadHeavy
24FR,h0083,0.18375434525208498,scr2003,mustOut,frtRoadHeavy
24FR,h0084,0.0822266732300788,scr2003,mustOut,frtRoadHeavy
24FR,h0085,0.0822266732300788,scr2003,mustOut,frtRoadHeavy
24FR,h0086,0.0,scr2003,mustOut,frtRoadHeavy
24FR,h0087,0.0822266732300788,scr2003,mustOut,frtRoadHeavy
24FR,h0088,0.18375434525208498,scr2003,mustOut,frtRoadHeavy
24FR,h0089,0.29411765,scr2003,mustOut,frtRoadHeavy
24FR,h0090,0.29411765,scr2003,mustOut,frtRoadHeavy
24FR,h0091,0.18375434525208498,scr2003,mustOut,frtRoadHeavy
24FR,h0092,0.18375434525208498,scr2003,mustOut,frtRoadHeavy
24FR,h0093,0.18375434525208498,scr2003,mustOut,frtRoadHeavy
24FR,h0094,0.29411765,scr2003,mustOut,frtRoadHeavy
24FR,h0095,0.29411765,scr2003,mustOut,frtRoadHeavy
24FR,h0096,0.18375434525208498,scr2003,mustOut,frtRoadHeavy
25FR,h0073,0.0822266732300788,scr2003,mustOut,frtRoadHeavy
25FR,h0074,0.0,scr2003,mustOut,frtRoadHeavy
25FR,h0075,0.0,scr2003,mustOut,frtRoadHeavy
25FR,h0076,0.0822266732300788,scr2003,mustOut,frtRoadHeavy
25FR,h0077,0.18375434525208498,scr2003,mustOut,frtRoadHeavy
25FR,h0078,0.29411765,scr2003,mustOut,frtRoadHeavy
25FR,h0079,0.29411765,scr2003,mustOut,frtRoadHeavy
25FR,h0080,0.29411765,scr2003,mustOut,frtRoadHeavy
25FR,h0081,0.29411765,scr2003,mustOut,frtRoadHeavy
25FR,h0082,0.18375434525208498,scr2003,mustOut,frtRoadHeavy
25FR,h0083,0.18375434525208498,scr2003,mustOut,frtRoadHeavy
25FR,h0084,0.0822266732300788,scr2003,mustOut,frtRoadHeavy
25FR,h0085,0.0822266732300788,scr2003,mustOut,frtRoadHeavy
25FR,h0086,0.0,scr2003,mustOut,frtRoadHeavy
25FR,h0087,0.0822266732300788,scr2003,mustOut,frtRoadHeavy
25FR,h0088,0.18375434525208498,scr2003,mustOut,frtRoadHeavy
25FR,h0089,0.29411765,scr2003,mustOut,frtRoadHeavy
25FR,h0090,0.29411765,scr2003,mustOut,frtRoadHeavy
25FR,h0091,0.18375434525208498,scr2003,mustOut,frtRoadHeavy
25FR,h0092,0.18375434525208498,scr2003,mustOut,frtRoadHeavy
25FR,h0093,0.18375434525208498,scr2003,mustOut,frtRoadHeavy
25FR,h0094,0.29411765,scr2003,mustOut,frtRoadHeavy
25FR,h0095,0.29411765,scr2003,mustOut,frtRoadHeavy
25FR,h0096,0.18375434525208498,scr2003,mustOut,frtRoadHeavy
26FR,h0073,0.0822266732300788,scr2003,mustOut,frtRoadHeavy
26FR,h0074,0.0,scr2003,mustOut,frtRoadHeavy
26FR,h0075,0.0,scr2003,mustOut,frtRoadHeavy
26FR,h0076,0.0822266732300788,scr2003,mustOut,frtRoadHeavy
26FR,h0077,0.18375434525208498,scr2003,mustOut,frtRoadHeavy
26FR,h0078,0.29411765,scr2003,mustOut,frtRoadHeavy
26FR,h0079,0.29411765,scr2003,mustOut,frtRoadHeavy
26FR,h0080,0.29411765,scr2003,mustOut,frtRoadHeavy
26FR,h0081,0.29411765,scr2003,mustOut,frtRoadHeavy
26FR,h0082,0.18375434525208498,scr2003,mustOut,frtRoadHeavy
26FR,h0083,0.18375434525208498,scr2003,mustOut,frtRoadHeavy
26FR,h0084,0.0822266732300788,scr2003,mustOut,frtRoadHeavy
26FR,h0085,0.0822266732300788,scr2003,mustOut,frtRoadHeavy
26FR,h0086,0.0,scr2003,mustOut,frtRoadHeavy
26FR,h0087,0.0822266732300788,scr2003,mustOut,frtRoadHeavy
26FR,h0088,0.18375434525208498,scr2003,mustOut,frtRoadHeavy
26FR,h0089,0.29411765,scr2003,mustOut,frtRoadHeavy
26FR,h0090,0.29411765,scr2003,mustOut,frtRoadHeavy
26FR,h0091,0.18375434525208498,scr2003,mustOut,frtRoadHeavy
26FR,h0092,0.18375434525208498,scr2003,mustOut,frtRoadHeavy
26FR,h0093,0.18375434525208498,scr2003,mustOut,frtRoadHeavy
26FR,h0094,0.29411765,scr2003,mustOut,frtRoadHeavy
26FR,h0095,0.29411765,scr2003,mustOut,frtRoadHeavy
26FR,h0096,0.18375434525208498,scr2003,mustOut,frtRoadHeavy
27FR,h0073,0.0822266732300788,scr2003,mustOut,frtRoadHeavy
27FR,h0074,0.0,scr2003,mustOut,frtRoadHeavy
27FR,h0075,0.0,scr2003,mustOut,frtRoadHeavy
27FR,h0076,0.0822266732300788,scr2003,mustOut,frtRoadHeavy
27FR,h0077,0.18375434525208498,scr2003,mustOut,frtRoadHeavy
27FR,h0078,0.29411765,scr2003,mustOut,frtRoadHeavy
27FR,h0079,0.29411765,scr2003,mustOut,frtRoadHeavy
27FR,h0080,0.29411765,scr2003,mustOut,frtRoadHeavy
27FR,h0081,0.29411765,scr2003,mustOut,frtRoadHeavy
27FR,h0082,0.18375434525208498,scr2003,mustOut,frtRoadHeavy
27FR,h0083,0.18375434525208498,scr2003,mustOut,frtRoadHeavy
27FR,h0084,0.0822266732300788,scr2003,mustOut,frtRoadHeavy
27FR,h0085,0.0822266732300788,scr2003,mustOut,frtRoadHeavy
27FR,h0086,0.0,scr2003,mustOut,frtRoadHeavy
27FR,h0087,0.0822266732300788,scr2003,mustOut,frtRoadHeavy
27FR,h0088,0.18375434525208498,scr2003,mustOut,frtRoadHeavy
27FR,h0089,0.29411765,scr2003,mustOut,frtRoadHeavy
27FR,h0090,0.29411765,scr2003,mustOut,frtRoadHeavy
27FR,h0091,0.18375434525208498,scr2003,mustOut,frtRoadHeavy
27FR,h0092,0.18375434525208498,scr2003,mustOut,frtRoadHeavy
27FR,h0093,0.18375434525208498,scr2003,mustOut,frtRoadHeavy
27FR,h0094,0.29411765,scr2003,mustOut,frtRoadHeavy
27FR,h0095,0.29411765,scr2003,mustOut,frtRoadHeavy
27FR,h0096,0.18375434525208498,scr2003,mustOut,frtRoadHeavy
28BE,h0073,0.0822266732300788,scr2003,mustOut,frtRoadHeavy
28BE,h0074,0.0,scr2003,mustOut,frtRoadHeavy
28BE,h0075,0.0,scr2003,mustOut,frtRoadHeavy
28BE,h0076,0.0822266732300788,scr2003,mustOut,frtRoadHeavy
28BE,h0077,0.18375434525208498,scr2003,mustOut,frtRoadHeavy
28BE,h0078,0.29411765,scr2003,mustOut,frtRoadHeavy
28BE,h0079,0.29411765,scr2003,mustOut,frtRoadHeavy
28BE,h0080,0.29411765,scr2003,mustOut,frtRoadHeavy
28BE,h0081,0.29411765,scr2003,mustOut,frtRoadHeavy
28BE,h0082,0.18375434525208498,scr2003,mustOut,frtRoadHeavy
28BE,h0083,0.18375434525208498,scr2003,mustOut,frtRoadHeavy
28BE,h0084,0.0822266732300788,scr2003,mustOut,frtRoadHeavy
28BE,h0085,0.0822266732300788,scr2003,mustOut,frtRoadHeavy
28BE,h0086,0.0,scr2003,mustOut,frtRoadHeavy
28BE,h0087,0.0822266732300788,scr2003,mustOut,frtRoadHeavy
28BE,h0088,0.18375434525208498,scr2003,mustOut,frtRoadHeavy
28BE,h0089,0.29411765,scr2003,mustOut,frtRoadHeavy
28BE,h0090,0.29411765,scr2003,mustOut,frtRoadHeavy
28BE,h0091,0.18375434525208498,scr2003,mustOut,frtRoadHeavy
28BE,h0092,0.18375434525208498,scr2003,mustOut,frtRoadHeavy
28BE,h0093,0.18375434525208498,scr2003,mustOut,frtRoadHeavy
28BE,h0094,0.29411765,scr2003,mustOut,frtRoadHeavy
28BE,h0095,0.29411765,scr2003,mustOut,frtRoadHeavy
28BE,h0096,0.18375434525208498,scr2003,mustOut,frtRoadHeavy
29LU,h0073,0.0822266732300788,scr2003,mustOut,frtRoadHeavy
29LU,h0074,0.0,scr2003,mustOut,frtRoadHeavy
29LU,h0075,0.0,scr2003,mustOut,frtRoadHeavy
29LU,h0076,0.0822266732300788,scr2003,mustOut,frtRoadHeavy
29LU,h0077,0.18375434525208498,scr2003,mustOut,frtRoadHeavy
29LU,h0078,0.29411765,scr2003,mustOut,frtRoadHeavy
29LU,h0079,0.29411765,scr2003,mustOut,frtRoadHeavy
29LU,h0080,0.29411765,scr2003,mustOut,frtRoadHeavy
29LU,h0081,0.29411765,scr2003,mustOut,frtRoadHeavy
29LU,h0082,0.18375434525208498,scr2003,mustOut,frtRoadHeavy
29LU,h0083,0.18375434525208498,scr2003,mustOut,frtRoadHeavy
29LU,h0084,0.0822266732300788,scr2003,mustOut,frtRoadHeavy
29LU,h0085,0.0822266732300788,scr2003,mustOut,frtRoadHeavy
29LU,h0086,0.0,scr2003,mustOut,frtRoadHeavy
29LU,h0087,0.0822266732300788,scr2003,mustOut,frtRoadHeavy
29LU,h0088,0.18375434525208498,scr2003,mustOut,frtRoadHeavy
29LU,h0089,0.29411765,scr2003,mustOut,frtRoadHeavy
29LU,h0090,0.29411765,scr2003,mustOut,frtRoadHeavy
29LU,h0091,0.18375434525208498,scr2003,mustOut,frtRoadHeavy
29LU,h0092,0.18375434525208498,scr2003,mustOut,frtRoadHeavy
29LU,h0093,0.18375434525208498,scr2003,mustOut,frtRoadHeavy
29LU,h0094,0.29411765,scr2003,mustOut,frtRoadHeavy
29LU,h0095,0.29411765,scr2003,mustOut,frtRoadHeavy
29LU,h0096,0.18375434525208498,scr2003,mustOut,frtRoadHeavy
30NL,h0073,0.0822266732300788,scr2003,mustOut,frtRoadHeavy
30NL,h0074,0.0,scr2003,mustOut,frtRoadHeavy
30NL,h0075,0.0,scr2003,mustOut,frtRoadHeavy
30NL,h0076,0.0822266732300788,scr2003,mustOut,frtRoadHeavy
30NL,h0077,0.18375434525208498,scr2003,mustOut,frtRoadHeavy
30NL,h0078,0.29411765,scr2003,mustOut,frtRoadHeavy
30NL,h0079,0.29411765,scr2003,mustOut,frtRoadHeavy
30NL,h0080,0.29411765,scr2003,mustOut,frtRoadHeavy
30NL,h0081,0.29411765,scr2003,mustOut,frtRoadHeavy
30NL,h0082,0.18375434525208498,scr2003,mustOut,frtRoadHeavy
30NL,h0083,0.18375434525208498,scr2003,mustOut,frtRoadHeavy
30NL,h0084,0.0822266732300788,scr2003,mustOut,frtRoadHeavy
30NL,h0085,0.0822266732300788,scr2003,mustOut,frtRoadHeavy
30NL,h0086,0.0,scr2003,mustOut,frtRoadHeavy
30NL,h0087,0.0822266732300788,scr2003,mustOut,frtRoadHeavy
30NL,h0088,0.18375434525208498,scr2003,mustOut,frtRoadHeavy
30NL,h0089,0.29411765,scr2003,mustOut,frtRoadHeavy
30NL,h0090,0.29411765,scr2003,mustOut,frtRoadHeavy
30NL,h0091,0.18375434525208498,scr2003,mustOut,frtRoadHeavy
30NL,h0092,0.18375434525208498,scr2003,mustOut,frtRoadHeavy
30NL,h0093,0.18375434525208498,scr2003,mustOut,frtRoadHeavy
30NL,h0094,0.29411765,scr2003,mustOut,frtRoadHeavy
30NL,h0095,0.29411765,scr2003,mustOut,frtRoadHeavy
30NL,h0096,0.18375434525208498,scr2003,mustOut,frtRoadHeavy
31DE,h0073,0.0822266732300788,scr2003,mustOut,frtRoadHeavy
31DE,h0074,0.0,scr2003,mustOut,frtRoadHeavy
31DE,h0075,0.0,scr2003,mustOut,frtRoadHeavy
31DE,h0076,0.0822266732300788,scr2003,mustOut,frtRoadHeavy
31DE,h0077,0.18375434525208498,scr2003,mustOut,frtRoadHeavy
31DE,h0078,0.29411765,scr2003,mustOut,frtRoadHeavy
31DE,h0079,0.29411765,scr2003,mustOut,frtRoadHeavy
31DE,h0080,0.29411765,scr2003,mustOut,frtRoadHeavy
31DE,h0081,0.29411765,scr2003,mustOut,frtRoadHeavy
31DE,h0082,0.18375434525208498,scr2003,mustOut,frtRoadHeavy
31DE,h0083,0.18375434525208498,scr2003,mustOut,frtRoadHeavy
31DE,h0084,0.0822266732300788,scr2003,mustOut,frtRoadHeavy
31DE,h0085,0.0822266732300788,scr2003,mustOut,frtRoadHeavy
31DE,h0086,0.0,scr2003,mustOut,frtRoadHeavy
31DE,h0087,0.0822266732300788,scr2003,mustOut,frtRoadHeavy
31DE,h0088,0.18375434525208498,scr2003,mustOut,frtRoadHeavy
31DE,h0089,0.29411765,scr2003,mustOut,frtRoadHeavy
31DE,h0090,0.29411765,scr2003,mustOut,frtRoadHeavy
31DE,h0091,0.18375434525208498,scr2003,mustOut,frtRoadHeavy
31DE,h0092,0.18375434525208498,scr2003,mustOut,frtRoadHeavy
31DE,h0093,0.18375434525208498,scr2003,mustOut,frtRoadHeavy
31DE,h0094,0.29411765,scr2003,mustOut,frtRoadHeavy
31DE,h0095,0.29411765,scr2003,mustOut,frtRoadHeavy
31DE,h0096,0.18375434525208498,scr2003,mustOut,frtRoadHeavy
32DE,h0073,0.0822266732300788,scr2003,mustOut,frtRoadHeavy
32DE,h0074,0.0,scr2003,mustOut,frtRoadHeavy
32DE,h0075,0.0,scr2003,mustOut,frtRoadHeavy
32DE,h0076,0.0822266732300788,scr2003,mustOut,frtRoadHeavy
32DE,h0077,0.18375434525208498,scr2003,mustOut,frtRoadHeavy
32DE,h0078,0.29411765,scr2003,mustOut,frtRoadHeavy
32DE,h0079,0.29411765,scr2003,mustOut,frtRoadHeavy
32DE,h0080,0.29411765,scr2003,mustOut,frtRoadHeavy
32DE,h0081,0.29411765,scr2003,mustOut,frtRoadHeavy
32DE,h0082,0.18375434525208498,scr2003,mustOut,frtRoadHeavy
32DE,h0083,0.18375434525208498,scr2003,mustOut,frtRoadHeavy
32DE,h0084,0.0822266732300788,scr2003,mustOut,frtRoadHeavy
32DE,h0085,0.0822266732300788,scr2003,mustOut,frtRoadHeavy
32DE,h0086,0.0,scr2003,mustOut,frtRoadHeavy
32DE,h0087,0.0822266732300788,scr2003,mustOut,frtRoadHeavy
32DE,h0088,0.18375434525208498,scr2003,mustOut,frtRoadHeavy
32DE,h0089,0.29411765,scr2003,mustOut,frtRoadHeavy
32DE,h0090,0.29411765,scr2003,mustOut,frtRoadHeavy
32DE,h0091,0.18375434525208498,scr2003,mustOut,frtRoadHeavy
32DE,h0092,0.18375434525208498,scr2003,mustOut,frtRoadHeavy
32DE,h0093,0.18375434525208498,scr2003,mustOut,frtRoadHeavy
32DE,h0094,0.29411765,scr2003,mustOut,frtRoadHeavy
32DE,h0095,0.29411765,scr2003,mustOut,frtRoadHeavy
32DE,h0096,0.18375434525208498,scr2003,mustOut,frtRoadHeavy
33DE,h0073,0.0822266732300788,scr2003,mustOut,frtRoadHeavy
33DE,h0074,0.0,scr2003,mustOut,frtRoadHeavy
33DE,h0075,0.0,scr2003,mustOut,frtRoadHeavy
33DE,h0076,0.0822266732300788,scr2003,mustOut,frtRoadHeavy
33DE,h0077,0.18375434525208498,scr2003,mustOut,frtRoadHeavy
33DE,h0078,0.29411765,scr2003,mustOut,frtRoadHeavy
33DE,h0079,0.29411765,scr2003,mustOut,frtRoadHeavy
33DE,h0080,0.29411765,scr2003,mustOut,frtRoadHeavy
33DE,h0081,0.29411765,scr2003,mustOut,frtRoadHeavy
33DE,h0082,0.18375434525208498,scr2003,mustOut,frtRoadHeavy
33DE,h0083,0.18375434525208498,scr2003,mustOut,frtRoadHeavy
33DE,h0084,0.0822266732300788,scr2003,mustOut,frtRoadHeavy
33DE,h0085,0.0822266732300788,scr2003,mustOut,frtRoadHeavy
33DE,h0086,0.0,scr2003,mustOut,frtRoadHeavy
33DE,h0087,0.0822266732300788,scr2003,mustOut,frtRoadHeavy
33DE,h0088,0.18375434525208498,scr2003,mustOut,frtRoadHeavy
33DE,h0089,0.29411765,scr2003,mustOut,frtRoadHeavy
33DE,h0090,0.29411765,scr2003,mustOut,frtRoadHeavy
33DE,h0091,0.18375434525208498,scr2003,mustOut,frtRoadHeavy
33DE,h0092,0.18375434525208498,scr2003,mustOut,frtRoadHeavy
33DE,h0093,0.18375434525208498,scr2003,mustOut,frtRoadHeavy
33DE,h0094,0.29411765,scr2003,mustOut,frtRoadHeavy
33DE,h0095,0.29411765,scr2003,mustOut,frtRoadHeavy
33DE,h0096,0.18375434525208498,scr2003,mustOut,frtRoadHeavy
34DE,h0073,0.0822266732300788,scr2003,mustOut,frtRoadHeavy
34DE,h0074,0.0,scr2003,mustOut,frtRoadHeavy
34DE,h0075,0.0,scr2003,mustOut,frtRoadHeavy
34DE,h0076,0.0822266732300788,scr2003,mustOut,frtRoadHeavy
34DE,h0077,0.18375434525208498,scr2003,mustOut,frtRoadHeavy
34DE,h0078,0.29411765,scr2003,mustOut,frtRoadHeavy
34DE,h0079,0.29411765,scr2003,mustOut,frtRoadHeavy
34DE,h0080,0.29411765,scr2003,mustOut,frtRoadHeavy
34DE,h0081,0.29411765,scr2003,mustOut,frtRoadHeavy
34DE,h0082,0.18375434525208498,scr2003,mustOut,frtRoadHeavy
34DE,h0083,0.18375434525208498,scr2003,mustOut,frtRoadHeavy
34DE,h0084,0.0822266732300788,scr2003,mustOut,frtRoadHeavy
34DE,h0085,0.0822266732300788,scr2003,mustOut,frtRoadHeavy
34DE,h0086,0.0,scr2003,mustOut,frtRoadHeavy
34DE,h0087,0.0822266732300788,scr2003,mustOut,frtRoadHeavy
34DE,h0088,0.18375434525208498,scr2003,mustOut,frtRoadHeavy
34DE,h0089,0.29411765,scr2003,mustOut,frtRoadHeavy
34DE,h0090,0.29411765,scr2003,mustOut,frtRoadHeavy
34DE,h0091,0.18375434525208498,scr2003,mustOut,frtRoadHeavy
34DE,h0092,0.18375434525208498,scr2003,mustOut,frtRoadHeavy
34DE,h0093,0.18375434525208498,scr2003,mustOut,frtRoadHeavy
34DE,h0094,0.29411765,scr2003,mustOut,frtRoadHeavy
34DE,h0095,0.29411765,scr2003,mustOut,frtRoadHeavy
34DE,h0096,0.18375434525208498,scr2003,mustOut,frtRoadHeavy
35DE,h0073,0.0822266732300788,scr2003,mustOut,frtRoadHeavy
35DE,h0074,0.0,scr2003,mustOut,frtRoadHeavy
35DE,h0075,0.0,scr2003,mustOut,frtRoadHeavy
35DE,h0076,0.0822266732300788,scr2003,mustOut,frtRoadHeavy
35DE,h0077,0.18375434525208498,scr2003,mustOut,frtRoadHeavy
35DE,h0078,0.29411765,scr2003,mustOut,frtRoadHeavy
35DE,h0079,0.29411765,scr2003,mustOut,frtRoadHeavy
35DE,h0080,0.29411765,scr2003,mustOut,frtRoadHeavy
35DE,h0081,0.29411765,scr2003,mustOut,frtRoadHeavy
35DE,h0082,0.18375434525208498,scr2003,mustOut,frtRoadHeavy
35DE,h0083,0.18375434525208498,scr2003,mustOut,frtRoadHeavy
35DE,h0084,0.0822266732300788,scr2003,mustOut,frtRoadHeavy
35DE,h0085,0.0822266732300788,scr2003,mustOut,frtRoadHeavy
35DE,h0086,0.0,scr2003,mustOut,frtRoadHeavy
35DE,h0087,0.0822266732300788,scr2003,mustOut,frtRoadHeavy
35DE,h0088,0.18375434525208498,scr2003,mustOut,frtRoadHeavy
35DE,h0089,0.29411765,scr2003,mustOut,frtRoadHeavy
35DE,h0090,0.29411765,scr2003,mustOut,frtRoadHeavy
35DE,h0091,0.18375434525208498,scr2003,mustOut,frtRoadHeavy
35DE,h0092,0.18375434525208498,scr2003,mustOut,frtRoadHeavy
35DE,h0093,0.18375434525208498,scr2003,mustOut,frtRoadHeavy
35DE,h0094,0.29411765,scr2003,mustOut,frtRoadHeavy
35DE,h0095,0.29411765,scr2003,mustOut,frtRoadHeavy
35DE,h0096,0.18375434525208498,scr2003,mustOut,frtRoadHeavy
36DE,h0073,0.0822266732300788,scr2003,mustOut,frtRoadHeavy
36DE,h0074,0.0,scr2003,mustOut,frtRoadHeavy
36DE,h0075,0.0,scr2003,mustOut,frtRoadHeavy
36DE,h0076,0.0822266732300788,scr2003,mustOut,frtRoadHeavy
36DE,h0077,0.18375434525208498,scr2003,mustOut,frtRoadHeavy
36DE,h0078,0.29411765,scr2003,mustOut,frtRoadHeavy
36DE,h0079,0.29411765,scr2003,mustOut,frtRoadHeavy
36DE,h0080,0.29411765,scr2003,mustOut,frtRoadHeavy
36DE,h0081,0.29411765,scr2003,mustOut,frtRoadHeavy
36DE,h0082,0.18375434525208498,scr2003,mustOut,frtRoadHeavy
36DE,h0083,0.18375434525208498,scr2003,mustOut,frtRoadHeavy
36DE,h0084,0.0822266732300788,scr2003,mustOut,frtRoadHeavy
36DE,h0085,0.0822266732300788,scr2003,mustOut,frtRoadHeavy
36DE,h0086,0.0,scr2003,mustOut,frtRoadHeavy
36DE,h0087,0.0822266732300788,scr2003,mustOut,frtRoadHeavy
36DE,h0088,0.18375434525208498,scr2003,mustOut,frtRoadHeavy
36DE,h0089,0.29411765,scr2003,mustOut,frtRoadHeavy
36DE,h0090,0.29411765,scr2003,mustOut,frtRoadHeavy
36DE,h0091,0.18375434525208498,scr2003,mustOut,frtRoadHeavy
36DE,h0092,0.18375434525208498,scr2003,mustOut,frtRoadHeavy
36DE,h0093,0.18375434525208498,scr2003,mustOut,frtRoadHeavy
36DE,h0094,0.29411765,scr2003,mustOut,frtRoadHeavy
36DE,h0095,0.29411765,scr2003,mustOut,frtRoadHeavy
36DE,h0096,0.18375434525208498,scr2003,mustOut,frtRoadHeavy
37DE,h0073,0.0822266732300788,scr2003,mustOut,frtRoadHeavy
37DE,h0074,0.0,scr2003,mustOut,frtRoadHeavy
37DE,h0075,0.0,scr2003,mustOut,frtRoadHeavy
37DE,h0076,0.0822266732300788,scr2003,mustOut,frtRoadHeavy
37DE,h0077,0.18375434525208498,scr2003,mustOut,frtRoadHeavy
37DE,h0078,0.29411765,scr2003,mustOut,frtRoadHeavy
37DE,h0079,0.29411765,scr2003,mustOut,frtRoadHeavy
37DE,h0080,0.29411765,scr2003,mustOut,frtRoadHeavy
37DE,h0081,0.29411765,scr2003,mustOut,frtRoadHeavy
37DE,h0082,0.18375434525208498,scr2003,mustOut,frtRoadHeavy
37DE,h0083,0.18375434525208498,scr2003,mustOut,frtRoadHeavy
37DE,h0084,0.0822266732300788,scr2003,mustOut,frtRoadHeavy
37DE,h0085,0.0822266732300788,scr2003,mustOut,frtRoadHeavy
37DE,h0086,0.0,scr2003,mustOut,frtRoadHeavy
37DE,h0087,0.0822266732300788,scr2003,mustOut,frtRoadHeavy
37DE,h0088,0.18375434525208498,scr2003,mustOut,frtRoadHeavy
37DE,h0089,0.29411765,scr2003,mustOut,frtRoadHeavy
37DE,h0090,0.29411765,scr2003,mustOut,frtRoadHeavy
37DE,h0091,0.18375434525208498,scr2003,mustOut,frtRoadHeavy
37DE,h0092,0.18375434525208498,scr2003,mustOut,frtRoadHeavy
37DE,h0093,0.18375434525208498,scr2003,mustOut,frtRoadHeavy
37DE,h0094,0.29411765,scr2003,mustOut,frtRoadHeavy
37DE,h0095,0.29411765,scr2003,mustOut,frtRoadHeavy
37DE,h0096,0.18375434525208498,scr2003,mustOut,frtRoadHeavy
38DK,h0073,0.0822266732300788,scr2003,mustOut,frtRoadHeavy
38DK,h0074,0.0,scr2003,mustOut,frtRoadHeavy
38DK,h0075,0.0,scr2003,mustOut,frtRoadHeavy
38DK,h0076,0.0822266732300788,scr2003,mustOut,frtRoadHeavy
38DK,h0077,0.18375434525208498,scr2003,mustOut,frtRoadHeavy
38DK,h0078,0.29411765,scr2003,mustOut,frtRoadHeavy
38DK,h0079,0.29411765,scr2003,mustOut,frtRoadHeavy
38DK,h0080,0.29411765,scr2003,mustOut,frtRoadHeavy
38DK,h0081,0.29411765,scr2003,mustOut,frtRoadHeavy
38DK,h0082,0.18375434525208498,scr2003,mustOut,frtRoadHeavy
38DK,h0083,0.18375434525208498,scr2003,mustOut,frtRoadHeavy
38DK,h0084,0.0822266732300788,scr2003,mustOut,frtRoadHeavy
38DK,h0085,0.0822266732300788,scr2003,mustOut,frtRoadHeavy
38DK,h0086,0.0,scr2003,mustOut,frtRoadHeavy
38DK,h0087,0.0822266732300788,scr2003,mustOut,frtRoadHeavy
38DK,h0088,0.18375434525208498,scr2003,mustOut,frtRoadHeavy
38DK,h0089,0.29411765,scr2003,mustOut,frtRoadHeavy
38DK,h0090,0.29411765,scr2003,mustOut,frtRoadHeavy
38DK,h0091,0.18375434525208498,scr2003,mustOut,frtRoadHeavy
38DK,h0092,0.18375434525208498,scr2003,mustOut,frtRoadHeavy
38DK,h0093,0.18375434525208498,scr2003,mustOut,frtRoadHeavy
38DK,h0094,0.29411765,scr2003,mustOut,frtRoadHeavy
38DK,h0095,0.29411765,scr2003,mustOut,frtRoadHeavy
38DK,h0096,0.18375434525208498,scr2003,mustOut,frtRoadHeavy
39CZ,h0073,0.0822266732300788,scr2003,mustOut,frtRoadHeavy
39CZ,h0074,0.0,scr2003,mustOut,frtRoadHeavy
39CZ,h0075,0.0,scr2003,mustOut,frtRoadHeavy
39CZ,h0076,0.0822266732300788,scr2003,mustOut,frtRoadHeavy
39CZ,h0077,0.18375434525208498,scr2003,mustOut,frtRoadHeavy
39CZ,h0078,0.29411765,scr2003,mustOut,frtRoadHeavy
39CZ,h0079,0.29411765,scr2003,mustOut,frtRoadHeavy
39CZ,h0080,0.29411765,scr2003,mustOut,frtRoadHeavy
39CZ,h0081,0.29411765,scr2003,mustOut,frtRoadHeavy
39CZ,h0082,0.18375434525208498,scr2003,mustOut,frtRoadHeavy
39CZ,h0083,0.18375434525208498,scr2003,mustOut,frtRoadHeavy
39CZ,h0084,0.0822266732300788,scr2003,mustOut,frtRoadHeavy
39CZ,h0085,0.0822266732300788,scr2003,mustOut,frtRoadHeavy
39CZ,h0086,0.0,scr2003,mustOut,frtRoadHeavy
39CZ,h0087,0.0822266732300788,scr2003,mustOut,frtRoadHeavy
39CZ,h0088,0.18375434525208498,scr2003,mustOut,frtRoadHeavy
39CZ,h0089,0.29411765,scr2003,mustOut,frtRoadHeavy
39CZ,h0090,0.29411765,scr2003,mustOut,frtRoadHeavy
39CZ,h0091,0.18375434525208498,scr2003,mustOut,frtRoadHeavy
39CZ,h0092,0.18375434525208498,scr2003,mustOut,frtRoadHeavy
39CZ,h0093,0.18375434525208498,scr2003,mustOut,frtRoadHeavy
39CZ,h0094,0.29411765,scr2003,mustOut,frtRoadHeavy
39CZ,h0095,0.29411765,scr2003,mustOut,frtRoadHeavy
39CZ,h0096,0.18375434525208498,scr2003,mustOut,frtRoadHeavy
40CZ,h0073,0.0822266732300788,scr2003,mustOut,frtRoadHeavy
40CZ,h0074,0.0,scr2003,mustOut,frtRoadHeavy
40CZ,h0075,0.0,scr2003,mustOut,frtRoadHeavy
40CZ,h0076,0.0822266732300788,scr2003,mustOut,frtRoadHeavy
40CZ,h0077,0.18375434525208498,scr2003,mustOut,frtRoadHeavy
40CZ,h0078,0.29411765,scr2003,mustOut,frtRoadHeavy
40CZ,h0079,0.29411765,scr2003,mustOut,frtRoadHeavy
40CZ,h0080,0.29411765,scr2003,mustOut,frtRoadHeavy
40CZ,h0081,0.29411765,scr2003,mustOut,frtRoadHeavy
40CZ,h0082,0.18375434525208498,scr2003,mustOut,frtRoadHeavy
40CZ,h0083,0.18375434525208498,scr2003,mustOut,frtRoadHeavy
40CZ,h0084,0.0822266732300788,scr2003,mustOut,frtRoadHeavy
40CZ,h0085,0.0822266732300788,scr2003,mustOut,frtRoadHeavy
40CZ,h0086,0.0,scr2003,mustOut,frtRoadHeavy
40CZ,h0087,0.0822266732300788,scr2003,mustOut,frtRoadHeavy
40CZ,h0088,0.18375434525208498,scr2003,mustOut,frtRoadHeavy
40CZ,h0089,0.29411765,scr2003,mustOut,frtRoadHeavy
40CZ,h0090,0.29411765,scr2003,mustOut,frtRoadHeavy
40CZ,h0091,0.18375434525208498,scr2003,mustOut,frtRoadHeavy
40CZ,h0092,0.18375434525208498,scr2003,mustOut,frtRoadHeavy
40CZ,h0093,0.18375434525208498,scr2003,mustOut,frtRoadHeavy
40CZ,h0094,0.29411765,scr2003,mustOut,frtRoadHeavy
40CZ,h0095,0.29411765,scr2003,mustOut,frtRoadHeavy
40CZ,h0096,0.18375434525208498,scr2003,mustOut,frtRoadHeavy
41PL,h0073,0.0822266732300788,scr2003,mustOut,frtRoadHeavy
41PL,h0074,0.0,scr2003,mustOut,frtRoadHeavy
41PL,h0075,0.0,scr2003,mustOut,frtRoadHeavy
41PL,h0076,0.0822266732300788,scr2003,mustOut,frtRoadHeavy
41PL,h0077,0.18375434525208498,scr2003,mustOut,frtRoadHeavy
41PL,h0078,0.29411765,scr2003,mustOut,frtRoadHeavy
41PL,h0079,0.29411765,scr2003,mustOut,frtRoadHeavy
41PL,h0080,0.29411765,scr2003,mustOut,frtRoadHeavy
41PL,h0081,0.29411765,scr2003,mustOut,frtRoadHeavy
41PL,h0082,0.18375434525208498,scr2003,mustOut,frtRoadHeavy
41PL,h0083,0.18375434525208498,scr2003,mustOut,frtRoadHeavy
41PL,h0084,0.0822266732300788,scr2003,mustOut,frtRoadHeavy
41PL,h0085,0.0822266732300788,scr2003,mustOut,frtRoadHeavy
41PL,h0086,0.0,scr2003,mustOut,frtRoadHeavy
41PL,h0087,0.0822266732300788,scr2003,mustOut,frtRoadHeavy
41PL,h0088,0.18375434525208498,scr2003,mustOut,frtRoadHeavy
41PL,h0089,0.29411765,scr2003,mustOut,frtRoadHeavy
41PL,h0090,0.29411765,scr2003,mustOut,frtRoadHeavy
41PL,h0091,0.18375434525208498,scr2003,mustOut,frtRoadHeavy
41PL,h0092,0.18375434525208498,scr2003,mustOut,frtRoadHeavy
41PL,h0093,0.18375434525208498,scr2003,mustOut,frtRoadHeavy
41PL,h0094,0.29411765,scr2003,mustOut,frtRoadHeavy
41PL,h0095,0.29411765,scr2003,mustOut,frtRoadHeavy
41PL,h0096,0.18375434525208498,scr2003,mustOut,frtRoadHeavy
42PL,h0073,0.0822266732300788,scr2003,mustOut,frtRoadHeavy
42PL,h0074,0.0,scr2003,mustOut,frtRoadHeavy
42PL,h0075,0.0,scr2003,mustOut,frtRoadHeavy
42PL,h0076,0.0822266732300788,scr2003,mustOut,frtRoadHeavy
42PL,h0077,0.18375434525208498,scr2003,mustOut,frtRoadHeavy
42PL,h0078,0.29411765,scr2003,mustOut,frtRoadHeavy
42PL,h0079,0.29411765,scr2003,mustOut,frtRoadHeavy
42PL,h0080,0.29411765,scr2003,mustOut,frtRoadHeavy
42PL,h0081,0.29411765,scr2003,mustOut,frtRoadHeavy
42PL,h0082,0.18375434525208498,scr2003,mustOut,frtRoadHeavy
42PL,h0083,0.18375434525208498,scr2003,mustOut,frtRoadHeavy
42PL,h0084,0.0822266732300788,scr2003,mustOut,frtRoadHeavy
42PL,h0085,0.0822266732300788,scr2003,mustOut,frtRoadHeavy
42PL,h0086,0.0,scr2003,mustOut,frtRoadHeavy
42PL,h0087,0.0822266732300788,scr2003,mustOut,frtRoadHeavy
42PL,h0088,0.18375434525208498,scr2003,mustOut,frtRoadHeavy
42PL,h0089,0.29411765,scr2003,mustOut,frtRoadHeavy
42PL,h0090,0.29411765,scr2003,mustOut,frtRoadHeavy
42PL,h0091,0.18375434525208498,scr2003,mustOut,frtRoadHeavy
42PL,h0092,0.18375434525208498,scr2003,mustOut,frtRoadHeavy
42PL,h0093,0.18375434525208498,scr2003,mustOut,frtRoadHeavy
42PL,h0094,0.29411765,scr2003,mustOut,frtRoadHeavy
42PL,h0095,0.29411765,scr2003,mustOut,frtRoadHeavy
42PL,h0096,0.18375434525208498,scr2003,mustOut,frtRoadHeavy
43PL,h0073,0.0822266732300788,scr2003,mustOut,frtRoadHeavy
43PL,h0074,0.0,scr2003,mustOut,frtRoadHeavy
43PL,h0075,0.0,scr2003,mustOut,frtRoadHeavy
43PL,h0076,0.0822266732300788,scr2003,mustOut,frtRoadHeavy
43PL,h0077,0.18375434525208498,scr2003,mustOut,frtRoadHeavy
43PL,h0078,0.29411765,scr2003,mustOut,frtRoadHeavy
43PL,h0079,0.29411765,scr2003,mustOut,frtRoadHeavy
43PL,h0080,0.29411765,scr2003,mustOut,frtRoadHeavy
43PL,h0081,0.29411765,scr2003,mustOut,frtRoadHeavy
43PL,h0082,0.18375434525208498,scr2003,mustOut,frtRoadHeavy
43PL,h0083,0.18375434525208498,scr2003,mustOut,frtRoadHeavy
43PL,h0084,0.0822266732300788,scr2003,mustOut,frtRoadHeavy
43PL,h0085,0.0822266732300788,scr2003,mustOut,frtRoadHeavy
43PL,h0086,0.0,scr2003,mustOut,frtRoadHeavy
43PL,h0087,0.0822266732300788,scr2003,mustOut,frtRoadHeavy
43PL,h0088,0.18375434525208498,scr2003,mustOut,frtRoadHeavy
43PL,h0089,0.29411765,scr2003,mustOut,frtRoadHeavy
43PL,h0090,0.29411765,scr2003,mustOut,frtRoadHeavy
43PL,h0091,0.18375434525208498,scr2003,mustOut,frtRoadHeavy
43PL,h0092,0.18375434525208498,scr2003,mustOut,frtRoadHeavy
43PL,h0093,0.18375434525208498,scr2003,mustOut,frtRoadHeavy
43PL,h0094,0.29411765,scr2003,mustOut,frtRoadHeavy
43PL,h0095,0.29411765,scr2003,mustOut,frtRoadHeavy
43PL,h0096,0.18375434525208498,scr2003,mustOut,frtRoadHeavy
44PL,h0073,0.0822266732300788,scr2003,mustOut,frtRoadHeavy
44PL,h0074,0.0,scr2003,mustOut,frtRoadHeavy
44PL,h0075,0.0,scr2003,mustOut,frtRoadHeavy
44PL,h0076,0.0822266732300788,scr2003,mustOut,frtRoadHeavy
44PL,h0077,0.18375434525208498,scr2003,mustOut,frtRoadHeavy
44PL,h0078,0.29411765,scr2003,mustOut,frtRoadHeavy
44PL,h0079,0.29411765,scr2003,mustOut,frtRoadHeavy
44PL,h0080,0.29411765,scr2003,mustOut,frtRoadHeavy
44PL,h0081,0.29411765,scr2003,mustOut,frtRoadHeavy
44PL,h0082,0.18375434525208498,scr2003,mustOut,frtRoadHeavy
44PL,h0083,0.18375434525208498,scr2003,mustOut,frtRoadHeavy
44PL,h0084,0.0822266732300788,scr2003,mustOut,frtRoadHeavy
44PL,h0085,0.0822266732300788,scr2003,mustOut,frtRoadHeavy
44PL,h0086,0.0,scr2003,mustOut,frtRoadHeavy
44PL,h0087,0.0822266732300788,scr2003,mustOut,frtRoadHeavy
44PL,h0088,0.18375434525208498,scr2003,mustOut,frtRoadHeavy
44PL,h0089,0.29411765,scr2003,mustOut,frtRoadHeavy
44PL,h0090,0.29411765,scr2003,mustOut,frtRoadHeavy
44PL,h0091,0.18375434525208498,scr2003,mustOut,frtRoadHeavy
44PL,h0092,0.18375434525208498,scr2003,mustOut,frtRoadHeavy
44PL,h0093,0.18375434525208498,scr2003,mustOut,frtRoadHeavy
44PL,h0094,0.29411765,scr2003,mustOut,frtRoadHeavy
44PL,h0095,0.29411765,scr2003,mustOut,frtRoadHeavy
44PL,h0096,0.18375434525208498,scr2003,mustOut,frtRoadHeavy
45PL,h0073,0.0822266732300788,scr2003,mustOut,frtRoadHeavy
45PL,h0074,0.0,scr2003,mustOut,frtRoadHeavy
45PL,h0075,0.0,scr2003,mustOut,frtRoadHeavy
45PL,h0076,0.0822266732300788,scr2003,mustOut,frtRoadHeavy
45PL,h0077,0.18375434525208498,scr2003,mustOut,frtRoadHeavy
45PL,h0078,0.29411765,scr2003,mustOut,frtRoadHeavy
45PL,h0079,0.29411765,scr2003,mustOut,frtRoadHeavy
45PL,h0080,0.29411765,scr2003,mustOut,frtRoadHeavy
45PL,h0081,0.29411765,scr2003,mustOut,frtRoadHeavy
45PL,h0082,0.18375434525208498,scr2003,mustOut,frtRoadHeavy
45PL,h0083,0.18375434525208498,scr2003,mustOut,frtRoadHeavy
45PL,h0084,0.0822266732300788,scr2003,mustOut,frtRoadHeavy
45PL,h0085,0.0822266732300788,scr2003,mustOut,frtRoadHeavy
45PL,h0086,0.0,scr2003,mustOut,frtRoadHeavy
45PL,h0087,0.0822266732300788,scr2003,mustOut,frtRoadHeavy
45PL,h0088,0.18375434525208498,scr2003,mustOut,frtRoadHeavy
45PL,h0089,0.29411765,scr2003,mustOut,frtRoadHeavy
45PL,h0090,0.29411765,scr2003,mustOut,frtRoadHeavy
45PL,h0091,0.18375434525208498,scr2003,mustOut,frtRoadHeavy
45PL,h0092,0.18375434525208498,scr2003,mustOut,frtRoadHeavy
45PL,h0093,0.18375434525208498,scr2003,mustOut,frtRoadHeavy
45PL,h0094,0.29411765,scr2003,mustOut,frtRoadHeavy
45PL,h0095,0.29411765,scr2003,mustOut,frtRoadHeavy
45PL,h0096,0.18375434525208498,scr2003,mustOut,frtRoadHeavy
46SK,h0073,0.0822266732300788,scr2003,mustOut,frtRoadHeavy
46SK,h0074,0.0,scr2003,mustOut,frtRoadHeavy
46SK,h0075,0.0,scr2003,mustOut,frtRoadHeavy
46SK,h0076,0.0822266732300788,scr2003,mustOut,frtRoadHeavy
46SK,h0077,0.18375434525208498,scr2003,mustOut,frtRoadHeavy
46SK,h0078,0.29411765,scr2003,mustOut,frtRoadHeavy
46SK,h0079,0.29411765,scr2003,mustOut,frtRoadHeavy
46SK,h0080,0.29411765,scr2003,mustOut,frtRoadHeavy
46SK,h0081,0.29411765,scr2003,mustOut,frtRoadHeavy
46SK,h0082,0.18375434525208498,scr2003,mustOut,frtRoadHeavy
46SK,h0083,0.18375434525208498,scr2003,mustOut,frtRoadHeavy
46SK,h0084,0.0822266732300788,scr2003,mustOut,frtRoadHeavy
46SK,h0085,0.0822266732300788,scr2003,mustOut,frtRoadHeavy
46SK,h0086,0.0,scr2003,mustOut,frtRoadHeavy
46SK,h0087,0.0822266732300788,scr2003,mustOut,frtRoadHeavy
46SK,h0088,0.18375434525208498,scr2003,mustOut,frtRoadHeavy
46SK,h0089,0.29411765,scr2003,mustOut,frtRoadHeavy
46SK,h0090,0.29411765,scr2003,mustOut,frtRoadHeavy
46SK,h0091,0.18375434525208498,scr2003,mustOut,frtRoadHeavy
46SK,h0092,0.18375434525208498,scr2003,mustOut,frtRoadHeavy
46SK,h0093,0.18375434525208498,scr2003,mustOut,frtRoadHeavy
46SK,h0094,0.29411765,scr2003,mustOut,frtRoadHeavy
46SK,h0095,0.29411765,scr2003,mustOut,frtRoadHeavy
46SK,h0096,0.18375434525208498,scr2003,mustOut,frtRoadHeavy
47CH,h0073,0.0822266732300788,scr2003,mustOut,frtRoadHeavy
47CH,h0074,0.0,scr2003,mustOut,frtRoadHeavy
47CH,h0075,0.0,scr2003,mustOut,frtRoadHeavy
47CH,h0076,0.0822266732300788,scr2003,mustOut,frtRoadHeavy
47CH,h0077,0.18375434525208498,scr2003,mustOut,frtRoadHeavy
47CH,h0078,0.29411765,scr2003,mustOut,frtRoadHeavy
47CH,h0079,0.29411765,scr2003,mustOut,frtRoadHeavy
47CH,h0080,0.29411765,scr2003,mustOut,frtRoadHeavy
47CH,h0081,0.29411765,scr2003,mustOut,frtRoadHeavy
47CH,h0082,0.18375434525208498,scr2003,mustOut,frtRoadHeavy
47CH,h0083,0.18375434525208498,scr2003,mustOut,frtRoadHeavy
47CH,h0084,0.0822266732300788,scr2003,mustOut,frtRoadHeavy
47CH,h0085,0.0822266732300788,scr2003,mustOut,frtRoadHeavy
47CH,h0086,0.0,scr2003,mustOut,frtRoadHeavy
47CH,h0087,0.0822266732300788,scr2003,mustOut,frtRoadHeavy
47CH,h0088,0.18375434525208498,scr2003,mustOut,frtRoadHeavy
47CH,h0089,0.29411765,scr2003,mustOut,frtRoadHeavy
47CH,h0090,0.29411765,scr2003,mustOut,frtRoadHeavy
47CH,h0091,0.18375434525208498,scr2003,mustOut,frtRoadHeavy
47CH,h0092,0.18375434525208498,scr2003,mustOut,frtRoadHeavy
47CH,h0093,0.18375434525208498,scr2003,mustOut,frtRoadHeavy
47CH,h0094,0.29411765,scr2003,mustOut,frtRoadHeavy
47CH,h0095,0.29411765,scr2003,mustOut,frtRoadHeavy
47CH,h0096,0.18375434525208498,scr2003,mustOut,frtRoadHeavy
48CH,h0073,0.0822266732300788,scr2003,mustOut,frtRoadHeavy
48CH,h0074,0.0,scr2003,mustOut,frtRoadHeavy
48CH,h0075,0.0,scr2003,mustOut,frtRoadHeavy
48CH,h0076,0.0822266732300788,scr2003,mustOut,frtRoadHeavy
48CH,h0077,0.18375434525208498,scr2003,mustOut,frtRoadHeavy
48CH,h0078,0.29411765,scr2003,mustOut,frtRoadHeavy
48CH,h0079,0.29411765,scr2003,mustOut,frtRoadHeavy
48CH,h0080,0.29411765,scr2003,mustOut,frtRoadHeavy
48CH,h0081,0.29411765,scr2003,mustOut,frtRoadHeavy
48CH,h0082,0.18375434525208498,scr2003,mustOut,frtRoadHeavy
48CH,h0083,0.18375434525208498,scr2003,mustOut,frtRoadHeavy
48CH,h0084,0.0822266732300788,scr2003,mustOut,frtRoadHeavy
48CH,h0085,0.0822266732300788,scr2003,mustOut,frtRoadHeavy
48CH,h0086,0.0,scr2003,mustOut,frtRoadHeavy
48CH,h0087,0.0822266732300788,scr2003,mustOut,frtRoadHeavy
48CH,h0088,0.18375434525208498,scr2003,mustOut,frtRoadHeavy
48CH,h0089,0.29411765,scr2003,mustOut,frtRoadHeavy
48CH,h0090,0.29411765,scr2003,mustOut,frtRoadHeavy
48CH,h0091,0.18375434525208498,scr2003,mustOut,frtRoadHeavy
48CH,h0092,0.18375434525208498,scr2003,mustOut,frtRoadHeavy
48CH,h0093,0.18375434525208498,scr2003,mustOut,frtRoadHeavy
48CH,h0094,0.29411765,scr2003,mustOut,frtRoadHeavy
48CH,h0095,0.29411765,scr2003,mustOut,frtRoadHeavy
48CH,h0096,0.18375434525208498,scr2003,mustOut,frtRoadHeavy
49AT,h0073,0.0822266732300788,scr2003,mustOut,frtRoadHeavy
49AT,h0074,0.0,scr2003,mustOut,frtRoadHeavy
49AT,h0075,0.0,scr2003,mustOut,frtRoadHeavy
49AT,h0076,0.0822266732300788,scr2003,mustOut,frtRoadHeavy
49AT,h0077,0.18375434525208498,scr2003,mustOut,frtRoadHeavy
49AT,h0078,0.29411765,scr2003,mustOut,frtRoadHeavy
49AT,h0079,0.29411765,scr2003,mustOut,frtRoadHeavy
49AT,h0080,0.29411765,scr2003,mustOut,frtRoadHeavy
49AT,h0081,0.29411765,scr2003,mustOut,frtRoadHeavy
49AT,h0082,0.18375434525208498,scr2003,mustOut,frtRoadHeavy
49AT,h0083,0.18375434525208498,scr2003,mustOut,frtRoadHeavy
49AT,h0084,0.0822266732300788,scr2003,mustOut,frtRoadHeavy
49AT,h0085,0.0822266732300788,scr2003,mustOut,frtRoadHeavy
49AT,h0086,0.0,scr2003,mustOut,frtRoadHeavy
49AT,h0087,0.0822266732300788,scr2003,mustOut,frtRoadHeavy
49AT,h0088,0.18375434525208498,scr2003,mustOut,frtRoadHeavy
49AT,h0089,0.29411765,scr2003,mustOut,frtRoadHeavy
49AT,h0090,0.29411765,scr2003,mustOut,frtRoadHeavy
49AT,h0091,0.18375434525208498,scr2003,mustOut,frtRoadHeavy
49AT,h0092,0.18375434525208498,scr2003,mustOut,frtRoadHeavy
49AT,h0093,0.18375434525208498,scr2003,mustOut,frtRoadHeavy
49AT,h0094,0.29411765,scr2003,mustOut,frtRoadHeavy
49AT,h0095,0.29411765,scr2003,mustOut,frtRoadHeavy
49AT,h0096,0.18375434525208498,scr2003,mustOut,frtRoadHeavy
50AT,h0073,0.0822266732300788,scr2003,mustOut,frtRoadHeavy
50AT,h0074,0.0,scr2003,mustOut,frtRoadHeavy
50AT,h0075,0.0,scr2003,mustOut,frtRoadHeavy
50AT,h0076,0.0822266732300788,scr2003,mustOut,frtRoadHeavy
50AT,h0077,0.18375434525208498,scr2003,mustOut,frtRoadHeavy
50AT,h0078,0.29411765,scr2003,mustOut,frtRoadHeavy
50AT,h0079,0.29411765,scr2003,mustOut,frtRoadHeavy
50AT,h0080,0.29411765,scr2003,mustOut,frtRoadHeavy
50AT,h0081,0.29411765,scr2003,mustOut,frtRoadHeavy
50AT,h0082,0.18375434525208498,scr2003,mustOut,frtRoadHeavy
50AT,h0083,0.18375434525208498,scr2003,mustOut,frtRoadHeavy
50AT,h0084,0.0822266732300788,scr2003,mustOut,frtRoadHeavy
50AT,h0085,0.0822266732300788,scr2003,mustOut,frtRoadHeavy
50AT,h0086,0.0,scr2003,mustOut,frtRoadHeavy
50AT,h0087,0.0822266732300788,scr2003,mustOut,frtRoadHeavy
50AT,h0088,0.18375434525208498,scr2003,mustOut,frtRoadHeavy
50AT,h0089,0.29411765,scr2003,mustOut,frtRoadHeavy
50AT,h0090,0.29411765,scr2003,mustOut,frtRoadHeavy
50AT,h0091,0.18375434525208498,scr2003,mustOut,frtRoadHeavy
50AT,h0092,0.18375434525208498,scr2003,mustOut,frtRoadHeavy
50AT,h0093,0.18375434525208498,scr2003,mustOut,frtRoadHeavy
50AT,h0094,0.29411765,scr2003,mustOut,frtRoadHeavy
50AT,h0095,0.29411765,scr2003,mustOut,frtRoadHeavy
50AT,h0096,0.18375434525208498,scr2003,mustOut,frtRoadHeavy
51AT,h0073,0.0822266732300788,scr2003,mustOut,frtRoadHeavy
51AT,h0074,0.0,scr2003,mustOut,frtRoadHeavy
51AT,h0075,0.0,scr2003,mustOut,frtRoadHeavy
51AT,h0076,0.0822266732300788,scr2003,mustOut,frtRoadHeavy
51AT,h0077,0.18375434525208498,scr2003,mustOut,frtRoadHeavy
51AT,h0078,0.29411765,scr2003,mustOut,frtRoadHeavy
51AT,h0079,0.29411765,scr2003,mustOut,frtRoadHeavy
51AT,h0080,0.29411765,scr2003,mustOut,frtRoadHeavy
51AT,h0081,0.29411765,scr2003,mustOut,frtRoadHeavy
51AT,h0082,0.18375434525208498,scr2003,mustOut,frtRoadHeavy
51AT,h0083,0.18375434525208498,scr2003,mustOut,frtRoadHeavy
51AT,h0084,0.0822266732300788,scr2003,mustOut,frtRoadHeavy
51AT,h0085,0.0822266732300788,scr2003,mustOut,frtRoadHeavy
51AT,h0086,0.0,scr2003,mustOut,frtRoadHeavy
51AT,h0087,0.0822266732300788,scr2003,mustOut,frtRoadHeavy
51AT,h0088,0.18375434525208498,scr2003,mustOut,frtRoadHeavy
51AT,h0089,0.29411765,scr2003,mustOut,frtRoadHeavy
51AT,h0090,0.29411765,scr2003,mustOut,frtRoadHeavy
51AT,h0091,0.18375434525208498,scr2003,mustOut,frtRoadHeavy
51AT,h0092,0.18375434525208498,scr2003,mustOut,frtRoadHeavy
51AT,h0093,0.18375434525208498,scr2003,mustOut,frtRoadHeavy
51AT,h0094,0.29411765,scr2003,mustOut,frtRoadHeavy
51AT,h0095,0.29411765,scr2003,mustOut,frtRoadHeavy
51AT,h0096,0.18375434525208498,scr2003,mustOut,frtRoadHeavy
52IT,h0073,0.0822266732300788,scr2003,mustOut,frtRoadHeavy
52IT,h0074,0.0,scr2003,mustOut,frtRoadHeavy
52IT,h0075,0.0,scr2003,mustOut,frtRoadHeavy
52IT,h0076,0.0822266732300788,scr2003,mustOut,frtRoadHeavy
52IT,h0077,0.18375434525208498,scr2003,mustOut,frtRoadHeavy
52IT,h0078,0.29411765,scr2003,mustOut,frtRoadHeavy
52IT,h0079,0.29411765,scr2003,mustOut,frtRoadHeavy
52IT,h0080,0.29411765,scr2003,mustOut,frtRoadHeavy
52IT,h0081,0.29411765,scr2003,mustOut,frtRoadHeavy
52IT,h0082,0.18375434525208498,scr2003,mustOut,frtRoadHeavy
52IT,h0083,0.18375434525208498,scr2003,mustOut,frtRoadHeavy
52IT,h0084,0.0822266732300788,scr2003,mustOut,frtRoadHeavy
52IT,h0085,0.0822266732300788,scr2003,mustOut,frtRoadHeavy
52IT,h0086,0.0,scr2003,mustOut,frtRoadHeavy
52IT,h0087,0.0822266732300788,scr2003,mustOut,frtRoadHeavy
52IT,h0088,0.18375434525208498,scr2003,mustOut,frtRoadHeavy
52IT,h0089,0.29411765,scr2003,mustOut,frtRoadHeavy
52IT,h0090,0.29411765,scr2003,mustOut,frtRoadHeavy
52IT,h0091,0.18375434525208498,scr2003,mustOut,frtRoadHeavy
52IT,h0092,0.18375434525208498,scr2003,mustOut,frtRoadHeavy
52IT,h0093,0.18375434525208498,scr2003,mustOut,frtRoadHeavy
52IT,h0094,0.29411765,scr2003,mustOut,frtRoadHeavy
52IT,h0095,0.29411765,scr2003,mustOut,frtRoadHeavy
52IT,h0096,0.18375434525208498,scr2003,mustOut,frtRoadHeavy
53IT,h0073,0.0822266732300788,scr2003,mustOut,frtRoadHeavy
53IT,h0074,0.0,scr2003,mustOut,frtRoadHeavy
53IT,h0075,0.0,scr2003,mustOut,frtRoadHeavy
53IT,h0076,0.0822266732300788,scr2003,mustOut,frtRoadHeavy
53IT,h0077,0.18375434525208498,scr2003,mustOut,frtRoadHeavy
53IT,h0078,0.29411765,scr2003,mustOut,frtRoadHeavy
53IT,h0079,0.29411765,scr2003,mustOut,frtRoadHeavy
53IT,h0080,0.29411765,scr2003,mustOut,frtRoadHeavy
53IT,h0081,0.29411765,scr2003,mustOut,frtRoadHeavy
53IT,h0082,0.18375434525208498,scr2003,mustOut,frtRoadHeavy
53IT,h0083,0.18375434525208498,scr2003,mustOut,frtRoadHeavy
53IT,h0084,0.0822266732300788,scr2003,mustOut,frtRoadHeavy
53IT,h0085,0.0822266732300788,scr2003,mustOut,frtRoadHeavy
53IT,h0086,0.0,scr2003,mustOut,frtRoadHeavy
53IT,h0087,0.0822266732300788,scr2003,mustOut,frtRoadHeavy
53IT,h0088,0.18375434525208498,scr2003,mustOut,frtRoadHeavy
53IT,h0089,0.29411765,scr2003,mustOut,frtRoadHeavy
53IT,h0090,0.29411765,scr2003,mustOut,frtRoadHeavy
53IT,h0091,0.18375434525208498,scr2003,mustOut,frtRoadHeavy
53IT,h0092,0.18375434525208498,scr2003,mustOut,frtRoadHeavy
53IT,h0093,0.18375434525208498,scr2003,mustOut,frtRoadHeavy
53IT,h0094,0.29411765,scr2003,mustOut,frtRoadHeavy
53IT,h0095,0.29411765,scr2003,mustOut,frtRoadHeavy
53IT,h0096,0.18375434525208498,scr2003,mustOut,frtRoadHeavy
54IT,h0073,0.0822266732300788,scr2003,mustOut,frtRoadHeavy
54IT,h0074,0.0,scr2003,mustOut,frtRoadHeavy
54IT,h0075,0.0,scr2003,mustOut,frtRoadHeavy
54IT,h0076,0.0822266732300788,scr2003,mustOut,frtRoadHeavy
54IT,h0077,0.18375434525208498,scr2003,mustOut,frtRoadHeavy
54IT,h0078,0.29411765,scr2003,mustOut,frtRoadHeavy
54IT,h0079,0.29411765,scr2003,mustOut,frtRoadHeavy
54IT,h0080,0.29411765,scr2003,mustOut,frtRoadHeavy
54IT,h0081,0.29411765,scr2003,mustOut,frtRoadHeavy
54IT,h0082,0.18375434525208498,scr2003,mustOut,frtRoadHeavy
54IT,h0083,0.18375434525208498,scr2003,mustOut,frtRoadHeavy
54IT,h0084,0.0822266732300788,scr2003,mustOut,frtRoadHeavy
54IT,h0085,0.0822266732300788,scr2003,mustOut,frtRoadHeavy
54IT,h0086,0.0,scr2003,mustOut,frtRoadHeavy
54IT,h0087,0.0822266732300788,scr2003,mustOut,frtRoadHeavy
54IT,h0088,0.18375434525208498,scr2003,mustOut,frtRoadHeavy
54IT,h0089,0.29411765,scr2003,mustOut,frtRoadHeavy
54IT,h0090,0.29411765,scr2003,mustOut,frtRoadHeavy
54IT,h0091,0.18375434525208498,scr2003,mustOut,frtRoadHeavy
54IT,h0092,0.18375434525208498,scr2003,mustOut,frtRoadHeavy
54IT,h0093,0.18375434525208498,scr2003,mustOut,frtRoadHeavy
54IT,h0094,0.29411765,scr2003,mustOut,frtRoadHeavy
54IT,h0095,0.29411765,scr2003,mustOut,frtRoadHeavy
54IT,h0096,0.18375434525208498,scr2003,mustOut,frtRoadHeavy
55IT,h0073,0.0822266732300788,scr2003,mustOut,frtRoadHeavy
55IT,h0074,0.0,scr2003,mustOut,frtRoadHeavy
55IT,h0075,0.0,scr2003,mustOut,frtRoadHeavy
55IT,h0076,0.0822266732300788,scr2003,mustOut,frtRoadHeavy
55IT,h0077,0.18375434525208498,scr2003,mustOut,frtRoadHeavy
55IT,h0078,0.29411765,scr2003,mustOut,frtRoadHeavy
55IT,h0079,0.29411765,scr2003,mustOut,frtRoadHeavy
55IT,h0080,0.29411765,scr2003,mustOut,frtRoadHeavy
55IT,h0081,0.29411765,scr2003,mustOut,frtRoadHeavy
55IT,h0082,0.18375434525208498,scr2003,mustOut,frtRoadHeavy
55IT,h0083,0.18375434525208498,scr2003,mustOut,frtRoadHeavy
55IT,h0084,0.0822266732300788,scr2003,mustOut,frtRoadHeavy
55IT,h0085,0.0822266732300788,scr2003,mustOut,frtRoadHeavy
55IT,h0086,0.0,scr2003,mustOut,frtRoadHeavy
55IT,h0087,0.0822266732300788,scr2003,mustOut,frtRoadHeavy
55IT,h0088,0.18375434525208498,scr2003,mustOut,frtRoadHeavy
55IT,h0089,0.29411765,scr2003,mustOut,frtRoadHeavy
55IT,h0090,0.29411765,scr2003,mustOut,frtRoadHeavy
55IT,h0091,0.18375434525208498,scr2003,mustOut,frtRoadHeavy
55IT,h0092,0.18375434525208498,scr2003,mustOut,frtRoadHeavy
55IT,h0093,0.18375434525208498,scr2003,mustOut,frtRoadHeavy
55IT,h0094,0.29411765,scr2003,mustOut,frtRoadHeavy
55IT,h0095,0.29411765,scr2003,mustOut,frtRoadHeavy
55IT,h0096,0.18375434525208498,scr2003,mustOut,frtRoadHeavy
56IT,h0073,0.0822266732300788,scr2003,mustOut,frtRoadHeavy
56IT,h0074,0.0,scr2003,mustOut,frtRoadHeavy
56IT,h0075,0.0,scr2003,mustOut,frtRoadHeavy
56IT,h0076,0.0822266732300788,scr2003,mustOut,frtRoadHeavy
56IT,h0077,0.18375434525208498,scr2003,mustOut,frtRoadHeavy
56IT,h0078,0.29411765,scr2003,mustOut,frtRoadHeavy
56IT,h0079,0.29411765,scr2003,mustOut,frtRoadHeavy
56IT,h0080,0.29411765,scr2003,mustOut,frtRoadHeavy
56IT,h0081,0.29411765,scr2003,mustOut,frtRoadHeavy
56IT,h0082,0.18375434525208498,scr2003,mustOut,frtRoadHeavy
56IT,h0083,0.18375434525208498,scr2003,mustOut,frtRoadHeavy
56IT,h0084,0.0822266732300788,scr2003,mustOut,frtRoadHeavy
56IT,h0085,0.0822266732300788,scr2003,mustOut,frtRoadHeavy
56IT,h0086,0.0,scr2003,mustOut,frtRoadHeavy
56IT,h0087,0.0822266732300788,scr2003,mustOut,frtRoadHeavy
56IT,h0088,0.18375434525208498,scr2003,mustOut,frtRoadHeavy
56IT,h0089,0.29411765,scr2003,mustOut,frtRoadHeavy
56IT,h0090,0.29411765,scr2003,mustOut,frtRoadHeavy
56IT,h0091,0.18375434525208498,scr2003,mustOut,frtRoadHeavy
56IT,h0092,0.18375434525208498,scr2003,mustOut,frtRoadHeavy
56IT,h0093,0.18375434525208498,scr2003,mustOut,frtRoadHeavy
56IT,h0094,0.29411765,scr2003,mustOut,frtRoadHeavy
56IT,h0095,0.29411765,scr2003,mustOut,frtRoadHeavy
56IT,h0096,0.18375434525208498,scr2003,mustOut,frtRoadHeavy
57SI,h0073,0.0822266732300788,scr2003,mustOut,frtRoadHeavy
57SI,h0074,0.0,scr2003,mustOut,frtRoadHeavy
57SI,h0075,0.0,scr2003,mustOut,frtRoadHeavy
57SI,h0076,0.0822266732300788,scr2003,mustOut,frtRoadHeavy
57SI,h0077,0.18375434525208498,scr2003,mustOut,frtRoadHeavy
57SI,h0078,0.29411765,scr2003,mustOut,frtRoadHeavy
57SI,h0079,0.29411765,scr2003,mustOut,frtRoadHeavy
57SI,h0080,0.29411765,scr2003,mustOut,frtRoadHeavy
57SI,h0081,0.29411765,scr2003,mustOut,frtRoadHeavy
57SI,h0082,0.18375434525208498,scr2003,mustOut,frtRoadHeavy
57SI,h0083,0.18375434525208498,scr2003,mustOut,frtRoadHeavy
57SI,h0084,0.0822266732300788,scr2003,mustOut,frtRoadHeavy
57SI,h0085,0.0822266732300788,scr2003,mustOut,frtRoadHeavy
57SI,h0086,0.0,scr2003,mustOut,frtRoadHeavy
57SI,h0087,0.0822266732300788,scr2003,mustOut,frtRoadHeavy
57SI,h0088,0.18375434525208498,scr2003,mustOut,frtRoadHeavy
57SI,h0089,0.29411765,scr2003,mustOut,frtRoadHeavy
57SI,h0090,0.29411765,scr2003,mustOut,frtRoadHeavy
57SI,h0091,0.18375434525208498,scr2003,mustOut,frtRoadHeavy
57SI,h0092,0.18375434525208498,scr2003,mustOut,frtRoadHeavy
57SI,h0093,0.18375434525208498,scr2003,mustOut,frtRoadHeavy
57SI,h0094,0.29411765,scr2003,mustOut,frtRoadHeavy
57SI,h0095,0.29411765,scr2003,mustOut,frtRoadHeavy
57SI,h0096,0.18375434525208498,scr2003,mustOut,frtRoadHeavy
58HU,h0073,0.0822266732300788,scr2003,mustOut,frtRoadHeavy
58HU,h0074,0.0,scr2003,mustOut,frtRoadHeavy
58HU,h0075,0.0,scr2003,mustOut,frtRoadHeavy
58HU,h0076,0.0822266732300788,scr2003,mustOut,frtRoadHeavy
58HU,h0077,0.18375434525208498,scr2003,mustOut,frtRoadHeavy
58HU,h0078,0.29411765,scr2003,mustOut,frtRoadHeavy
58HU,h0079,0.29411765,scr2003,mustOut,frtRoadHeavy
58HU,h0080,0.29411765,scr2003,mustOut,frtRoadHeavy
58HU,h0081,0.29411765,scr2003,mustOut,frtRoadHeavy
58HU,h0082,0.18375434525208498,scr2003,mustOut,frtRoadHeavy
58HU,h0083,0.18375434525208498,scr2003,mustOut,frtRoadHeavy
58HU,h0084,0.0822266732300788,scr2003,mustOut,frtRoadHeavy
58HU,h0085,0.0822266732300788,scr2003,mustOut,frtRoadHeavy
58HU,h0086,0.0,scr2003,mustOut,frtRoadHeavy
58HU,h0087,0.0822266732300788,scr2003,mustOut,frtRoadHeavy
58HU,h0088,0.18375434525208498,scr2003,mustOut,frtRoadHeavy
58HU,h0089,0.29411765,scr2003,mustOut,frtRoadHeavy
58HU,h0090,0.29411765,scr2003,mustOut,frtRoadHeavy
58HU,h0091,0.18375434525208498,scr2003,mustOut,frtRoadHeavy
58HU,h0092,0.18375434525208498,scr2003,mustOut,frtRoadHeavy
58HU,h0093,0.18375434525208498,scr2003,mustOut,frtRoadHeavy
58HU,h0094,0.29411765,scr2003,mustOut,frtRoadHeavy
58HU,h0095,0.29411765,scr2003,mustOut,frtRoadHeavy
58HU,h0096,0.18375434525208498,scr2003,mustOut,frtRoadHeavy
59RO,h0073,0.0822266732300788,scr2003,mustOut,frtRoadHeavy
59RO,h0074,0.0,scr2003,mustOut,frtRoadHeavy
59RO,h0075,0.0,scr2003,mustOut,frtRoadHeavy
59RO,h0076,0.0822266732300788,scr2003,mustOut,frtRoadHeavy
59RO,h0077,0.18375434525208498,scr2003,mustOut,frtRoadHeavy
59RO,h0078,0.29411765,scr2003,mustOut,frtRoadHeavy
59RO,h0079,0.29411765,scr2003,mustOut,frtRoadHeavy
59RO,h0080,0.29411765,scr2003,mustOut,frtRoadHeavy
59RO,h0081,0.29411765,scr2003,mustOut,frtRoadHeavy
59RO,h0082,0.18375434525208498,scr2003,mustOut,frtRoadHeavy
59RO,h0083,0.18375434525208498,scr2003,mustOut,frtRoadHeavy
59RO,h0084,0.0822266732300788,scr2003,mustOut,frtRoadHeavy
59RO,h0085,0.0822266732300788,scr2003,mustOut,frtRoadHeavy
59RO,h0086,0.0,scr2003,mustOut,frtRoadHeavy
59RO,h0087,0.0822266732300788,scr2003,mustOut,frtRoadHeavy
59RO,h0088,0.18375434525208498,scr2003,mustOut,frtRoadHeavy
59RO,h0089,0.29411765,scr2003,mustOut,frtRoadHeavy
59RO,h0090,0.29411765,scr2003,mustOut,frtRoadHeavy
59RO,h0091,0.18375434525208498,scr2003,mustOut,frtRoadHeavy
59RO,h0092,0.18375434525208498,scr2003,mustOut,frtRoadHeavy
59RO,h0093,0.18375434525208498,scr2003,mustOut,frtRoadHeavy
59RO,h0094,0.29411765,scr2003,mustOut,frtRoadHeavy
59RO,h0095,0.29411765,scr2003,mustOut,frtRoadHeavy
59RO,h0096,0.18375434525208498,scr2003,mustOut,frtRoadHeavy
60RO,h0073,0.0822266732300788,scr2003,mustOut,frtRoadHeavy
60RO,h0074,0.0,scr2003,mustOut,frtRoadHeavy
60RO,h0075,0.0,scr2003,mustOut,frtRoadHeavy
60RO,h0076,0.0822266732300788,scr2003,mustOut,frtRoadHeavy
60RO,h0077,0.18375434525208498,scr2003,mustOut,frtRoadHeavy
60RO,h0078,0.29411765,scr2003,mustOut,frtRoadHeavy
60RO,h0079,0.29411765,scr2003,mustOut,frtRoadHeavy
60RO,h0080,0.29411765,scr2003,mustOut,frtRoadHeavy
60RO,h0081,0.29411765,scr2003,mustOut,frtRoadHeavy
60RO,h0082,0.18375434525208498,scr2003,mustOut,frtRoadHeavy
60RO,h0083,0.18375434525208498,scr2003,mustOut,frtRoadHeavy
60RO,h0084,0.0822266732300788,scr2003,mustOut,frtRoadHeavy
60RO,h0085,0.0822266732300788,scr2003,mustOut,frtRoadHeavy
60RO,h0086,0.0,scr2003,mustOut,frtRoadHeavy
60RO,h0087,0.0822266732300788,scr2003,mustOut,frtRoadHeavy
60RO,h0088,0.18375434525208498,scr2003,mustOut,frtRoadHeavy
60RO,h0089,0.29411765,scr2003,mustOut,frtRoadHeavy
60RO,h0090,0.29411765,scr2003,mustOut,frtRoadHeavy
60RO,h0091,0.18375434525208498,scr2003,mustOut,frtRoadHeavy
60RO,h0092,0.18375434525208498,scr2003,mustOut,frtRoadHeavy
60RO,h0093,0.18375434525208498,scr2003,mustOut,frtRoadHeavy
60RO,h0094,0.29411765,scr2003,mustOut,frtRoadHeavy
60RO,h0095,0.29411765,scr2003,mustOut,frtRoadHeavy
60RO,h0096,0.18375434525208498,scr2003,mustOut,frtRoadHeavy
61RO,h0073,0.0822266732300788,scr2003,mustOut,frtRoadHeavy
61RO,h0074,0.0,scr2003,mustOut,frtRoadHeavy
61RO,h0075,0.0,scr2003,mustOut,frtRoadHeavy
61RO,h0076,0.0822266732300788,scr2003,mustOut,frtRoadHeavy
61RO,h0077,0.18375434525208498,scr2003,mustOut,frtRoadHeavy
61RO,h0078,0.29411765,scr2003,mustOut,frtRoadHeavy
61RO,h0079,0.29411765,scr2003,mustOut,frtRoadHeavy
61RO,h0080,0.29411765,scr2003,mustOut,frtRoadHeavy
61RO,h0081,0.29411765,scr2003,mustOut,frtRoadHeavy
61RO,h0082,0.18375434525208498,scr2003,mustOut,frtRoadHeavy
61RO,h0083,0.18375434525208498,scr2003,mustOut,frtRoadHeavy
61RO,h0084,0.0822266732300788,scr2003,mustOut,frtRoadHeavy
61RO,h0085,0.0822266732300788,scr2003,mustOut,frtRoadHeavy
61RO,h0086,0.0,scr2003,mustOut,frtRoadHeavy
61RO,h0087,0.0822266732300788,scr2003,mustOut,frtRoadHeavy
61RO,h0088,0.18375434525208498,scr2003,mustOut,frtRoadHeavy
61RO,h0089,0.29411765,scr2003,mustOut,frtRoadHeavy
61RO,h0090,0.29411765,scr2003,mustOut,frtRoadHeavy
61RO,h0091,0.18375434525208498,scr2003,mustOut,frtRoadHeavy
61RO,h0092,0.18375434525208498,scr2003,mustOut,frtRoadHeavy
61RO,h0093,0.18375434525208498,scr2003,mustOut,frtRoadHeavy
61RO,h0094,0.29411765,scr2003,mustOut,frtRoadHeavy
61RO,h0095,0.29411765,scr2003,mustOut,frtRoadHeavy
61RO,h0096,0.18375434525208498,scr2003,mustOut,frtRoadHeavy
62HR,h0073,0.0822266732300788,scr2003,mustOut,frtRoadHeavy
62HR,h0074,0.0,scr2003,mustOut,frtRoadHeavy
62HR,h0075,0.0,scr2003,mustOut,frtRoadHeavy
62HR,h0076,0.0822266732300788,scr2003,mustOut,frtRoadHeavy
62HR,h0077,0.18375434525208498,scr2003,mustOut,frtRoadHeavy
62HR,h0078,0.29411765,scr2003,mustOut,frtRoadHeavy
62HR,h0079,0.29411765,scr2003,mustOut,frtRoadHeavy
62HR,h0080,0.29411765,scr2003,mustOut,frtRoadHeavy
62HR,h0081,0.29411765,scr2003,mustOut,frtRoadHeavy
62HR,h0082,0.18375434525208498,scr2003,mustOut,frtRoadHeavy
62HR,h0083,0.18375434525208498,scr2003,mustOut,frtRoadHeavy
62HR,h0084,0.0822266732300788,scr2003,mustOut,frtRoadHeavy
62HR,h0085,0.0822266732300788,scr2003,mustOut,frtRoadHeavy
62HR,h0086,0.0,scr2003,mustOut,frtRoadHeavy
62HR,h0087,0.0822266732300788,scr2003,mustOut,frtRoadHeavy
62HR,h0088,0.18375434525208498,scr2003,mustOut,frtRoadHeavy
62HR,h0089,0.29411765,scr2003,mustOut,frtRoadHeavy
62HR,h0090,0.29411765,scr2003,mustOut,frtRoadHeavy
62HR,h0091,0.18375434525208498,scr2003,mustOut,frtRoadHeavy
62HR,h0092,0.18375434525208498,scr2003,mustOut,frtRoadHeavy
62HR,h0093,0.18375434525208498,scr2003,mustOut,frtRoadHeavy
62HR,h0094,0.29411765,scr2003,mustOut,frtRoadHeavy
62HR,h0095,0.29411765,scr2003,mustOut,frtRoadHeavy
62HR,h0096,0.18375434525208498,scr2003,mustOut,frtRoadHeavy
63BA,h0073,0.0822266732300788,scr2003,mustOut,frtRoadHeavy
63BA,h0074,0.0,scr2003,mustOut,frtRoadHeavy
63BA,h0075,0.0,scr2003,mustOut,frtRoadHeavy
63BA,h0076,0.0822266732300788,scr2003,mustOut,frtRoadHeavy
63BA,h0077,0.18375434525208498,scr2003,mustOut,frtRoadHeavy
63BA,h0078,0.29411765,scr2003,mustOut,frtRoadHeavy
63BA,h0079,0.29411765,scr2003,mustOut,frtRoadHeavy
63BA,h0080,0.29411765,scr2003,mustOut,frtRoadHeavy
63BA,h0081,0.29411765,scr2003,mustOut,frtRoadHeavy
63BA,h0082,0.18375434525208498,scr2003,mustOut,frtRoadHeavy
63BA,h0083,0.18375434525208498,scr2003,mustOut,frtRoadHeavy
63BA,h0084,0.0822266732300788,scr2003,mustOut,frtRoadHeavy
63BA,h0085,0.0822266732300788,scr2003,mustOut,frtRoadHeavy
63BA,h0086,0.0,scr2003,mustOut,frtRoadHeavy
63BA,h0087,0.0822266732300788,scr2003,mustOut,frtRoadHeavy
63BA,h0088,0.18375434525208498,scr2003,mustOut,frtRoadHeavy
63BA,h0089,0.29411765,scr2003,mustOut,frtRoadHeavy
63BA,h0090,0.29411765,scr2003,mustOut,frtRoadHeavy
63BA,h0091,0.18375434525208498,scr2003,mustOut,frtRoadHeavy
63BA,h0092,0.18375434525208498,scr2003,mustOut,frtRoadHeavy
63BA,h0093,0.18375434525208498,scr2003,mustOut,frtRoadHeavy
63BA,h0094,0.29411765,scr2003,mustOut,frtRoadHeavy
63BA,h0095,0.29411765,scr2003,mustOut,frtRoadHeavy
63BA,h0096,0.18375434525208498,scr2003,mustOut,frtRoadHeavy
64ME,h0073,0.0822266732300788,scr2003,mustOut,frtRoadHeavy
64ME,h0074,0.0,scr2003,mustOut,frtRoadHeavy
64ME,h0075,0.0,scr2003,mustOut,frtRoadHeavy
64ME,h0076,0.0822266732300788,scr2003,mustOut,frtRoadHeavy
64ME,h0077,0.18375434525208498,scr2003,mustOut,frtRoadHeavy
64ME,h0078,0.29411765,scr2003,mustOut,frtRoadHeavy
64ME,h0079,0.29411765,scr2003,mustOut,frtRoadHeavy
64ME,h0080,0.29411765,scr2003,mustOut,frtRoadHeavy
64ME,h0081,0.29411765,scr2003,mustOut,frtRoadHeavy
64ME,h0082,0.18375434525208498,scr2003,mustOut,frtRoadHeavy
64ME,h0083,0.18375434525208498,scr2003,mustOut,frtRoadHeavy
64ME,h0084,0.0822266732300788,scr2003,mustOut,frtRoadHeavy
64ME,h0085,0.0822266732300788,scr2003,mustOut,frtRoadHeavy
64ME,h0086,0.0,scr2003,mustOut,frtRoadHeavy
64ME,h0087,0.0822266732300788,scr2003,mustOut,frtRoadHeavy
64ME,h0088,0.18375434525208498,scr2003,mustOut,frtRoadHeavy
64ME,h0089,0.29411765,scr2003,mustOut,frtRoadHeavy
64ME,h0090,0.29411765,scr2003,mustOut,frtRoadHeavy
64ME,h0091,0.18375434525208498,scr2003,mustOut,frtRoadHeavy
64ME,h0092,0.18375434525208498,scr2003,mustOut,frtRoadHeavy
64ME,h0093,0.18375434525208498,scr2003,mustOut,frtRoadHeavy
64ME,h0094,0.29411765,scr2003,mustOut,frtRoadHeavy
64ME,h0095,0.29411765,scr2003,mustOut,frtRoadHeavy
64ME,h0096,0.18375434525208498,scr2003,mustOut,frtRoadHeavy
65RS,h0073,0.0822266732300788,scr2003,mustOut,frtRoadHeavy
65RS,h0074,0.0,scr2003,mustOut,frtRoadHeavy
65RS,h0075,0.0,scr2003,mustOut,frtRoadHeavy
65RS,h0076,0.0822266732300788,scr2003,mustOut,frtRoadHeavy
65RS,h0077,0.18375434525208498,scr2003,mustOut,frtRoadHeavy
65RS,h0078,0.29411765,scr2003,mustOut,frtRoadHeavy
65RS,h0079,0.29411765,scr2003,mustOut,frtRoadHeavy
65RS,h0080,0.29411765,scr2003,mustOut,frtRoadHeavy
65RS,h0081,0.29411765,scr2003,mustOut,frtRoadHeavy
65RS,h0082,0.18375434525208498,scr2003,mustOut,frtRoadHeavy
65RS,h0083,0.18375434525208498,scr2003,mustOut,frtRoadHeavy
65RS,h0084,0.0822266732300788,scr2003,mustOut,frtRoadHeavy
65RS,h0085,0.0822266732300788,scr2003,mustOut,frtRoadHeavy
65RS,h0086,0.0,scr2003,mustOut,frtRoadHeavy
65RS,h0087,0.0822266732300788,scr2003,mustOut,frtRoadHeavy
65RS,h0088,0.18375434525208498,scr2003,mustOut,frtRoadHeavy
65RS,h0089,0.29411765,scr2003,mustOut,frtRoadHeavy
65RS,h0090,0.29411765,scr2003,mustOut,frtRoadHeavy
65RS,h0091,0.18375434525208498,scr2003,mustOut,frtRoadHeavy
65RS,h0092,0.18375434525208498,scr2003,mustOut,frtRoadHeavy
65RS,h0093,0.18375434525208498,scr2003,mustOut,frtRoadHeavy
65RS,h0094,0.29411765,scr2003,mustOut,frtRoadHeavy
65RS,h0095,0.29411765,scr2003,mustOut,frtRoadHeavy
65RS,h0096,0.18375434525208498,scr2003,mustOut,frtRoadHeavy
66BG,h0073,0.0822266732300788,scr2003,mustOut,frtRoadHeavy
66BG,h0074,0.0,scr2003,mustOut,frtRoadHeavy
66BG,h0075,0.0,scr2003,mustOut,frtRoadHeavy
66BG,h0076,0.0822266732300788,scr2003,mustOut,frtRoadHeavy
66BG,h0077,0.18375434525208498,scr2003,mustOut,frtRoadHeavy
66BG,h0078,0.29411765,scr2003,mustOut,frtRoadHeavy
66BG,h0079,0.29411765,scr2003,mustOut,frtRoadHeavy
66BG,h0080,0.29411765,scr2003,mustOut,frtRoadHeavy
66BG,h0081,0.29411765,scr2003,mustOut,frtRoadHeavy
66BG,h0082,0.18375434525208498,scr2003,mustOut,frtRoadHeavy
66BG,h0083,0.18375434525208498,scr2003,mustOut,frtRoadHeavy
66BG,h0084,0.0822266732300788,scr2003,mustOut,frtRoadHeavy
66BG,h0085,0.0822266732300788,scr2003,mustOut,frtRoadHeavy
66BG,h0086,0.0,scr2003,mustOut,frtRoadHeavy
66BG,h0087,0.0822266732300788,scr2003,mustOut,frtRoadHeavy
66BG,h0088,0.18375434525208498,scr2003,mustOut,frtRoadHeavy
66BG,h0089,0.29411765,scr2003,mustOut,frtRoadHeavy
66BG,h0090,0.29411765,scr2003,mustOut,frtRoadHeavy
66BG,h0091,0.18375434525208498,scr2003,mustOut,frtRoadHeavy
66BG,h0092,0.18375434525208498,scr2003,mustOut,frtRoadHeavy
66BG,h0093,0.18375434525208498,scr2003,mustOut,frtRoadHeavy
66BG,h0094,0.29411765,scr2003,mustOut,frtRoadHeavy
66BG,h0095,0.29411765,scr2003,mustOut,frtRoadHeavy
66BG,h0096,0.18375434525208498,scr2003,mustOut,frtRoadHeavy
67MK,h0073,0.0822266732300788,scr2003,mustOut,frtRoadHeavy
67MK,h0074,0.0,scr2003,mustOut,frtRoadHeavy
67MK,h0075,0.0,scr2003,mustOut,frtRoadHeavy
67MK,h0076,0.0822266732300788,scr2003,mustOut,frtRoadHeavy
67MK,h0077,0.18375434525208498,scr2003,mustOut,frtRoadHeavy
67MK,h0078,0.29411765,scr2003,mustOut,frtRoadHeavy
67MK,h0079,0.29411765,scr2003,mustOut,frtRoadHeavy
67MK,h0080,0.29411765,scr2003,mustOut,frtRoadHeavy
67MK,h0081,0.29411765,scr2003,mustOut,frtRoadHeavy
67MK,h0082,0.18375434525208498,scr2003,mustOut,frtRoadHeavy
67MK,h0083,0.18375434525208498,scr2003,mustOut,frtRoadHeavy
67MK,h0084,0.0822266732300788,scr2003,mustOut,frtRoadHeavy
67MK,h0085,0.0822266732300788,scr2003,mustOut,frtRoadHeavy
67MK,h0086,0.0,scr2003,mustOut,frtRoadHeavy
67MK,h0087,0.0822266732300788,scr2003,mustOut,frtRoadHeavy
67MK,h0088,0.18375434525208498,scr2003,mustOut,frtRoadHeavy
67MK,h0089,0.29411765,scr2003,mustOut,frtRoadHeavy
67MK,h0090,0.29411765,scr2003,mustOut,frtRoadHeavy
67MK,h0091,0.18375434525208498,scr2003,mustOut,frtRoadHeavy
67MK,h0092,0.18375434525208498,scr2003,mustOut,frtRoadHeavy
67MK,h0093,0.18375434525208498,scr2003,mustOut,frtRoadHeavy
67MK,h0094,0.29411765,scr2003,mustOut,frtRoadHeavy
67MK,h0095,0.29411765,scr2003,mustOut,frtRoadHeavy
67MK,h0096,0.18375434525208498,scr2003,mustOut,frtRoadHeavy
68GR,h0073,0.0822266732300788,scr2003,mustOut,frtRoadHeavy
68GR,h0074,0.0,scr2003,mustOut,frtRoadHeavy
68GR,h0075,0.0,scr2003,mustOut,frtRoadHeavy
68GR,h0076,0.0822266732300788,scr2003,mustOut,frtRoadHeavy
68GR,h0077,0.18375434525208498,scr2003,mustOut,frtRoadHeavy
68GR,h0078,0.29411765,scr2003,mustOut,frtRoadHeavy
68GR,h0079,0.29411765,scr2003,mustOut,frtRoadHeavy
68GR,h0080,0.29411765,scr2003,mustOut,frtRoadHeavy
68GR,h0081,0.29411765,scr2003,mustOut,frtRoadHeavy
68GR,h0082,0.18375434525208498,scr2003,mustOut,frtRoadHeavy
68GR,h0083,0.18375434525208498,scr2003,mustOut,frtRoadHeavy
68GR,h0084,0.0822266732300788,scr2003,mustOut,frtRoadHeavy
68GR,h0085,0.0822266732300788,scr2003,mustOut,frtRoadHeavy
68GR,h0086,0.0,scr2003,mustOut,frtRoadHeavy
68GR,h0087,0.0822266732300788,scr2003,mustOut,frtRoadHeavy
68GR,h0088,0.18375434525208498,scr2003,mustOut,frtRoadHeavy
68GR,h0089,0.29411765,scr2003,mustOut,frtRoadHeavy
68GR,h0090,0.29411765,scr2003,mustOut,frtRoadHeavy
68GR,h0091,0.18375434525208498,scr2003,mustOut,frtRoadHeavy
68GR,h0092,0.18375434525208498,scr2003,mustOut,frtRoadHeavy
68GR,h0093,0.18375434525208498,scr2003,mustOut,frtRoadHeavy
68GR,h0094,0.29411765,scr2003,mustOut,frtRoadHeavy
68GR,h0095,0.29411765,scr2003,mustOut,frtRoadHeavy
68GR,h0096,0.18375434525208498,scr2003,mustOut,frtRoadHeavy
69GR,h0073,0.0822266732300788,scr2003,mustOut,frtRoadHeavy
69GR,h0074,0.0,scr2003,mustOut,frtRoadHeavy
69GR,h0075,0.0,scr2003,mustOut,frtRoadHeavy
69GR,h0076,0.0822266732300788,scr2003,mustOut,frtRoadHeavy
69GR,h0077,0.18375434525208498,scr2003,mustOut,frtRoadHeavy
69GR,h0078,0.29411765,scr2003,mustOut,frtRoadHeavy
69GR,h0079,0.29411765,scr2003,mustOut,frtRoadHeavy
69GR,h0080,0.29411765,scr2003,mustOut,frtRoadHeavy
69GR,h0081,0.29411765,scr2003,mustOut,frtRoadHeavy
69GR,h0082,0.18375434525208498,scr2003,mustOut,frtRoadHeavy
69GR,h0083,0.18375434525208498,scr2003,mustOut,frtRoadHeavy
69GR,h0084,0.0822266732300788,scr2003,mustOut,frtRoadHeavy
69GR,h0085,0.0822266732300788,scr2003,mustOut,frtRoadHeavy
69GR,h0086,0.0,scr2003,mustOut,frtRoadHeavy
69GR,h0087,0.0822266732300788,scr2003,mustOut,frtRoadHeavy
69GR,h0088,0.18375434525208498,scr2003,mustOut,frtRoadHeavy
69GR,h0089,0.29411765,scr2003,mustOut,frtRoadHeavy
69GR,h0090,0.29411765,scr2003,mustOut,frtRoadHeavy
69GR,h0091,0.18375434525208498,scr2003,mustOut,frtRoadHeavy
69GR,h0092,0.18375434525208498,scr2003,mustOut,frtRoadHeavy
69GR,h0093,0.18375434525208498,scr2003,mustOut,frtRoadHeavy
69GR,h0094,0.29411765,scr2003,mustOut,frtRoadHeavy
69GR,h0095,0.29411765,scr2003,mustOut,frtRoadHeavy
69GR,h0096,0.18375434525208498,scr2003,mustOut,frtRoadHeavy
70AL,h0073,0.0822266732300788,scr2003,mustOut,frtRoadHeavy
70AL,h0074,0.0,scr2003,mustOut,frtRoadHeavy
70AL,h0075,0.0,scr2003,mustOut,frtRoadHeavy
70AL,h0076,0.0822266732300788,scr2003,mustOut,frtRoadHeavy
70AL,h0077,0.18375434525208498,scr2003,mustOut,frtRoadHeavy
70AL,h0078,0.29411765,scr2003,mustOut,frtRoadHeavy
70AL,h0079,0.29411765,scr2003,mustOut,frtRoadHeavy
70AL,h0080,0.29411765,scr2003,mustOut,frtRoadHeavy
70AL,h0081,0.29411765,scr2003,mustOut,frtRoadHeavy
70AL,h0082,0.18375434525208498,scr2003,mustOut,frtRoadHeavy
70AL,h0083,0.18375434525208498,scr2003,mustOut,frtRoadHeavy
70AL,h0084,0.0822266732300788,scr2003,mustOut,frtRoadHeavy
70AL,h0085,0.0822266732300788,scr2003,mustOut,frtRoadHeavy
70AL,h0086,0.0,scr2003,mustOut,frtRoadHeavy
70AL,h0087,0.0822266732300788,scr2003,mustOut,frtRoadHeavy
70AL,h0088,0.18375434525208498,scr2003,mustOut,frtRoadHeavy
70AL,h0089,0.29411765,scr2003,mustOut,frtRoadHeavy
70AL,h0090,0.29411765,scr2003,mustOut,frtRoadHeavy
70AL,h0091,0.18375434525208498,scr2003,mustOut,frtRoadHeavy
70AL,h0092,0.18375434525208498,scr2003,mustOut,frtRoadHeavy
70AL,h0093,0.18375434525208498,scr2003,mustOut,frtRoadHeavy
70AL,h0094,0.29411765,scr2003,mustOut,frtRoadHeavy
70AL,h0095,0.29411765,scr2003,mustOut,frtRoadHeavy
70AL,h0096,0.18375434525208498,scr2003,mustOut,frtRoadHeavy
72DK,h0073,0.0822266732300788,scr2003,mustOut,frtRoadHeavy
72DK,h0074,0.0,scr2003,mustOut,frtRoadHeavy
72DK,h0075,0.0,scr2003,mustOut,frtRoadHeavy
72DK,h0076,0.0822266732300788,scr2003,mustOut,frtRoadHeavy
72DK,h0077,0.18375434525208498,scr2003,mustOut,frtRoadHeavy
72DK,h0078,0.29411765,scr2003,mustOut,frtRoadHeavy
72DK,h0079,0.29411765,scr2003,mustOut,frtRoadHeavy
72DK,h0080,0.29411765,scr2003,mustOut,frtRoadHeavy
72DK,h0081,0.29411765,scr2003,mustOut,frtRoadHeavy
72DK,h0082,0.18375434525208498,scr2003,mustOut,frtRoadHeavy
72DK,h0083,0.18375434525208498,scr2003,mustOut,frtRoadHeavy
72DK,h0084,0.0822266732300788,scr2003,mustOut,frtRoadHeavy
72DK,h0085,0.0822266732300788,scr2003,mustOut,frtRoadHeavy
72DK,h0086,0.0,scr2003,mustOut,frtRoadHeavy
72DK,h0087,0.0822266732300788,scr2003,mustOut,frtRoadHeavy
72DK,h0088,0.18375434525208498,scr2003,mustOut,frtRoadHeavy
72DK,h0089,0.29411765,scr2003,mustOut,frtRoadHeavy
72DK,h0090,0.29411765,scr2003,mustOut,frtRoadHeavy
72DK,h0091,0.18375434525208498,scr2003,mustOut,frtRoadHeavy
72DK,h0092,0.18375434525208498,scr2003,mustOut,frtRoadHeavy
72DK,h0093,0.18375434525208498,scr2003,mustOut,frtRoadHeavy
72DK,h0094,0.29411765,scr2003,mustOut,frtRoadHeavy
72DK,h0095,0.29411765,scr2003,mustOut,frtRoadHeavy
72DK,h0096,0.18375434525208498,scr2003,mustOut,frtRoadHeavy
73EE,h0073,0.0822266732300788,scr2003,mustOut,frtRoadHeavy
73EE,h0074,0.0,scr2003,mustOut,frtRoadHeavy
73EE,h0075,0.0,scr2003,mustOut,frtRoadHeavy
73EE,h0076,0.0822266732300788,scr2003,mustOut,frtRoadHeavy
73EE,h0077,0.18375434525208498,scr2003,mustOut,frtRoadHeavy
73EE,h0078,0.29411765,scr2003,mustOut,frtRoadHeavy
73EE,h0079,0.29411765,scr2003,mustOut,frtRoadHeavy
73EE,h0080,0.29411765,scr2003,mustOut,frtRoadHeavy
73EE,h0081,0.29411765,scr2003,mustOut,frtRoadHeavy
73EE,h0082,0.18375434525208498,scr2003,mustOut,frtRoadHeavy
73EE,h0083,0.18375434525208498,scr2003,mustOut,frtRoadHeavy
73EE,h0084,0.0822266732300788,scr2003,mustOut,frtRoadHeavy
73EE,h0085,0.0822266732300788,scr2003,mustOut,frtRoadHeavy
73EE,h0086,0.0,scr2003,mustOut,frtRoadHeavy
73EE,h0087,0.0822266732300788,scr2003,mustOut,frtRoadHeavy
73EE,h0088,0.18375434525208498,scr2003,mustOut,frtRoadHeavy
73EE,h0089,0.29411765,scr2003,mustOut,frtRoadHeavy
73EE,h0090,0.29411765,scr2003,mustOut,frtRoadHeavy
73EE,h0091,0.18375434525208498,scr2003,mustOut,frtRoadHeavy
73EE,h0092,0.18375434525208498,scr2003,mustOut,frtRoadHeavy
73EE,h0093,0.18375434525208498,scr2003,mustOut,frtRoadHeavy
73EE,h0094,0.29411765,scr2003,mustOut,frtRoadHeavy
73EE,h0095,0.29411765,scr2003,mustOut,frtRoadHeavy
73EE,h0096,0.18375434525208498,scr2003,mustOut,frtRoadHeavy
74FI,h0073,0.0822266732300788,scr2003,mustOut,frtRoadHeavy
74FI,h0074,0.0,scr2003,mustOut,frtRoadHeavy
74FI,h0075,0.0,scr2003,mustOut,frtRoadHeavy
74FI,h0076,0.0822266732300788,scr2003,mustOut,frtRoadHeavy
74FI,h0077,0.18375434525208498,scr2003,mustOut,frtRoadHeavy
74FI,h0078,0.29411765,scr2003,mustOut,frtRoadHeavy
74FI,h0079,0.29411765,scr2003,mustOut,frtRoadHeavy
74FI,h0080,0.29411765,scr2003,mustOut,frtRoadHeavy
74FI,h0081,0.29411765,scr2003,mustOut,frtRoadHeavy
74FI,h0082,0.18375434525208498,scr2003,mustOut,frtRoadHeavy
74FI,h0083,0.18375434525208498,scr2003,mustOut,frtRoadHeavy
74FI,h0084,0.0822266732300788,scr2003,mustOut,frtRoadHeavy
74FI,h0085,0.0822266732300788,scr2003,mustOut,frtRoadHeavy
74FI,h0086,0.0,scr2003,mustOut,frtRoadHeavy
74FI,h0087,0.0822266732300788,scr2003,mustOut,frtRoadHeavy
74FI,h0088,0.18375434525208498,scr2003,mustOut,frtRoadHeavy
74FI,h0089,0.29411765,scr2003,mustOut,frtRoadHeavy
74FI,h0090,0.29411765,scr2003,mustOut,frtRoadHeavy
74FI,h0091,0.18375434525208498,scr2003,mustOut,frtRoadHeavy
74FI,h0092,0.18375434525208498,scr2003,mustOut,frtRoadHeavy
74FI,h0093,0.18375434525208498,scr2003,mustOut,frtRoadHeavy
74FI,h0094,0.29411765,scr2003,mustOut,frtRoadHeavy
74FI,h0095,0.29411765,scr2003,mustOut,frtRoadHeavy
74FI,h0096,0.18375434525208498,scr2003,mustOut,frtRoadHeavy
75FI,h0073,0.0822266732300788,scr2003,mustOut,frtRoadHeavy
75FI,h0074,0.0,scr2003,mustOut,frtRoadHeavy
75FI,h0075,0.0,scr2003,mustOut,frtRoadHeavy
75FI,h0076,0.0822266732300788,scr2003,mustOut,frtRoadHeavy
75FI,h0077,0.18375434525208498,scr2003,mustOut,frtRoadHeavy
75FI,h0078,0.29411765,scr2003,mustOut,frtRoadHeavy
75FI,h0079,0.29411765,scr2003,mustOut,frtRoadHeavy
75FI,h0080,0.29411765,scr2003,mustOut,frtRoadHeavy
75FI,h0081,0.29411765,scr2003,mustOut,frtRoadHeavy
75FI,h0082,0.18375434525208498,scr2003,mustOut,frtRoadHeavy
75FI,h0083,0.18375434525208498,scr2003,mustOut,frtRoadHeavy
75FI,h0084,0.0822266732300788,scr2003,mustOut,frtRoadHeavy
75FI,h0085,0.0822266732300788,scr2003,mustOut,frtRoadHeavy
75FI,h0086,0.0,scr2003,mustOut,frtRoadHeavy
75FI,h0087,0.0822266732300788,scr2003,mustOut,frtRoadHeavy
75FI,h0088,0.18375434525208498,scr2003,mustOut,frtRoadHeavy
75FI,h0089,0.29411765,scr2003,mustOut,frtRoadHeavy
75FI,h0090,0.29411765,scr2003,mustOut,frtRoadHeavy
75FI,h0091,0.18375434525208498,scr2003,mustOut,frtRoadHeavy
75FI,h0092,0.18375434525208498,scr2003,mustOut,frtRoadHeavy
75FI,h0093,0.18375434525208498,scr2003,mustOut,frtRoadHeavy
75FI,h0094,0.29411765,scr2003,mustOut,frtRoadHeavy
75FI,h0095,0.29411765,scr2003,mustOut,frtRoadHeavy
75FI,h0096,0.18375434525208498,scr2003,mustOut,frtRoadHeavy
77LT,h0073,0.0822266732300788,scr2003,mustOut,frtRoadHeavy
77LT,h0074,0.0,scr2003,mustOut,frtRoadHeavy
77LT,h0075,0.0,scr2003,mustOut,frtRoadHeavy
77LT,h0076,0.0822266732300788,scr2003,mustOut,frtRoadHeavy
77LT,h0077,0.18375434525208498,scr2003,mustOut,frtRoadHeavy
77LT,h0078,0.29411765,scr2003,mustOut,frtRoadHeavy
77LT,h0079,0.29411765,scr2003,mustOut,frtRoadHeavy
77LT,h0080,0.29411765,scr2003,mustOut,frtRoadHeavy
77LT,h0081,0.29411765,scr2003,mustOut,frtRoadHeavy
77LT,h0082,0.18375434525208498,scr2003,mustOut,frtRoadHeavy
77LT,h0083,0.18375434525208498,scr2003,mustOut,frtRoadHeavy
77LT,h0084,0.0822266732300788,scr2003,mustOut,frtRoadHeavy
77LT,h0085,0.0822266732300788,scr2003,mustOut,frtRoadHeavy
77LT,h0086,0.0,scr2003,mustOut,frtRoadHeavy
77LT,h0087,0.0822266732300788,scr2003,mustOut,frtRoadHeavy
77LT,h0088,0.18375434525208498,scr2003,mustOut,frtRoadHeavy
77LT,h0089,0.29411765,scr2003,mustOut,frtRoadHeavy
77LT,h0090,0.29411765,scr2003,mustOut,frtRoadHeavy
77LT,h0091,0.18375434525208498,scr2003,mustOut,frtRoadHeavy
77LT,h0092,0.18375434525208498,scr2003,mustOut,frtRoadHeavy
77LT,h0093,0.18375434525208498,scr2003,mustOut,frtRoadHeavy
77LT,h0094,0.29411765,scr2003,mustOut,frtRoadHeavy
77LT,h0095,0.29411765,scr2003,mustOut,frtRoadHeavy
77LT,h0096,0.18375434525208498,scr2003,mustOut,frtRoadHeavy
78LV,h0073,0.0822266732300788,scr2003,mustOut,frtRoadHeavy
78LV,h0074,0.0,scr2003,mustOut,frtRoadHeavy
78LV,h0075,0.0,scr2003,mustOut,frtRoadHeavy
78LV,h0076,0.0822266732300788,scr2003,mustOut,frtRoadHeavy
78LV,h0077,0.18375434525208498,scr2003,mustOut,frtRoadHeavy
78LV,h0078,0.29411765,scr2003,mustOut,frtRoadHeavy
78LV,h0079,0.29411765,scr2003,mustOut,frtRoadHeavy
78LV,h0080,0.29411765,scr2003,mustOut,frtRoadHeavy
78LV,h0081,0.29411765,scr2003,mustOut,frtRoadHeavy
78LV,h0082,0.18375434525208498,scr2003,mustOut,frtRoadHeavy
78LV,h0083,0.18375434525208498,scr2003,mustOut,frtRoadHeavy
78LV,h0084,0.0822266732300788,scr2003,mustOut,frtRoadHeavy
78LV,h0085,0.0822266732300788,scr2003,mustOut,frtRoadHeavy
78LV,h0086,0.0,scr2003,mustOut,frtRoadHeavy
78LV,h0087,0.0822266732300788,scr2003,mustOut,frtRoadHeavy
78LV,h0088,0.18375434525208498,scr2003,mustOut,frtRoadHeavy
78LV,h0089,0.29411765,scr2003,mustOut,frtRoadHeavy
78LV,h0090,0.29411765,scr2003,mustOut,frtRoadHeavy
78LV,h0091,0.18375434525208498,scr2003,mustOut,frtRoadHeavy
78LV,h0092,0.18375434525208498,scr2003,mustOut,frtRoadHeavy
78LV,h0093,0.18375434525208498,scr2003,mustOut,frtRoadHeavy
78LV,h0094,0.29411765,scr2003,mustOut,frtRoadHeavy
78LV,h0095,0.29411765,scr2003,mustOut,frtRoadHeavy
78LV,h0096,0.18375434525208498,scr2003,mustOut,frtRoadHeavy
79NO,h0073,0.0822266732300788,scr2003,mustOut,frtRoadHeavy
79NO,h0074,0.0,scr2003,mustOut,frtRoadHeavy
79NO,h0075,0.0,scr2003,mustOut,frtRoadHeavy
79NO,h0076,0.0822266732300788,scr2003,mustOut,frtRoadHeavy
79NO,h0077,0.18375434525208498,scr2003,mustOut,frtRoadHeavy
79NO,h0078,0.29411765,scr2003,mustOut,frtRoadHeavy
79NO,h0079,0.29411765,scr2003,mustOut,frtRoadHeavy
79NO,h0080,0.29411765,scr2003,mustOut,frtRoadHeavy
79NO,h0081,0.29411765,scr2003,mustOut,frtRoadHeavy
79NO,h0082,0.18375434525208498,scr2003,mustOut,frtRoadHeavy
79NO,h0083,0.18375434525208498,scr2003,mustOut,frtRoadHeavy
79NO,h0084,0.0822266732300788,scr2003,mustOut,frtRoadHeavy
79NO,h0085,0.0822266732300788,scr2003,mustOut,frtRoadHeavy
79NO,h0086,0.0,scr2003,mustOut,frtRoadHeavy
79NO,h0087,0.0822266732300788,scr2003,mustOut,frtRoadHeavy
79NO,h0088,0.18375434525208498,scr2003,mustOut,frtRoadHeavy
79NO,h0089,0.29411765,scr2003,mustOut,frtRoadHeavy
79NO,h0090,0.29411765,scr2003,mustOut,frtRoadHeavy
79NO,h0091,0.18375434525208498,scr2003,mustOut,frtRoadHeavy
79NO,h0092,0.18375434525208498,scr2003,mustOut,frtRoadHeavy
79NO,h0093,0.18375434525208498,scr2003,mustOut,frtRoadHeavy
79NO,h0094,0.29411765,scr2003,mustOut,frtRoadHeavy
79NO,h0095,0.29411765,scr2003,mustOut,frtRoadHeavy
79NO,h0096,0.18375434525208498,scr2003,mustOut,frtRoadHeavy
80NO,h0073,0.0822266732300788,scr2003,mustOut,frtRoadHeavy
80NO,h0074,0.0,scr2003,mustOut,frtRoadHeavy
80NO,h0075,0.0,scr2003,mustOut,frtRoadHeavy
80NO,h0076,0.0822266732300788,scr2003,mustOut,frtRoadHeavy
80NO,h0077,0.18375434525208498,scr2003,mustOut,frtRoadHeavy
80NO,h0078,0.29411765,scr2003,mustOut,frtRoadHeavy
80NO,h0079,0.29411765,scr2003,mustOut,frtRoadHeavy
80NO,h0080,0.29411765,scr2003,mustOut,frtRoadHeavy
80NO,h0081,0.29411765,scr2003,mustOut,frtRoadHeavy
80NO,h0082,0.18375434525208498,scr2003,mustOut,frtRoadHeavy
80NO,h0083,0.18375434525208498,scr2003,mustOut,frtRoadHeavy
80NO,h0084,0.0822266732300788,scr2003,mustOut,frtRoadHeavy
80NO,h0085,0.0822266732300788,scr2003,mustOut,frtRoadHeavy
80NO,h0086,0.0,scr2003,mustOut,frtRoadHeavy
80NO,h0087,0.0822266732300788,scr2003,mustOut,frtRoadHeavy
80NO,h0088,0.18375434525208498,scr2003,mustOut,frtRoadHeavy
80NO,h0089,0.29411765,scr2003,mustOut,frtRoadHeavy
80NO,h0090,0.29411765,scr2003,mustOut,frtRoadHeavy
80NO,h0091,0.18375434525208498,scr2003,mustOut,frtRoadHeavy
80NO,h0092,0.18375434525208498,scr2003,mustOut,frtRoadHeavy
80NO,h0093,0.18375434525208498,scr2003,mustOut,frtRoadHeavy
80NO,h0094,0.29411765,scr2003,mustOut,frtRoadHeavy
80NO,h0095,0.29411765,scr2003,mustOut,frtRoadHeavy
80NO,h0096,0.18375434525208498,scr2003,mustOut,frtRoadHeavy
81NO,h0073,0.0822266732300788,scr2003,mustOut,frtRoadHeavy
81NO,h0074,0.0,scr2003,mustOut,frtRoadHeavy
81NO,h0075,0.0,scr2003,mustOut,frtRoadHeavy
81NO,h0076,0.0822266732300788,scr2003,mustOut,frtRoadHeavy
81NO,h0077,0.18375434525208498,scr2003,mustOut,frtRoadHeavy
81NO,h0078,0.29411765,scr2003,mustOut,frtRoadHeavy
81NO,h0079,0.29411765,scr2003,mustOut,frtRoadHeavy
81NO,h0080,0.29411765,scr2003,mustOut,frtRoadHeavy
81NO,h0081,0.29411765,scr2003,mustOut,frtRoadHeavy
81NO,h0082,0.18375434525208498,scr2003,mustOut,frtRoadHeavy
81NO,h0083,0.18375434525208498,scr2003,mustOut,frtRoadHeavy
81NO,h0084,0.0822266732300788,scr2003,mustOut,frtRoadHeavy
81NO,h0085,0.0822266732300788,scr2003,mustOut,frtRoadHeavy
81NO,h0086,0.0,scr2003,mustOut,frtRoadHeavy
81NO,h0087,0.0822266732300788,scr2003,mustOut,frtRoadHeavy
81NO,h0088,0.18375434525208498,scr2003,mustOut,frtRoadHeavy
81NO,h0089,0.29411765,scr2003,mustOut,frtRoadHeavy
81NO,h0090,0.29411765,scr2003,mustOut,frtRoadHeavy
81NO,h0091,0.18375434525208498,scr2003,mustOut,frtRoadHeavy
81NO,h0092,0.18375434525208498,scr2003,mustOut,frtRoadHeavy
81NO,h0093,0.18375434525208498,scr2003,mustOut,frtRoadHeavy
81NO,h0094,0.29411765,scr2003,mustOut,frtRoadHeavy
81NO,h0095,0.29411765,scr2003,mustOut,frtRoadHeavy
81NO,h0096,0.18375434525208498,scr2003,mustOut,frtRoadHeavy
82NO,h0073,0.0822266732300788,scr2003,mustOut,frtRoadHeavy
82NO,h0074,0.0,scr2003,mustOut,frtRoadHeavy
82NO,h0075,0.0,scr2003,mustOut,frtRoadHeavy
82NO,h0076,0.0822266732300788,scr2003,mustOut,frtRoadHeavy
82NO,h0077,0.18375434525208498,scr2003,mustOut,frtRoadHeavy
82NO,h0078,0.29411765,scr2003,mustOut,frtRoadHeavy
82NO,h0079,0.29411765,scr2003,mustOut,frtRoadHeavy
82NO,h0080,0.29411765,scr2003,mustOut,frtRoadHeavy
82NO,h0081,0.29411765,scr2003,mustOut,frtRoadHeavy
82NO,h0082,0.18375434525208498,scr2003,mustOut,frtRoadHeavy
82NO,h0083,0.18375434525208498,scr2003,mustOut,frtRoadHeavy
82NO,h0084,0.0822266732300788,scr2003,mustOut,frtRoadHeavy
82NO,h0085,0.0822266732300788,scr2003,mustOut,frtRoadHeavy
82NO,h0086,0.0,scr2003,mustOut,frtRoadHeavy
82NO,h0087,0.0822266732300788,scr2003,mustOut,frtRoadHeavy
82NO,h0088,0.18375434525208498,scr2003,mustOut,frtRoadHeavy
82NO,h0089,0.29411765,scr2003,mustOut,frtRoadHeavy
82NO,h0090,0.29411765,scr2003,mustOut,frtRoadHeavy
82NO,h0091,0.18375434525208498,scr2003,mustOut,frtRoadHeavy
82NO,h0092,0.18375434525208498,scr2003,mustOut,frtRoadHeavy
82NO,h0093,0.18375434525208498,scr2003,mustOut,frtRoadHeavy
82NO,h0094,0.29411765,scr2003,mustOut,frtRoadHeavy
82NO,h0095,0.29411765,scr2003,mustOut,frtRoadHeavy
82NO,h0096,0.18375434525208498,scr2003,mustOut,frtRoadHeavy
83NO,h0073,0.0822266732300788,scr2003,mustOut,frtRoadHeavy
83NO,h0074,0.0,scr2003,mustOut,frtRoadHeavy
83NO,h0075,0.0,scr2003,mustOut,frtRoadHeavy
83NO,h0076,0.0822266732300788,scr2003,mustOut,frtRoadHeavy
83NO,h0077,0.18375434525208498,scr2003,mustOut,frtRoadHeavy
83NO,h0078,0.29411765,scr2003,mustOut,frtRoadHeavy
83NO,h0079,0.29411765,scr2003,mustOut,frtRoadHeavy
83NO,h0080,0.29411765,scr2003,mustOut,frtRoadHeavy
83NO,h0081,0.29411765,scr2003,mustOut,frtRoadHeavy
83NO,h0082,0.18375434525208498,scr2003,mustOut,frtRoadHeavy
83NO,h0083,0.18375434525208498,scr2003,mustOut,frtRoadHeavy
83NO,h0084,0.0822266732300788,scr2003,mustOut,frtRoadHeavy
83NO,h0085,0.0822266732300788,scr2003,mustOut,frtRoadHeavy
83NO,h0086,0.0,scr2003,mustOut,frtRoadHeavy
83NO,h0087,0.0822266732300788,scr2003,mustOut,frtRoadHeavy
83NO,h0088,0.18375434525208498,scr2003,mustOut,frtRoadHeavy
83NO,h0089,0.29411765,scr2003,mustOut,frtRoadHeavy
83NO,h0090,0.29411765,scr2003,mustOut,frtRoadHeavy
83NO,h0091,0.18375434525208498,scr2003,mustOut,frtRoadHeavy
83NO,h0092,0.18375434525208498,scr2003,mustOut,frtRoadHeavy
83NO,h0093,0.18375434525208498,scr2003,mustOut,frtRoadHeavy
83NO,h0094,0.29411765,scr2003,mustOut,frtRoadHeavy
83NO,h0095,0.29411765,scr2003,mustOut,frtRoadHeavy
83NO,h0096,0.18375434525208498,scr2003,mustOut,frtRoadHeavy
84NO,h0073,0.0822266732300788,scr2003,mustOut,frtRoadHeavy
84NO,h0074,0.0,scr2003,mustOut,frtRoadHeavy
84NO,h0075,0.0,scr2003,mustOut,frtRoadHeavy
84NO,h0076,0.0822266732300788,scr2003,mustOut,frtRoadHeavy
84NO,h0077,0.18375434525208498,scr2003,mustOut,frtRoadHeavy
84NO,h0078,0.29411765,scr2003,mustOut,frtRoadHeavy
84NO,h0079,0.29411765,scr2003,mustOut,frtRoadHeavy
84NO,h0080,0.29411765,scr2003,mustOut,frtRoadHeavy
84NO,h0081,0.29411765,scr2003,mustOut,frtRoadHeavy
84NO,h0082,0.18375434525208498,scr2003,mustOut,frtRoadHeavy
84NO,h0083,0.18375434525208498,scr2003,mustOut,frtRoadHeavy
84NO,h0084,0.0822266732300788,scr2003,mustOut,frtRoadHeavy
84NO,h0085,0.0822266732300788,scr2003,mustOut,frtRoadHeavy
84NO,h0086,0.0,scr2003,mustOut,frtRoadHeavy
84NO,h0087,0.0822266732300788,scr2003,mustOut,frtRoadHeavy
84NO,h0088,0.18375434525208498,scr2003,mustOut,frtRoadHeavy
84NO,h0089,0.29411765,scr2003,mustOut,frtRoadHeavy
84NO,h0090,0.29411765,scr2003,mustOut,frtRoadHeavy
84NO,h0091,0.18375434525208498,scr2003,mustOut,frtRoadHeavy
84NO,h0092,0.18375434525208498,scr2003,mustOut,frtRoadHeavy
84NO,h0093,0.18375434525208498,scr2003,mustOut,frtRoadHeavy
84NO,h0094,0.29411765,scr2003,mustOut,frtRoadHeavy
84NO,h0095,0.29411765,scr2003,mustOut,frtRoadHeavy
84NO,h0096,0.18375434525208498,scr2003,mustOut,frtRoadHeavy
85NO,h0073,0.0822266732300788,scr2003,mustOut,frtRoadHeavy
85NO,h0074,0.0,scr2003,mustOut,frtRoadHeavy
85NO,h0075,0.0,scr2003,mustOut,frtRoadHeavy
85NO,h0076,0.0822266732300788,scr2003,mustOut,frtRoadHeavy
85NO,h0077,0.18375434525208498,scr2003,mustOut,frtRoadHeavy
85NO,h0078,0.29411765,scr2003,mustOut,frtRoadHeavy
85NO,h0079,0.29411765,scr2003,mustOut,frtRoadHeavy
85NO,h0080,0.29411765,scr2003,mustOut,frtRoadHeavy
85NO,h0081,0.29411765,scr2003,mustOut,frtRoadHeavy
85NO,h0082,0.18375434525208498,scr2003,mustOut,frtRoadHeavy
85NO,h0083,0.18375434525208498,scr2003,mustOut,frtRoadHeavy
85NO,h0084,0.0822266732300788,scr2003,mustOut,frtRoadHeavy
85NO,h0085,0.0822266732300788,scr2003,mustOut,frtRoadHeavy
85NO,h0086,0.0,scr2003,mustOut,frtRoadHeavy
85NO,h0087,0.0822266732300788,scr2003,mustOut,frtRoadHeavy
85NO,h0088,0.18375434525208498,scr2003,mustOut,frtRoadHeavy
85NO,h0089,0.29411765,scr2003,mustOut,frtRoadHeavy
85NO,h0090,0.29411765,scr2003,mustOut,frtRoadHeavy
85NO,h0091,0.18375434525208498,scr2003,mustOut,frtRoadHeavy
85NO,h0092,0.18375434525208498,scr2003,mustOut,frtRoadHeavy
85NO,h0093,0.18375434525208498,scr2003,mustOut,frtRoadHeavy
85NO,h0094,0.29411765,scr2003,mustOut,frtRoadHeavy
85NO,h0095,0.29411765,scr2003,mustOut,frtRoadHeavy
85NO,h0096,0.18375434525208498,scr2003,mustOut,frtRoadHeavy
86SE,h0073,0.0822266732300788,scr2003,mustOut,frtRoadHeavy
86SE,h0074,0.0,scr2003,mustOut,frtRoadHeavy
86SE,h0075,0.0,scr2003,mustOut,frtRoadHeavy
86SE,h0076,0.0822266732300788,scr2003,mustOut,frtRoadHeavy
86SE,h0077,0.18375434525208498,scr2003,mustOut,frtRoadHeavy
86SE,h0078,0.29411765,scr2003,mustOut,frtRoadHeavy
86SE,h0079,0.29411765,scr2003,mustOut,frtRoadHeavy
86SE,h0080,0.29411765,scr2003,mustOut,frtRoadHeavy
86SE,h0081,0.29411765,scr2003,mustOut,frtRoadHeavy
86SE,h0082,0.18375434525208498,scr2003,mustOut,frtRoadHeavy
86SE,h0083,0.18375434525208498,scr2003,mustOut,frtRoadHeavy
86SE,h0084,0.0822266732300788,scr2003,mustOut,frtRoadHeavy
86SE,h0085,0.0822266732300788,scr2003,mustOut,frtRoadHeavy
86SE,h0086,0.0,scr2003,mustOut,frtRoadHeavy
86SE,h0087,0.0822266732300788,scr2003,mustOut,frtRoadHeavy
86SE,h0088,0.18375434525208498,scr2003,mustOut,frtRoadHeavy
86SE,h0089,0.29411765,scr2003,mustOut,frtRoadHeavy
86SE,h0090,0.29411765,scr2003,mustOut,frtRoadHeavy
86SE,h0091,0.18375434525208498,scr2003,mustOut,frtRoadHeavy
86SE,h0092,0.18375434525208498,scr2003,mustOut,frtRoadHeavy
86SE,h0093,0.18375434525208498,scr2003,mustOut,frtRoadHeavy
86SE,h0094,0.29411765,scr2003,mustOut,frtRoadHeavy
86SE,h0095,0.29411765,scr2003,mustOut,frtRoadHeavy
86SE,h0096,0.18375434525208498,scr2003,mustOut,frtRoadHeavy
87SE,h0073,0.0822266732300788,scr2003,mustOut,frtRoadHeavy
87SE,h0074,0.0,scr2003,mustOut,frtRoadHeavy
87SE,h0075,0.0,scr2003,mustOut,frtRoadHeavy
87SE,h0076,0.0822266732300788,scr2003,mustOut,frtRoadHeavy
87SE,h0077,0.18375434525208498,scr2003,mustOut,frtRoadHeavy
87SE,h0078,0.29411765,scr2003,mustOut,frtRoadHeavy
87SE,h0079,0.29411765,scr2003,mustOut,frtRoadHeavy
87SE,h0080,0.29411765,scr2003,mustOut,frtRoadHeavy
87SE,h0081,0.29411765,scr2003,mustOut,frtRoadHeavy
87SE,h0082,0.18375434525208498,scr2003,mustOut,frtRoadHeavy
87SE,h0083,0.18375434525208498,scr2003,mustOut,frtRoadHeavy
87SE,h0084,0.0822266732300788,scr2003,mustOut,frtRoadHeavy
87SE,h0085,0.0822266732300788,scr2003,mustOut,frtRoadHeavy
87SE,h0086,0.0,scr2003,mustOut,frtRoadHeavy
87SE,h0087,0.0822266732300788,scr2003,mustOut,frtRoadHeavy
87SE,h0088,0.18375434525208498,scr2003,mustOut,frtRoadHeavy
87SE,h0089,0.29411765,scr2003,mustOut,frtRoadHeavy
87SE,h0090,0.29411765,scr2003,mustOut,frtRoadHeavy
87SE,h0091,0.18375434525208498,scr2003,mustOut,frtRoadHeavy
87SE,h0092,0.18375434525208498,scr2003,mustOut,frtRoadHeavy
87SE,h0093,0.18375434525208498,scr2003,mustOut,frtRoadHeavy
87SE,h0094,0.29411765,scr2003,mustOut,frtRoadHeavy
87SE,h0095,0.29411765,scr2003,mustOut,frtRoadHeavy
87SE,h0096,0.18375434525208498,scr2003,mustOut,frtRoadHeavy
88SE,h0073,0.0822266732300788,scr2003,mustOut,frtRoadHeavy
88SE,h0074,0.0,scr2003,mustOut,frtRoadHeavy
88SE,h0075,0.0,scr2003,mustOut,frtRoadHeavy
88SE,h0076,0.0822266732300788,scr2003,mustOut,frtRoadHeavy
88SE,h0077,0.18375434525208498,scr2003,mustOut,frtRoadHeavy
88SE,h0078,0.29411765,scr2003,mustOut,frtRoadHeavy
88SE,h0079,0.29411765,scr2003,mustOut,frtRoadHeavy
88SE,h0080,0.29411765,scr2003,mustOut,frtRoadHeavy
88SE,h0081,0.29411765,scr2003,mustOut,frtRoadHeavy
88SE,h0082,0.18375434525208498,scr2003,mustOut,frtRoadHeavy
88SE,h0083,0.18375434525208498,scr2003,mustOut,frtRoadHeavy
88SE,h0084,0.0822266732300788,scr2003,mustOut,frtRoadHeavy
88SE,h0085,0.0822266732300788,scr2003,mustOut,frtRoadHeavy
88SE,h0086,0.0,scr2003,mustOut,frtRoadHeavy
88SE,h0087,0.0822266732300788,scr2003,mustOut,frtRoadHeavy
88SE,h0088,0.18375434525208498,scr2003,mustOut,frtRoadHeavy
88SE,h0089,0.29411765,scr2003,mustOut,frtRoadHeavy
88SE,h0090,0.29411765,scr2003,mustOut,frtRoadHeavy
88SE,h0091,0.18375434525208498,scr2003,mustOut,frtRoadHeavy
88SE,h0092,0.18375434525208498,scr2003,mustOut,frtRoadHeavy
88SE,h0093,0.18375434525208498,scr2003,mustOut,frtRoadHeavy
88SE,h0094,0.29411765,scr2003,mustOut,frtRoadHeavy
88SE,h0095,0.29411765,scr2003,mustOut,frtRoadHeavy
88SE,h0096,0.18375434525208498,scr2003,mustOut,frtRoadHeavy
89SE,h0073,0.0822266732300788,scr2003,mustOut,frtRoadHeavy
89SE,h0074,0.0,scr2003,mustOut,frtRoadHeavy
89SE,h0075,0.0,scr2003,mustOut,frtRoadHeavy
89SE,h0076,0.0822266732300788,scr2003,mustOut,frtRoadHeavy
89SE,h0077,0.18375434525208498,scr2003,mustOut,frtRoadHeavy
89SE,h0078,0.29411765,scr2003,mustOut,frtRoadHeavy
89SE,h0079,0.29411765,scr2003,mustOut,frtRoadHeavy
89SE,h0080,0.29411765,scr2003,mustOut,frtRoadHeavy
89SE,h0081,0.29411765,scr2003,mustOut,frtRoadHeavy
89SE,h0082,0.18375434525208498,scr2003,mustOut,frtRoadHeavy
89SE,h0083,0.18375434525208498,scr2003,mustOut,frtRoadHeavy
89SE,h0084,0.0822266732300788,scr2003,mustOut,frtRoadHeavy
89SE,h0085,0.0822266732300788,scr2003,mustOut,frtRoadHeavy
89SE,h0086,0.0,scr2003,mustOut,frtRoadHeavy
89SE,h0087,0.0822266732300788,scr2003,mustOut,frtRoadHeavy
89SE,h0088,0.18375434525208498,scr2003,mustOut,frtRoadHeavy
89SE,h0089,0.29411765,scr2003,mustOut,frtRoadHeavy
89SE,h0090,0.29411765,scr2003,mustOut,frtRoadHeavy
89SE,h0091,0.18375434525208498,scr2003,mustOut,frtRoadHeavy
89SE,h0092,0.18375434525208498,scr2003,mustOut,frtRoadHeavy
89SE,h0093,0.18375434525208498,scr2003,mustOut,frtRoadHeavy
89SE,h0094,0.29411765,scr2003,mustOut,frtRoadHeavy
89SE,h0095,0.29411765,scr2003,mustOut,frtRoadHeavy
89SE,h0096,0.18375434525208498,scr2003,mustOut,frtRoadHeavy
90UK,h0073,0.0822266732300788,scr2003,mustOut,frtRoadHeavy
90UK,h0074,0.0,scr2003,mustOut,frtRoadHeavy
90UK,h0075,0.0,scr2003,mustOut,frtRoadHeavy
90UK,h0076,0.0822266732300788,scr2003,mustOut,frtRoadHeavy
90UK,h0077,0.18375434525208498,scr2003,mustOut,frtRoadHeavy
90UK,h0078,0.29411765,scr2003,mustOut,frtRoadHeavy
90UK,h0079,0.29411765,scr2003,mustOut,frtRoadHeavy
90UK,h0080,0.29411765,scr2003,mustOut,frtRoadHeavy
90UK,h0081,0.29411765,scr2003,mustOut,frtRoadHeavy
90UK,h0082,0.18375434525208498,scr2003,mustOut,frtRoadHeavy
90UK,h0083,0.18375434525208498,scr2003,mustOut,frtRoadHeavy
90UK,h0084,0.0822266732300788,scr2003,mustOut,frtRoadHeavy
90UK,h0085,0.0822266732300788,scr2003,mustOut,frtRoadHeavy
90UK,h0086,0.0,scr2003,mustOut,frtRoadHeavy
90UK,h0087,0.0822266732300788,scr2003,mustOut,frtRoadHeavy
90UK,h0088,0.18375434525208498,scr2003,mustOut,frtRoadHeavy
90UK,h0089,0.29411765,scr2003,mustOut,frtRoadHeavy
90UK,h0090,0.29411765,scr2003,mustOut,frtRoadHeavy
90UK,h0091,0.18375434525208498,scr2003,mustOut,frtRoadHeavy
90UK,h0092,0.18375434525208498,scr2003,mustOut,frtRoadHeavy
90UK,h0093,0.18375434525208498,scr2003,mustOut,frtRoadHeavy
90UK,h0094,0.29411765,scr2003,mustOut,frtRoadHeavy
90UK,h0095,0.29411765,scr2003,mustOut,frtRoadHeavy
90UK,h0096,0.18375434525208498,scr2003,mustOut,frtRoadHeavy
91UK,h0073,0.0822266732300788,scr2003,mustOut,frtRoadHeavy
91UK,h0074,0.0,scr2003,mustOut,frtRoadHeavy
91UK,h0075,0.0,scr2003,mustOut,frtRoadHeavy
91UK,h0076,0.0822266732300788,scr2003,mustOut,frtRoadHeavy
91UK,h0077,0.18375434525208498,scr2003,mustOut,frtRoadHeavy
91UK,h0078,0.29411765,scr2003,mustOut,frtRoadHeavy
91UK,h0079,0.29411765,scr2003,mustOut,frtRoadHeavy
91UK,h0080,0.29411765,scr2003,mustOut,frtRoadHeavy
91UK,h0081,0.29411765,scr2003,mustOut,frtRoadHeavy
91UK,h0082,0.18375434525208498,scr2003,mustOut,frtRoadHeavy
91UK,h0083,0.18375434525208498,scr2003,mustOut,frtRoadHeavy
91UK,h0084,0.0822266732300788,scr2003,mustOut,frtRoadHeavy
91UK,h0085,0.0822266732300788,scr2003,mustOut,frtRoadHeavy
91UK,h0086,0.0,scr2003,mustOut,frtRoadHeavy
91UK,h0087,0.0822266732300788,scr2003,mustOut,frtRoadHeavy
91UK,h0088,0.18375434525208498,scr2003,mustOut,frtRoadHeavy
91UK,h0089,0.29411765,scr2003,mustOut,frtRoadHeavy
91UK,h0090,0.29411765,scr2003,mustOut,frtRoadHeavy
91UK,h0091,0.18375434525208498,scr2003,mustOut,frtRoadHeavy
91UK,h0092,0.18375434525208498,scr2003,mustOut,frtRoadHeavy
91UK,h0093,0.18375434525208498,scr2003,mustOut,frtRoadHeavy
91UK,h0094,0.29411765,scr2003,mustOut,frtRoadHeavy
91UK,h0095,0.29411765,scr2003,mustOut,frtRoadHeavy
91UK,h0096,0.18375434525208498,scr2003,mustOut,frtRoadHeavy
92UK,h0073,0.0822266732300788,scr2003,mustOut,frtRoadHeavy
92UK,h0074,0.0,scr2003,mustOut,frtRoadHeavy
92UK,h0075,0.0,scr2003,mustOut,frtRoadHeavy
92UK,h0076,0.0822266732300788,scr2003,mustOut,frtRoadHeavy
92UK,h0077,0.18375434525208498,scr2003,mustOut,frtRoadHeavy
92UK,h0078,0.29411765,scr2003,mustOut,frtRoadHeavy
92UK,h0079,0.29411765,scr2003,mustOut,frtRoadHeavy
92UK,h0080,0.29411765,scr2003,mustOut,frtRoadHeavy
92UK,h0081,0.29411765,scr2003,mustOut,frtRoadHeavy
92UK,h0082,0.18375434525208498,scr2003,mustOut,frtRoadHeavy
92UK,h0083,0.18375434525208498,scr2003,mustOut,frtRoadHeavy
92UK,h0084,0.0822266732300788,scr2003,mustOut,frtRoadHeavy
92UK,h0085,0.0822266732300788,scr2003,mustOut,frtRoadHeavy
92UK,h0086,0.0,scr2003,mustOut,frtRoadHeavy
92UK,h0087,0.0822266732300788,scr2003,mustOut,frtRoadHeavy
92UK,h0088,0.18375434525208498,scr2003,mustOut,frtRoadHeavy
92UK,h0089,0.29411765,scr2003,mustOut,frtRoadHeavy
92UK,h0090,0.29411765,scr2003,mustOut,frtRoadHeavy
92UK,h0091,0.18375434525208498,scr2003,mustOut,frtRoadHeavy
92UK,h0092,0.18375434525208498,scr2003,mustOut,frtRoadHeavy
92UK,h0093,0.18375434525208498,scr2003,mustOut,frtRoadHeavy
92UK,h0094,0.29411765,scr2003,mustOut,frtRoadHeavy
92UK,h0095,0.29411765,scr2003,mustOut,frtRoadHeavy
92UK,h0096,0.18375434525208498,scr2003,mustOut,frtRoadHeavy
93UK,h0073,0.0822266732300788,scr2003,mustOut,frtRoadHeavy
93UK,h0074,0.0,scr2003,mustOut,frtRoadHeavy
93UK,h0075,0.0,scr2003,mustOut,frtRoadHeavy
93UK,h0076,0.0822266732300788,scr2003,mustOut,frtRoadHeavy
93UK,h0077,0.18375434525208498,scr2003,mustOut,frtRoadHeavy
93UK,h0078,0.29411765,scr2003,mustOut,frtRoadHeavy
93UK,h0079,0.29411765,scr2003,mustOut,frtRoadHeavy
93UK,h0080,0.29411765,scr2003,mustOut,frtRoadHeavy
93UK,h0081,0.29411765,scr2003,mustOut,frtRoadHeavy
93UK,h0082,0.18375434525208498,scr2003,mustOut,frtRoadHeavy
93UK,h0083,0.18375434525208498,scr2003,mustOut,frtRoadHeavy
93UK,h0084,0.0822266732300788,scr2003,mustOut,frtRoadHeavy
93UK,h0085,0.0822266732300788,scr2003,mustOut,frtRoadHeavy
93UK,h0086,0.0,scr2003,mustOut,frtRoadHeavy
93UK,h0087,0.0822266732300788,scr2003,mustOut,frtRoadHeavy
93UK,h0088,0.18375434525208498,scr2003,mustOut,frtRoadHeavy
93UK,h0089,0.29411765,scr2003,mustOut,frtRoadHeavy
93UK,h0090,0.29411765,scr2003,mustOut,frtRoadHeavy
93UK,h0091,0.18375434525208498,scr2003,mustOut,frtRoadHeavy
93UK,h0092,0.18375434525208498,scr2003,mustOut,frtRoadHeavy
93UK,h0093,0.18375434525208498,scr2003,mustOut,frtRoadHeavy
93UK,h0094,0.29411765,scr2003,mustOut,frtRoadHeavy
93UK,h0095,0.29411765,scr2003,mustOut,frtRoadHeavy
93UK,h0096,0.18375434525208498,scr2003,mustOut,frtRoadHeavy
94UK,h0073,0.0822266732300788,scr2003,mustOut,frtRoadHeavy
94UK,h0074,0.0,scr2003,mustOut,frtRoadHeavy
94UK,h0075,0.0,scr2003,mustOut,frtRoadHeavy
94UK,h0076,0.0822266732300788,scr2003,mustOut,frtRoadHeavy
94UK,h0077,0.18375434525208498,scr2003,mustOut,frtRoadHeavy
94UK,h0078,0.29411765,scr2003,mustOut,frtRoadHeavy
94UK,h0079,0.29411765,scr2003,mustOut,frtRoadHeavy
94UK,h0080,0.29411765,scr2003,mustOut,frtRoadHeavy
94UK,h0081,0.29411765,scr2003,mustOut,frtRoadHeavy
94UK,h0082,0.18375434525208498,scr2003,mustOut,frtRoadHeavy
94UK,h0083,0.18375434525208498,scr2003,mustOut,frtRoadHeavy
94UK,h0084,0.0822266732300788,scr2003,mustOut,frtRoadHeavy
94UK,h0085,0.0822266732300788,scr2003,mustOut,frtRoadHeavy
94UK,h0086,0.0,scr2003,mustOut,frtRoadHeavy
94UK,h0087,0.0822266732300788,scr2003,mustOut,frtRoadHeavy
94UK,h0088,0.18375434525208498,scr2003,mustOut,frtRoadHeavy
94UK,h0089,0.29411765,scr2003,mustOut,frtRoadHeavy
94UK,h0090,0.29411765,scr2003,mustOut,frtRoadHeavy
94UK,h0091,0.18375434525208498,scr2003,mustOut,frtRoadHeavy
94UK,h0092,0.18375434525208498,scr2003,mustOut,frtRoadHeavy
94UK,h0093,0.18375434525208498,scr2003,mustOut,frtRoadHeavy
94UK,h0094,0.29411765,scr2003,mustOut,frtRoadHeavy
94UK,h0095,0.29411765,scr2003,mustOut,frtRoadHeavy
94UK,h0096,0.18375434525208498,scr2003,mustOut,frtRoadHeavy
95UK,h0073,0.0822266732300788,scr2003,mustOut,frtRoadHeavy
95UK,h0074,0.0,scr2003,mustOut,frtRoadHeavy
95UK,h0075,0.0,scr2003,mustOut,frtRoadHeavy
95UK,h0076,0.0822266732300788,scr2003,mustOut,frtRoadHeavy
95UK,h0077,0.18375434525208498,scr2003,mustOut,frtRoadHeavy
95UK,h0078,0.29411765,scr2003,mustOut,frtRoadHeavy
95UK,h0079,0.29411765,scr2003,mustOut,frtRoadHeavy
95UK,h0080,0.29411765,scr2003,mustOut,frtRoadHeavy
95UK,h0081,0.29411765,scr2003,mustOut,frtRoadHeavy
95UK,h0082,0.18375434525208498,scr2003,mustOut,frtRoadHeavy
95UK,h0083,0.18375434525208498,scr2003,mustOut,frtRoadHeavy
95UK,h0084,0.0822266732300788,scr2003,mustOut,frtRoadHeavy
95UK,h0085,0.0822266732300788,scr2003,mustOut,frtRoadHeavy
95UK,h0086,0.0,scr2003,mustOut,frtRoadHeavy
95UK,h0087,0.0822266732300788,scr2003,mustOut,frtRoadHeavy
95UK,h0088,0.18375434525208498,scr2003,mustOut,frtRoadHeavy
95UK,h0089,0.29411765,scr2003,mustOut,frtRoadHeavy
95UK,h0090,0.29411765,scr2003,mustOut,frtRoadHeavy
95UK,h0091,0.18375434525208498,scr2003,mustOut,frtRoadHeavy
95UK,h0092,0.18375434525208498,scr2003,mustOut,frtRoadHeavy
95UK,h0093,0.18375434525208498,scr2003,mustOut,frtRoadHeavy
95UK,h0094,0.29411765,scr2003,mustOut,frtRoadHeavy
95UK,h0095,0.29411765,scr2003,mustOut,frtRoadHeavy
95UK,h0096,0.18375434525208498,scr2003,mustOut,frtRoadHeavy
96IE,h0073,0.0822266732300788,scr2003,mustOut,frtRoadHeavy
96IE,h0074,0.0,scr2003,mustOut,frtRoadHeavy
96IE,h0075,0.0,scr2003,mustOut,frtRoadHeavy
96IE,h0076,0.0822266732300788,scr2003,mustOut,frtRoadHeavy
96IE,h0077,0.18375434525208498,scr2003,mustOut,frtRoadHeavy
96IE,h0078,0.29411765,scr2003,mustOut,frtRoadHeavy
96IE,h0079,0.29411765,scr2003,mustOut,frtRoadHeavy
96IE,h0080,0.29411765,scr2003,mustOut,frtRoadHeavy
96IE,h0081,0.29411765,scr2003,mustOut,frtRoadHeavy
96IE,h0082,0.18375434525208498,scr2003,mustOut,frtRoadHeavy
96IE,h0083,0.18375434525208498,scr2003,mustOut,frtRoadHeavy
96IE,h0084,0.0822266732300788,scr2003,mustOut,frtRoadHeavy
96IE,h0085,0.0822266732300788,scr2003,mustOut,frtRoadHeavy
96IE,h0086,0.0,scr2003,mustOut,frtRoadHeavy
96IE,h0087,0.0822266732300788,scr2003,mustOut,frtRoadHeavy
96IE,h0088,0.18375434525208498,scr2003,mustOut,frtRoadHeavy
96IE,h0089,0.29411765,scr2003,mustOut,frtRoadHeavy
96IE,h0090,0.29411765,scr2003,mustOut,frtRoadHeavy
96IE,h0091,0.18375434525208498,scr2003,mustOut,frtRoadHeavy
96IE,h0092,0.18375434525208498,scr2003,mustOut,frtRoadHeavy
96IE,h0093,0.18375434525208498,scr2003,mustOut,frtRoadHeavy
96IE,h0094,0.29411765,scr2003,mustOut,frtRoadHeavy
96IE,h0095,0.29411765,scr2003,mustOut,frtRoadHeavy
96IE,h0096,0.18375434525208498,scr2003,mustOut,frtRoadHeavy
98IT,h0073,0.0822266732300788,scr2003,mustOut,frtRoadHeavy
98IT,h0074,0.0,scr2003,mustOut,frtRoadHeavy
98IT,h0075,0.0,scr2003,mustOut,frtRoadHeavy
98IT,h0076,0.0822266732300788,scr2003,mustOut,frtRoadHeavy
98IT,h0077,0.18375434525208498,scr2003,mustOut,frtRoadHeavy
98IT,h0078,0.29411765,scr2003,mustOut,frtRoadHeavy
98IT,h0079,0.29411765,scr2003,mustOut,frtRoadHeavy
98IT,h0080,0.29411765,scr2003,mustOut,frtRoadHeavy
98IT,h0081,0.29411765,scr2003,mustOut,frtRoadHeavy
98IT,h0082,0.18375434525208498,scr2003,mustOut,frtRoadHeavy
98IT,h0083,0.18375434525208498,scr2003,mustOut,frtRoadHeavy
98IT,h0084,0.0822266732300788,scr2003,mustOut,frtRoadHeavy
98IT,h0085,0.0822266732300788,scr2003,mustOut,frtRoadHeavy
98IT,h0086,0.0,scr2003,mustOut,frtRoadHeavy
98IT,h0087,0.0822266732300788,scr2003,mustOut,frtRoadHeavy
98IT,h0088,0.18375434525208498,scr2003,mustOut,frtRoadHeavy
98IT,h0089,0.29411765,scr2003,mustOut,frtRoadHeavy
98IT,h0090,0.29411765,scr2003,mustOut,frtRoadHeavy
98IT,h0091,0.18375434525208498,scr2003,mustOut,frtRoadHeavy
98IT,h0092,0.18375434525208498,scr2003,mustOut,frtRoadHeavy
98IT,h0093,0.18375434525208498,scr2003,mustOut,frtRoadHeavy
98IT,h0094,0.29411765,scr2003,mustOut,frtRoadHeavy
98IT,h0095,0.29411765,scr2003,mustOut,frtRoadHeavy
98IT,h0096,0.18375434525208498,scr2003,mustOut,frtRoadHeavy
99FR,h0073,0.0822266732300788,scr2003,mustOut,frtRoadHeavy
99FR,h0074,0.0,scr2003,mustOut,frtRoadHeavy
99FR,h0075,0.0,scr2003,mustOut,frtRoadHeavy
99FR,h0076,0.0822266732300788,scr2003,mustOut,frtRoadHeavy
99FR,h0077,0.18375434525208498,scr2003,mustOut,frtRoadHeavy
99FR,h0078,0.29411765,scr2003,mustOut,frtRoadHeavy
99FR,h0079,0.29411765,scr2003,mustOut,frtRoadHeavy
99FR,h0080,0.29411765,scr2003,mustOut,frtRoadHeavy
99FR,h0081,0.29411765,scr2003,mustOut,frtRoadHeavy
99FR,h0082,0.18375434525208498,scr2003,mustOut,frtRoadHeavy
99FR,h0083,0.18375434525208498,scr2003,mustOut,frtRoadHeavy
99FR,h0084,0.0822266732300788,scr2003,mustOut,frtRoadHeavy
99FR,h0085,0.0822266732300788,scr2003,mustOut,frtRoadHeavy
99FR,h0086,0.0,scr2003,mustOut,frtRoadHeavy
99FR,h0087,0.0822266732300788,scr2003,mustOut,frtRoadHeavy
99FR,h0088,0.18375434525208498,scr2003,mustOut,frtRoadHeavy
99FR,h0089,0.29411765,scr2003,mustOut,frtRoadHeavy
99FR,h0090,0.29411765,scr2003,mustOut,frtRoadHeavy
99FR,h0091,0.18375434525208498,scr2003,mustOut,frtRoadHeavy
99FR,h0092,0.18375434525208498,scr2003,mustOut,frtRoadHeavy
99FR,h0093,0.18375434525208498,scr2003,mustOut,frtRoadHeavy
99FR,h0094,0.29411765,scr2003,mustOut,frtRoadHeavy
99FR,h0095,0.29411765,scr2003,mustOut,frtRoadHeavy
99FR,h0096,0.18375434525208498,scr2003,mustOut,frtRoadHeavy
