region_1,timestep_6,value,scenario_1,parameter,technology_1
AL,h0097,0.0,scr2004,avaConv,solar
AL,h0098,0.0,scr2004,avaConv,solar
AL,h0099,0.0,scr2004,avaConv,solar
AL,h0100,0.0,scr2004,avaConv,solar
AL,h0101,0.00012417701793722123,scr2004,avaConv,solar
AL,h0102,0.0033008088848514635,scr2004,avaConv,solar
AL,h0103,0.012491480325114436,scr2004,avaConv,solar
AL,h0104,0.037310075194479465,scr2004,avaConv,solar
AL,h0105,0.07014296017446378,scr2004,avaConv,solar
AL,h0106,0.11255981790010583,scr2004,avaConv,solar
AL,h0107,0.15553290915470225,scr2004,avaConv,solar
AL,h0108,0.20633746874968087,scr2004,avaConv,solar
AL,h0109,0.20102765527670233,scr2004,avaConv,solar
AL,h0110,0.16515921459527128,scr2004,avaConv,solar
AL,h0111,0.10010650641266008,scr2004,avaConv,solar
AL,h0112,0.057035211571631765,scr2004,avaConv,solar
AL,h0113,0.02395854788325771,scr2004,avaConv,solar
AL,h0114,0.0035550626886319517,scr2004,avaConv,solar
AL,h0115,0.0,scr2004,avaConv,solar
AL,h0116,0.0,scr2004,avaConv,solar
AL,h0117,0.0,scr2004,avaConv,solar
AL,h0118,0.0,scr2004,avaConv,solar
AL,h0119,0.0,scr2004,avaConv,solar
AL,h0120,0.0,scr2004,avaConv,solar
AL,h0121,0.0,scr2004,avaConv,solar
AL,h0122,0.0,scr2004,avaConv,solar
AL,h0123,0.0,scr2004,avaConv,solar
AL,h0124,0.0,scr2004,avaConv,solar
AL,h0125,0.0,scr2004,avaConv,solar
AL,h0126,0.007521819497350416,scr2004,avaConv,solar
AL,h0127,0.05109531111391569,scr2004,avaConv,solar
AL,h0128,0.12080560325190612,scr2004,avaConv,solar
AL,h0129,0.20754821819796723,scr2004,avaConv,solar
AL,h0130,0.27859947047779793,scr2004,avaConv,solar
AL,h0131,0.32996426561051256,scr2004,avaConv,solar
AL,h0132,0.3634383523647111,scr2004,avaConv,solar
AL,h0133,0.3553340355562886,scr2004,avaConv,solar
AL,h0134,0.3193774197410335,scr2004,avaConv,solar
AL,h0135,0.25187831189257653,scr2004,avaConv,solar
AL,h0136,0.167700207807432,scr2004,avaConv,solar
AL,h0137,0.08148988291701495,scr2004,avaConv,solar
AL,h0138,0.0228833326781377,scr2004,avaConv,solar
AL,h0139,0.0,scr2004,avaConv,solar
AL,h0140,0.0,scr2004,avaConv,solar
AL,h0141,0.0,scr2004,avaConv,solar
AL,h0142,0.0,scr2004,avaConv,solar
AL,h0143,0.0,scr2004,avaConv,solar
AL,h0144,0.0,scr2004,avaConv,solar
AT,h0097,0.0,scr2004,avaConv,solar
AT,h0098,0.0,scr2004,avaConv,solar
AT,h0099,0.0,scr2004,avaConv,solar
AT,h0100,0.0,scr2004,avaConv,solar
AT,h0101,0.0,scr2004,avaConv,solar
AT,h0102,0.0,scr2004,avaConv,solar
AT,h0103,0.0011540639098700626,scr2004,avaConv,solar
AT,h0104,0.013896666013593557,scr2004,avaConv,solar
AT,h0105,0.049702053063181664,scr2004,avaConv,solar
AT,h0106,0.11082808169475836,scr2004,avaConv,solar
AT,h0107,0.18193935633277064,scr2004,avaConv,solar
AT,h0108,0.2520088943159505,scr2004,avaConv,solar
AT,h0109,0.5074399259529956,scr2004,avaConv,solar
AT,h0110,0.7332880402183131,scr2004,avaConv,solar
AT,h0111,0.8968470258289573,scr2004,avaConv,solar
AT,h0112,0.7572777892946162,scr2004,avaConv,solar
AT,h0113,0.4176476292427157,scr2004,avaConv,solar
AT,h0114,0.1564098954217907,scr2004,avaConv,solar
AT,h0115,0.0005240400373566837,scr2004,avaConv,solar
AT,h0116,0.0,scr2004,avaConv,solar
AT,h0117,0.0,scr2004,avaConv,solar
AT,h0118,0.0,scr2004,avaConv,solar
AT,h0119,0.0,scr2004,avaConv,solar
AT,h0120,0.0,scr2004,avaConv,solar
AT,h0121,0.0,scr2004,avaConv,solar
AT,h0122,0.0,scr2004,avaConv,solar
AT,h0123,0.0,scr2004,avaConv,solar
AT,h0124,0.0,scr2004,avaConv,solar
AT,h0125,0.0,scr2004,avaConv,solar
AT,h0126,0.0,scr2004,avaConv,solar
AT,h0127,0.00616051378334149,scr2004,avaConv,solar
AT,h0128,0.03195284559949799,scr2004,avaConv,solar
AT,h0129,0.0808839128910133,scr2004,avaConv,solar
AT,h0130,0.1391767479826702,scr2004,avaConv,solar
AT,h0131,0.19094283643993426,scr2004,avaConv,solar
AT,h0132,0.22813091384167208,scr2004,avaConv,solar
AT,h0133,0.35759482621700983,scr2004,avaConv,solar
AT,h0134,0.4741759322070645,scr2004,avaConv,solar
AT,h0135,0.5563893186543245,scr2004,avaConv,solar
AT,h0136,0.46703383732247605,scr2004,avaConv,solar
AT,h0137,0.2640739152050433,scr2004,avaConv,solar
AT,h0138,0.09997835946476609,scr2004,avaConv,solar
AT,h0139,0.005569385091613508,scr2004,avaConv,solar
AT,h0140,0.0,scr2004,avaConv,solar
AT,h0141,0.0,scr2004,avaConv,solar
AT,h0142,0.0,scr2004,avaConv,solar
AT,h0143,0.0,scr2004,avaConv,solar
AT,h0144,0.0,scr2004,avaConv,solar
BA,h0097,0.0,scr2004,avaConv,solar
BA,h0098,0.0,scr2004,avaConv,solar
BA,h0099,0.0,scr2004,avaConv,solar
BA,h0100,0.0,scr2004,avaConv,solar
BA,h0101,0.0,scr2004,avaConv,solar
BA,h0102,0.0001436337003166453,scr2004,avaConv,solar
BA,h0103,0.014287740227298003,scr2004,avaConv,solar
BA,h0104,0.0506787094151185,scr2004,avaConv,solar
BA,h0105,0.11122445663984142,scr2004,avaConv,solar
BA,h0106,0.1789442554861591,scr2004,avaConv,solar
BA,h0107,0.22030925811149424,scr2004,avaConv,solar
BA,h0108,0.23039756798884262,scr2004,avaConv,solar
BA,h0109,0.32442255786598073,scr2004,avaConv,solar
BA,h0110,0.378650755074438,scr2004,avaConv,solar
BA,h0111,0.4111037195261676,scr2004,avaConv,solar
BA,h0112,0.2358334261253087,scr2004,avaConv,solar
BA,h0113,0.1015850090115823,scr2004,avaConv,solar
BA,h0114,0.009808918165752033,scr2004,avaConv,solar
BA,h0115,0.0,scr2004,avaConv,solar
BA,h0116,0.0,scr2004,avaConv,solar
BA,h0117,0.0,scr2004,avaConv,solar
BA,h0118,0.0,scr2004,avaConv,solar
BA,h0119,0.0,scr2004,avaConv,solar
BA,h0120,0.0,scr2004,avaConv,solar
BA,h0121,0.0,scr2004,avaConv,solar
BA,h0122,0.0,scr2004,avaConv,solar
BA,h0123,0.0,scr2004,avaConv,solar
BA,h0124,0.0,scr2004,avaConv,solar
BA,h0125,0.0,scr2004,avaConv,solar
BA,h0126,0.005091029277705098,scr2004,avaConv,solar
BA,h0127,0.01741266258162652,scr2004,avaConv,solar
BA,h0128,0.049369278595197776,scr2004,avaConv,solar
BA,h0129,0.09251515522489173,scr2004,avaConv,solar
BA,h0130,0.14451172420324604,scr2004,avaConv,solar
BA,h0131,0.17096684802359075,scr2004,avaConv,solar
BA,h0132,0.17380675263026288,scr2004,avaConv,solar
BA,h0133,0.23595726959262645,scr2004,avaConv,solar
BA,h0134,0.28754885971810246,scr2004,avaConv,solar
BA,h0135,0.325506538655053,scr2004,avaConv,solar
BA,h0136,0.25044218771509913,scr2004,avaConv,solar
BA,h0137,0.13533169043604476,scr2004,avaConv,solar
BA,h0138,0.04757555514247507,scr2004,avaConv,solar
BA,h0139,0.0001742014370780754,scr2004,avaConv,solar
BA,h0140,0.0,scr2004,avaConv,solar
BA,h0141,0.0,scr2004,avaConv,solar
BA,h0142,0.0,scr2004,avaConv,solar
BA,h0143,0.0,scr2004,avaConv,solar
BA,h0144,0.0,scr2004,avaConv,solar
BE,h0097,0.0,scr2004,avaConv,solar
BE,h0098,0.0,scr2004,avaConv,solar
BE,h0099,0.0,scr2004,avaConv,solar
BE,h0100,0.0,scr2004,avaConv,solar
BE,h0101,0.0,scr2004,avaConv,solar
BE,h0102,0.0,scr2004,avaConv,solar
BE,h0103,0.0,scr2004,avaConv,solar
BE,h0104,0.004869170487969278,scr2004,avaConv,solar
BE,h0105,0.028744323918104525,scr2004,avaConv,solar
BE,h0106,0.07758103528601996,scr2004,avaConv,solar
BE,h0107,0.1336398639582203,scr2004,avaConv,solar
BE,h0108,0.16745742564618793,scr2004,avaConv,solar
BE,h0109,0.23435842132502852,scr2004,avaConv,solar
BE,h0110,0.2789816846084391,scr2004,avaConv,solar
BE,h0111,0.30993077103459427,scr2004,avaConv,solar
BE,h0112,0.25140650017505506,scr2004,avaConv,solar
BE,h0113,0.138358458135436,scr2004,avaConv,solar
BE,h0114,0.04930266891431452,scr2004,avaConv,solar
BE,h0115,0.0015472041384274227,scr2004,avaConv,solar
BE,h0116,0.0,scr2004,avaConv,solar
BE,h0117,0.0,scr2004,avaConv,solar
BE,h0118,0.0,scr2004,avaConv,solar
BE,h0119,0.0,scr2004,avaConv,solar
BE,h0120,0.0,scr2004,avaConv,solar
BE,h0121,0.0,scr2004,avaConv,solar
BE,h0122,0.0,scr2004,avaConv,solar
BE,h0123,0.0,scr2004,avaConv,solar
BE,h0124,0.0,scr2004,avaConv,solar
BE,h0125,0.0,scr2004,avaConv,solar
BE,h0126,0.0,scr2004,avaConv,solar
BE,h0127,0.002959609315996333,scr2004,avaConv,solar
BE,h0128,0.03827878778358331,scr2004,avaConv,solar
BE,h0129,0.12541524374890212,scr2004,avaConv,solar
BE,h0130,0.25208539567249927,scr2004,avaConv,solar
BE,h0131,0.35616325520962333,scr2004,avaConv,solar
BE,h0132,0.4146142029965314,scr2004,avaConv,solar
BE,h0133,0.42661435108471646,scr2004,avaConv,solar
BE,h0134,0.41657197211875063,scr2004,avaConv,solar
BE,h0135,0.38696283996536485,scr2004,avaConv,solar
BE,h0136,0.3354637958306682,scr2004,avaConv,solar
BE,h0137,0.2289993896455727,scr2004,avaConv,solar
BE,h0138,0.10348038865736182,scr2004,avaConv,solar
BE,h0139,0.023878946442370184,scr2004,avaConv,solar
BE,h0140,0.0,scr2004,avaConv,solar
BE,h0141,0.0,scr2004,avaConv,solar
BE,h0142,0.0,scr2004,avaConv,solar
BE,h0143,0.0,scr2004,avaConv,solar
BE,h0144,0.0,scr2004,avaConv,solar
BG,h0097,0.0,scr2004,avaConv,solar
BG,h0098,0.0,scr2004,avaConv,solar
BG,h0099,0.0,scr2004,avaConv,solar
BG,h0100,0.0,scr2004,avaConv,solar
BG,h0101,0.0,scr2004,avaConv,solar
BG,h0102,0.009526885379787702,scr2004,avaConv,solar
BG,h0103,0.021195359637105598,scr2004,avaConv,solar
BG,h0104,0.053588412177480206,scr2004,avaConv,solar
BG,h0105,0.08741154255812164,scr2004,avaConv,solar
BG,h0106,0.13350921450002307,scr2004,avaConv,solar
BG,h0107,0.16334246162823624,scr2004,avaConv,solar
BG,h0108,0.16975430698010371,scr2004,avaConv,solar
BG,h0109,0.3283096804636755,scr2004,avaConv,solar
BG,h0110,0.4608296223153955,scr2004,avaConv,solar
BG,h0111,0.5716181951949393,scr2004,avaConv,solar
BG,h0112,0.32275948480763134,scr2004,avaConv,solar
BG,h0113,0.1266525539514039,scr2004,avaConv,solar
BG,h0114,0.004249503973931976,scr2004,avaConv,solar
BG,h0115,0.0,scr2004,avaConv,solar
BG,h0116,0.0,scr2004,avaConv,solar
BG,h0117,0.0,scr2004,avaConv,solar
BG,h0118,0.0,scr2004,avaConv,solar
BG,h0119,0.0,scr2004,avaConv,solar
BG,h0120,0.0,scr2004,avaConv,solar
BG,h0121,0.0,scr2004,avaConv,solar
BG,h0122,0.0,scr2004,avaConv,solar
BG,h0123,0.0,scr2004,avaConv,solar
BG,h0124,0.0,scr2004,avaConv,solar
BG,h0125,0.0,scr2004,avaConv,solar
BG,h0126,0.0009955710786765152,scr2004,avaConv,solar
BG,h0127,0.056957863030117774,scr2004,avaConv,solar
BG,h0128,0.1814435230983687,scr2004,avaConv,solar
BG,h0129,0.37185645457673394,scr2004,avaConv,solar
BG,h0130,0.5137213249484215,scr2004,avaConv,solar
BG,h0131,0.6125447289580118,scr2004,avaConv,solar
BG,h0132,0.6660022076649942,scr2004,avaConv,solar
BG,h0133,0.47055681458061166,scr2004,avaConv,solar
BG,h0134,0.2645593200199266,scr2004,avaConv,solar
BG,h0135,0.0702617657039359,scr2004,avaConv,solar
BG,h0136,0.03532484585645798,scr2004,avaConv,solar
BG,h0137,0.01143431813161961,scr2004,avaConv,solar
BG,h0138,0.0013126212401111232,scr2004,avaConv,solar
BG,h0139,0.0,scr2004,avaConv,solar
BG,h0140,0.0,scr2004,avaConv,solar
BG,h0141,0.0,scr2004,avaConv,solar
BG,h0142,0.0,scr2004,avaConv,solar
BG,h0143,0.0,scr2004,avaConv,solar
BG,h0144,0.0,scr2004,avaConv,solar
CH,h0097,0.0,scr2004,avaConv,solar
CH,h0098,0.0,scr2004,avaConv,solar
CH,h0099,0.0,scr2004,avaConv,solar
CH,h0100,0.0,scr2004,avaConv,solar
CH,h0101,0.0,scr2004,avaConv,solar
CH,h0102,0.0,scr2004,avaConv,solar
CH,h0103,0.0016231876730241376,scr2004,avaConv,solar
CH,h0104,0.02078272031486501,scr2004,avaConv,solar
CH,h0105,0.06243339418874255,scr2004,avaConv,solar
CH,h0106,0.12374937918122467,scr2004,avaConv,solar
CH,h0107,0.1870783417911376,scr2004,avaConv,solar
CH,h0108,0.24373927699829565,scr2004,avaConv,solar
CH,h0109,0.4787924338006049,scr2004,avaConv,solar
CH,h0110,0.678410210893714,scr2004,avaConv,solar
CH,h0111,0.834003447050907,scr2004,avaConv,solar
CH,h0112,0.7641499671240384,scr2004,avaConv,solar
CH,h0113,0.502387758451536,scr2004,avaConv,solar
CH,h0114,0.2486562979218812,scr2004,avaConv,solar
CH,h0115,0.01824764626752822,scr2004,avaConv,solar
CH,h0116,0.0,scr2004,avaConv,solar
CH,h0117,0.0,scr2004,avaConv,solar
CH,h0118,0.0,scr2004,avaConv,solar
CH,h0119,0.0,scr2004,avaConv,solar
CH,h0120,0.0,scr2004,avaConv,solar
CH,h0121,0.0,scr2004,avaConv,solar
CH,h0122,0.0,scr2004,avaConv,solar
CH,h0123,0.0,scr2004,avaConv,solar
CH,h0124,0.0,scr2004,avaConv,solar
CH,h0125,0.0,scr2004,avaConv,solar
CH,h0126,0.0,scr2004,avaConv,solar
CH,h0127,0.021695321117435426,scr2004,avaConv,solar
CH,h0128,0.10566440809535348,scr2004,avaConv,solar
CH,h0129,0.23401746132804227,scr2004,avaConv,solar
CH,h0130,0.36992846099440874,scr2004,avaConv,solar
CH,h0131,0.48023506706853103,scr2004,avaConv,solar
CH,h0132,0.5760616395635599,scr2004,avaConv,solar
CH,h0133,0.5584592124801881,scr2004,avaConv,solar
CH,h0134,0.4847796888876024,scr2004,avaConv,solar
CH,h0135,0.3491046133488691,scr2004,avaConv,solar
CH,h0136,0.2554341701744421,scr2004,avaConv,solar
CH,h0137,0.14102848108674879,scr2004,avaConv,solar
CH,h0138,0.05175351991017244,scr2004,avaConv,solar
CH,h0139,0.004869324776696834,scr2004,avaConv,solar
CH,h0140,0.0,scr2004,avaConv,solar
CH,h0141,0.0,scr2004,avaConv,solar
CH,h0142,0.0,scr2004,avaConv,solar
CH,h0143,0.0,scr2004,avaConv,solar
CH,h0144,0.0,scr2004,avaConv,solar
CZ,h0097,0.0,scr2004,avaConv,solar
CZ,h0098,0.0,scr2004,avaConv,solar
CZ,h0099,0.0,scr2004,avaConv,solar
CZ,h0100,0.0,scr2004,avaConv,solar
CZ,h0101,0.0,scr2004,avaConv,solar
CZ,h0102,0.0,scr2004,avaConv,solar
CZ,h0103,0.0052864051606447415,scr2004,avaConv,solar
CZ,h0104,0.03843182166041384,scr2004,avaConv,solar
CZ,h0105,0.13293696946897435,scr2004,avaConv,solar
CZ,h0106,0.2727578855445077,scr2004,avaConv,solar
CZ,h0107,0.42075400990305895,scr2004,avaConv,solar
CZ,h0108,0.5377104133328552,scr2004,avaConv,solar
CZ,h0109,0.6828532451153343,scr2004,avaConv,solar
CZ,h0110,0.759002029141343,scr2004,avaConv,solar
CZ,h0111,0.7472024259311925,scr2004,avaConv,solar
CZ,h0112,0.49186333760023265,scr2004,avaConv,solar
CZ,h0113,0.218828355445542,scr2004,avaConv,solar
CZ,h0114,0.0378130242912515,scr2004,avaConv,solar
CZ,h0115,0.0,scr2004,avaConv,solar
CZ,h0116,0.0,scr2004,avaConv,solar
CZ,h0117,0.0,scr2004,avaConv,solar
CZ,h0118,0.0,scr2004,avaConv,solar
CZ,h0119,0.0,scr2004,avaConv,solar
CZ,h0120,0.0,scr2004,avaConv,solar
CZ,h0121,0.0,scr2004,avaConv,solar
CZ,h0122,0.0,scr2004,avaConv,solar
CZ,h0123,0.0,scr2004,avaConv,solar
CZ,h0124,0.0,scr2004,avaConv,solar
CZ,h0125,0.0,scr2004,avaConv,solar
CZ,h0126,0.0,scr2004,avaConv,solar
CZ,h0127,0.004066784731622072,scr2004,avaConv,solar
CZ,h0128,0.02312419320431158,scr2004,avaConv,solar
CZ,h0129,0.06646043168393433,scr2004,avaConv,solar
CZ,h0130,0.13360587636667368,scr2004,avaConv,solar
CZ,h0131,0.20671266629415094,scr2004,avaConv,solar
CZ,h0132,0.26526056607879833,scr2004,avaConv,solar
CZ,h0133,0.2897440272900664,scr2004,avaConv,solar
CZ,h0134,0.2867695979421383,scr2004,avaConv,solar
CZ,h0135,0.2602385897152818,scr2004,avaConv,solar
CZ,h0136,0.2221689071209083,scr2004,avaConv,solar
CZ,h0137,0.12175157501873027,scr2004,avaConv,solar
CZ,h0138,0.045878904630014934,scr2004,avaConv,solar
CZ,h0139,0.0006166237149931372,scr2004,avaConv,solar
CZ,h0140,0.0,scr2004,avaConv,solar
CZ,h0141,0.0,scr2004,avaConv,solar
CZ,h0142,0.0,scr2004,avaConv,solar
CZ,h0143,0.0,scr2004,avaConv,solar
CZ,h0144,0.0,scr2004,avaConv,solar
DE,h0097,0.0,scr2004,avaConv,solar
DE,h0098,0.0,scr2004,avaConv,solar
DE,h0099,0.0,scr2004,avaConv,solar
DE,h0100,0.0,scr2004,avaConv,solar
DE,h0101,0.0,scr2004,avaConv,solar
DE,h0102,0.0,scr2004,avaConv,solar
DE,h0103,0.00164488382246026,scr2004,avaConv,solar
DE,h0104,0.016338241879978625,scr2004,avaConv,solar
DE,h0105,0.0544354373024538,scr2004,avaConv,solar
DE,h0106,0.1101977551210521,scr2004,avaConv,solar
DE,h0107,0.16094793175776406,scr2004,avaConv,solar
DE,h0108,0.1978691805464697,scr2004,avaConv,solar
DE,h0109,0.4109075042923465,scr2004,avaConv,solar
DE,h0110,0.6128012845771624,scr2004,avaConv,solar
DE,h0111,0.770686830132826,scr2004,avaConv,solar
DE,h0112,0.6107003156668377,scr2004,avaConv,solar
DE,h0113,0.3183683829746229,scr2004,avaConv,solar
DE,h0114,0.10272876777720705,scr2004,avaConv,solar
DE,h0115,0.000442382143439321,scr2004,avaConv,solar
DE,h0116,0.0,scr2004,avaConv,solar
DE,h0117,0.0,scr2004,avaConv,solar
DE,h0118,0.0,scr2004,avaConv,solar
DE,h0119,0.0,scr2004,avaConv,solar
DE,h0120,0.0,scr2004,avaConv,solar
DE,h0121,0.0,scr2004,avaConv,solar
DE,h0122,0.0,scr2004,avaConv,solar
DE,h0123,0.0,scr2004,avaConv,solar
DE,h0124,0.0,scr2004,avaConv,solar
DE,h0125,0.0,scr2004,avaConv,solar
DE,h0126,0.0,scr2004,avaConv,solar
DE,h0127,0.006588821845272881,scr2004,avaConv,solar
DE,h0128,0.04194992904751577,scr2004,avaConv,solar
DE,h0129,0.12137073347679908,scr2004,avaConv,solar
DE,h0130,0.2377091588473715,scr2004,avaConv,solar
DE,h0131,0.3532569912631038,scr2004,avaConv,solar
DE,h0132,0.4446343777813335,scr2004,avaConv,solar
DE,h0133,0.4451431456236408,scr2004,avaConv,solar
DE,h0134,0.40075628807873387,scr2004,avaConv,solar
DE,h0135,0.3225609928162017,scr2004,avaConv,solar
DE,h0136,0.2527698944059151,scr2004,avaConv,solar
DE,h0137,0.13552841019026093,scr2004,avaConv,solar
DE,h0138,0.0458244040572371,scr2004,avaConv,solar
DE,h0139,0.0016272796524623588,scr2004,avaConv,solar
DE,h0140,0.0,scr2004,avaConv,solar
DE,h0141,0.0,scr2004,avaConv,solar
DE,h0142,0.0,scr2004,avaConv,solar
DE,h0143,0.0,scr2004,avaConv,solar
DE,h0144,0.0,scr2004,avaConv,solar
DK,h0097,0.0,scr2004,avaConv,solar
DK,h0098,0.0,scr2004,avaConv,solar
DK,h0099,0.0,scr2004,avaConv,solar
DK,h0100,0.0,scr2004,avaConv,solar
DK,h0101,0.0,scr2004,avaConv,solar
DK,h0102,0.0,scr2004,avaConv,solar
DK,h0103,0.0010190499996813244,scr2004,avaConv,solar
DK,h0104,0.024302054896989132,scr2004,avaConv,solar
DK,h0105,0.08806641967857812,scr2004,avaConv,solar
DK,h0106,0.19397877042274456,scr2004,avaConv,solar
DK,h0107,0.31534608083475885,scr2004,avaConv,solar
DK,h0108,0.4271332876619936,scr2004,avaConv,solar
DK,h0109,0.5502790525069295,scr2004,avaConv,solar
DK,h0110,0.6002406279251434,scr2004,avaConv,solar
DK,h0111,0.5686821424114166,scr2004,avaConv,solar
DK,h0112,0.3680325283547637,scr2004,avaConv,solar
DK,h0113,0.16612598861592467,scr2004,avaConv,solar
DK,h0114,0.02955291777969413,scr2004,avaConv,solar
DK,h0115,0.0,scr2004,avaConv,solar
DK,h0116,0.0,scr2004,avaConv,solar
DK,h0117,0.0,scr2004,avaConv,solar
DK,h0118,0.0,scr2004,avaConv,solar
DK,h0119,0.0,scr2004,avaConv,solar
DK,h0120,0.0,scr2004,avaConv,solar
DK,h0121,0.0,scr2004,avaConv,solar
DK,h0122,0.0,scr2004,avaConv,solar
DK,h0123,0.0,scr2004,avaConv,solar
DK,h0124,0.0,scr2004,avaConv,solar
DK,h0125,0.0,scr2004,avaConv,solar
DK,h0126,0.0,scr2004,avaConv,solar
DK,h0127,0.0014325711970052846,scr2004,avaConv,solar
DK,h0128,0.010881417167246473,scr2004,avaConv,solar
DK,h0129,0.030701710374017803,scr2004,avaConv,solar
DK,h0130,0.06378925981433282,scr2004,avaConv,solar
DK,h0131,0.09509910172153895,scr2004,avaConv,solar
DK,h0132,0.1364080079867896,scr2004,avaConv,solar
DK,h0133,0.1589613027370468,scr2004,avaConv,solar
DK,h0134,0.15972802229743918,scr2004,avaConv,solar
DK,h0135,0.131884410998969,scr2004,avaConv,solar
DK,h0136,0.10037008451393156,scr2004,avaConv,solar
DK,h0137,0.05654057145798558,scr2004,avaConv,solar
DK,h0138,0.022614247495784442,scr2004,avaConv,solar
DK,h0139,0.0005894796749899904,scr2004,avaConv,solar
DK,h0140,0.0,scr2004,avaConv,solar
DK,h0141,0.0,scr2004,avaConv,solar
DK,h0142,0.0,scr2004,avaConv,solar
DK,h0143,0.0,scr2004,avaConv,solar
DK,h0144,0.0,scr2004,avaConv,solar
EE,h0097,0.0,scr2004,avaConv,solar
EE,h0098,0.0,scr2004,avaConv,solar
EE,h0099,0.0,scr2004,avaConv,solar
EE,h0100,0.0,scr2004,avaConv,solar
EE,h0101,0.0,scr2004,avaConv,solar
EE,h0102,0.0,scr2004,avaConv,solar
EE,h0103,0.0014130156921420987,scr2004,avaConv,solar
EE,h0104,0.007832834215698605,scr2004,avaConv,solar
EE,h0105,0.020753834645127842,scr2004,avaConv,solar
EE,h0106,0.040519233974751,scr2004,avaConv,solar
EE,h0107,0.08825998572262832,scr2004,avaConv,solar
EE,h0108,0.16127584131428116,scr2004,avaConv,solar
EE,h0109,0.27004666712185155,scr2004,avaConv,solar
EE,h0110,0.3177035477131438,scr2004,avaConv,solar
EE,h0111,0.2638649318680784,scr2004,avaConv,solar
EE,h0112,0.12948363257240786,scr2004,avaConv,solar
EE,h0113,0.031019021350831254,scr2004,avaConv,solar
EE,h0114,0.0,scr2004,avaConv,solar
EE,h0115,0.0,scr2004,avaConv,solar
EE,h0116,0.0,scr2004,avaConv,solar
EE,h0117,0.0,scr2004,avaConv,solar
EE,h0118,0.0,scr2004,avaConv,solar
EE,h0119,0.0,scr2004,avaConv,solar
EE,h0120,0.0,scr2004,avaConv,solar
EE,h0121,0.0,scr2004,avaConv,solar
EE,h0122,0.0,scr2004,avaConv,solar
EE,h0123,0.0,scr2004,avaConv,solar
EE,h0124,0.0,scr2004,avaConv,solar
EE,h0125,0.0,scr2004,avaConv,solar
EE,h0126,0.002357907298342692,scr2004,avaConv,solar
EE,h0127,0.04312380885633898,scr2004,avaConv,solar
EE,h0128,0.1401751595427501,scr2004,avaConv,solar
EE,h0129,0.2787490978200074,scr2004,avaConv,solar
EE,h0130,0.4051594888398281,scr2004,avaConv,solar
EE,h0131,0.48593648731878947,scr2004,avaConv,solar
EE,h0132,0.5301172153356555,scr2004,avaConv,solar
EE,h0133,0.4474947541630077,scr2004,avaConv,solar
EE,h0134,0.3268754878378976,scr2004,avaConv,solar
EE,h0135,0.18613057496226162,scr2004,avaConv,solar
EE,h0136,0.09484992331834373,scr2004,avaConv,solar
EE,h0137,0.03495417832916032,scr2004,avaConv,solar
EE,h0138,0.0010261764874310365,scr2004,avaConv,solar
EE,h0139,0.0,scr2004,avaConv,solar
EE,h0140,0.0,scr2004,avaConv,solar
EE,h0141,0.0,scr2004,avaConv,solar
EE,h0142,0.0,scr2004,avaConv,solar
EE,h0143,0.0,scr2004,avaConv,solar
EE,h0144,0.0,scr2004,avaConv,solar
ES,h0097,0.0,scr2004,avaConv,solar
ES,h0098,0.0,scr2004,avaConv,solar
ES,h0099,0.0,scr2004,avaConv,solar
ES,h0100,0.0,scr2004,avaConv,solar
ES,h0101,0.0,scr2004,avaConv,solar
ES,h0102,0.0,scr2004,avaConv,solar
ES,h0103,0.00010106247244679568,scr2004,avaConv,solar
ES,h0104,0.019160710312659097,scr2004,avaConv,solar
ES,h0105,0.0841738602333269,scr2004,avaConv,solar
ES,h0106,0.19841717570962691,scr2004,avaConv,solar
ES,h0107,0.32675789530831756,scr2004,avaConv,solar
ES,h0108,0.4256098108023484,scr2004,avaConv,solar
ES,h0109,0.49909481640616565,scr2004,avaConv,solar
ES,h0110,0.5319436068095322,scr2004,avaConv,solar
ES,h0111,0.5134846032642395,scr2004,avaConv,solar
ES,h0112,0.44382281234320586,scr2004,avaConv,solar
ES,h0113,0.33335159944179343,scr2004,avaConv,solar
ES,h0114,0.18001319328469245,scr2004,avaConv,solar
ES,h0115,0.06428437949254485,scr2004,avaConv,solar
ES,h0116,0.0018429069208560776,scr2004,avaConv,solar
ES,h0117,0.0,scr2004,avaConv,solar
ES,h0118,0.0,scr2004,avaConv,solar
ES,h0119,0.0,scr2004,avaConv,solar
ES,h0120,0.0,scr2004,avaConv,solar
ES,h0121,0.0,scr2004,avaConv,solar
ES,h0122,0.0,scr2004,avaConv,solar
ES,h0123,0.0,scr2004,avaConv,solar
ES,h0124,0.0,scr2004,avaConv,solar
ES,h0125,0.0,scr2004,avaConv,solar
ES,h0126,0.0,scr2004,avaConv,solar
ES,h0127,0.0009688290301046019,scr2004,avaConv,solar
ES,h0128,0.031187916818183472,scr2004,avaConv,solar
ES,h0129,0.11530295336194468,scr2004,avaConv,solar
ES,h0130,0.2497579683809877,scr2004,avaConv,solar
ES,h0131,0.38311192703573066,scr2004,avaConv,solar
ES,h0132,0.47931948814748543,scr2004,avaConv,solar
ES,h0133,0.52944689654362,scr2004,avaConv,solar
ES,h0134,0.5261535953929001,scr2004,avaConv,solar
ES,h0135,0.4726572604310829,scr2004,avaConv,solar
ES,h0136,0.3772614611895473,scr2004,avaConv,solar
ES,h0137,0.26151143561775514,scr2004,avaConv,solar
ES,h0138,0.13381290954683095,scr2004,avaConv,solar
ES,h0139,0.04696306721551123,scr2004,avaConv,solar
ES,h0140,0.004100290271473557,scr2004,avaConv,solar
ES,h0141,0.0,scr2004,avaConv,solar
ES,h0142,0.0,scr2004,avaConv,solar
ES,h0143,0.0,scr2004,avaConv,solar
ES,h0144,0.0,scr2004,avaConv,solar
FI,h0097,0.0,scr2004,avaConv,solar
FI,h0098,0.0,scr2004,avaConv,solar
FI,h0099,0.0,scr2004,avaConv,solar
FI,h0100,0.0,scr2004,avaConv,solar
FI,h0101,0.0,scr2004,avaConv,solar
FI,h0102,0.0,scr2004,avaConv,solar
FI,h0103,0.010409816908702836,scr2004,avaConv,solar
FI,h0104,0.07435458480691298,scr2004,avaConv,solar
FI,h0105,0.2290201898523592,scr2004,avaConv,solar
FI,h0106,0.439335764387759,scr2004,avaConv,solar
FI,h0107,0.6379996462368656,scr2004,avaConv,solar
FI,h0108,0.7765673794369408,scr2004,avaConv,solar
FI,h0109,0.7145089161222773,scr2004,avaConv,solar
FI,h0110,0.5788117970058742,scr2004,avaConv,solar
FI,h0111,0.2841583916768878,scr2004,avaConv,solar
FI,h0112,0.11840663361652315,scr2004,avaConv,solar
FI,h0113,0.008146910477894483,scr2004,avaConv,solar
FI,h0114,0.0,scr2004,avaConv,solar
FI,h0115,0.0,scr2004,avaConv,solar
FI,h0116,0.0,scr2004,avaConv,solar
FI,h0117,0.0,scr2004,avaConv,solar
FI,h0118,0.0,scr2004,avaConv,solar
FI,h0119,0.0,scr2004,avaConv,solar
FI,h0120,0.0,scr2004,avaConv,solar
FI,h0121,0.0,scr2004,avaConv,solar
FI,h0122,0.0,scr2004,avaConv,solar
FI,h0123,0.0,scr2004,avaConv,solar
FI,h0124,0.0,scr2004,avaConv,solar
FI,h0125,0.0,scr2004,avaConv,solar
FI,h0126,0.0024991840794738084,scr2004,avaConv,solar
FI,h0127,0.02302605413683284,scr2004,avaConv,solar
FI,h0128,0.08284331116094525,scr2004,avaConv,solar
FI,h0129,0.1868445874798043,scr2004,avaConv,solar
FI,h0130,0.3051961549405749,scr2004,avaConv,solar
FI,h0131,0.412103418488375,scr2004,avaConv,solar
FI,h0132,0.48226005323386106,scr2004,avaConv,solar
FI,h0133,0.5578384241167494,scr2004,avaConv,solar
FI,h0134,0.5497524126167056,scr2004,avaConv,solar
FI,h0135,0.4652030388515058,scr2004,avaConv,solar
FI,h0136,0.23185499100412862,scr2004,avaConv,solar
FI,h0137,0.07457425830590793,scr2004,avaConv,solar
FI,h0138,0.0011520685576848434,scr2004,avaConv,solar
FI,h0139,0.0,scr2004,avaConv,solar
FI,h0140,0.0,scr2004,avaConv,solar
FI,h0141,0.0,scr2004,avaConv,solar
FI,h0142,0.0,scr2004,avaConv,solar
FI,h0143,0.0,scr2004,avaConv,solar
FI,h0144,0.0,scr2004,avaConv,solar
FR,h0097,0.0,scr2004,avaConv,solar
FR,h0098,0.0,scr2004,avaConv,solar
FR,h0099,0.0,scr2004,avaConv,solar
FR,h0100,0.0,scr2004,avaConv,solar
FR,h0101,0.0,scr2004,avaConv,solar
FR,h0102,0.0,scr2004,avaConv,solar
FR,h0103,0.0002259158910530972,scr2004,avaConv,solar
FR,h0104,0.021595798754983835,scr2004,avaConv,solar
FR,h0105,0.09345562859577752,scr2004,avaConv,solar
FR,h0106,0.2214263386091458,scr2004,avaConv,solar
FR,h0107,0.3608232606608669,scr2004,avaConv,solar
FR,h0108,0.47674992162653657,scr2004,avaConv,solar
FR,h0109,0.4904069217952327,scr2004,avaConv,solar
FR,h0110,0.4481994960732395,scr2004,avaConv,solar
FR,h0111,0.352734998560755,scr2004,avaConv,solar
FR,h0112,0.27784965337148443,scr2004,avaConv,solar
FR,h0113,0.1703188346690438,scr2004,avaConv,solar
FR,h0114,0.07188532464767533,scr2004,avaConv,solar
FR,h0115,0.013692588649552166,scr2004,avaConv,solar
FR,h0116,0.0,scr2004,avaConv,solar
FR,h0117,0.0,scr2004,avaConv,solar
FR,h0118,0.0,scr2004,avaConv,solar
FR,h0119,0.0,scr2004,avaConv,solar
FR,h0120,0.0,scr2004,avaConv,solar
FR,h0121,0.0,scr2004,avaConv,solar
FR,h0122,0.0,scr2004,avaConv,solar
FR,h0123,0.0,scr2004,avaConv,solar
FR,h0124,0.0,scr2004,avaConv,solar
FR,h0125,0.0,scr2004,avaConv,solar
FR,h0126,0.0,scr2004,avaConv,solar
FR,h0127,0.005486144881192517,scr2004,avaConv,solar
FR,h0128,0.04361411291415233,scr2004,avaConv,solar
FR,h0129,0.12866974546731114,scr2004,avaConv,solar
FR,h0130,0.24971232588819411,scr2004,avaConv,solar
FR,h0131,0.36065127328036145,scr2004,avaConv,solar
FR,h0132,0.4510020833432821,scr2004,avaConv,solar
FR,h0133,0.43905936772256837,scr2004,avaConv,solar
FR,h0134,0.37904072696131746,scr2004,avaConv,solar
FR,h0135,0.2871980679589152,scr2004,avaConv,solar
FR,h0136,0.2359847295420715,scr2004,avaConv,solar
FR,h0137,0.1674186020605329,scr2004,avaConv,solar
FR,h0138,0.08138610770503354,scr2004,avaConv,solar
FR,h0139,0.022210838385954678,scr2004,avaConv,solar
FR,h0140,0.00037500604619945447,scr2004,avaConv,solar
FR,h0141,0.0,scr2004,avaConv,solar
FR,h0142,0.0,scr2004,avaConv,solar
FR,h0143,0.0,scr2004,avaConv,solar
FR,h0144,0.0,scr2004,avaConv,solar
GR,h0097,0.0,scr2004,avaConv,solar
GR,h0098,0.0,scr2004,avaConv,solar
GR,h0099,0.0,scr2004,avaConv,solar
GR,h0100,0.0,scr2004,avaConv,solar
GR,h0101,0.0,scr2004,avaConv,solar
GR,h0102,0.006347355238093053,scr2004,avaConv,solar
GR,h0103,0.034087264832008954,scr2004,avaConv,solar
GR,h0104,0.08863385793369258,scr2004,avaConv,solar
GR,h0105,0.16130792058286372,scr2004,avaConv,solar
GR,h0106,0.22523124469926156,scr2004,avaConv,solar
GR,h0107,0.27146874926832076,scr2004,avaConv,solar
GR,h0108,0.2896492117180657,scr2004,avaConv,solar
GR,h0109,0.39834725050429287,scr2004,avaConv,solar
GR,h0110,0.45692110844657785,scr2004,avaConv,solar
GR,h0111,0.4763169163569293,scr2004,avaConv,solar
GR,h0112,0.2637523820260306,scr2004,avaConv,solar
GR,h0113,0.10424845719242498,scr2004,avaConv,solar
GR,h0114,0.004099226867711796,scr2004,avaConv,solar
GR,h0115,0.0,scr2004,avaConv,solar
GR,h0116,0.0,scr2004,avaConv,solar
GR,h0117,0.0,scr2004,avaConv,solar
GR,h0118,0.0,scr2004,avaConv,solar
GR,h0119,0.0,scr2004,avaConv,solar
GR,h0120,0.0,scr2004,avaConv,solar
GR,h0121,0.0,scr2004,avaConv,solar
GR,h0122,0.0,scr2004,avaConv,solar
GR,h0123,0.0,scr2004,avaConv,solar
GR,h0124,0.0,scr2004,avaConv,solar
GR,h0125,0.0,scr2004,avaConv,solar
GR,h0126,0.02420947704691855,scr2004,avaConv,solar
GR,h0127,0.11297573578340879,scr2004,avaConv,solar
GR,h0128,0.2758054462836295,scr2004,avaConv,solar
GR,h0129,0.469621701483807,scr2004,avaConv,solar
GR,h0130,0.6358304899540108,scr2004,avaConv,solar
GR,h0131,0.7525808284916056,scr2004,avaConv,solar
GR,h0132,0.7993793811037443,scr2004,avaConv,solar
GR,h0133,0.6806911031169771,scr2004,avaConv,solar
GR,h0134,0.5180545326314415,scr2004,avaConv,solar
GR,h0135,0.32786941914111567,scr2004,avaConv,solar
GR,h0136,0.1891899889864263,scr2004,avaConv,solar
GR,h0137,0.07389717206816533,scr2004,avaConv,solar
GR,h0138,0.008699321154219002,scr2004,avaConv,solar
GR,h0139,0.0,scr2004,avaConv,solar
GR,h0140,0.0,scr2004,avaConv,solar
GR,h0141,0.0,scr2004,avaConv,solar
GR,h0142,0.0,scr2004,avaConv,solar
GR,h0143,0.0,scr2004,avaConv,solar
GR,h0144,0.0,scr2004,avaConv,solar
HR,h0097,0.0,scr2004,avaConv,solar
HR,h0098,0.0,scr2004,avaConv,solar
HR,h0099,0.0,scr2004,avaConv,solar
HR,h0100,0.0,scr2004,avaConv,solar
HR,h0101,0.0,scr2004,avaConv,solar
HR,h0102,0.0,scr2004,avaConv,solar
HR,h0103,0.010975021898685471,scr2004,avaConv,solar
HR,h0104,0.04209670770161648,scr2004,avaConv,solar
HR,h0105,0.09470725741460415,scr2004,avaConv,solar
HR,h0106,0.15558536775817694,scr2004,avaConv,solar
HR,h0107,0.19942722859814094,scr2004,avaConv,solar
HR,h0108,0.2236096378256836,scr2004,avaConv,solar
HR,h0109,0.30685280804131754,scr2004,avaConv,solar
HR,h0110,0.34445256470609653,scr2004,avaConv,solar
HR,h0111,0.3530910986787148,scr2004,avaConv,solar
HR,h0112,0.21627591057112885,scr2004,avaConv,solar
HR,h0113,0.10043303347752804,scr2004,avaConv,solar
HR,h0114,0.020828749962985223,scr2004,avaConv,solar
HR,h0115,0.0,scr2004,avaConv,solar
HR,h0116,0.0,scr2004,avaConv,solar
HR,h0117,0.0,scr2004,avaConv,solar
HR,h0118,0.0,scr2004,avaConv,solar
HR,h0119,0.0,scr2004,avaConv,solar
HR,h0120,0.0,scr2004,avaConv,solar
HR,h0121,0.0,scr2004,avaConv,solar
HR,h0122,0.0,scr2004,avaConv,solar
HR,h0123,0.0,scr2004,avaConv,solar
HR,h0124,0.0,scr2004,avaConv,solar
HR,h0125,0.0,scr2004,avaConv,solar
HR,h0126,0.0028189654741824425,scr2004,avaConv,solar
HR,h0127,0.01983829589014936,scr2004,avaConv,solar
HR,h0128,0.06581079289518692,scr2004,avaConv,solar
HR,h0129,0.12890659747164723,scr2004,avaConv,solar
HR,h0130,0.18965868984642742,scr2004,avaConv,solar
HR,h0131,0.21334359058448787,scr2004,avaConv,solar
HR,h0132,0.21068372647601882,scr2004,avaConv,solar
HR,h0133,0.3166988794410568,scr2004,avaConv,solar
HR,h0134,0.40777407607007216,scr2004,avaConv,solar
HR,h0135,0.47030110058283303,scr2004,avaConv,solar
HR,h0136,0.35170831889130605,scr2004,avaConv,solar
HR,h0137,0.18511290790072502,scr2004,avaConv,solar
HR,h0138,0.06394955611893519,scr2004,avaConv,solar
HR,h0139,0.0010056182739227653,scr2004,avaConv,solar
HR,h0140,0.0,scr2004,avaConv,solar
HR,h0141,0.0,scr2004,avaConv,solar
HR,h0142,0.0,scr2004,avaConv,solar
HR,h0143,0.0,scr2004,avaConv,solar
HR,h0144,0.0,scr2004,avaConv,solar
HU,h0097,0.0,scr2004,avaConv,solar
HU,h0098,0.0,scr2004,avaConv,solar
HU,h0099,0.0,scr2004,avaConv,solar
HU,h0100,0.0,scr2004,avaConv,solar
HU,h0101,0.0,scr2004,avaConv,solar
HU,h0102,0.0,scr2004,avaConv,solar
HU,h0103,0.003018327697615599,scr2004,avaConv,solar
HU,h0104,0.01174862188445833,scr2004,avaConv,solar
HU,h0105,0.027672662673108105,scr2004,avaConv,solar
HU,h0106,0.04508424795219843,scr2004,avaConv,solar
HU,h0107,0.060677257853997156,scr2004,avaConv,solar
HU,h0108,0.0715757467842641,scr2004,avaConv,solar
HU,h0109,0.27687961938819816,scr2004,avaConv,solar
HU,h0110,0.4795900656514374,scr2004,avaConv,solar
HU,h0111,0.6428846390178565,scr2004,avaConv,solar
HU,h0112,0.36238435333202657,scr2004,avaConv,solar
HU,h0113,0.13759371349457378,scr2004,avaConv,solar
HU,h0114,0.007509748420435733,scr2004,avaConv,solar
HU,h0115,0.0,scr2004,avaConv,solar
HU,h0116,0.0,scr2004,avaConv,solar
HU,h0117,0.0,scr2004,avaConv,solar
HU,h0118,0.0,scr2004,avaConv,solar
HU,h0119,0.0,scr2004,avaConv,solar
HU,h0120,0.0,scr2004,avaConv,solar
HU,h0121,0.0,scr2004,avaConv,solar
HU,h0122,0.0,scr2004,avaConv,solar
HU,h0123,0.0,scr2004,avaConv,solar
HU,h0124,0.0,scr2004,avaConv,solar
HU,h0125,0.0,scr2004,avaConv,solar
HU,h0126,0.0038368672655293206,scr2004,avaConv,solar
HU,h0127,0.021387571567643628,scr2004,avaConv,solar
HU,h0128,0.057890097389932636,scr2004,avaConv,solar
HU,h0129,0.10692490746861903,scr2004,avaConv,solar
HU,h0130,0.16001647988596784,scr2004,avaConv,solar
HU,h0131,0.20960821141109068,scr2004,avaConv,solar
HU,h0132,0.24724588412726325,scr2004,avaConv,solar
HU,h0133,0.2565138921536814,scr2004,avaConv,solar
HU,h0134,0.23107597764950855,scr2004,avaConv,solar
HU,h0135,0.1768125178457214,scr2004,avaConv,solar
HU,h0136,0.1073409831225374,scr2004,avaConv,solar
HU,h0137,0.04423128799121124,scr2004,avaConv,solar
HU,h0138,0.010092047732282117,scr2004,avaConv,solar
HU,h0139,0.0,scr2004,avaConv,solar
HU,h0140,0.0,scr2004,avaConv,solar
HU,h0141,0.0,scr2004,avaConv,solar
HU,h0142,0.0,scr2004,avaConv,solar
HU,h0143,0.0,scr2004,avaConv,solar
HU,h0144,0.0,scr2004,avaConv,solar
IE,h0097,0.0,scr2004,avaConv,solar
IE,h0098,0.0,scr2004,avaConv,solar
IE,h0099,0.0,scr2004,avaConv,solar
IE,h0100,0.0,scr2004,avaConv,solar
IE,h0101,0.0,scr2004,avaConv,solar
IE,h0102,0.0,scr2004,avaConv,solar
IE,h0103,0.0,scr2004,avaConv,solar
IE,h0104,0.0,scr2004,avaConv,solar
IE,h0105,0.004967750609121405,scr2004,avaConv,solar
IE,h0106,0.02317847629943649,scr2004,avaConv,solar
IE,h0107,0.063839629379805,scr2004,avaConv,solar
IE,h0108,0.11564782706181075,scr2004,avaConv,solar
IE,h0109,0.1641976661764102,scr2004,avaConv,solar
IE,h0110,0.17505640996777858,scr2004,avaConv,solar
IE,h0111,0.14181439788399852,scr2004,avaConv,solar
IE,h0112,0.08982448645422811,scr2004,avaConv,solar
IE,h0113,0.04640049769937375,scr2004,avaConv,solar
IE,h0114,0.020145306011279052,scr2004,avaConv,solar
IE,h0115,0.005551820111333773,scr2004,avaConv,solar
IE,h0116,0.0,scr2004,avaConv,solar
IE,h0117,0.0,scr2004,avaConv,solar
IE,h0118,0.0,scr2004,avaConv,solar
IE,h0119,0.0,scr2004,avaConv,solar
IE,h0120,0.0,scr2004,avaConv,solar
IE,h0121,0.0,scr2004,avaConv,solar
IE,h0122,0.0,scr2004,avaConv,solar
IE,h0123,0.0,scr2004,avaConv,solar
IE,h0124,0.0,scr2004,avaConv,solar
IE,h0125,0.0,scr2004,avaConv,solar
IE,h0126,0.0,scr2004,avaConv,solar
IE,h0127,0.0,scr2004,avaConv,solar
IE,h0128,0.001854267551600357,scr2004,avaConv,solar
IE,h0129,0.02967235944063699,scr2004,avaConv,solar
IE,h0130,0.09424110180002727,scr2004,avaConv,solar
IE,h0131,0.20363906903320736,scr2004,avaConv,solar
IE,h0132,0.29534275394078846,scr2004,avaConv,solar
IE,h0133,0.3406668364380083,scr2004,avaConv,solar
IE,h0134,0.33662034958954845,scr2004,avaConv,solar
IE,h0135,0.2979493606886714,scr2004,avaConv,solar
IE,h0136,0.2490275811770234,scr2004,avaConv,solar
IE,h0137,0.18678763252962352,scr2004,avaConv,solar
IE,h0138,0.10392268941022648,scr2004,avaConv,solar
IE,h0139,0.04125783708079309,scr2004,avaConv,solar
IE,h0140,0.0037905258619855948,scr2004,avaConv,solar
IE,h0141,0.0,scr2004,avaConv,solar
IE,h0142,0.0,scr2004,avaConv,solar
IE,h0143,0.0,scr2004,avaConv,solar
IE,h0144,0.0,scr2004,avaConv,solar
IT,h0097,0.0,scr2004,avaConv,solar
IT,h0098,0.0,scr2004,avaConv,solar
IT,h0099,0.0,scr2004,avaConv,solar
IT,h0100,0.0,scr2004,avaConv,solar
IT,h0101,0.0,scr2004,avaConv,solar
IT,h0102,0.0,scr2004,avaConv,solar
IT,h0103,0.005365824140856176,scr2004,avaConv,solar
IT,h0104,0.03181518907047058,scr2004,avaConv,solar
IT,h0105,0.09447961923944058,scr2004,avaConv,solar
IT,h0106,0.1817087542304868,scr2004,avaConv,solar
IT,h0107,0.27800771109002,scr2004,avaConv,solar
IT,h0108,0.3547480289760129,scr2004,avaConv,solar
IT,h0109,0.38803669104019833,scr2004,avaConv,solar
IT,h0110,0.3698432558332641,scr2004,avaConv,solar
IT,h0111,0.31375676945004716,scr2004,avaConv,solar
IT,h0112,0.2532003044218351,scr2004,avaConv,solar
IT,h0113,0.1367594921063064,scr2004,avaConv,solar
IT,h0114,0.05196732968535916,scr2004,avaConv,solar
IT,h0115,0.0009459029970399712,scr2004,avaConv,solar
IT,h0116,0.0,scr2004,avaConv,solar
IT,h0117,0.0,scr2004,avaConv,solar
IT,h0118,0.0,scr2004,avaConv,solar
IT,h0119,0.0,scr2004,avaConv,solar
IT,h0120,0.0,scr2004,avaConv,solar
IT,h0121,0.0,scr2004,avaConv,solar
IT,h0122,0.0,scr2004,avaConv,solar
IT,h0123,0.0,scr2004,avaConv,solar
IT,h0124,0.0,scr2004,avaConv,solar
IT,h0125,0.0,scr2004,avaConv,solar
IT,h0126,0.0002984310995339355,scr2004,avaConv,solar
IT,h0127,0.009827668067930399,scr2004,avaConv,solar
IT,h0128,0.04997401421056011,scr2004,avaConv,solar
IT,h0129,0.13573232914145686,scr2004,avaConv,solar
IT,h0130,0.24876498237816186,scr2004,avaConv,solar
IT,h0131,0.3675700369881235,scr2004,avaConv,solar
IT,h0132,0.46387799754117914,scr2004,avaConv,solar
IT,h0133,0.5273595934322508,scr2004,avaConv,solar
IT,h0134,0.5350042760527249,scr2004,avaConv,solar
IT,h0135,0.4811600430725764,scr2004,avaConv,solar
IT,h0136,0.36775159639708543,scr2004,avaConv,solar
IT,h0137,0.192916442057631,scr2004,avaConv,solar
IT,h0138,0.06528335541639022,scr2004,avaConv,solar
IT,h0139,0.003993476978197944,scr2004,avaConv,solar
IT,h0140,0.0,scr2004,avaConv,solar
IT,h0141,0.0,scr2004,avaConv,solar
IT,h0142,0.0,scr2004,avaConv,solar
IT,h0143,0.0,scr2004,avaConv,solar
IT,h0144,0.0,scr2004,avaConv,solar
LT,h0097,0.0,scr2004,avaConv,solar
LT,h0098,0.0,scr2004,avaConv,solar
LT,h0099,0.0,scr2004,avaConv,solar
LT,h0100,0.0,scr2004,avaConv,solar
LT,h0101,0.0,scr2004,avaConv,solar
LT,h0102,0.0,scr2004,avaConv,solar
LT,h0103,0.009031623475800997,scr2004,avaConv,solar
LT,h0104,0.0389565922056386,scr2004,avaConv,solar
LT,h0105,0.0809597377049718,scr2004,avaConv,solar
LT,h0106,0.10411639595000216,scr2004,avaConv,solar
LT,h0107,0.09491499480576267,scr2004,avaConv,solar
LT,h0108,0.07199085873977111,scr2004,avaConv,solar
LT,h0109,0.057493024503150934,scr2004,avaConv,solar
LT,h0110,0.06791254641633798,scr2004,avaConv,solar
LT,h0111,0.10428754718794116,scr2004,avaConv,solar
LT,h0112,0.078905229631672,scr2004,avaConv,solar
LT,h0113,0.04025563942535206,scr2004,avaConv,solar
LT,h0114,0.0,scr2004,avaConv,solar
LT,h0115,0.0,scr2004,avaConv,solar
LT,h0116,0.0,scr2004,avaConv,solar
LT,h0117,0.0,scr2004,avaConv,solar
LT,h0118,0.0,scr2004,avaConv,solar
LT,h0119,0.0,scr2004,avaConv,solar
LT,h0120,0.0,scr2004,avaConv,solar
LT,h0121,0.0,scr2004,avaConv,solar
LT,h0122,0.0,scr2004,avaConv,solar
LT,h0123,0.0,scr2004,avaConv,solar
LT,h0124,0.0,scr2004,avaConv,solar
LT,h0125,0.0,scr2004,avaConv,solar
LT,h0126,0.001225298972688505,scr2004,avaConv,solar
LT,h0127,0.017588929386095128,scr2004,avaConv,solar
LT,h0128,0.06793282291948767,scr2004,avaConv,solar
LT,h0129,0.1507272817100925,scr2004,avaConv,solar
LT,h0130,0.24110303653115772,scr2004,avaConv,solar
LT,h0131,0.31347662066162096,scr2004,avaConv,solar
LT,h0132,0.364672479090305,scr2004,avaConv,solar
LT,h0133,0.2868785577517867,scr2004,avaConv,solar
LT,h0134,0.19101416948016062,scr2004,avaConv,solar
LT,h0135,0.0886534910686566,scr2004,avaConv,solar
LT,h0136,0.049122997272283433,scr2004,avaConv,solar
LT,h0137,0.017950578005922126,scr2004,avaConv,solar
LT,h0138,0.0008606972694659583,scr2004,avaConv,solar
LT,h0139,0.0,scr2004,avaConv,solar
LT,h0140,0.0,scr2004,avaConv,solar
LT,h0141,0.0,scr2004,avaConv,solar
LT,h0142,0.0,scr2004,avaConv,solar
LT,h0143,0.0,scr2004,avaConv,solar
LT,h0144,0.0,scr2004,avaConv,solar
LV,h0097,0.0,scr2004,avaConv,solar
LV,h0098,0.0,scr2004,avaConv,solar
LV,h0099,0.0,scr2004,avaConv,solar
LV,h0100,0.0,scr2004,avaConv,solar
LV,h0101,0.0,scr2004,avaConv,solar
LV,h0102,0.0,scr2004,avaConv,solar
LV,h0103,0.0012680321123876047,scr2004,avaConv,solar
LV,h0104,0.008090115691495193,scr2004,avaConv,solar
LV,h0105,0.0217064669995309,scr2004,avaConv,solar
LV,h0106,0.037862714066185285,scr2004,avaConv,solar
LV,h0107,0.04837484918269691,scr2004,avaConv,solar
LV,h0108,0.04990134480581512,scr2004,avaConv,solar
LV,h0109,0.11587794373475403,scr2004,avaConv,solar
LV,h0110,0.19534742051347137,scr2004,avaConv,solar
LV,h0111,0.25436223320762985,scr2004,avaConv,solar
LV,h0112,0.1592459768953621,scr2004,avaConv,solar
LV,h0113,0.06161826594073677,scr2004,avaConv,solar
LV,h0114,0.0,scr2004,avaConv,solar
LV,h0115,0.0,scr2004,avaConv,solar
LV,h0116,0.0,scr2004,avaConv,solar
LV,h0117,0.0,scr2004,avaConv,solar
LV,h0118,0.0,scr2004,avaConv,solar
LV,h0119,0.0,scr2004,avaConv,solar
LV,h0120,0.0,scr2004,avaConv,solar
LV,h0121,0.0,scr2004,avaConv,solar
LV,h0122,0.0,scr2004,avaConv,solar
LV,h0123,0.0,scr2004,avaConv,solar
LV,h0124,0.0,scr2004,avaConv,solar
LV,h0125,0.0,scr2004,avaConv,solar
LV,h0126,0.0008111187576207629,scr2004,avaConv,solar
LV,h0127,0.05439062467677728,scr2004,avaConv,solar
LV,h0128,0.17132959853946436,scr2004,avaConv,solar
LV,h0129,0.3432862387539527,scr2004,avaConv,solar
LV,h0130,0.4875669914042659,scr2004,avaConv,solar
LV,h0131,0.5869606452107028,scr2004,avaConv,solar
LV,h0132,0.6312989807702982,scr2004,avaConv,solar
LV,h0133,0.463299955043532,scr2004,avaConv,solar
LV,h0134,0.273538276320061,scr2004,avaConv,solar
LV,h0135,0.0919843846169453,scr2004,avaConv,solar
LV,h0136,0.0475472215860191,scr2004,avaConv,solar
LV,h0137,0.017623891562020863,scr2004,avaConv,solar
LV,h0138,0.0005516464977151919,scr2004,avaConv,solar
LV,h0139,0.0,scr2004,avaConv,solar
LV,h0140,0.0,scr2004,avaConv,solar
LV,h0141,0.0,scr2004,avaConv,solar
LV,h0142,0.0,scr2004,avaConv,solar
LV,h0143,0.0,scr2004,avaConv,solar
LV,h0144,0.0,scr2004,avaConv,solar
ME,h0097,0.0,scr2004,avaConv,solar
ME,h0098,0.0,scr2004,avaConv,solar
ME,h0099,0.0,scr2004,avaConv,solar
ME,h0100,0.0,scr2004,avaConv,solar
ME,h0101,0.0,scr2004,avaConv,solar
ME,h0102,0.000737101562699205,scr2004,avaConv,solar
ME,h0103,0.010766746847836774,scr2004,avaConv,solar
ME,h0104,0.036577190455236386,scr2004,avaConv,solar
ME,h0105,0.07046504118540241,scr2004,avaConv,solar
ME,h0106,0.10524720202812278,scr2004,avaConv,solar
ME,h0107,0.13820875878446343,scr2004,avaConv,solar
ME,h0108,0.1658017607235558,scr2004,avaConv,solar
ME,h0109,0.2931274616054018,scr2004,avaConv,solar
ME,h0110,0.36214906470952596,scr2004,avaConv,solar
ME,h0111,0.3665623583209513,scr2004,avaConv,solar
ME,h0112,0.19983346617514988,scr2004,avaConv,solar
ME,h0113,0.07267571421455932,scr2004,avaConv,solar
ME,h0114,0.009249465714947738,scr2004,avaConv,solar
ME,h0115,0.0,scr2004,avaConv,solar
ME,h0116,0.0,scr2004,avaConv,solar
ME,h0117,0.0,scr2004,avaConv,solar
ME,h0118,0.0,scr2004,avaConv,solar
ME,h0119,0.0,scr2004,avaConv,solar
ME,h0120,0.0,scr2004,avaConv,solar
ME,h0121,0.0,scr2004,avaConv,solar
ME,h0122,0.0,scr2004,avaConv,solar
ME,h0123,0.0,scr2004,avaConv,solar
ME,h0124,0.0,scr2004,avaConv,solar
ME,h0125,0.0,scr2004,avaConv,solar
ME,h0126,0.004374653231981511,scr2004,avaConv,solar
ME,h0127,0.0202758982051532,scr2004,avaConv,solar
ME,h0128,0.05976509676781798,scr2004,avaConv,solar
ME,h0129,0.1052510233380109,scr2004,avaConv,solar
ME,h0130,0.14664486069750263,scr2004,avaConv,solar
ME,h0131,0.16706279534846383,scr2004,avaConv,solar
ME,h0132,0.17083823336749945,scr2004,avaConv,solar
ME,h0133,0.24723698639354783,scr2004,avaConv,solar
ME,h0134,0.30996117895477093,scr2004,avaConv,solar
ME,h0135,0.3545074320253433,scr2004,avaConv,solar
ME,h0136,0.2611675640850312,scr2004,avaConv,solar
ME,h0137,0.13571137501217745,scr2004,avaConv,solar
ME,h0138,0.03989920141567536,scr2004,avaConv,solar
ME,h0139,0.0,scr2004,avaConv,solar
ME,h0140,0.0,scr2004,avaConv,solar
ME,h0141,0.0,scr2004,avaConv,solar
ME,h0142,0.0,scr2004,avaConv,solar
ME,h0143,0.0,scr2004,avaConv,solar
ME,h0144,0.0,scr2004,avaConv,solar
MK,h0097,0.0,scr2004,avaConv,solar
MK,h0098,0.0,scr2004,avaConv,solar
MK,h0099,0.0,scr2004,avaConv,solar
MK,h0100,0.0,scr2004,avaConv,solar
MK,h0101,0.0,scr2004,avaConv,solar
MK,h0102,0.003325027593830748,scr2004,avaConv,solar
MK,h0103,0.009561952453941855,scr2004,avaConv,solar
MK,h0104,0.03246182010935745,scr2004,avaConv,solar
MK,h0105,0.061454275439933356,scr2004,avaConv,solar
MK,h0106,0.08624653425001721,scr2004,avaConv,solar
MK,h0107,0.09543943210680039,scr2004,avaConv,solar
MK,h0108,0.09184718396116531,scr2004,avaConv,solar
MK,h0109,0.2289050666685177,scr2004,avaConv,solar
MK,h0110,0.3156706974378585,scr2004,avaConv,solar
MK,h0111,0.358113629353281,scr2004,avaConv,solar
MK,h0112,0.17362060728551684,scr2004,avaConv,solar
MK,h0113,0.05910662142784132,scr2004,avaConv,solar
MK,h0114,0.00389253270064057,scr2004,avaConv,solar
MK,h0115,0.0,scr2004,avaConv,solar
MK,h0116,0.0,scr2004,avaConv,solar
MK,h0117,0.0,scr2004,avaConv,solar
MK,h0118,0.0,scr2004,avaConv,solar
MK,h0119,0.0,scr2004,avaConv,solar
MK,h0120,0.0,scr2004,avaConv,solar
MK,h0121,0.0,scr2004,avaConv,solar
MK,h0122,0.0,scr2004,avaConv,solar
MK,h0123,0.0,scr2004,avaConv,solar
MK,h0124,0.0,scr2004,avaConv,solar
MK,h0125,0.0,scr2004,avaConv,solar
MK,h0126,0.002839379430350765,scr2004,avaConv,solar
MK,h0127,0.05315561286593139,scr2004,avaConv,solar
MK,h0128,0.16371430310856072,scr2004,avaConv,solar
MK,h0129,0.31834543197652965,scr2004,avaConv,solar
MK,h0130,0.4461219978511078,scr2004,avaConv,solar
MK,h0131,0.537366693028623,scr2004,avaConv,solar
MK,h0132,0.5590776495620146,scr2004,avaConv,solar
MK,h0133,0.39902794708034794,scr2004,avaConv,solar
MK,h0134,0.2253354580113836,scr2004,avaConv,solar
MK,h0135,0.08209977649038143,scr2004,avaConv,solar
MK,h0136,0.04735242749915723,scr2004,avaConv,solar
MK,h0137,0.017605684613992055,scr2004,avaConv,solar
MK,h0138,0.004014768975651934,scr2004,avaConv,solar
MK,h0139,0.0,scr2004,avaConv,solar
MK,h0140,0.0,scr2004,avaConv,solar
MK,h0141,0.0,scr2004,avaConv,solar
MK,h0142,0.0,scr2004,avaConv,solar
MK,h0143,0.0,scr2004,avaConv,solar
MK,h0144,0.0,scr2004,avaConv,solar
NL,h0097,0.0,scr2004,avaConv,solar
NL,h0098,0.0,scr2004,avaConv,solar
NL,h0099,0.0,scr2004,avaConv,solar
NL,h0100,0.0,scr2004,avaConv,solar
NL,h0101,0.0,scr2004,avaConv,solar
NL,h0102,0.0,scr2004,avaConv,solar
NL,h0103,0.0,scr2004,avaConv,solar
NL,h0104,0.011162921126822982,scr2004,avaConv,solar
NL,h0105,0.048124086620829044,scr2004,avaConv,solar
NL,h0106,0.12298650233275657,scr2004,avaConv,solar
NL,h0107,0.2112423335810743,scr2004,avaConv,solar
NL,h0108,0.2972783870540496,scr2004,avaConv,solar
NL,h0109,0.3486638559773293,scr2004,avaConv,solar
NL,h0110,0.358056348575915,scr2004,avaConv,solar
NL,h0111,0.3008301853052482,scr2004,avaConv,solar
NL,h0112,0.21441511420891252,scr2004,avaConv,solar
NL,h0113,0.10097707419092157,scr2004,avaConv,solar
NL,h0114,0.033944607432247545,scr2004,avaConv,solar
NL,h0115,0.00018815426310534074,scr2004,avaConv,solar
NL,h0116,0.0,scr2004,avaConv,solar
NL,h0117,0.0,scr2004,avaConv,solar
NL,h0118,0.0,scr2004,avaConv,solar
NL,h0119,0.0,scr2004,avaConv,solar
NL,h0120,0.0,scr2004,avaConv,solar
NL,h0121,0.0,scr2004,avaConv,solar
NL,h0122,0.0,scr2004,avaConv,solar
NL,h0123,0.0,scr2004,avaConv,solar
NL,h0124,0.0,scr2004,avaConv,solar
NL,h0125,0.0,scr2004,avaConv,solar
NL,h0126,0.0,scr2004,avaConv,solar
NL,h0127,0.004499738263312991,scr2004,avaConv,solar
NL,h0128,0.04571741208610731,scr2004,avaConv,solar
NL,h0129,0.13759338321692047,scr2004,avaConv,solar
NL,h0130,0.26966036666681287,scr2004,avaConv,solar
NL,h0131,0.38498308185940283,scr2004,avaConv,solar
NL,h0132,0.4690676517405243,scr2004,avaConv,solar
NL,h0133,0.41348874573576777,scr2004,avaConv,solar
NL,h0134,0.33361273384203705,scr2004,avaConv,solar
NL,h0135,0.27848680696452477,scr2004,avaConv,solar
NL,h0136,0.2862773837089662,scr2004,avaConv,solar
NL,h0137,0.2184611476124606,scr2004,avaConv,solar
NL,h0138,0.09639276739749285,scr2004,avaConv,solar
NL,h0139,0.014879286350487547,scr2004,avaConv,solar
NL,h0140,0.0,scr2004,avaConv,solar
NL,h0141,0.0,scr2004,avaConv,solar
NL,h0142,0.0,scr2004,avaConv,solar
NL,h0143,0.0,scr2004,avaConv,solar
NL,h0144,0.0,scr2004,avaConv,solar
NO,h0097,0.0,scr2004,avaConv,solar
NO,h0098,0.0,scr2004,avaConv,solar
NO,h0099,0.0,scr2004,avaConv,solar
NO,h0100,0.0,scr2004,avaConv,solar
NO,h0101,0.0,scr2004,avaConv,solar
NO,h0102,0.0,scr2004,avaConv,solar
NO,h0103,0.0,scr2004,avaConv,solar
NO,h0104,0.00572123229443194,scr2004,avaConv,solar
NO,h0105,0.03358064774013487,scr2004,avaConv,solar
NO,h0106,0.09359643289875864,scr2004,avaConv,solar
NO,h0107,0.1776547251369987,scr2004,avaConv,solar
NO,h0108,0.25823511988362463,scr2004,avaConv,solar
NO,h0109,0.29044027945940476,scr2004,avaConv,solar
NO,h0110,0.27787750920706844,scr2004,avaConv,solar
NO,h0111,0.23596246198015638,scr2004,avaConv,solar
NO,h0112,0.14637810292511813,scr2004,avaConv,solar
NO,h0113,0.0666549258811438,scr2004,avaConv,solar
NO,h0114,0.0058254169159635966,scr2004,avaConv,solar
NO,h0115,0.0,scr2004,avaConv,solar
NO,h0116,0.0,scr2004,avaConv,solar
NO,h0117,0.0,scr2004,avaConv,solar
NO,h0118,0.0,scr2004,avaConv,solar
NO,h0119,0.0,scr2004,avaConv,solar
NO,h0120,0.0,scr2004,avaConv,solar
NO,h0121,0.0,scr2004,avaConv,solar
NO,h0122,0.0,scr2004,avaConv,solar
NO,h0123,0.0,scr2004,avaConv,solar
NO,h0124,0.0,scr2004,avaConv,solar
NO,h0125,0.0,scr2004,avaConv,solar
NO,h0126,0.0,scr2004,avaConv,solar
NO,h0127,0.006890120623457179,scr2004,avaConv,solar
NO,h0128,0.06739795091778046,scr2004,avaConv,solar
NO,h0129,0.21510651932302485,scr2004,avaConv,solar
NO,h0130,0.4108205608465944,scr2004,avaConv,solar
NO,h0131,0.5652875006789612,scr2004,avaConv,solar
NO,h0132,0.6380722763284592,scr2004,avaConv,solar
NO,h0133,0.5574018074349881,scr2004,avaConv,solar
NO,h0134,0.4427633265359614,scr2004,avaConv,solar
NO,h0135,0.30098835363711346,scr2004,avaConv,solar
NO,h0136,0.22955757128414997,scr2004,avaConv,solar
NO,h0137,0.12125196699903909,scr2004,avaConv,solar
NO,h0138,0.04338662231159437,scr2004,avaConv,solar
NO,h0139,0.0007405178543682935,scr2004,avaConv,solar
NO,h0140,0.0,scr2004,avaConv,solar
NO,h0141,0.0,scr2004,avaConv,solar
NO,h0142,0.0,scr2004,avaConv,solar
NO,h0143,0.0,scr2004,avaConv,solar
NO,h0144,0.0,scr2004,avaConv,solar
PL,h0097,0.0,scr2004,avaConv,solar
PL,h0098,0.0,scr2004,avaConv,solar
PL,h0099,0.0,scr2004,avaConv,solar
PL,h0100,0.0,scr2004,avaConv,solar
PL,h0101,0.0,scr2004,avaConv,solar
PL,h0102,0.0,scr2004,avaConv,solar
PL,h0103,0.006796213027839876,scr2004,avaConv,solar
PL,h0104,0.03784700776483634,scr2004,avaConv,solar
PL,h0105,0.10081131295761922,scr2004,avaConv,solar
PL,h0106,0.19158681192807545,scr2004,avaConv,solar
PL,h0107,0.27768683602972644,scr2004,avaConv,solar
PL,h0108,0.3429568398329492,scr2004,avaConv,solar
PL,h0109,0.405339800094788,scr2004,avaConv,solar
PL,h0110,0.43527815682531223,scr2004,avaConv,solar
PL,h0111,0.44077845446245856,scr2004,avaConv,solar
PL,h0112,0.2744045221550665,scr2004,avaConv,solar
PL,h0113,0.11961559232273103,scr2004,avaConv,solar
PL,h0114,0.0071817980477710645,scr2004,avaConv,solar
PL,h0115,0.0,scr2004,avaConv,solar
PL,h0116,0.0,scr2004,avaConv,solar
PL,h0117,0.0,scr2004,avaConv,solar
PL,h0118,0.0,scr2004,avaConv,solar
PL,h0119,0.0,scr2004,avaConv,solar
PL,h0120,0.0,scr2004,avaConv,solar
PL,h0121,0.0,scr2004,avaConv,solar
PL,h0122,0.0,scr2004,avaConv,solar
PL,h0123,0.0,scr2004,avaConv,solar
PL,h0124,0.0,scr2004,avaConv,solar
PL,h0125,0.0,scr2004,avaConv,solar
PL,h0126,0.0019861330171563442,scr2004,avaConv,solar
PL,h0127,0.012539288514297751,scr2004,avaConv,solar
PL,h0128,0.03939556485101837,scr2004,avaConv,solar
PL,h0129,0.07927323928894028,scr2004,avaConv,solar
PL,h0130,0.12104642266096269,scr2004,avaConv,solar
PL,h0131,0.14784404301243592,scr2004,avaConv,solar
PL,h0132,0.15831631905060348,scr2004,avaConv,solar
PL,h0133,0.14422879681103973,scr2004,avaConv,solar
PL,h0134,0.12284979523945994,scr2004,avaConv,solar
PL,h0135,0.09316153455620257,scr2004,avaConv,solar
PL,h0136,0.06305231553220944,scr2004,avaConv,solar
PL,h0137,0.028876750003783883,scr2004,avaConv,solar
PL,h0138,0.007557416818924275,scr2004,avaConv,solar
PL,h0139,0.0,scr2004,avaConv,solar
PL,h0140,0.0,scr2004,avaConv,solar
PL,h0141,0.0,scr2004,avaConv,solar
PL,h0142,0.0,scr2004,avaConv,solar
PL,h0143,0.0,scr2004,avaConv,solar
PL,h0144,0.0,scr2004,avaConv,solar
PT,h0097,0.0,scr2004,avaConv,solar
PT,h0098,0.0,scr2004,avaConv,solar
PT,h0099,0.0,scr2004,avaConv,solar
PT,h0100,0.0,scr2004,avaConv,solar
PT,h0101,0.0,scr2004,avaConv,solar
PT,h0102,0.0,scr2004,avaConv,solar
PT,h0103,0.0,scr2004,avaConv,solar
PT,h0104,0.004328699270262734,scr2004,avaConv,solar
PT,h0105,0.03870829290818076,scr2004,avaConv,solar
PT,h0106,0.11704293031289302,scr2004,avaConv,solar
PT,h0107,0.22751557817048257,scr2004,avaConv,solar
PT,h0108,0.33120073929365934,scr2004,avaConv,solar
PT,h0109,0.39731713113655565,scr2004,avaConv,solar
PT,h0110,0.4579102154980047,scr2004,avaConv,solar
PT,h0111,0.48455949199768666,scr2004,avaConv,solar
PT,h0112,0.4831927601024438,scr2004,avaConv,solar
PT,h0113,0.4094371396901277,scr2004,avaConv,solar
PT,h0114,0.24905048065276975,scr2004,avaConv,solar
PT,h0115,0.10483270883856322,scr2004,avaConv,solar
PT,h0116,0.008255140634455387,scr2004,avaConv,solar
PT,h0117,0.0,scr2004,avaConv,solar
PT,h0118,0.0,scr2004,avaConv,solar
PT,h0119,0.0,scr2004,avaConv,solar
PT,h0120,0.0,scr2004,avaConv,solar
PT,h0121,0.0,scr2004,avaConv,solar
PT,h0122,0.0,scr2004,avaConv,solar
PT,h0123,0.0,scr2004,avaConv,solar
PT,h0124,0.0,scr2004,avaConv,solar
PT,h0125,0.0,scr2004,avaConv,solar
PT,h0126,0.0,scr2004,avaConv,solar
PT,h0127,0.0,scr2004,avaConv,solar
PT,h0128,0.007928521083971378,scr2004,avaConv,solar
PT,h0129,0.038312193419910504,scr2004,avaConv,solar
PT,h0130,0.096725599852528,scr2004,avaConv,solar
PT,h0131,0.17103431682859682,scr2004,avaConv,solar
PT,h0132,0.22258118353261008,scr2004,avaConv,solar
PT,h0133,0.22685590720353566,scr2004,avaConv,solar
PT,h0134,0.21474260557927868,scr2004,avaConv,solar
PT,h0135,0.19908379556395614,scr2004,avaConv,solar
PT,h0136,0.2176996237304648,scr2004,avaConv,solar
PT,h0137,0.220027630461687,scr2004,avaConv,solar
PT,h0138,0.17389028498915962,scr2004,avaConv,solar
PT,h0139,0.0908756474149532,scr2004,avaConv,solar
PT,h0140,0.02012516247928994,scr2004,avaConv,solar
PT,h0141,0.0,scr2004,avaConv,solar
PT,h0142,0.0,scr2004,avaConv,solar
PT,h0143,0.0,scr2004,avaConv,solar
PT,h0144,0.0,scr2004,avaConv,solar
RO,h0097,0.0,scr2004,avaConv,solar
RO,h0098,0.0,scr2004,avaConv,solar
RO,h0099,0.0,scr2004,avaConv,solar
RO,h0100,0.0,scr2004,avaConv,solar
RO,h0101,0.0,scr2004,avaConv,solar
RO,h0102,0.014240091786933582,scr2004,avaConv,solar
RO,h0103,0.04315746247771221,scr2004,avaConv,solar
RO,h0104,0.09439448078612706,scr2004,avaConv,solar
RO,h0105,0.14738269118944003,scr2004,avaConv,solar
RO,h0106,0.19869149735754693,scr2004,avaConv,solar
RO,h0107,0.2317209925545385,scr2004,avaConv,solar
RO,h0108,0.23700816593057708,scr2004,avaConv,solar
RO,h0109,0.3672042451906005,scr2004,avaConv,solar
RO,h0110,0.4679448421284831,scr2004,avaConv,solar
RO,h0111,0.5384012663805223,scr2004,avaConv,solar
RO,h0112,0.3219022732921843,scr2004,avaConv,solar
RO,h0113,0.1366903093422796,scr2004,avaConv,solar
RO,h0114,0.003968934601070757,scr2004,avaConv,solar
RO,h0115,0.0,scr2004,avaConv,solar
RO,h0116,0.0,scr2004,avaConv,solar
RO,h0117,0.0,scr2004,avaConv,solar
RO,h0118,0.0,scr2004,avaConv,solar
RO,h0119,0.0,scr2004,avaConv,solar
RO,h0120,0.0,scr2004,avaConv,solar
RO,h0121,0.0,scr2004,avaConv,solar
RO,h0122,0.0,scr2004,avaConv,solar
RO,h0123,0.0,scr2004,avaConv,solar
RO,h0124,0.0,scr2004,avaConv,solar
RO,h0125,0.0,scr2004,avaConv,solar
RO,h0126,0.025514850813460402,scr2004,avaConv,solar
RO,h0127,0.08036107840658778,scr2004,avaConv,solar
RO,h0128,0.1731447662662883,scr2004,avaConv,solar
RO,h0129,0.2674189933107064,scr2004,avaConv,solar
RO,h0130,0.3561499018540801,scr2004,avaConv,solar
RO,h0131,0.4115587240308957,scr2004,avaConv,solar
RO,h0132,0.42717502872372504,scr2004,avaConv,solar
RO,h0133,0.32899722619360655,scr2004,avaConv,solar
RO,h0134,0.21743991777431398,scr2004,avaConv,solar
RO,h0135,0.10610963285799534,scr2004,avaConv,solar
RO,h0136,0.059234015828703294,scr2004,avaConv,solar
RO,h0137,0.023688768184690845,scr2004,avaConv,solar
RO,h0138,0.0015989285859314391,scr2004,avaConv,solar
RO,h0139,0.0,scr2004,avaConv,solar
RO,h0140,0.0,scr2004,avaConv,solar
RO,h0141,0.0,scr2004,avaConv,solar
RO,h0142,0.0,scr2004,avaConv,solar
RO,h0143,0.0,scr2004,avaConv,solar
RO,h0144,0.0,scr2004,avaConv,solar
RS,h0097,0.0,scr2004,avaConv,solar
RS,h0098,0.0,scr2004,avaConv,solar
RS,h0099,0.0,scr2004,avaConv,solar
RS,h0100,0.0,scr2004,avaConv,solar
RS,h0101,0.0,scr2004,avaConv,solar
RS,h0102,0.0017618187770834734,scr2004,avaConv,solar
RS,h0103,0.012043737319834455,scr2004,avaConv,solar
RS,h0104,0.046119688985924445,scr2004,avaConv,solar
RS,h0105,0.11271767195884243,scr2004,avaConv,solar
RS,h0106,0.19622512373365278,scr2004,avaConv,solar
RS,h0107,0.2603028798788083,scr2004,avaConv,solar
RS,h0108,0.2715088278522457,scr2004,avaConv,solar
RS,h0109,0.4464681267757526,scr2004,avaConv,solar
RS,h0110,0.5792966814178235,scr2004,avaConv,solar
RS,h0111,0.6720119595928513,scr2004,avaConv,solar
RS,h0112,0.3676459766662511,scr2004,avaConv,solar
RS,h0113,0.1345843585565341,scr2004,avaConv,solar
RS,h0114,0.007636059552175461,scr2004,avaConv,solar
RS,h0115,0.0,scr2004,avaConv,solar
RS,h0116,0.0,scr2004,avaConv,solar
RS,h0117,0.0,scr2004,avaConv,solar
RS,h0118,0.0,scr2004,avaConv,solar
RS,h0119,0.0,scr2004,avaConv,solar
RS,h0120,0.0,scr2004,avaConv,solar
RS,h0121,0.0,scr2004,avaConv,solar
RS,h0122,0.0,scr2004,avaConv,solar
RS,h0123,0.0,scr2004,avaConv,solar
RS,h0124,0.0,scr2004,avaConv,solar
RS,h0125,0.0,scr2004,avaConv,solar
RS,h0126,0.0033689126779485688,scr2004,avaConv,solar
RS,h0127,0.04104122880363483,scr2004,avaConv,solar
RS,h0128,0.1265705898901031,scr2004,avaConv,solar
RS,h0129,0.24758614449941677,scr2004,avaConv,solar
RS,h0130,0.3347291862001997,scr2004,avaConv,solar
RS,h0131,0.38457771869329266,scr2004,avaConv,solar
RS,h0132,0.394450476296354,scr2004,avaConv,solar
RS,h0133,0.28241250316426775,scr2004,avaConv,solar
RS,h0134,0.16607952500376064,scr2004,avaConv,solar
RS,h0135,0.06086727103199293,scr2004,avaConv,solar
RS,h0136,0.03183644246119389,scr2004,avaConv,solar
RS,h0137,0.010725597409019702,scr2004,avaConv,solar
RS,h0138,0.0014642738250691685,scr2004,avaConv,solar
RS,h0139,0.0,scr2004,avaConv,solar
RS,h0140,0.0,scr2004,avaConv,solar
RS,h0141,0.0,scr2004,avaConv,solar
RS,h0142,0.0,scr2004,avaConv,solar
RS,h0143,0.0,scr2004,avaConv,solar
RS,h0144,0.0,scr2004,avaConv,solar
SE,h0097,0.0,scr2004,avaConv,solar
SE,h0098,0.0,scr2004,avaConv,solar
SE,h0099,0.0,scr2004,avaConv,solar
SE,h0100,0.0,scr2004,avaConv,solar
SE,h0101,0.0,scr2004,avaConv,solar
SE,h0102,0.0,scr2004,avaConv,solar
SE,h0103,0.0031581881249837366,scr2004,avaConv,solar
SE,h0104,0.03135489016698648,scr2004,avaConv,solar
SE,h0105,0.09378867126023575,scr2004,avaConv,solar
SE,h0106,0.17901710842195284,scr2004,avaConv,solar
SE,h0107,0.25481025876929164,scr2004,avaConv,solar
SE,h0108,0.30381491014788925,scr2004,avaConv,solar
SE,h0109,0.3504582835062084,scr2004,avaConv,solar
SE,h0110,0.3713975479539084,scr2004,avaConv,solar
SE,h0111,0.36658903682874433,scr2004,avaConv,solar
SE,h0112,0.23714311932879006,scr2004,avaConv,solar
SE,h0113,0.11111131755692634,scr2004,avaConv,solar
SE,h0114,0.0070006557603097125,scr2004,avaConv,solar
SE,h0115,0.0,scr2004,avaConv,solar
SE,h0116,0.0,scr2004,avaConv,solar
SE,h0117,0.0,scr2004,avaConv,solar
SE,h0118,0.0,scr2004,avaConv,solar
SE,h0119,0.0,scr2004,avaConv,solar
SE,h0120,0.0,scr2004,avaConv,solar
SE,h0121,0.0,scr2004,avaConv,solar
SE,h0122,0.0,scr2004,avaConv,solar
SE,h0123,0.0,scr2004,avaConv,solar
SE,h0124,0.0,scr2004,avaConv,solar
SE,h0125,0.0,scr2004,avaConv,solar
SE,h0126,0.0,scr2004,avaConv,solar
SE,h0127,0.025001998683907678,scr2004,avaConv,solar
SE,h0128,0.10049954347348382,scr2004,avaConv,solar
SE,h0129,0.23194811415879849,scr2004,avaConv,solar
SE,h0130,0.3726767809043281,scr2004,avaConv,solar
SE,h0131,0.48114279760899464,scr2004,avaConv,solar
SE,h0132,0.54440646585687,scr2004,avaConv,solar
SE,h0133,0.4578376774402296,scr2004,avaConv,solar
SE,h0134,0.33998391348822454,scr2004,avaConv,solar
SE,h0135,0.19361038351750418,scr2004,avaConv,solar
SE,h0136,0.13046163569633248,scr2004,avaConv,solar
SE,h0137,0.06314145586917,scr2004,avaConv,solar
SE,h0138,0.01684659814455888,scr2004,avaConv,solar
SE,h0139,0.0,scr2004,avaConv,solar
SE,h0140,0.0,scr2004,avaConv,solar
SE,h0141,0.0,scr2004,avaConv,solar
SE,h0142,0.0,scr2004,avaConv,solar
SE,h0143,0.0,scr2004,avaConv,solar
SE,h0144,0.0,scr2004,avaConv,solar
SI,h0097,0.0,scr2004,avaConv,solar
SI,h0098,0.0,scr2004,avaConv,solar
SI,h0099,0.0,scr2004,avaConv,solar
SI,h0100,0.0,scr2004,avaConv,solar
SI,h0101,0.0,scr2004,avaConv,solar
SI,h0102,0.0,scr2004,avaConv,solar
SI,h0103,0.0014694065302507733,scr2004,avaConv,solar
SI,h0104,0.01437809145983534,scr2004,avaConv,solar
SI,h0105,0.05921258044666646,scr2004,avaConv,solar
SI,h0106,0.14588738472755902,scr2004,avaConv,solar
SI,h0107,0.2552088110150578,scr2004,avaConv,solar
SI,h0108,0.3587465645191421,scr2004,avaConv,solar
SI,h0109,0.5656284943764235,scr2004,avaConv,solar
SI,h0110,0.7111641724984938,scr2004,avaConv,solar
SI,h0111,0.7641987707404495,scr2004,avaConv,solar
SI,h0112,0.5388638357285164,scr2004,avaConv,solar
SI,h0113,0.2433359429726338,scr2004,avaConv,solar
SI,h0114,0.06010247177835248,scr2004,avaConv,solar
SI,h0115,0.0,scr2004,avaConv,solar
SI,h0116,0.0,scr2004,avaConv,solar
SI,h0117,0.0,scr2004,avaConv,solar
SI,h0118,0.0,scr2004,avaConv,solar
SI,h0119,0.0,scr2004,avaConv,solar
SI,h0120,0.0,scr2004,avaConv,solar
SI,h0121,0.0,scr2004,avaConv,solar
SI,h0122,0.0,scr2004,avaConv,solar
SI,h0123,0.0,scr2004,avaConv,solar
SI,h0124,0.0,scr2004,avaConv,solar
SI,h0125,0.0,scr2004,avaConv,solar
SI,h0126,0.0,scr2004,avaConv,solar
SI,h0127,0.007917870928742863,scr2004,avaConv,solar
SI,h0128,0.03766922656676086,scr2004,avaConv,solar
SI,h0129,0.10025152554820534,scr2004,avaConv,solar
SI,h0130,0.2074445850594204,scr2004,avaConv,solar
SI,h0131,0.29119204568060814,scr2004,avaConv,solar
SI,h0132,0.3170316561538821,scr2004,avaConv,solar
SI,h0133,0.45541267687900144,scr2004,avaConv,solar
SI,h0134,0.594486219259174,scr2004,avaConv,solar
SI,h0135,0.7073402702830003,scr2004,avaConv,solar
SI,h0136,0.5303521971662756,scr2004,avaConv,solar
SI,h0137,0.25102585226177065,scr2004,avaConv,solar
SI,h0138,0.07454814936400714,scr2004,avaConv,solar
SI,h0139,0.0011810652871292317,scr2004,avaConv,solar
SI,h0140,0.0,scr2004,avaConv,solar
SI,h0141,0.0,scr2004,avaConv,solar
SI,h0142,0.0,scr2004,avaConv,solar
SI,h0143,0.0,scr2004,avaConv,solar
SI,h0144,0.0,scr2004,avaConv,solar
SK,h0097,0.0,scr2004,avaConv,solar
SK,h0098,0.0,scr2004,avaConv,solar
SK,h0099,0.0,scr2004,avaConv,solar
SK,h0100,0.0,scr2004,avaConv,solar
SK,h0101,0.0,scr2004,avaConv,solar
SK,h0102,0.0,scr2004,avaConv,solar
SK,h0103,0.0021485257540754675,scr2004,avaConv,solar
SK,h0104,0.01704644135835512,scr2004,avaConv,solar
SK,h0105,0.06311610770282534,scr2004,avaConv,solar
SK,h0106,0.1460296071089017,scr2004,avaConv,solar
SK,h0107,0.243751736945636,scr2004,avaConv,solar
SK,h0108,0.34649866132966634,scr2004,avaConv,solar
SK,h0109,0.5077131476479531,scr2004,avaConv,solar
SK,h0110,0.6159124420277543,scr2004,avaConv,solar
SK,h0111,0.6357026518144577,scr2004,avaConv,solar
SK,h0112,0.37971605490535865,scr2004,avaConv,solar
SK,h0113,0.15526588632147395,scr2004,avaConv,solar
SK,h0114,0.011030889728123001,scr2004,avaConv,solar
SK,h0115,0.0,scr2004,avaConv,solar
SK,h0116,0.0,scr2004,avaConv,solar
SK,h0117,0.0,scr2004,avaConv,solar
SK,h0118,0.0,scr2004,avaConv,solar
SK,h0119,0.0,scr2004,avaConv,solar
SK,h0120,0.0,scr2004,avaConv,solar
SK,h0121,0.0,scr2004,avaConv,solar
SK,h0122,0.0,scr2004,avaConv,solar
SK,h0123,0.0,scr2004,avaConv,solar
SK,h0124,0.0,scr2004,avaConv,solar
SK,h0125,0.0,scr2004,avaConv,solar
SK,h0126,0.002502907073682181,scr2004,avaConv,solar
SK,h0127,0.010197058454457451,scr2004,avaConv,solar
SK,h0128,0.029829967076465295,scr2004,avaConv,solar
SK,h0129,0.058662554183793944,scr2004,avaConv,solar
SK,h0130,0.10021726938752204,scr2004,avaConv,solar
SK,h0131,0.14785707116181318,scr2004,avaConv,solar
SK,h0132,0.18777141990583884,scr2004,avaConv,solar
SK,h0133,0.21391159777699886,scr2004,avaConv,solar
SK,h0134,0.22044475145896808,scr2004,avaConv,solar
SK,h0135,0.2012200815932163,scr2004,avaConv,solar
SK,h0136,0.15112883867391538,scr2004,avaConv,solar
SK,h0137,0.07223238534783913,scr2004,avaConv,solar
SK,h0138,0.021357639417653063,scr2004,avaConv,solar
SK,h0139,0.0,scr2004,avaConv,solar
SK,h0140,0.0,scr2004,avaConv,solar
SK,h0141,0.0,scr2004,avaConv,solar
SK,h0142,0.0,scr2004,avaConv,solar
SK,h0143,0.0,scr2004,avaConv,solar
SK,h0144,0.0,scr2004,avaConv,solar
UK,h0097,0.0,scr2004,avaConv,solar
UK,h0098,0.0,scr2004,avaConv,solar
UK,h0099,0.0,scr2004,avaConv,solar
UK,h0100,0.0,scr2004,avaConv,solar
UK,h0101,0.0,scr2004,avaConv,solar
UK,h0102,0.0,scr2004,avaConv,solar
UK,h0103,0.0,scr2004,avaConv,solar
UK,h0104,0.0026885503248823372,scr2004,avaConv,solar
UK,h0105,0.028629272574200035,scr2004,avaConv,solar
UK,h0106,0.08889729932156291,scr2004,avaConv,solar
UK,h0107,0.1764612249418922,scr2004,avaConv,solar
UK,h0108,0.252561167851151,scr2004,avaConv,solar
UK,h0109,0.3855328599298893,scr2004,avaConv,solar
UK,h0110,0.47878535956520735,scr2004,avaConv,solar
UK,h0111,0.5209213277476388,scr2004,avaConv,solar
UK,h0112,0.4194022017714787,scr2004,avaConv,solar
UK,h0113,0.2548141573040777,scr2004,avaConv,solar
UK,h0114,0.10690032389952103,scr2004,avaConv,solar
UK,h0115,0.01787121358097129,scr2004,avaConv,solar
UK,h0116,0.0,scr2004,avaConv,solar
UK,h0117,0.0,scr2004,avaConv,solar
UK,h0118,0.0,scr2004,avaConv,solar
UK,h0119,0.0,scr2004,avaConv,solar
UK,h0120,0.0,scr2004,avaConv,solar
UK,h0121,0.0,scr2004,avaConv,solar
UK,h0122,0.0,scr2004,avaConv,solar
UK,h0123,0.0,scr2004,avaConv,solar
UK,h0124,0.0,scr2004,avaConv,solar
UK,h0125,0.0,scr2004,avaConv,solar
UK,h0126,0.0,scr2004,avaConv,solar
UK,h0127,0.0,scr2004,avaConv,solar
UK,h0128,0.0016901602064315437,scr2004,avaConv,solar
UK,h0129,0.010484624829137923,scr2004,avaConv,solar
UK,h0130,0.03161554491548359,scr2004,avaConv,solar
UK,h0131,0.06723183336235979,scr2004,avaConv,solar
UK,h0132,0.11619138755767301,scr2004,avaConv,solar
UK,h0133,0.28120038935803515,scr2004,avaConv,solar
UK,h0134,0.4279451872625018,scr2004,avaConv,solar
UK,h0135,0.5284927978124192,scr2004,avaConv,solar
UK,h0136,0.4437145153842286,scr2004,avaConv,solar
UK,h0137,0.32915375226086935,scr2004,avaConv,solar
UK,h0138,0.16920820808174555,scr2004,avaConv,solar
UK,h0139,0.05849844005067549,scr2004,avaConv,solar
UK,h0140,0.0012481504687372202,scr2004,avaConv,solar
UK,h0141,0.0,scr2004,avaConv,solar
UK,h0142,0.0,scr2004,avaConv,solar
UK,h0143,0.0,scr2004,avaConv,solar
UK,h0144,0.0,scr2004,avaConv,solar
