region_1,timestep_6,value,scenario_1,parameter,technology_3
AT,h4369,0.44772536967738147,scr2010,avaConv,runOfRiver
AT,h4370,0.452973914201563,scr2010,avaConv,runOfRiver
AT,h4371,0.4582224648072345,scr2010,avaConv,runOfRiver
AT,h4372,0.4582224648072345,scr2010,avaConv,runOfRiver
AT,h4373,0.4582224648072345,scr2010,avaConv,runOfRiver
AT,h4374,0.4582224648072345,scr2010,avaConv,runOfRiver
AT,h4375,0.4582224648072345,scr2010,avaConv,runOfRiver
AT,h4376,0.4582224648072345,scr2010,avaConv,runOfRiver
AT,h4377,0.4582224648072345,scr2010,avaConv,runOfRiver
AT,h4378,0.4582224648072345,scr2010,avaConv,runOfRiver
AT,h4379,0.4582224648072345,scr2010,avaConv,runOfRiver
AT,h4380,0.4582224648072345,scr2010,avaConv,runOfRiver
AT,h4381,0.4582224648072345,scr2010,avaConv,runOfRiver
AT,h4382,0.4582224648072345,scr2010,avaConv,runOfRiver
AT,h4383,0.4582224648072345,scr2010,avaConv,runOfRiver
AT,h4384,0.4582224648072345,scr2010,avaConv,runOfRiver
AT,h4385,0.4582224648072345,scr2010,avaConv,runOfRiver
AT,h4386,0.4582224648072345,scr2010,avaConv,runOfRiver
AT,h4387,0.4582224648072345,scr2010,avaConv,runOfRiver
AT,h4388,0.4582224648072345,scr2010,avaConv,runOfRiver
AT,h4389,0.4582224648072345,scr2010,avaConv,runOfRiver
AT,h4390,0.4582224648072345,scr2010,avaConv,runOfRiver
AT,h4391,0.4582224648072345,scr2010,avaConv,runOfRiver
AT,h4392,0.4582224648072345,scr2010,avaConv,runOfRiver
AT,h4393,0.4600928550233464,scr2010,avaConv,runOfRiver
AT,h4394,0.4619632459998107,scr2010,avaConv,runOfRiver
AT,h4395,0.46383363773354924,scr2010,avaConv,runOfRiver
AT,h4396,0.46383363773354924,scr2010,avaConv,runOfRiver
AT,h4397,0.46383363773354924,scr2010,avaConv,runOfRiver
AT,h4398,0.46383363773354924,scr2010,avaConv,runOfRiver
AT,h4399,0.46383363773354924,scr2010,avaConv,runOfRiver
AT,h4400,0.46383363773354924,scr2010,avaConv,runOfRiver
AT,h4401,0.46383363773354924,scr2010,avaConv,runOfRiver
AT,h4402,0.46383363773354924,scr2010,avaConv,runOfRiver
AT,h4403,0.46383363773354924,scr2010,avaConv,runOfRiver
AT,h4404,0.46383363773354924,scr2010,avaConv,runOfRiver
AT,h4405,0.46383363773354924,scr2010,avaConv,runOfRiver
AT,h4406,0.46383363773354924,scr2010,avaConv,runOfRiver
AT,h4407,0.46383363773354924,scr2010,avaConv,runOfRiver
AT,h4408,0.46383363773354924,scr2010,avaConv,runOfRiver
AT,h4409,0.46383363773354924,scr2010,avaConv,runOfRiver
AT,h4410,0.46383363773354924,scr2010,avaConv,runOfRiver
AT,h4411,0.46383363773354924,scr2010,avaConv,runOfRiver
AT,h4412,0.46383363773354924,scr2010,avaConv,runOfRiver
AT,h4413,0.46383363773354924,scr2010,avaConv,runOfRiver
AT,h4414,0.46383363773354924,scr2010,avaConv,runOfRiver
AT,h4415,0.46383363773354924,scr2010,avaConv,runOfRiver
AT,h4416,0.46383363773354924,scr2010,avaConv,runOfRiver
AT,h4417,0.4645339808809435,scr2010,avaConv,runOfRiver
AT,h4418,0.465234324133922,scr2010,avaConv,runOfRiver
AT,h4419,0.46593466749232565,scr2010,avaConv,runOfRiver
AT,h4420,0.46593466749232565,scr2010,avaConv,runOfRiver
AT,h4421,0.46593466749232565,scr2010,avaConv,runOfRiver
AT,h4422,0.46593466749232565,scr2010,avaConv,runOfRiver
AT,h4423,0.46593466749232565,scr2010,avaConv,runOfRiver
AT,h4424,0.46593466749232565,scr2010,avaConv,runOfRiver
AT,h4425,0.46593466749232565,scr2010,avaConv,runOfRiver
AT,h4426,0.46593466749232565,scr2010,avaConv,runOfRiver
AT,h4427,0.46593466749232565,scr2010,avaConv,runOfRiver
AT,h4428,0.46593466749232565,scr2010,avaConv,runOfRiver
AT,h4429,0.46593466749232565,scr2010,avaConv,runOfRiver
AT,h4430,0.46593466749232565,scr2010,avaConv,runOfRiver
AT,h4431,0.46593466749232565,scr2010,avaConv,runOfRiver
AT,h4432,0.46593466749232565,scr2010,avaConv,runOfRiver
AT,h4433,0.46593466749232565,scr2010,avaConv,runOfRiver
AT,h4434,0.46593466749232565,scr2010,avaConv,runOfRiver
AT,h4435,0.46593466749232565,scr2010,avaConv,runOfRiver
AT,h4436,0.46593466749232565,scr2010,avaConv,runOfRiver
AT,h4437,0.46593466749232565,scr2010,avaConv,runOfRiver
AT,h4438,0.46593466749232565,scr2010,avaConv,runOfRiver
AT,h4439,0.46593466749232565,scr2010,avaConv,runOfRiver
AT,h4440,0.46593466749232565,scr2010,avaConv,runOfRiver
AT,h4441,0.4664420059154253,scr2010,avaConv,runOfRiver
AT,h4442,0.4669493443937061,scr2010,avaConv,runOfRiver
AT,h4443,0.46745668292710835,scr2010,avaConv,runOfRiver
AT,h4444,0.46745668292710835,scr2010,avaConv,runOfRiver
AT,h4445,0.46745668292710835,scr2010,avaConv,runOfRiver
AT,h4446,0.46745668292710835,scr2010,avaConv,runOfRiver
AT,h4447,0.46745668292710835,scr2010,avaConv,runOfRiver
AT,h4448,0.46745668292710835,scr2010,avaConv,runOfRiver
AT,h4449,0.46745668292710835,scr2010,avaConv,runOfRiver
AT,h4450,0.46745668292710835,scr2010,avaConv,runOfRiver
AT,h4451,0.46745668292710835,scr2010,avaConv,runOfRiver
AT,h4452,0.46745668292710835,scr2010,avaConv,runOfRiver
AT,h4453,0.46745668292710835,scr2010,avaConv,runOfRiver
AT,h4454,0.46745668292710835,scr2010,avaConv,runOfRiver
AT,h4455,0.46745668292710835,scr2010,avaConv,runOfRiver
AT,h4456,0.46745668292710835,scr2010,avaConv,runOfRiver
AT,h4457,0.46745668292710835,scr2010,avaConv,runOfRiver
AT,h4458,0.46745668292710835,scr2010,avaConv,runOfRiver
AT,h4459,0.46745668292710835,scr2010,avaConv,runOfRiver
AT,h4460,0.46745668292710835,scr2010,avaConv,runOfRiver
AT,h4461,0.46745668292710835,scr2010,avaConv,runOfRiver
AT,h4462,0.46745668292710835,scr2010,avaConv,runOfRiver
AT,h4463,0.46745668292710835,scr2010,avaConv,runOfRiver
AT,h4464,0.46745668292710835,scr2010,avaConv,runOfRiver
AT,h4465,0.4693948580960825,scr2010,avaConv,runOfRiver
AT,h4466,0.4713330340653383,scr2010,avaConv,runOfRiver
AT,h4467,0.4732712108315856,scr2010,avaConv,runOfRiver
AT,h4468,0.4732712108315856,scr2010,avaConv,runOfRiver
AT,h4469,0.4732712108315856,scr2010,avaConv,runOfRiver
AT,h4470,0.4732712108315856,scr2010,avaConv,runOfRiver
AT,h4471,0.4732712108315856,scr2010,avaConv,runOfRiver
AT,h4472,0.4732712108315856,scr2010,avaConv,runOfRiver
AT,h4473,0.4732712108315856,scr2010,avaConv,runOfRiver
AT,h4474,0.4732712108315856,scr2010,avaConv,runOfRiver
AT,h4475,0.4732712108315856,scr2010,avaConv,runOfRiver
AT,h4476,0.4732712108315856,scr2010,avaConv,runOfRiver
AT,h4477,0.4732712108315856,scr2010,avaConv,runOfRiver
AT,h4478,0.4732712108315856,scr2010,avaConv,runOfRiver
AT,h4479,0.4732712108315856,scr2010,avaConv,runOfRiver
AT,h4480,0.4732712108315856,scr2010,avaConv,runOfRiver
AT,h4481,0.4732712108315856,scr2010,avaConv,runOfRiver
AT,h4482,0.4732712108315856,scr2010,avaConv,runOfRiver
AT,h4483,0.4732712108315856,scr2010,avaConv,runOfRiver
AT,h4484,0.4732712108315856,scr2010,avaConv,runOfRiver
AT,h4485,0.4732712108315856,scr2010,avaConv,runOfRiver
AT,h4486,0.4732712108315856,scr2010,avaConv,runOfRiver
AT,h4487,0.4732712108315856,scr2010,avaConv,runOfRiver
AT,h4488,0.4732712108315856,scr2010,avaConv,runOfRiver
AT,h4489,0.4753500000442784,scr2010,avaConv,runOfRiver
AT,h4490,0.4774287901660517,scr2010,avaConv,runOfRiver
AT,h4491,0.4795075811929476,scr2010,avaConv,runOfRiver
AT,h4492,0.4795075811929476,scr2010,avaConv,runOfRiver
AT,h4493,0.4795075811929476,scr2010,avaConv,runOfRiver
AT,h4494,0.4795075811929476,scr2010,avaConv,runOfRiver
AT,h4495,0.4795075811929476,scr2010,avaConv,runOfRiver
AT,h4496,0.4795075811929476,scr2010,avaConv,runOfRiver
AT,h4497,0.4795075811929476,scr2010,avaConv,runOfRiver
AT,h4498,0.4795075811929476,scr2010,avaConv,runOfRiver
AT,h4499,0.4795075811929476,scr2010,avaConv,runOfRiver
AT,h4500,0.4795075811929476,scr2010,avaConv,runOfRiver
AT,h4501,0.4795075811929476,scr2010,avaConv,runOfRiver
AT,h4502,0.4795075811929476,scr2010,avaConv,runOfRiver
AT,h4503,0.4795075811929476,scr2010,avaConv,runOfRiver
AT,h4504,0.4795075811929476,scr2010,avaConv,runOfRiver
AT,h4505,0.4795075811929476,scr2010,avaConv,runOfRiver
AT,h4506,0.4795075811929476,scr2010,avaConv,runOfRiver
AT,h4507,0.4795075811929476,scr2010,avaConv,runOfRiver
AT,h4508,0.4795075811929476,scr2010,avaConv,runOfRiver
AT,h4509,0.4795075811929476,scr2010,avaConv,runOfRiver
AT,h4510,0.4795075811929476,scr2010,avaConv,runOfRiver
AT,h4511,0.4795075811929476,scr2010,avaConv,runOfRiver
AT,h4512,0.4795075811929476,scr2010,avaConv,runOfRiver
AT,h4513,0.4807194181082848,scr2010,avaConv,runOfRiver
AT,h4514,0.481931255329107,scr2010,avaConv,runOfRiver
AT,h4515,0.4831430928546464,scr2010,avaConv,runOfRiver
AT,h4516,0.4831430928546464,scr2010,avaConv,runOfRiver
AT,h4517,0.4831430928546464,scr2010,avaConv,runOfRiver
AT,h4518,0.4831430928546464,scr2010,avaConv,runOfRiver
AT,h4519,0.4831430928546464,scr2010,avaConv,runOfRiver
AT,h4520,0.4831430928546464,scr2010,avaConv,runOfRiver
AT,h4521,0.4831430928546464,scr2010,avaConv,runOfRiver
AT,h4522,0.4831430928546464,scr2010,avaConv,runOfRiver
AT,h4523,0.4831430928546464,scr2010,avaConv,runOfRiver
AT,h4524,0.4831430928546464,scr2010,avaConv,runOfRiver
AT,h4525,0.4831430928546464,scr2010,avaConv,runOfRiver
AT,h4526,0.4831430928546464,scr2010,avaConv,runOfRiver
AT,h4527,0.4831430928546464,scr2010,avaConv,runOfRiver
AT,h4528,0.4831430928546464,scr2010,avaConv,runOfRiver
AT,h4529,0.4831430928546464,scr2010,avaConv,runOfRiver
AT,h4530,0.4831430928546464,scr2010,avaConv,runOfRiver
AT,h4531,0.4831430928546464,scr2010,avaConv,runOfRiver
AT,h4532,0.4831430928546464,scr2010,avaConv,runOfRiver
AT,h4533,0.4831430928546464,scr2010,avaConv,runOfRiver
AT,h4534,0.4831430928546464,scr2010,avaConv,runOfRiver
AT,h4535,0.4831430928546464,scr2010,avaConv,runOfRiver
AT,h4536,0.4831430928546464,scr2010,avaConv,runOfRiver
AT,h4537,0.4822664793002699,scr2010,avaConv,runOfRiver
AT,h4538,0.4813898659052326,scr2010,avaConv,runOfRiver
AT,h4539,0.4805132526698243,scr2010,avaConv,runOfRiver
AT,h4540,0.4805132526698243,scr2010,avaConv,runOfRiver
AT,h4541,0.4805132526698243,scr2010,avaConv,runOfRiver
AT,h4542,0.4805132526698243,scr2010,avaConv,runOfRiver
AT,h4543,0.4805132526698243,scr2010,avaConv,runOfRiver
AT,h4544,0.4805132526698243,scr2010,avaConv,runOfRiver
AT,h4545,0.4805132526698243,scr2010,avaConv,runOfRiver
AT,h4546,0.4805132526698243,scr2010,avaConv,runOfRiver
AT,h4547,0.4805132526698243,scr2010,avaConv,runOfRiver
AT,h4548,0.4805132526698243,scr2010,avaConv,runOfRiver
AT,h4549,0.4805132526698243,scr2010,avaConv,runOfRiver
AT,h4550,0.4805132526698243,scr2010,avaConv,runOfRiver
AT,h4551,0.4805132526698243,scr2010,avaConv,runOfRiver
AT,h4552,0.4805132526698243,scr2010,avaConv,runOfRiver
AT,h4553,0.4805132526698243,scr2010,avaConv,runOfRiver
AT,h4554,0.4805132526698243,scr2010,avaConv,runOfRiver
AT,h4555,0.4805132526698243,scr2010,avaConv,runOfRiver
AT,h4556,0.4805132526698243,scr2010,avaConv,runOfRiver
AT,h4557,0.4805132526698243,scr2010,avaConv,runOfRiver
AT,h4558,0.4805132526698243,scr2010,avaConv,runOfRiver
AT,h4559,0.4805132526698243,scr2010,avaConv,runOfRiver
AT,h4560,0.4805132526698243,scr2010,avaConv,runOfRiver
AT,h4561,0.479730194026317,scr2010,avaConv,runOfRiver
AT,h4562,0.4789471355106255,scr2010,avaConv,runOfRiver
AT,h4563,0.47816407712295883,scr2010,avaConv,runOfRiver
AT,h4564,0.47816407712295883,scr2010,avaConv,runOfRiver
AT,h4565,0.47816407712295883,scr2010,avaConv,runOfRiver
AT,h4566,0.47816407712295883,scr2010,avaConv,runOfRiver
AT,h4567,0.47816407712295883,scr2010,avaConv,runOfRiver
AT,h4568,0.47816407712295883,scr2010,avaConv,runOfRiver
AT,h4569,0.47816407712295883,scr2010,avaConv,runOfRiver
AT,h4570,0.47816407712295883,scr2010,avaConv,runOfRiver
AT,h4571,0.47816407712295883,scr2010,avaConv,runOfRiver
AT,h4572,0.47816407712295883,scr2010,avaConv,runOfRiver
AT,h4573,0.47816407712295883,scr2010,avaConv,runOfRiver
AT,h4574,0.47816407712295883,scr2010,avaConv,runOfRiver
AT,h4575,0.47816407712295883,scr2010,avaConv,runOfRiver
AT,h4576,0.47816407712295883,scr2010,avaConv,runOfRiver
AT,h4577,0.47816407712295883,scr2010,avaConv,runOfRiver
AT,h4578,0.47816407712295883,scr2010,avaConv,runOfRiver
AT,h4579,0.47816407712295883,scr2010,avaConv,runOfRiver
AT,h4580,0.47816407712295883,scr2010,avaConv,runOfRiver
AT,h4581,0.47816407712295883,scr2010,avaConv,runOfRiver
AT,h4582,0.47816407712295883,scr2010,avaConv,runOfRiver
AT,h4583,0.47816407712295883,scr2010,avaConv,runOfRiver
AT,h4584,0.47816407712295883,scr2010,avaConv,runOfRiver
AT,h4585,0.47809122752788163,scr2010,avaConv,runOfRiver
AT,h4586,0.47801837793391444,scr2010,avaConv,runOfRiver
AT,h4587,0.47794552834105747,scr2010,avaConv,runOfRiver
AT,h4588,0.47794552834105747,scr2010,avaConv,runOfRiver
AT,h4589,0.47794552834105747,scr2010,avaConv,runOfRiver
AT,h4590,0.47794552834105747,scr2010,avaConv,runOfRiver
AT,h4591,0.47794552834105747,scr2010,avaConv,runOfRiver
AT,h4592,0.47794552834105747,scr2010,avaConv,runOfRiver
AT,h4593,0.47794552834105747,scr2010,avaConv,runOfRiver
AT,h4594,0.47794552834105747,scr2010,avaConv,runOfRiver
AT,h4595,0.47794552834105747,scr2010,avaConv,runOfRiver
AT,h4596,0.47794552834105747,scr2010,avaConv,runOfRiver
AT,h4597,0.47794552834105747,scr2010,avaConv,runOfRiver
AT,h4598,0.47794552834105747,scr2010,avaConv,runOfRiver
AT,h4599,0.47794552834105747,scr2010,avaConv,runOfRiver
AT,h4600,0.47794552834105747,scr2010,avaConv,runOfRiver
AT,h4601,0.47794552834105747,scr2010,avaConv,runOfRiver
AT,h4602,0.47794552834105747,scr2010,avaConv,runOfRiver
AT,h4603,0.47794552834105747,scr2010,avaConv,runOfRiver
AT,h4604,0.47794552834105747,scr2010,avaConv,runOfRiver
AT,h4605,0.47794552834105747,scr2010,avaConv,runOfRiver
AT,h4606,0.47794552834105747,scr2010,avaConv,runOfRiver
AT,h4607,0.47794552834105747,scr2010,avaConv,runOfRiver
AT,h4608,0.47794552834105747,scr2010,avaConv,runOfRiver
AT,h4609,0.47686700229125056,scr2010,avaConv,runOfRiver
AT,h4610,0.4757884764853694,scr2010,avaConv,runOfRiver
AT,h4611,0.47470995092396673,scr2010,avaConv,runOfRiver
AT,h4612,0.47470995092396673,scr2010,avaConv,runOfRiver
AT,h4613,0.47470995092396673,scr2010,avaConv,runOfRiver
AT,h4614,0.47470995092396673,scr2010,avaConv,runOfRiver
AT,h4615,0.47470995092396673,scr2010,avaConv,runOfRiver
AT,h4616,0.47470995092396673,scr2010,avaConv,runOfRiver
AT,h4617,0.47470995092396673,scr2010,avaConv,runOfRiver
AT,h4618,0.47470995092396673,scr2010,avaConv,runOfRiver
AT,h4619,0.47470995092396673,scr2010,avaConv,runOfRiver
AT,h4620,0.47470995092396673,scr2010,avaConv,runOfRiver
AT,h4621,0.47470995092396673,scr2010,avaConv,runOfRiver
AT,h4622,0.47470995092396673,scr2010,avaConv,runOfRiver
AT,h4623,0.47470995092396673,scr2010,avaConv,runOfRiver
AT,h4624,0.47470995092396673,scr2010,avaConv,runOfRiver
AT,h4625,0.47470995092396673,scr2010,avaConv,runOfRiver
AT,h4626,0.47470995092396673,scr2010,avaConv,runOfRiver
AT,h4627,0.47470995092396673,scr2010,avaConv,runOfRiver
AT,h4628,0.47470995092396673,scr2010,avaConv,runOfRiver
AT,h4629,0.47470995092396673,scr2010,avaConv,runOfRiver
AT,h4630,0.47470995092396673,scr2010,avaConv,runOfRiver
AT,h4631,0.47470995092396673,scr2010,avaConv,runOfRiver
AT,h4632,0.47470995092396673,scr2010,avaConv,runOfRiver
AT,h4633,0.4734415844797985,scr2010,avaConv,runOfRiver
AT,h4634,0.4721732183754253,scr2010,avaConv,runOfRiver
AT,h4635,0.4709048526117598,scr2010,avaConv,runOfRiver
AT,h4636,0.4709048526117598,scr2010,avaConv,runOfRiver
AT,h4637,0.4709048526117598,scr2010,avaConv,runOfRiver
AT,h4638,0.4709048526117598,scr2010,avaConv,runOfRiver
AT,h4639,0.4709048526117598,scr2010,avaConv,runOfRiver
AT,h4640,0.4709048526117598,scr2010,avaConv,runOfRiver
AT,h4641,0.4709048526117598,scr2010,avaConv,runOfRiver
AT,h4642,0.4709048526117598,scr2010,avaConv,runOfRiver
AT,h4643,0.4709048526117598,scr2010,avaConv,runOfRiver
AT,h4644,0.4709048526117598,scr2010,avaConv,runOfRiver
AT,h4645,0.4709048526117598,scr2010,avaConv,runOfRiver
AT,h4646,0.4709048526117598,scr2010,avaConv,runOfRiver
AT,h4647,0.4709048526117598,scr2010,avaConv,runOfRiver
AT,h4648,0.4709048526117598,scr2010,avaConv,runOfRiver
AT,h4649,0.4709048526117598,scr2010,avaConv,runOfRiver
AT,h4650,0.4709048526117598,scr2010,avaConv,runOfRiver
AT,h4651,0.4709048526117598,scr2010,avaConv,runOfRiver
AT,h4652,0.4709048526117598,scr2010,avaConv,runOfRiver
AT,h4653,0.4709048526117598,scr2010,avaConv,runOfRiver
AT,h4654,0.4709048526117598,scr2010,avaConv,runOfRiver
AT,h4655,0.4709048526117598,scr2010,avaConv,runOfRiver
AT,h4656,0.4709048526117598,scr2010,avaConv,runOfRiver
AT,h4657,0.4694283298151429,scr2010,avaConv,runOfRiver
AT,h4658,0.46795180748294013,scr2010,avaConv,runOfRiver
AT,h4659,0.4664752856166167,scr2010,avaConv,runOfRiver
AT,h4660,0.4664752856166167,scr2010,avaConv,runOfRiver
AT,h4661,0.4664752856166167,scr2010,avaConv,runOfRiver
AT,h4662,0.4664752856166167,scr2010,avaConv,runOfRiver
AT,h4663,0.4664752856166167,scr2010,avaConv,runOfRiver
AT,h4664,0.4664752856166167,scr2010,avaConv,runOfRiver
AT,h4665,0.4664752856166167,scr2010,avaConv,runOfRiver
AT,h4666,0.4664752856166167,scr2010,avaConv,runOfRiver
AT,h4667,0.4664752856166167,scr2010,avaConv,runOfRiver
AT,h4668,0.4664752856166167,scr2010,avaConv,runOfRiver
AT,h4669,0.4664752856166167,scr2010,avaConv,runOfRiver
AT,h4670,0.4664752856166167,scr2010,avaConv,runOfRiver
AT,h4671,0.4664752856166167,scr2010,avaConv,runOfRiver
AT,h4672,0.4664752856166167,scr2010,avaConv,runOfRiver
AT,h4673,0.4664752856166167,scr2010,avaConv,runOfRiver
AT,h4674,0.4664752856166167,scr2010,avaConv,runOfRiver
AT,h4675,0.4664752856166167,scr2010,avaConv,runOfRiver
AT,h4676,0.4664752856166167,scr2010,avaConv,runOfRiver
AT,h4677,0.4664752856166167,scr2010,avaConv,runOfRiver
AT,h4678,0.4664752856166167,scr2010,avaConv,runOfRiver
AT,h4679,0.4664752856166167,scr2010,avaConv,runOfRiver
AT,h4680,0.4664752856166167,scr2010,avaConv,runOfRiver
AT,h4681,0.46582932520943826,scr2010,avaConv,runOfRiver
AT,h4682,0.4651833648918334,scr2010,avaConv,runOfRiver
AT,h4683,0.46453740466392623,scr2010,avaConv,runOfRiver
AT,h4684,0.46453740466392623,scr2010,avaConv,runOfRiver
AT,h4685,0.46453740466392623,scr2010,avaConv,runOfRiver
AT,h4686,0.46453740466392623,scr2010,avaConv,runOfRiver
AT,h4687,0.46453740466392623,scr2010,avaConv,runOfRiver
AT,h4688,0.46453740466392623,scr2010,avaConv,runOfRiver
AT,h4689,0.46453740466392623,scr2010,avaConv,runOfRiver
AT,h4690,0.46453740466392623,scr2010,avaConv,runOfRiver
AT,h4691,0.46453740466392623,scr2010,avaConv,runOfRiver
AT,h4692,0.46453740466392623,scr2010,avaConv,runOfRiver
AT,h4693,0.46453740466392623,scr2010,avaConv,runOfRiver
AT,h4694,0.46453740466392623,scr2010,avaConv,runOfRiver
AT,h4695,0.46453740466392623,scr2010,avaConv,runOfRiver
AT,h4696,0.46453740466392623,scr2010,avaConv,runOfRiver
AT,h4697,0.46453740466392623,scr2010,avaConv,runOfRiver
AT,h4698,0.46453740466392623,scr2010,avaConv,runOfRiver
AT,h4699,0.46453740466392623,scr2010,avaConv,runOfRiver
AT,h4700,0.46453740466392623,scr2010,avaConv,runOfRiver
AT,h4701,0.46453740466392623,scr2010,avaConv,runOfRiver
AT,h4702,0.46453740466392623,scr2010,avaConv,runOfRiver
AT,h4703,0.46453740466392623,scr2010,avaConv,runOfRiver
AT,h4704,0.46453740466392623,scr2010,avaConv,runOfRiver
AT,h4705,0.4632577043235403,scr2010,avaConv,runOfRiver
AT,h4706,0.4619780043366538,scr2010,avaConv,runOfRiver
AT,h4707,0.46069830470424583,scr2010,avaConv,runOfRiver
AT,h4708,0.46069830470424583,scr2010,avaConv,runOfRiver
AT,h4709,0.46069830470424583,scr2010,avaConv,runOfRiver
AT,h4710,0.46069830470424583,scr2010,avaConv,runOfRiver
AT,h4711,0.46069830470424583,scr2010,avaConv,runOfRiver
AT,h4712,0.46069830470424583,scr2010,avaConv,runOfRiver
AT,h4713,0.46069830470424583,scr2010,avaConv,runOfRiver
AT,h4714,0.46069830470424583,scr2010,avaConv,runOfRiver
AT,h4715,0.46069830470424583,scr2010,avaConv,runOfRiver
AT,h4716,0.46069830470424583,scr2010,avaConv,runOfRiver
AT,h4717,0.46069830470424583,scr2010,avaConv,runOfRiver
AT,h4718,0.46069830470424583,scr2010,avaConv,runOfRiver
AT,h4719,0.46069830470424583,scr2010,avaConv,runOfRiver
AT,h4720,0.46069830470424583,scr2010,avaConv,runOfRiver
AT,h4721,0.46069830470424583,scr2010,avaConv,runOfRiver
AT,h4722,0.46069830470424583,scr2010,avaConv,runOfRiver
AT,h4723,0.46069830470424583,scr2010,avaConv,runOfRiver
AT,h4724,0.46069830470424583,scr2010,avaConv,runOfRiver
AT,h4725,0.46069830470424583,scr2010,avaConv,runOfRiver
AT,h4726,0.46069830470424583,scr2010,avaConv,runOfRiver
AT,h4727,0.46069830470424583,scr2010,avaConv,runOfRiver
AT,h4728,0.46069830470424583,scr2010,avaConv,runOfRiver
AT,h4729,0.4600589062219301,scr2010,avaConv,runOfRiver
AT,h4730,0.459419507828478,scr2010,avaConv,runOfRiver
AT,h4731,0.4587801095240134,scr2010,avaConv,runOfRiver
AT,h4732,0.4587801095240134,scr2010,avaConv,runOfRiver
AT,h4733,0.4587801095240134,scr2010,avaConv,runOfRiver
AT,h4734,0.4587801095240134,scr2010,avaConv,runOfRiver
AT,h4735,0.4587801095240134,scr2010,avaConv,runOfRiver
AT,h4736,0.4587801095240134,scr2010,avaConv,runOfRiver
AT,h4737,0.4587801095240134,scr2010,avaConv,runOfRiver
AT,h4738,0.4587801095240134,scr2010,avaConv,runOfRiver
AT,h4739,0.4587801095240134,scr2010,avaConv,runOfRiver
AT,h4740,0.4587801095240134,scr2010,avaConv,runOfRiver
AT,h4741,0.4587801095240134,scr2010,avaConv,runOfRiver
AT,h4742,0.4587801095240134,scr2010,avaConv,runOfRiver
AT,h4743,0.4587801095240134,scr2010,avaConv,runOfRiver
AT,h4744,0.4587801095240134,scr2010,avaConv,runOfRiver
AT,h4745,0.4587801095240134,scr2010,avaConv,runOfRiver
AT,h4746,0.4587801095240134,scr2010,avaConv,runOfRiver
AT,h4747,0.4587801095240134,scr2010,avaConv,runOfRiver
AT,h4748,0.4587801095240134,scr2010,avaConv,runOfRiver
AT,h4749,0.4587801095240134,scr2010,avaConv,runOfRiver
AT,h4750,0.4587801095240134,scr2010,avaConv,runOfRiver
AT,h4751,0.4587801095240134,scr2010,avaConv,runOfRiver
AT,h4752,0.4587801095240134,scr2010,avaConv,runOfRiver
AT,h4753,0.45584734325315207,scr2010,avaConv,runOfRiver
AT,h4754,0.4529145788691223,scr2010,avaConv,runOfRiver
AT,h4755,0.4499818163841407,scr2010,avaConv,runOfRiver
AT,h4756,0.4499818163841407,scr2010,avaConv,runOfRiver
AT,h4757,0.4499818163841407,scr2010,avaConv,runOfRiver
AT,h4758,0.4499818163841407,scr2010,avaConv,runOfRiver
AT,h4759,0.4499818163841407,scr2010,avaConv,runOfRiver
AT,h4760,0.4499818163841407,scr2010,avaConv,runOfRiver
AT,h4761,0.4499818163841407,scr2010,avaConv,runOfRiver
AT,h4762,0.4499818163841407,scr2010,avaConv,runOfRiver
AT,h4763,0.4499818163841407,scr2010,avaConv,runOfRiver
AT,h4764,0.4499818163841407,scr2010,avaConv,runOfRiver
AT,h4765,0.4499818163841407,scr2010,avaConv,runOfRiver
AT,h4766,0.4499818163841407,scr2010,avaConv,runOfRiver
AT,h4767,0.4499818163841407,scr2010,avaConv,runOfRiver
AT,h4768,0.4499818163841407,scr2010,avaConv,runOfRiver
AT,h4769,0.4499818163841407,scr2010,avaConv,runOfRiver
AT,h4770,0.4499818163841407,scr2010,avaConv,runOfRiver
AT,h4771,0.4499818163841407,scr2010,avaConv,runOfRiver
AT,h4772,0.4499818163841407,scr2010,avaConv,runOfRiver
AT,h4773,0.4499818163841407,scr2010,avaConv,runOfRiver
AT,h4774,0.4499818163841407,scr2010,avaConv,runOfRiver
AT,h4775,0.4499818163841407,scr2010,avaConv,runOfRiver
AT,h4776,0.4499818163841407,scr2010,avaConv,runOfRiver
AT,h4777,0.44508253716104046,scr2010,avaConv,runOfRiver
AT,h4778,0.44018326333091,scr2010,avaConv,runOfRiver
AT,h4779,0.4352839949537696,scr2010,avaConv,runOfRiver
AT,h4780,0.4352839949537696,scr2010,avaConv,runOfRiver
AT,h4781,0.4352839949537696,scr2010,avaConv,runOfRiver
AT,h4782,0.4352839949537696,scr2010,avaConv,runOfRiver
AT,h4783,0.4352839949537696,scr2010,avaConv,runOfRiver
AT,h4784,0.4352839949537696,scr2010,avaConv,runOfRiver
AT,h4785,0.4352839949537696,scr2010,avaConv,runOfRiver
AT,h4786,0.4352839949537696,scr2010,avaConv,runOfRiver
AT,h4787,0.4352839949537696,scr2010,avaConv,runOfRiver
AT,h4788,0.4352839949537696,scr2010,avaConv,runOfRiver
AT,h4789,0.4352839949537696,scr2010,avaConv,runOfRiver
AT,h4790,0.4352839949537696,scr2010,avaConv,runOfRiver
AT,h4791,0.4352839949537696,scr2010,avaConv,runOfRiver
AT,h4792,0.4352839949537696,scr2010,avaConv,runOfRiver
AT,h4793,0.4352839949537696,scr2010,avaConv,runOfRiver
AT,h4794,0.4352839949537696,scr2010,avaConv,runOfRiver
AT,h4795,0.4352839949537696,scr2010,avaConv,runOfRiver
AT,h4796,0.4352839949537696,scr2010,avaConv,runOfRiver
AT,h4797,0.4352839949537696,scr2010,avaConv,runOfRiver
AT,h4798,0.4352839949537696,scr2010,avaConv,runOfRiver
AT,h4799,0.4352839949537696,scr2010,avaConv,runOfRiver
AT,h4800,0.4352839949537696,scr2010,avaConv,runOfRiver
AT,h4801,0.4328997177205612,scr2010,avaConv,runOfRiver
AT,h4802,0.43051544180053536,scr2010,avaConv,runOfRiver
AT,h4803,0.4281311672009641,scr2010,avaConv,runOfRiver
AT,h4804,0.4281311672009641,scr2010,avaConv,runOfRiver
AT,h4805,0.4281311672009641,scr2010,avaConv,runOfRiver
AT,h4806,0.4281311672009641,scr2010,avaConv,runOfRiver
AT,h4807,0.4281311672009641,scr2010,avaConv,runOfRiver
AT,h4808,0.4281311672009641,scr2010,avaConv,runOfRiver
AT,h4809,0.4281311672009641,scr2010,avaConv,runOfRiver
AT,h4810,0.4281311672009641,scr2010,avaConv,runOfRiver
AT,h4811,0.4281311672009641,scr2010,avaConv,runOfRiver
AT,h4812,0.4281311672009641,scr2010,avaConv,runOfRiver
AT,h4813,0.4281311672009641,scr2010,avaConv,runOfRiver
AT,h4814,0.4281311672009641,scr2010,avaConv,runOfRiver
AT,h4815,0.4281311672009641,scr2010,avaConv,runOfRiver
AT,h4816,0.4281311672009641,scr2010,avaConv,runOfRiver
AT,h4817,0.4281311672009641,scr2010,avaConv,runOfRiver
AT,h4818,0.4281311672009641,scr2010,avaConv,runOfRiver
AT,h4819,0.4281311672009641,scr2010,avaConv,runOfRiver
AT,h4820,0.4281311672009641,scr2010,avaConv,runOfRiver
AT,h4821,0.4281311672009641,scr2010,avaConv,runOfRiver
AT,h4822,0.4281311672009641,scr2010,avaConv,runOfRiver
AT,h4823,0.4281311672009641,scr2010,avaConv,runOfRiver
AT,h4824,0.4281311672009641,scr2010,avaConv,runOfRiver
AT,h4825,0.42704400147678484,scr2010,avaConv,runOfRiver
AT,h4826,0.425956836029374,scr2010,avaConv,runOfRiver
AT,h4827,0.4248696708594381,scr2010,avaConv,runOfRiver
AT,h4828,0.4248696708594381,scr2010,avaConv,runOfRiver
AT,h4829,0.4248696708594381,scr2010,avaConv,runOfRiver
AT,h4830,0.4248696708594381,scr2010,avaConv,runOfRiver
AT,h4831,0.4248696708594381,scr2010,avaConv,runOfRiver
AT,h4832,0.4248696708594381,scr2010,avaConv,runOfRiver
AT,h4833,0.4248696708594381,scr2010,avaConv,runOfRiver
AT,h4834,0.4248696708594381,scr2010,avaConv,runOfRiver
AT,h4835,0.4248696708594381,scr2010,avaConv,runOfRiver
AT,h4836,0.4248696708594381,scr2010,avaConv,runOfRiver
AT,h4837,0.4248696708594381,scr2010,avaConv,runOfRiver
AT,h4838,0.4248696708594381,scr2010,avaConv,runOfRiver
AT,h4839,0.4248696708594381,scr2010,avaConv,runOfRiver
AT,h4840,0.4248696708594381,scr2010,avaConv,runOfRiver
AT,h4841,0.4248696708594381,scr2010,avaConv,runOfRiver
AT,h4842,0.4248696708594381,scr2010,avaConv,runOfRiver
AT,h4843,0.4248696708594381,scr2010,avaConv,runOfRiver
AT,h4844,0.4248696708594381,scr2010,avaConv,runOfRiver
AT,h4845,0.4248696708594381,scr2010,avaConv,runOfRiver
AT,h4846,0.4248696708594381,scr2010,avaConv,runOfRiver
AT,h4847,0.4248696708594381,scr2010,avaConv,runOfRiver
AT,h4848,0.4248696708594381,scr2010,avaConv,runOfRiver
AT,h4849,0.4221075363612728,scr2010,avaConv,runOfRiver
AT,h4850,0.41934540367056206,scr2010,avaConv,runOfRiver
AT,h4851,0.41658327279921,scr2010,avaConv,runOfRiver
AT,h4852,0.41658327279921,scr2010,avaConv,runOfRiver
AT,h4853,0.41658327279921,scr2010,avaConv,runOfRiver
AT,h4854,0.41658327279921,scr2010,avaConv,runOfRiver
AT,h4855,0.41658327279921,scr2010,avaConv,runOfRiver
AT,h4856,0.41658327279921,scr2010,avaConv,runOfRiver
AT,h4857,0.41658327279921,scr2010,avaConv,runOfRiver
AT,h4858,0.41658327279921,scr2010,avaConv,runOfRiver
AT,h4859,0.41658327279921,scr2010,avaConv,runOfRiver
AT,h4860,0.41658327279921,scr2010,avaConv,runOfRiver
AT,h4861,0.41658327279921,scr2010,avaConv,runOfRiver
AT,h4862,0.41658327279921,scr2010,avaConv,runOfRiver
AT,h4863,0.41658327279921,scr2010,avaConv,runOfRiver
AT,h4864,0.41658327279921,scr2010,avaConv,runOfRiver
AT,h4865,0.41658327279921,scr2010,avaConv,runOfRiver
AT,h4866,0.41658327279921,scr2010,avaConv,runOfRiver
AT,h4867,0.41658327279921,scr2010,avaConv,runOfRiver
AT,h4868,0.41658327279921,scr2010,avaConv,runOfRiver
AT,h4869,0.41658327279921,scr2010,avaConv,runOfRiver
AT,h4870,0.41658327279921,scr2010,avaConv,runOfRiver
AT,h4871,0.41658327279921,scr2010,avaConv,runOfRiver
AT,h4872,0.41658327279921,scr2010,avaConv,runOfRiver
AT,h4873,0.41191300137518705,scr2010,avaConv,runOfRiver
AT,h4874,0.40724273524641563,scr2010,avaConv,runOfRiver
AT,h4875,0.4025724744736183,scr2010,avaConv,runOfRiver
AT,h4876,0.4025724744736183,scr2010,avaConv,runOfRiver
AT,h4877,0.4025724744736183,scr2010,avaConv,runOfRiver
AT,h4878,0.4025724744736183,scr2010,avaConv,runOfRiver
AT,h4879,0.4025724744736183,scr2010,avaConv,runOfRiver
AT,h4880,0.4025724744736183,scr2010,avaConv,runOfRiver
AT,h4881,0.4025724744736183,scr2010,avaConv,runOfRiver
AT,h4882,0.4025724744736183,scr2010,avaConv,runOfRiver
AT,h4883,0.4025724744736183,scr2010,avaConv,runOfRiver
AT,h4884,0.4025724744736183,scr2010,avaConv,runOfRiver
AT,h4885,0.4025724744736183,scr2010,avaConv,runOfRiver
AT,h4886,0.4025724744736183,scr2010,avaConv,runOfRiver
AT,h4887,0.4025724744736183,scr2010,avaConv,runOfRiver
AT,h4888,0.4025724744736183,scr2010,avaConv,runOfRiver
AT,h4889,0.4025724744736183,scr2010,avaConv,runOfRiver
AT,h4890,0.4025724744736183,scr2010,avaConv,runOfRiver
AT,h4891,0.4025724744736183,scr2010,avaConv,runOfRiver
AT,h4892,0.4025724744736183,scr2010,avaConv,runOfRiver
AT,h4893,0.4025724744736183,scr2010,avaConv,runOfRiver
AT,h4894,0.4025724744736183,scr2010,avaConv,runOfRiver
AT,h4895,0.4025724744736183,scr2010,avaConv,runOfRiver
AT,h4896,0.4025724744736183,scr2010,avaConv,runOfRiver
AT,h4897,0.4004988891457294,scr2010,avaConv,runOfRiver
AT,h4898,0.39842530489144534,scr2010,avaConv,runOfRiver
AT,h4899,0.39635172171635313,scr2010,avaConv,runOfRiver
AT,h4900,0.39635172171635313,scr2010,avaConv,runOfRiver
AT,h4901,0.39635172171635313,scr2010,avaConv,runOfRiver
AT,h4902,0.39635172171635313,scr2010,avaConv,runOfRiver
AT,h4903,0.39635172171635313,scr2010,avaConv,runOfRiver
AT,h4904,0.39635172171635313,scr2010,avaConv,runOfRiver
AT,h4905,0.39635172171635313,scr2010,avaConv,runOfRiver
AT,h4906,0.39635172171635313,scr2010,avaConv,runOfRiver
AT,h4907,0.39635172171635313,scr2010,avaConv,runOfRiver
AT,h4908,0.39635172171635313,scr2010,avaConv,runOfRiver
AT,h4909,0.39635172171635313,scr2010,avaConv,runOfRiver
AT,h4910,0.39635172171635313,scr2010,avaConv,runOfRiver
AT,h4911,0.39635172171635313,scr2010,avaConv,runOfRiver
AT,h4912,0.39635172171635313,scr2010,avaConv,runOfRiver
AT,h4913,0.39635172171635313,scr2010,avaConv,runOfRiver
AT,h4914,0.39635172171635313,scr2010,avaConv,runOfRiver
AT,h4915,0.39635172171635313,scr2010,avaConv,runOfRiver
AT,h4916,0.39635172171635313,scr2010,avaConv,runOfRiver
AT,h4917,0.39635172171635313,scr2010,avaConv,runOfRiver
AT,h4918,0.39635172171635313,scr2010,avaConv,runOfRiver
AT,h4919,0.39635172171635313,scr2010,avaConv,runOfRiver
AT,h4920,0.39635172171635313,scr2010,avaConv,runOfRiver
AT,h4921,0.3950267204249639,scr2010,avaConv,runOfRiver
AT,h4922,0.3937017195780091,scr2010,avaConv,runOfRiver
AT,h4923,0.3923767191769843,scr2010,avaConv,runOfRiver
AT,h4924,0.3923767191769843,scr2010,avaConv,runOfRiver
AT,h4925,0.3923767191769843,scr2010,avaConv,runOfRiver
AT,h4926,0.3923767191769843,scr2010,avaConv,runOfRiver
AT,h4927,0.3923767191769843,scr2010,avaConv,runOfRiver
AT,h4928,0.3923767191769843,scr2010,avaConv,runOfRiver
AT,h4929,0.3923767191769843,scr2010,avaConv,runOfRiver
AT,h4930,0.3923767191769843,scr2010,avaConv,runOfRiver
AT,h4931,0.3923767191769843,scr2010,avaConv,runOfRiver
AT,h4932,0.3923767191769843,scr2010,avaConv,runOfRiver
AT,h4933,0.3923767191769843,scr2010,avaConv,runOfRiver
AT,h4934,0.3923767191769843,scr2010,avaConv,runOfRiver
AT,h4935,0.3923767191769843,scr2010,avaConv,runOfRiver
AT,h4936,0.3923767191769843,scr2010,avaConv,runOfRiver
AT,h4937,0.3923767191769843,scr2010,avaConv,runOfRiver
AT,h4938,0.3923767191769843,scr2010,avaConv,runOfRiver
AT,h4939,0.3923767191769843,scr2010,avaConv,runOfRiver
AT,h4940,0.3923767191769843,scr2010,avaConv,runOfRiver
AT,h4941,0.3923767191769843,scr2010,avaConv,runOfRiver
AT,h4942,0.3923767191769843,scr2010,avaConv,runOfRiver
AT,h4943,0.3923767191769843,scr2010,avaConv,runOfRiver
AT,h4944,0.3923767191769843,scr2010,avaConv,runOfRiver
AT,h4945,0.3921361536608523,scr2010,avaConv,runOfRiver
AT,h4946,0.3918955881594785,scr2010,avaConv,runOfRiver
AT,h4947,0.3916550226728717,scr2010,avaConv,runOfRiver
AT,h4948,0.3916550226728717,scr2010,avaConv,runOfRiver
AT,h4949,0.3916550226728717,scr2010,avaConv,runOfRiver
AT,h4950,0.3916550226728717,scr2010,avaConv,runOfRiver
AT,h4951,0.3916550226728717,scr2010,avaConv,runOfRiver
AT,h4952,0.3916550226728717,scr2010,avaConv,runOfRiver
AT,h4953,0.3916550226728717,scr2010,avaConv,runOfRiver
AT,h4954,0.3916550226728717,scr2010,avaConv,runOfRiver
AT,h4955,0.3916550226728717,scr2010,avaConv,runOfRiver
AT,h4956,0.3916550226728717,scr2010,avaConv,runOfRiver
AT,h4957,0.3916550226728717,scr2010,avaConv,runOfRiver
AT,h4958,0.3916550226728717,scr2010,avaConv,runOfRiver
AT,h4959,0.3916550226728717,scr2010,avaConv,runOfRiver
AT,h4960,0.3916550226728717,scr2010,avaConv,runOfRiver
AT,h4961,0.3916550226728717,scr2010,avaConv,runOfRiver
AT,h4962,0.3916550226728717,scr2010,avaConv,runOfRiver
AT,h4963,0.3916550226728717,scr2010,avaConv,runOfRiver
AT,h4964,0.3916550226728717,scr2010,avaConv,runOfRiver
AT,h4965,0.3916550226728717,scr2010,avaConv,runOfRiver
AT,h4966,0.3916550226728717,scr2010,avaConv,runOfRiver
AT,h4967,0.3916550226728717,scr2010,avaConv,runOfRiver
AT,h4968,0.3916550226728717,scr2010,avaConv,runOfRiver
AT,h4969,0.3902394623482978,scr2010,avaConv,runOfRiver
AT,h4970,0.38882390253720883,scr2010,avaConv,runOfRiver
AT,h4971,0.387408343241474,scr2010,avaConv,runOfRiver
AT,h4972,0.387408343241474,scr2010,avaConv,runOfRiver
AT,h4973,0.387408343241474,scr2010,avaConv,runOfRiver
AT,h4974,0.387408343241474,scr2010,avaConv,runOfRiver
AT,h4975,0.387408343241474,scr2010,avaConv,runOfRiver
AT,h4976,0.387408343241474,scr2010,avaConv,runOfRiver
AT,h4977,0.387408343241474,scr2010,avaConv,runOfRiver
AT,h4978,0.387408343241474,scr2010,avaConv,runOfRiver
AT,h4979,0.387408343241474,scr2010,avaConv,runOfRiver
AT,h4980,0.387408343241474,scr2010,avaConv,runOfRiver
AT,h4981,0.387408343241474,scr2010,avaConv,runOfRiver
AT,h4982,0.387408343241474,scr2010,avaConv,runOfRiver
AT,h4983,0.387408343241474,scr2010,avaConv,runOfRiver
AT,h4984,0.387408343241474,scr2010,avaConv,runOfRiver
AT,h4985,0.387408343241474,scr2010,avaConv,runOfRiver
AT,h4986,0.387408343241474,scr2010,avaConv,runOfRiver
AT,h4987,0.387408343241474,scr2010,avaConv,runOfRiver
AT,h4988,0.387408343241474,scr2010,avaConv,runOfRiver
AT,h4989,0.387408343241474,scr2010,avaConv,runOfRiver
AT,h4990,0.387408343241474,scr2010,avaConv,runOfRiver
AT,h4991,0.387408343241474,scr2010,avaConv,runOfRiver
AT,h4992,0.387408343241474,scr2010,avaConv,runOfRiver
AT,h4993,0.38466883014139436,scr2010,avaConv,runOfRiver
AT,h4994,0.3819293189923502,scr2010,avaConv,runOfRiver
AT,h4995,0.37918980980833494,scr2010,avaConv,runOfRiver
AT,h4996,0.37918980980833494,scr2010,avaConv,runOfRiver
AT,h4997,0.37918980980833494,scr2010,avaConv,runOfRiver
AT,h4998,0.37918980980833494,scr2010,avaConv,runOfRiver
AT,h4999,0.37918980980833494,scr2010,avaConv,runOfRiver
AT,h5000,0.37918980980833494,scr2010,avaConv,runOfRiver
AT,h5001,0.37918980980833494,scr2010,avaConv,runOfRiver
AT,h5002,0.37918980980833494,scr2010,avaConv,runOfRiver
AT,h5003,0.37918980980833494,scr2010,avaConv,runOfRiver
AT,h5004,0.37918980980833494,scr2010,avaConv,runOfRiver
AT,h5005,0.37918980980833494,scr2010,avaConv,runOfRiver
AT,h5006,0.37918980980833494,scr2010,avaConv,runOfRiver
AT,h5007,0.37918980980833494,scr2010,avaConv,runOfRiver
AT,h5008,0.37918980980833494,scr2010,avaConv,runOfRiver
AT,h5009,0.37918980980833494,scr2010,avaConv,runOfRiver
AT,h5010,0.37918980980833494,scr2010,avaConv,runOfRiver
AT,h5011,0.37918980980833494,scr2010,avaConv,runOfRiver
AT,h5012,0.37918980980833494,scr2010,avaConv,runOfRiver
AT,h5013,0.37918980980833494,scr2010,avaConv,runOfRiver
AT,h5014,0.37918980980833494,scr2010,avaConv,runOfRiver
AT,h5015,0.37918980980833494,scr2010,avaConv,runOfRiver
AT,h5016,0.37918980980833494,scr2010,avaConv,runOfRiver
AT,h5017,0.3762189854629354,scr2010,avaConv,runOfRiver
AT,h5018,0.3732481634634953,scr2010,avaConv,runOfRiver
AT,h5019,0.3702773438286855,scr2010,avaConv,runOfRiver
AT,h5020,0.3702773438286855,scr2010,avaConv,runOfRiver
AT,h5021,0.3702773438286855,scr2010,avaConv,runOfRiver
AT,h5022,0.3702773438286855,scr2010,avaConv,runOfRiver
AT,h5023,0.3702773438286855,scr2010,avaConv,runOfRiver
AT,h5024,0.3702773438286855,scr2010,avaConv,runOfRiver
AT,h5025,0.3702773438286855,scr2010,avaConv,runOfRiver
AT,h5026,0.3702773438286855,scr2010,avaConv,runOfRiver
AT,h5027,0.3702773438286855,scr2010,avaConv,runOfRiver
AT,h5028,0.3702773438286855,scr2010,avaConv,runOfRiver
AT,h5029,0.3702773438286855,scr2010,avaConv,runOfRiver
AT,h5030,0.3702773438286855,scr2010,avaConv,runOfRiver
AT,h5031,0.3702773438286855,scr2010,avaConv,runOfRiver
AT,h5032,0.3702773438286855,scr2010,avaConv,runOfRiver
AT,h5033,0.3702773438286855,scr2010,avaConv,runOfRiver
AT,h5034,0.3702773438286855,scr2010,avaConv,runOfRiver
AT,h5035,0.3702773438286855,scr2010,avaConv,runOfRiver
AT,h5036,0.3702773438286855,scr2010,avaConv,runOfRiver
AT,h5037,0.3702773438286855,scr2010,avaConv,runOfRiver
AT,h5038,0.3702773438286855,scr2010,avaConv,runOfRiver
AT,h5039,0.3702773438286855,scr2010,avaConv,runOfRiver
AT,h5040,0.3702773438286855,scr2010,avaConv,runOfRiver
AT,h5041,0.37054944161197445,scr2010,avaConv,runOfRiver
AT,h5042,0.37082153941524426,scr2010,avaConv,runOfRiver
AT,h5043,0.3710936372384797,scr2010,avaConv,runOfRiver
AT,h5044,0.3710936372384797,scr2010,avaConv,runOfRiver
AT,h5045,0.3710936372384797,scr2010,avaConv,runOfRiver
AT,h5046,0.3710936372384797,scr2010,avaConv,runOfRiver
AT,h5047,0.3710936372384797,scr2010,avaConv,runOfRiver
AT,h5048,0.3710936372384797,scr2010,avaConv,runOfRiver
AT,h5049,0.3710936372384797,scr2010,avaConv,runOfRiver
AT,h5050,0.3710936372384797,scr2010,avaConv,runOfRiver
AT,h5051,0.3710936372384797,scr2010,avaConv,runOfRiver
AT,h5052,0.3710936372384797,scr2010,avaConv,runOfRiver
AT,h5053,0.3710936372384797,scr2010,avaConv,runOfRiver
AT,h5054,0.3710936372384797,scr2010,avaConv,runOfRiver
AT,h5055,0.3710936372384797,scr2010,avaConv,runOfRiver
AT,h5056,0.3710936372384797,scr2010,avaConv,runOfRiver
AT,h5057,0.3710936372384797,scr2010,avaConv,runOfRiver
AT,h5058,0.3710936372384797,scr2010,avaConv,runOfRiver
AT,h5059,0.3710936372384797,scr2010,avaConv,runOfRiver
AT,h5060,0.3710936372384797,scr2010,avaConv,runOfRiver
AT,h5061,0.3710936372384797,scr2010,avaConv,runOfRiver
AT,h5062,0.3710936372384797,scr2010,avaConv,runOfRiver
AT,h5063,0.3710936372384797,scr2010,avaConv,runOfRiver
AT,h5064,0.3710936372384797,scr2010,avaConv,runOfRiver
AT,h5065,0.371359628077905,scr2010,avaConv,runOfRiver
AT,h5066,0.37162561893638224,scr2010,avaConv,runOfRiver
AT,h5067,0.3718916098138981,scr2010,avaConv,runOfRiver
AT,h5068,0.3718916098138981,scr2010,avaConv,runOfRiver
AT,h5069,0.3718916098138981,scr2010,avaConv,runOfRiver
AT,h5070,0.3718916098138981,scr2010,avaConv,runOfRiver
AT,h5071,0.3718916098138981,scr2010,avaConv,runOfRiver
AT,h5072,0.3718916098138981,scr2010,avaConv,runOfRiver
AT,h5073,0.3718916098138981,scr2010,avaConv,runOfRiver
AT,h5074,0.3718916098138981,scr2010,avaConv,runOfRiver
AT,h5075,0.3718916098138981,scr2010,avaConv,runOfRiver
AT,h5076,0.3718916098138981,scr2010,avaConv,runOfRiver
AT,h5077,0.3718916098138981,scr2010,avaConv,runOfRiver
AT,h5078,0.3718916098138981,scr2010,avaConv,runOfRiver
AT,h5079,0.3718916098138981,scr2010,avaConv,runOfRiver
AT,h5080,0.3718916098138981,scr2010,avaConv,runOfRiver
AT,h5081,0.3718916098138981,scr2010,avaConv,runOfRiver
AT,h5082,0.3718916098138981,scr2010,avaConv,runOfRiver
AT,h5083,0.3718916098138981,scr2010,avaConv,runOfRiver
AT,h5084,0.3718916098138981,scr2010,avaConv,runOfRiver
AT,h5085,0.3718916098138981,scr2010,avaConv,runOfRiver
AT,h5086,0.3718916098138981,scr2010,avaConv,runOfRiver
AT,h5087,0.3718916098138981,scr2010,avaConv,runOfRiver
AT,h5088,0.3718916098138981,scr2010,avaConv,runOfRiver
AT,h5089,0.37046222960822206,scr2010,avaConv,runOfRiver
AT,h5090,0.3690328499540596,scr2010,avaConv,runOfRiver
AT,h5091,0.3676034708535469,scr2010,avaConv,runOfRiver
AT,h5092,0.3676034708535469,scr2010,avaConv,runOfRiver
AT,h5093,0.3676034708535469,scr2010,avaConv,runOfRiver
AT,h5094,0.3676034708535469,scr2010,avaConv,runOfRiver
AT,h5095,0.3676034708535469,scr2010,avaConv,runOfRiver
AT,h5096,0.3676034708535469,scr2010,avaConv,runOfRiver
AT,h5097,0.3676034708535469,scr2010,avaConv,runOfRiver
AT,h5098,0.3676034708535469,scr2010,avaConv,runOfRiver
AT,h5099,0.3676034708535469,scr2010,avaConv,runOfRiver
AT,h5100,0.3676034708535469,scr2010,avaConv,runOfRiver
AT,h5101,0.3676034708535469,scr2010,avaConv,runOfRiver
AT,h5102,0.3676034708535469,scr2010,avaConv,runOfRiver
AT,h5103,0.3676034708535469,scr2010,avaConv,runOfRiver
AT,h5104,0.3676034708535469,scr2010,avaConv,runOfRiver
AT,h5105,0.3676034708535469,scr2010,avaConv,runOfRiver
AT,h5106,0.3676034708535469,scr2010,avaConv,runOfRiver
AT,h5107,0.3676034708535469,scr2010,avaConv,runOfRiver
AT,h5108,0.3676034708535469,scr2010,avaConv,runOfRiver
AT,h5109,0.3676034708535469,scr2010,avaConv,runOfRiver
AT,h5110,0.3676034708535469,scr2010,avaConv,runOfRiver
AT,h5111,0.3676034708535469,scr2010,avaConv,runOfRiver
AT,h5112,0.3676034708535469,scr2010,avaConv,runOfRiver
AT,h5113,0.3664419875401373,scr2010,avaConv,runOfRiver
AT,h5114,0.3652805045948782,scr2010,avaConv,runOfRiver
AT,h5115,0.36411902201894053,scr2010,avaConv,runOfRiver
AT,h5116,0.36411902201894053,scr2010,avaConv,runOfRiver
AT,h5117,0.36411902201894053,scr2010,avaConv,runOfRiver
AT,h5118,0.36411902201894053,scr2010,avaConv,runOfRiver
AT,h5119,0.36411902201894053,scr2010,avaConv,runOfRiver
AT,h5120,0.36411902201894053,scr2010,avaConv,runOfRiver
AT,h5121,0.36411902201894053,scr2010,avaConv,runOfRiver
AT,h5122,0.36411902201894053,scr2010,avaConv,runOfRiver
AT,h5123,0.36411902201894053,scr2010,avaConv,runOfRiver
AT,h5124,0.36411902201894053,scr2010,avaConv,runOfRiver
AT,h5125,0.36411902201894053,scr2010,avaConv,runOfRiver
AT,h5126,0.36411902201894053,scr2010,avaConv,runOfRiver
AT,h5127,0.36411902201894053,scr2010,avaConv,runOfRiver
AT,h5128,0.36411902201894053,scr2010,avaConv,runOfRiver
AT,h5129,0.36411902201894053,scr2010,avaConv,runOfRiver
AT,h5130,0.36411902201894053,scr2010,avaConv,runOfRiver
AT,h5131,0.36411902201894053,scr2010,avaConv,runOfRiver
AT,h5132,0.36411902201894053,scr2010,avaConv,runOfRiver
AT,h5133,0.36411902201894053,scr2010,avaConv,runOfRiver
AT,h5134,0.36411902201894053,scr2010,avaConv,runOfRiver
AT,h5135,0.36411902201894053,scr2010,avaConv,runOfRiver
AT,h5136,0.36411902201894053,scr2010,avaConv,runOfRiver
AT,h5137,0.3620070942043831,scr2010,avaConv,runOfRiver
AT,h5138,0.3598951676219318,scr2010,avaConv,runOfRiver
AT,h5139,0.3577832422788165,scr2010,avaConv,runOfRiver
AT,h5140,0.3577832422788165,scr2010,avaConv,runOfRiver
AT,h5141,0.3577832422788165,scr2010,avaConv,runOfRiver
AT,h5142,0.3577832422788165,scr2010,avaConv,runOfRiver
AT,h5143,0.3577832422788165,scr2010,avaConv,runOfRiver
AT,h5144,0.3577832422788165,scr2010,avaConv,runOfRiver
AT,h5145,0.3577832422788165,scr2010,avaConv,runOfRiver
AT,h5146,0.3577832422788165,scr2010,avaConv,runOfRiver
AT,h5147,0.3577832422788165,scr2010,avaConv,runOfRiver
AT,h5148,0.3577832422788165,scr2010,avaConv,runOfRiver
AT,h5149,0.3577832422788165,scr2010,avaConv,runOfRiver
AT,h5150,0.3577832422788165,scr2010,avaConv,runOfRiver
AT,h5151,0.3577832422788165,scr2010,avaConv,runOfRiver
AT,h5152,0.3577832422788165,scr2010,avaConv,runOfRiver
AT,h5153,0.3577832422788165,scr2010,avaConv,runOfRiver
AT,h5154,0.3577832422788165,scr2010,avaConv,runOfRiver
AT,h5155,0.3577832422788165,scr2010,avaConv,runOfRiver
AT,h5156,0.3577832422788165,scr2010,avaConv,runOfRiver
AT,h5157,0.3577832422788165,scr2010,avaConv,runOfRiver
AT,h5158,0.3577832422788165,scr2010,avaConv,runOfRiver
AT,h5159,0.3577832422788165,scr2010,avaConv,runOfRiver
AT,h5160,0.3577832422788165,scr2010,avaConv,runOfRiver
AT,h5161,0.35674291625851595,scr2010,avaConv,runOfRiver
AT,h5162,0.35570259054159736,scr2010,avaConv,runOfRiver
AT,h5163,0.3546622651289479,scr2010,avaConv,runOfRiver
AT,h5164,0.3546622651289479,scr2010,avaConv,runOfRiver
AT,h5165,0.3546622651289479,scr2010,avaConv,runOfRiver
AT,h5166,0.3546622651289479,scr2010,avaConv,runOfRiver
AT,h5167,0.3546622651289479,scr2010,avaConv,runOfRiver
AT,h5168,0.3546622651289479,scr2010,avaConv,runOfRiver
AT,h5169,0.3546622651289479,scr2010,avaConv,runOfRiver
AT,h5170,0.3546622651289479,scr2010,avaConv,runOfRiver
AT,h5171,0.3546622651289479,scr2010,avaConv,runOfRiver
AT,h5172,0.3546622651289479,scr2010,avaConv,runOfRiver
AT,h5173,0.3546622651289479,scr2010,avaConv,runOfRiver
AT,h5174,0.3546622651289479,scr2010,avaConv,runOfRiver
AT,h5175,0.3546622651289479,scr2010,avaConv,runOfRiver
AT,h5176,0.3546622651289479,scr2010,avaConv,runOfRiver
AT,h5177,0.3546622651289479,scr2010,avaConv,runOfRiver
AT,h5178,0.3546622651289479,scr2010,avaConv,runOfRiver
AT,h5179,0.3546622651289479,scr2010,avaConv,runOfRiver
AT,h5180,0.3546622651289479,scr2010,avaConv,runOfRiver
AT,h5181,0.3546622651289479,scr2010,avaConv,runOfRiver
AT,h5182,0.3546622651289479,scr2010,avaConv,runOfRiver
AT,h5183,0.3546622651289479,scr2010,avaConv,runOfRiver
AT,h5184,0.3546622651289479,scr2010,avaConv,runOfRiver
AT,h5185,0.3537475028556548,scr2010,avaConv,runOfRiver
AT,h5186,0.35283274081891525,scr2010,avaConv,runOfRiver
AT,h5187,0.35191797901934246,scr2010,avaConv,runOfRiver
AT,h5188,0.35191797901934246,scr2010,avaConv,runOfRiver
AT,h5189,0.35191797901934246,scr2010,avaConv,runOfRiver
AT,h5190,0.35191797901934246,scr2010,avaConv,runOfRiver
AT,h5191,0.35191797901934246,scr2010,avaConv,runOfRiver
AT,h5192,0.35191797901934246,scr2010,avaConv,runOfRiver
AT,h5193,0.35191797901934246,scr2010,avaConv,runOfRiver
AT,h5194,0.35191797901934246,scr2010,avaConv,runOfRiver
AT,h5195,0.35191797901934246,scr2010,avaConv,runOfRiver
AT,h5196,0.35191797901934246,scr2010,avaConv,runOfRiver
AT,h5197,0.35191797901934246,scr2010,avaConv,runOfRiver
AT,h5198,0.35191797901934246,scr2010,avaConv,runOfRiver
AT,h5199,0.35191797901934246,scr2010,avaConv,runOfRiver
AT,h5200,0.35191797901934246,scr2010,avaConv,runOfRiver
AT,h5201,0.35191797901934246,scr2010,avaConv,runOfRiver
AT,h5202,0.35191797901934246,scr2010,avaConv,runOfRiver
AT,h5203,0.35191797901934246,scr2010,avaConv,runOfRiver
AT,h5204,0.35191797901934246,scr2010,avaConv,runOfRiver
AT,h5205,0.35191797901934246,scr2010,avaConv,runOfRiver
AT,h5206,0.35191797901934246,scr2010,avaConv,runOfRiver
AT,h5207,0.35191797901934246,scr2010,avaConv,runOfRiver
AT,h5208,0.35191797901934246,scr2010,avaConv,runOfRiver
AT,h5209,0.35076461691980987,scr2010,avaConv,runOfRiver
AT,h5210,0.3496112551995248,scr2010,avaConv,runOfRiver
AT,h5211,0.3484578938597381,scr2010,avaConv,runOfRiver
AT,h5212,0.3484578938597381,scr2010,avaConv,runOfRiver
AT,h5213,0.3484578938597381,scr2010,avaConv,runOfRiver
AT,h5214,0.3484578938597381,scr2010,avaConv,runOfRiver
AT,h5215,0.3484578938597381,scr2010,avaConv,runOfRiver
AT,h5216,0.3484578938597381,scr2010,avaConv,runOfRiver
AT,h5217,0.3484578938597381,scr2010,avaConv,runOfRiver
AT,h5218,0.3484578938597381,scr2010,avaConv,runOfRiver
AT,h5219,0.3484578938597381,scr2010,avaConv,runOfRiver
AT,h5220,0.3484578938597381,scr2010,avaConv,runOfRiver
AT,h5221,0.3484578938597381,scr2010,avaConv,runOfRiver
AT,h5222,0.3484578938597381,scr2010,avaConv,runOfRiver
AT,h5223,0.3484578938597381,scr2010,avaConv,runOfRiver
AT,h5224,0.3484578938597381,scr2010,avaConv,runOfRiver
AT,h5225,0.3484578938597381,scr2010,avaConv,runOfRiver
AT,h5226,0.3484578938597381,scr2010,avaConv,runOfRiver
AT,h5227,0.3484578938597381,scr2010,avaConv,runOfRiver
AT,h5228,0.3484578938597381,scr2010,avaConv,runOfRiver
AT,h5229,0.3484578938597381,scr2010,avaConv,runOfRiver
AT,h5230,0.3484578938597381,scr2010,avaConv,runOfRiver
AT,h5231,0.3484578938597381,scr2010,avaConv,runOfRiver
AT,h5232,0.3484578938597381,scr2010,avaConv,runOfRiver
AT,h5233,0.34684475328533587,scr2010,avaConv,runOfRiver
AT,h5234,0.3452316134612039,scr2010,avaConv,runOfRiver
AT,h5235,0.34361847439084736,scr2010,avaConv,runOfRiver
AT,h5236,0.34361847439084736,scr2010,avaConv,runOfRiver
AT,h5237,0.34361847439084736,scr2010,avaConv,runOfRiver
AT,h5238,0.34361847439084736,scr2010,avaConv,runOfRiver
AT,h5239,0.34361847439084736,scr2010,avaConv,runOfRiver
AT,h5240,0.34361847439084736,scr2010,avaConv,runOfRiver
AT,h5241,0.34361847439084736,scr2010,avaConv,runOfRiver
AT,h5242,0.34361847439084736,scr2010,avaConv,runOfRiver
AT,h5243,0.34361847439084736,scr2010,avaConv,runOfRiver
AT,h5244,0.34361847439084736,scr2010,avaConv,runOfRiver
AT,h5245,0.34361847439084736,scr2010,avaConv,runOfRiver
AT,h5246,0.34361847439084736,scr2010,avaConv,runOfRiver
AT,h5247,0.34361847439084736,scr2010,avaConv,runOfRiver
AT,h5248,0.34361847439084736,scr2010,avaConv,runOfRiver
AT,h5249,0.34361847439084736,scr2010,avaConv,runOfRiver
AT,h5250,0.34361847439084736,scr2010,avaConv,runOfRiver
AT,h5251,0.34361847439084736,scr2010,avaConv,runOfRiver
AT,h5252,0.34361847439084736,scr2010,avaConv,runOfRiver
AT,h5253,0.34361847439084736,scr2010,avaConv,runOfRiver
AT,h5254,0.34361847439084736,scr2010,avaConv,runOfRiver
AT,h5255,0.34361847439084736,scr2010,avaConv,runOfRiver
AT,h5256,0.34361847439084736,scr2010,avaConv,runOfRiver
AT,h5257,0.3430731950591197,scr2010,avaConv,runOfRiver
AT,h5258,0.34252791581406006,scr2010,avaConv,runOfRiver
AT,h5259,0.3419826366558064,scr2010,avaConv,runOfRiver
AT,h5260,0.3419826366558064,scr2010,avaConv,runOfRiver
AT,h5261,0.3419826366558064,scr2010,avaConv,runOfRiver
AT,h5262,0.3419826366558064,scr2010,avaConv,runOfRiver
AT,h5263,0.3419826366558064,scr2010,avaConv,runOfRiver
AT,h5264,0.3419826366558064,scr2010,avaConv,runOfRiver
AT,h5265,0.3419826366558064,scr2010,avaConv,runOfRiver
AT,h5266,0.3419826366558064,scr2010,avaConv,runOfRiver
AT,h5267,0.3419826366558064,scr2010,avaConv,runOfRiver
AT,h5268,0.3419826366558064,scr2010,avaConv,runOfRiver
AT,h5269,0.3419826366558064,scr2010,avaConv,runOfRiver
AT,h5270,0.3419826366558064,scr2010,avaConv,runOfRiver
AT,h5271,0.3419826366558064,scr2010,avaConv,runOfRiver
AT,h5272,0.3419826366558064,scr2010,avaConv,runOfRiver
AT,h5273,0.3419826366558064,scr2010,avaConv,runOfRiver
AT,h5274,0.3419826366558064,scr2010,avaConv,runOfRiver
AT,h5275,0.3419826366558064,scr2010,avaConv,runOfRiver
AT,h5276,0.3419826366558064,scr2010,avaConv,runOfRiver
AT,h5277,0.3419826366558064,scr2010,avaConv,runOfRiver
AT,h5278,0.3419826366558064,scr2010,avaConv,runOfRiver
AT,h5279,0.3419826366558064,scr2010,avaConv,runOfRiver
AT,h5280,0.3419826366558064,scr2010,avaConv,runOfRiver
AT,h5281,0.3421970186069365,scr2010,avaConv,runOfRiver
AT,h5282,0.3424114005714976,scr2010,avaConv,runOfRiver
AT,h5283,0.34262578254948134,scr2010,avaConv,runOfRiver
AT,h5284,0.34262578254948134,scr2010,avaConv,runOfRiver
AT,h5285,0.34262578254948134,scr2010,avaConv,runOfRiver
AT,h5286,0.34262578254948134,scr2010,avaConv,runOfRiver
AT,h5287,0.34262578254948134,scr2010,avaConv,runOfRiver
AT,h5288,0.34262578254948134,scr2010,avaConv,runOfRiver
AT,h5289,0.34262578254948134,scr2010,avaConv,runOfRiver
AT,h5290,0.34262578254948134,scr2010,avaConv,runOfRiver
AT,h5291,0.34262578254948134,scr2010,avaConv,runOfRiver
AT,h5292,0.34262578254948134,scr2010,avaConv,runOfRiver
AT,h5293,0.34262578254948134,scr2010,avaConv,runOfRiver
AT,h5294,0.34262578254948134,scr2010,avaConv,runOfRiver
AT,h5295,0.34262578254948134,scr2010,avaConv,runOfRiver
AT,h5296,0.34262578254948134,scr2010,avaConv,runOfRiver
AT,h5297,0.34262578254948134,scr2010,avaConv,runOfRiver
AT,h5298,0.34262578254948134,scr2010,avaConv,runOfRiver
AT,h5299,0.34262578254948134,scr2010,avaConv,runOfRiver
AT,h5300,0.34262578254948134,scr2010,avaConv,runOfRiver
AT,h5301,0.34262578254948134,scr2010,avaConv,runOfRiver
AT,h5302,0.34262578254948134,scr2010,avaConv,runOfRiver
AT,h5303,0.34262578254948134,scr2010,avaConv,runOfRiver
AT,h5304,0.34262578254948134,scr2010,avaConv,runOfRiver
AT,h5305,0.3415446717975976,scr2010,avaConv,runOfRiver
AT,h5306,0.34046356138793066,scr2010,avaConv,runOfRiver
AT,h5307,0.339382451321567,scr2010,avaConv,runOfRiver
AT,h5308,0.339382451321567,scr2010,avaConv,runOfRiver
AT,h5309,0.339382451321567,scr2010,avaConv,runOfRiver
AT,h5310,0.339382451321567,scr2010,avaConv,runOfRiver
AT,h5311,0.339382451321567,scr2010,avaConv,runOfRiver
AT,h5312,0.339382451321567,scr2010,avaConv,runOfRiver
AT,h5313,0.339382451321567,scr2010,avaConv,runOfRiver
AT,h5314,0.339382451321567,scr2010,avaConv,runOfRiver
AT,h5315,0.339382451321567,scr2010,avaConv,runOfRiver
AT,h5316,0.339382451321567,scr2010,avaConv,runOfRiver
AT,h5317,0.339382451321567,scr2010,avaConv,runOfRiver
AT,h5318,0.339382451321567,scr2010,avaConv,runOfRiver
AT,h5319,0.339382451321567,scr2010,avaConv,runOfRiver
AT,h5320,0.339382451321567,scr2010,avaConv,runOfRiver
AT,h5321,0.339382451321567,scr2010,avaConv,runOfRiver
AT,h5322,0.339382451321567,scr2010,avaConv,runOfRiver
AT,h5323,0.339382451321567,scr2010,avaConv,runOfRiver
AT,h5324,0.339382451321567,scr2010,avaConv,runOfRiver
AT,h5325,0.339382451321567,scr2010,avaConv,runOfRiver
AT,h5326,0.339382451321567,scr2010,avaConv,runOfRiver
AT,h5327,0.339382451321567,scr2010,avaConv,runOfRiver
AT,h5328,0.339382451321567,scr2010,avaConv,runOfRiver
AT,h5329,0.33895772378827393,scr2010,avaConv,runOfRiver
AT,h5330,0.338532996308202,scr2010,avaConv,runOfRiver
AT,h5331,0.33810826888141793,scr2010,avaConv,runOfRiver
AT,h5332,0.33810826888141793,scr2010,avaConv,runOfRiver
AT,h5333,0.33810826888141793,scr2010,avaConv,runOfRiver
AT,h5334,0.33810826888141793,scr2010,avaConv,runOfRiver
AT,h5335,0.33810826888141793,scr2010,avaConv,runOfRiver
AT,h5336,0.33810826888141793,scr2010,avaConv,runOfRiver
AT,h5337,0.33810826888141793,scr2010,avaConv,runOfRiver
AT,h5338,0.33810826888141793,scr2010,avaConv,runOfRiver
AT,h5339,0.33810826888141793,scr2010,avaConv,runOfRiver
AT,h5340,0.33810826888141793,scr2010,avaConv,runOfRiver
AT,h5341,0.33810826888141793,scr2010,avaConv,runOfRiver
AT,h5342,0.33810826888141793,scr2010,avaConv,runOfRiver
AT,h5343,0.33810826888141793,scr2010,avaConv,runOfRiver
AT,h5344,0.33810826888141793,scr2010,avaConv,runOfRiver
AT,h5345,0.33810826888141793,scr2010,avaConv,runOfRiver
AT,h5346,0.33810826888141793,scr2010,avaConv,runOfRiver
AT,h5347,0.33810826888141793,scr2010,avaConv,runOfRiver
AT,h5348,0.33810826888141793,scr2010,avaConv,runOfRiver
AT,h5349,0.33810826888141793,scr2010,avaConv,runOfRiver
AT,h5350,0.33810826888141793,scr2010,avaConv,runOfRiver
AT,h5351,0.33810826888141793,scr2010,avaConv,runOfRiver
AT,h5352,0.33810826888141793,scr2010,avaConv,runOfRiver
AT,h5353,0.33836142929950724,scr2010,avaConv,runOfRiver
AT,h5354,0.3386145897365384,scr2010,avaConv,runOfRiver
AT,h5355,0.33886775019249704,scr2010,avaConv,runOfRiver
AT,h5356,0.33886775019249704,scr2010,avaConv,runOfRiver
AT,h5357,0.33886775019249704,scr2010,avaConv,runOfRiver
AT,h5358,0.33886775019249704,scr2010,avaConv,runOfRiver
AT,h5359,0.33886775019249704,scr2010,avaConv,runOfRiver
AT,h5360,0.33886775019249704,scr2010,avaConv,runOfRiver
AT,h5361,0.33886775019249704,scr2010,avaConv,runOfRiver
AT,h5362,0.33886775019249704,scr2010,avaConv,runOfRiver
AT,h5363,0.33886775019249704,scr2010,avaConv,runOfRiver
AT,h5364,0.33886775019249704,scr2010,avaConv,runOfRiver
AT,h5365,0.33886775019249704,scr2010,avaConv,runOfRiver
AT,h5366,0.33886775019249704,scr2010,avaConv,runOfRiver
AT,h5367,0.33886775019249704,scr2010,avaConv,runOfRiver
AT,h5368,0.33886775019249704,scr2010,avaConv,runOfRiver
AT,h5369,0.33886775019249704,scr2010,avaConv,runOfRiver
AT,h5370,0.33886775019249704,scr2010,avaConv,runOfRiver
AT,h5371,0.33886775019249704,scr2010,avaConv,runOfRiver
AT,h5372,0.33886775019249704,scr2010,avaConv,runOfRiver
AT,h5373,0.33886775019249704,scr2010,avaConv,runOfRiver
AT,h5374,0.33886775019249704,scr2010,avaConv,runOfRiver
AT,h5375,0.33886775019249704,scr2010,avaConv,runOfRiver
AT,h5376,0.33886775019249704,scr2010,avaConv,runOfRiver
AT,h5377,0.33839398290097367,scr2010,avaConv,runOfRiver
AT,h5378,0.3379202156757812,scr2010,avaConv,runOfRiver
AT,h5379,0.33744644851701255,scr2010,avaConv,runOfRiver
AT,h5380,0.33744644851701255,scr2010,avaConv,runOfRiver
AT,h5381,0.33744644851701255,scr2010,avaConv,runOfRiver
AT,h5382,0.33744644851701255,scr2010,avaConv,runOfRiver
AT,h5383,0.33744644851701255,scr2010,avaConv,runOfRiver
AT,h5384,0.33744644851701255,scr2010,avaConv,runOfRiver
AT,h5385,0.33744644851701255,scr2010,avaConv,runOfRiver
AT,h5386,0.33744644851701255,scr2010,avaConv,runOfRiver
AT,h5387,0.33744644851701255,scr2010,avaConv,runOfRiver
AT,h5388,0.33744644851701255,scr2010,avaConv,runOfRiver
AT,h5389,0.33744644851701255,scr2010,avaConv,runOfRiver
AT,h5390,0.33744644851701255,scr2010,avaConv,runOfRiver
AT,h5391,0.33744644851701255,scr2010,avaConv,runOfRiver
AT,h5392,0.33744644851701255,scr2010,avaConv,runOfRiver
AT,h5393,0.33744644851701255,scr2010,avaConv,runOfRiver
AT,h5394,0.33744644851701255,scr2010,avaConv,runOfRiver
AT,h5395,0.33744644851701255,scr2010,avaConv,runOfRiver
AT,h5396,0.33744644851701255,scr2010,avaConv,runOfRiver
AT,h5397,0.33744644851701255,scr2010,avaConv,runOfRiver
AT,h5398,0.33744644851701255,scr2010,avaConv,runOfRiver
AT,h5399,0.33744644851701255,scr2010,avaConv,runOfRiver
AT,h5400,0.33744644851701255,scr2010,avaConv,runOfRiver
AT,h5401,0.33691833695581963,scr2010,avaConv,runOfRiver
AT,h5402,0.3363902254774087,scr2010,avaConv,runOfRiver
AT,h5403,0.3358621140819095,scr2010,avaConv,runOfRiver
AT,h5404,0.3358621140819095,scr2010,avaConv,runOfRiver
AT,h5405,0.3358621140819095,scr2010,avaConv,runOfRiver
AT,h5406,0.3358621140819095,scr2010,avaConv,runOfRiver
AT,h5407,0.3358621140819095,scr2010,avaConv,runOfRiver
AT,h5408,0.3358621140819095,scr2010,avaConv,runOfRiver
AT,h5409,0.3358621140819095,scr2010,avaConv,runOfRiver
AT,h5410,0.3358621140819095,scr2010,avaConv,runOfRiver
AT,h5411,0.3358621140819095,scr2010,avaConv,runOfRiver
AT,h5412,0.3358621140819095,scr2010,avaConv,runOfRiver
AT,h5413,0.3358621140819095,scr2010,avaConv,runOfRiver
AT,h5414,0.3358621140819095,scr2010,avaConv,runOfRiver
AT,h5415,0.3358621140819095,scr2010,avaConv,runOfRiver
AT,h5416,0.3358621140819095,scr2010,avaConv,runOfRiver
AT,h5417,0.3358621140819095,scr2010,avaConv,runOfRiver
AT,h5418,0.3358621140819095,scr2010,avaConv,runOfRiver
AT,h5419,0.3358621140819095,scr2010,avaConv,runOfRiver
AT,h5420,0.3358621140819095,scr2010,avaConv,runOfRiver
AT,h5421,0.3358621140819095,scr2010,avaConv,runOfRiver
AT,h5422,0.3358621140819095,scr2010,avaConv,runOfRiver
AT,h5423,0.3358621140819095,scr2010,avaConv,runOfRiver
AT,h5424,0.3358621140819095,scr2010,avaConv,runOfRiver
AT,h5425,0.3369330433263755,scr2010,avaConv,runOfRiver
AT,h5426,0.3380039729112397,scr2010,avaConv,runOfRiver
AT,h5427,0.33907490283542374,scr2010,avaConv,runOfRiver
AT,h5428,0.33907490283542374,scr2010,avaConv,runOfRiver
AT,h5429,0.33907490283542374,scr2010,avaConv,runOfRiver
AT,h5430,0.33907490283542374,scr2010,avaConv,runOfRiver
AT,h5431,0.33907490283542374,scr2010,avaConv,runOfRiver
AT,h5432,0.33907490283542374,scr2010,avaConv,runOfRiver
AT,h5433,0.33907490283542374,scr2010,avaConv,runOfRiver
AT,h5434,0.33907490283542374,scr2010,avaConv,runOfRiver
AT,h5435,0.33907490283542374,scr2010,avaConv,runOfRiver
AT,h5436,0.33907490283542374,scr2010,avaConv,runOfRiver
AT,h5437,0.33907490283542374,scr2010,avaConv,runOfRiver
AT,h5438,0.33907490283542374,scr2010,avaConv,runOfRiver
AT,h5439,0.33907490283542374,scr2010,avaConv,runOfRiver
AT,h5440,0.33907490283542374,scr2010,avaConv,runOfRiver
AT,h5441,0.33907490283542374,scr2010,avaConv,runOfRiver
AT,h5442,0.33907490283542374,scr2010,avaConv,runOfRiver
AT,h5443,0.33907490283542374,scr2010,avaConv,runOfRiver
AT,h5444,0.33907490283542374,scr2010,avaConv,runOfRiver
AT,h5445,0.33907490283542374,scr2010,avaConv,runOfRiver
AT,h5446,0.33907490283542374,scr2010,avaConv,runOfRiver
AT,h5447,0.33907490283542374,scr2010,avaConv,runOfRiver
AT,h5448,0.33907490283542374,scr2010,avaConv,runOfRiver
AT,h5449,0.33930484768007557,scr2010,avaConv,runOfRiver
AT,h5450,0.339534792540311,scr2010,avaConv,runOfRiver
AT,h5451,0.3397647374161193,scr2010,avaConv,runOfRiver
AT,h5452,0.3397647374161193,scr2010,avaConv,runOfRiver
AT,h5453,0.3397647374161193,scr2010,avaConv,runOfRiver
AT,h5454,0.3397647374161193,scr2010,avaConv,runOfRiver
AT,h5455,0.3397647374161193,scr2010,avaConv,runOfRiver
AT,h5456,0.3397647374161193,scr2010,avaConv,runOfRiver
AT,h5457,0.3397647374161193,scr2010,avaConv,runOfRiver
AT,h5458,0.3397647374161193,scr2010,avaConv,runOfRiver
AT,h5459,0.3397647374161193,scr2010,avaConv,runOfRiver
AT,h5460,0.3397647374161193,scr2010,avaConv,runOfRiver
AT,h5461,0.3397647374161193,scr2010,avaConv,runOfRiver
AT,h5462,0.3397647374161193,scr2010,avaConv,runOfRiver
AT,h5463,0.3397647374161193,scr2010,avaConv,runOfRiver
AT,h5464,0.3397647374161193,scr2010,avaConv,runOfRiver
AT,h5465,0.3397647374161193,scr2010,avaConv,runOfRiver
AT,h5466,0.3397647374161193,scr2010,avaConv,runOfRiver
AT,h5467,0.3397647374161193,scr2010,avaConv,runOfRiver
AT,h5468,0.3397647374161193,scr2010,avaConv,runOfRiver
AT,h5469,0.3397647374161193,scr2010,avaConv,runOfRiver
AT,h5470,0.3397647374161193,scr2010,avaConv,runOfRiver
AT,h5471,0.3397647374161193,scr2010,avaConv,runOfRiver
AT,h5472,0.3397647374161193,scr2010,avaConv,runOfRiver
AT,h5473,0.3404467826361081,scr2010,avaConv,runOfRiver
AT,h5474,0.3411288279927394,scr2010,avaConv,runOfRiver
AT,h5475,0.34181087348573985,scr2010,avaConv,runOfRiver
AT,h5476,0.34181087348573985,scr2010,avaConv,runOfRiver
AT,h5477,0.34181087348573985,scr2010,avaConv,runOfRiver
AT,h5478,0.34181087348573985,scr2010,avaConv,runOfRiver
AT,h5479,0.34181087348573985,scr2010,avaConv,runOfRiver
AT,h5480,0.34181087348573985,scr2010,avaConv,runOfRiver
AT,h5481,0.34181087348573985,scr2010,avaConv,runOfRiver
AT,h5482,0.34181087348573985,scr2010,avaConv,runOfRiver
AT,h5483,0.34181087348573985,scr2010,avaConv,runOfRiver
AT,h5484,0.34181087348573985,scr2010,avaConv,runOfRiver
AT,h5485,0.34181087348573985,scr2010,avaConv,runOfRiver
AT,h5486,0.34181087348573985,scr2010,avaConv,runOfRiver
AT,h5487,0.34181087348573985,scr2010,avaConv,runOfRiver
AT,h5488,0.34181087348573985,scr2010,avaConv,runOfRiver
AT,h5489,0.34181087348573985,scr2010,avaConv,runOfRiver
AT,h5490,0.34181087348573985,scr2010,avaConv,runOfRiver
AT,h5491,0.34181087348573985,scr2010,avaConv,runOfRiver
AT,h5492,0.34181087348573985,scr2010,avaConv,runOfRiver
AT,h5493,0.34181087348573985,scr2010,avaConv,runOfRiver
AT,h5494,0.34181087348573985,scr2010,avaConv,runOfRiver
AT,h5495,0.34181087348573985,scr2010,avaConv,runOfRiver
AT,h5496,0.34181087348573985,scr2010,avaConv,runOfRiver
AT,h5497,0.34262632087324874,scr2010,avaConv,runOfRiver
AT,h5498,0.3434417684548369,scr2010,avaConv,runOfRiver
AT,h5499,0.34425721623004385,scr2010,avaConv,runOfRiver
AT,h5500,0.34425721623004385,scr2010,avaConv,runOfRiver
AT,h5501,0.34425721623004385,scr2010,avaConv,runOfRiver
AT,h5502,0.34425721623004385,scr2010,avaConv,runOfRiver
AT,h5503,0.34425721623004385,scr2010,avaConv,runOfRiver
AT,h5504,0.34425721623004385,scr2010,avaConv,runOfRiver
AT,h5505,0.34425721623004385,scr2010,avaConv,runOfRiver
AT,h5506,0.34425721623004385,scr2010,avaConv,runOfRiver
AT,h5507,0.34425721623004385,scr2010,avaConv,runOfRiver
AT,h5508,0.34425721623004385,scr2010,avaConv,runOfRiver
AT,h5509,0.34425721623004385,scr2010,avaConv,runOfRiver
AT,h5510,0.34425721623004385,scr2010,avaConv,runOfRiver
AT,h5511,0.34425721623004385,scr2010,avaConv,runOfRiver
AT,h5512,0.34425721623004385,scr2010,avaConv,runOfRiver
AT,h5513,0.34425721623004385,scr2010,avaConv,runOfRiver
AT,h5514,0.34425721623004385,scr2010,avaConv,runOfRiver
AT,h5515,0.34425721623004385,scr2010,avaConv,runOfRiver
AT,h5516,0.34425721623004385,scr2010,avaConv,runOfRiver
AT,h5517,0.34425721623004385,scr2010,avaConv,runOfRiver
AT,h5518,0.34425721623004385,scr2010,avaConv,runOfRiver
AT,h5519,0.34425721623004385,scr2010,avaConv,runOfRiver
AT,h5520,0.34425721623004385,scr2010,avaConv,runOfRiver
AT,h5521,0.3449011215925598,scr2010,avaConv,runOfRiver
AT,h5522,0.3455450270752903,scr2010,avaConv,runOfRiver
AT,h5523,0.3461889326780114,scr2010,avaConv,runOfRiver
AT,h5524,0.3461889326780114,scr2010,avaConv,runOfRiver
AT,h5525,0.3461889326780114,scr2010,avaConv,runOfRiver
AT,h5526,0.3461889326780114,scr2010,avaConv,runOfRiver
AT,h5527,0.3461889326780114,scr2010,avaConv,runOfRiver
AT,h5528,0.3461889326780114,scr2010,avaConv,runOfRiver
AT,h5529,0.3461889326780114,scr2010,avaConv,runOfRiver
AT,h5530,0.3461889326780114,scr2010,avaConv,runOfRiver
AT,h5531,0.3461889326780114,scr2010,avaConv,runOfRiver
AT,h5532,0.3461889326780114,scr2010,avaConv,runOfRiver
AT,h5533,0.3461889326780114,scr2010,avaConv,runOfRiver
AT,h5534,0.3461889326780114,scr2010,avaConv,runOfRiver
AT,h5535,0.3461889326780114,scr2010,avaConv,runOfRiver
AT,h5536,0.3461889326780114,scr2010,avaConv,runOfRiver
AT,h5537,0.3461889326780114,scr2010,avaConv,runOfRiver
AT,h5538,0.3461889326780114,scr2010,avaConv,runOfRiver
AT,h5539,0.3461889326780114,scr2010,avaConv,runOfRiver
AT,h5540,0.3461889326780114,scr2010,avaConv,runOfRiver
AT,h5541,0.3461889326780114,scr2010,avaConv,runOfRiver
AT,h5542,0.3461889326780114,scr2010,avaConv,runOfRiver
AT,h5543,0.3461889326780114,scr2010,avaConv,runOfRiver
AT,h5544,0.3461889326780114,scr2010,avaConv,runOfRiver
AT,h5545,0.34520610725769657,scr2010,avaConv,runOfRiver
AT,h5546,0.3442232821172039,scr2010,avaConv,runOfRiver
AT,h5547,0.34324045725733215,scr2010,avaConv,runOfRiver
AT,h5548,0.34324045725733215,scr2010,avaConv,runOfRiver
AT,h5549,0.34324045725733215,scr2010,avaConv,runOfRiver
AT,h5550,0.34324045725733215,scr2010,avaConv,runOfRiver
AT,h5551,0.34324045725733215,scr2010,avaConv,runOfRiver
AT,h5552,0.34324045725733215,scr2010,avaConv,runOfRiver
AT,h5553,0.34324045725733215,scr2010,avaConv,runOfRiver
AT,h5554,0.34324045725733215,scr2010,avaConv,runOfRiver
AT,h5555,0.34324045725733215,scr2010,avaConv,runOfRiver
AT,h5556,0.34324045725733215,scr2010,avaConv,runOfRiver
AT,h5557,0.34324045725733215,scr2010,avaConv,runOfRiver
AT,h5558,0.34324045725733215,scr2010,avaConv,runOfRiver
AT,h5559,0.34324045725733215,scr2010,avaConv,runOfRiver
AT,h5560,0.34324045725733215,scr2010,avaConv,runOfRiver
AT,h5561,0.34324045725733215,scr2010,avaConv,runOfRiver
AT,h5562,0.34324045725733215,scr2010,avaConv,runOfRiver
AT,h5563,0.34324045725733215,scr2010,avaConv,runOfRiver
AT,h5564,0.34324045725733215,scr2010,avaConv,runOfRiver
AT,h5565,0.34324045725733215,scr2010,avaConv,runOfRiver
AT,h5566,0.34324045725733215,scr2010,avaConv,runOfRiver
AT,h5567,0.34324045725733215,scr2010,avaConv,runOfRiver
AT,h5568,0.34324045725733215,scr2010,avaConv,runOfRiver
AT,h5569,0.3404289373233409,scr2010,avaConv,runOfRiver
AT,h5570,0.3376174197113828,scr2010,avaConv,runOfRiver
AT,h5571,0.3348059044407934,scr2010,avaConv,runOfRiver
AT,h5572,0.3348059044407934,scr2010,avaConv,runOfRiver
AT,h5573,0.3348059044407934,scr2010,avaConv,runOfRiver
AT,h5574,0.3348059044407934,scr2010,avaConv,runOfRiver
AT,h5575,0.3348059044407934,scr2010,avaConv,runOfRiver
AT,h5576,0.3348059044407934,scr2010,avaConv,runOfRiver
AT,h5577,0.3348059044407934,scr2010,avaConv,runOfRiver
AT,h5578,0.3348059044407934,scr2010,avaConv,runOfRiver
AT,h5579,0.3348059044407934,scr2010,avaConv,runOfRiver
AT,h5580,0.3348059044407934,scr2010,avaConv,runOfRiver
AT,h5581,0.3348059044407934,scr2010,avaConv,runOfRiver
AT,h5582,0.3348059044407934,scr2010,avaConv,runOfRiver
AT,h5583,0.3348059044407934,scr2010,avaConv,runOfRiver
AT,h5584,0.3348059044407934,scr2010,avaConv,runOfRiver
AT,h5585,0.3348059044407934,scr2010,avaConv,runOfRiver
AT,h5586,0.3348059044407934,scr2010,avaConv,runOfRiver
AT,h5587,0.3348059044407934,scr2010,avaConv,runOfRiver
AT,h5588,0.3348059044407934,scr2010,avaConv,runOfRiver
AT,h5589,0.3348059044407934,scr2010,avaConv,runOfRiver
AT,h5590,0.3348059044407934,scr2010,avaConv,runOfRiver
AT,h5591,0.3348059044407934,scr2010,avaConv,runOfRiver
AT,h5592,0.3348059044407934,scr2010,avaConv,runOfRiver
AT,h5593,0.3339155471482086,scr2010,avaConv,runOfRiver
AT,h5594,0.33302519009303494,scr2010,avaConv,runOfRiver
AT,h5595,0.3321348332759073,scr2010,avaConv,runOfRiver
AT,h5596,0.3321348332759073,scr2010,avaConv,runOfRiver
AT,h5597,0.3321348332759073,scr2010,avaConv,runOfRiver
AT,h5598,0.3321348332759073,scr2010,avaConv,runOfRiver
AT,h5599,0.3321348332759073,scr2010,avaConv,runOfRiver
AT,h5600,0.3321348332759073,scr2010,avaConv,runOfRiver
AT,h5601,0.3321348332759073,scr2010,avaConv,runOfRiver
AT,h5602,0.3321348332759073,scr2010,avaConv,runOfRiver
AT,h5603,0.3321348332759073,scr2010,avaConv,runOfRiver
AT,h5604,0.3321348332759073,scr2010,avaConv,runOfRiver
AT,h5605,0.3321348332759073,scr2010,avaConv,runOfRiver
AT,h5606,0.3321348332759073,scr2010,avaConv,runOfRiver
AT,h5607,0.3321348332759073,scr2010,avaConv,runOfRiver
AT,h5608,0.3321348332759073,scr2010,avaConv,runOfRiver
AT,h5609,0.3321348332759073,scr2010,avaConv,runOfRiver
AT,h5610,0.3321348332759073,scr2010,avaConv,runOfRiver
AT,h5611,0.3321348332759073,scr2010,avaConv,runOfRiver
AT,h5612,0.3321348332759073,scr2010,avaConv,runOfRiver
AT,h5613,0.3321348332759073,scr2010,avaConv,runOfRiver
AT,h5614,0.3321348332759073,scr2010,avaConv,runOfRiver
AT,h5615,0.3321348332759073,scr2010,avaConv,runOfRiver
AT,h5616,0.3321348332759073,scr2010,avaConv,runOfRiver
AT,h5617,0.33159348646263265,scr2010,avaConv,runOfRiver
AT,h5618,0.33105213973773817,scr2010,avaConv,runOfRiver
AT,h5619,0.33051079310136827,scr2010,avaConv,runOfRiver
AT,h5620,0.33051079310136827,scr2010,avaConv,runOfRiver
AT,h5621,0.33051079310136827,scr2010,avaConv,runOfRiver
AT,h5622,0.33051079310136827,scr2010,avaConv,runOfRiver
AT,h5623,0.33051079310136827,scr2010,avaConv,runOfRiver
AT,h5624,0.33051079310136827,scr2010,avaConv,runOfRiver
AT,h5625,0.33051079310136827,scr2010,avaConv,runOfRiver
AT,h5626,0.33051079310136827,scr2010,avaConv,runOfRiver
AT,h5627,0.33051079310136827,scr2010,avaConv,runOfRiver
AT,h5628,0.33051079310136827,scr2010,avaConv,runOfRiver
AT,h5629,0.33051079310136827,scr2010,avaConv,runOfRiver
AT,h5630,0.33051079310136827,scr2010,avaConv,runOfRiver
AT,h5631,0.33051079310136827,scr2010,avaConv,runOfRiver
AT,h5632,0.33051079310136827,scr2010,avaConv,runOfRiver
AT,h5633,0.33051079310136827,scr2010,avaConv,runOfRiver
AT,h5634,0.33051079310136827,scr2010,avaConv,runOfRiver
AT,h5635,0.33051079310136827,scr2010,avaConv,runOfRiver
AT,h5636,0.33051079310136827,scr2010,avaConv,runOfRiver
AT,h5637,0.33051079310136827,scr2010,avaConv,runOfRiver
AT,h5638,0.33051079310136827,scr2010,avaConv,runOfRiver
AT,h5639,0.33051079310136827,scr2010,avaConv,runOfRiver
AT,h5640,0.33051079310136827,scr2010,avaConv,runOfRiver
AT,h5641,0.3294780655772034,scr2010,avaConv,runOfRiver
AT,h5642,0.32844533837674794,scr2010,avaConv,runOfRiver
AT,h5643,0.3274126115010195,scr2010,avaConv,runOfRiver
AT,h5644,0.3274126115010195,scr2010,avaConv,runOfRiver
AT,h5645,0.3274126115010195,scr2010,avaConv,runOfRiver
AT,h5646,0.3274126115010195,scr2010,avaConv,runOfRiver
AT,h5647,0.3274126115010195,scr2010,avaConv,runOfRiver
AT,h5648,0.3274126115010195,scr2010,avaConv,runOfRiver
AT,h5649,0.3274126115010195,scr2010,avaConv,runOfRiver
AT,h5650,0.3274126115010195,scr2010,avaConv,runOfRiver
AT,h5651,0.3274126115010195,scr2010,avaConv,runOfRiver
AT,h5652,0.3274126115010195,scr2010,avaConv,runOfRiver
AT,h5653,0.3274126115010195,scr2010,avaConv,runOfRiver
AT,h5654,0.3274126115010195,scr2010,avaConv,runOfRiver
AT,h5655,0.3274126115010195,scr2010,avaConv,runOfRiver
AT,h5656,0.3274126115010195,scr2010,avaConv,runOfRiver
AT,h5657,0.3274126115010195,scr2010,avaConv,runOfRiver
AT,h5658,0.3274126115010195,scr2010,avaConv,runOfRiver
AT,h5659,0.3274126115010195,scr2010,avaConv,runOfRiver
AT,h5660,0.3274126115010195,scr2010,avaConv,runOfRiver
AT,h5661,0.3274126115010195,scr2010,avaConv,runOfRiver
AT,h5662,0.3274126115010195,scr2010,avaConv,runOfRiver
AT,h5663,0.3274126115010195,scr2010,avaConv,runOfRiver
AT,h5664,0.3274126115010195,scr2010,avaConv,runOfRiver
AT,h5665,0.32705161399867655,scr2010,avaConv,runOfRiver
AT,h5666,0.32669061653618114,scr2010,avaConv,runOfRiver
AT,h5667,0.32632961911357744,scr2010,avaConv,runOfRiver
AT,h5668,0.32632961911357744,scr2010,avaConv,runOfRiver
AT,h5669,0.32632961911357744,scr2010,avaConv,runOfRiver
AT,h5670,0.32632961911357744,scr2010,avaConv,runOfRiver
AT,h5671,0.32632961911357744,scr2010,avaConv,runOfRiver
AT,h5672,0.32632961911357744,scr2010,avaConv,runOfRiver
AT,h5673,0.32632961911357744,scr2010,avaConv,runOfRiver
AT,h5674,0.32632961911357744,scr2010,avaConv,runOfRiver
AT,h5675,0.32632961911357744,scr2010,avaConv,runOfRiver
AT,h5676,0.32632961911357744,scr2010,avaConv,runOfRiver
AT,h5677,0.32632961911357744,scr2010,avaConv,runOfRiver
AT,h5678,0.32632961911357744,scr2010,avaConv,runOfRiver
AT,h5679,0.32632961911357744,scr2010,avaConv,runOfRiver
AT,h5680,0.32632961911357744,scr2010,avaConv,runOfRiver
AT,h5681,0.32632961911357744,scr2010,avaConv,runOfRiver
AT,h5682,0.32632961911357744,scr2010,avaConv,runOfRiver
AT,h5683,0.32632961911357744,scr2010,avaConv,runOfRiver
AT,h5684,0.32632961911357744,scr2010,avaConv,runOfRiver
AT,h5685,0.32632961911357744,scr2010,avaConv,runOfRiver
AT,h5686,0.32632961911357744,scr2010,avaConv,runOfRiver
AT,h5687,0.32632961911357744,scr2010,avaConv,runOfRiver
AT,h5688,0.32632961911357744,scr2010,avaConv,runOfRiver
AT,h5689,0.32471430544519986,scr2010,avaConv,runOfRiver
AT,h5690,0.3230989925803934,scr2010,avaConv,runOfRiver
AT,h5691,0.3214836805231752,scr2010,avaConv,runOfRiver
AT,h5692,0.3214836805231752,scr2010,avaConv,runOfRiver
AT,h5693,0.3214836805231752,scr2010,avaConv,runOfRiver
AT,h5694,0.3214836805231752,scr2010,avaConv,runOfRiver
AT,h5695,0.3214836805231752,scr2010,avaConv,runOfRiver
AT,h5696,0.3214836805231752,scr2010,avaConv,runOfRiver
AT,h5697,0.3214836805231752,scr2010,avaConv,runOfRiver
AT,h5698,0.3214836805231752,scr2010,avaConv,runOfRiver
AT,h5699,0.3214836805231752,scr2010,avaConv,runOfRiver
AT,h5700,0.3214836805231752,scr2010,avaConv,runOfRiver
AT,h5701,0.3214836805231752,scr2010,avaConv,runOfRiver
AT,h5702,0.3214836805231752,scr2010,avaConv,runOfRiver
AT,h5703,0.3214836805231752,scr2010,avaConv,runOfRiver
AT,h5704,0.3214836805231752,scr2010,avaConv,runOfRiver
AT,h5705,0.3214836805231752,scr2010,avaConv,runOfRiver
AT,h5706,0.3214836805231752,scr2010,avaConv,runOfRiver
AT,h5707,0.3214836805231752,scr2010,avaConv,runOfRiver
AT,h5708,0.3214836805231752,scr2010,avaConv,runOfRiver
AT,h5709,0.3214836805231752,scr2010,avaConv,runOfRiver
AT,h5710,0.3214836805231752,scr2010,avaConv,runOfRiver
AT,h5711,0.3214836805231752,scr2010,avaConv,runOfRiver
AT,h5712,0.3214836805231752,scr2010,avaConv,runOfRiver
AT,h5713,0.3194310040570284,scr2010,avaConv,runOfRiver
AT,h5714,0.31737832890998235,scr2010,avaConv,runOfRiver
AT,h5715,0.31532565509056804,scr2010,avaConv,runOfRiver
AT,h5716,0.31532565509056804,scr2010,avaConv,runOfRiver
AT,h5717,0.31532565509056804,scr2010,avaConv,runOfRiver
AT,h5718,0.31532565509056804,scr2010,avaConv,runOfRiver
AT,h5719,0.31532565509056804,scr2010,avaConv,runOfRiver
AT,h5720,0.31532565509056804,scr2010,avaConv,runOfRiver
AT,h5721,0.31532565509056804,scr2010,avaConv,runOfRiver
AT,h5722,0.31532565509056804,scr2010,avaConv,runOfRiver
AT,h5723,0.31532565509056804,scr2010,avaConv,runOfRiver
AT,h5724,0.31532565509056804,scr2010,avaConv,runOfRiver
AT,h5725,0.31532565509056804,scr2010,avaConv,runOfRiver
AT,h5726,0.31532565509056804,scr2010,avaConv,runOfRiver
AT,h5727,0.31532565509056804,scr2010,avaConv,runOfRiver
AT,h5728,0.31532565509056804,scr2010,avaConv,runOfRiver
AT,h5729,0.31532565509056804,scr2010,avaConv,runOfRiver
AT,h5730,0.31532565509056804,scr2010,avaConv,runOfRiver
AT,h5731,0.31532565509056804,scr2010,avaConv,runOfRiver
AT,h5732,0.31532565509056804,scr2010,avaConv,runOfRiver
AT,h5733,0.31532565509056804,scr2010,avaConv,runOfRiver
AT,h5734,0.31532565509056804,scr2010,avaConv,runOfRiver
AT,h5735,0.31532565509056804,scr2010,avaConv,runOfRiver
AT,h5736,0.31532565509056804,scr2010,avaConv,runOfRiver
AT,h5737,0.3134938725291867,scr2010,avaConv,runOfRiver
AT,h5738,0.31166209103817394,scr2010,avaConv,runOfRiver
AT,h5739,0.3098303106238205,scr2010,avaConv,runOfRiver
AT,h5740,0.3098303106238205,scr2010,avaConv,runOfRiver
AT,h5741,0.3098303106238205,scr2010,avaConv,runOfRiver
AT,h5742,0.3098303106238205,scr2010,avaConv,runOfRiver
AT,h5743,0.3098303106238205,scr2010,avaConv,runOfRiver
AT,h5744,0.3098303106238205,scr2010,avaConv,runOfRiver
AT,h5745,0.3098303106238205,scr2010,avaConv,runOfRiver
AT,h5746,0.3098303106238205,scr2010,avaConv,runOfRiver
AT,h5747,0.3098303106238205,scr2010,avaConv,runOfRiver
AT,h5748,0.3098303106238205,scr2010,avaConv,runOfRiver
AT,h5749,0.3098303106238205,scr2010,avaConv,runOfRiver
AT,h5750,0.3098303106238205,scr2010,avaConv,runOfRiver
AT,h5751,0.3098303106238205,scr2010,avaConv,runOfRiver
AT,h5752,0.3098303106238205,scr2010,avaConv,runOfRiver
AT,h5753,0.3098303106238205,scr2010,avaConv,runOfRiver
AT,h5754,0.3098303106238205,scr2010,avaConv,runOfRiver
AT,h5755,0.3098303106238205,scr2010,avaConv,runOfRiver
AT,h5756,0.3098303106238205,scr2010,avaConv,runOfRiver
AT,h5757,0.3098303106238205,scr2010,avaConv,runOfRiver
AT,h5758,0.3098303106238205,scr2010,avaConv,runOfRiver
AT,h5759,0.3098303106238205,scr2010,avaConv,runOfRiver
AT,h5760,0.3098303106238205,scr2010,avaConv,runOfRiver
AT,h5761,0.30818646902780256,scr2010,avaConv,runOfRiver
AT,h5762,0.306542628308627,scr2010,avaConv,runOfRiver
AT,h5763,0.3048987884709956,scr2010,avaConv,runOfRiver
AT,h5764,0.3048987884709956,scr2010,avaConv,runOfRiver
AT,h5765,0.3048987884709956,scr2010,avaConv,runOfRiver
AT,h5766,0.3048987884709956,scr2010,avaConv,runOfRiver
AT,h5767,0.3048987884709956,scr2010,avaConv,runOfRiver
AT,h5768,0.3048987884709956,scr2010,avaConv,runOfRiver
AT,h5769,0.3048987884709956,scr2010,avaConv,runOfRiver
AT,h5770,0.3048987884709956,scr2010,avaConv,runOfRiver
AT,h5771,0.3048987884709956,scr2010,avaConv,runOfRiver
AT,h5772,0.3048987884709956,scr2010,avaConv,runOfRiver
AT,h5773,0.3048987884709956,scr2010,avaConv,runOfRiver
AT,h5774,0.3048987884709956,scr2010,avaConv,runOfRiver
AT,h5775,0.3048987884709956,scr2010,avaConv,runOfRiver
AT,h5776,0.3048987884709956,scr2010,avaConv,runOfRiver
AT,h5777,0.3048987884709956,scr2010,avaConv,runOfRiver
AT,h5778,0.3048987884709956,scr2010,avaConv,runOfRiver
AT,h5779,0.3048987884709956,scr2010,avaConv,runOfRiver
AT,h5780,0.3048987884709956,scr2010,avaConv,runOfRiver
AT,h5781,0.3048987884709956,scr2010,avaConv,runOfRiver
AT,h5782,0.3048987884709956,scr2010,avaConv,runOfRiver
AT,h5783,0.3048987884709956,scr2010,avaConv,runOfRiver
AT,h5784,0.3048987884709956,scr2010,avaConv,runOfRiver
AT,h5785,0.3024144499394558,scr2010,avaConv,runOfRiver
AT,h5786,0.29993011344889225,scr2010,avaConv,runOfRiver
AT,h5787,0.2974457790162097,scr2010,avaConv,runOfRiver
AT,h5788,0.2974457790162097,scr2010,avaConv,runOfRiver
AT,h5789,0.2974457790162097,scr2010,avaConv,runOfRiver
AT,h5790,0.2974457790162097,scr2010,avaConv,runOfRiver
AT,h5791,0.2974457790162097,scr2010,avaConv,runOfRiver
AT,h5792,0.2974457790162097,scr2010,avaConv,runOfRiver
AT,h5793,0.2974457790162097,scr2010,avaConv,runOfRiver
AT,h5794,0.2974457790162097,scr2010,avaConv,runOfRiver
AT,h5795,0.2974457790162097,scr2010,avaConv,runOfRiver
AT,h5796,0.2974457790162097,scr2010,avaConv,runOfRiver
AT,h5797,0.2974457790162097,scr2010,avaConv,runOfRiver
AT,h5798,0.2974457790162097,scr2010,avaConv,runOfRiver
AT,h5799,0.2974457790162097,scr2010,avaConv,runOfRiver
AT,h5800,0.2974457790162097,scr2010,avaConv,runOfRiver
AT,h5801,0.2974457790162097,scr2010,avaConv,runOfRiver
AT,h5802,0.2974457790162097,scr2010,avaConv,runOfRiver
AT,h5803,0.2974457790162097,scr2010,avaConv,runOfRiver
AT,h5804,0.2974457790162097,scr2010,avaConv,runOfRiver
AT,h5805,0.2974457790162097,scr2010,avaConv,runOfRiver
AT,h5806,0.2974457790162097,scr2010,avaConv,runOfRiver
AT,h5807,0.2974457790162097,scr2010,avaConv,runOfRiver
AT,h5808,0.2974457790162097,scr2010,avaConv,runOfRiver
AT,h5809,0.29648972375354743,scr2010,avaConv,runOfRiver
AT,h5810,0.29553366879918447,scr2010,avaConv,runOfRiver
AT,h5811,0.2945776141541181,scr2010,avaConv,runOfRiver
AT,h5812,0.2945776141541181,scr2010,avaConv,runOfRiver
AT,h5813,0.2945776141541181,scr2010,avaConv,runOfRiver
AT,h5814,0.2945776141541181,scr2010,avaConv,runOfRiver
AT,h5815,0.2945776141541181,scr2010,avaConv,runOfRiver
AT,h5816,0.2945776141541181,scr2010,avaConv,runOfRiver
AT,h5817,0.2945776141541181,scr2010,avaConv,runOfRiver
AT,h5818,0.2945776141541181,scr2010,avaConv,runOfRiver
AT,h5819,0.2945776141541181,scr2010,avaConv,runOfRiver
AT,h5820,0.2945776141541181,scr2010,avaConv,runOfRiver
AT,h5821,0.2945776141541181,scr2010,avaConv,runOfRiver
AT,h5822,0.2945776141541181,scr2010,avaConv,runOfRiver
AT,h5823,0.2945776141541181,scr2010,avaConv,runOfRiver
AT,h5824,0.2945776141541181,scr2010,avaConv,runOfRiver
AT,h5825,0.2945776141541181,scr2010,avaConv,runOfRiver
AT,h5826,0.2945776141541181,scr2010,avaConv,runOfRiver
AT,h5827,0.2945776141541181,scr2010,avaConv,runOfRiver
AT,h5828,0.2945776141541181,scr2010,avaConv,runOfRiver
AT,h5829,0.2945776141541181,scr2010,avaConv,runOfRiver
AT,h5830,0.2945776141541181,scr2010,avaConv,runOfRiver
AT,h5831,0.2945776141541181,scr2010,avaConv,runOfRiver
AT,h5832,0.2945776141541181,scr2010,avaConv,runOfRiver
AT,h5833,0.29231974090298474,scr2010,avaConv,runOfRiver
AT,h5834,0.2900618693959111,scr2010,avaConv,runOfRiver
AT,h5835,0.28780399964647263,scr2010,avaConv,runOfRiver
AT,h5836,0.28780399964647263,scr2010,avaConv,runOfRiver
AT,h5837,0.28780399964647263,scr2010,avaConv,runOfRiver
AT,h5838,0.28780399964647263,scr2010,avaConv,runOfRiver
AT,h5839,0.28780399964647263,scr2010,avaConv,runOfRiver
AT,h5840,0.28780399964647263,scr2010,avaConv,runOfRiver
AT,h5841,0.28780399964647263,scr2010,avaConv,runOfRiver
AT,h5842,0.28780399964647263,scr2010,avaConv,runOfRiver
AT,h5843,0.28780399964647263,scr2010,avaConv,runOfRiver
AT,h5844,0.28780399964647263,scr2010,avaConv,runOfRiver
AT,h5845,0.28780399964647263,scr2010,avaConv,runOfRiver
AT,h5846,0.28780399964647263,scr2010,avaConv,runOfRiver
AT,h5847,0.28780399964647263,scr2010,avaConv,runOfRiver
AT,h5848,0.28780399964647263,scr2010,avaConv,runOfRiver
AT,h5849,0.28780399964647263,scr2010,avaConv,runOfRiver
AT,h5850,0.28780399964647263,scr2010,avaConv,runOfRiver
AT,h5851,0.28780399964647263,scr2010,avaConv,runOfRiver
AT,h5852,0.28780399964647263,scr2010,avaConv,runOfRiver
AT,h5853,0.28780399964647263,scr2010,avaConv,runOfRiver
AT,h5854,0.28780399964647263,scr2010,avaConv,runOfRiver
AT,h5855,0.28780399964647263,scr2010,avaConv,runOfRiver
AT,h5856,0.28780399964647263,scr2010,avaConv,runOfRiver
AT,h5857,0.28589743580468613,scr2010,avaConv,runOfRiver
AT,h5858,0.2839908732343901,scr2010,avaConv,runOfRiver
AT,h5859,0.2820843119441203,scr2010,avaConv,runOfRiver
AT,h5860,0.2820843119441203,scr2010,avaConv,runOfRiver
AT,h5861,0.2820843119441203,scr2010,avaConv,runOfRiver
AT,h5862,0.2820843119441203,scr2010,avaConv,runOfRiver
AT,h5863,0.2820843119441203,scr2010,avaConv,runOfRiver
AT,h5864,0.2820843119441203,scr2010,avaConv,runOfRiver
AT,h5865,0.2820843119441203,scr2010,avaConv,runOfRiver
AT,h5866,0.2820843119441203,scr2010,avaConv,runOfRiver
AT,h5867,0.2820843119441203,scr2010,avaConv,runOfRiver
AT,h5868,0.2820843119441203,scr2010,avaConv,runOfRiver
AT,h5869,0.2820843119441203,scr2010,avaConv,runOfRiver
AT,h5870,0.2820843119441203,scr2010,avaConv,runOfRiver
AT,h5871,0.2820843119441203,scr2010,avaConv,runOfRiver
AT,h5872,0.2820843119441203,scr2010,avaConv,runOfRiver
AT,h5873,0.2820843119441203,scr2010,avaConv,runOfRiver
AT,h5874,0.2820843119441203,scr2010,avaConv,runOfRiver
AT,h5875,0.2820843119441203,scr2010,avaConv,runOfRiver
AT,h5876,0.2820843119441203,scr2010,avaConv,runOfRiver
AT,h5877,0.2820843119441203,scr2010,avaConv,runOfRiver
AT,h5878,0.2820843119441203,scr2010,avaConv,runOfRiver
AT,h5879,0.2820843119441203,scr2010,avaConv,runOfRiver
AT,h5880,0.2820843119441203,scr2010,avaConv,runOfRiver
AT,h5881,0.2824404589177179,scr2010,avaConv,runOfRiver
AT,h5882,0.2827966059362262,scr2010,avaConv,runOfRiver
AT,h5883,0.2831527529995887,scr2010,avaConv,runOfRiver
AT,h5884,0.2831527529995887,scr2010,avaConv,runOfRiver
AT,h5885,0.2831527529995887,scr2010,avaConv,runOfRiver
AT,h5886,0.2831527529995887,scr2010,avaConv,runOfRiver
AT,h5887,0.2831527529995887,scr2010,avaConv,runOfRiver
AT,h5888,0.2831527529995887,scr2010,avaConv,runOfRiver
AT,h5889,0.2831527529995887,scr2010,avaConv,runOfRiver
AT,h5890,0.2831527529995887,scr2010,avaConv,runOfRiver
AT,h5891,0.2831527529995887,scr2010,avaConv,runOfRiver
AT,h5892,0.2831527529995887,scr2010,avaConv,runOfRiver
AT,h5893,0.2831527529995887,scr2010,avaConv,runOfRiver
AT,h5894,0.2831527529995887,scr2010,avaConv,runOfRiver
AT,h5895,0.2831527529995887,scr2010,avaConv,runOfRiver
AT,h5896,0.2831527529995887,scr2010,avaConv,runOfRiver
AT,h5897,0.2831527529995887,scr2010,avaConv,runOfRiver
AT,h5898,0.2831527529995887,scr2010,avaConv,runOfRiver
AT,h5899,0.2831527529995887,scr2010,avaConv,runOfRiver
AT,h5900,0.2831527529995887,scr2010,avaConv,runOfRiver
AT,h5901,0.2831527529995887,scr2010,avaConv,runOfRiver
AT,h5902,0.2831527529995887,scr2010,avaConv,runOfRiver
AT,h5903,0.2831527529995887,scr2010,avaConv,runOfRiver
AT,h5904,0.2831527529995887,scr2010,avaConv,runOfRiver
AT,h5905,0.2837656051775701,scr2010,avaConv,runOfRiver
AT,h5906,0.2843784574879157,scr2010,avaConv,runOfRiver
AT,h5907,0.28499130993034005,scr2010,avaConv,runOfRiver
AT,h5908,0.28499130993034005,scr2010,avaConv,runOfRiver
AT,h5909,0.28499130993034005,scr2010,avaConv,runOfRiver
AT,h5910,0.28499130993034005,scr2010,avaConv,runOfRiver
AT,h5911,0.28499130993034005,scr2010,avaConv,runOfRiver
AT,h5912,0.28499130993034005,scr2010,avaConv,runOfRiver
AT,h5913,0.28499130993034005,scr2010,avaConv,runOfRiver
AT,h5914,0.28499130993034005,scr2010,avaConv,runOfRiver
AT,h5915,0.28499130993034005,scr2010,avaConv,runOfRiver
AT,h5916,0.28499130993034005,scr2010,avaConv,runOfRiver
AT,h5917,0.28499130993034005,scr2010,avaConv,runOfRiver
AT,h5918,0.28499130993034005,scr2010,avaConv,runOfRiver
AT,h5919,0.28499130993034005,scr2010,avaConv,runOfRiver
AT,h5920,0.28499130993034005,scr2010,avaConv,runOfRiver
AT,h5921,0.28499130993034005,scr2010,avaConv,runOfRiver
AT,h5922,0.28499130993034005,scr2010,avaConv,runOfRiver
AT,h5923,0.28499130993034005,scr2010,avaConv,runOfRiver
AT,h5924,0.28499130993034005,scr2010,avaConv,runOfRiver
AT,h5925,0.28499130993034005,scr2010,avaConv,runOfRiver
AT,h5926,0.28499130993034005,scr2010,avaConv,runOfRiver
AT,h5927,0.28499130993034005,scr2010,avaConv,runOfRiver
AT,h5928,0.28499130993034005,scr2010,avaConv,runOfRiver
AT,h5929,0.284675121587009,scr2010,avaConv,runOfRiver
AT,h5930,0.28435893327879835,scr2010,avaConv,runOfRiver
AT,h5931,0.2840427450057472,scr2010,avaConv,runOfRiver
AT,h5932,0.2840427450057472,scr2010,avaConv,runOfRiver
AT,h5933,0.2840427450057472,scr2010,avaConv,runOfRiver
AT,h5934,0.2840427450057472,scr2010,avaConv,runOfRiver
AT,h5935,0.2840427450057472,scr2010,avaConv,runOfRiver
AT,h5936,0.2840427450057472,scr2010,avaConv,runOfRiver
AT,h5937,0.2840427450057472,scr2010,avaConv,runOfRiver
AT,h5938,0.2840427450057472,scr2010,avaConv,runOfRiver
AT,h5939,0.2840427450057472,scr2010,avaConv,runOfRiver
AT,h5940,0.2840427450057472,scr2010,avaConv,runOfRiver
AT,h5941,0.2840427450057472,scr2010,avaConv,runOfRiver
AT,h5942,0.2840427450057472,scr2010,avaConv,runOfRiver
AT,h5943,0.2840427450057472,scr2010,avaConv,runOfRiver
AT,h5944,0.2840427450057472,scr2010,avaConv,runOfRiver
AT,h5945,0.2840427450057472,scr2010,avaConv,runOfRiver
AT,h5946,0.2840427450057472,scr2010,avaConv,runOfRiver
AT,h5947,0.2840427450057472,scr2010,avaConv,runOfRiver
AT,h5948,0.2840427450057472,scr2010,avaConv,runOfRiver
AT,h5949,0.2840427450057472,scr2010,avaConv,runOfRiver
AT,h5950,0.2840427450057472,scr2010,avaConv,runOfRiver
AT,h5951,0.2840427450057472,scr2010,avaConv,runOfRiver
AT,h5952,0.2840427450057472,scr2010,avaConv,runOfRiver
AT,h5953,0.28331702626596544,scr2010,avaConv,runOfRiver
AT,h5954,0.2825913077120852,scr2010,avaConv,runOfRiver
AT,h5955,0.28186558934458367,scr2010,avaConv,runOfRiver
AT,h5956,0.28186558934458367,scr2010,avaConv,runOfRiver
AT,h5957,0.28186558934458367,scr2010,avaConv,runOfRiver
AT,h5958,0.28186558934458367,scr2010,avaConv,runOfRiver
AT,h5959,0.28186558934458367,scr2010,avaConv,runOfRiver
AT,h5960,0.28186558934458367,scr2010,avaConv,runOfRiver
AT,h5961,0.28186558934458367,scr2010,avaConv,runOfRiver
AT,h5962,0.28186558934458367,scr2010,avaConv,runOfRiver
AT,h5963,0.28186558934458367,scr2010,avaConv,runOfRiver
AT,h5964,0.28186558934458367,scr2010,avaConv,runOfRiver
AT,h5965,0.28186558934458367,scr2010,avaConv,runOfRiver
AT,h5966,0.28186558934458367,scr2010,avaConv,runOfRiver
AT,h5967,0.28186558934458367,scr2010,avaConv,runOfRiver
AT,h5968,0.28186558934458367,scr2010,avaConv,runOfRiver
AT,h5969,0.28186558934458367,scr2010,avaConv,runOfRiver
AT,h5970,0.28186558934458367,scr2010,avaConv,runOfRiver
AT,h5971,0.28186558934458367,scr2010,avaConv,runOfRiver
AT,h5972,0.28186558934458367,scr2010,avaConv,runOfRiver
AT,h5973,0.28186558934458367,scr2010,avaConv,runOfRiver
AT,h5974,0.28186558934458367,scr2010,avaConv,runOfRiver
AT,h5975,0.28186558934458367,scr2010,avaConv,runOfRiver
AT,h5976,0.28186558934458367,scr2010,avaConv,runOfRiver
AT,h5977,0.2802458151644225,scr2010,avaConv,runOfRiver
AT,h5978,0.2786260419205095,scr2010,avaConv,runOfRiver
AT,h5979,0.2770062696182871,scr2010,avaConv,runOfRiver
AT,h5980,0.2770062696182871,scr2010,avaConv,runOfRiver
AT,h5981,0.2770062696182871,scr2010,avaConv,runOfRiver
AT,h5982,0.2770062696182871,scr2010,avaConv,runOfRiver
AT,h5983,0.2770062696182871,scr2010,avaConv,runOfRiver
AT,h5984,0.2770062696182871,scr2010,avaConv,runOfRiver
AT,h5985,0.2770062696182871,scr2010,avaConv,runOfRiver
AT,h5986,0.2770062696182871,scr2010,avaConv,runOfRiver
AT,h5987,0.2770062696182871,scr2010,avaConv,runOfRiver
AT,h5988,0.2770062696182871,scr2010,avaConv,runOfRiver
AT,h5989,0.2770062696182871,scr2010,avaConv,runOfRiver
AT,h5990,0.2770062696182871,scr2010,avaConv,runOfRiver
AT,h5991,0.2770062696182871,scr2010,avaConv,runOfRiver
AT,h5992,0.2770062696182871,scr2010,avaConv,runOfRiver
AT,h5993,0.2770062696182871,scr2010,avaConv,runOfRiver
AT,h5994,0.2770062696182871,scr2010,avaConv,runOfRiver
AT,h5995,0.2770062696182871,scr2010,avaConv,runOfRiver
AT,h5996,0.2770062696182871,scr2010,avaConv,runOfRiver
AT,h5997,0.2770062696182871,scr2010,avaConv,runOfRiver
AT,h5998,0.2770062696182871,scr2010,avaConv,runOfRiver
AT,h5999,0.2770062696182871,scr2010,avaConv,runOfRiver
AT,h6000,0.2770062696182871,scr2010,avaConv,runOfRiver
AT,h6001,0.2753908968197197,scr2010,avaConv,runOfRiver
AT,h6002,0.27377552496873736,scr2010,avaConv,runOfRiver
AT,h6003,0.2721601540709312,scr2010,avaConv,runOfRiver
AT,h6004,0.2721601540709312,scr2010,avaConv,runOfRiver
AT,h6005,0.2721601540709312,scr2010,avaConv,runOfRiver
AT,h6006,0.2721601540709312,scr2010,avaConv,runOfRiver
AT,h6007,0.2721601540709312,scr2010,avaConv,runOfRiver
AT,h6008,0.2721601540709312,scr2010,avaConv,runOfRiver
AT,h6009,0.2721601540709312,scr2010,avaConv,runOfRiver
AT,h6010,0.2721601540709312,scr2010,avaConv,runOfRiver
AT,h6011,0.2721601540709312,scr2010,avaConv,runOfRiver
AT,h6012,0.2721601540709312,scr2010,avaConv,runOfRiver
AT,h6013,0.2721601540709312,scr2010,avaConv,runOfRiver
AT,h6014,0.2721601540709312,scr2010,avaConv,runOfRiver
AT,h6015,0.2721601540709312,scr2010,avaConv,runOfRiver
AT,h6016,0.2721601540709312,scr2010,avaConv,runOfRiver
AT,h6017,0.2721601540709312,scr2010,avaConv,runOfRiver
AT,h6018,0.2721601540709312,scr2010,avaConv,runOfRiver
AT,h6019,0.2721601540709312,scr2010,avaConv,runOfRiver
AT,h6020,0.2721601540709312,scr2010,avaConv,runOfRiver
AT,h6021,0.2721601540709312,scr2010,avaConv,runOfRiver
AT,h6022,0.2721601540709312,scr2010,avaConv,runOfRiver
AT,h6023,0.2721601540709312,scr2010,avaConv,runOfRiver
AT,h6024,0.2721601540709312,scr2010,avaConv,runOfRiver
AT,h6025,0.26988079045706226,scr2010,avaConv,runOfRiver
AT,h6026,0.26760142876841797,scr2010,avaConv,runOfRiver
AT,h6027,0.26532206902139666,scr2010,avaConv,runOfRiver
AT,h6028,0.26532206902139666,scr2010,avaConv,runOfRiver
AT,h6029,0.26532206902139666,scr2010,avaConv,runOfRiver
AT,h6030,0.26532206902139666,scr2010,avaConv,runOfRiver
AT,h6031,0.26532206902139666,scr2010,avaConv,runOfRiver
AT,h6032,0.26532206902139666,scr2010,avaConv,runOfRiver
AT,h6033,0.26532206902139666,scr2010,avaConv,runOfRiver
AT,h6034,0.26532206902139666,scr2010,avaConv,runOfRiver
AT,h6035,0.26532206902139666,scr2010,avaConv,runOfRiver
AT,h6036,0.26532206902139666,scr2010,avaConv,runOfRiver
AT,h6037,0.26532206902139666,scr2010,avaConv,runOfRiver
AT,h6038,0.26532206902139666,scr2010,avaConv,runOfRiver
AT,h6039,0.26532206902139666,scr2010,avaConv,runOfRiver
AT,h6040,0.26532206902139666,scr2010,avaConv,runOfRiver
AT,h6041,0.26532206902139666,scr2010,avaConv,runOfRiver
AT,h6042,0.26532206902139666,scr2010,avaConv,runOfRiver
AT,h6043,0.26532206902139666,scr2010,avaConv,runOfRiver
AT,h6044,0.26532206902139666,scr2010,avaConv,runOfRiver
AT,h6045,0.26532206902139666,scr2010,avaConv,runOfRiver
AT,h6046,0.26532206902139666,scr2010,avaConv,runOfRiver
AT,h6047,0.26532206902139666,scr2010,avaConv,runOfRiver
AT,h6048,0.26532206902139666,scr2010,avaConv,runOfRiver
AT,h6049,0.2635626028957644,scr2010,avaConv,runOfRiver
AT,h6050,0.2618031379447698,scr2010,avaConv,runOfRiver
AT,h6051,0.2600436741763067,scr2010,avaConv,runOfRiver
AT,h6052,0.2600436741763067,scr2010,avaConv,runOfRiver
AT,h6053,0.2600436741763067,scr2010,avaConv,runOfRiver
AT,h6054,0.2600436741763067,scr2010,avaConv,runOfRiver
AT,h6055,0.2600436741763067,scr2010,avaConv,runOfRiver
AT,h6056,0.2600436741763067,scr2010,avaConv,runOfRiver
AT,h6057,0.2600436741763067,scr2010,avaConv,runOfRiver
AT,h6058,0.2600436741763067,scr2010,avaConv,runOfRiver
AT,h6059,0.2600436741763067,scr2010,avaConv,runOfRiver
AT,h6060,0.2600436741763067,scr2010,avaConv,runOfRiver
AT,h6061,0.2600436741763067,scr2010,avaConv,runOfRiver
AT,h6062,0.2600436741763067,scr2010,avaConv,runOfRiver
AT,h6063,0.2600436741763067,scr2010,avaConv,runOfRiver
AT,h6064,0.2600436741763067,scr2010,avaConv,runOfRiver
AT,h6065,0.2600436741763067,scr2010,avaConv,runOfRiver
AT,h6066,0.2600436741763067,scr2010,avaConv,runOfRiver
AT,h6067,0.2600436741763067,scr2010,avaConv,runOfRiver
AT,h6068,0.2600436741763067,scr2010,avaConv,runOfRiver
AT,h6069,0.2600436741763067,scr2010,avaConv,runOfRiver
AT,h6070,0.2600436741763067,scr2010,avaConv,runOfRiver
AT,h6071,0.2600436741763067,scr2010,avaConv,runOfRiver
AT,h6072,0.2600436741763067,scr2010,avaConv,runOfRiver
AT,h6073,0.259878105817862,scr2010,avaConv,runOfRiver
AT,h6074,0.2597125374699664,scr2010,avaConv,runOfRiver
AT,h6075,0.25954696913262637,scr2010,avaConv,runOfRiver
AT,h6076,0.25954696913262637,scr2010,avaConv,runOfRiver
AT,h6077,0.25954696913262637,scr2010,avaConv,runOfRiver
AT,h6078,0.25954696913262637,scr2010,avaConv,runOfRiver
AT,h6079,0.25954696913262637,scr2010,avaConv,runOfRiver
AT,h6080,0.25954696913262637,scr2010,avaConv,runOfRiver
AT,h6081,0.25954696913262637,scr2010,avaConv,runOfRiver
AT,h6082,0.25954696913262637,scr2010,avaConv,runOfRiver
AT,h6083,0.25954696913262637,scr2010,avaConv,runOfRiver
AT,h6084,0.25954696913262637,scr2010,avaConv,runOfRiver
AT,h6085,0.25954696913262637,scr2010,avaConv,runOfRiver
AT,h6086,0.25954696913262637,scr2010,avaConv,runOfRiver
AT,h6087,0.25954696913262637,scr2010,avaConv,runOfRiver
AT,h6088,0.25954696913262637,scr2010,avaConv,runOfRiver
AT,h6089,0.25954696913262637,scr2010,avaConv,runOfRiver
AT,h6090,0.25954696913262637,scr2010,avaConv,runOfRiver
AT,h6091,0.25954696913262637,scr2010,avaConv,runOfRiver
AT,h6092,0.25954696913262637,scr2010,avaConv,runOfRiver
AT,h6093,0.25954696913262637,scr2010,avaConv,runOfRiver
AT,h6094,0.25954696913262637,scr2010,avaConv,runOfRiver
AT,h6095,0.25954696913262637,scr2010,avaConv,runOfRiver
AT,h6096,0.25954696913262637,scr2010,avaConv,runOfRiver
AT,h6097,0.25862673999848845,scr2010,avaConv,runOfRiver
AT,h6098,0.25770651119179944,scr2010,avaConv,runOfRiver
AT,h6099,0.2567862827137285,scr2010,avaConv,runOfRiver
AT,h6100,0.2567862827137285,scr2010,avaConv,runOfRiver
AT,h6101,0.2567862827137285,scr2010,avaConv,runOfRiver
AT,h6102,0.2567862827137285,scr2010,avaConv,runOfRiver
AT,h6103,0.2567862827137285,scr2010,avaConv,runOfRiver
AT,h6104,0.2567862827137285,scr2010,avaConv,runOfRiver
AT,h6105,0.2567862827137285,scr2010,avaConv,runOfRiver
AT,h6106,0.2567862827137285,scr2010,avaConv,runOfRiver
AT,h6107,0.2567862827137285,scr2010,avaConv,runOfRiver
AT,h6108,0.2567862827137285,scr2010,avaConv,runOfRiver
AT,h6109,0.2567862827137285,scr2010,avaConv,runOfRiver
AT,h6110,0.2567862827137285,scr2010,avaConv,runOfRiver
AT,h6111,0.2567862827137285,scr2010,avaConv,runOfRiver
AT,h6112,0.2567862827137285,scr2010,avaConv,runOfRiver
AT,h6113,0.2567862827137285,scr2010,avaConv,runOfRiver
AT,h6114,0.2567862827137285,scr2010,avaConv,runOfRiver
AT,h6115,0.2567862827137285,scr2010,avaConv,runOfRiver
AT,h6116,0.2567862827137285,scr2010,avaConv,runOfRiver
AT,h6117,0.2567862827137285,scr2010,avaConv,runOfRiver
AT,h6118,0.2567862827137285,scr2010,avaConv,runOfRiver
AT,h6119,0.2567862827137285,scr2010,avaConv,runOfRiver
AT,h6120,0.2567862827137285,scr2010,avaConv,runOfRiver
AT,h6121,0.2575190372224672,scr2010,avaConv,runOfRiver
AT,h6122,0.2582517919397188,scr2010,avaConv,runOfRiver
AT,h6123,0.25898454686489164,scr2010,avaConv,runOfRiver
AT,h6124,0.25898454686489164,scr2010,avaConv,runOfRiver
AT,h6125,0.25898454686489164,scr2010,avaConv,runOfRiver
AT,h6126,0.25898454686489164,scr2010,avaConv,runOfRiver
AT,h6127,0.25898454686489164,scr2010,avaConv,runOfRiver
AT,h6128,0.25898454686489164,scr2010,avaConv,runOfRiver
AT,h6129,0.25898454686489164,scr2010,avaConv,runOfRiver
AT,h6130,0.25898454686489164,scr2010,avaConv,runOfRiver
AT,h6131,0.25898454686489164,scr2010,avaConv,runOfRiver
AT,h6132,0.25898454686489164,scr2010,avaConv,runOfRiver
AT,h6133,0.25898454686489164,scr2010,avaConv,runOfRiver
AT,h6134,0.25898454686489164,scr2010,avaConv,runOfRiver
AT,h6135,0.25898454686489164,scr2010,avaConv,runOfRiver
AT,h6136,0.25898454686489164,scr2010,avaConv,runOfRiver
AT,h6137,0.25898454686489164,scr2010,avaConv,runOfRiver
AT,h6138,0.25898454686489164,scr2010,avaConv,runOfRiver
AT,h6139,0.25898454686489164,scr2010,avaConv,runOfRiver
AT,h6140,0.25898454686489164,scr2010,avaConv,runOfRiver
AT,h6141,0.25898454686489164,scr2010,avaConv,runOfRiver
AT,h6142,0.25898454686489164,scr2010,avaConv,runOfRiver
AT,h6143,0.25898454686489164,scr2010,avaConv,runOfRiver
AT,h6144,0.25898454686489164,scr2010,avaConv,runOfRiver
AT,h6145,0.25870444090185357,scr2010,avaConv,runOfRiver
AT,h6146,0.258424334969145,scr2010,avaConv,runOfRiver
AT,h6147,0.2581442290667989,scr2010,avaConv,runOfRiver
AT,h6148,0.2581442290667989,scr2010,avaConv,runOfRiver
AT,h6149,0.2581442290667989,scr2010,avaConv,runOfRiver
AT,h6150,0.2581442290667989,scr2010,avaConv,runOfRiver
AT,h6151,0.2581442290667989,scr2010,avaConv,runOfRiver
AT,h6152,0.2581442290667989,scr2010,avaConv,runOfRiver
AT,h6153,0.2581442290667989,scr2010,avaConv,runOfRiver
AT,h6154,0.2581442290667989,scr2010,avaConv,runOfRiver
AT,h6155,0.2581442290667989,scr2010,avaConv,runOfRiver
AT,h6156,0.2581442290667989,scr2010,avaConv,runOfRiver
AT,h6157,0.2581442290667989,scr2010,avaConv,runOfRiver
AT,h6158,0.2581442290667989,scr2010,avaConv,runOfRiver
AT,h6159,0.2581442290667989,scr2010,avaConv,runOfRiver
AT,h6160,0.2581442290667989,scr2010,avaConv,runOfRiver
AT,h6161,0.2581442290667989,scr2010,avaConv,runOfRiver
AT,h6162,0.2581442290667989,scr2010,avaConv,runOfRiver
AT,h6163,0.2581442290667989,scr2010,avaConv,runOfRiver
AT,h6164,0.2581442290667989,scr2010,avaConv,runOfRiver
AT,h6165,0.2581442290667989,scr2010,avaConv,runOfRiver
AT,h6166,0.2581442290667989,scr2010,avaConv,runOfRiver
AT,h6167,0.2581442290667989,scr2010,avaConv,runOfRiver
AT,h6168,0.2581442290667989,scr2010,avaConv,runOfRiver
AT,h6169,0.25690522723682463,scr2010,avaConv,runOfRiver
AT,h6170,0.2556662260044318,scr2010,avaConv,runOfRiver
AT,h6171,0.2544272253725162,scr2010,avaConv,runOfRiver
AT,h6172,0.2544272253725162,scr2010,avaConv,runOfRiver
AT,h6173,0.2544272253725162,scr2010,avaConv,runOfRiver
AT,h6174,0.2544272253725162,scr2010,avaConv,runOfRiver
AT,h6175,0.2544272253725162,scr2010,avaConv,runOfRiver
AT,h6176,0.2544272253725162,scr2010,avaConv,runOfRiver
AT,h6177,0.2544272253725162,scr2010,avaConv,runOfRiver
AT,h6178,0.2544272253725162,scr2010,avaConv,runOfRiver
AT,h6179,0.2544272253725162,scr2010,avaConv,runOfRiver
AT,h6180,0.2544272253725162,scr2010,avaConv,runOfRiver
AT,h6181,0.2544272253725162,scr2010,avaConv,runOfRiver
AT,h6182,0.2544272253725162,scr2010,avaConv,runOfRiver
AT,h6183,0.2544272253725162,scr2010,avaConv,runOfRiver
AT,h6184,0.2544272253725162,scr2010,avaConv,runOfRiver
AT,h6185,0.2544272253725162,scr2010,avaConv,runOfRiver
AT,h6186,0.2544272253725162,scr2010,avaConv,runOfRiver
AT,h6187,0.2544272253725162,scr2010,avaConv,runOfRiver
AT,h6188,0.2544272253725162,scr2010,avaConv,runOfRiver
AT,h6189,0.2544272253725162,scr2010,avaConv,runOfRiver
AT,h6190,0.2544272253725162,scr2010,avaConv,runOfRiver
AT,h6191,0.2544272253725162,scr2010,avaConv,runOfRiver
AT,h6192,0.2544272253725162,scr2010,avaConv,runOfRiver
AT,h6193,0.2544477013125445,scr2010,avaConv,runOfRiver
AT,h6194,0.2544681772527375,scr2010,avaConv,runOfRiver
AT,h6195,0.25448865319309544,scr2010,avaConv,runOfRiver
AT,h6196,0.25448865319309544,scr2010,avaConv,runOfRiver
AT,h6197,0.25448865319309544,scr2010,avaConv,runOfRiver
AT,h6198,0.25448865319309544,scr2010,avaConv,runOfRiver
AT,h6199,0.25448865319309544,scr2010,avaConv,runOfRiver
AT,h6200,0.25448865319309544,scr2010,avaConv,runOfRiver
AT,h6201,0.25448865319309544,scr2010,avaConv,runOfRiver
AT,h6202,0.25448865319309544,scr2010,avaConv,runOfRiver
AT,h6203,0.25448865319309544,scr2010,avaConv,runOfRiver
AT,h6204,0.25448865319309544,scr2010,avaConv,runOfRiver
AT,h6205,0.25448865319309544,scr2010,avaConv,runOfRiver
AT,h6206,0.25448865319309544,scr2010,avaConv,runOfRiver
AT,h6207,0.25448865319309544,scr2010,avaConv,runOfRiver
AT,h6208,0.25448865319309544,scr2010,avaConv,runOfRiver
AT,h6209,0.25448865319309544,scr2010,avaConv,runOfRiver
AT,h6210,0.25448865319309544,scr2010,avaConv,runOfRiver
AT,h6211,0.25448865319309544,scr2010,avaConv,runOfRiver
AT,h6212,0.25448865319309544,scr2010,avaConv,runOfRiver
AT,h6213,0.25448865319309544,scr2010,avaConv,runOfRiver
AT,h6214,0.25448865319309544,scr2010,avaConv,runOfRiver
AT,h6215,0.25448865319309544,scr2010,avaConv,runOfRiver
AT,h6216,0.25448865319309544,scr2010,avaConv,runOfRiver
AT,h6217,0.2550147421396188,scr2010,avaConv,runOfRiver
AT,h6218,0.25554083119467946,scr2010,avaConv,runOfRiver
AT,h6219,0.2560669203580538,scr2010,avaConv,runOfRiver
AT,h6220,0.2560669203580538,scr2010,avaConv,runOfRiver
AT,h6221,0.2560669203580538,scr2010,avaConv,runOfRiver
AT,h6222,0.2560669203580538,scr2010,avaConv,runOfRiver
AT,h6223,0.2560669203580538,scr2010,avaConv,runOfRiver
AT,h6224,0.2560669203580538,scr2010,avaConv,runOfRiver
AT,h6225,0.2560669203580538,scr2010,avaConv,runOfRiver
AT,h6226,0.2560669203580538,scr2010,avaConv,runOfRiver
AT,h6227,0.2560669203580538,scr2010,avaConv,runOfRiver
AT,h6228,0.2560669203580538,scr2010,avaConv,runOfRiver
AT,h6229,0.2560669203580538,scr2010,avaConv,runOfRiver
AT,h6230,0.2560669203580538,scr2010,avaConv,runOfRiver
AT,h6231,0.2560669203580538,scr2010,avaConv,runOfRiver
AT,h6232,0.2560669203580538,scr2010,avaConv,runOfRiver
AT,h6233,0.2560669203580538,scr2010,avaConv,runOfRiver
AT,h6234,0.2560669203580538,scr2010,avaConv,runOfRiver
AT,h6235,0.2560669203580538,scr2010,avaConv,runOfRiver
AT,h6236,0.2560669203580538,scr2010,avaConv,runOfRiver
AT,h6237,0.2560669203580538,scr2010,avaConv,runOfRiver
AT,h6238,0.2560669203580538,scr2010,avaConv,runOfRiver
AT,h6239,0.2560669203580538,scr2010,avaConv,runOfRiver
AT,h6240,0.2560669203580538,scr2010,avaConv,runOfRiver
AT,h6241,0.25741503920512604,scr2010,avaConv,runOfRiver
AT,h6242,0.2587631587582708,scr2010,avaConv,runOfRiver
AT,h6243,0.26011127901380926,scr2010,avaConv,runOfRiver
AT,h6244,0.26011127901380926,scr2010,avaConv,runOfRiver
AT,h6245,0.26011127901380926,scr2010,avaConv,runOfRiver
AT,h6246,0.26011127901380926,scr2010,avaConv,runOfRiver
AT,h6247,0.26011127901380926,scr2010,avaConv,runOfRiver
AT,h6248,0.26011127901380926,scr2010,avaConv,runOfRiver
AT,h6249,0.26011127901380926,scr2010,avaConv,runOfRiver
AT,h6250,0.26011127901380926,scr2010,avaConv,runOfRiver
AT,h6251,0.26011127901380926,scr2010,avaConv,runOfRiver
AT,h6252,0.26011127901380926,scr2010,avaConv,runOfRiver
AT,h6253,0.26011127901380926,scr2010,avaConv,runOfRiver
AT,h6254,0.26011127901380926,scr2010,avaConv,runOfRiver
AT,h6255,0.26011127901380926,scr2010,avaConv,runOfRiver
AT,h6256,0.26011127901380926,scr2010,avaConv,runOfRiver
AT,h6257,0.26011127901380926,scr2010,avaConv,runOfRiver
AT,h6258,0.26011127901380926,scr2010,avaConv,runOfRiver
AT,h6259,0.26011127901380926,scr2010,avaConv,runOfRiver
AT,h6260,0.26011127901380926,scr2010,avaConv,runOfRiver
AT,h6261,0.26011127901380926,scr2010,avaConv,runOfRiver
AT,h6262,0.26011127901380926,scr2010,avaConv,runOfRiver
AT,h6263,0.26011127901380926,scr2010,avaConv,runOfRiver
AT,h6264,0.26011127901380926,scr2010,avaConv,runOfRiver
AT,h6265,0.2625650589586881,scr2010,avaConv,runOfRiver
AT,h6266,0.26501884119688446,scr2010,avaConv,runOfRiver
AT,h6267,0.26747262570716535,scr2010,avaConv,runOfRiver
AT,h6268,0.26747262570716535,scr2010,avaConv,runOfRiver
AT,h6269,0.26747262570716535,scr2010,avaConv,runOfRiver
AT,h6270,0.26747262570716535,scr2010,avaConv,runOfRiver
AT,h6271,0.26747262570716535,scr2010,avaConv,runOfRiver
AT,h6272,0.26747262570716535,scr2010,avaConv,runOfRiver
AT,h6273,0.26747262570716535,scr2010,avaConv,runOfRiver
AT,h6274,0.26747262570716535,scr2010,avaConv,runOfRiver
AT,h6275,0.26747262570716535,scr2010,avaConv,runOfRiver
AT,h6276,0.26747262570716535,scr2010,avaConv,runOfRiver
AT,h6277,0.26747262570716535,scr2010,avaConv,runOfRiver
AT,h6278,0.26747262570716535,scr2010,avaConv,runOfRiver
AT,h6279,0.26747262570716535,scr2010,avaConv,runOfRiver
AT,h6280,0.26747262570716535,scr2010,avaConv,runOfRiver
AT,h6281,0.26747262570716535,scr2010,avaConv,runOfRiver
AT,h6282,0.26747262570716535,scr2010,avaConv,runOfRiver
AT,h6283,0.26747262570716535,scr2010,avaConv,runOfRiver
AT,h6284,0.26747262570716535,scr2010,avaConv,runOfRiver
AT,h6285,0.26747262570716535,scr2010,avaConv,runOfRiver
AT,h6286,0.26747262570716535,scr2010,avaConv,runOfRiver
AT,h6287,0.26747262570716535,scr2010,avaConv,runOfRiver
AT,h6288,0.26747262570716535,scr2010,avaConv,runOfRiver
AT,h6289,0.2701217612860098,scr2010,avaConv,runOfRiver
AT,h6290,0.2727708994630838,scr2010,avaConv,runOfRiver
AT,h6291,0.275420040213154,scr2010,avaConv,runOfRiver
AT,h6292,0.275420040213154,scr2010,avaConv,runOfRiver
AT,h6293,0.275420040213154,scr2010,avaConv,runOfRiver
AT,h6294,0.275420040213154,scr2010,avaConv,runOfRiver
AT,h6295,0.275420040213154,scr2010,avaConv,runOfRiver
AT,h6296,0.275420040213154,scr2010,avaConv,runOfRiver
AT,h6297,0.275420040213154,scr2010,avaConv,runOfRiver
AT,h6298,0.275420040213154,scr2010,avaConv,runOfRiver
AT,h6299,0.275420040213154,scr2010,avaConv,runOfRiver
AT,h6300,0.275420040213154,scr2010,avaConv,runOfRiver
AT,h6301,0.275420040213154,scr2010,avaConv,runOfRiver
AT,h6302,0.275420040213154,scr2010,avaConv,runOfRiver
AT,h6303,0.275420040213154,scr2010,avaConv,runOfRiver
AT,h6304,0.275420040213154,scr2010,avaConv,runOfRiver
AT,h6305,0.275420040213154,scr2010,avaConv,runOfRiver
AT,h6306,0.275420040213154,scr2010,avaConv,runOfRiver
AT,h6307,0.275420040213154,scr2010,avaConv,runOfRiver
AT,h6308,0.275420040213154,scr2010,avaConv,runOfRiver
AT,h6309,0.275420040213154,scr2010,avaConv,runOfRiver
AT,h6310,0.275420040213154,scr2010,avaConv,runOfRiver
AT,h6311,0.275420040213154,scr2010,avaConv,runOfRiver
AT,h6312,0.275420040213154,scr2010,avaConv,runOfRiver
AT,h6313,0.27656884784335556,scr2010,avaConv,runOfRiver
AT,h6314,0.2777176559507705,scr2010,avaConv,runOfRiver
AT,h6315,0.27886646453342484,scr2010,avaConv,runOfRiver
AT,h6316,0.27886646453342484,scr2010,avaConv,runOfRiver
AT,h6317,0.27886646453342484,scr2010,avaConv,runOfRiver
AT,h6318,0.27886646453342484,scr2010,avaConv,runOfRiver
AT,h6319,0.27886646453342484,scr2010,avaConv,runOfRiver
AT,h6320,0.27886646453342484,scr2010,avaConv,runOfRiver
AT,h6321,0.27886646453342484,scr2010,avaConv,runOfRiver
AT,h6322,0.27886646453342484,scr2010,avaConv,runOfRiver
AT,h6323,0.27886646453342484,scr2010,avaConv,runOfRiver
AT,h6324,0.27886646453342484,scr2010,avaConv,runOfRiver
AT,h6325,0.27886646453342484,scr2010,avaConv,runOfRiver
AT,h6326,0.27886646453342484,scr2010,avaConv,runOfRiver
AT,h6327,0.27886646453342484,scr2010,avaConv,runOfRiver
AT,h6328,0.27886646453342484,scr2010,avaConv,runOfRiver
AT,h6329,0.27886646453342484,scr2010,avaConv,runOfRiver
AT,h6330,0.27886646453342484,scr2010,avaConv,runOfRiver
AT,h6331,0.27886646453342484,scr2010,avaConv,runOfRiver
AT,h6332,0.27886646453342484,scr2010,avaConv,runOfRiver
AT,h6333,0.27886646453342484,scr2010,avaConv,runOfRiver
AT,h6334,0.27886646453342484,scr2010,avaConv,runOfRiver
AT,h6335,0.27886646453342484,scr2010,avaConv,runOfRiver
AT,h6336,0.27886646453342484,scr2010,avaConv,runOfRiver
AT,h6337,0.2795098151452857,scr2010,avaConv,runOfRiver
AT,h6338,0.2801531659052339,scr2010,avaConv,runOfRiver
AT,h6339,0.2807965168129294,scr2010,avaConv,runOfRiver
AT,h6340,0.2807965168129294,scr2010,avaConv,runOfRiver
AT,h6341,0.2807965168129294,scr2010,avaConv,runOfRiver
AT,h6342,0.2807965168129294,scr2010,avaConv,runOfRiver
AT,h6343,0.2807965168129294,scr2010,avaConv,runOfRiver
AT,h6344,0.2807965168129294,scr2010,avaConv,runOfRiver
AT,h6345,0.2807965168129294,scr2010,avaConv,runOfRiver
AT,h6346,0.2807965168129294,scr2010,avaConv,runOfRiver
AT,h6347,0.2807965168129294,scr2010,avaConv,runOfRiver
AT,h6348,0.2807965168129294,scr2010,avaConv,runOfRiver
AT,h6349,0.2807965168129294,scr2010,avaConv,runOfRiver
AT,h6350,0.2807965168129294,scr2010,avaConv,runOfRiver
AT,h6351,0.2807965168129294,scr2010,avaConv,runOfRiver
AT,h6352,0.2807965168129294,scr2010,avaConv,runOfRiver
AT,h6353,0.2807965168129294,scr2010,avaConv,runOfRiver
AT,h6354,0.2807965168129294,scr2010,avaConv,runOfRiver
AT,h6355,0.2807965168129294,scr2010,avaConv,runOfRiver
AT,h6356,0.2807965168129294,scr2010,avaConv,runOfRiver
AT,h6357,0.2807965168129294,scr2010,avaConv,runOfRiver
AT,h6358,0.2807965168129294,scr2010,avaConv,runOfRiver
AT,h6359,0.2807965168129294,scr2010,avaConv,runOfRiver
AT,h6360,0.2807965168129294,scr2010,avaConv,runOfRiver
AT,h6361,0.28054749436805126,scr2010,avaConv,runOfRiver
AT,h6362,0.28029847194527824,scr2010,avaConv,runOfRiver
AT,h6363,0.2800494495446297,scr2010,avaConv,runOfRiver
AT,h6364,0.2800494495446297,scr2010,avaConv,runOfRiver
AT,h6365,0.2800494495446297,scr2010,avaConv,runOfRiver
AT,h6366,0.2800494495446297,scr2010,avaConv,runOfRiver
AT,h6367,0.2800494495446297,scr2010,avaConv,runOfRiver
AT,h6368,0.2800494495446297,scr2010,avaConv,runOfRiver
AT,h6369,0.2800494495446297,scr2010,avaConv,runOfRiver
AT,h6370,0.2800494495446297,scr2010,avaConv,runOfRiver
AT,h6371,0.2800494495446297,scr2010,avaConv,runOfRiver
AT,h6372,0.2800494495446297,scr2010,avaConv,runOfRiver
AT,h6373,0.2800494495446297,scr2010,avaConv,runOfRiver
AT,h6374,0.2800494495446297,scr2010,avaConv,runOfRiver
AT,h6375,0.2800494495446297,scr2010,avaConv,runOfRiver
AT,h6376,0.2800494495446297,scr2010,avaConv,runOfRiver
AT,h6377,0.2800494495446297,scr2010,avaConv,runOfRiver
AT,h6378,0.2800494495446297,scr2010,avaConv,runOfRiver
AT,h6379,0.2800494495446297,scr2010,avaConv,runOfRiver
AT,h6380,0.2800494495446297,scr2010,avaConv,runOfRiver
AT,h6381,0.2800494495446297,scr2010,avaConv,runOfRiver
AT,h6382,0.2800494495446297,scr2010,avaConv,runOfRiver
AT,h6383,0.2800494495446297,scr2010,avaConv,runOfRiver
AT,h6384,0.2800494495446297,scr2010,avaConv,runOfRiver
AT,h6385,0.27872853169835254,scr2010,avaConv,runOfRiver
AT,h6386,0.27740761447809925,scr2010,avaConv,runOfRiver
AT,h6387,0.27608669788685075,scr2010,avaConv,runOfRiver
AT,h6388,0.27608669788685075,scr2010,avaConv,runOfRiver
AT,h6389,0.27608669788685075,scr2010,avaConv,runOfRiver
AT,h6390,0.27608669788685075,scr2010,avaConv,runOfRiver
AT,h6391,0.27608669788685075,scr2010,avaConv,runOfRiver
AT,h6392,0.27608669788685075,scr2010,avaConv,runOfRiver
AT,h6393,0.27608669788685075,scr2010,avaConv,runOfRiver
AT,h6394,0.27608669788685075,scr2010,avaConv,runOfRiver
AT,h6395,0.27608669788685075,scr2010,avaConv,runOfRiver
AT,h6396,0.27608669788685075,scr2010,avaConv,runOfRiver
AT,h6397,0.27608669788685075,scr2010,avaConv,runOfRiver
AT,h6398,0.27608669788685075,scr2010,avaConv,runOfRiver
AT,h6399,0.27608669788685075,scr2010,avaConv,runOfRiver
AT,h6400,0.27608669788685075,scr2010,avaConv,runOfRiver
AT,h6401,0.27608669788685075,scr2010,avaConv,runOfRiver
AT,h6402,0.27608669788685075,scr2010,avaConv,runOfRiver
AT,h6403,0.27608669788685075,scr2010,avaConv,runOfRiver
AT,h6404,0.27608669788685075,scr2010,avaConv,runOfRiver
AT,h6405,0.27608669788685075,scr2010,avaConv,runOfRiver
AT,h6406,0.27608669788685075,scr2010,avaConv,runOfRiver
AT,h6407,0.27608669788685075,scr2010,avaConv,runOfRiver
AT,h6408,0.27608669788685075,scr2010,avaConv,runOfRiver
AT,h6409,0.2764880139507928,scr2010,avaConv,runOfRiver
AT,h6410,0.27688933007298777,scr2010,avaConv,runOfRiver
AT,h6411,0.27729064625335104,scr2010,avaConv,runOfRiver
AT,h6412,0.27729064625335104,scr2010,avaConv,runOfRiver
AT,h6413,0.27729064625335104,scr2010,avaConv,runOfRiver
AT,h6414,0.27729064625335104,scr2010,avaConv,runOfRiver
AT,h6415,0.27729064625335104,scr2010,avaConv,runOfRiver
AT,h6416,0.27729064625335104,scr2010,avaConv,runOfRiver
AT,h6417,0.27729064625335104,scr2010,avaConv,runOfRiver
AT,h6418,0.27729064625335104,scr2010,avaConv,runOfRiver
AT,h6419,0.27729064625335104,scr2010,avaConv,runOfRiver
AT,h6420,0.27729064625335104,scr2010,avaConv,runOfRiver
AT,h6421,0.27729064625335104,scr2010,avaConv,runOfRiver
AT,h6422,0.27729064625335104,scr2010,avaConv,runOfRiver
AT,h6423,0.27729064625335104,scr2010,avaConv,runOfRiver
AT,h6424,0.27729064625335104,scr2010,avaConv,runOfRiver
AT,h6425,0.27729064625335104,scr2010,avaConv,runOfRiver
AT,h6426,0.27729064625335104,scr2010,avaConv,runOfRiver
AT,h6427,0.27729064625335104,scr2010,avaConv,runOfRiver
AT,h6428,0.27729064625335104,scr2010,avaConv,runOfRiver
AT,h6429,0.27729064625335104,scr2010,avaConv,runOfRiver
AT,h6430,0.27729064625335104,scr2010,avaConv,runOfRiver
AT,h6431,0.27729064625335104,scr2010,avaConv,runOfRiver
AT,h6432,0.27729064625335104,scr2010,avaConv,runOfRiver
AT,h6433,0.27717751577674965,scr2010,avaConv,runOfRiver
AT,h6434,0.27706438530476596,scr2010,avaConv,runOfRiver
AT,h6435,0.27695125483740185,scr2010,avaConv,runOfRiver
AT,h6436,0.27695125483740185,scr2010,avaConv,runOfRiver
AT,h6437,0.27695125483740185,scr2010,avaConv,runOfRiver
AT,h6438,0.27695125483740185,scr2010,avaConv,runOfRiver
AT,h6439,0.27695125483740185,scr2010,avaConv,runOfRiver
AT,h6440,0.27695125483740185,scr2010,avaConv,runOfRiver
AT,h6441,0.27695125483740185,scr2010,avaConv,runOfRiver
AT,h6442,0.27695125483740185,scr2010,avaConv,runOfRiver
AT,h6443,0.27695125483740185,scr2010,avaConv,runOfRiver
AT,h6444,0.27695125483740185,scr2010,avaConv,runOfRiver
AT,h6445,0.27695125483740185,scr2010,avaConv,runOfRiver
AT,h6446,0.27695125483740185,scr2010,avaConv,runOfRiver
AT,h6447,0.27695125483740185,scr2010,avaConv,runOfRiver
AT,h6448,0.27695125483740185,scr2010,avaConv,runOfRiver
AT,h6449,0.27695125483740185,scr2010,avaConv,runOfRiver
AT,h6450,0.27695125483740185,scr2010,avaConv,runOfRiver
AT,h6451,0.27695125483740185,scr2010,avaConv,runOfRiver
AT,h6452,0.27695125483740185,scr2010,avaConv,runOfRiver
AT,h6453,0.27695125483740185,scr2010,avaConv,runOfRiver
AT,h6454,0.27695125483740185,scr2010,avaConv,runOfRiver
AT,h6455,0.27695125483740185,scr2010,avaConv,runOfRiver
AT,h6456,0.27695125483740185,scr2010,avaConv,runOfRiver
AT,h6457,0.27644765635114565,scr2010,avaConv,runOfRiver
AT,h6458,0.27594405795663307,scr2010,avaConv,runOfRiver
AT,h6459,0.2754404596540316,scr2010,avaConv,runOfRiver
AT,h6460,0.2754404596540316,scr2010,avaConv,runOfRiver
AT,h6461,0.2754404596540316,scr2010,avaConv,runOfRiver
AT,h6462,0.2754404596540316,scr2010,avaConv,runOfRiver
AT,h6463,0.2754404596540316,scr2010,avaConv,runOfRiver
AT,h6464,0.2754404596540316,scr2010,avaConv,runOfRiver
AT,h6465,0.2754404596540316,scr2010,avaConv,runOfRiver
AT,h6466,0.2754404596540316,scr2010,avaConv,runOfRiver
AT,h6467,0.2754404596540316,scr2010,avaConv,runOfRiver
AT,h6468,0.2754404596540316,scr2010,avaConv,runOfRiver
AT,h6469,0.2754404596540316,scr2010,avaConv,runOfRiver
AT,h6470,0.2754404596540316,scr2010,avaConv,runOfRiver
AT,h6471,0.2754404596540316,scr2010,avaConv,runOfRiver
AT,h6472,0.2754404596540316,scr2010,avaConv,runOfRiver
AT,h6473,0.2754404596540316,scr2010,avaConv,runOfRiver
AT,h6474,0.2754404596540316,scr2010,avaConv,runOfRiver
AT,h6475,0.2754404596540316,scr2010,avaConv,runOfRiver
AT,h6476,0.2754404596540316,scr2010,avaConv,runOfRiver
AT,h6477,0.2754404596540316,scr2010,avaConv,runOfRiver
AT,h6478,0.2754404596540316,scr2010,avaConv,runOfRiver
AT,h6479,0.2754404596540316,scr2010,avaConv,runOfRiver
AT,h6480,0.2754404596540316,scr2010,avaConv,runOfRiver
AT,h6481,0.2755619327759725,scr2010,avaConv,runOfRiver
AT,h6482,0.2756834059032685,scr2010,avaConv,runOfRiver
AT,h6483,0.27580487903591716,scr2010,avaConv,runOfRiver
AT,h6484,0.27580487903591716,scr2010,avaConv,runOfRiver
AT,h6485,0.27580487903591716,scr2010,avaConv,runOfRiver
AT,h6486,0.27580487903591716,scr2010,avaConv,runOfRiver
AT,h6487,0.27580487903591716,scr2010,avaConv,runOfRiver
AT,h6488,0.27580487903591716,scr2010,avaConv,runOfRiver
AT,h6489,0.27580487903591716,scr2010,avaConv,runOfRiver
AT,h6490,0.27580487903591716,scr2010,avaConv,runOfRiver
AT,h6491,0.27580487903591716,scr2010,avaConv,runOfRiver
AT,h6492,0.27580487903591716,scr2010,avaConv,runOfRiver
AT,h6493,0.27580487903591716,scr2010,avaConv,runOfRiver
AT,h6494,0.27580487903591716,scr2010,avaConv,runOfRiver
AT,h6495,0.27580487903591716,scr2010,avaConv,runOfRiver
AT,h6496,0.27580487903591716,scr2010,avaConv,runOfRiver
AT,h6497,0.27580487903591716,scr2010,avaConv,runOfRiver
AT,h6498,0.27580487903591716,scr2010,avaConv,runOfRiver
AT,h6499,0.27580487903591716,scr2010,avaConv,runOfRiver
AT,h6500,0.27580487903591716,scr2010,avaConv,runOfRiver
AT,h6501,0.27580487903591716,scr2010,avaConv,runOfRiver
AT,h6502,0.27580487903591716,scr2010,avaConv,runOfRiver
AT,h6503,0.27580487903591716,scr2010,avaConv,runOfRiver
AT,h6504,0.27580487903591716,scr2010,avaConv,runOfRiver
AT,h6505,0.27645158178012125,scr2010,avaConv,runOfRiver
AT,h6506,0.2770982846756155,scr2010,avaConv,runOfRiver
AT,h6507,0.2777449877220468,scr2010,avaConv,runOfRiver
AT,h6508,0.2777449877220468,scr2010,avaConv,runOfRiver
AT,h6509,0.2777449877220468,scr2010,avaConv,runOfRiver
AT,h6510,0.2777449877220468,scr2010,avaConv,runOfRiver
AT,h6511,0.2777449877220468,scr2010,avaConv,runOfRiver
AT,h6512,0.2777449877220468,scr2010,avaConv,runOfRiver
AT,h6513,0.2777449877220468,scr2010,avaConv,runOfRiver
AT,h6514,0.2777449877220468,scr2010,avaConv,runOfRiver
AT,h6515,0.2777449877220468,scr2010,avaConv,runOfRiver
AT,h6516,0.2777449877220468,scr2010,avaConv,runOfRiver
AT,h6517,0.2777449877220468,scr2010,avaConv,runOfRiver
AT,h6518,0.2777449877220468,scr2010,avaConv,runOfRiver
AT,h6519,0.2777449877220468,scr2010,avaConv,runOfRiver
AT,h6520,0.2777449877220468,scr2010,avaConv,runOfRiver
AT,h6521,0.2777449877220468,scr2010,avaConv,runOfRiver
AT,h6522,0.2777449877220468,scr2010,avaConv,runOfRiver
AT,h6523,0.2777449877220468,scr2010,avaConv,runOfRiver
AT,h6524,0.2777449877220468,scr2010,avaConv,runOfRiver
AT,h6525,0.2777449877220468,scr2010,avaConv,runOfRiver
AT,h6526,0.2777449877220468,scr2010,avaConv,runOfRiver
AT,h6527,0.2777449877220468,scr2010,avaConv,runOfRiver
AT,h6528,0.2777449877220468,scr2010,avaConv,runOfRiver
AT,h6529,0.27908164115730616,scr2010,avaConv,runOfRiver
AT,h6530,0.28041829523278294,scr2010,avaConv,runOfRiver
AT,h6531,0.2817549499454255,scr2010,avaConv,runOfRiver
AT,h6532,0.2817549499454255,scr2010,avaConv,runOfRiver
AT,h6533,0.2817549499454255,scr2010,avaConv,runOfRiver
AT,h6534,0.2817549499454255,scr2010,avaConv,runOfRiver
AT,h6535,0.2817549499454255,scr2010,avaConv,runOfRiver
AT,h6536,0.2817549499454255,scr2010,avaConv,runOfRiver
AT,h6537,0.2817549499454255,scr2010,avaConv,runOfRiver
AT,h6538,0.2817549499454255,scr2010,avaConv,runOfRiver
AT,h6539,0.2817549499454255,scr2010,avaConv,runOfRiver
AT,h6540,0.2817549499454255,scr2010,avaConv,runOfRiver
AT,h6541,0.2817549499454255,scr2010,avaConv,runOfRiver
AT,h6542,0.2817549499454255,scr2010,avaConv,runOfRiver
AT,h6543,0.2817549499454255,scr2010,avaConv,runOfRiver
AT,h6544,0.2817549499454255,scr2010,avaConv,runOfRiver
AT,h6545,0.2817549499454255,scr2010,avaConv,runOfRiver
AT,h6546,0.2817549499454255,scr2010,avaConv,runOfRiver
AT,h6547,0.2817549499454255,scr2010,avaConv,runOfRiver
AT,h6548,0.2817549499454255,scr2010,avaConv,runOfRiver
AT,h6549,0.2817549499454255,scr2010,avaConv,runOfRiver
AT,h6550,0.2817549499454255,scr2010,avaConv,runOfRiver
AT,h6551,0.2817549499454255,scr2010,avaConv,runOfRiver
AT,h6552,0.2817549499454255,scr2010,avaConv,runOfRiver
AT,h6553,0.28261730658874384,scr2010,avaConv,runOfRiver
AT,h6554,0.28347966349520676,scr2010,avaConv,runOfRiver
AT,h6555,0.2843420206640137,scr2010,avaConv,runOfRiver
AT,h6556,0.2843420206640137,scr2010,avaConv,runOfRiver
AT,h6557,0.2843420206640137,scr2010,avaConv,runOfRiver
AT,h6558,0.2843420206640137,scr2010,avaConv,runOfRiver
AT,h6559,0.2843420206640137,scr2010,avaConv,runOfRiver
AT,h6560,0.2843420206640137,scr2010,avaConv,runOfRiver
AT,h6561,0.2843420206640137,scr2010,avaConv,runOfRiver
AT,h6562,0.2843420206640137,scr2010,avaConv,runOfRiver
AT,h6563,0.2843420206640137,scr2010,avaConv,runOfRiver
AT,h6564,0.2843420206640137,scr2010,avaConv,runOfRiver
AT,h6565,0.2843420206640137,scr2010,avaConv,runOfRiver
AT,h6566,0.2843420206640137,scr2010,avaConv,runOfRiver
AT,h6567,0.2843420206640137,scr2010,avaConv,runOfRiver
AT,h6568,0.2843420206640137,scr2010,avaConv,runOfRiver
AT,h6569,0.2843420206640137,scr2010,avaConv,runOfRiver
AT,h6570,0.2843420206640137,scr2010,avaConv,runOfRiver
AT,h6571,0.2843420206640137,scr2010,avaConv,runOfRiver
AT,h6572,0.2843420206640137,scr2010,avaConv,runOfRiver
AT,h6573,0.2843420206640137,scr2010,avaConv,runOfRiver
AT,h6574,0.2843420206640137,scr2010,avaConv,runOfRiver
AT,h6575,0.2843420206640137,scr2010,avaConv,runOfRiver
AT,h6576,0.2843420206640137,scr2010,avaConv,runOfRiver
CH,h4369,0.3604858537401845,scr2010,avaConv,runOfRiver
CH,h4370,0.36132691164339203,scr2010,avaConv,runOfRiver
CH,h4371,0.3621679697423693,scr2010,avaConv,runOfRiver
CH,h4372,0.3621679697423693,scr2010,avaConv,runOfRiver
CH,h4373,0.3621679697423693,scr2010,avaConv,runOfRiver
CH,h4374,0.3621679697423693,scr2010,avaConv,runOfRiver
CH,h4375,0.3621679697423693,scr2010,avaConv,runOfRiver
CH,h4376,0.3621679697423693,scr2010,avaConv,runOfRiver
CH,h4377,0.3621679697423693,scr2010,avaConv,runOfRiver
CH,h4378,0.3621679697423693,scr2010,avaConv,runOfRiver
CH,h4379,0.3621679697423693,scr2010,avaConv,runOfRiver
CH,h4380,0.3621679697423693,scr2010,avaConv,runOfRiver
CH,h4381,0.3621679697423693,scr2010,avaConv,runOfRiver
CH,h4382,0.3621679697423693,scr2010,avaConv,runOfRiver
CH,h4383,0.3621679697423693,scr2010,avaConv,runOfRiver
CH,h4384,0.3621679697423693,scr2010,avaConv,runOfRiver
CH,h4385,0.3621679697423693,scr2010,avaConv,runOfRiver
CH,h4386,0.3621679697423693,scr2010,avaConv,runOfRiver
CH,h4387,0.3621679697423693,scr2010,avaConv,runOfRiver
CH,h4388,0.3621679697423693,scr2010,avaConv,runOfRiver
CH,h4389,0.3621679697423693,scr2010,avaConv,runOfRiver
CH,h4390,0.3621679697423693,scr2010,avaConv,runOfRiver
CH,h4391,0.3621679697423693,scr2010,avaConv,runOfRiver
CH,h4392,0.3621679697423693,scr2010,avaConv,runOfRiver
CH,h4393,0.361630488037449,scr2010,avaConv,runOfRiver
CH,h4394,0.36109300641241204,scr2010,avaConv,runOfRiver
CH,h4395,0.3605555248673773,scr2010,avaConv,runOfRiver
CH,h4396,0.3605555248673773,scr2010,avaConv,runOfRiver
CH,h4397,0.3605555248673773,scr2010,avaConv,runOfRiver
CH,h4398,0.3605555248673773,scr2010,avaConv,runOfRiver
CH,h4399,0.3605555248673773,scr2010,avaConv,runOfRiver
CH,h4400,0.3605555248673773,scr2010,avaConv,runOfRiver
CH,h4401,0.3605555248673773,scr2010,avaConv,runOfRiver
CH,h4402,0.3605555248673773,scr2010,avaConv,runOfRiver
CH,h4403,0.3605555248673773,scr2010,avaConv,runOfRiver
CH,h4404,0.3605555248673773,scr2010,avaConv,runOfRiver
CH,h4405,0.3605555248673773,scr2010,avaConv,runOfRiver
CH,h4406,0.3605555248673773,scr2010,avaConv,runOfRiver
CH,h4407,0.3605555248673773,scr2010,avaConv,runOfRiver
CH,h4408,0.3605555248673773,scr2010,avaConv,runOfRiver
CH,h4409,0.3605555248673773,scr2010,avaConv,runOfRiver
CH,h4410,0.3605555248673773,scr2010,avaConv,runOfRiver
CH,h4411,0.3605555248673773,scr2010,avaConv,runOfRiver
CH,h4412,0.3605555248673773,scr2010,avaConv,runOfRiver
CH,h4413,0.3605555248673773,scr2010,avaConv,runOfRiver
CH,h4414,0.3605555248673773,scr2010,avaConv,runOfRiver
CH,h4415,0.3605555248673773,scr2010,avaConv,runOfRiver
CH,h4416,0.3605555248673773,scr2010,avaConv,runOfRiver
CH,h4417,0.3596290641430262,scr2010,avaConv,runOfRiver
CH,h4418,0.3587026036573425,scr2010,avaConv,runOfRiver
CH,h4419,0.3577761434109429,scr2010,avaConv,runOfRiver
CH,h4420,0.3577761434109429,scr2010,avaConv,runOfRiver
CH,h4421,0.3577761434109429,scr2010,avaConv,runOfRiver
CH,h4422,0.3577761434109429,scr2010,avaConv,runOfRiver
CH,h4423,0.3577761434109429,scr2010,avaConv,runOfRiver
CH,h4424,0.3577761434109429,scr2010,avaConv,runOfRiver
CH,h4425,0.3577761434109429,scr2010,avaConv,runOfRiver
CH,h4426,0.3577761434109429,scr2010,avaConv,runOfRiver
CH,h4427,0.3577761434109429,scr2010,avaConv,runOfRiver
CH,h4428,0.3577761434109429,scr2010,avaConv,runOfRiver
CH,h4429,0.3577761434109429,scr2010,avaConv,runOfRiver
CH,h4430,0.3577761434109429,scr2010,avaConv,runOfRiver
CH,h4431,0.3577761434109429,scr2010,avaConv,runOfRiver
CH,h4432,0.3577761434109429,scr2010,avaConv,runOfRiver
CH,h4433,0.3577761434109429,scr2010,avaConv,runOfRiver
CH,h4434,0.3577761434109429,scr2010,avaConv,runOfRiver
CH,h4435,0.3577761434109429,scr2010,avaConv,runOfRiver
CH,h4436,0.3577761434109429,scr2010,avaConv,runOfRiver
CH,h4437,0.3577761434109429,scr2010,avaConv,runOfRiver
CH,h4438,0.3577761434109429,scr2010,avaConv,runOfRiver
CH,h4439,0.3577761434109429,scr2010,avaConv,runOfRiver
CH,h4440,0.3577761434109429,scr2010,avaConv,runOfRiver
CH,h4441,0.35681170224947534,scr2010,avaConv,runOfRiver
CH,h4442,0.35584726134868716,scr2010,avaConv,runOfRiver
CH,h4443,0.3548828207092849,scr2010,avaConv,runOfRiver
CH,h4444,0.3548828207092849,scr2010,avaConv,runOfRiver
CH,h4445,0.3548828207092849,scr2010,avaConv,runOfRiver
CH,h4446,0.3548828207092849,scr2010,avaConv,runOfRiver
CH,h4447,0.3548828207092849,scr2010,avaConv,runOfRiver
CH,h4448,0.3548828207092849,scr2010,avaConv,runOfRiver
CH,h4449,0.3548828207092849,scr2010,avaConv,runOfRiver
CH,h4450,0.3548828207092849,scr2010,avaConv,runOfRiver
CH,h4451,0.3548828207092849,scr2010,avaConv,runOfRiver
CH,h4452,0.3548828207092849,scr2010,avaConv,runOfRiver
CH,h4453,0.3548828207092849,scr2010,avaConv,runOfRiver
CH,h4454,0.3548828207092849,scr2010,avaConv,runOfRiver
CH,h4455,0.3548828207092849,scr2010,avaConv,runOfRiver
CH,h4456,0.3548828207092849,scr2010,avaConv,runOfRiver
CH,h4457,0.3548828207092849,scr2010,avaConv,runOfRiver
CH,h4458,0.3548828207092849,scr2010,avaConv,runOfRiver
CH,h4459,0.3548828207092849,scr2010,avaConv,runOfRiver
CH,h4460,0.3548828207092849,scr2010,avaConv,runOfRiver
CH,h4461,0.3548828207092849,scr2010,avaConv,runOfRiver
CH,h4462,0.3548828207092849,scr2010,avaConv,runOfRiver
CH,h4463,0.3548828207092849,scr2010,avaConv,runOfRiver
CH,h4464,0.3548828207092849,scr2010,avaConv,runOfRiver
CH,h4465,0.3544738388542116,scr2010,avaConv,runOfRiver
CH,h4466,0.35406485704632473,scr2010,avaConv,runOfRiver
CH,h4467,0.353655875285679,scr2010,avaConv,runOfRiver
CH,h4468,0.353655875285679,scr2010,avaConv,runOfRiver
CH,h4469,0.353655875285679,scr2010,avaConv,runOfRiver
CH,h4470,0.353655875285679,scr2010,avaConv,runOfRiver
CH,h4471,0.353655875285679,scr2010,avaConv,runOfRiver
CH,h4472,0.353655875285679,scr2010,avaConv,runOfRiver
CH,h4473,0.353655875285679,scr2010,avaConv,runOfRiver
CH,h4474,0.353655875285679,scr2010,avaConv,runOfRiver
CH,h4475,0.353655875285679,scr2010,avaConv,runOfRiver
CH,h4476,0.353655875285679,scr2010,avaConv,runOfRiver
CH,h4477,0.353655875285679,scr2010,avaConv,runOfRiver
CH,h4478,0.353655875285679,scr2010,avaConv,runOfRiver
CH,h4479,0.353655875285679,scr2010,avaConv,runOfRiver
CH,h4480,0.353655875285679,scr2010,avaConv,runOfRiver
CH,h4481,0.353655875285679,scr2010,avaConv,runOfRiver
CH,h4482,0.353655875285679,scr2010,avaConv,runOfRiver
CH,h4483,0.353655875285679,scr2010,avaConv,runOfRiver
CH,h4484,0.353655875285679,scr2010,avaConv,runOfRiver
CH,h4485,0.353655875285679,scr2010,avaConv,runOfRiver
CH,h4486,0.353655875285679,scr2010,avaConv,runOfRiver
CH,h4487,0.353655875285679,scr2010,avaConv,runOfRiver
CH,h4488,0.353655875285679,scr2010,avaConv,runOfRiver
CH,h4489,0.3530950195534268,scr2010,avaConv,runOfRiver
CH,h4490,0.35253416391025993,scr2010,avaConv,runOfRiver
CH,h4491,0.3519733083563198,scr2010,avaConv,runOfRiver
CH,h4492,0.3519733083563198,scr2010,avaConv,runOfRiver
CH,h4493,0.3519733083563198,scr2010,avaConv,runOfRiver
CH,h4494,0.3519733083563198,scr2010,avaConv,runOfRiver
CH,h4495,0.3519733083563198,scr2010,avaConv,runOfRiver
CH,h4496,0.3519733083563198,scr2010,avaConv,runOfRiver
CH,h4497,0.3519733083563198,scr2010,avaConv,runOfRiver
CH,h4498,0.3519733083563198,scr2010,avaConv,runOfRiver
CH,h4499,0.3519733083563198,scr2010,avaConv,runOfRiver
CH,h4500,0.3519733083563198,scr2010,avaConv,runOfRiver
CH,h4501,0.3519733083563198,scr2010,avaConv,runOfRiver
CH,h4502,0.3519733083563198,scr2010,avaConv,runOfRiver
CH,h4503,0.3519733083563198,scr2010,avaConv,runOfRiver
CH,h4504,0.3519733083563198,scr2010,avaConv,runOfRiver
CH,h4505,0.3519733083563198,scr2010,avaConv,runOfRiver
CH,h4506,0.3519733083563198,scr2010,avaConv,runOfRiver
CH,h4507,0.3519733083563198,scr2010,avaConv,runOfRiver
CH,h4508,0.3519733083563198,scr2010,avaConv,runOfRiver
CH,h4509,0.3519733083563198,scr2010,avaConv,runOfRiver
CH,h4510,0.3519733083563198,scr2010,avaConv,runOfRiver
CH,h4511,0.3519733083563198,scr2010,avaConv,runOfRiver
CH,h4512,0.3519733083563198,scr2010,avaConv,runOfRiver
CH,h4513,0.35084136473253447,scr2010,avaConv,runOfRiver
CH,h4514,0.3497094214739518,scr2010,avaConv,runOfRiver
CH,h4515,0.3485774785817539,scr2010,avaConv,runOfRiver
CH,h4516,0.3485774785817539,scr2010,avaConv,runOfRiver
CH,h4517,0.3485774785817539,scr2010,avaConv,runOfRiver
CH,h4518,0.3485774785817539,scr2010,avaConv,runOfRiver
CH,h4519,0.3485774785817539,scr2010,avaConv,runOfRiver
CH,h4520,0.3485774785817539,scr2010,avaConv,runOfRiver
CH,h4521,0.3485774785817539,scr2010,avaConv,runOfRiver
CH,h4522,0.3485774785817539,scr2010,avaConv,runOfRiver
CH,h4523,0.3485774785817539,scr2010,avaConv,runOfRiver
CH,h4524,0.3485774785817539,scr2010,avaConv,runOfRiver
CH,h4525,0.3485774785817539,scr2010,avaConv,runOfRiver
CH,h4526,0.3485774785817539,scr2010,avaConv,runOfRiver
CH,h4527,0.3485774785817539,scr2010,avaConv,runOfRiver
CH,h4528,0.3485774785817539,scr2010,avaConv,runOfRiver
CH,h4529,0.3485774785817539,scr2010,avaConv,runOfRiver
CH,h4530,0.3485774785817539,scr2010,avaConv,runOfRiver
CH,h4531,0.3485774785817539,scr2010,avaConv,runOfRiver
CH,h4532,0.3485774785817539,scr2010,avaConv,runOfRiver
CH,h4533,0.3485774785817539,scr2010,avaConv,runOfRiver
CH,h4534,0.3485774785817539,scr2010,avaConv,runOfRiver
CH,h4535,0.3485774785817539,scr2010,avaConv,runOfRiver
CH,h4536,0.3485774785817539,scr2010,avaConv,runOfRiver
CH,h4537,0.34670292464289343,scr2010,avaConv,runOfRiver
CH,h4538,0.3448283717175601,scr2010,avaConv,runOfRiver
CH,h4539,0.34295381981126305,scr2010,avaConv,runOfRiver
CH,h4540,0.34295381981126305,scr2010,avaConv,runOfRiver
CH,h4541,0.34295381981126305,scr2010,avaConv,runOfRiver
CH,h4542,0.34295381981126305,scr2010,avaConv,runOfRiver
CH,h4543,0.34295381981126305,scr2010,avaConv,runOfRiver
CH,h4544,0.34295381981126305,scr2010,avaConv,runOfRiver
CH,h4545,0.34295381981126305,scr2010,avaConv,runOfRiver
CH,h4546,0.34295381981126305,scr2010,avaConv,runOfRiver
CH,h4547,0.34295381981126305,scr2010,avaConv,runOfRiver
CH,h4548,0.34295381981126305,scr2010,avaConv,runOfRiver
CH,h4549,0.34295381981126305,scr2010,avaConv,runOfRiver
CH,h4550,0.34295381981126305,scr2010,avaConv,runOfRiver
CH,h4551,0.34295381981126305,scr2010,avaConv,runOfRiver
CH,h4552,0.34295381981126305,scr2010,avaConv,runOfRiver
CH,h4553,0.34295381981126305,scr2010,avaConv,runOfRiver
CH,h4554,0.34295381981126305,scr2010,avaConv,runOfRiver
CH,h4555,0.34295381981126305,scr2010,avaConv,runOfRiver
CH,h4556,0.34295381981126305,scr2010,avaConv,runOfRiver
CH,h4557,0.34295381981126305,scr2010,avaConv,runOfRiver
CH,h4558,0.34295381981126305,scr2010,avaConv,runOfRiver
CH,h4559,0.34295381981126305,scr2010,avaConv,runOfRiver
CH,h4560,0.34295381981126305,scr2010,avaConv,runOfRiver
CH,h4561,0.34108656317643826,scr2010,avaConv,runOfRiver
CH,h4562,0.3392193075638259,scr2010,avaConv,runOfRiver
CH,h4563,0.33735205297905213,scr2010,avaConv,runOfRiver
CH,h4564,0.33735205297905213,scr2010,avaConv,runOfRiver
CH,h4565,0.33735205297905213,scr2010,avaConv,runOfRiver
CH,h4566,0.33735205297905213,scr2010,avaConv,runOfRiver
CH,h4567,0.33735205297905213,scr2010,avaConv,runOfRiver
CH,h4568,0.33735205297905213,scr2010,avaConv,runOfRiver
CH,h4569,0.33735205297905213,scr2010,avaConv,runOfRiver
CH,h4570,0.33735205297905213,scr2010,avaConv,runOfRiver
CH,h4571,0.33735205297905213,scr2010,avaConv,runOfRiver
CH,h4572,0.33735205297905213,scr2010,avaConv,runOfRiver
CH,h4573,0.33735205297905213,scr2010,avaConv,runOfRiver
CH,h4574,0.33735205297905213,scr2010,avaConv,runOfRiver
CH,h4575,0.33735205297905213,scr2010,avaConv,runOfRiver
CH,h4576,0.33735205297905213,scr2010,avaConv,runOfRiver
CH,h4577,0.33735205297905213,scr2010,avaConv,runOfRiver
CH,h4578,0.33735205297905213,scr2010,avaConv,runOfRiver
CH,h4579,0.33735205297905213,scr2010,avaConv,runOfRiver
CH,h4580,0.33735205297905213,scr2010,avaConv,runOfRiver
CH,h4581,0.33735205297905213,scr2010,avaConv,runOfRiver
CH,h4582,0.33735205297905213,scr2010,avaConv,runOfRiver
CH,h4583,0.33735205297905213,scr2010,avaConv,runOfRiver
CH,h4584,0.33735205297905213,scr2010,avaConv,runOfRiver
CH,h4585,0.3357613670681163,scr2010,avaConv,runOfRiver
CH,h4586,0.3341706819107719,scr2010,avaConv,runOfRiver
CH,h4587,0.33257999751060585,scr2010,avaConv,runOfRiver
CH,h4588,0.33257999751060585,scr2010,avaConv,runOfRiver
CH,h4589,0.33257999751060585,scr2010,avaConv,runOfRiver
CH,h4590,0.33257999751060585,scr2010,avaConv,runOfRiver
CH,h4591,0.33257999751060585,scr2010,avaConv,runOfRiver
CH,h4592,0.33257999751060585,scr2010,avaConv,runOfRiver
CH,h4593,0.33257999751060585,scr2010,avaConv,runOfRiver
CH,h4594,0.33257999751060585,scr2010,avaConv,runOfRiver
CH,h4595,0.33257999751060585,scr2010,avaConv,runOfRiver
CH,h4596,0.33257999751060585,scr2010,avaConv,runOfRiver
CH,h4597,0.33257999751060585,scr2010,avaConv,runOfRiver
CH,h4598,0.33257999751060585,scr2010,avaConv,runOfRiver
CH,h4599,0.33257999751060585,scr2010,avaConv,runOfRiver
CH,h4600,0.33257999751060585,scr2010,avaConv,runOfRiver
CH,h4601,0.33257999751060585,scr2010,avaConv,runOfRiver
CH,h4602,0.33257999751060585,scr2010,avaConv,runOfRiver
CH,h4603,0.33257999751060585,scr2010,avaConv,runOfRiver
CH,h4604,0.33257999751060585,scr2010,avaConv,runOfRiver
CH,h4605,0.33257999751060585,scr2010,avaConv,runOfRiver
CH,h4606,0.33257999751060585,scr2010,avaConv,runOfRiver
CH,h4607,0.33257999751060585,scr2010,avaConv,runOfRiver
CH,h4608,0.33257999751060585,scr2010,avaConv,runOfRiver
CH,h4609,0.33222142165737945,scr2010,avaConv,runOfRiver
CH,h4610,0.33186284584285486,scr2010,avaConv,runOfRiver
CH,h4611,0.33150427006707395,scr2010,avaConv,runOfRiver
CH,h4612,0.33150427006707395,scr2010,avaConv,runOfRiver
CH,h4613,0.33150427006707395,scr2010,avaConv,runOfRiver
CH,h4614,0.33150427006707395,scr2010,avaConv,runOfRiver
CH,h4615,0.33150427006707395,scr2010,avaConv,runOfRiver
CH,h4616,0.33150427006707395,scr2010,avaConv,runOfRiver
CH,h4617,0.33150427006707395,scr2010,avaConv,runOfRiver
CH,h4618,0.33150427006707395,scr2010,avaConv,runOfRiver
CH,h4619,0.33150427006707395,scr2010,avaConv,runOfRiver
CH,h4620,0.33150427006707395,scr2010,avaConv,runOfRiver
CH,h4621,0.33150427006707395,scr2010,avaConv,runOfRiver
CH,h4622,0.33150427006707395,scr2010,avaConv,runOfRiver
CH,h4623,0.33150427006707395,scr2010,avaConv,runOfRiver
CH,h4624,0.33150427006707395,scr2010,avaConv,runOfRiver
CH,h4625,0.33150427006707395,scr2010,avaConv,runOfRiver
CH,h4626,0.33150427006707395,scr2010,avaConv,runOfRiver
CH,h4627,0.33150427006707395,scr2010,avaConv,runOfRiver
CH,h4628,0.33150427006707395,scr2010,avaConv,runOfRiver
CH,h4629,0.33150427006707395,scr2010,avaConv,runOfRiver
CH,h4630,0.33150427006707395,scr2010,avaConv,runOfRiver
CH,h4631,0.33150427006707395,scr2010,avaConv,runOfRiver
CH,h4632,0.33150427006707395,scr2010,avaConv,runOfRiver
CH,h4633,0.33106403278227103,scr2010,avaConv,runOfRiver
CH,h4634,0.33062379555600896,scr2010,avaConv,runOfRiver
CH,h4635,0.33018355838836555,scr2010,avaConv,runOfRiver
CH,h4636,0.33018355838836555,scr2010,avaConv,runOfRiver
CH,h4637,0.33018355838836555,scr2010,avaConv,runOfRiver
CH,h4638,0.33018355838836555,scr2010,avaConv,runOfRiver
CH,h4639,0.33018355838836555,scr2010,avaConv,runOfRiver
CH,h4640,0.33018355838836555,scr2010,avaConv,runOfRiver
CH,h4641,0.33018355838836555,scr2010,avaConv,runOfRiver
CH,h4642,0.33018355838836555,scr2010,avaConv,runOfRiver
CH,h4643,0.33018355838836555,scr2010,avaConv,runOfRiver
CH,h4644,0.33018355838836555,scr2010,avaConv,runOfRiver
CH,h4645,0.33018355838836555,scr2010,avaConv,runOfRiver
CH,h4646,0.33018355838836555,scr2010,avaConv,runOfRiver
CH,h4647,0.33018355838836555,scr2010,avaConv,runOfRiver
CH,h4648,0.33018355838836555,scr2010,avaConv,runOfRiver
CH,h4649,0.33018355838836555,scr2010,avaConv,runOfRiver
CH,h4650,0.33018355838836555,scr2010,avaConv,runOfRiver
CH,h4651,0.33018355838836555,scr2010,avaConv,runOfRiver
CH,h4652,0.33018355838836555,scr2010,avaConv,runOfRiver
CH,h4653,0.33018355838836555,scr2010,avaConv,runOfRiver
CH,h4654,0.33018355838836555,scr2010,avaConv,runOfRiver
CH,h4655,0.33018355838836555,scr2010,avaConv,runOfRiver
CH,h4656,0.33018355838836555,scr2010,avaConv,runOfRiver
CH,h4657,0.3296847098555863,scr2010,avaConv,runOfRiver
CH,h4658,0.32918586139828765,scr2010,avaConv,runOfRiver
CH,h4659,0.3286870130165841,scr2010,avaConv,runOfRiver
CH,h4660,0.3286870130165841,scr2010,avaConv,runOfRiver
CH,h4661,0.3286870130165841,scr2010,avaConv,runOfRiver
CH,h4662,0.3286870130165841,scr2010,avaConv,runOfRiver
CH,h4663,0.3286870130165841,scr2010,avaConv,runOfRiver
CH,h4664,0.3286870130165841,scr2010,avaConv,runOfRiver
CH,h4665,0.3286870130165841,scr2010,avaConv,runOfRiver
CH,h4666,0.3286870130165841,scr2010,avaConv,runOfRiver
CH,h4667,0.3286870130165841,scr2010,avaConv,runOfRiver
CH,h4668,0.3286870130165841,scr2010,avaConv,runOfRiver
CH,h4669,0.3286870130165841,scr2010,avaConv,runOfRiver
CH,h4670,0.3286870130165841,scr2010,avaConv,runOfRiver
CH,h4671,0.3286870130165841,scr2010,avaConv,runOfRiver
CH,h4672,0.3286870130165841,scr2010,avaConv,runOfRiver
CH,h4673,0.3286870130165841,scr2010,avaConv,runOfRiver
CH,h4674,0.3286870130165841,scr2010,avaConv,runOfRiver
CH,h4675,0.3286870130165841,scr2010,avaConv,runOfRiver
CH,h4676,0.3286870130165841,scr2010,avaConv,runOfRiver
CH,h4677,0.3286870130165841,scr2010,avaConv,runOfRiver
CH,h4678,0.3286870130165841,scr2010,avaConv,runOfRiver
CH,h4679,0.3286870130165841,scr2010,avaConv,runOfRiver
CH,h4680,0.3286870130165841,scr2010,avaConv,runOfRiver
CH,h4681,0.3284758846299066,scr2010,avaConv,runOfRiver
CH,h4682,0.3282647562567994,scr2010,avaConv,runOfRiver
CH,h4683,0.3280536278972712,scr2010,avaConv,runOfRiver
CH,h4684,0.3280536278972712,scr2010,avaConv,runOfRiver
CH,h4685,0.3280536278972712,scr2010,avaConv,runOfRiver
CH,h4686,0.3280536278972712,scr2010,avaConv,runOfRiver
CH,h4687,0.3280536278972712,scr2010,avaConv,runOfRiver
CH,h4688,0.3280536278972712,scr2010,avaConv,runOfRiver
CH,h4689,0.3280536278972712,scr2010,avaConv,runOfRiver
CH,h4690,0.3280536278972712,scr2010,avaConv,runOfRiver
CH,h4691,0.3280536278972712,scr2010,avaConv,runOfRiver
CH,h4692,0.3280536278972712,scr2010,avaConv,runOfRiver
CH,h4693,0.3280536278972712,scr2010,avaConv,runOfRiver
CH,h4694,0.3280536278972712,scr2010,avaConv,runOfRiver
CH,h4695,0.3280536278972712,scr2010,avaConv,runOfRiver
CH,h4696,0.3280536278972712,scr2010,avaConv,runOfRiver
CH,h4697,0.3280536278972712,scr2010,avaConv,runOfRiver
CH,h4698,0.3280536278972712,scr2010,avaConv,runOfRiver
CH,h4699,0.3280536278972712,scr2010,avaConv,runOfRiver
CH,h4700,0.3280536278972712,scr2010,avaConv,runOfRiver
CH,h4701,0.3280536278972712,scr2010,avaConv,runOfRiver
CH,h4702,0.3280536278972712,scr2010,avaConv,runOfRiver
CH,h4703,0.3280536278972712,scr2010,avaConv,runOfRiver
CH,h4704,0.3280536278972712,scr2010,avaConv,runOfRiver
CH,h4705,0.3276436179468477,scr2010,avaConv,runOfRiver
CH,h4706,0.32723360804773205,scr2010,avaConv,runOfRiver
CH,h4707,0.32682359819998863,scr2010,avaConv,runOfRiver
CH,h4708,0.32682359819998863,scr2010,avaConv,runOfRiver
CH,h4709,0.32682359819998863,scr2010,avaConv,runOfRiver
CH,h4710,0.32682359819998863,scr2010,avaConv,runOfRiver
CH,h4711,0.32682359819998863,scr2010,avaConv,runOfRiver
CH,h4712,0.32682359819998863,scr2010,avaConv,runOfRiver
CH,h4713,0.32682359819998863,scr2010,avaConv,runOfRiver
CH,h4714,0.32682359819998863,scr2010,avaConv,runOfRiver
CH,h4715,0.32682359819998863,scr2010,avaConv,runOfRiver
CH,h4716,0.32682359819998863,scr2010,avaConv,runOfRiver
CH,h4717,0.32682359819998863,scr2010,avaConv,runOfRiver
CH,h4718,0.32682359819998863,scr2010,avaConv,runOfRiver
CH,h4719,0.32682359819998863,scr2010,avaConv,runOfRiver
CH,h4720,0.32682359819998863,scr2010,avaConv,runOfRiver
CH,h4721,0.32682359819998863,scr2010,avaConv,runOfRiver
CH,h4722,0.32682359819998863,scr2010,avaConv,runOfRiver
CH,h4723,0.32682359819998863,scr2010,avaConv,runOfRiver
CH,h4724,0.32682359819998863,scr2010,avaConv,runOfRiver
CH,h4725,0.32682359819998863,scr2010,avaConv,runOfRiver
CH,h4726,0.32682359819998863,scr2010,avaConv,runOfRiver
CH,h4727,0.32682359819998863,scr2010,avaConv,runOfRiver
CH,h4728,0.32682359819998863,scr2010,avaConv,runOfRiver
CH,h4729,0.32662358843557326,scr2010,avaConv,runOfRiver
CH,h4730,0.32642357868340566,scr2010,avaConv,runOfRiver
CH,h4731,0.326223568943493,scr2010,avaConv,runOfRiver
CH,h4732,0.326223568943493,scr2010,avaConv,runOfRiver
CH,h4733,0.326223568943493,scr2010,avaConv,runOfRiver
CH,h4734,0.326223568943493,scr2010,avaConv,runOfRiver
CH,h4735,0.326223568943493,scr2010,avaConv,runOfRiver
CH,h4736,0.326223568943493,scr2010,avaConv,runOfRiver
CH,h4737,0.326223568943493,scr2010,avaConv,runOfRiver
CH,h4738,0.326223568943493,scr2010,avaConv,runOfRiver
CH,h4739,0.326223568943493,scr2010,avaConv,runOfRiver
CH,h4740,0.326223568943493,scr2010,avaConv,runOfRiver
CH,h4741,0.326223568943493,scr2010,avaConv,runOfRiver
CH,h4742,0.326223568943493,scr2010,avaConv,runOfRiver
CH,h4743,0.326223568943493,scr2010,avaConv,runOfRiver
CH,h4744,0.326223568943493,scr2010,avaConv,runOfRiver
CH,h4745,0.326223568943493,scr2010,avaConv,runOfRiver
CH,h4746,0.326223568943493,scr2010,avaConv,runOfRiver
CH,h4747,0.326223568943493,scr2010,avaConv,runOfRiver
CH,h4748,0.326223568943493,scr2010,avaConv,runOfRiver
CH,h4749,0.326223568943493,scr2010,avaConv,runOfRiver
CH,h4750,0.326223568943493,scr2010,avaConv,runOfRiver
CH,h4751,0.326223568943493,scr2010,avaConv,runOfRiver
CH,h4752,0.326223568943493,scr2010,avaConv,runOfRiver
CH,h4753,0.32516658692018396,scr2010,avaConv,runOfRiver
CH,h4754,0.32410960524045473,scr2010,avaConv,runOfRiver
CH,h4755,0.32305262390542555,scr2010,avaConv,runOfRiver
CH,h4756,0.32305262390542555,scr2010,avaConv,runOfRiver
CH,h4757,0.32305262390542555,scr2010,avaConv,runOfRiver
CH,h4758,0.32305262390542555,scr2010,avaConv,runOfRiver
CH,h4759,0.32305262390542555,scr2010,avaConv,runOfRiver
CH,h4760,0.32305262390542555,scr2010,avaConv,runOfRiver
CH,h4761,0.32305262390542555,scr2010,avaConv,runOfRiver
CH,h4762,0.32305262390542555,scr2010,avaConv,runOfRiver
CH,h4763,0.32305262390542555,scr2010,avaConv,runOfRiver
CH,h4764,0.32305262390542555,scr2010,avaConv,runOfRiver
CH,h4765,0.32305262390542555,scr2010,avaConv,runOfRiver
CH,h4766,0.32305262390542555,scr2010,avaConv,runOfRiver
CH,h4767,0.32305262390542555,scr2010,avaConv,runOfRiver
CH,h4768,0.32305262390542555,scr2010,avaConv,runOfRiver
CH,h4769,0.32305262390542555,scr2010,avaConv,runOfRiver
CH,h4770,0.32305262390542555,scr2010,avaConv,runOfRiver
CH,h4771,0.32305262390542555,scr2010,avaConv,runOfRiver
CH,h4772,0.32305262390542555,scr2010,avaConv,runOfRiver
CH,h4773,0.32305262390542555,scr2010,avaConv,runOfRiver
CH,h4774,0.32305262390542555,scr2010,avaConv,runOfRiver
CH,h4775,0.32305262390542555,scr2010,avaConv,runOfRiver
CH,h4776,0.32305262390542555,scr2010,avaConv,runOfRiver
CH,h4777,0.321185941469479,scr2010,avaConv,runOfRiver
CH,h4778,0.31931926011842016,scr2010,avaConv,runOfRiver
CH,h4779,0.3174525798585902,scr2010,avaConv,runOfRiver
CH,h4780,0.3174525798585902,scr2010,avaConv,runOfRiver
CH,h4781,0.3174525798585902,scr2010,avaConv,runOfRiver
CH,h4782,0.3174525798585902,scr2010,avaConv,runOfRiver
CH,h4783,0.3174525798585902,scr2010,avaConv,runOfRiver
CH,h4784,0.3174525798585902,scr2010,avaConv,runOfRiver
CH,h4785,0.3174525798585902,scr2010,avaConv,runOfRiver
CH,h4786,0.3174525798585902,scr2010,avaConv,runOfRiver
CH,h4787,0.3174525798585902,scr2010,avaConv,runOfRiver
CH,h4788,0.3174525798585902,scr2010,avaConv,runOfRiver
CH,h4789,0.3174525798585902,scr2010,avaConv,runOfRiver
CH,h4790,0.3174525798585902,scr2010,avaConv,runOfRiver
CH,h4791,0.3174525798585902,scr2010,avaConv,runOfRiver
CH,h4792,0.3174525798585902,scr2010,avaConv,runOfRiver
CH,h4793,0.3174525798585902,scr2010,avaConv,runOfRiver
CH,h4794,0.3174525798585902,scr2010,avaConv,runOfRiver
CH,h4795,0.3174525798585902,scr2010,avaConv,runOfRiver
CH,h4796,0.3174525798585902,scr2010,avaConv,runOfRiver
CH,h4797,0.3174525798585902,scr2010,avaConv,runOfRiver
CH,h4798,0.3174525798585902,scr2010,avaConv,runOfRiver
CH,h4799,0.3174525798585902,scr2010,avaConv,runOfRiver
CH,h4800,0.3174525798585902,scr2010,avaConv,runOfRiver
CH,h4801,0.3166330531509455,scr2010,avaConv,runOfRiver
CH,h4802,0.3158135266554146,scr2010,avaConv,runOfRiver
CH,h4803,0.314994000372548,scr2010,avaConv,runOfRiver
CH,h4804,0.314994000372548,scr2010,avaConv,runOfRiver
CH,h4805,0.314994000372548,scr2010,avaConv,runOfRiver
CH,h4806,0.314994000372548,scr2010,avaConv,runOfRiver
CH,h4807,0.314994000372548,scr2010,avaConv,runOfRiver
CH,h4808,0.314994000372548,scr2010,avaConv,runOfRiver
CH,h4809,0.314994000372548,scr2010,avaConv,runOfRiver
CH,h4810,0.314994000372548,scr2010,avaConv,runOfRiver
CH,h4811,0.314994000372548,scr2010,avaConv,runOfRiver
CH,h4812,0.314994000372548,scr2010,avaConv,runOfRiver
CH,h4813,0.314994000372548,scr2010,avaConv,runOfRiver
CH,h4814,0.314994000372548,scr2010,avaConv,runOfRiver
CH,h4815,0.314994000372548,scr2010,avaConv,runOfRiver
CH,h4816,0.314994000372548,scr2010,avaConv,runOfRiver
CH,h4817,0.314994000372548,scr2010,avaConv,runOfRiver
CH,h4818,0.314994000372548,scr2010,avaConv,runOfRiver
CH,h4819,0.314994000372548,scr2010,avaConv,runOfRiver
CH,h4820,0.314994000372548,scr2010,avaConv,runOfRiver
CH,h4821,0.314994000372548,scr2010,avaConv,runOfRiver
CH,h4822,0.314994000372548,scr2010,avaConv,runOfRiver
CH,h4823,0.314994000372548,scr2010,avaConv,runOfRiver
CH,h4824,0.314994000372548,scr2010,avaConv,runOfRiver
CH,h4825,0.31465737656073733,scr2010,avaConv,runOfRiver
CH,h4826,0.3143207527849391,scr2010,avaConv,runOfRiver
CH,h4827,0.3139841290451917,scr2010,avaConv,runOfRiver
CH,h4828,0.3139841290451917,scr2010,avaConv,runOfRiver
CH,h4829,0.3139841290451917,scr2010,avaConv,runOfRiver
CH,h4830,0.3139841290451917,scr2010,avaConv,runOfRiver
CH,h4831,0.3139841290451917,scr2010,avaConv,runOfRiver
CH,h4832,0.3139841290451917,scr2010,avaConv,runOfRiver
CH,h4833,0.3139841290451917,scr2010,avaConv,runOfRiver
CH,h4834,0.3139841290451917,scr2010,avaConv,runOfRiver
CH,h4835,0.3139841290451917,scr2010,avaConv,runOfRiver
CH,h4836,0.3139841290451917,scr2010,avaConv,runOfRiver
CH,h4837,0.3139841290451917,scr2010,avaConv,runOfRiver
CH,h4838,0.3139841290451917,scr2010,avaConv,runOfRiver
CH,h4839,0.3139841290451917,scr2010,avaConv,runOfRiver
CH,h4840,0.3139841290451917,scr2010,avaConv,runOfRiver
CH,h4841,0.3139841290451917,scr2010,avaConv,runOfRiver
CH,h4842,0.3139841290451917,scr2010,avaConv,runOfRiver
CH,h4843,0.3139841290451917,scr2010,avaConv,runOfRiver
CH,h4844,0.3139841290451917,scr2010,avaConv,runOfRiver
CH,h4845,0.3139841290451917,scr2010,avaConv,runOfRiver
CH,h4846,0.3139841290451917,scr2010,avaConv,runOfRiver
CH,h4847,0.3139841290451917,scr2010,avaConv,runOfRiver
CH,h4848,0.3139841290451917,scr2010,avaConv,runOfRiver
CH,h4849,0.3120083259698895,scr2010,avaConv,runOfRiver
CH,h4850,0.3100325241457771,scr2010,avaConv,runOfRiver
CH,h4851,0.30805672358082736,scr2010,avaConv,runOfRiver
CH,h4852,0.30805672358082736,scr2010,avaConv,runOfRiver
CH,h4853,0.30805672358082736,scr2010,avaConv,runOfRiver
CH,h4854,0.30805672358082736,scr2010,avaConv,runOfRiver
CH,h4855,0.30805672358082736,scr2010,avaConv,runOfRiver
CH,h4856,0.30805672358082736,scr2010,avaConv,runOfRiver
CH,h4857,0.30805672358082736,scr2010,avaConv,runOfRiver
CH,h4858,0.30805672358082736,scr2010,avaConv,runOfRiver
CH,h4859,0.30805672358082736,scr2010,avaConv,runOfRiver
CH,h4860,0.30805672358082736,scr2010,avaConv,runOfRiver
CH,h4861,0.30805672358082736,scr2010,avaConv,runOfRiver
CH,h4862,0.30805672358082736,scr2010,avaConv,runOfRiver
CH,h4863,0.30805672358082736,scr2010,avaConv,runOfRiver
CH,h4864,0.30805672358082736,scr2010,avaConv,runOfRiver
CH,h4865,0.30805672358082736,scr2010,avaConv,runOfRiver
CH,h4866,0.30805672358082736,scr2010,avaConv,runOfRiver
CH,h4867,0.30805672358082736,scr2010,avaConv,runOfRiver
CH,h4868,0.30805672358082736,scr2010,avaConv,runOfRiver
CH,h4869,0.30805672358082736,scr2010,avaConv,runOfRiver
CH,h4870,0.30805672358082736,scr2010,avaConv,runOfRiver
CH,h4871,0.30805672358082736,scr2010,avaConv,runOfRiver
CH,h4872,0.30805672358082736,scr2010,avaConv,runOfRiver
CH,h4873,0.30531604959597325,scr2010,avaConv,runOfRiver
CH,h4874,0.30257537807132207,scr2010,avaConv,runOfRiver
CH,h4875,0.2998347090291562,scr2010,avaConv,runOfRiver
CH,h4876,0.2998347090291562,scr2010,avaConv,runOfRiver
CH,h4877,0.2998347090291562,scr2010,avaConv,runOfRiver
CH,h4878,0.2998347090291562,scr2010,avaConv,runOfRiver
CH,h4879,0.2998347090291562,scr2010,avaConv,runOfRiver
CH,h4880,0.2998347090291562,scr2010,avaConv,runOfRiver
CH,h4881,0.2998347090291562,scr2010,avaConv,runOfRiver
CH,h4882,0.2998347090291562,scr2010,avaConv,runOfRiver
CH,h4883,0.2998347090291562,scr2010,avaConv,runOfRiver
CH,h4884,0.2998347090291562,scr2010,avaConv,runOfRiver
CH,h4885,0.2998347090291562,scr2010,avaConv,runOfRiver
CH,h4886,0.2998347090291562,scr2010,avaConv,runOfRiver
CH,h4887,0.2998347090291562,scr2010,avaConv,runOfRiver
CH,h4888,0.2998347090291562,scr2010,avaConv,runOfRiver
CH,h4889,0.2998347090291562,scr2010,avaConv,runOfRiver
CH,h4890,0.2998347090291562,scr2010,avaConv,runOfRiver
CH,h4891,0.2998347090291562,scr2010,avaConv,runOfRiver
CH,h4892,0.2998347090291562,scr2010,avaConv,runOfRiver
CH,h4893,0.2998347090291562,scr2010,avaConv,runOfRiver
CH,h4894,0.2998347090291562,scr2010,avaConv,runOfRiver
CH,h4895,0.2998347090291562,scr2010,avaConv,runOfRiver
CH,h4896,0.2998347090291562,scr2010,avaConv,runOfRiver
CH,h4897,0.2981151620339627,scr2010,avaConv,runOfRiver
CH,h4898,0.2963956160306229,scr2010,avaConv,runOfRiver
CH,h4899,0.2946760710248907,scr2010,avaConv,runOfRiver
CH,h4900,0.2946760710248907,scr2010,avaConv,runOfRiver
CH,h4901,0.2946760710248907,scr2010,avaConv,runOfRiver
CH,h4902,0.2946760710248907,scr2010,avaConv,runOfRiver
CH,h4903,0.2946760710248907,scr2010,avaConv,runOfRiver
CH,h4904,0.2946760710248907,scr2010,avaConv,runOfRiver
CH,h4905,0.2946760710248907,scr2010,avaConv,runOfRiver
CH,h4906,0.2946760710248907,scr2010,avaConv,runOfRiver
CH,h4907,0.2946760710248907,scr2010,avaConv,runOfRiver
CH,h4908,0.2946760710248907,scr2010,avaConv,runOfRiver
CH,h4909,0.2946760710248907,scr2010,avaConv,runOfRiver
CH,h4910,0.2946760710248907,scr2010,avaConv,runOfRiver
CH,h4911,0.2946760710248907,scr2010,avaConv,runOfRiver
CH,h4912,0.2946760710248907,scr2010,avaConv,runOfRiver
CH,h4913,0.2946760710248907,scr2010,avaConv,runOfRiver
CH,h4914,0.2946760710248907,scr2010,avaConv,runOfRiver
CH,h4915,0.2946760710248907,scr2010,avaConv,runOfRiver
CH,h4916,0.2946760710248907,scr2010,avaConv,runOfRiver
CH,h4917,0.2946760710248907,scr2010,avaConv,runOfRiver
CH,h4918,0.2946760710248907,scr2010,avaConv,runOfRiver
CH,h4919,0.2946760710248907,scr2010,avaConv,runOfRiver
CH,h4920,0.2946760710248907,scr2010,avaConv,runOfRiver
CH,h4921,0.29316740035738487,scr2010,avaConv,runOfRiver
CH,h4922,0.291658730466264,scr2010,avaConv,runOfRiver
CH,h4923,0.2901500613555438,scr2010,avaConv,runOfRiver
CH,h4924,0.2901500613555438,scr2010,avaConv,runOfRiver
CH,h4925,0.2901500613555438,scr2010,avaConv,runOfRiver
CH,h4926,0.2901500613555438,scr2010,avaConv,runOfRiver
CH,h4927,0.2901500613555438,scr2010,avaConv,runOfRiver
CH,h4928,0.2901500613555438,scr2010,avaConv,runOfRiver
CH,h4929,0.2901500613555438,scr2010,avaConv,runOfRiver
CH,h4930,0.2901500613555438,scr2010,avaConv,runOfRiver
CH,h4931,0.2901500613555438,scr2010,avaConv,runOfRiver
CH,h4932,0.2901500613555438,scr2010,avaConv,runOfRiver
CH,h4933,0.2901500613555438,scr2010,avaConv,runOfRiver
CH,h4934,0.2901500613555438,scr2010,avaConv,runOfRiver
CH,h4935,0.2901500613555438,scr2010,avaConv,runOfRiver
CH,h4936,0.2901500613555438,scr2010,avaConv,runOfRiver
CH,h4937,0.2901500613555438,scr2010,avaConv,runOfRiver
CH,h4938,0.2901500613555438,scr2010,avaConv,runOfRiver
CH,h4939,0.2901500613555438,scr2010,avaConv,runOfRiver
CH,h4940,0.2901500613555438,scr2010,avaConv,runOfRiver
CH,h4941,0.2901500613555438,scr2010,avaConv,runOfRiver
CH,h4942,0.2901500613555438,scr2010,avaConv,runOfRiver
CH,h4943,0.2901500613555438,scr2010,avaConv,runOfRiver
CH,h4944,0.2901500613555438,scr2010,avaConv,runOfRiver
CH,h4945,0.2890839381192992,scr2010,avaConv,runOfRiver
CH,h4946,0.2880178152762374,scr2010,avaConv,runOfRiver
CH,h4947,0.28695169282781374,scr2010,avaConv,runOfRiver
CH,h4948,0.28695169282781374,scr2010,avaConv,runOfRiver
CH,h4949,0.28695169282781374,scr2010,avaConv,runOfRiver
CH,h4950,0.28695169282781374,scr2010,avaConv,runOfRiver
CH,h4951,0.28695169282781374,scr2010,avaConv,runOfRiver
CH,h4952,0.28695169282781374,scr2010,avaConv,runOfRiver
CH,h4953,0.28695169282781374,scr2010,avaConv,runOfRiver
CH,h4954,0.28695169282781374,scr2010,avaConv,runOfRiver
CH,h4955,0.28695169282781374,scr2010,avaConv,runOfRiver
CH,h4956,0.28695169282781374,scr2010,avaConv,runOfRiver
CH,h4957,0.28695169282781374,scr2010,avaConv,runOfRiver
CH,h4958,0.28695169282781374,scr2010,avaConv,runOfRiver
CH,h4959,0.28695169282781374,scr2010,avaConv,runOfRiver
CH,h4960,0.28695169282781374,scr2010,avaConv,runOfRiver
CH,h4961,0.28695169282781374,scr2010,avaConv,runOfRiver
CH,h4962,0.28695169282781374,scr2010,avaConv,runOfRiver
CH,h4963,0.28695169282781374,scr2010,avaConv,runOfRiver
CH,h4964,0.28695169282781374,scr2010,avaConv,runOfRiver
CH,h4965,0.28695169282781374,scr2010,avaConv,runOfRiver
CH,h4966,0.28695169282781374,scr2010,avaConv,runOfRiver
CH,h4967,0.28695169282781374,scr2010,avaConv,runOfRiver
CH,h4968,0.28695169282781374,scr2010,avaConv,runOfRiver
CH,h4969,0.2854560769712797,scr2010,avaConv,runOfRiver
CH,h4970,0.28396046189836677,scr2010,avaConv,runOfRiver
CH,h4971,0.28246484761320145,scr2010,avaConv,runOfRiver
CH,h4972,0.28246484761320145,scr2010,avaConv,runOfRiver
CH,h4973,0.28246484761320145,scr2010,avaConv,runOfRiver
CH,h4974,0.28246484761320145,scr2010,avaConv,runOfRiver
CH,h4975,0.28246484761320145,scr2010,avaConv,runOfRiver
CH,h4976,0.28246484761320145,scr2010,avaConv,runOfRiver
CH,h4977,0.28246484761320145,scr2010,avaConv,runOfRiver
CH,h4978,0.28246484761320145,scr2010,avaConv,runOfRiver
CH,h4979,0.28246484761320145,scr2010,avaConv,runOfRiver
CH,h4980,0.28246484761320145,scr2010,avaConv,runOfRiver
CH,h4981,0.28246484761320145,scr2010,avaConv,runOfRiver
CH,h4982,0.28246484761320145,scr2010,avaConv,runOfRiver
CH,h4983,0.28246484761320145,scr2010,avaConv,runOfRiver
CH,h4984,0.28246484761320145,scr2010,avaConv,runOfRiver
CH,h4985,0.28246484761320145,scr2010,avaConv,runOfRiver
CH,h4986,0.28246484761320145,scr2010,avaConv,runOfRiver
CH,h4987,0.28246484761320145,scr2010,avaConv,runOfRiver
CH,h4988,0.28246484761320145,scr2010,avaConv,runOfRiver
CH,h4989,0.28246484761320145,scr2010,avaConv,runOfRiver
CH,h4990,0.28246484761320145,scr2010,avaConv,runOfRiver
CH,h4991,0.28246484761320145,scr2010,avaConv,runOfRiver
CH,h4992,0.28246484761320145,scr2010,avaConv,runOfRiver
CH,h4993,0.28052441598439526,scr2010,avaConv,runOfRiver
CH,h4994,0.27858398569783893,scr2010,avaConv,runOfRiver
CH,h4995,0.2766435567628813,scr2010,avaConv,runOfRiver
CH,h4996,0.2766435567628813,scr2010,avaConv,runOfRiver
CH,h4997,0.2766435567628813,scr2010,avaConv,runOfRiver
CH,h4998,0.2766435567628813,scr2010,avaConv,runOfRiver
CH,h4999,0.2766435567628813,scr2010,avaConv,runOfRiver
CH,h5000,0.2766435567628813,scr2010,avaConv,runOfRiver
CH,h5001,0.2766435567628813,scr2010,avaConv,runOfRiver
CH,h5002,0.2766435567628813,scr2010,avaConv,runOfRiver
CH,h5003,0.2766435567628813,scr2010,avaConv,runOfRiver
CH,h5004,0.2766435567628813,scr2010,avaConv,runOfRiver
CH,h5005,0.2766435567628813,scr2010,avaConv,runOfRiver
CH,h5006,0.2766435567628813,scr2010,avaConv,runOfRiver
CH,h5007,0.2766435567628813,scr2010,avaConv,runOfRiver
CH,h5008,0.2766435567628813,scr2010,avaConv,runOfRiver
CH,h5009,0.2766435567628813,scr2010,avaConv,runOfRiver
CH,h5010,0.2766435567628813,scr2010,avaConv,runOfRiver
CH,h5011,0.2766435567628813,scr2010,avaConv,runOfRiver
CH,h5012,0.2766435567628813,scr2010,avaConv,runOfRiver
CH,h5013,0.2766435567628813,scr2010,avaConv,runOfRiver
CH,h5014,0.2766435567628813,scr2010,avaConv,runOfRiver
CH,h5015,0.2766435567628813,scr2010,avaConv,runOfRiver
CH,h5016,0.2766435567628813,scr2010,avaConv,runOfRiver
CH,h5017,0.27462683640874064,scr2010,avaConv,runOfRiver
CH,h5018,0.2726101175356074,scr2010,avaConv,runOfRiver
CH,h5019,0.270593400154437,scr2010,avaConv,runOfRiver
CH,h5020,0.270593400154437,scr2010,avaConv,runOfRiver
CH,h5021,0.270593400154437,scr2010,avaConv,runOfRiver
CH,h5022,0.270593400154437,scr2010,avaConv,runOfRiver
CH,h5023,0.270593400154437,scr2010,avaConv,runOfRiver
CH,h5024,0.270593400154437,scr2010,avaConv,runOfRiver
CH,h5025,0.270593400154437,scr2010,avaConv,runOfRiver
CH,h5026,0.270593400154437,scr2010,avaConv,runOfRiver
CH,h5027,0.270593400154437,scr2010,avaConv,runOfRiver
CH,h5028,0.270593400154437,scr2010,avaConv,runOfRiver
CH,h5029,0.270593400154437,scr2010,avaConv,runOfRiver
CH,h5030,0.270593400154437,scr2010,avaConv,runOfRiver
CH,h5031,0.270593400154437,scr2010,avaConv,runOfRiver
CH,h5032,0.270593400154437,scr2010,avaConv,runOfRiver
CH,h5033,0.270593400154437,scr2010,avaConv,runOfRiver
CH,h5034,0.270593400154437,scr2010,avaConv,runOfRiver
CH,h5035,0.270593400154437,scr2010,avaConv,runOfRiver
CH,h5036,0.270593400154437,scr2010,avaConv,runOfRiver
CH,h5037,0.270593400154437,scr2010,avaConv,runOfRiver
CH,h5038,0.270593400154437,scr2010,avaConv,runOfRiver
CH,h5039,0.270593400154437,scr2010,avaConv,runOfRiver
CH,h5040,0.270593400154437,scr2010,avaConv,runOfRiver
CH,h5041,0.26968443303097556,scr2010,avaConv,runOfRiver
CH,h5042,0.26877546621388493,scr2010,avaConv,runOfRiver
CH,h5043,0.26786649970420107,scr2010,avaConv,runOfRiver
CH,h5044,0.26786649970420107,scr2010,avaConv,runOfRiver
CH,h5045,0.26786649970420107,scr2010,avaConv,runOfRiver
CH,h5046,0.26786649970420107,scr2010,avaConv,runOfRiver
CH,h5047,0.26786649970420107,scr2010,avaConv,runOfRiver
CH,h5048,0.26786649970420107,scr2010,avaConv,runOfRiver
CH,h5049,0.26786649970420107,scr2010,avaConv,runOfRiver
CH,h5050,0.26786649970420107,scr2010,avaConv,runOfRiver
CH,h5051,0.26786649970420107,scr2010,avaConv,runOfRiver
CH,h5052,0.26786649970420107,scr2010,avaConv,runOfRiver
CH,h5053,0.26786649970420107,scr2010,avaConv,runOfRiver
CH,h5054,0.26786649970420107,scr2010,avaConv,runOfRiver
CH,h5055,0.26786649970420107,scr2010,avaConv,runOfRiver
CH,h5056,0.26786649970420107,scr2010,avaConv,runOfRiver
CH,h5057,0.26786649970420107,scr2010,avaConv,runOfRiver
CH,h5058,0.26786649970420107,scr2010,avaConv,runOfRiver
CH,h5059,0.26786649970420107,scr2010,avaConv,runOfRiver
CH,h5060,0.26786649970420107,scr2010,avaConv,runOfRiver
CH,h5061,0.26786649970420107,scr2010,avaConv,runOfRiver
CH,h5062,0.26786649970420107,scr2010,avaConv,runOfRiver
CH,h5063,0.26786649970420107,scr2010,avaConv,runOfRiver
CH,h5064,0.26786649970420107,scr2010,avaConv,runOfRiver
CH,h5065,0.2669377623611443,scr2010,avaConv,runOfRiver
CH,h5066,0.26600902534122184,scr2010,avaConv,runOfRiver
CH,h5067,0.265080288645562,scr2010,avaConv,runOfRiver
CH,h5068,0.265080288645562,scr2010,avaConv,runOfRiver
CH,h5069,0.265080288645562,scr2010,avaConv,runOfRiver
CH,h5070,0.265080288645562,scr2010,avaConv,runOfRiver
CH,h5071,0.265080288645562,scr2010,avaConv,runOfRiver
CH,h5072,0.265080288645562,scr2010,avaConv,runOfRiver
CH,h5073,0.265080288645562,scr2010,avaConv,runOfRiver
CH,h5074,0.265080288645562,scr2010,avaConv,runOfRiver
CH,h5075,0.265080288645562,scr2010,avaConv,runOfRiver
CH,h5076,0.265080288645562,scr2010,avaConv,runOfRiver
CH,h5077,0.265080288645562,scr2010,avaConv,runOfRiver
CH,h5078,0.265080288645562,scr2010,avaConv,runOfRiver
CH,h5079,0.265080288645562,scr2010,avaConv,runOfRiver
CH,h5080,0.265080288645562,scr2010,avaConv,runOfRiver
CH,h5081,0.265080288645562,scr2010,avaConv,runOfRiver
CH,h5082,0.265080288645562,scr2010,avaConv,runOfRiver
CH,h5083,0.265080288645562,scr2010,avaConv,runOfRiver
CH,h5084,0.265080288645562,scr2010,avaConv,runOfRiver
CH,h5085,0.265080288645562,scr2010,avaConv,runOfRiver
CH,h5086,0.265080288645562,scr2010,avaConv,runOfRiver
CH,h5087,0.265080288645562,scr2010,avaConv,runOfRiver
CH,h5088,0.265080288645562,scr2010,avaConv,runOfRiver
CH,h5089,0.26358070837095615,scr2010,avaConv,runOfRiver
CH,h5090,0.26208112894951974,scr2010,avaConv,runOfRiver
CH,h5091,0.26058155038613395,scr2010,avaConv,runOfRiver
CH,h5092,0.26058155038613395,scr2010,avaConv,runOfRiver
CH,h5093,0.26058155038613395,scr2010,avaConv,runOfRiver
CH,h5094,0.26058155038613395,scr2010,avaConv,runOfRiver
CH,h5095,0.26058155038613395,scr2010,avaConv,runOfRiver
CH,h5096,0.26058155038613395,scr2010,avaConv,runOfRiver
CH,h5097,0.26058155038613395,scr2010,avaConv,runOfRiver
CH,h5098,0.26058155038613395,scr2010,avaConv,runOfRiver
CH,h5099,0.26058155038613395,scr2010,avaConv,runOfRiver
CH,h5100,0.26058155038613395,scr2010,avaConv,runOfRiver
CH,h5101,0.26058155038613395,scr2010,avaConv,runOfRiver
CH,h5102,0.26058155038613395,scr2010,avaConv,runOfRiver
CH,h5103,0.26058155038613395,scr2010,avaConv,runOfRiver
CH,h5104,0.26058155038613395,scr2010,avaConv,runOfRiver
CH,h5105,0.26058155038613395,scr2010,avaConv,runOfRiver
CH,h5106,0.26058155038613395,scr2010,avaConv,runOfRiver
CH,h5107,0.26058155038613395,scr2010,avaConv,runOfRiver
CH,h5108,0.26058155038613395,scr2010,avaConv,runOfRiver
CH,h5109,0.26058155038613395,scr2010,avaConv,runOfRiver
CH,h5110,0.26058155038613395,scr2010,avaConv,runOfRiver
CH,h5111,0.26058155038613395,scr2010,avaConv,runOfRiver
CH,h5112,0.26058155038613395,scr2010,avaConv,runOfRiver
CH,h5113,0.25913843205967535,scr2010,avaConv,runOfRiver
CH,h5114,0.25769531453689487,scr2010,avaConv,runOfRiver
CH,h5115,0.256252197822293,scr2010,avaConv,runOfRiver
CH,h5116,0.256252197822293,scr2010,avaConv,runOfRiver
CH,h5117,0.256252197822293,scr2010,avaConv,runOfRiver
CH,h5118,0.256252197822293,scr2010,avaConv,runOfRiver
CH,h5119,0.256252197822293,scr2010,avaConv,runOfRiver
CH,h5120,0.256252197822293,scr2010,avaConv,runOfRiver
CH,h5121,0.256252197822293,scr2010,avaConv,runOfRiver
CH,h5122,0.256252197822293,scr2010,avaConv,runOfRiver
CH,h5123,0.256252197822293,scr2010,avaConv,runOfRiver
CH,h5124,0.256252197822293,scr2010,avaConv,runOfRiver
CH,h5125,0.256252197822293,scr2010,avaConv,runOfRiver
CH,h5126,0.256252197822293,scr2010,avaConv,runOfRiver
CH,h5127,0.256252197822293,scr2010,avaConv,runOfRiver
CH,h5128,0.256252197822293,scr2010,avaConv,runOfRiver
CH,h5129,0.256252197822293,scr2010,avaConv,runOfRiver
CH,h5130,0.256252197822293,scr2010,avaConv,runOfRiver
CH,h5131,0.256252197822293,scr2010,avaConv,runOfRiver
CH,h5132,0.256252197822293,scr2010,avaConv,runOfRiver
CH,h5133,0.256252197822293,scr2010,avaConv,runOfRiver
CH,h5134,0.256252197822293,scr2010,avaConv,runOfRiver
CH,h5135,0.256252197822293,scr2010,avaConv,runOfRiver
CH,h5136,0.256252197822293,scr2010,avaConv,runOfRiver
CH,h5137,0.25450116090634434,scr2010,avaConv,runOfRiver
CH,h5138,0.25275012519519047,scr2010,avaConv,runOfRiver
CH,h5139,0.2509990906971774,scr2010,avaConv,runOfRiver
CH,h5140,0.2509990906971774,scr2010,avaConv,runOfRiver
CH,h5141,0.2509990906971774,scr2010,avaConv,runOfRiver
CH,h5142,0.2509990906971774,scr2010,avaConv,runOfRiver
CH,h5143,0.2509990906971774,scr2010,avaConv,runOfRiver
CH,h5144,0.2509990906971774,scr2010,avaConv,runOfRiver
CH,h5145,0.2509990906971774,scr2010,avaConv,runOfRiver
CH,h5146,0.2509990906971774,scr2010,avaConv,runOfRiver
CH,h5147,0.2509990906971774,scr2010,avaConv,runOfRiver
CH,h5148,0.2509990906971774,scr2010,avaConv,runOfRiver
CH,h5149,0.2509990906971774,scr2010,avaConv,runOfRiver
CH,h5150,0.2509990906971774,scr2010,avaConv,runOfRiver
CH,h5151,0.2509990906971774,scr2010,avaConv,runOfRiver
CH,h5152,0.2509990906971774,scr2010,avaConv,runOfRiver
CH,h5153,0.2509990906971774,scr2010,avaConv,runOfRiver
CH,h5154,0.2509990906971774,scr2010,avaConv,runOfRiver
CH,h5155,0.2509990906971774,scr2010,avaConv,runOfRiver
CH,h5156,0.2509990906971774,scr2010,avaConv,runOfRiver
CH,h5157,0.2509990906971774,scr2010,avaConv,runOfRiver
CH,h5158,0.2509990906971774,scr2010,avaConv,runOfRiver
CH,h5159,0.2509990906971774,scr2010,avaConv,runOfRiver
CH,h5160,0.2509990906971774,scr2010,avaConv,runOfRiver
CH,h5161,0.24960170691340522,scr2010,avaConv,runOfRiver
CH,h5162,0.2482043239119739,scr2010,avaConv,runOfRiver
CH,h5163,0.24680694169728765,scr2010,avaConv,runOfRiver
CH,h5164,0.24680694169728765,scr2010,avaConv,runOfRiver
CH,h5165,0.24680694169728765,scr2010,avaConv,runOfRiver
CH,h5166,0.24680694169728765,scr2010,avaConv,runOfRiver
CH,h5167,0.24680694169728765,scr2010,avaConv,runOfRiver
CH,h5168,0.24680694169728765,scr2010,avaConv,runOfRiver
CH,h5169,0.24680694169728765,scr2010,avaConv,runOfRiver
CH,h5170,0.24680694169728765,scr2010,avaConv,runOfRiver
CH,h5171,0.24680694169728765,scr2010,avaConv,runOfRiver
CH,h5172,0.24680694169728765,scr2010,avaConv,runOfRiver
CH,h5173,0.24680694169728765,scr2010,avaConv,runOfRiver
CH,h5174,0.24680694169728765,scr2010,avaConv,runOfRiver
CH,h5175,0.24680694169728765,scr2010,avaConv,runOfRiver
CH,h5176,0.24680694169728765,scr2010,avaConv,runOfRiver
CH,h5177,0.24680694169728765,scr2010,avaConv,runOfRiver
CH,h5178,0.24680694169728765,scr2010,avaConv,runOfRiver
CH,h5179,0.24680694169728765,scr2010,avaConv,runOfRiver
CH,h5180,0.24680694169728765,scr2010,avaConv,runOfRiver
CH,h5181,0.24680694169728765,scr2010,avaConv,runOfRiver
CH,h5182,0.24680694169728765,scr2010,avaConv,runOfRiver
CH,h5183,0.24680694169728765,scr2010,avaConv,runOfRiver
CH,h5184,0.24680694169728765,scr2010,avaConv,runOfRiver
CH,h5185,0.24547523981276737,scr2010,avaConv,runOfRiver
CH,h5186,0.2441435386507162,scr2010,avaConv,runOfRiver
CH,h5187,0.24281183821507463,scr2010,avaConv,runOfRiver
CH,h5188,0.24281183821507463,scr2010,avaConv,runOfRiver
CH,h5189,0.24281183821507463,scr2010,avaConv,runOfRiver
CH,h5190,0.24281183821507463,scr2010,avaConv,runOfRiver
CH,h5191,0.24281183821507463,scr2010,avaConv,runOfRiver
CH,h5192,0.24281183821507463,scr2010,avaConv,runOfRiver
CH,h5193,0.24281183821507463,scr2010,avaConv,runOfRiver
CH,h5194,0.24281183821507463,scr2010,avaConv,runOfRiver
CH,h5195,0.24281183821507463,scr2010,avaConv,runOfRiver
CH,h5196,0.24281183821507463,scr2010,avaConv,runOfRiver
CH,h5197,0.24281183821507463,scr2010,avaConv,runOfRiver
CH,h5198,0.24281183821507463,scr2010,avaConv,runOfRiver
CH,h5199,0.24281183821507463,scr2010,avaConv,runOfRiver
CH,h5200,0.24281183821507463,scr2010,avaConv,runOfRiver
CH,h5201,0.24281183821507463,scr2010,avaConv,runOfRiver
CH,h5202,0.24281183821507463,scr2010,avaConv,runOfRiver
CH,h5203,0.24281183821507463,scr2010,avaConv,runOfRiver
CH,h5204,0.24281183821507463,scr2010,avaConv,runOfRiver
CH,h5205,0.24281183821507463,scr2010,avaConv,runOfRiver
CH,h5206,0.24281183821507463,scr2010,avaConv,runOfRiver
CH,h5207,0.24281183821507463,scr2010,avaConv,runOfRiver
CH,h5208,0.24281183821507463,scr2010,avaConv,runOfRiver
CH,h5209,0.24140113212680123,scr2010,avaConv,runOfRiver
CH,h5210,0.23999042686294675,scr2010,avaConv,runOfRiver
CH,h5211,0.238579722428357,scr2010,avaConv,runOfRiver
CH,h5212,0.238579722428357,scr2010,avaConv,runOfRiver
CH,h5213,0.238579722428357,scr2010,avaConv,runOfRiver
CH,h5214,0.238579722428357,scr2010,avaConv,runOfRiver
CH,h5215,0.238579722428357,scr2010,avaConv,runOfRiver
CH,h5216,0.238579722428357,scr2010,avaConv,runOfRiver
CH,h5217,0.238579722428357,scr2010,avaConv,runOfRiver
CH,h5218,0.238579722428357,scr2010,avaConv,runOfRiver
CH,h5219,0.238579722428357,scr2010,avaConv,runOfRiver
CH,h5220,0.238579722428357,scr2010,avaConv,runOfRiver
CH,h5221,0.238579722428357,scr2010,avaConv,runOfRiver
CH,h5222,0.238579722428357,scr2010,avaConv,runOfRiver
CH,h5223,0.238579722428357,scr2010,avaConv,runOfRiver
CH,h5224,0.238579722428357,scr2010,avaConv,runOfRiver
CH,h5225,0.238579722428357,scr2010,avaConv,runOfRiver
CH,h5226,0.238579722428357,scr2010,avaConv,runOfRiver
CH,h5227,0.238579722428357,scr2010,avaConv,runOfRiver
CH,h5228,0.238579722428357,scr2010,avaConv,runOfRiver
CH,h5229,0.238579722428357,scr2010,avaConv,runOfRiver
CH,h5230,0.238579722428357,scr2010,avaConv,runOfRiver
CH,h5231,0.238579722428357,scr2010,avaConv,runOfRiver
CH,h5232,0.238579722428357,scr2010,avaConv,runOfRiver
CH,h5233,0.23701514412625185,scr2010,avaConv,runOfRiver
CH,h5234,0.23545056685698984,scr2010,avaConv,runOfRiver
CH,h5235,0.23388599062743384,scr2010,avaConv,runOfRiver
CH,h5236,0.23388599062743384,scr2010,avaConv,runOfRiver
CH,h5237,0.23388599062743384,scr2010,avaConv,runOfRiver
CH,h5238,0.23388599062743384,scr2010,avaConv,runOfRiver
CH,h5239,0.23388599062743384,scr2010,avaConv,runOfRiver
CH,h5240,0.23388599062743384,scr2010,avaConv,runOfRiver
CH,h5241,0.23388599062743384,scr2010,avaConv,runOfRiver
CH,h5242,0.23388599062743384,scr2010,avaConv,runOfRiver
CH,h5243,0.23388599062743384,scr2010,avaConv,runOfRiver
CH,h5244,0.23388599062743384,scr2010,avaConv,runOfRiver
CH,h5245,0.23388599062743384,scr2010,avaConv,runOfRiver
CH,h5246,0.23388599062743384,scr2010,avaConv,runOfRiver
CH,h5247,0.23388599062743384,scr2010,avaConv,runOfRiver
CH,h5248,0.23388599062743384,scr2010,avaConv,runOfRiver
CH,h5249,0.23388599062743384,scr2010,avaConv,runOfRiver
CH,h5250,0.23388599062743384,scr2010,avaConv,runOfRiver
CH,h5251,0.23388599062743384,scr2010,avaConv,runOfRiver
CH,h5252,0.23388599062743384,scr2010,avaConv,runOfRiver
CH,h5253,0.23388599062743384,scr2010,avaConv,runOfRiver
CH,h5254,0.23388599062743384,scr2010,avaConv,runOfRiver
CH,h5255,0.23388599062743384,scr2010,avaConv,runOfRiver
CH,h5256,0.23388599062743384,scr2010,avaConv,runOfRiver
CH,h5257,0.23270982110626995,scr2010,avaConv,runOfRiver
CH,h5258,0.2315336521795909,scr2010,avaConv,runOfRiver
CH,h5259,0.23035748385041646,scr2010,avaConv,runOfRiver
CH,h5260,0.23035748385041646,scr2010,avaConv,runOfRiver
CH,h5261,0.23035748385041646,scr2010,avaConv,runOfRiver
CH,h5262,0.23035748385041646,scr2010,avaConv,runOfRiver
CH,h5263,0.23035748385041646,scr2010,avaConv,runOfRiver
CH,h5264,0.23035748385041646,scr2010,avaConv,runOfRiver
CH,h5265,0.23035748385041646,scr2010,avaConv,runOfRiver
CH,h5266,0.23035748385041646,scr2010,avaConv,runOfRiver
CH,h5267,0.23035748385041646,scr2010,avaConv,runOfRiver
CH,h5268,0.23035748385041646,scr2010,avaConv,runOfRiver
CH,h5269,0.23035748385041646,scr2010,avaConv,runOfRiver
CH,h5270,0.23035748385041646,scr2010,avaConv,runOfRiver
CH,h5271,0.23035748385041646,scr2010,avaConv,runOfRiver
CH,h5272,0.23035748385041646,scr2010,avaConv,runOfRiver
CH,h5273,0.23035748385041646,scr2010,avaConv,runOfRiver
CH,h5274,0.23035748385041646,scr2010,avaConv,runOfRiver
CH,h5275,0.23035748385041646,scr2010,avaConv,runOfRiver
CH,h5276,0.23035748385041646,scr2010,avaConv,runOfRiver
CH,h5277,0.23035748385041646,scr2010,avaConv,runOfRiver
CH,h5278,0.23035748385041646,scr2010,avaConv,runOfRiver
CH,h5279,0.23035748385041646,scr2010,avaConv,runOfRiver
CH,h5280,0.23035748385041646,scr2010,avaConv,runOfRiver
CH,h5281,0.22946568246487317,scr2010,avaConv,runOfRiver
CH,h5282,0.22857388142593457,scr2010,avaConv,runOfRiver
CH,h5283,0.22768208073495275,scr2010,avaConv,runOfRiver
CH,h5284,0.22768208073495275,scr2010,avaConv,runOfRiver
CH,h5285,0.22768208073495275,scr2010,avaConv,runOfRiver
CH,h5286,0.22768208073495275,scr2010,avaConv,runOfRiver
CH,h5287,0.22768208073495275,scr2010,avaConv,runOfRiver
CH,h5288,0.22768208073495275,scr2010,avaConv,runOfRiver
CH,h5289,0.22768208073495275,scr2010,avaConv,runOfRiver
CH,h5290,0.22768208073495275,scr2010,avaConv,runOfRiver
CH,h5291,0.22768208073495275,scr2010,avaConv,runOfRiver
CH,h5292,0.22768208073495275,scr2010,avaConv,runOfRiver
CH,h5293,0.22768208073495275,scr2010,avaConv,runOfRiver
CH,h5294,0.22768208073495275,scr2010,avaConv,runOfRiver
CH,h5295,0.22768208073495275,scr2010,avaConv,runOfRiver
CH,h5296,0.22768208073495275,scr2010,avaConv,runOfRiver
CH,h5297,0.22768208073495275,scr2010,avaConv,runOfRiver
CH,h5298,0.22768208073495275,scr2010,avaConv,runOfRiver
CH,h5299,0.22768208073495275,scr2010,avaConv,runOfRiver
CH,h5300,0.22768208073495275,scr2010,avaConv,runOfRiver
CH,h5301,0.22768208073495275,scr2010,avaConv,runOfRiver
CH,h5302,0.22768208073495275,scr2010,avaConv,runOfRiver
CH,h5303,0.22768208073495275,scr2010,avaConv,runOfRiver
CH,h5304,0.22768208073495275,scr2010,avaConv,runOfRiver
CH,h5305,0.22627794302981502,scr2010,avaConv,runOfRiver
CH,h5306,0.22487380619603278,scr2010,avaConv,runOfRiver
CH,h5307,0.22346967023904654,scr2010,avaConv,runOfRiver
CH,h5308,0.22346967023904654,scr2010,avaConv,runOfRiver
CH,h5309,0.22346967023904654,scr2010,avaConv,runOfRiver
CH,h5310,0.22346967023904654,scr2010,avaConv,runOfRiver
CH,h5311,0.22346967023904654,scr2010,avaConv,runOfRiver
CH,h5312,0.22346967023904654,scr2010,avaConv,runOfRiver
CH,h5313,0.22346967023904654,scr2010,avaConv,runOfRiver
CH,h5314,0.22346967023904654,scr2010,avaConv,runOfRiver
CH,h5315,0.22346967023904654,scr2010,avaConv,runOfRiver
CH,h5316,0.22346967023904654,scr2010,avaConv,runOfRiver
CH,h5317,0.22346967023904654,scr2010,avaConv,runOfRiver
CH,h5318,0.22346967023904654,scr2010,avaConv,runOfRiver
CH,h5319,0.22346967023904654,scr2010,avaConv,runOfRiver
CH,h5320,0.22346967023904654,scr2010,avaConv,runOfRiver
CH,h5321,0.22346967023904654,scr2010,avaConv,runOfRiver
CH,h5322,0.22346967023904654,scr2010,avaConv,runOfRiver
CH,h5323,0.22346967023904654,scr2010,avaConv,runOfRiver
CH,h5324,0.22346967023904654,scr2010,avaConv,runOfRiver
CH,h5325,0.22346967023904654,scr2010,avaConv,runOfRiver
CH,h5326,0.22346967023904654,scr2010,avaConv,runOfRiver
CH,h5327,0.22346967023904654,scr2010,avaConv,runOfRiver
CH,h5328,0.22346967023904654,scr2010,avaConv,runOfRiver
CH,h5329,0.22230228558004508,scr2010,avaConv,runOfRiver
CH,h5330,0.22113490153410295,scr2010,avaConv,runOfRiver
CH,h5331,0.2199675181044564,scr2010,avaConv,runOfRiver
CH,h5332,0.2199675181044564,scr2010,avaConv,runOfRiver
CH,h5333,0.2199675181044564,scr2010,avaConv,runOfRiver
CH,h5334,0.2199675181044564,scr2010,avaConv,runOfRiver
CH,h5335,0.2199675181044564,scr2010,avaConv,runOfRiver
CH,h5336,0.2199675181044564,scr2010,avaConv,runOfRiver
CH,h5337,0.2199675181044564,scr2010,avaConv,runOfRiver
CH,h5338,0.2199675181044564,scr2010,avaConv,runOfRiver
CH,h5339,0.2199675181044564,scr2010,avaConv,runOfRiver
CH,h5340,0.2199675181044564,scr2010,avaConv,runOfRiver
CH,h5341,0.2199675181044564,scr2010,avaConv,runOfRiver
CH,h5342,0.2199675181044564,scr2010,avaConv,runOfRiver
CH,h5343,0.2199675181044564,scr2010,avaConv,runOfRiver
CH,h5344,0.2199675181044564,scr2010,avaConv,runOfRiver
CH,h5345,0.2199675181044564,scr2010,avaConv,runOfRiver
CH,h5346,0.2199675181044564,scr2010,avaConv,runOfRiver
CH,h5347,0.2199675181044564,scr2010,avaConv,runOfRiver
CH,h5348,0.2199675181044564,scr2010,avaConv,runOfRiver
CH,h5349,0.2199675181044564,scr2010,avaConv,runOfRiver
CH,h5350,0.2199675181044564,scr2010,avaConv,runOfRiver
CH,h5351,0.2199675181044564,scr2010,avaConv,runOfRiver
CH,h5352,0.2199675181044564,scr2010,avaConv,runOfRiver
CH,h5353,0.22005626550957338,scr2010,avaConv,runOfRiver
CH,h5354,0.22014501291826963,scr2010,avaConv,runOfRiver
CH,h5355,0.22023376033054376,scr2010,avaConv,runOfRiver
CH,h5356,0.22023376033054376,scr2010,avaConv,runOfRiver
CH,h5357,0.22023376033054376,scr2010,avaConv,runOfRiver
CH,h5358,0.22023376033054376,scr2010,avaConv,runOfRiver
CH,h5359,0.22023376033054376,scr2010,avaConv,runOfRiver
CH,h5360,0.22023376033054376,scr2010,avaConv,runOfRiver
CH,h5361,0.22023376033054376,scr2010,avaConv,runOfRiver
CH,h5362,0.22023376033054376,scr2010,avaConv,runOfRiver
CH,h5363,0.22023376033054376,scr2010,avaConv,runOfRiver
CH,h5364,0.22023376033054376,scr2010,avaConv,runOfRiver
CH,h5365,0.22023376033054376,scr2010,avaConv,runOfRiver
CH,h5366,0.22023376033054376,scr2010,avaConv,runOfRiver
CH,h5367,0.22023376033054376,scr2010,avaConv,runOfRiver
CH,h5368,0.22023376033054376,scr2010,avaConv,runOfRiver
CH,h5369,0.22023376033054376,scr2010,avaConv,runOfRiver
CH,h5370,0.22023376033054376,scr2010,avaConv,runOfRiver
CH,h5371,0.22023376033054376,scr2010,avaConv,runOfRiver
CH,h5372,0.22023376033054376,scr2010,avaConv,runOfRiver
CH,h5373,0.22023376033054376,scr2010,avaConv,runOfRiver
CH,h5374,0.22023376033054376,scr2010,avaConv,runOfRiver
CH,h5375,0.22023376033054376,scr2010,avaConv,runOfRiver
CH,h5376,0.22023376033054376,scr2010,avaConv,runOfRiver
CH,h5377,0.2200690269031221,scr2010,avaConv,runOfRiver
CH,h5378,0.21990429348803212,scr2010,avaConv,runOfRiver
CH,h5379,0.21973956008528306,scr2010,avaConv,runOfRiver
CH,h5380,0.21973956008528306,scr2010,avaConv,runOfRiver
CH,h5381,0.21973956008528306,scr2010,avaConv,runOfRiver
CH,h5382,0.21973956008528306,scr2010,avaConv,runOfRiver
CH,h5383,0.21973956008528306,scr2010,avaConv,runOfRiver
CH,h5384,0.21973956008528306,scr2010,avaConv,runOfRiver
CH,h5385,0.21973956008528306,scr2010,avaConv,runOfRiver
CH,h5386,0.21973956008528306,scr2010,avaConv,runOfRiver
CH,h5387,0.21973956008528306,scr2010,avaConv,runOfRiver
CH,h5388,0.21973956008528306,scr2010,avaConv,runOfRiver
CH,h5389,0.21973956008528306,scr2010,avaConv,runOfRiver
CH,h5390,0.21973956008528306,scr2010,avaConv,runOfRiver
CH,h5391,0.21973956008528306,scr2010,avaConv,runOfRiver
CH,h5392,0.21973956008528306,scr2010,avaConv,runOfRiver
CH,h5393,0.21973956008528306,scr2010,avaConv,runOfRiver
CH,h5394,0.21973956008528306,scr2010,avaConv,runOfRiver
CH,h5395,0.21973956008528306,scr2010,avaConv,runOfRiver
CH,h5396,0.21973956008528306,scr2010,avaConv,runOfRiver
CH,h5397,0.21973956008528306,scr2010,avaConv,runOfRiver
CH,h5398,0.21973956008528306,scr2010,avaConv,runOfRiver
CH,h5399,0.21973956008528306,scr2010,avaConv,runOfRiver
CH,h5400,0.21973956008528306,scr2010,avaConv,runOfRiver
CH,h5401,0.21951875719316877,scr2010,avaConv,runOfRiver
CH,h5402,0.21929795432326477,scr2010,avaConv,runOfRiver
CH,h5403,0.2190771514755935,scr2010,avaConv,runOfRiver
CH,h5404,0.2190771514755935,scr2010,avaConv,runOfRiver
CH,h5405,0.2190771514755935,scr2010,avaConv,runOfRiver
CH,h5406,0.2190771514755935,scr2010,avaConv,runOfRiver
CH,h5407,0.2190771514755935,scr2010,avaConv,runOfRiver
CH,h5408,0.2190771514755935,scr2010,avaConv,runOfRiver
CH,h5409,0.2190771514755935,scr2010,avaConv,runOfRiver
CH,h5410,0.2190771514755935,scr2010,avaConv,runOfRiver
CH,h5411,0.2190771514755935,scr2010,avaConv,runOfRiver
CH,h5412,0.2190771514755935,scr2010,avaConv,runOfRiver
CH,h5413,0.2190771514755935,scr2010,avaConv,runOfRiver
CH,h5414,0.2190771514755935,scr2010,avaConv,runOfRiver
CH,h5415,0.2190771514755935,scr2010,avaConv,runOfRiver
CH,h5416,0.2190771514755935,scr2010,avaConv,runOfRiver
CH,h5417,0.2190771514755935,scr2010,avaConv,runOfRiver
CH,h5418,0.2190771514755935,scr2010,avaConv,runOfRiver
CH,h5419,0.2190771514755935,scr2010,avaConv,runOfRiver
CH,h5420,0.2190771514755935,scr2010,avaConv,runOfRiver
CH,h5421,0.2190771514755935,scr2010,avaConv,runOfRiver
CH,h5422,0.2190771514755935,scr2010,avaConv,runOfRiver
CH,h5423,0.2190771514755935,scr2010,avaConv,runOfRiver
CH,h5424,0.2190771514755935,scr2010,avaConv,runOfRiver
CH,h5425,0.219489709900507,scr2010,avaConv,runOfRiver
CH,h5426,0.21990226840296923,scr2010,avaConv,runOfRiver
CH,h5427,0.22031482698283464,scr2010,avaConv,runOfRiver
CH,h5428,0.22031482698283464,scr2010,avaConv,runOfRiver
CH,h5429,0.22031482698283464,scr2010,avaConv,runOfRiver
CH,h5430,0.22031482698283464,scr2010,avaConv,runOfRiver
CH,h5431,0.22031482698283464,scr2010,avaConv,runOfRiver
CH,h5432,0.22031482698283464,scr2010,avaConv,runOfRiver
CH,h5433,0.22031482698283464,scr2010,avaConv,runOfRiver
CH,h5434,0.22031482698283464,scr2010,avaConv,runOfRiver
CH,h5435,0.22031482698283464,scr2010,avaConv,runOfRiver
CH,h5436,0.22031482698283464,scr2010,avaConv,runOfRiver
CH,h5437,0.22031482698283464,scr2010,avaConv,runOfRiver
CH,h5438,0.22031482698283464,scr2010,avaConv,runOfRiver
CH,h5439,0.22031482698283464,scr2010,avaConv,runOfRiver
CH,h5440,0.22031482698283464,scr2010,avaConv,runOfRiver
CH,h5441,0.22031482698283464,scr2010,avaConv,runOfRiver
CH,h5442,0.22031482698283464,scr2010,avaConv,runOfRiver
CH,h5443,0.22031482698283464,scr2010,avaConv,runOfRiver
CH,h5444,0.22031482698283464,scr2010,avaConv,runOfRiver
CH,h5445,0.22031482698283464,scr2010,avaConv,runOfRiver
CH,h5446,0.22031482698283464,scr2010,avaConv,runOfRiver
CH,h5447,0.22031482698283464,scr2010,avaConv,runOfRiver
CH,h5448,0.22031482698283464,scr2010,avaConv,runOfRiver
CH,h5449,0.2203859248034981,scr2010,avaConv,runOfRiver
CH,h5450,0.2204570226264553,scr2010,avaConv,runOfRiver
CH,h5451,0.22052812045170553,scr2010,avaConv,runOfRiver
CH,h5452,0.22052812045170553,scr2010,avaConv,runOfRiver
CH,h5453,0.22052812045170553,scr2010,avaConv,runOfRiver
CH,h5454,0.22052812045170553,scr2010,avaConv,runOfRiver
CH,h5455,0.22052812045170553,scr2010,avaConv,runOfRiver
CH,h5456,0.22052812045170553,scr2010,avaConv,runOfRiver
CH,h5457,0.22052812045170553,scr2010,avaConv,runOfRiver
CH,h5458,0.22052812045170553,scr2010,avaConv,runOfRiver
CH,h5459,0.22052812045170553,scr2010,avaConv,runOfRiver
CH,h5460,0.22052812045170553,scr2010,avaConv,runOfRiver
CH,h5461,0.22052812045170553,scr2010,avaConv,runOfRiver
CH,h5462,0.22052812045170553,scr2010,avaConv,runOfRiver
CH,h5463,0.22052812045170553,scr2010,avaConv,runOfRiver
CH,h5464,0.22052812045170553,scr2010,avaConv,runOfRiver
CH,h5465,0.22052812045170553,scr2010,avaConv,runOfRiver
CH,h5466,0.22052812045170553,scr2010,avaConv,runOfRiver
CH,h5467,0.22052812045170553,scr2010,avaConv,runOfRiver
CH,h5468,0.22052812045170553,scr2010,avaConv,runOfRiver
CH,h5469,0.22052812045170553,scr2010,avaConv,runOfRiver
CH,h5470,0.22052812045170553,scr2010,avaConv,runOfRiver
CH,h5471,0.22052812045170553,scr2010,avaConv,runOfRiver
CH,h5472,0.22052812045170553,scr2010,avaConv,runOfRiver
CH,h5473,0.22077141060521557,scr2010,avaConv,runOfRiver
CH,h5474,0.22101470078553725,scr2010,avaConv,runOfRiver
CH,h5475,0.22125799099264112,scr2010,avaConv,runOfRiver
CH,h5476,0.22125799099264112,scr2010,avaConv,runOfRiver
CH,h5477,0.22125799099264112,scr2010,avaConv,runOfRiver
CH,h5478,0.22125799099264112,scr2010,avaConv,runOfRiver
CH,h5479,0.22125799099264112,scr2010,avaConv,runOfRiver
CH,h5480,0.22125799099264112,scr2010,avaConv,runOfRiver
CH,h5481,0.22125799099264112,scr2010,avaConv,runOfRiver
CH,h5482,0.22125799099264112,scr2010,avaConv,runOfRiver
CH,h5483,0.22125799099264112,scr2010,avaConv,runOfRiver
CH,h5484,0.22125799099264112,scr2010,avaConv,runOfRiver
CH,h5485,0.22125799099264112,scr2010,avaConv,runOfRiver
CH,h5486,0.22125799099264112,scr2010,avaConv,runOfRiver
CH,h5487,0.22125799099264112,scr2010,avaConv,runOfRiver
CH,h5488,0.22125799099264112,scr2010,avaConv,runOfRiver
CH,h5489,0.22125799099264112,scr2010,avaConv,runOfRiver
CH,h5490,0.22125799099264112,scr2010,avaConv,runOfRiver
CH,h5491,0.22125799099264112,scr2010,avaConv,runOfRiver
CH,h5492,0.22125799099264112,scr2010,avaConv,runOfRiver
CH,h5493,0.22125799099264112,scr2010,avaConv,runOfRiver
CH,h5494,0.22125799099264112,scr2010,avaConv,runOfRiver
CH,h5495,0.22125799099264112,scr2010,avaConv,runOfRiver
CH,h5496,0.22125799099264112,scr2010,avaConv,runOfRiver
CH,h5497,0.22155406044781434,scr2010,avaConv,runOfRiver
CH,h5498,0.22185012994255388,scr2010,avaConv,runOfRiver
CH,h5499,0.22214619947680678,scr2010,avaConv,runOfRiver
CH,h5500,0.22214619947680678,scr2010,avaConv,runOfRiver
CH,h5501,0.22214619947680678,scr2010,avaConv,runOfRiver
CH,h5502,0.22214619947680678,scr2010,avaConv,runOfRiver
CH,h5503,0.22214619947680678,scr2010,avaConv,runOfRiver
CH,h5504,0.22214619947680678,scr2010,avaConv,runOfRiver
CH,h5505,0.22214619947680678,scr2010,avaConv,runOfRiver
CH,h5506,0.22214619947680678,scr2010,avaConv,runOfRiver
CH,h5507,0.22214619947680678,scr2010,avaConv,runOfRiver
CH,h5508,0.22214619947680678,scr2010,avaConv,runOfRiver
CH,h5509,0.22214619947680678,scr2010,avaConv,runOfRiver
CH,h5510,0.22214619947680678,scr2010,avaConv,runOfRiver
CH,h5511,0.22214619947680678,scr2010,avaConv,runOfRiver
CH,h5512,0.22214619947680678,scr2010,avaConv,runOfRiver
CH,h5513,0.22214619947680678,scr2010,avaConv,runOfRiver
CH,h5514,0.22214619947680678,scr2010,avaConv,runOfRiver
CH,h5515,0.22214619947680678,scr2010,avaConv,runOfRiver
CH,h5516,0.22214619947680678,scr2010,avaConv,runOfRiver
CH,h5517,0.22214619947680678,scr2010,avaConv,runOfRiver
CH,h5518,0.22214619947680678,scr2010,avaConv,runOfRiver
CH,h5519,0.22214619947680678,scr2010,avaConv,runOfRiver
CH,h5520,0.22214619947680678,scr2010,avaConv,runOfRiver
CH,h5521,0.2223745164874793,scr2010,avaConv,runOfRiver
CH,h5522,0.22260283352159452,scr2010,avaConv,runOfRiver
CH,h5523,0.22283115057912845,scr2010,avaConv,runOfRiver
CH,h5524,0.22283115057912845,scr2010,avaConv,runOfRiver
CH,h5525,0.22283115057912845,scr2010,avaConv,runOfRiver
CH,h5526,0.22283115057912845,scr2010,avaConv,runOfRiver
CH,h5527,0.22283115057912845,scr2010,avaConv,runOfRiver
CH,h5528,0.22283115057912845,scr2010,avaConv,runOfRiver
CH,h5529,0.22283115057912845,scr2010,avaConv,runOfRiver
CH,h5530,0.22283115057912845,scr2010,avaConv,runOfRiver
CH,h5531,0.22283115057912845,scr2010,avaConv,runOfRiver
CH,h5532,0.22283115057912845,scr2010,avaConv,runOfRiver
CH,h5533,0.22283115057912845,scr2010,avaConv,runOfRiver
CH,h5534,0.22283115057912845,scr2010,avaConv,runOfRiver
CH,h5535,0.22283115057912845,scr2010,avaConv,runOfRiver
CH,h5536,0.22283115057912845,scr2010,avaConv,runOfRiver
CH,h5537,0.22283115057912845,scr2010,avaConv,runOfRiver
CH,h5538,0.22283115057912845,scr2010,avaConv,runOfRiver
CH,h5539,0.22283115057912845,scr2010,avaConv,runOfRiver
CH,h5540,0.22283115057912845,scr2010,avaConv,runOfRiver
CH,h5541,0.22283115057912845,scr2010,avaConv,runOfRiver
CH,h5542,0.22283115057912845,scr2010,avaConv,runOfRiver
CH,h5543,0.22283115057912845,scr2010,avaConv,runOfRiver
CH,h5544,0.22283115057912845,scr2010,avaConv,runOfRiver
CH,h5545,0.22247535129160445,scr2010,avaConv,runOfRiver
CH,h5546,0.22211955206098477,scr2010,avaConv,runOfRiver
CH,h5547,0.22176375288736053,scr2010,avaConv,runOfRiver
CH,h5548,0.22176375288736053,scr2010,avaConv,runOfRiver
CH,h5549,0.22176375288736053,scr2010,avaConv,runOfRiver
CH,h5550,0.22176375288736053,scr2010,avaConv,runOfRiver
CH,h5551,0.22176375288736053,scr2010,avaConv,runOfRiver
CH,h5552,0.22176375288736053,scr2010,avaConv,runOfRiver
CH,h5553,0.22176375288736053,scr2010,avaConv,runOfRiver
CH,h5554,0.22176375288736053,scr2010,avaConv,runOfRiver
CH,h5555,0.22176375288736053,scr2010,avaConv,runOfRiver
CH,h5556,0.22176375288736053,scr2010,avaConv,runOfRiver
CH,h5557,0.22176375288736053,scr2010,avaConv,runOfRiver
CH,h5558,0.22176375288736053,scr2010,avaConv,runOfRiver
CH,h5559,0.22176375288736053,scr2010,avaConv,runOfRiver
CH,h5560,0.22176375288736053,scr2010,avaConv,runOfRiver
CH,h5561,0.22176375288736053,scr2010,avaConv,runOfRiver
CH,h5562,0.22176375288736053,scr2010,avaConv,runOfRiver
CH,h5563,0.22176375288736053,scr2010,avaConv,runOfRiver
CH,h5564,0.22176375288736053,scr2010,avaConv,runOfRiver
CH,h5565,0.22176375288736053,scr2010,avaConv,runOfRiver
CH,h5566,0.22176375288736053,scr2010,avaConv,runOfRiver
CH,h5567,0.22176375288736053,scr2010,avaConv,runOfRiver
CH,h5568,0.22176375288736053,scr2010,avaConv,runOfRiver
CH,h5569,0.2205295280006016,scr2010,avaConv,runOfRiver
CH,h5570,0.21929530380462475,scr2010,avaConv,runOfRiver
CH,h5571,0.21806108030331767,scr2010,avaConv,runOfRiver
CH,h5572,0.21806108030331767,scr2010,avaConv,runOfRiver
CH,h5573,0.21806108030331767,scr2010,avaConv,runOfRiver
CH,h5574,0.21806108030331767,scr2010,avaConv,runOfRiver
CH,h5575,0.21806108030331767,scr2010,avaConv,runOfRiver
CH,h5576,0.21806108030331767,scr2010,avaConv,runOfRiver
CH,h5577,0.21806108030331767,scr2010,avaConv,runOfRiver
CH,h5578,0.21806108030331767,scr2010,avaConv,runOfRiver
CH,h5579,0.21806108030331767,scr2010,avaConv,runOfRiver
CH,h5580,0.21806108030331767,scr2010,avaConv,runOfRiver
CH,h5581,0.21806108030331767,scr2010,avaConv,runOfRiver
CH,h5582,0.21806108030331767,scr2010,avaConv,runOfRiver
CH,h5583,0.21806108030331767,scr2010,avaConv,runOfRiver
CH,h5584,0.21806108030331767,scr2010,avaConv,runOfRiver
CH,h5585,0.21806108030331767,scr2010,avaConv,runOfRiver
CH,h5586,0.21806108030331767,scr2010,avaConv,runOfRiver
CH,h5587,0.21806108030331767,scr2010,avaConv,runOfRiver
CH,h5588,0.21806108030331767,scr2010,avaConv,runOfRiver
CH,h5589,0.21806108030331767,scr2010,avaConv,runOfRiver
CH,h5590,0.21806108030331767,scr2010,avaConv,runOfRiver
CH,h5591,0.21806108030331767,scr2010,avaConv,runOfRiver
CH,h5592,0.21806108030331767,scr2010,avaConv,runOfRiver
CH,h5593,0.21762140788143153,scr2010,avaConv,runOfRiver
CH,h5594,0.2171817355483785,scr2010,avaConv,runOfRiver
CH,h5595,0.2167420633043385,scr2010,avaConv,runOfRiver
CH,h5596,0.2167420633043385,scr2010,avaConv,runOfRiver
CH,h5597,0.2167420633043385,scr2010,avaConv,runOfRiver
CH,h5598,0.2167420633043385,scr2010,avaConv,runOfRiver
CH,h5599,0.2167420633043385,scr2010,avaConv,runOfRiver
CH,h5600,0.2167420633043385,scr2010,avaConv,runOfRiver
CH,h5601,0.2167420633043385,scr2010,avaConv,runOfRiver
CH,h5602,0.2167420633043385,scr2010,avaConv,runOfRiver
CH,h5603,0.2167420633043385,scr2010,avaConv,runOfRiver
CH,h5604,0.2167420633043385,scr2010,avaConv,runOfRiver
CH,h5605,0.2167420633043385,scr2010,avaConv,runOfRiver
CH,h5606,0.2167420633043385,scr2010,avaConv,runOfRiver
CH,h5607,0.2167420633043385,scr2010,avaConv,runOfRiver
CH,h5608,0.2167420633043385,scr2010,avaConv,runOfRiver
CH,h5609,0.2167420633043385,scr2010,avaConv,runOfRiver
CH,h5610,0.2167420633043385,scr2010,avaConv,runOfRiver
CH,h5611,0.2167420633043385,scr2010,avaConv,runOfRiver
CH,h5612,0.2167420633043385,scr2010,avaConv,runOfRiver
CH,h5613,0.2167420633043385,scr2010,avaConv,runOfRiver
CH,h5614,0.2167420633043385,scr2010,avaConv,runOfRiver
CH,h5615,0.2167420633043385,scr2010,avaConv,runOfRiver
CH,h5616,0.2167420633043385,scr2010,avaConv,runOfRiver
CH,h5617,0.2163985901253251,scr2010,avaConv,runOfRiver
CH,h5618,0.21605511700083094,scr2010,avaConv,runOfRiver
CH,h5619,0.21571164393094266,scr2010,avaConv,runOfRiver
CH,h5620,0.21571164393094266,scr2010,avaConv,runOfRiver
CH,h5621,0.21571164393094266,scr2010,avaConv,runOfRiver
CH,h5622,0.21571164393094266,scr2010,avaConv,runOfRiver
CH,h5623,0.21571164393094266,scr2010,avaConv,runOfRiver
CH,h5624,0.21571164393094266,scr2010,avaConv,runOfRiver
CH,h5625,0.21571164393094266,scr2010,avaConv,runOfRiver
CH,h5626,0.21571164393094266,scr2010,avaConv,runOfRiver
CH,h5627,0.21571164393094266,scr2010,avaConv,runOfRiver
CH,h5628,0.21571164393094266,scr2010,avaConv,runOfRiver
CH,h5629,0.21571164393094266,scr2010,avaConv,runOfRiver
CH,h5630,0.21571164393094266,scr2010,avaConv,runOfRiver
CH,h5631,0.21571164393094266,scr2010,avaConv,runOfRiver
CH,h5632,0.21571164393094266,scr2010,avaConv,runOfRiver
CH,h5633,0.21571164393094266,scr2010,avaConv,runOfRiver
CH,h5634,0.21571164393094266,scr2010,avaConv,runOfRiver
CH,h5635,0.21571164393094266,scr2010,avaConv,runOfRiver
CH,h5636,0.21571164393094266,scr2010,avaConv,runOfRiver
CH,h5637,0.21571164393094266,scr2010,avaConv,runOfRiver
CH,h5638,0.21571164393094266,scr2010,avaConv,runOfRiver
CH,h5639,0.21571164393094266,scr2010,avaConv,runOfRiver
CH,h5640,0.21571164393094266,scr2010,avaConv,runOfRiver
CH,h5641,0.21509257390684128,scr2010,avaConv,runOfRiver
CH,h5642,0.21447350406092575,scr2010,avaConv,runOfRiver
CH,h5643,0.21385443439371044,scr2010,avaConv,runOfRiver
CH,h5644,0.21385443439371044,scr2010,avaConv,runOfRiver
CH,h5645,0.21385443439371044,scr2010,avaConv,runOfRiver
CH,h5646,0.21385443439371044,scr2010,avaConv,runOfRiver
CH,h5647,0.21385443439371044,scr2010,avaConv,runOfRiver
CH,h5648,0.21385443439371044,scr2010,avaConv,runOfRiver
CH,h5649,0.21385443439371044,scr2010,avaConv,runOfRiver
CH,h5650,0.21385443439371044,scr2010,avaConv,runOfRiver
CH,h5651,0.21385443439371044,scr2010,avaConv,runOfRiver
CH,h5652,0.21385443439371044,scr2010,avaConv,runOfRiver
CH,h5653,0.21385443439371044,scr2010,avaConv,runOfRiver
CH,h5654,0.21385443439371044,scr2010,avaConv,runOfRiver
CH,h5655,0.21385443439371044,scr2010,avaConv,runOfRiver
CH,h5656,0.21385443439371044,scr2010,avaConv,runOfRiver
CH,h5657,0.21385443439371044,scr2010,avaConv,runOfRiver
CH,h5658,0.21385443439371044,scr2010,avaConv,runOfRiver
CH,h5659,0.21385443439371044,scr2010,avaConv,runOfRiver
CH,h5660,0.21385443439371044,scr2010,avaConv,runOfRiver
CH,h5661,0.21385443439371044,scr2010,avaConv,runOfRiver
CH,h5662,0.21385443439371044,scr2010,avaConv,runOfRiver
CH,h5663,0.21385443439371044,scr2010,avaConv,runOfRiver
CH,h5664,0.21385443439371044,scr2010,avaConv,runOfRiver
CH,h5665,0.21361272996691863,scr2010,avaConv,runOfRiver
CH,h5666,0.21337102556747703,scr2010,avaConv,runOfRiver
CH,h5667,0.21312932119541672,scr2010,avaConv,runOfRiver
CH,h5668,0.21312932119541672,scr2010,avaConv,runOfRiver
CH,h5669,0.21312932119541672,scr2010,avaConv,runOfRiver
CH,h5670,0.21312932119541672,scr2010,avaConv,runOfRiver
CH,h5671,0.21312932119541672,scr2010,avaConv,runOfRiver
CH,h5672,0.21312932119541672,scr2010,avaConv,runOfRiver
CH,h5673,0.21312932119541672,scr2010,avaConv,runOfRiver
CH,h5674,0.21312932119541672,scr2010,avaConv,runOfRiver
CH,h5675,0.21312932119541672,scr2010,avaConv,runOfRiver
CH,h5676,0.21312932119541672,scr2010,avaConv,runOfRiver
CH,h5677,0.21312932119541672,scr2010,avaConv,runOfRiver
CH,h5678,0.21312932119541672,scr2010,avaConv,runOfRiver
CH,h5679,0.21312932119541672,scr2010,avaConv,runOfRiver
CH,h5680,0.21312932119541672,scr2010,avaConv,runOfRiver
CH,h5681,0.21312932119541672,scr2010,avaConv,runOfRiver
CH,h5682,0.21312932119541672,scr2010,avaConv,runOfRiver
CH,h5683,0.21312932119541672,scr2010,avaConv,runOfRiver
CH,h5684,0.21312932119541672,scr2010,avaConv,runOfRiver
CH,h5685,0.21312932119541672,scr2010,avaConv,runOfRiver
CH,h5686,0.21312932119541672,scr2010,avaConv,runOfRiver
CH,h5687,0.21312932119541672,scr2010,avaConv,runOfRiver
CH,h5688,0.21312932119541672,scr2010,avaConv,runOfRiver
CH,h5689,0.21224666971246633,scr2010,avaConv,runOfRiver
CH,h5690,0.21136401859659384,scr2010,avaConv,runOfRiver
CH,h5691,0.21048136784933213,scr2010,avaConv,runOfRiver
CH,h5692,0.21048136784933213,scr2010,avaConv,runOfRiver
CH,h5693,0.21048136784933213,scr2010,avaConv,runOfRiver
CH,h5694,0.21048136784933213,scr2010,avaConv,runOfRiver
CH,h5695,0.21048136784933213,scr2010,avaConv,runOfRiver
CH,h5696,0.21048136784933213,scr2010,avaConv,runOfRiver
CH,h5697,0.21048136784933213,scr2010,avaConv,runOfRiver
CH,h5698,0.21048136784933213,scr2010,avaConv,runOfRiver
CH,h5699,0.21048136784933213,scr2010,avaConv,runOfRiver
CH,h5700,0.21048136784933213,scr2010,avaConv,runOfRiver
CH,h5701,0.21048136784933213,scr2010,avaConv,runOfRiver
CH,h5702,0.21048136784933213,scr2010,avaConv,runOfRiver
CH,h5703,0.21048136784933213,scr2010,avaConv,runOfRiver
CH,h5704,0.21048136784933213,scr2010,avaConv,runOfRiver
CH,h5705,0.21048136784933213,scr2010,avaConv,runOfRiver
CH,h5706,0.21048136784933213,scr2010,avaConv,runOfRiver
CH,h5707,0.21048136784933213,scr2010,avaConv,runOfRiver
CH,h5708,0.21048136784933213,scr2010,avaConv,runOfRiver
CH,h5709,0.21048136784933213,scr2010,avaConv,runOfRiver
CH,h5710,0.21048136784933213,scr2010,avaConv,runOfRiver
CH,h5711,0.21048136784933213,scr2010,avaConv,runOfRiver
CH,h5712,0.21048136784933213,scr2010,avaConv,runOfRiver
CH,h5713,0.20933092479747412,scr2010,avaConv,runOfRiver
CH,h5714,0.20818048237791034,scr2010,avaConv,runOfRiver
CH,h5715,0.20703004059413493,scr2010,avaConv,runOfRiver
CH,h5716,0.20703004059413493,scr2010,avaConv,runOfRiver
CH,h5717,0.20703004059413493,scr2010,avaConv,runOfRiver
CH,h5718,0.20703004059413493,scr2010,avaConv,runOfRiver
CH,h5719,0.20703004059413493,scr2010,avaConv,runOfRiver
CH,h5720,0.20703004059413493,scr2010,avaConv,runOfRiver
CH,h5721,0.20703004059413493,scr2010,avaConv,runOfRiver
CH,h5722,0.20703004059413493,scr2010,avaConv,runOfRiver
CH,h5723,0.20703004059413493,scr2010,avaConv,runOfRiver
CH,h5724,0.20703004059413493,scr2010,avaConv,runOfRiver
CH,h5725,0.20703004059413493,scr2010,avaConv,runOfRiver
CH,h5726,0.20703004059413493,scr2010,avaConv,runOfRiver
CH,h5727,0.20703004059413493,scr2010,avaConv,runOfRiver
CH,h5728,0.20703004059413493,scr2010,avaConv,runOfRiver
CH,h5729,0.20703004059413493,scr2010,avaConv,runOfRiver
CH,h5730,0.20703004059413493,scr2010,avaConv,runOfRiver
CH,h5731,0.20703004059413493,scr2010,avaConv,runOfRiver
CH,h5732,0.20703004059413493,scr2010,avaConv,runOfRiver
CH,h5733,0.20703004059413493,scr2010,avaConv,runOfRiver
CH,h5734,0.20703004059413493,scr2010,avaConv,runOfRiver
CH,h5735,0.20703004059413493,scr2010,avaConv,runOfRiver
CH,h5736,0.20703004059413493,scr2010,avaConv,runOfRiver
CH,h5737,0.20600109034771447,scr2010,avaConv,runOfRiver
CH,h5738,0.2049721406152694,scr2010,avaConv,runOfRiver
CH,h5739,0.20394319139937972,scr2010,avaConv,runOfRiver
CH,h5740,0.20394319139937972,scr2010,avaConv,runOfRiver
CH,h5741,0.20394319139937972,scr2010,avaConv,runOfRiver
CH,h5742,0.20394319139937972,scr2010,avaConv,runOfRiver
CH,h5743,0.20394319139937972,scr2010,avaConv,runOfRiver
CH,h5744,0.20394319139937972,scr2010,avaConv,runOfRiver
CH,h5745,0.20394319139937972,scr2010,avaConv,runOfRiver
CH,h5746,0.20394319139937972,scr2010,avaConv,runOfRiver
CH,h5747,0.20394319139937972,scr2010,avaConv,runOfRiver
CH,h5748,0.20394319139937972,scr2010,avaConv,runOfRiver
CH,h5749,0.20394319139937972,scr2010,avaConv,runOfRiver
CH,h5750,0.20394319139937972,scr2010,avaConv,runOfRiver
CH,h5751,0.20394319139937972,scr2010,avaConv,runOfRiver
CH,h5752,0.20394319139937972,scr2010,avaConv,runOfRiver
CH,h5753,0.20394319139937972,scr2010,avaConv,runOfRiver
CH,h5754,0.20394319139937972,scr2010,avaConv,runOfRiver
CH,h5755,0.20394319139937972,scr2010,avaConv,runOfRiver
CH,h5756,0.20394319139937972,scr2010,avaConv,runOfRiver
CH,h5757,0.20394319139937972,scr2010,avaConv,runOfRiver
CH,h5758,0.20394319139937972,scr2010,avaConv,runOfRiver
CH,h5759,0.20394319139937972,scr2010,avaConv,runOfRiver
CH,h5760,0.20394319139937972,scr2010,avaConv,runOfRiver
CH,h5761,0.2029438937324336,scr2010,avaConv,runOfRiver
CH,h5762,0.20194459655756988,scr2010,avaConv,runOfRiver
CH,h5763,0.20094529987722334,scr2010,avaConv,runOfRiver
CH,h5764,0.20094529987722334,scr2010,avaConv,runOfRiver
CH,h5765,0.20094529987722334,scr2010,avaConv,runOfRiver
CH,h5766,0.20094529987722334,scr2010,avaConv,runOfRiver
CH,h5767,0.20094529987722334,scr2010,avaConv,runOfRiver
CH,h5768,0.20094529987722334,scr2010,avaConv,runOfRiver
CH,h5769,0.20094529987722334,scr2010,avaConv,runOfRiver
CH,h5770,0.20094529987722334,scr2010,avaConv,runOfRiver
CH,h5771,0.20094529987722334,scr2010,avaConv,runOfRiver
CH,h5772,0.20094529987722334,scr2010,avaConv,runOfRiver
CH,h5773,0.20094529987722334,scr2010,avaConv,runOfRiver
CH,h5774,0.20094529987722334,scr2010,avaConv,runOfRiver
CH,h5775,0.20094529987722334,scr2010,avaConv,runOfRiver
CH,h5776,0.20094529987722334,scr2010,avaConv,runOfRiver
CH,h5777,0.20094529987722334,scr2010,avaConv,runOfRiver
CH,h5778,0.20094529987722334,scr2010,avaConv,runOfRiver
CH,h5779,0.20094529987722334,scr2010,avaConv,runOfRiver
CH,h5780,0.20094529987722334,scr2010,avaConv,runOfRiver
CH,h5781,0.20094529987722334,scr2010,avaConv,runOfRiver
CH,h5782,0.20094529987722334,scr2010,avaConv,runOfRiver
CH,h5783,0.20094529987722334,scr2010,avaConv,runOfRiver
CH,h5784,0.20094529987722334,scr2010,avaConv,runOfRiver
CH,h5785,0.19960500408800888,scr2010,avaConv,runOfRiver
CH,h5786,0.1982647091988232,scr2010,avaConv,runOfRiver
CH,h5787,0.1969244152157505,scr2010,avaConv,runOfRiver
CH,h5788,0.1969244152157505,scr2010,avaConv,runOfRiver
CH,h5789,0.1969244152157505,scr2010,avaConv,runOfRiver
CH,h5790,0.1969244152157505,scr2010,avaConv,runOfRiver
CH,h5791,0.1969244152157505,scr2010,avaConv,runOfRiver
CH,h5792,0.1969244152157505,scr2010,avaConv,runOfRiver
CH,h5793,0.1969244152157505,scr2010,avaConv,runOfRiver
CH,h5794,0.1969244152157505,scr2010,avaConv,runOfRiver
CH,h5795,0.1969244152157505,scr2010,avaConv,runOfRiver
CH,h5796,0.1969244152157505,scr2010,avaConv,runOfRiver
CH,h5797,0.1969244152157505,scr2010,avaConv,runOfRiver
CH,h5798,0.1969244152157505,scr2010,avaConv,runOfRiver
CH,h5799,0.1969244152157505,scr2010,avaConv,runOfRiver
CH,h5800,0.1969244152157505,scr2010,avaConv,runOfRiver
CH,h5801,0.1969244152157505,scr2010,avaConv,runOfRiver
CH,h5802,0.1969244152157505,scr2010,avaConv,runOfRiver
CH,h5803,0.1969244152157505,scr2010,avaConv,runOfRiver
CH,h5804,0.1969244152157505,scr2010,avaConv,runOfRiver
CH,h5805,0.1969244152157505,scr2010,avaConv,runOfRiver
CH,h5806,0.1969244152157505,scr2010,avaConv,runOfRiver
CH,h5807,0.1969244152157505,scr2010,avaConv,runOfRiver
CH,h5808,0.1969244152157505,scr2010,avaConv,runOfRiver
CH,h5809,0.19631440651374393,scr2010,avaConv,runOfRiver
CH,h5810,0.19570439800129663,scr2010,avaConv,runOfRiver
CH,h5811,0.1950943896789995,scr2010,avaConv,runOfRiver
CH,h5812,0.1950943896789995,scr2010,avaConv,runOfRiver
CH,h5813,0.1950943896789995,scr2010,avaConv,runOfRiver
CH,h5814,0.1950943896789995,scr2010,avaConv,runOfRiver
CH,h5815,0.1950943896789995,scr2010,avaConv,runOfRiver
CH,h5816,0.1950943896789995,scr2010,avaConv,runOfRiver
CH,h5817,0.1950943896789995,scr2010,avaConv,runOfRiver
CH,h5818,0.1950943896789995,scr2010,avaConv,runOfRiver
CH,h5819,0.1950943896789995,scr2010,avaConv,runOfRiver
CH,h5820,0.1950943896789995,scr2010,avaConv,runOfRiver
CH,h5821,0.1950943896789995,scr2010,avaConv,runOfRiver
CH,h5822,0.1950943896789995,scr2010,avaConv,runOfRiver
CH,h5823,0.1950943896789995,scr2010,avaConv,runOfRiver
CH,h5824,0.1950943896789995,scr2010,avaConv,runOfRiver
CH,h5825,0.1950943896789995,scr2010,avaConv,runOfRiver
CH,h5826,0.1950943896789995,scr2010,avaConv,runOfRiver
CH,h5827,0.1950943896789995,scr2010,avaConv,runOfRiver
CH,h5828,0.1950943896789995,scr2010,avaConv,runOfRiver
CH,h5829,0.1950943896789995,scr2010,avaConv,runOfRiver
CH,h5830,0.1950943896789995,scr2010,avaConv,runOfRiver
CH,h5831,0.1950943896789995,scr2010,avaConv,runOfRiver
CH,h5832,0.1950943896789995,scr2010,avaConv,runOfRiver
CH,h5833,0.19399219907281923,scr2010,avaConv,runOfRiver
CH,h5834,0.19289000909290197,scr2010,avaConv,runOfRiver
CH,h5835,0.19178781974282608,scr2010,avaConv,runOfRiver
CH,h5836,0.19178781974282608,scr2010,avaConv,runOfRiver
CH,h5837,0.19178781974282608,scr2010,avaConv,runOfRiver
CH,h5838,0.19178781974282608,scr2010,avaConv,runOfRiver
CH,h5839,0.19178781974282608,scr2010,avaConv,runOfRiver
CH,h5840,0.19178781974282608,scr2010,avaConv,runOfRiver
CH,h5841,0.19178781974282608,scr2010,avaConv,runOfRiver
CH,h5842,0.19178781974282608,scr2010,avaConv,runOfRiver
CH,h5843,0.19178781974282608,scr2010,avaConv,runOfRiver
CH,h5844,0.19178781974282608,scr2010,avaConv,runOfRiver
CH,h5845,0.19178781974282608,scr2010,avaConv,runOfRiver
CH,h5846,0.19178781974282608,scr2010,avaConv,runOfRiver
CH,h5847,0.19178781974282608,scr2010,avaConv,runOfRiver
CH,h5848,0.19178781974282608,scr2010,avaConv,runOfRiver
CH,h5849,0.19178781974282608,scr2010,avaConv,runOfRiver
CH,h5850,0.19178781974282608,scr2010,avaConv,runOfRiver
CH,h5851,0.19178781974282608,scr2010,avaConv,runOfRiver
CH,h5852,0.19178781974282608,scr2010,avaConv,runOfRiver
CH,h5853,0.19178781974282608,scr2010,avaConv,runOfRiver
CH,h5854,0.19178781974282608,scr2010,avaConv,runOfRiver
CH,h5855,0.19178781974282608,scr2010,avaConv,runOfRiver
CH,h5856,0.19178781974282608,scr2010,avaConv,runOfRiver
CH,h5857,0.19097430061084458,scr2010,avaConv,runOfRiver
CH,h5858,0.19016078182543106,scr2010,avaConv,runOfRiver
CH,h5859,0.18934726338806793,scr2010,avaConv,runOfRiver
CH,h5860,0.18934726338806793,scr2010,avaConv,runOfRiver
CH,h5861,0.18934726338806793,scr2010,avaConv,runOfRiver
CH,h5862,0.18934726338806793,scr2010,avaConv,runOfRiver
CH,h5863,0.18934726338806793,scr2010,avaConv,runOfRiver
CH,h5864,0.18934726338806793,scr2010,avaConv,runOfRiver
CH,h5865,0.18934726338806793,scr2010,avaConv,runOfRiver
CH,h5866,0.18934726338806793,scr2010,avaConv,runOfRiver
CH,h5867,0.18934726338806793,scr2010,avaConv,runOfRiver
CH,h5868,0.18934726338806793,scr2010,avaConv,runOfRiver
CH,h5869,0.18934726338806793,scr2010,avaConv,runOfRiver
CH,h5870,0.18934726338806793,scr2010,avaConv,runOfRiver
CH,h5871,0.18934726338806793,scr2010,avaConv,runOfRiver
CH,h5872,0.18934726338806793,scr2010,avaConv,runOfRiver
CH,h5873,0.18934726338806793,scr2010,avaConv,runOfRiver
CH,h5874,0.18934726338806793,scr2010,avaConv,runOfRiver
CH,h5875,0.18934726338806793,scr2010,avaConv,runOfRiver
CH,h5876,0.18934726338806793,scr2010,avaConv,runOfRiver
CH,h5877,0.18934726338806793,scr2010,avaConv,runOfRiver
CH,h5878,0.18934726338806793,scr2010,avaConv,runOfRiver
CH,h5879,0.18934726338806793,scr2010,avaConv,runOfRiver
CH,h5880,0.18934726338806793,scr2010,avaConv,runOfRiver
CH,h5881,0.1893468287012399,scr2010,avaConv,runOfRiver
CH,h5882,0.18934639401441195,scr2010,avaConv,runOfRiver
CH,h5883,0.18934595932758413,scr2010,avaConv,runOfRiver
CH,h5884,0.18934595932758413,scr2010,avaConv,runOfRiver
CH,h5885,0.18934595932758413,scr2010,avaConv,runOfRiver
CH,h5886,0.18934595932758413,scr2010,avaConv,runOfRiver
CH,h5887,0.18934595932758413,scr2010,avaConv,runOfRiver
CH,h5888,0.18934595932758413,scr2010,avaConv,runOfRiver
CH,h5889,0.18934595932758413,scr2010,avaConv,runOfRiver
CH,h5890,0.18934595932758413,scr2010,avaConv,runOfRiver
CH,h5891,0.18934595932758413,scr2010,avaConv,runOfRiver
CH,h5892,0.18934595932758413,scr2010,avaConv,runOfRiver
CH,h5893,0.18934595932758413,scr2010,avaConv,runOfRiver
CH,h5894,0.18934595932758413,scr2010,avaConv,runOfRiver
CH,h5895,0.18934595932758413,scr2010,avaConv,runOfRiver
CH,h5896,0.18934595932758413,scr2010,avaConv,runOfRiver
CH,h5897,0.18934595932758413,scr2010,avaConv,runOfRiver
CH,h5898,0.18934595932758413,scr2010,avaConv,runOfRiver
CH,h5899,0.18934595932758413,scr2010,avaConv,runOfRiver
CH,h5900,0.18934595932758413,scr2010,avaConv,runOfRiver
CH,h5901,0.18934595932758413,scr2010,avaConv,runOfRiver
CH,h5902,0.18934595932758413,scr2010,avaConv,runOfRiver
CH,h5903,0.18934595932758413,scr2010,avaConv,runOfRiver
CH,h5904,0.18934595932758413,scr2010,avaConv,runOfRiver
CH,h5905,0.18947120885275226,scr2010,avaConv,runOfRiver
CH,h5906,0.18959645838620054,scr2010,avaConv,runOfRiver
CH,h5907,0.18972170792792345,scr2010,avaConv,runOfRiver
CH,h5908,0.18972170792792345,scr2010,avaConv,runOfRiver
CH,h5909,0.18972170792792345,scr2010,avaConv,runOfRiver
CH,h5910,0.18972170792792345,scr2010,avaConv,runOfRiver
CH,h5911,0.18972170792792345,scr2010,avaConv,runOfRiver
CH,h5912,0.18972170792792345,scr2010,avaConv,runOfRiver
CH,h5913,0.18972170792792345,scr2010,avaConv,runOfRiver
CH,h5914,0.18972170792792345,scr2010,avaConv,runOfRiver
CH,h5915,0.18972170792792345,scr2010,avaConv,runOfRiver
CH,h5916,0.18972170792792345,scr2010,avaConv,runOfRiver
CH,h5917,0.18972170792792345,scr2010,avaConv,runOfRiver
CH,h5918,0.18972170792792345,scr2010,avaConv,runOfRiver
CH,h5919,0.18972170792792345,scr2010,avaConv,runOfRiver
CH,h5920,0.18972170792792345,scr2010,avaConv,runOfRiver
CH,h5921,0.18972170792792345,scr2010,avaConv,runOfRiver
CH,h5922,0.18972170792792345,scr2010,avaConv,runOfRiver
CH,h5923,0.18972170792792345,scr2010,avaConv,runOfRiver
CH,h5924,0.18972170792792345,scr2010,avaConv,runOfRiver
CH,h5925,0.18972170792792345,scr2010,avaConv,runOfRiver
CH,h5926,0.18972170792792345,scr2010,avaConv,runOfRiver
CH,h5927,0.18972170792792345,scr2010,avaConv,runOfRiver
CH,h5928,0.18972170792792345,scr2010,avaConv,runOfRiver
CH,h5929,0.1894769727539721,scr2010,avaConv,runOfRiver
CH,h5930,0.1892322376116336,scr2010,avaConv,runOfRiver
CH,h5931,0.1889875025009489,scr2010,avaConv,runOfRiver
CH,h5932,0.1889875025009489,scr2010,avaConv,runOfRiver
CH,h5933,0.1889875025009489,scr2010,avaConv,runOfRiver
CH,h5934,0.1889875025009489,scr2010,avaConv,runOfRiver
CH,h5935,0.1889875025009489,scr2010,avaConv,runOfRiver
CH,h5936,0.1889875025009489,scr2010,avaConv,runOfRiver
CH,h5937,0.1889875025009489,scr2010,avaConv,runOfRiver
CH,h5938,0.1889875025009489,scr2010,avaConv,runOfRiver
CH,h5939,0.1889875025009489,scr2010,avaConv,runOfRiver
CH,h5940,0.1889875025009489,scr2010,avaConv,runOfRiver
CH,h5941,0.1889875025009489,scr2010,avaConv,runOfRiver
CH,h5942,0.1889875025009489,scr2010,avaConv,runOfRiver
CH,h5943,0.1889875025009489,scr2010,avaConv,runOfRiver
CH,h5944,0.1889875025009489,scr2010,avaConv,runOfRiver
CH,h5945,0.1889875025009489,scr2010,avaConv,runOfRiver
CH,h5946,0.1889875025009489,scr2010,avaConv,runOfRiver
CH,h5947,0.1889875025009489,scr2010,avaConv,runOfRiver
CH,h5948,0.1889875025009489,scr2010,avaConv,runOfRiver
CH,h5949,0.1889875025009489,scr2010,avaConv,runOfRiver
CH,h5950,0.1889875025009489,scr2010,avaConv,runOfRiver
CH,h5951,0.1889875025009489,scr2010,avaConv,runOfRiver
CH,h5952,0.1889875025009489,scr2010,avaConv,runOfRiver
CH,h5953,0.18860139367315878,scr2010,avaConv,runOfRiver
CH,h5954,0.1882152849244187,scr2010,avaConv,runOfRiver
CH,h5955,0.18782917625489087,scr2010,avaConv,runOfRiver
CH,h5956,0.18782917625489087,scr2010,avaConv,runOfRiver
CH,h5957,0.18782917625489087,scr2010,avaConv,runOfRiver
CH,h5958,0.18782917625489087,scr2010,avaConv,runOfRiver
CH,h5959,0.18782917625489087,scr2010,avaConv,runOfRiver
CH,h5960,0.18782917625489087,scr2010,avaConv,runOfRiver
CH,h5961,0.18782917625489087,scr2010,avaConv,runOfRiver
CH,h5962,0.18782917625489087,scr2010,avaConv,runOfRiver
CH,h5963,0.18782917625489087,scr2010,avaConv,runOfRiver
CH,h5964,0.18782917625489087,scr2010,avaConv,runOfRiver
CH,h5965,0.18782917625489087,scr2010,avaConv,runOfRiver
CH,h5966,0.18782917625489087,scr2010,avaConv,runOfRiver
CH,h5967,0.18782917625489087,scr2010,avaConv,runOfRiver
CH,h5968,0.18782917625489087,scr2010,avaConv,runOfRiver
CH,h5969,0.18782917625489087,scr2010,avaConv,runOfRiver
CH,h5970,0.18782917625489087,scr2010,avaConv,runOfRiver
CH,h5971,0.18782917625489087,scr2010,avaConv,runOfRiver
CH,h5972,0.18782917625489087,scr2010,avaConv,runOfRiver
CH,h5973,0.18782917625489087,scr2010,avaConv,runOfRiver
CH,h5974,0.18782917625489087,scr2010,avaConv,runOfRiver
CH,h5975,0.18782917625489087,scr2010,avaConv,runOfRiver
CH,h5976,0.18782917625489087,scr2010,avaConv,runOfRiver
CH,h5977,0.18712474442052174,scr2010,avaConv,runOfRiver
CH,h5978,0.18642031285135388,scr2010,avaConv,runOfRiver
CH,h5979,0.1857158815483894,scr2010,avaConv,runOfRiver
CH,h5980,0.1857158815483894,scr2010,avaConv,runOfRiver
CH,h5981,0.1857158815483894,scr2010,avaConv,runOfRiver
CH,h5982,0.1857158815483894,scr2010,avaConv,runOfRiver
CH,h5983,0.1857158815483894,scr2010,avaConv,runOfRiver
CH,h5984,0.1857158815483894,scr2010,avaConv,runOfRiver
CH,h5985,0.1857158815483894,scr2010,avaConv,runOfRiver
CH,h5986,0.1857158815483894,scr2010,avaConv,runOfRiver
CH,h5987,0.1857158815483894,scr2010,avaConv,runOfRiver
CH,h5988,0.1857158815483894,scr2010,avaConv,runOfRiver
CH,h5989,0.1857158815483894,scr2010,avaConv,runOfRiver
CH,h5990,0.1857158815483894,scr2010,avaConv,runOfRiver
CH,h5991,0.1857158815483894,scr2010,avaConv,runOfRiver
CH,h5992,0.1857158815483894,scr2010,avaConv,runOfRiver
CH,h5993,0.1857158815483894,scr2010,avaConv,runOfRiver
CH,h5994,0.1857158815483894,scr2010,avaConv,runOfRiver
CH,h5995,0.1857158815483894,scr2010,avaConv,runOfRiver
CH,h5996,0.1857158815483894,scr2010,avaConv,runOfRiver
CH,h5997,0.1857158815483894,scr2010,avaConv,runOfRiver
CH,h5998,0.1857158815483894,scr2010,avaConv,runOfRiver
CH,h5999,0.1857158815483894,scr2010,avaConv,runOfRiver
CH,h6000,0.1857158815483894,scr2010,avaConv,runOfRiver
CH,h6001,0.18492359088431715,scr2010,avaConv,runOfRiver
CH,h6002,0.18413130055971916,scr2010,avaConv,runOfRiver
CH,h6003,0.183339010576056,scr2010,avaConv,runOfRiver
CH,h6004,0.183339010576056,scr2010,avaConv,runOfRiver
CH,h6005,0.183339010576056,scr2010,avaConv,runOfRiver
CH,h6006,0.183339010576056,scr2010,avaConv,runOfRiver
CH,h6007,0.183339010576056,scr2010,avaConv,runOfRiver
CH,h6008,0.183339010576056,scr2010,avaConv,runOfRiver
CH,h6009,0.183339010576056,scr2010,avaConv,runOfRiver
CH,h6010,0.183339010576056,scr2010,avaConv,runOfRiver
CH,h6011,0.183339010576056,scr2010,avaConv,runOfRiver
CH,h6012,0.183339010576056,scr2010,avaConv,runOfRiver
CH,h6013,0.183339010576056,scr2010,avaConv,runOfRiver
CH,h6014,0.183339010576056,scr2010,avaConv,runOfRiver
CH,h6015,0.183339010576056,scr2010,avaConv,runOfRiver
CH,h6016,0.183339010576056,scr2010,avaConv,runOfRiver
CH,h6017,0.183339010576056,scr2010,avaConv,runOfRiver
CH,h6018,0.183339010576056,scr2010,avaConv,runOfRiver
CH,h6019,0.183339010576056,scr2010,avaConv,runOfRiver
CH,h6020,0.183339010576056,scr2010,avaConv,runOfRiver
CH,h6021,0.183339010576056,scr2010,avaConv,runOfRiver
CH,h6022,0.183339010576056,scr2010,avaConv,runOfRiver
CH,h6023,0.183339010576056,scr2010,avaConv,runOfRiver
CH,h6024,0.183339010576056,scr2010,avaConv,runOfRiver
CH,h6025,0.18217559371109945,scr2010,avaConv,runOfRiver
CH,h6026,0.1810121775891846,scr2010,avaConv,runOfRiver
CH,h6027,0.17984876221508703,scr2010,avaConv,runOfRiver
CH,h6028,0.17984876221508703,scr2010,avaConv,runOfRiver
CH,h6029,0.17984876221508703,scr2010,avaConv,runOfRiver
CH,h6030,0.17984876221508703,scr2010,avaConv,runOfRiver
CH,h6031,0.17984876221508703,scr2010,avaConv,runOfRiver
CH,h6032,0.17984876221508703,scr2010,avaConv,runOfRiver
CH,h6033,0.17984876221508703,scr2010,avaConv,runOfRiver
CH,h6034,0.17984876221508703,scr2010,avaConv,runOfRiver
CH,h6035,0.17984876221508703,scr2010,avaConv,runOfRiver
CH,h6036,0.17984876221508703,scr2010,avaConv,runOfRiver
CH,h6037,0.17984876221508703,scr2010,avaConv,runOfRiver
CH,h6038,0.17984876221508703,scr2010,avaConv,runOfRiver
CH,h6039,0.17984876221508703,scr2010,avaConv,runOfRiver
CH,h6040,0.17984876221508703,scr2010,avaConv,runOfRiver
CH,h6041,0.17984876221508703,scr2010,avaConv,runOfRiver
CH,h6042,0.17984876221508703,scr2010,avaConv,runOfRiver
CH,h6043,0.17984876221508703,scr2010,avaConv,runOfRiver
CH,h6044,0.17984876221508703,scr2010,avaConv,runOfRiver
CH,h6045,0.17984876221508703,scr2010,avaConv,runOfRiver
CH,h6046,0.17984876221508703,scr2010,avaConv,runOfRiver
CH,h6047,0.17984876221508703,scr2010,avaConv,runOfRiver
CH,h6048,0.17984876221508703,scr2010,avaConv,runOfRiver
CH,h6049,0.1789617558457526,scr2010,avaConv,runOfRiver
CH,h6050,0.17807474991608746,scr2010,avaConv,runOfRiver
CH,h6051,0.17718774442828158,scr2010,avaConv,runOfRiver
CH,h6052,0.17718774442828158,scr2010,avaConv,runOfRiver
CH,h6053,0.17718774442828158,scr2010,avaConv,runOfRiver
CH,h6054,0.17718774442828158,scr2010,avaConv,runOfRiver
CH,h6055,0.17718774442828158,scr2010,avaConv,runOfRiver
CH,h6056,0.17718774442828158,scr2010,avaConv,runOfRiver
CH,h6057,0.17718774442828158,scr2010,avaConv,runOfRiver
CH,h6058,0.17718774442828158,scr2010,avaConv,runOfRiver
CH,h6059,0.17718774442828158,scr2010,avaConv,runOfRiver
CH,h6060,0.17718774442828158,scr2010,avaConv,runOfRiver
CH,h6061,0.17718774442828158,scr2010,avaConv,runOfRiver
CH,h6062,0.17718774442828158,scr2010,avaConv,runOfRiver
CH,h6063,0.17718774442828158,scr2010,avaConv,runOfRiver
CH,h6064,0.17718774442828158,scr2010,avaConv,runOfRiver
CH,h6065,0.17718774442828158,scr2010,avaConv,runOfRiver
CH,h6066,0.17718774442828158,scr2010,avaConv,runOfRiver
CH,h6067,0.17718774442828158,scr2010,avaConv,runOfRiver
CH,h6068,0.17718774442828158,scr2010,avaConv,runOfRiver
CH,h6069,0.17718774442828158,scr2010,avaConv,runOfRiver
CH,h6070,0.17718774442828158,scr2010,avaConv,runOfRiver
CH,h6071,0.17718774442828158,scr2010,avaConv,runOfRiver
CH,h6072,0.17718774442828158,scr2010,avaConv,runOfRiver
CH,h6073,0.1771110276641098,scr2010,avaConv,runOfRiver
CH,h6074,0.17703431090326127,scr2010,avaConv,runOfRiver
CH,h6075,0.17695759414573756,scr2010,avaConv,runOfRiver
CH,h6076,0.17695759414573756,scr2010,avaConv,runOfRiver
CH,h6077,0.17695759414573756,scr2010,avaConv,runOfRiver
CH,h6078,0.17695759414573756,scr2010,avaConv,runOfRiver
CH,h6079,0.17695759414573756,scr2010,avaConv,runOfRiver
CH,h6080,0.17695759414573756,scr2010,avaConv,runOfRiver
CH,h6081,0.17695759414573756,scr2010,avaConv,runOfRiver
CH,h6082,0.17695759414573756,scr2010,avaConv,runOfRiver
CH,h6083,0.17695759414573756,scr2010,avaConv,runOfRiver
CH,h6084,0.17695759414573756,scr2010,avaConv,runOfRiver
CH,h6085,0.17695759414573756,scr2010,avaConv,runOfRiver
CH,h6086,0.17695759414573756,scr2010,avaConv,runOfRiver
CH,h6087,0.17695759414573756,scr2010,avaConv,runOfRiver
CH,h6088,0.17695759414573756,scr2010,avaConv,runOfRiver
CH,h6089,0.17695759414573756,scr2010,avaConv,runOfRiver
CH,h6090,0.17695759414573756,scr2010,avaConv,runOfRiver
CH,h6091,0.17695759414573756,scr2010,avaConv,runOfRiver
CH,h6092,0.17695759414573756,scr2010,avaConv,runOfRiver
CH,h6093,0.17695759414573756,scr2010,avaConv,runOfRiver
CH,h6094,0.17695759414573756,scr2010,avaConv,runOfRiver
CH,h6095,0.17695759414573756,scr2010,avaConv,runOfRiver
CH,h6096,0.17695759414573756,scr2010,avaConv,runOfRiver
CH,h6097,0.17647964913435046,scr2010,avaConv,runOfRiver
CH,h6098,0.17600170425241096,scr2010,avaConv,runOfRiver
CH,h6099,0.17552375950027058,scr2010,avaConv,runOfRiver
CH,h6100,0.17552375950027058,scr2010,avaConv,runOfRiver
CH,h6101,0.17552375950027058,scr2010,avaConv,runOfRiver
CH,h6102,0.17552375950027058,scr2010,avaConv,runOfRiver
CH,h6103,0.17552375950027058,scr2010,avaConv,runOfRiver
CH,h6104,0.17552375950027058,scr2010,avaConv,runOfRiver
CH,h6105,0.17552375950027058,scr2010,avaConv,runOfRiver
CH,h6106,0.17552375950027058,scr2010,avaConv,runOfRiver
CH,h6107,0.17552375950027058,scr2010,avaConv,runOfRiver
CH,h6108,0.17552375950027058,scr2010,avaConv,runOfRiver
CH,h6109,0.17552375950027058,scr2010,avaConv,runOfRiver
CH,h6110,0.17552375950027058,scr2010,avaConv,runOfRiver
CH,h6111,0.17552375950027058,scr2010,avaConv,runOfRiver
CH,h6112,0.17552375950027058,scr2010,avaConv,runOfRiver
CH,h6113,0.17552375950027058,scr2010,avaConv,runOfRiver
CH,h6114,0.17552375950027058,scr2010,avaConv,runOfRiver
CH,h6115,0.17552375950027058,scr2010,avaConv,runOfRiver
CH,h6116,0.17552375950027058,scr2010,avaConv,runOfRiver
CH,h6117,0.17552375950027058,scr2010,avaConv,runOfRiver
CH,h6118,0.17552375950027058,scr2010,avaConv,runOfRiver
CH,h6119,0.17552375950027058,scr2010,avaConv,runOfRiver
CH,h6120,0.17552375950027058,scr2010,avaConv,runOfRiver
CH,h6121,0.1758239005143306,scr2010,avaConv,runOfRiver
CH,h6122,0.17612404157963024,scr2010,avaConv,runOfRiver
CH,h6123,0.17642418269608218,scr2010,avaConv,runOfRiver
CH,h6124,0.17642418269608218,scr2010,avaConv,runOfRiver
CH,h6125,0.17642418269608218,scr2010,avaConv,runOfRiver
CH,h6126,0.17642418269608218,scr2010,avaConv,runOfRiver
CH,h6127,0.17642418269608218,scr2010,avaConv,runOfRiver
CH,h6128,0.17642418269608218,scr2010,avaConv,runOfRiver
CH,h6129,0.17642418269608218,scr2010,avaConv,runOfRiver
CH,h6130,0.17642418269608218,scr2010,avaConv,runOfRiver
CH,h6131,0.17642418269608218,scr2010,avaConv,runOfRiver
CH,h6132,0.17642418269608218,scr2010,avaConv,runOfRiver
CH,h6133,0.17642418269608218,scr2010,avaConv,runOfRiver
CH,h6134,0.17642418269608218,scr2010,avaConv,runOfRiver
CH,h6135,0.17642418269608218,scr2010,avaConv,runOfRiver
CH,h6136,0.17642418269608218,scr2010,avaConv,runOfRiver
CH,h6137,0.17642418269608218,scr2010,avaConv,runOfRiver
CH,h6138,0.17642418269608218,scr2010,avaConv,runOfRiver
CH,h6139,0.17642418269608218,scr2010,avaConv,runOfRiver
CH,h6140,0.17642418269608218,scr2010,avaConv,runOfRiver
CH,h6141,0.17642418269608218,scr2010,avaConv,runOfRiver
CH,h6142,0.17642418269608218,scr2010,avaConv,runOfRiver
CH,h6143,0.17642418269608218,scr2010,avaConv,runOfRiver
CH,h6144,0.17642418269608218,scr2010,avaConv,runOfRiver
CH,h6145,0.17629052236206166,scr2010,avaConv,runOfRiver
CH,h6146,0.17615686203817582,scr2010,avaConv,runOfRiver
CH,h6147,0.17602320172443237,scr2010,avaConv,runOfRiver
CH,h6148,0.17602320172443237,scr2010,avaConv,runOfRiver
CH,h6149,0.17602320172443237,scr2010,avaConv,runOfRiver
CH,h6150,0.17602320172443237,scr2010,avaConv,runOfRiver
CH,h6151,0.17602320172443237,scr2010,avaConv,runOfRiver
CH,h6152,0.17602320172443237,scr2010,avaConv,runOfRiver
CH,h6153,0.17602320172443237,scr2010,avaConv,runOfRiver
CH,h6154,0.17602320172443237,scr2010,avaConv,runOfRiver
CH,h6155,0.17602320172443237,scr2010,avaConv,runOfRiver
CH,h6156,0.17602320172443237,scr2010,avaConv,runOfRiver
CH,h6157,0.17602320172443237,scr2010,avaConv,runOfRiver
CH,h6158,0.17602320172443237,scr2010,avaConv,runOfRiver
CH,h6159,0.17602320172443237,scr2010,avaConv,runOfRiver
CH,h6160,0.17602320172443237,scr2010,avaConv,runOfRiver
CH,h6161,0.17602320172443237,scr2010,avaConv,runOfRiver
CH,h6162,0.17602320172443237,scr2010,avaConv,runOfRiver
CH,h6163,0.17602320172443237,scr2010,avaConv,runOfRiver
CH,h6164,0.17602320172443237,scr2010,avaConv,runOfRiver
CH,h6165,0.17602320172443237,scr2010,avaConv,runOfRiver
CH,h6166,0.17602320172443237,scr2010,avaConv,runOfRiver
CH,h6167,0.17602320172443237,scr2010,avaConv,runOfRiver
CH,h6168,0.17602320172443237,scr2010,avaConv,runOfRiver
CH,h6169,0.1752661014196669,scr2010,avaConv,runOfRiver
CH,h6170,0.17450900144197315,scr2010,avaConv,runOfRiver
CH,h6171,0.17375190179277006,scr2010,avaConv,runOfRiver
CH,h6172,0.17375190179277006,scr2010,avaConv,runOfRiver
CH,h6173,0.17375190179277006,scr2010,avaConv,runOfRiver
CH,h6174,0.17375190179277006,scr2010,avaConv,runOfRiver
CH,h6175,0.17375190179277006,scr2010,avaConv,runOfRiver
CH,h6176,0.17375190179277006,scr2010,avaConv,runOfRiver
CH,h6177,0.17375190179277006,scr2010,avaConv,runOfRiver
CH,h6178,0.17375190179277006,scr2010,avaConv,runOfRiver
CH,h6179,0.17375190179277006,scr2010,avaConv,runOfRiver
CH,h6180,0.17375190179277006,scr2010,avaConv,runOfRiver
CH,h6181,0.17375190179277006,scr2010,avaConv,runOfRiver
CH,h6182,0.17375190179277006,scr2010,avaConv,runOfRiver
CH,h6183,0.17375190179277006,scr2010,avaConv,runOfRiver
CH,h6184,0.17375190179277006,scr2010,avaConv,runOfRiver
CH,h6185,0.17375190179277006,scr2010,avaConv,runOfRiver
CH,h6186,0.17375190179277006,scr2010,avaConv,runOfRiver
CH,h6187,0.17375190179277006,scr2010,avaConv,runOfRiver
CH,h6188,0.17375190179277006,scr2010,avaConv,runOfRiver
CH,h6189,0.17375190179277006,scr2010,avaConv,runOfRiver
CH,h6190,0.17375190179277006,scr2010,avaConv,runOfRiver
CH,h6191,0.17375190179277006,scr2010,avaConv,runOfRiver
CH,h6192,0.17375190179277006,scr2010,avaConv,runOfRiver
CH,h6193,0.1737622862255343,scr2010,avaConv,runOfRiver
CH,h6194,0.17377267065836063,scr2010,avaConv,runOfRiver
CH,h6195,0.173783055091249,scr2010,avaConv,runOfRiver
CH,h6196,0.173783055091249,scr2010,avaConv,runOfRiver
CH,h6197,0.173783055091249,scr2010,avaConv,runOfRiver
CH,h6198,0.173783055091249,scr2010,avaConv,runOfRiver
CH,h6199,0.173783055091249,scr2010,avaConv,runOfRiver
CH,h6200,0.173783055091249,scr2010,avaConv,runOfRiver
CH,h6201,0.173783055091249,scr2010,avaConv,runOfRiver
CH,h6202,0.173783055091249,scr2010,avaConv,runOfRiver
CH,h6203,0.173783055091249,scr2010,avaConv,runOfRiver
CH,h6204,0.173783055091249,scr2010,avaConv,runOfRiver
CH,h6205,0.173783055091249,scr2010,avaConv,runOfRiver
CH,h6206,0.173783055091249,scr2010,avaConv,runOfRiver
CH,h6207,0.173783055091249,scr2010,avaConv,runOfRiver
CH,h6208,0.173783055091249,scr2010,avaConv,runOfRiver
CH,h6209,0.173783055091249,scr2010,avaConv,runOfRiver
CH,h6210,0.173783055091249,scr2010,avaConv,runOfRiver
CH,h6211,0.173783055091249,scr2010,avaConv,runOfRiver
CH,h6212,0.173783055091249,scr2010,avaConv,runOfRiver
CH,h6213,0.173783055091249,scr2010,avaConv,runOfRiver
CH,h6214,0.173783055091249,scr2010,avaConv,runOfRiver
CH,h6215,0.173783055091249,scr2010,avaConv,runOfRiver
CH,h6216,0.173783055091249,scr2010,avaConv,runOfRiver
CH,h6217,0.17410811197270554,scr2010,avaConv,runOfRiver
CH,h6218,0.17443316891485428,scr2010,avaConv,runOfRiver
CH,h6219,0.17475822591758217,scr2010,avaConv,runOfRiver
CH,h6220,0.17475822591758217,scr2010,avaConv,runOfRiver
CH,h6221,0.17475822591758217,scr2010,avaConv,runOfRiver
CH,h6222,0.17475822591758217,scr2010,avaConv,runOfRiver
CH,h6223,0.17475822591758217,scr2010,avaConv,runOfRiver
CH,h6224,0.17475822591758217,scr2010,avaConv,runOfRiver
CH,h6225,0.17475822591758217,scr2010,avaConv,runOfRiver
CH,h6226,0.17475822591758217,scr2010,avaConv,runOfRiver
CH,h6227,0.17475822591758217,scr2010,avaConv,runOfRiver
CH,h6228,0.17475822591758217,scr2010,avaConv,runOfRiver
CH,h6229,0.17475822591758217,scr2010,avaConv,runOfRiver
CH,h6230,0.17475822591758217,scr2010,avaConv,runOfRiver
CH,h6231,0.17475822591758217,scr2010,avaConv,runOfRiver
CH,h6232,0.17475822591758217,scr2010,avaConv,runOfRiver
CH,h6233,0.17475822591758217,scr2010,avaConv,runOfRiver
CH,h6234,0.17475822591758217,scr2010,avaConv,runOfRiver
CH,h6235,0.17475822591758217,scr2010,avaConv,runOfRiver
CH,h6236,0.17475822591758217,scr2010,avaConv,runOfRiver
CH,h6237,0.17475822591758217,scr2010,avaConv,runOfRiver
CH,h6238,0.17475822591758217,scr2010,avaConv,runOfRiver
CH,h6239,0.17475822591758217,scr2010,avaConv,runOfRiver
CH,h6240,0.17475822591758217,scr2010,avaConv,runOfRiver
CH,h6241,0.17548850409940966,scr2010,avaConv,runOfRiver
CH,h6242,0.1762187825851592,scr2010,avaConv,runOfRiver
CH,h6243,0.17694906137357125,scr2010,avaConv,runOfRiver
CH,h6244,0.17694906137357125,scr2010,avaConv,runOfRiver
CH,h6245,0.17694906137357125,scr2010,avaConv,runOfRiver
CH,h6246,0.17694906137357125,scr2010,avaConv,runOfRiver
CH,h6247,0.17694906137357125,scr2010,avaConv,runOfRiver
CH,h6248,0.17694906137357125,scr2010,avaConv,runOfRiver
CH,h6249,0.17694906137357125,scr2010,avaConv,runOfRiver
CH,h6250,0.17694906137357125,scr2010,avaConv,runOfRiver
CH,h6251,0.17694906137357125,scr2010,avaConv,runOfRiver
CH,h6252,0.17694906137357125,scr2010,avaConv,runOfRiver
CH,h6253,0.17694906137357125,scr2010,avaConv,runOfRiver
CH,h6254,0.17694906137357125,scr2010,avaConv,runOfRiver
CH,h6255,0.17694906137357125,scr2010,avaConv,runOfRiver
CH,h6256,0.17694906137357125,scr2010,avaConv,runOfRiver
CH,h6257,0.17694906137357125,scr2010,avaConv,runOfRiver
CH,h6258,0.17694906137357125,scr2010,avaConv,runOfRiver
CH,h6259,0.17694906137357125,scr2010,avaConv,runOfRiver
CH,h6260,0.17694906137357125,scr2010,avaConv,runOfRiver
CH,h6261,0.17694906137357125,scr2010,avaConv,runOfRiver
CH,h6262,0.17694906137357125,scr2010,avaConv,runOfRiver
CH,h6263,0.17694906137357125,scr2010,avaConv,runOfRiver
CH,h6264,0.17694906137357125,scr2010,avaConv,runOfRiver
CH,h6265,0.17814139618201572,scr2010,avaConv,runOfRiver
CH,h6266,0.17933373178857753,scr2010,avaConv,runOfRiver
CH,h6267,0.1805260681879504,scr2010,avaConv,runOfRiver
CH,h6268,0.1805260681879504,scr2010,avaConv,runOfRiver
CH,h6269,0.1805260681879504,scr2010,avaConv,runOfRiver
CH,h6270,0.1805260681879504,scr2010,avaConv,runOfRiver
CH,h6271,0.1805260681879504,scr2010,avaConv,runOfRiver
CH,h6272,0.1805260681879504,scr2010,avaConv,runOfRiver
CH,h6273,0.1805260681879504,scr2010,avaConv,runOfRiver
CH,h6274,0.1805260681879504,scr2010,avaConv,runOfRiver
CH,h6275,0.1805260681879504,scr2010,avaConv,runOfRiver
CH,h6276,0.1805260681879504,scr2010,avaConv,runOfRiver
CH,h6277,0.1805260681879504,scr2010,avaConv,runOfRiver
CH,h6278,0.1805260681879504,scr2010,avaConv,runOfRiver
CH,h6279,0.1805260681879504,scr2010,avaConv,runOfRiver
CH,h6280,0.1805260681879504,scr2010,avaConv,runOfRiver
CH,h6281,0.1805260681879504,scr2010,avaConv,runOfRiver
CH,h6282,0.1805260681879504,scr2010,avaConv,runOfRiver
CH,h6283,0.1805260681879504,scr2010,avaConv,runOfRiver
CH,h6284,0.1805260681879504,scr2010,avaConv,runOfRiver
CH,h6285,0.1805260681879504,scr2010,avaConv,runOfRiver
CH,h6286,0.1805260681879504,scr2010,avaConv,runOfRiver
CH,h6287,0.1805260681879504,scr2010,avaConv,runOfRiver
CH,h6288,0.1805260681879504,scr2010,avaConv,runOfRiver
CH,h6289,0.18180717056699958,scr2010,avaConv,runOfRiver
CH,h6290,0.18308827384884688,scr2010,avaConv,runOfRiver
CH,h6291,0.18436937802717557,scr2010,avaConv,runOfRiver
CH,h6292,0.18436937802717557,scr2010,avaConv,runOfRiver
CH,h6293,0.18436937802717557,scr2010,avaConv,runOfRiver
CH,h6294,0.18436937802717557,scr2010,avaConv,runOfRiver
CH,h6295,0.18436937802717557,scr2010,avaConv,runOfRiver
CH,h6296,0.18436937802717557,scr2010,avaConv,runOfRiver
CH,h6297,0.18436937802717557,scr2010,avaConv,runOfRiver
CH,h6298,0.18436937802717557,scr2010,avaConv,runOfRiver
CH,h6299,0.18436937802717557,scr2010,avaConv,runOfRiver
CH,h6300,0.18436937802717557,scr2010,avaConv,runOfRiver
CH,h6301,0.18436937802717557,scr2010,avaConv,runOfRiver
CH,h6302,0.18436937802717557,scr2010,avaConv,runOfRiver
CH,h6303,0.18436937802717557,scr2010,avaConv,runOfRiver
CH,h6304,0.18436937802717557,scr2010,avaConv,runOfRiver
CH,h6305,0.18436937802717557,scr2010,avaConv,runOfRiver
CH,h6306,0.18436937802717557,scr2010,avaConv,runOfRiver
CH,h6307,0.18436937802717557,scr2010,avaConv,runOfRiver
CH,h6308,0.18436937802717557,scr2010,avaConv,runOfRiver
CH,h6309,0.18436937802717557,scr2010,avaConv,runOfRiver
CH,h6310,0.18436937802717557,scr2010,avaConv,runOfRiver
CH,h6311,0.18436937802717557,scr2010,avaConv,runOfRiver
CH,h6312,0.18436937802717557,scr2010,avaConv,runOfRiver
CH,h6313,0.18593705801691637,scr2010,avaConv,runOfRiver
CH,h6314,0.18750473932850933,scr2010,avaConv,runOfRiver
CH,h6315,0.18907242195090287,scr2010,avaConv,runOfRiver
CH,h6316,0.18907242195090287,scr2010,avaConv,runOfRiver
CH,h6317,0.18907242195090287,scr2010,avaConv,runOfRiver
CH,h6318,0.18907242195090287,scr2010,avaConv,runOfRiver
CH,h6319,0.18907242195090287,scr2010,avaConv,runOfRiver
CH,h6320,0.18907242195090287,scr2010,avaConv,runOfRiver
CH,h6321,0.18907242195090287,scr2010,avaConv,runOfRiver
CH,h6322,0.18907242195090287,scr2010,avaConv,runOfRiver
CH,h6323,0.18907242195090287,scr2010,avaConv,runOfRiver
CH,h6324,0.18907242195090287,scr2010,avaConv,runOfRiver
CH,h6325,0.18907242195090287,scr2010,avaConv,runOfRiver
CH,h6326,0.18907242195090287,scr2010,avaConv,runOfRiver
CH,h6327,0.18907242195090287,scr2010,avaConv,runOfRiver
CH,h6328,0.18907242195090287,scr2010,avaConv,runOfRiver
CH,h6329,0.18907242195090287,scr2010,avaConv,runOfRiver
CH,h6330,0.18907242195090287,scr2010,avaConv,runOfRiver
CH,h6331,0.18907242195090287,scr2010,avaConv,runOfRiver
CH,h6332,0.18907242195090287,scr2010,avaConv,runOfRiver
CH,h6333,0.18907242195090287,scr2010,avaConv,runOfRiver
CH,h6334,0.18907242195090287,scr2010,avaConv,runOfRiver
CH,h6335,0.18907242195090287,scr2010,avaConv,runOfRiver
CH,h6336,0.18907242195090287,scr2010,avaConv,runOfRiver
CH,h6337,0.1903220880947977,scr2010,avaConv,runOfRiver
CH,h6338,0.19157175505928792,scr2010,avaConv,runOfRiver
CH,h6339,0.19282142283902068,scr2010,avaConv,runOfRiver
CH,h6340,0.19282142283902068,scr2010,avaConv,runOfRiver
CH,h6341,0.19282142283902068,scr2010,avaConv,runOfRiver
CH,h6342,0.19282142283902068,scr2010,avaConv,runOfRiver
CH,h6343,0.19282142283902068,scr2010,avaConv,runOfRiver
CH,h6344,0.19282142283902068,scr2010,avaConv,runOfRiver
CH,h6345,0.19282142283902068,scr2010,avaConv,runOfRiver
CH,h6346,0.19282142283902068,scr2010,avaConv,runOfRiver
CH,h6347,0.19282142283902068,scr2010,avaConv,runOfRiver
CH,h6348,0.19282142283902068,scr2010,avaConv,runOfRiver
CH,h6349,0.19282142283902068,scr2010,avaConv,runOfRiver
CH,h6350,0.19282142283902068,scr2010,avaConv,runOfRiver
CH,h6351,0.19282142283902068,scr2010,avaConv,runOfRiver
CH,h6352,0.19282142283902068,scr2010,avaConv,runOfRiver
CH,h6353,0.19282142283902068,scr2010,avaConv,runOfRiver
CH,h6354,0.19282142283902068,scr2010,avaConv,runOfRiver
CH,h6355,0.19282142283902068,scr2010,avaConv,runOfRiver
CH,h6356,0.19282142283902068,scr2010,avaConv,runOfRiver
CH,h6357,0.19282142283902068,scr2010,avaConv,runOfRiver
CH,h6358,0.19282142283902068,scr2010,avaConv,runOfRiver
CH,h6359,0.19282142283902068,scr2010,avaConv,runOfRiver
CH,h6360,0.19282142283902068,scr2010,avaConv,runOfRiver
CH,h6361,0.1935795635939534,scr2010,avaConv,runOfRiver
CH,h6362,0.194337704645825,scr2010,avaConv,runOfRiver
CH,h6363,0.19509584599347718,scr2010,avaConv,runOfRiver
CH,h6364,0.19509584599347718,scr2010,avaConv,runOfRiver
CH,h6365,0.19509584599347718,scr2010,avaConv,runOfRiver
CH,h6366,0.19509584599347718,scr2010,avaConv,runOfRiver
CH,h6367,0.19509584599347718,scr2010,avaConv,runOfRiver
CH,h6368,0.19509584599347718,scr2010,avaConv,runOfRiver
CH,h6369,0.19509584599347718,scr2010,avaConv,runOfRiver
CH,h6370,0.19509584599347718,scr2010,avaConv,runOfRiver
CH,h6371,0.19509584599347718,scr2010,avaConv,runOfRiver
CH,h6372,0.19509584599347718,scr2010,avaConv,runOfRiver
CH,h6373,0.19509584599347718,scr2010,avaConv,runOfRiver
CH,h6374,0.19509584599347718,scr2010,avaConv,runOfRiver
CH,h6375,0.19509584599347718,scr2010,avaConv,runOfRiver
CH,h6376,0.19509584599347718,scr2010,avaConv,runOfRiver
CH,h6377,0.19509584599347718,scr2010,avaConv,runOfRiver
CH,h6378,0.19509584599347718,scr2010,avaConv,runOfRiver
CH,h6379,0.19509584599347718,scr2010,avaConv,runOfRiver
CH,h6380,0.19509584599347718,scr2010,avaConv,runOfRiver
CH,h6381,0.19509584599347718,scr2010,avaConv,runOfRiver
CH,h6382,0.19509584599347718,scr2010,avaConv,runOfRiver
CH,h6383,0.19509584599347718,scr2010,avaConv,runOfRiver
CH,h6384,0.19509584599347718,scr2010,avaConv,runOfRiver
CH,h6385,0.19545757744125694,scr2010,avaConv,runOfRiver
CH,h6386,0.19581930895598582,scr2010,avaConv,runOfRiver
CH,h6387,0.1961810405375403,scr2010,avaConv,runOfRiver
CH,h6388,0.1961810405375403,scr2010,avaConv,runOfRiver
CH,h6389,0.1961810405375403,scr2010,avaConv,runOfRiver
CH,h6390,0.1961810405375403,scr2010,avaConv,runOfRiver
CH,h6391,0.1961810405375403,scr2010,avaConv,runOfRiver
CH,h6392,0.1961810405375403,scr2010,avaConv,runOfRiver
CH,h6393,0.1961810405375403,scr2010,avaConv,runOfRiver
CH,h6394,0.1961810405375403,scr2010,avaConv,runOfRiver
CH,h6395,0.1961810405375403,scr2010,avaConv,runOfRiver
CH,h6396,0.1961810405375403,scr2010,avaConv,runOfRiver
CH,h6397,0.1961810405375403,scr2010,avaConv,runOfRiver
CH,h6398,0.1961810405375403,scr2010,avaConv,runOfRiver
CH,h6399,0.1961810405375403,scr2010,avaConv,runOfRiver
CH,h6400,0.1961810405375403,scr2010,avaConv,runOfRiver
CH,h6401,0.1961810405375403,scr2010,avaConv,runOfRiver
CH,h6402,0.1961810405375403,scr2010,avaConv,runOfRiver
CH,h6403,0.1961810405375403,scr2010,avaConv,runOfRiver
CH,h6404,0.1961810405375403,scr2010,avaConv,runOfRiver
CH,h6405,0.1961810405375403,scr2010,avaConv,runOfRiver
CH,h6406,0.1961810405375403,scr2010,avaConv,runOfRiver
CH,h6407,0.1961810405375403,scr2010,avaConv,runOfRiver
CH,h6408,0.1961810405375403,scr2010,avaConv,runOfRiver
CH,h6409,0.1974085300141633,scr2010,avaConv,runOfRiver
CH,h6410,0.19863602025408938,scr2010,avaConv,runOfRiver
CH,h6411,0.1998635112526018,scr2010,avaConv,runOfRiver
CH,h6412,0.1998635112526018,scr2010,avaConv,runOfRiver
CH,h6413,0.1998635112526018,scr2010,avaConv,runOfRiver
CH,h6414,0.1998635112526018,scr2010,avaConv,runOfRiver
CH,h6415,0.1998635112526018,scr2010,avaConv,runOfRiver
CH,h6416,0.1998635112526018,scr2010,avaConv,runOfRiver
CH,h6417,0.1998635112526018,scr2010,avaConv,runOfRiver
CH,h6418,0.1998635112526018,scr2010,avaConv,runOfRiver
CH,h6419,0.1998635112526018,scr2010,avaConv,runOfRiver
CH,h6420,0.1998635112526018,scr2010,avaConv,runOfRiver
CH,h6421,0.1998635112526018,scr2010,avaConv,runOfRiver
CH,h6422,0.1998635112526018,scr2010,avaConv,runOfRiver
CH,h6423,0.1998635112526018,scr2010,avaConv,runOfRiver
CH,h6424,0.1998635112526018,scr2010,avaConv,runOfRiver
CH,h6425,0.1998635112526018,scr2010,avaConv,runOfRiver
CH,h6426,0.1998635112526018,scr2010,avaConv,runOfRiver
CH,h6427,0.1998635112526018,scr2010,avaConv,runOfRiver
CH,h6428,0.1998635112526018,scr2010,avaConv,runOfRiver
CH,h6429,0.1998635112526018,scr2010,avaConv,runOfRiver
CH,h6430,0.1998635112526018,scr2010,avaConv,runOfRiver
CH,h6431,0.1998635112526018,scr2010,avaConv,runOfRiver
CH,h6432,0.1998635112526018,scr2010,avaConv,runOfRiver
CH,h6433,0.20089185619696395,scr2010,avaConv,runOfRiver
CH,h6434,0.201920201667756,scr2010,avaConv,runOfRiver
CH,h6435,0.20294854766229703,scr2010,avaConv,runOfRiver
CH,h6436,0.20294854766229703,scr2010,avaConv,runOfRiver
CH,h6437,0.20294854766229703,scr2010,avaConv,runOfRiver
CH,h6438,0.20294854766229703,scr2010,avaConv,runOfRiver
CH,h6439,0.20294854766229703,scr2010,avaConv,runOfRiver
CH,h6440,0.20294854766229703,scr2010,avaConv,runOfRiver
CH,h6441,0.20294854766229703,scr2010,avaConv,runOfRiver
CH,h6442,0.20294854766229703,scr2010,avaConv,runOfRiver
CH,h6443,0.20294854766229703,scr2010,avaConv,runOfRiver
CH,h6444,0.20294854766229703,scr2010,avaConv,runOfRiver
CH,h6445,0.20294854766229703,scr2010,avaConv,runOfRiver
CH,h6446,0.20294854766229703,scr2010,avaConv,runOfRiver
CH,h6447,0.20294854766229703,scr2010,avaConv,runOfRiver
CH,h6448,0.20294854766229703,scr2010,avaConv,runOfRiver
CH,h6449,0.20294854766229703,scr2010,avaConv,runOfRiver
CH,h6450,0.20294854766229703,scr2010,avaConv,runOfRiver
CH,h6451,0.20294854766229703,scr2010,avaConv,runOfRiver
CH,h6452,0.20294854766229703,scr2010,avaConv,runOfRiver
CH,h6453,0.20294854766229703,scr2010,avaConv,runOfRiver
CH,h6454,0.20294854766229703,scr2010,avaConv,runOfRiver
CH,h6455,0.20294854766229703,scr2010,avaConv,runOfRiver
CH,h6456,0.20294854766229703,scr2010,avaConv,runOfRiver
CH,h6457,0.20365440324806686,scr2010,avaConv,runOfRiver
CH,h6458,0.20436025907849564,scr2010,avaConv,runOfRiver
CH,h6459,0.2050661151527384,scr2010,avaConv,runOfRiver
CH,h6460,0.2050661151527384,scr2010,avaConv,runOfRiver
CH,h6461,0.2050661151527384,scr2010,avaConv,runOfRiver
CH,h6462,0.2050661151527384,scr2010,avaConv,runOfRiver
CH,h6463,0.2050661151527384,scr2010,avaConv,runOfRiver
CH,h6464,0.2050661151527384,scr2010,avaConv,runOfRiver
CH,h6465,0.2050661151527384,scr2010,avaConv,runOfRiver
CH,h6466,0.2050661151527384,scr2010,avaConv,runOfRiver
CH,h6467,0.2050661151527384,scr2010,avaConv,runOfRiver
CH,h6468,0.2050661151527384,scr2010,avaConv,runOfRiver
CH,h6469,0.2050661151527384,scr2010,avaConv,runOfRiver
CH,h6470,0.2050661151527384,scr2010,avaConv,runOfRiver
CH,h6471,0.2050661151527384,scr2010,avaConv,runOfRiver
CH,h6472,0.2050661151527384,scr2010,avaConv,runOfRiver
CH,h6473,0.2050661151527384,scr2010,avaConv,runOfRiver
CH,h6474,0.2050661151527384,scr2010,avaConv,runOfRiver
CH,h6475,0.2050661151527384,scr2010,avaConv,runOfRiver
CH,h6476,0.2050661151527384,scr2010,avaConv,runOfRiver
CH,h6477,0.2050661151527384,scr2010,avaConv,runOfRiver
CH,h6478,0.2050661151527384,scr2010,avaConv,runOfRiver
CH,h6479,0.2050661151527384,scr2010,avaConv,runOfRiver
CH,h6480,0.2050661151527384,scr2010,avaConv,runOfRiver
CH,h6481,0.2060747163716877,scr2010,avaConv,runOfRiver
CH,h6482,0.20708331808430805,scr2010,avaConv,runOfRiver
CH,h6483,0.20809192028819512,scr2010,avaConv,runOfRiver
CH,h6484,0.20809192028819512,scr2010,avaConv,runOfRiver
CH,h6485,0.20809192028819512,scr2010,avaConv,runOfRiver
CH,h6486,0.20809192028819512,scr2010,avaConv,runOfRiver
CH,h6487,0.20809192028819512,scr2010,avaConv,runOfRiver
CH,h6488,0.20809192028819512,scr2010,avaConv,runOfRiver
CH,h6489,0.20809192028819512,scr2010,avaConv,runOfRiver
CH,h6490,0.20809192028819512,scr2010,avaConv,runOfRiver
CH,h6491,0.20809192028819512,scr2010,avaConv,runOfRiver
CH,h6492,0.20809192028819512,scr2010,avaConv,runOfRiver
CH,h6493,0.20809192028819512,scr2010,avaConv,runOfRiver
CH,h6494,0.20809192028819512,scr2010,avaConv,runOfRiver
CH,h6495,0.20809192028819512,scr2010,avaConv,runOfRiver
CH,h6496,0.20809192028819512,scr2010,avaConv,runOfRiver
CH,h6497,0.20809192028819512,scr2010,avaConv,runOfRiver
CH,h6498,0.20809192028819512,scr2010,avaConv,runOfRiver
CH,h6499,0.20809192028819512,scr2010,avaConv,runOfRiver
CH,h6500,0.20809192028819512,scr2010,avaConv,runOfRiver
CH,h6501,0.20809192028819512,scr2010,avaConv,runOfRiver
CH,h6502,0.20809192028819512,scr2010,avaConv,runOfRiver
CH,h6503,0.20809192028819512,scr2010,avaConv,runOfRiver
CH,h6504,0.20809192028819512,scr2010,avaConv,runOfRiver
CH,h6505,0.20940953026438158,scr2010,avaConv,runOfRiver
CH,h6506,0.2107271410696565,scr2010,avaConv,runOfRiver
CH,h6507,0.21204475269883608,scr2010,avaConv,runOfRiver
CH,h6508,0.21204475269883608,scr2010,avaConv,runOfRiver
CH,h6509,0.21204475269883608,scr2010,avaConv,runOfRiver
CH,h6510,0.21204475269883608,scr2010,avaConv,runOfRiver
CH,h6511,0.21204475269883608,scr2010,avaConv,runOfRiver
CH,h6512,0.21204475269883608,scr2010,avaConv,runOfRiver
CH,h6513,0.21204475269883608,scr2010,avaConv,runOfRiver
CH,h6514,0.21204475269883608,scr2010,avaConv,runOfRiver
CH,h6515,0.21204475269883608,scr2010,avaConv,runOfRiver
CH,h6516,0.21204475269883608,scr2010,avaConv,runOfRiver
CH,h6517,0.21204475269883608,scr2010,avaConv,runOfRiver
CH,h6518,0.21204475269883608,scr2010,avaConv,runOfRiver
CH,h6519,0.21204475269883608,scr2010,avaConv,runOfRiver
CH,h6520,0.21204475269883608,scr2010,avaConv,runOfRiver
CH,h6521,0.21204475269883608,scr2010,avaConv,runOfRiver
CH,h6522,0.21204475269883608,scr2010,avaConv,runOfRiver
CH,h6523,0.21204475269883608,scr2010,avaConv,runOfRiver
CH,h6524,0.21204475269883608,scr2010,avaConv,runOfRiver
CH,h6525,0.21204475269883608,scr2010,avaConv,runOfRiver
CH,h6526,0.21204475269883608,scr2010,avaConv,runOfRiver
CH,h6527,0.21204475269883608,scr2010,avaConv,runOfRiver
CH,h6528,0.21204475269883608,scr2010,avaConv,runOfRiver
CH,h6529,0.21371945654043895,scr2010,avaConv,runOfRiver
CH,h6530,0.21539416169441064,scr2010,avaConv,runOfRiver
CH,h6531,0.21706886815054777,scr2010,avaConv,runOfRiver
CH,h6532,0.21706886815054777,scr2010,avaConv,runOfRiver
CH,h6533,0.21706886815054777,scr2010,avaConv,runOfRiver
CH,h6534,0.21706886815054777,scr2010,avaConv,runOfRiver
CH,h6535,0.21706886815054777,scr2010,avaConv,runOfRiver
CH,h6536,0.21706886815054777,scr2010,avaConv,runOfRiver
CH,h6537,0.21706886815054777,scr2010,avaConv,runOfRiver
CH,h6538,0.21706886815054777,scr2010,avaConv,runOfRiver
CH,h6539,0.21706886815054777,scr2010,avaConv,runOfRiver
CH,h6540,0.21706886815054777,scr2010,avaConv,runOfRiver
CH,h6541,0.21706886815054777,scr2010,avaConv,runOfRiver
CH,h6542,0.21706886815054777,scr2010,avaConv,runOfRiver
CH,h6543,0.21706886815054777,scr2010,avaConv,runOfRiver
CH,h6544,0.21706886815054777,scr2010,avaConv,runOfRiver
CH,h6545,0.21706886815054777,scr2010,avaConv,runOfRiver
CH,h6546,0.21706886815054777,scr2010,avaConv,runOfRiver
CH,h6547,0.21706886815054777,scr2010,avaConv,runOfRiver
CH,h6548,0.21706886815054777,scr2010,avaConv,runOfRiver
CH,h6549,0.21706886815054777,scr2010,avaConv,runOfRiver
CH,h6550,0.21706886815054777,scr2010,avaConv,runOfRiver
CH,h6551,0.21706886815054777,scr2010,avaConv,runOfRiver
CH,h6552,0.21706886815054777,scr2010,avaConv,runOfRiver
CH,h6553,0.21846995639381858,scr2010,avaConv,runOfRiver
CH,h6554,0.21987104553567677,scr2010,avaConv,runOfRiver
CH,h6555,0.22127213557039646,scr2010,avaConv,runOfRiver
CH,h6556,0.22127213557039646,scr2010,avaConv,runOfRiver
CH,h6557,0.22127213557039646,scr2010,avaConv,runOfRiver
CH,h6558,0.22127213557039646,scr2010,avaConv,runOfRiver
CH,h6559,0.22127213557039646,scr2010,avaConv,runOfRiver
CH,h6560,0.22127213557039646,scr2010,avaConv,runOfRiver
CH,h6561,0.22127213557039646,scr2010,avaConv,runOfRiver
CH,h6562,0.22127213557039646,scr2010,avaConv,runOfRiver
CH,h6563,0.22127213557039646,scr2010,avaConv,runOfRiver
CH,h6564,0.22127213557039646,scr2010,avaConv,runOfRiver
CH,h6565,0.22127213557039646,scr2010,avaConv,runOfRiver
CH,h6566,0.22127213557039646,scr2010,avaConv,runOfRiver
CH,h6567,0.22127213557039646,scr2010,avaConv,runOfRiver
CH,h6568,0.22127213557039646,scr2010,avaConv,runOfRiver
CH,h6569,0.22127213557039646,scr2010,avaConv,runOfRiver
CH,h6570,0.22127213557039646,scr2010,avaConv,runOfRiver
CH,h6571,0.22127213557039646,scr2010,avaConv,runOfRiver
CH,h6572,0.22127213557039646,scr2010,avaConv,runOfRiver
CH,h6573,0.22127213557039646,scr2010,avaConv,runOfRiver
CH,h6574,0.22127213557039646,scr2010,avaConv,runOfRiver
CH,h6575,0.22127213557039646,scr2010,avaConv,runOfRiver
CH,h6576,0.22127213557039646,scr2010,avaConv,runOfRiver
DE,h4369,0.3586991865202537,scr2010,avaConv,runOfRiver
DE,h4370,0.36122294445842323,scr2010,avaConv,runOfRiver
DE,h4371,0.3637467041598539,scr2010,avaConv,runOfRiver
DE,h4372,0.3637467041598539,scr2010,avaConv,runOfRiver
DE,h4373,0.3637467041598539,scr2010,avaConv,runOfRiver
DE,h4374,0.3637467041598539,scr2010,avaConv,runOfRiver
DE,h4375,0.3637467041598539,scr2010,avaConv,runOfRiver
DE,h4376,0.3637467041598539,scr2010,avaConv,runOfRiver
DE,h4377,0.3637467041598539,scr2010,avaConv,runOfRiver
DE,h4378,0.3637467041598539,scr2010,avaConv,runOfRiver
DE,h4379,0.3637467041598539,scr2010,avaConv,runOfRiver
DE,h4380,0.3637467041598539,scr2010,avaConv,runOfRiver
DE,h4381,0.3637467041598539,scr2010,avaConv,runOfRiver
DE,h4382,0.3637467041598539,scr2010,avaConv,runOfRiver
DE,h4383,0.3637467041598539,scr2010,avaConv,runOfRiver
DE,h4384,0.3637467041598539,scr2010,avaConv,runOfRiver
DE,h4385,0.3637467041598539,scr2010,avaConv,runOfRiver
DE,h4386,0.3637467041598539,scr2010,avaConv,runOfRiver
DE,h4387,0.3637467041598539,scr2010,avaConv,runOfRiver
DE,h4388,0.3637467041598539,scr2010,avaConv,runOfRiver
DE,h4389,0.3637467041598539,scr2010,avaConv,runOfRiver
DE,h4390,0.3637467041598539,scr2010,avaConv,runOfRiver
DE,h4391,0.3637467041598539,scr2010,avaConv,runOfRiver
DE,h4392,0.3637467041598539,scr2010,avaConv,runOfRiver
DE,h4393,0.3641553128891848,scr2010,avaConv,runOfRiver
DE,h4394,0.36456392166436374,scr2010,avaConv,runOfRiver
DE,h4395,0.3649725304853394,scr2010,avaConv,runOfRiver
DE,h4396,0.3649725304853394,scr2010,avaConv,runOfRiver
DE,h4397,0.3649725304853394,scr2010,avaConv,runOfRiver
DE,h4398,0.3649725304853394,scr2010,avaConv,runOfRiver
DE,h4399,0.3649725304853394,scr2010,avaConv,runOfRiver
DE,h4400,0.3649725304853394,scr2010,avaConv,runOfRiver
DE,h4401,0.3649725304853394,scr2010,avaConv,runOfRiver
DE,h4402,0.3649725304853394,scr2010,avaConv,runOfRiver
DE,h4403,0.3649725304853394,scr2010,avaConv,runOfRiver
DE,h4404,0.3649725304853394,scr2010,avaConv,runOfRiver
DE,h4405,0.3649725304853394,scr2010,avaConv,runOfRiver
DE,h4406,0.3649725304853394,scr2010,avaConv,runOfRiver
DE,h4407,0.3649725304853394,scr2010,avaConv,runOfRiver
DE,h4408,0.3649725304853394,scr2010,avaConv,runOfRiver
DE,h4409,0.3649725304853394,scr2010,avaConv,runOfRiver
DE,h4410,0.3649725304853394,scr2010,avaConv,runOfRiver
DE,h4411,0.3649725304853394,scr2010,avaConv,runOfRiver
DE,h4412,0.3649725304853394,scr2010,avaConv,runOfRiver
DE,h4413,0.3649725304853394,scr2010,avaConv,runOfRiver
DE,h4414,0.3649725304853394,scr2010,avaConv,runOfRiver
DE,h4415,0.3649725304853394,scr2010,avaConv,runOfRiver
DE,h4416,0.3649725304853394,scr2010,avaConv,runOfRiver
DE,h4417,0.36474329242904785,scr2010,avaConv,runOfRiver
DE,h4418,0.36451405438716344,scr2010,avaConv,runOfRiver
DE,h4419,0.36428481635969534,scr2010,avaConv,runOfRiver
DE,h4420,0.36428481635969534,scr2010,avaConv,runOfRiver
DE,h4421,0.36428481635969534,scr2010,avaConv,runOfRiver
DE,h4422,0.36428481635969534,scr2010,avaConv,runOfRiver
DE,h4423,0.36428481635969534,scr2010,avaConv,runOfRiver
DE,h4424,0.36428481635969534,scr2010,avaConv,runOfRiver
DE,h4425,0.36428481635969534,scr2010,avaConv,runOfRiver
DE,h4426,0.36428481635969534,scr2010,avaConv,runOfRiver
DE,h4427,0.36428481635969534,scr2010,avaConv,runOfRiver
DE,h4428,0.36428481635969534,scr2010,avaConv,runOfRiver
DE,h4429,0.36428481635969534,scr2010,avaConv,runOfRiver
DE,h4430,0.36428481635969534,scr2010,avaConv,runOfRiver
DE,h4431,0.36428481635969534,scr2010,avaConv,runOfRiver
DE,h4432,0.36428481635969534,scr2010,avaConv,runOfRiver
DE,h4433,0.36428481635969534,scr2010,avaConv,runOfRiver
DE,h4434,0.36428481635969534,scr2010,avaConv,runOfRiver
DE,h4435,0.36428481635969534,scr2010,avaConv,runOfRiver
DE,h4436,0.36428481635969534,scr2010,avaConv,runOfRiver
DE,h4437,0.36428481635969534,scr2010,avaConv,runOfRiver
DE,h4438,0.36428481635969534,scr2010,avaConv,runOfRiver
DE,h4439,0.36428481635969534,scr2010,avaConv,runOfRiver
DE,h4440,0.36428481635969534,scr2010,avaConv,runOfRiver
DE,h4441,0.363964118805433,scr2010,avaConv,runOfRiver
DE,h4442,0.3636434212794276,scr2010,avaConv,runOfRiver
DE,h4443,0.363322723781704,scr2010,avaConv,runOfRiver
DE,h4444,0.363322723781704,scr2010,avaConv,runOfRiver
DE,h4445,0.363322723781704,scr2010,avaConv,runOfRiver
DE,h4446,0.363322723781704,scr2010,avaConv,runOfRiver
DE,h4447,0.363322723781704,scr2010,avaConv,runOfRiver
DE,h4448,0.363322723781704,scr2010,avaConv,runOfRiver
DE,h4449,0.363322723781704,scr2010,avaConv,runOfRiver
DE,h4450,0.363322723781704,scr2010,avaConv,runOfRiver
DE,h4451,0.363322723781704,scr2010,avaConv,runOfRiver
DE,h4452,0.363322723781704,scr2010,avaConv,runOfRiver
DE,h4453,0.363322723781704,scr2010,avaConv,runOfRiver
DE,h4454,0.363322723781704,scr2010,avaConv,runOfRiver
DE,h4455,0.363322723781704,scr2010,avaConv,runOfRiver
DE,h4456,0.363322723781704,scr2010,avaConv,runOfRiver
DE,h4457,0.363322723781704,scr2010,avaConv,runOfRiver
DE,h4458,0.363322723781704,scr2010,avaConv,runOfRiver
DE,h4459,0.363322723781704,scr2010,avaConv,runOfRiver
DE,h4460,0.363322723781704,scr2010,avaConv,runOfRiver
DE,h4461,0.363322723781704,scr2010,avaConv,runOfRiver
DE,h4462,0.363322723781704,scr2010,avaConv,runOfRiver
DE,h4463,0.363322723781704,scr2010,avaConv,runOfRiver
DE,h4464,0.363322723781704,scr2010,avaConv,runOfRiver
DE,h4465,0.3638199430954163,scr2010,avaConv,runOfRiver
DE,h4466,0.3643171624770805,scr2010,avaConv,runOfRiver
DE,h4467,0.3648143819266039,scr2010,avaConv,runOfRiver
DE,h4468,0.3648143819266039,scr2010,avaConv,runOfRiver
DE,h4469,0.3648143819266039,scr2010,avaConv,runOfRiver
DE,h4470,0.3648143819266039,scr2010,avaConv,runOfRiver
DE,h4471,0.3648143819266039,scr2010,avaConv,runOfRiver
DE,h4472,0.3648143819266039,scr2010,avaConv,runOfRiver
DE,h4473,0.3648143819266039,scr2010,avaConv,runOfRiver
DE,h4474,0.3648143819266039,scr2010,avaConv,runOfRiver
DE,h4475,0.3648143819266039,scr2010,avaConv,runOfRiver
DE,h4476,0.3648143819266039,scr2010,avaConv,runOfRiver
DE,h4477,0.3648143819266039,scr2010,avaConv,runOfRiver
DE,h4478,0.3648143819266039,scr2010,avaConv,runOfRiver
DE,h4479,0.3648143819266039,scr2010,avaConv,runOfRiver
DE,h4480,0.3648143819266039,scr2010,avaConv,runOfRiver
DE,h4481,0.3648143819266039,scr2010,avaConv,runOfRiver
DE,h4482,0.3648143819266039,scr2010,avaConv,runOfRiver
DE,h4483,0.3648143819266039,scr2010,avaConv,runOfRiver
DE,h4484,0.3648143819266039,scr2010,avaConv,runOfRiver
DE,h4485,0.3648143819266039,scr2010,avaConv,runOfRiver
DE,h4486,0.3648143819266039,scr2010,avaConv,runOfRiver
DE,h4487,0.3648143819266039,scr2010,avaConv,runOfRiver
DE,h4488,0.3648143819266039,scr2010,avaConv,runOfRiver
DE,h4489,0.36530858073757316,scr2010,avaConv,runOfRiver
DE,h4490,0.36580277961539776,scr2010,avaConv,runOfRiver
DE,h4491,0.3662969785599873,scr2010,avaConv,runOfRiver
DE,h4492,0.3662969785599873,scr2010,avaConv,runOfRiver
DE,h4493,0.3662969785599873,scr2010,avaConv,runOfRiver
DE,h4494,0.3662969785599873,scr2010,avaConv,runOfRiver
DE,h4495,0.3662969785599873,scr2010,avaConv,runOfRiver
DE,h4496,0.3662969785599873,scr2010,avaConv,runOfRiver
DE,h4497,0.3662969785599873,scr2010,avaConv,runOfRiver
DE,h4498,0.3662969785599873,scr2010,avaConv,runOfRiver
DE,h4499,0.3662969785599873,scr2010,avaConv,runOfRiver
DE,h4500,0.3662969785599873,scr2010,avaConv,runOfRiver
DE,h4501,0.3662969785599873,scr2010,avaConv,runOfRiver
DE,h4502,0.3662969785599873,scr2010,avaConv,runOfRiver
DE,h4503,0.3662969785599873,scr2010,avaConv,runOfRiver
DE,h4504,0.3662969785599873,scr2010,avaConv,runOfRiver
DE,h4505,0.3662969785599873,scr2010,avaConv,runOfRiver
DE,h4506,0.3662969785599873,scr2010,avaConv,runOfRiver
DE,h4507,0.3662969785599873,scr2010,avaConv,runOfRiver
DE,h4508,0.3662969785599873,scr2010,avaConv,runOfRiver
DE,h4509,0.3662969785599873,scr2010,avaConv,runOfRiver
DE,h4510,0.3662969785599873,scr2010,avaConv,runOfRiver
DE,h4511,0.3662969785599873,scr2010,avaConv,runOfRiver
DE,h4512,0.3662969785599873,scr2010,avaConv,runOfRiver
DE,h4513,0.3661579084464748,scr2010,avaConv,runOfRiver
DE,h4514,0.36601883833824417,scr2010,avaConv,runOfRiver
DE,h4515,0.36587976823529744,scr2010,avaConv,runOfRiver
DE,h4516,0.36587976823529744,scr2010,avaConv,runOfRiver
DE,h4517,0.36587976823529744,scr2010,avaConv,runOfRiver
DE,h4518,0.36587976823529744,scr2010,avaConv,runOfRiver
DE,h4519,0.36587976823529744,scr2010,avaConv,runOfRiver
DE,h4520,0.36587976823529744,scr2010,avaConv,runOfRiver
DE,h4521,0.36587976823529744,scr2010,avaConv,runOfRiver
DE,h4522,0.36587976823529744,scr2010,avaConv,runOfRiver
DE,h4523,0.36587976823529744,scr2010,avaConv,runOfRiver
DE,h4524,0.36587976823529744,scr2010,avaConv,runOfRiver
DE,h4525,0.36587976823529744,scr2010,avaConv,runOfRiver
DE,h4526,0.36587976823529744,scr2010,avaConv,runOfRiver
DE,h4527,0.36587976823529744,scr2010,avaConv,runOfRiver
DE,h4528,0.36587976823529744,scr2010,avaConv,runOfRiver
DE,h4529,0.36587976823529744,scr2010,avaConv,runOfRiver
DE,h4530,0.36587976823529744,scr2010,avaConv,runOfRiver
DE,h4531,0.36587976823529744,scr2010,avaConv,runOfRiver
DE,h4532,0.36587976823529744,scr2010,avaConv,runOfRiver
DE,h4533,0.36587976823529744,scr2010,avaConv,runOfRiver
DE,h4534,0.36587976823529744,scr2010,avaConv,runOfRiver
DE,h4535,0.36587976823529744,scr2010,avaConv,runOfRiver
DE,h4536,0.36587976823529744,scr2010,avaConv,runOfRiver
DE,h4537,0.36458612628453274,scr2010,avaConv,runOfRiver
DE,h4538,0.3632924847927768,scr2010,avaConv,runOfRiver
DE,h4539,0.36199884376166425,scr2010,avaConv,runOfRiver
DE,h4540,0.36199884376166425,scr2010,avaConv,runOfRiver
DE,h4541,0.36199884376166425,scr2010,avaConv,runOfRiver
DE,h4542,0.36199884376166425,scr2010,avaConv,runOfRiver
DE,h4543,0.36199884376166425,scr2010,avaConv,runOfRiver
DE,h4544,0.36199884376166425,scr2010,avaConv,runOfRiver
DE,h4545,0.36199884376166425,scr2010,avaConv,runOfRiver
DE,h4546,0.36199884376166425,scr2010,avaConv,runOfRiver
DE,h4547,0.36199884376166425,scr2010,avaConv,runOfRiver
DE,h4548,0.36199884376166425,scr2010,avaConv,runOfRiver
DE,h4549,0.36199884376166425,scr2010,avaConv,runOfRiver
DE,h4550,0.36199884376166425,scr2010,avaConv,runOfRiver
DE,h4551,0.36199884376166425,scr2010,avaConv,runOfRiver
DE,h4552,0.36199884376166425,scr2010,avaConv,runOfRiver
DE,h4553,0.36199884376166425,scr2010,avaConv,runOfRiver
DE,h4554,0.36199884376166425,scr2010,avaConv,runOfRiver
DE,h4555,0.36199884376166425,scr2010,avaConv,runOfRiver
DE,h4556,0.36199884376166425,scr2010,avaConv,runOfRiver
DE,h4557,0.36199884376166425,scr2010,avaConv,runOfRiver
DE,h4558,0.36199884376166425,scr2010,avaConv,runOfRiver
DE,h4559,0.36199884376166425,scr2010,avaConv,runOfRiver
DE,h4560,0.36199884376166425,scr2010,avaConv,runOfRiver
DE,h4561,0.36074984352726613,scr2010,avaConv,runOfRiver
DE,h4562,0.3595008437252945,scr2010,avaConv,runOfRiver
DE,h4563,0.3582518443572516,scr2010,avaConv,runOfRiver
DE,h4564,0.3582518443572516,scr2010,avaConv,runOfRiver
DE,h4565,0.3582518443572516,scr2010,avaConv,runOfRiver
DE,h4566,0.3582518443572516,scr2010,avaConv,runOfRiver
DE,h4567,0.3582518443572516,scr2010,avaConv,runOfRiver
DE,h4568,0.3582518443572516,scr2010,avaConv,runOfRiver
DE,h4569,0.3582518443572516,scr2010,avaConv,runOfRiver
DE,h4570,0.3582518443572516,scr2010,avaConv,runOfRiver
DE,h4571,0.3582518443572516,scr2010,avaConv,runOfRiver
DE,h4572,0.3582518443572516,scr2010,avaConv,runOfRiver
DE,h4573,0.3582518443572516,scr2010,avaConv,runOfRiver
DE,h4574,0.3582518443572516,scr2010,avaConv,runOfRiver
DE,h4575,0.3582518443572516,scr2010,avaConv,runOfRiver
DE,h4576,0.3582518443572516,scr2010,avaConv,runOfRiver
DE,h4577,0.3582518443572516,scr2010,avaConv,runOfRiver
DE,h4578,0.3582518443572516,scr2010,avaConv,runOfRiver
DE,h4579,0.3582518443572516,scr2010,avaConv,runOfRiver
DE,h4580,0.3582518443572516,scr2010,avaConv,runOfRiver
DE,h4581,0.3582518443572516,scr2010,avaConv,runOfRiver
DE,h4582,0.3582518443572516,scr2010,avaConv,runOfRiver
DE,h4583,0.3582518443572516,scr2010,avaConv,runOfRiver
DE,h4584,0.3582518443572516,scr2010,avaConv,runOfRiver
DE,h4585,0.3574007540585323,scr2010,avaConv,runOfRiver
DE,h4586,0.3565496639624828,scr2010,avaConv,runOfRiver
DE,h4587,0.35569857406958694,scr2010,avaConv,runOfRiver
DE,h4588,0.35569857406958694,scr2010,avaConv,runOfRiver
DE,h4589,0.35569857406958694,scr2010,avaConv,runOfRiver
DE,h4590,0.35569857406958694,scr2010,avaConv,runOfRiver
DE,h4591,0.35569857406958694,scr2010,avaConv,runOfRiver
DE,h4592,0.35569857406958694,scr2010,avaConv,runOfRiver
DE,h4593,0.35569857406958694,scr2010,avaConv,runOfRiver
DE,h4594,0.35569857406958694,scr2010,avaConv,runOfRiver
DE,h4595,0.35569857406958694,scr2010,avaConv,runOfRiver
DE,h4596,0.35569857406958694,scr2010,avaConv,runOfRiver
DE,h4597,0.35569857406958694,scr2010,avaConv,runOfRiver
DE,h4598,0.35569857406958694,scr2010,avaConv,runOfRiver
DE,h4599,0.35569857406958694,scr2010,avaConv,runOfRiver
DE,h4600,0.35569857406958694,scr2010,avaConv,runOfRiver
DE,h4601,0.35569857406958694,scr2010,avaConv,runOfRiver
DE,h4602,0.35569857406958694,scr2010,avaConv,runOfRiver
DE,h4603,0.35569857406958694,scr2010,avaConv,runOfRiver
DE,h4604,0.35569857406958694,scr2010,avaConv,runOfRiver
DE,h4605,0.35569857406958694,scr2010,avaConv,runOfRiver
DE,h4606,0.35569857406958694,scr2010,avaConv,runOfRiver
DE,h4607,0.35569857406958694,scr2010,avaConv,runOfRiver
DE,h4608,0.35569857406958694,scr2010,avaConv,runOfRiver
DE,h4609,0.3551115382441211,scr2010,avaConv,runOfRiver
DE,h4610,0.35452450251569695,scr2010,avaConv,runOfRiver
DE,h4611,0.35393746688447497,scr2010,avaConv,runOfRiver
DE,h4612,0.35393746688447497,scr2010,avaConv,runOfRiver
DE,h4613,0.35393746688447497,scr2010,avaConv,runOfRiver
DE,h4614,0.35393746688447497,scr2010,avaConv,runOfRiver
DE,h4615,0.35393746688447497,scr2010,avaConv,runOfRiver
DE,h4616,0.35393746688447497,scr2010,avaConv,runOfRiver
DE,h4617,0.35393746688447497,scr2010,avaConv,runOfRiver
DE,h4618,0.35393746688447497,scr2010,avaConv,runOfRiver
DE,h4619,0.35393746688447497,scr2010,avaConv,runOfRiver
DE,h4620,0.35393746688447497,scr2010,avaConv,runOfRiver
DE,h4621,0.35393746688447497,scr2010,avaConv,runOfRiver
DE,h4622,0.35393746688447497,scr2010,avaConv,runOfRiver
DE,h4623,0.35393746688447497,scr2010,avaConv,runOfRiver
DE,h4624,0.35393746688447497,scr2010,avaConv,runOfRiver
DE,h4625,0.35393746688447497,scr2010,avaConv,runOfRiver
DE,h4626,0.35393746688447497,scr2010,avaConv,runOfRiver
DE,h4627,0.35393746688447497,scr2010,avaConv,runOfRiver
DE,h4628,0.35393746688447497,scr2010,avaConv,runOfRiver
DE,h4629,0.35393746688447497,scr2010,avaConv,runOfRiver
DE,h4630,0.35393746688447497,scr2010,avaConv,runOfRiver
DE,h4631,0.35393746688447497,scr2010,avaConv,runOfRiver
DE,h4632,0.35393746688447497,scr2010,avaConv,runOfRiver
DE,h4633,0.3532063776649177,scr2010,avaConv,runOfRiver
DE,h4634,0.35247528859668376,scr2010,avaConv,runOfRiver
DE,h4635,0.351744199680087,scr2010,avaConv,runOfRiver
DE,h4636,0.351744199680087,scr2010,avaConv,runOfRiver
DE,h4637,0.351744199680087,scr2010,avaConv,runOfRiver
DE,h4638,0.351744199680087,scr2010,avaConv,runOfRiver
DE,h4639,0.351744199680087,scr2010,avaConv,runOfRiver
DE,h4640,0.351744199680087,scr2010,avaConv,runOfRiver
DE,h4641,0.351744199680087,scr2010,avaConv,runOfRiver
DE,h4642,0.351744199680087,scr2010,avaConv,runOfRiver
DE,h4643,0.351744199680087,scr2010,avaConv,runOfRiver
DE,h4644,0.351744199680087,scr2010,avaConv,runOfRiver
DE,h4645,0.351744199680087,scr2010,avaConv,runOfRiver
DE,h4646,0.351744199680087,scr2010,avaConv,runOfRiver
DE,h4647,0.351744199680087,scr2010,avaConv,runOfRiver
DE,h4648,0.351744199680087,scr2010,avaConv,runOfRiver
DE,h4649,0.351744199680087,scr2010,avaConv,runOfRiver
DE,h4650,0.351744199680087,scr2010,avaConv,runOfRiver
DE,h4651,0.351744199680087,scr2010,avaConv,runOfRiver
DE,h4652,0.351744199680087,scr2010,avaConv,runOfRiver
DE,h4653,0.351744199680087,scr2010,avaConv,runOfRiver
DE,h4654,0.351744199680087,scr2010,avaConv,runOfRiver
DE,h4655,0.351744199680087,scr2010,avaConv,runOfRiver
DE,h4656,0.351744199680087,scr2010,avaConv,runOfRiver
DE,h4657,0.3509378948563099,scr2010,avaConv,runOfRiver
DE,h4658,0.35013159021778445,scr2010,avaConv,runOfRiver
DE,h4659,0.34932528576493743,scr2010,avaConv,runOfRiver
DE,h4660,0.34932528576493743,scr2010,avaConv,runOfRiver
DE,h4661,0.34932528576493743,scr2010,avaConv,runOfRiver
DE,h4662,0.34932528576493743,scr2010,avaConv,runOfRiver
DE,h4663,0.34932528576493743,scr2010,avaConv,runOfRiver
DE,h4664,0.34932528576493743,scr2010,avaConv,runOfRiver
DE,h4665,0.34932528576493743,scr2010,avaConv,runOfRiver
DE,h4666,0.34932528576493743,scr2010,avaConv,runOfRiver
DE,h4667,0.34932528576493743,scr2010,avaConv,runOfRiver
DE,h4668,0.34932528576493743,scr2010,avaConv,runOfRiver
DE,h4669,0.34932528576493743,scr2010,avaConv,runOfRiver
DE,h4670,0.34932528576493743,scr2010,avaConv,runOfRiver
DE,h4671,0.34932528576493743,scr2010,avaConv,runOfRiver
DE,h4672,0.34932528576493743,scr2010,avaConv,runOfRiver
DE,h4673,0.34932528576493743,scr2010,avaConv,runOfRiver
DE,h4674,0.34932528576493743,scr2010,avaConv,runOfRiver
DE,h4675,0.34932528576493743,scr2010,avaConv,runOfRiver
DE,h4676,0.34932528576493743,scr2010,avaConv,runOfRiver
DE,h4677,0.34932528576493743,scr2010,avaConv,runOfRiver
DE,h4678,0.34932528576493743,scr2010,avaConv,runOfRiver
DE,h4679,0.34932528576493743,scr2010,avaConv,runOfRiver
DE,h4680,0.34932528576493743,scr2010,avaConv,runOfRiver
DE,h4681,0.348970191549943,scr2010,avaConv,runOfRiver
DE,h4682,0.3486150973710807,scr2010,avaConv,runOfRiver
DE,h4683,0.34826000322838735,scr2010,avaConv,runOfRiver
DE,h4684,0.34826000322838735,scr2010,avaConv,runOfRiver
DE,h4685,0.34826000322838735,scr2010,avaConv,runOfRiver
DE,h4686,0.34826000322838735,scr2010,avaConv,runOfRiver
DE,h4687,0.34826000322838735,scr2010,avaConv,runOfRiver
DE,h4688,0.34826000322838735,scr2010,avaConv,runOfRiver
DE,h4689,0.34826000322838735,scr2010,avaConv,runOfRiver
DE,h4690,0.34826000322838735,scr2010,avaConv,runOfRiver
DE,h4691,0.34826000322838735,scr2010,avaConv,runOfRiver
DE,h4692,0.34826000322838735,scr2010,avaConv,runOfRiver
DE,h4693,0.34826000322838735,scr2010,avaConv,runOfRiver
DE,h4694,0.34826000322838735,scr2010,avaConv,runOfRiver
DE,h4695,0.34826000322838735,scr2010,avaConv,runOfRiver
DE,h4696,0.34826000322838735,scr2010,avaConv,runOfRiver
DE,h4697,0.34826000322838735,scr2010,avaConv,runOfRiver
DE,h4698,0.34826000322838735,scr2010,avaConv,runOfRiver
DE,h4699,0.34826000322838735,scr2010,avaConv,runOfRiver
DE,h4700,0.34826000322838735,scr2010,avaConv,runOfRiver
DE,h4701,0.34826000322838735,scr2010,avaConv,runOfRiver
DE,h4702,0.34826000322838735,scr2010,avaConv,runOfRiver
DE,h4703,0.34826000322838735,scr2010,avaConv,runOfRiver
DE,h4704,0.34826000322838735,scr2010,avaConv,runOfRiver
DE,h4705,0.34756684850145964,scr2010,avaConv,runOfRiver
DE,h4706,0.34687369391276635,scr2010,avaConv,runOfRiver
DE,h4707,0.34618053946258376,scr2010,avaConv,runOfRiver
DE,h4708,0.34618053946258376,scr2010,avaConv,runOfRiver
DE,h4709,0.34618053946258376,scr2010,avaConv,runOfRiver
DE,h4710,0.34618053946258376,scr2010,avaConv,runOfRiver
DE,h4711,0.34618053946258376,scr2010,avaConv,runOfRiver
DE,h4712,0.34618053946258376,scr2010,avaConv,runOfRiver
DE,h4713,0.34618053946258376,scr2010,avaConv,runOfRiver
DE,h4714,0.34618053946258376,scr2010,avaConv,runOfRiver
DE,h4715,0.34618053946258376,scr2010,avaConv,runOfRiver
DE,h4716,0.34618053946258376,scr2010,avaConv,runOfRiver
DE,h4717,0.34618053946258376,scr2010,avaConv,runOfRiver
DE,h4718,0.34618053946258376,scr2010,avaConv,runOfRiver
DE,h4719,0.34618053946258376,scr2010,avaConv,runOfRiver
DE,h4720,0.34618053946258376,scr2010,avaConv,runOfRiver
DE,h4721,0.34618053946258376,scr2010,avaConv,runOfRiver
DE,h4722,0.34618053946258376,scr2010,avaConv,runOfRiver
DE,h4723,0.34618053946258376,scr2010,avaConv,runOfRiver
DE,h4724,0.34618053946258376,scr2010,avaConv,runOfRiver
DE,h4725,0.34618053946258376,scr2010,avaConv,runOfRiver
DE,h4726,0.34618053946258376,scr2010,avaConv,runOfRiver
DE,h4727,0.34618053946258376,scr2010,avaConv,runOfRiver
DE,h4728,0.34618053946258376,scr2010,avaConv,runOfRiver
DE,h4729,0.3458447036307662,scr2010,avaConv,runOfRiver
DE,h4730,0.34550886783155965,scr2010,avaConv,runOfRiver
DE,h4731,0.3451730320649962,scr2010,avaConv,runOfRiver
DE,h4732,0.3451730320649962,scr2010,avaConv,runOfRiver
DE,h4733,0.3451730320649962,scr2010,avaConv,runOfRiver
DE,h4734,0.3451730320649962,scr2010,avaConv,runOfRiver
DE,h4735,0.3451730320649962,scr2010,avaConv,runOfRiver
DE,h4736,0.3451730320649962,scr2010,avaConv,runOfRiver
DE,h4737,0.3451730320649962,scr2010,avaConv,runOfRiver
DE,h4738,0.3451730320649962,scr2010,avaConv,runOfRiver
DE,h4739,0.3451730320649962,scr2010,avaConv,runOfRiver
DE,h4740,0.3451730320649962,scr2010,avaConv,runOfRiver
DE,h4741,0.3451730320649962,scr2010,avaConv,runOfRiver
DE,h4742,0.3451730320649962,scr2010,avaConv,runOfRiver
DE,h4743,0.3451730320649962,scr2010,avaConv,runOfRiver
DE,h4744,0.3451730320649962,scr2010,avaConv,runOfRiver
DE,h4745,0.3451730320649962,scr2010,avaConv,runOfRiver
DE,h4746,0.3451730320649962,scr2010,avaConv,runOfRiver
DE,h4747,0.3451730320649962,scr2010,avaConv,runOfRiver
DE,h4748,0.3451730320649962,scr2010,avaConv,runOfRiver
DE,h4749,0.3451730320649962,scr2010,avaConv,runOfRiver
DE,h4750,0.3451730320649962,scr2010,avaConv,runOfRiver
DE,h4751,0.3451730320649962,scr2010,avaConv,runOfRiver
DE,h4752,0.3451730320649962,scr2010,avaConv,runOfRiver
DE,h4753,0.34350876919991136,scr2010,avaConv,runOfRiver
DE,h4754,0.3418445071411366,scr2010,avaConv,runOfRiver
DE,h4755,0.340180245892597,scr2010,avaConv,runOfRiver
DE,h4756,0.340180245892597,scr2010,avaConv,runOfRiver
DE,h4757,0.340180245892597,scr2010,avaConv,runOfRiver
DE,h4758,0.340180245892597,scr2010,avaConv,runOfRiver
DE,h4759,0.340180245892597,scr2010,avaConv,runOfRiver
DE,h4760,0.340180245892597,scr2010,avaConv,runOfRiver
DE,h4761,0.340180245892597,scr2010,avaConv,runOfRiver
DE,h4762,0.340180245892597,scr2010,avaConv,runOfRiver
DE,h4763,0.340180245892597,scr2010,avaConv,runOfRiver
DE,h4764,0.340180245892597,scr2010,avaConv,runOfRiver
DE,h4765,0.340180245892597,scr2010,avaConv,runOfRiver
DE,h4766,0.340180245892597,scr2010,avaConv,runOfRiver
DE,h4767,0.340180245892597,scr2010,avaConv,runOfRiver
DE,h4768,0.340180245892597,scr2010,avaConv,runOfRiver
DE,h4769,0.340180245892597,scr2010,avaConv,runOfRiver
DE,h4770,0.340180245892597,scr2010,avaConv,runOfRiver
DE,h4771,0.340180245892597,scr2010,avaConv,runOfRiver
DE,h4772,0.340180245892597,scr2010,avaConv,runOfRiver
DE,h4773,0.340180245892597,scr2010,avaConv,runOfRiver
DE,h4774,0.340180245892597,scr2010,avaConv,runOfRiver
DE,h4775,0.340180245892597,scr2010,avaConv,runOfRiver
DE,h4776,0.340180245892597,scr2010,avaConv,runOfRiver
DE,h4777,0.3372430889092139,scr2010,avaConv,runOfRiver
DE,h4778,0.3343059344838961,scr2010,avaConv,runOfRiver
DE,h4779,0.3313687826391165,scr2010,avaConv,runOfRiver
DE,h4780,0.3313687826391165,scr2010,avaConv,runOfRiver
DE,h4781,0.3313687826391165,scr2010,avaConv,runOfRiver
DE,h4782,0.3313687826391165,scr2010,avaConv,runOfRiver
DE,h4783,0.3313687826391165,scr2010,avaConv,runOfRiver
DE,h4784,0.3313687826391165,scr2010,avaConv,runOfRiver
DE,h4785,0.3313687826391165,scr2010,avaConv,runOfRiver
DE,h4786,0.3313687826391165,scr2010,avaConv,runOfRiver
DE,h4787,0.3313687826391165,scr2010,avaConv,runOfRiver
DE,h4788,0.3313687826391165,scr2010,avaConv,runOfRiver
DE,h4789,0.3313687826391165,scr2010,avaConv,runOfRiver
DE,h4790,0.3313687826391165,scr2010,avaConv,runOfRiver
DE,h4791,0.3313687826391165,scr2010,avaConv,runOfRiver
DE,h4792,0.3313687826391165,scr2010,avaConv,runOfRiver
DE,h4793,0.3313687826391165,scr2010,avaConv,runOfRiver
DE,h4794,0.3313687826391165,scr2010,avaConv,runOfRiver
DE,h4795,0.3313687826391165,scr2010,avaConv,runOfRiver
DE,h4796,0.3313687826391165,scr2010,avaConv,runOfRiver
DE,h4797,0.3313687826391165,scr2010,avaConv,runOfRiver
DE,h4798,0.3313687826391165,scr2010,avaConv,runOfRiver
DE,h4799,0.3313687826391165,scr2010,avaConv,runOfRiver
DE,h4800,0.3313687826391165,scr2010,avaConv,runOfRiver
DE,h4801,0.33005591495691516,scr2010,avaConv,runOfRiver
DE,h4802,0.32874304779693136,scr2010,avaConv,runOfRiver
DE,h4803,0.32743018116125044,scr2010,avaConv,runOfRiver
DE,h4804,0.32743018116125044,scr2010,avaConv,runOfRiver
DE,h4805,0.32743018116125044,scr2010,avaConv,runOfRiver
DE,h4806,0.32743018116125044,scr2010,avaConv,runOfRiver
DE,h4807,0.32743018116125044,scr2010,avaConv,runOfRiver
DE,h4808,0.32743018116125044,scr2010,avaConv,runOfRiver
DE,h4809,0.32743018116125044,scr2010,avaConv,runOfRiver
DE,h4810,0.32743018116125044,scr2010,avaConv,runOfRiver
DE,h4811,0.32743018116125044,scr2010,avaConv,runOfRiver
DE,h4812,0.32743018116125044,scr2010,avaConv,runOfRiver
DE,h4813,0.32743018116125044,scr2010,avaConv,runOfRiver
DE,h4814,0.32743018116125044,scr2010,avaConv,runOfRiver
DE,h4815,0.32743018116125044,scr2010,avaConv,runOfRiver
DE,h4816,0.32743018116125044,scr2010,avaConv,runOfRiver
DE,h4817,0.32743018116125044,scr2010,avaConv,runOfRiver
DE,h4818,0.32743018116125044,scr2010,avaConv,runOfRiver
DE,h4819,0.32743018116125044,scr2010,avaConv,runOfRiver
DE,h4820,0.32743018116125044,scr2010,avaConv,runOfRiver
DE,h4821,0.32743018116125044,scr2010,avaConv,runOfRiver
DE,h4822,0.32743018116125044,scr2010,avaConv,runOfRiver
DE,h4823,0.32743018116125044,scr2010,avaConv,runOfRiver
DE,h4824,0.32743018116125044,scr2010,avaConv,runOfRiver
DE,h4825,0.3268582385865583,scr2010,avaConv,runOfRiver
DE,h4826,0.3262862961119451,scr2010,avaConv,runOfRiver
DE,h4827,0.325714353737586,scr2010,avaConv,runOfRiver
DE,h4828,0.325714353737586,scr2010,avaConv,runOfRiver
DE,h4829,0.325714353737586,scr2010,avaConv,runOfRiver
DE,h4830,0.325714353737586,scr2010,avaConv,runOfRiver
DE,h4831,0.325714353737586,scr2010,avaConv,runOfRiver
DE,h4832,0.325714353737586,scr2010,avaConv,runOfRiver
DE,h4833,0.325714353737586,scr2010,avaConv,runOfRiver
DE,h4834,0.325714353737586,scr2010,avaConv,runOfRiver
DE,h4835,0.325714353737586,scr2010,avaConv,runOfRiver
DE,h4836,0.325714353737586,scr2010,avaConv,runOfRiver
DE,h4837,0.325714353737586,scr2010,avaConv,runOfRiver
DE,h4838,0.325714353737586,scr2010,avaConv,runOfRiver
DE,h4839,0.325714353737586,scr2010,avaConv,runOfRiver
DE,h4840,0.325714353737586,scr2010,avaConv,runOfRiver
DE,h4841,0.325714353737586,scr2010,avaConv,runOfRiver
DE,h4842,0.325714353737586,scr2010,avaConv,runOfRiver
DE,h4843,0.325714353737586,scr2010,avaConv,runOfRiver
DE,h4844,0.325714353737586,scr2010,avaConv,runOfRiver
DE,h4845,0.325714353737586,scr2010,avaConv,runOfRiver
DE,h4846,0.325714353737586,scr2010,avaConv,runOfRiver
DE,h4847,0.325714353737586,scr2010,avaConv,runOfRiver
DE,h4848,0.325714353737586,scr2010,avaConv,runOfRiver
DE,h4849,0.3237425898902755,scr2010,avaConv,runOfRiver
DE,h4850,0.32177082724387157,scr2010,avaConv,runOfRiver
DE,h4851,0.3197990658057327,scr2010,avaConv,runOfRiver
DE,h4852,0.3197990658057327,scr2010,avaConv,runOfRiver
DE,h4853,0.3197990658057327,scr2010,avaConv,runOfRiver
DE,h4854,0.3197990658057327,scr2010,avaConv,runOfRiver
DE,h4855,0.3197990658057327,scr2010,avaConv,runOfRiver
DE,h4856,0.3197990658057327,scr2010,avaConv,runOfRiver
DE,h4857,0.3197990658057327,scr2010,avaConv,runOfRiver
DE,h4858,0.3197990658057327,scr2010,avaConv,runOfRiver
DE,h4859,0.3197990658057327,scr2010,avaConv,runOfRiver
DE,h4860,0.3197990658057327,scr2010,avaConv,runOfRiver
DE,h4861,0.3197990658057327,scr2010,avaConv,runOfRiver
DE,h4862,0.3197990658057327,scr2010,avaConv,runOfRiver
DE,h4863,0.3197990658057327,scr2010,avaConv,runOfRiver
DE,h4864,0.3197990658057327,scr2010,avaConv,runOfRiver
DE,h4865,0.3197990658057327,scr2010,avaConv,runOfRiver
DE,h4866,0.3197990658057327,scr2010,avaConv,runOfRiver
DE,h4867,0.3197990658057327,scr2010,avaConv,runOfRiver
DE,h4868,0.3197990658057327,scr2010,avaConv,runOfRiver
DE,h4869,0.3197990658057327,scr2010,avaConv,runOfRiver
DE,h4870,0.3197990658057327,scr2010,avaConv,runOfRiver
DE,h4871,0.3197990658057327,scr2010,avaConv,runOfRiver
DE,h4872,0.3197990658057327,scr2010,avaConv,runOfRiver
DE,h4873,0.31660196117301925,scr2010,avaConv,runOfRiver
DE,h4874,0.31340485976883575,scr2010,avaConv,runOfRiver
DE,h4875,0.3102077616261148,scr2010,avaConv,runOfRiver
DE,h4876,0.3102077616261148,scr2010,avaConv,runOfRiver
DE,h4877,0.3102077616261148,scr2010,avaConv,runOfRiver
DE,h4878,0.3102077616261148,scr2010,avaConv,runOfRiver
DE,h4879,0.3102077616261148,scr2010,avaConv,runOfRiver
DE,h4880,0.3102077616261148,scr2010,avaConv,runOfRiver
DE,h4881,0.3102077616261148,scr2010,avaConv,runOfRiver
DE,h4882,0.3102077616261148,scr2010,avaConv,runOfRiver
DE,h4883,0.3102077616261148,scr2010,avaConv,runOfRiver
DE,h4884,0.3102077616261148,scr2010,avaConv,runOfRiver
DE,h4885,0.3102077616261148,scr2010,avaConv,runOfRiver
DE,h4886,0.3102077616261148,scr2010,avaConv,runOfRiver
DE,h4887,0.3102077616261148,scr2010,avaConv,runOfRiver
DE,h4888,0.3102077616261148,scr2010,avaConv,runOfRiver
DE,h4889,0.3102077616261148,scr2010,avaConv,runOfRiver
DE,h4890,0.3102077616261148,scr2010,avaConv,runOfRiver
DE,h4891,0.3102077616261148,scr2010,avaConv,runOfRiver
DE,h4892,0.3102077616261148,scr2010,avaConv,runOfRiver
DE,h4893,0.3102077616261148,scr2010,avaConv,runOfRiver
DE,h4894,0.3102077616261148,scr2010,avaConv,runOfRiver
DE,h4895,0.3102077616261148,scr2010,avaConv,runOfRiver
DE,h4896,0.3102077616261148,scr2010,avaConv,runOfRiver
DE,h4897,0.30863700606909006,scr2010,avaConv,runOfRiver
DE,h4898,0.30706625131147547,scr2010,avaConv,runOfRiver
DE,h4899,0.3054954973573601,scr2010,avaConv,runOfRiver
DE,h4900,0.3054954973573601,scr2010,avaConv,runOfRiver
DE,h4901,0.3054954973573601,scr2010,avaConv,runOfRiver
DE,h4902,0.3054954973573601,scr2010,avaConv,runOfRiver
DE,h4903,0.3054954973573601,scr2010,avaConv,runOfRiver
DE,h4904,0.3054954973573601,scr2010,avaConv,runOfRiver
DE,h4905,0.3054954973573601,scr2010,avaConv,runOfRiver
DE,h4906,0.3054954973573601,scr2010,avaConv,runOfRiver
DE,h4907,0.3054954973573601,scr2010,avaConv,runOfRiver
DE,h4908,0.3054954973573601,scr2010,avaConv,runOfRiver
DE,h4909,0.3054954973573601,scr2010,avaConv,runOfRiver
DE,h4910,0.3054954973573601,scr2010,avaConv,runOfRiver
DE,h4911,0.3054954973573601,scr2010,avaConv,runOfRiver
DE,h4912,0.3054954973573601,scr2010,avaConv,runOfRiver
DE,h4913,0.3054954973573601,scr2010,avaConv,runOfRiver
DE,h4914,0.3054954973573601,scr2010,avaConv,runOfRiver
DE,h4915,0.3054954973573601,scr2010,avaConv,runOfRiver
DE,h4916,0.3054954973573601,scr2010,avaConv,runOfRiver
DE,h4917,0.3054954973573601,scr2010,avaConv,runOfRiver
DE,h4918,0.3054954973573601,scr2010,avaConv,runOfRiver
DE,h4919,0.3054954973573601,scr2010,avaConv,runOfRiver
DE,h4920,0.3054954973573601,scr2010,avaConv,runOfRiver
DE,h4921,0.3042827041605482,scr2010,avaConv,runOfRiver
DE,h4922,0.30306991144712514,scr2010,avaConv,runOfRiver
DE,h4923,0.3018571192190252,scr2010,avaConv,runOfRiver
DE,h4924,0.3018571192190252,scr2010,avaConv,runOfRiver
DE,h4925,0.3018571192190252,scr2010,avaConv,runOfRiver
DE,h4926,0.3018571192190252,scr2010,avaConv,runOfRiver
DE,h4927,0.3018571192190252,scr2010,avaConv,runOfRiver
DE,h4928,0.3018571192190252,scr2010,avaConv,runOfRiver
DE,h4929,0.3018571192190252,scr2010,avaConv,runOfRiver
DE,h4930,0.3018571192190252,scr2010,avaConv,runOfRiver
DE,h4931,0.3018571192190252,scr2010,avaConv,runOfRiver
DE,h4932,0.3018571192190252,scr2010,avaConv,runOfRiver
DE,h4933,0.3018571192190252,scr2010,avaConv,runOfRiver
DE,h4934,0.3018571192190252,scr2010,avaConv,runOfRiver
DE,h4935,0.3018571192190252,scr2010,avaConv,runOfRiver
DE,h4936,0.3018571192190252,scr2010,avaConv,runOfRiver
DE,h4937,0.3018571192190252,scr2010,avaConv,runOfRiver
DE,h4938,0.3018571192190252,scr2010,avaConv,runOfRiver
DE,h4939,0.3018571192190252,scr2010,avaConv,runOfRiver
DE,h4940,0.3018571192190252,scr2010,avaConv,runOfRiver
DE,h4941,0.3018571192190252,scr2010,avaConv,runOfRiver
DE,h4942,0.3018571192190252,scr2010,avaConv,runOfRiver
DE,h4943,0.3018571192190252,scr2010,avaConv,runOfRiver
DE,h4944,0.3018571192190252,scr2010,avaConv,runOfRiver
DE,h4945,0.30131965365254476,scr2010,avaConv,runOfRiver
DE,h4946,0.30078218818193236,scr2010,avaConv,runOfRiver
DE,h4947,0.30024472280735925,scr2010,avaConv,runOfRiver
DE,h4948,0.30024472280735925,scr2010,avaConv,runOfRiver
DE,h4949,0.30024472280735925,scr2010,avaConv,runOfRiver
DE,h4950,0.30024472280735925,scr2010,avaConv,runOfRiver
DE,h4951,0.30024472280735925,scr2010,avaConv,runOfRiver
DE,h4952,0.30024472280735925,scr2010,avaConv,runOfRiver
DE,h4953,0.30024472280735925,scr2010,avaConv,runOfRiver
DE,h4954,0.30024472280735925,scr2010,avaConv,runOfRiver
DE,h4955,0.30024472280735925,scr2010,avaConv,runOfRiver
DE,h4956,0.30024472280735925,scr2010,avaConv,runOfRiver
DE,h4957,0.30024472280735925,scr2010,avaConv,runOfRiver
DE,h4958,0.30024472280735925,scr2010,avaConv,runOfRiver
DE,h4959,0.30024472280735925,scr2010,avaConv,runOfRiver
DE,h4960,0.30024472280735925,scr2010,avaConv,runOfRiver
DE,h4961,0.30024472280735925,scr2010,avaConv,runOfRiver
DE,h4962,0.30024472280735925,scr2010,avaConv,runOfRiver
DE,h4963,0.30024472280735925,scr2010,avaConv,runOfRiver
DE,h4964,0.30024472280735925,scr2010,avaConv,runOfRiver
DE,h4965,0.30024472280735925,scr2010,avaConv,runOfRiver
DE,h4966,0.30024472280735925,scr2010,avaConv,runOfRiver
DE,h4967,0.30024472280735925,scr2010,avaConv,runOfRiver
DE,h4968,0.30024472280735925,scr2010,avaConv,runOfRiver
DE,h4969,0.2990445967277136,scr2010,avaConv,runOfRiver
DE,h4970,0.297844471129704,scr2010,avaConv,runOfRiver
DE,h4971,0.2966443460152709,scr2010,avaConv,runOfRiver
DE,h4972,0.2966443460152709,scr2010,avaConv,runOfRiver
DE,h4973,0.2966443460152709,scr2010,avaConv,runOfRiver
DE,h4974,0.2966443460152709,scr2010,avaConv,runOfRiver
DE,h4975,0.2966443460152709,scr2010,avaConv,runOfRiver
DE,h4976,0.2966443460152709,scr2010,avaConv,runOfRiver
DE,h4977,0.2966443460152709,scr2010,avaConv,runOfRiver
DE,h4978,0.2966443460152709,scr2010,avaConv,runOfRiver
DE,h4979,0.2966443460152709,scr2010,avaConv,runOfRiver
DE,h4980,0.2966443460152709,scr2010,avaConv,runOfRiver
DE,h4981,0.2966443460152709,scr2010,avaConv,runOfRiver
DE,h4982,0.2966443460152709,scr2010,avaConv,runOfRiver
DE,h4983,0.2966443460152709,scr2010,avaConv,runOfRiver
DE,h4984,0.2966443460152709,scr2010,avaConv,runOfRiver
DE,h4985,0.2966443460152709,scr2010,avaConv,runOfRiver
DE,h4986,0.2966443460152709,scr2010,avaConv,runOfRiver
DE,h4987,0.2966443460152709,scr2010,avaConv,runOfRiver
DE,h4988,0.2966443460152709,scr2010,avaConv,runOfRiver
DE,h4989,0.2966443460152709,scr2010,avaConv,runOfRiver
DE,h4990,0.2966443460152709,scr2010,avaConv,runOfRiver
DE,h4991,0.2966443460152709,scr2010,avaConv,runOfRiver
DE,h4992,0.2966443460152709,scr2010,avaConv,runOfRiver
DE,h4993,0.29469554274054355,scr2010,avaConv,runOfRiver
DE,h4994,0.29274674075455875,scr2010,avaConv,runOfRiver
DE,h4995,0.2907979400658949,scr2010,avaConv,runOfRiver
DE,h4996,0.2907979400658949,scr2010,avaConv,runOfRiver
DE,h4997,0.2907979400658949,scr2010,avaConv,runOfRiver
DE,h4998,0.2907979400658949,scr2010,avaConv,runOfRiver
DE,h4999,0.2907979400658949,scr2010,avaConv,runOfRiver
DE,h5000,0.2907979400658949,scr2010,avaConv,runOfRiver
DE,h5001,0.2907979400658949,scr2010,avaConv,runOfRiver
DE,h5002,0.2907979400658949,scr2010,avaConv,runOfRiver
DE,h5003,0.2907979400658949,scr2010,avaConv,runOfRiver
DE,h5004,0.2907979400658949,scr2010,avaConv,runOfRiver
DE,h5005,0.2907979400658949,scr2010,avaConv,runOfRiver
DE,h5006,0.2907979400658949,scr2010,avaConv,runOfRiver
DE,h5007,0.2907979400658949,scr2010,avaConv,runOfRiver
DE,h5008,0.2907979400658949,scr2010,avaConv,runOfRiver
DE,h5009,0.2907979400658949,scr2010,avaConv,runOfRiver
DE,h5010,0.2907979400658949,scr2010,avaConv,runOfRiver
DE,h5011,0.2907979400658949,scr2010,avaConv,runOfRiver
DE,h5012,0.2907979400658949,scr2010,avaConv,runOfRiver
DE,h5013,0.2907979400658949,scr2010,avaConv,runOfRiver
DE,h5014,0.2907979400658949,scr2010,avaConv,runOfRiver
DE,h5015,0.2907979400658949,scr2010,avaConv,runOfRiver
DE,h5016,0.2907979400658949,scr2010,avaConv,runOfRiver
DE,h5017,0.28873187031425135,scr2010,avaConv,runOfRiver
DE,h5018,0.2866658020410366,scr2010,avaConv,runOfRiver
DE,h5019,0.28459973525690496,scr2010,avaConv,runOfRiver
DE,h5020,0.28459973525690496,scr2010,avaConv,runOfRiver
DE,h5021,0.28459973525690496,scr2010,avaConv,runOfRiver
DE,h5022,0.28459973525690496,scr2010,avaConv,runOfRiver
DE,h5023,0.28459973525690496,scr2010,avaConv,runOfRiver
DE,h5024,0.28459973525690496,scr2010,avaConv,runOfRiver
DE,h5025,0.28459973525690496,scr2010,avaConv,runOfRiver
DE,h5026,0.28459973525690496,scr2010,avaConv,runOfRiver
DE,h5027,0.28459973525690496,scr2010,avaConv,runOfRiver
DE,h5028,0.28459973525690496,scr2010,avaConv,runOfRiver
DE,h5029,0.28459973525690496,scr2010,avaConv,runOfRiver
DE,h5030,0.28459973525690496,scr2010,avaConv,runOfRiver
DE,h5031,0.28459973525690496,scr2010,avaConv,runOfRiver
DE,h5032,0.28459973525690496,scr2010,avaConv,runOfRiver
DE,h5033,0.28459973525690496,scr2010,avaConv,runOfRiver
DE,h5034,0.28459973525690496,scr2010,avaConv,runOfRiver
DE,h5035,0.28459973525690496,scr2010,avaConv,runOfRiver
DE,h5036,0.28459973525690496,scr2010,avaConv,runOfRiver
DE,h5037,0.28459973525690496,scr2010,avaConv,runOfRiver
DE,h5038,0.28459973525690496,scr2010,avaConv,runOfRiver
DE,h5039,0.28459973525690496,scr2010,avaConv,runOfRiver
DE,h5040,0.28459973525690496,scr2010,avaConv,runOfRiver
DE,h5041,0.2843873967090728,scr2010,avaConv,runOfRiver
DE,h5042,0.2841750581770951,scr2010,avaConv,runOfRiver
DE,h5043,0.2839627196609836,scr2010,avaConv,runOfRiver
DE,h5044,0.2839627196609836,scr2010,avaConv,runOfRiver
DE,h5045,0.2839627196609836,scr2010,avaConv,runOfRiver
DE,h5046,0.2839627196609836,scr2010,avaConv,runOfRiver
DE,h5047,0.2839627196609836,scr2010,avaConv,runOfRiver
DE,h5048,0.2839627196609836,scr2010,avaConv,runOfRiver
DE,h5049,0.2839627196609836,scr2010,avaConv,runOfRiver
DE,h5050,0.2839627196609836,scr2010,avaConv,runOfRiver
DE,h5051,0.2839627196609836,scr2010,avaConv,runOfRiver
DE,h5052,0.2839627196609836,scr2010,avaConv,runOfRiver
DE,h5053,0.2839627196609836,scr2010,avaConv,runOfRiver
DE,h5054,0.2839627196609836,scr2010,avaConv,runOfRiver
DE,h5055,0.2839627196609836,scr2010,avaConv,runOfRiver
DE,h5056,0.2839627196609836,scr2010,avaConv,runOfRiver
DE,h5057,0.2839627196609836,scr2010,avaConv,runOfRiver
DE,h5058,0.2839627196609836,scr2010,avaConv,runOfRiver
DE,h5059,0.2839627196609836,scr2010,avaConv,runOfRiver
DE,h5060,0.2839627196609836,scr2010,avaConv,runOfRiver
DE,h5061,0.2839627196609836,scr2010,avaConv,runOfRiver
DE,h5062,0.2839627196609836,scr2010,avaConv,runOfRiver
DE,h5063,0.2839627196609836,scr2010,avaConv,runOfRiver
DE,h5064,0.2839627196609836,scr2010,avaConv,runOfRiver
DE,h5065,0.2837531647376548,scr2010,avaConv,runOfRiver
DE,h5066,0.28354360982980187,scr2010,avaConv,runOfRiver
DE,h5067,0.28333405493743646,scr2010,avaConv,runOfRiver
DE,h5068,0.28333405493743646,scr2010,avaConv,runOfRiver
DE,h5069,0.28333405493743646,scr2010,avaConv,runOfRiver
DE,h5070,0.28333405493743646,scr2010,avaConv,runOfRiver
DE,h5071,0.28333405493743646,scr2010,avaConv,runOfRiver
DE,h5072,0.28333405493743646,scr2010,avaConv,runOfRiver
DE,h5073,0.28333405493743646,scr2010,avaConv,runOfRiver
DE,h5074,0.28333405493743646,scr2010,avaConv,runOfRiver
DE,h5075,0.28333405493743646,scr2010,avaConv,runOfRiver
DE,h5076,0.28333405493743646,scr2010,avaConv,runOfRiver
DE,h5077,0.28333405493743646,scr2010,avaConv,runOfRiver
DE,h5078,0.28333405493743646,scr2010,avaConv,runOfRiver
DE,h5079,0.28333405493743646,scr2010,avaConv,runOfRiver
DE,h5080,0.28333405493743646,scr2010,avaConv,runOfRiver
DE,h5081,0.28333405493743646,scr2010,avaConv,runOfRiver
DE,h5082,0.28333405493743646,scr2010,avaConv,runOfRiver
DE,h5083,0.28333405493743646,scr2010,avaConv,runOfRiver
DE,h5084,0.28333405493743646,scr2010,avaConv,runOfRiver
DE,h5085,0.28333405493743646,scr2010,avaConv,runOfRiver
DE,h5086,0.28333405493743646,scr2010,avaConv,runOfRiver
DE,h5087,0.28333405493743646,scr2010,avaConv,runOfRiver
DE,h5088,0.28333405493743646,scr2010,avaConv,runOfRiver
DE,h5089,0.282133843813659,scr2010,avaConv,runOfRiver
DE,h5090,0.2809336332004618,scr2010,avaConv,runOfRiver
DE,h5091,0.279733423100026,scr2010,avaConv,runOfRiver
DE,h5092,0.279733423100026,scr2010,avaConv,runOfRiver
DE,h5093,0.279733423100026,scr2010,avaConv,runOfRiver
DE,h5094,0.279733423100026,scr2010,avaConv,runOfRiver
DE,h5095,0.279733423100026,scr2010,avaConv,runOfRiver
DE,h5096,0.279733423100026,scr2010,avaConv,runOfRiver
DE,h5097,0.279733423100026,scr2010,avaConv,runOfRiver
DE,h5098,0.279733423100026,scr2010,avaConv,runOfRiver
DE,h5099,0.279733423100026,scr2010,avaConv,runOfRiver
DE,h5100,0.279733423100026,scr2010,avaConv,runOfRiver
DE,h5101,0.279733423100026,scr2010,avaConv,runOfRiver
DE,h5102,0.279733423100026,scr2010,avaConv,runOfRiver
DE,h5103,0.279733423100026,scr2010,avaConv,runOfRiver
DE,h5104,0.279733423100026,scr2010,avaConv,runOfRiver
DE,h5105,0.279733423100026,scr2010,avaConv,runOfRiver
DE,h5106,0.279733423100026,scr2010,avaConv,runOfRiver
DE,h5107,0.279733423100026,scr2010,avaConv,runOfRiver
DE,h5108,0.279733423100026,scr2010,avaConv,runOfRiver
DE,h5109,0.279733423100026,scr2010,avaConv,runOfRiver
DE,h5110,0.279733423100026,scr2010,avaConv,runOfRiver
DE,h5111,0.279733423100026,scr2010,avaConv,runOfRiver
DE,h5112,0.279733423100026,scr2010,avaConv,runOfRiver
DE,h5113,0.27862371089910953,scr2010,avaConv,runOfRiver
DE,h5114,0.2775139991401775,scr2010,avaConv,runOfRiver
DE,h5115,0.2764042878249972,scr2010,avaConv,runOfRiver
DE,h5116,0.2764042878249972,scr2010,avaConv,runOfRiver
DE,h5117,0.2764042878249972,scr2010,avaConv,runOfRiver
DE,h5118,0.2764042878249972,scr2010,avaConv,runOfRiver
DE,h5119,0.2764042878249972,scr2010,avaConv,runOfRiver
DE,h5120,0.2764042878249972,scr2010,avaConv,runOfRiver
DE,h5121,0.2764042878249972,scr2010,avaConv,runOfRiver
DE,h5122,0.2764042878249972,scr2010,avaConv,runOfRiver
DE,h5123,0.2764042878249972,scr2010,avaConv,runOfRiver
DE,h5124,0.2764042878249972,scr2010,avaConv,runOfRiver
DE,h5125,0.2764042878249972,scr2010,avaConv,runOfRiver
DE,h5126,0.2764042878249972,scr2010,avaConv,runOfRiver
DE,h5127,0.2764042878249972,scr2010,avaConv,runOfRiver
DE,h5128,0.2764042878249972,scr2010,avaConv,runOfRiver
DE,h5129,0.2764042878249972,scr2010,avaConv,runOfRiver
DE,h5130,0.2764042878249972,scr2010,avaConv,runOfRiver
DE,h5131,0.2764042878249972,scr2010,avaConv,runOfRiver
DE,h5132,0.2764042878249972,scr2010,avaConv,runOfRiver
DE,h5133,0.2764042878249972,scr2010,avaConv,runOfRiver
DE,h5134,0.2764042878249972,scr2010,avaConv,runOfRiver
DE,h5135,0.2764042878249972,scr2010,avaConv,runOfRiver
DE,h5136,0.2764042878249972,scr2010,avaConv,runOfRiver
DE,h5137,0.27479011136548687,scr2010,avaConv,runOfRiver
DE,h5138,0.27317593585419236,scr2010,avaConv,runOfRiver
DE,h5139,0.27156176129671616,scr2010,avaConv,runOfRiver
DE,h5140,0.27156176129671616,scr2010,avaConv,runOfRiver
DE,h5141,0.27156176129671616,scr2010,avaConv,runOfRiver
DE,h5142,0.27156176129671616,scr2010,avaConv,runOfRiver
DE,h5143,0.27156176129671616,scr2010,avaConv,runOfRiver
DE,h5144,0.27156176129671616,scr2010,avaConv,runOfRiver
DE,h5145,0.27156176129671616,scr2010,avaConv,runOfRiver
DE,h5146,0.27156176129671616,scr2010,avaConv,runOfRiver
DE,h5147,0.27156176129671616,scr2010,avaConv,runOfRiver
DE,h5148,0.27156176129671616,scr2010,avaConv,runOfRiver
DE,h5149,0.27156176129671616,scr2010,avaConv,runOfRiver
DE,h5150,0.27156176129671616,scr2010,avaConv,runOfRiver
DE,h5151,0.27156176129671616,scr2010,avaConv,runOfRiver
DE,h5152,0.27156176129671616,scr2010,avaConv,runOfRiver
DE,h5153,0.27156176129671616,scr2010,avaConv,runOfRiver
DE,h5154,0.27156176129671616,scr2010,avaConv,runOfRiver
DE,h5155,0.27156176129671616,scr2010,avaConv,runOfRiver
DE,h5156,0.27156176129671616,scr2010,avaConv,runOfRiver
DE,h5157,0.27156176129671616,scr2010,avaConv,runOfRiver
DE,h5158,0.27156176129671616,scr2010,avaConv,runOfRiver
DE,h5159,0.27156176129671616,scr2010,avaConv,runOfRiver
DE,h5160,0.27156176129671616,scr2010,avaConv,runOfRiver
DE,h5161,0.27051919969900284,scr2010,avaConv,runOfRiver
DE,h5162,0.2694766385030905,scr2010,avaConv,runOfRiver
DE,h5163,0.2684340777105336,scr2010,avaConv,runOfRiver
DE,h5164,0.2684340777105336,scr2010,avaConv,runOfRiver
DE,h5165,0.2684340777105336,scr2010,avaConv,runOfRiver
DE,h5166,0.2684340777105336,scr2010,avaConv,runOfRiver
DE,h5167,0.2684340777105336,scr2010,avaConv,runOfRiver
DE,h5168,0.2684340777105336,scr2010,avaConv,runOfRiver
DE,h5169,0.2684340777105336,scr2010,avaConv,runOfRiver
DE,h5170,0.2684340777105336,scr2010,avaConv,runOfRiver
DE,h5171,0.2684340777105336,scr2010,avaConv,runOfRiver
DE,h5172,0.2684340777105336,scr2010,avaConv,runOfRiver
DE,h5173,0.2684340777105336,scr2010,avaConv,runOfRiver
DE,h5174,0.2684340777105336,scr2010,avaConv,runOfRiver
DE,h5175,0.2684340777105336,scr2010,avaConv,runOfRiver
DE,h5176,0.2684340777105336,scr2010,avaConv,runOfRiver
DE,h5177,0.2684340777105336,scr2010,avaConv,runOfRiver
DE,h5178,0.2684340777105336,scr2010,avaConv,runOfRiver
DE,h5179,0.2684340777105336,scr2010,avaConv,runOfRiver
DE,h5180,0.2684340777105336,scr2010,avaConv,runOfRiver
DE,h5181,0.2684340777105336,scr2010,avaConv,runOfRiver
DE,h5182,0.2684340777105336,scr2010,avaConv,runOfRiver
DE,h5183,0.2684340777105336,scr2010,avaConv,runOfRiver
DE,h5184,0.2684340777105336,scr2010,avaConv,runOfRiver
DE,h5185,0.26750176791880487,scr2010,avaConv,runOfRiver
DE,h5186,0.2665694584520136,scr2010,avaConv,runOfRiver
DE,h5187,0.26563714931129623,scr2010,avaConv,runOfRiver
DE,h5188,0.26563714931129623,scr2010,avaConv,runOfRiver
DE,h5189,0.26563714931129623,scr2010,avaConv,runOfRiver
DE,h5190,0.26563714931129623,scr2010,avaConv,runOfRiver
DE,h5191,0.26563714931129623,scr2010,avaConv,runOfRiver
DE,h5192,0.26563714931129623,scr2010,avaConv,runOfRiver
DE,h5193,0.26563714931129623,scr2010,avaConv,runOfRiver
DE,h5194,0.26563714931129623,scr2010,avaConv,runOfRiver
DE,h5195,0.26563714931129623,scr2010,avaConv,runOfRiver
DE,h5196,0.26563714931129623,scr2010,avaConv,runOfRiver
DE,h5197,0.26563714931129623,scr2010,avaConv,runOfRiver
DE,h5198,0.26563714931129623,scr2010,avaConv,runOfRiver
DE,h5199,0.26563714931129623,scr2010,avaConv,runOfRiver
DE,h5200,0.26563714931129623,scr2010,avaConv,runOfRiver
DE,h5201,0.26563714931129623,scr2010,avaConv,runOfRiver
DE,h5202,0.26563714931129623,scr2010,avaConv,runOfRiver
DE,h5203,0.26563714931129623,scr2010,avaConv,runOfRiver
DE,h5204,0.26563714931129623,scr2010,avaConv,runOfRiver
DE,h5205,0.26563714931129623,scr2010,avaConv,runOfRiver
DE,h5206,0.26563714931129623,scr2010,avaConv,runOfRiver
DE,h5207,0.26563714931129623,scr2010,avaConv,runOfRiver
DE,h5208,0.26563714931129623,scr2010,avaConv,runOfRiver
DE,h5209,0.26457643578323564,scr2010,avaConv,runOfRiver
DE,h5210,0.26351572268043255,scr2010,avaConv,runOfRiver
DE,h5211,0.26245501000459853,scr2010,avaConv,runOfRiver
DE,h5212,0.26245501000459853,scr2010,avaConv,runOfRiver
DE,h5213,0.26245501000459853,scr2010,avaConv,runOfRiver
DE,h5214,0.26245501000459853,scr2010,avaConv,runOfRiver
DE,h5215,0.26245501000459853,scr2010,avaConv,runOfRiver
DE,h5216,0.26245501000459853,scr2010,avaConv,runOfRiver
DE,h5217,0.26245501000459853,scr2010,avaConv,runOfRiver
DE,h5218,0.26245501000459853,scr2010,avaConv,runOfRiver
DE,h5219,0.26245501000459853,scr2010,avaConv,runOfRiver
DE,h5220,0.26245501000459853,scr2010,avaConv,runOfRiver
DE,h5221,0.26245501000459853,scr2010,avaConv,runOfRiver
DE,h5222,0.26245501000459853,scr2010,avaConv,runOfRiver
DE,h5223,0.26245501000459853,scr2010,avaConv,runOfRiver
DE,h5224,0.26245501000459853,scr2010,avaConv,runOfRiver
DE,h5225,0.26245501000459853,scr2010,avaConv,runOfRiver
DE,h5226,0.26245501000459853,scr2010,avaConv,runOfRiver
DE,h5227,0.26245501000459853,scr2010,avaConv,runOfRiver
DE,h5228,0.26245501000459853,scr2010,avaConv,runOfRiver
DE,h5229,0.26245501000459853,scr2010,avaConv,runOfRiver
DE,h5230,0.26245501000459853,scr2010,avaConv,runOfRiver
DE,h5231,0.26245501000459853,scr2010,avaConv,runOfRiver
DE,h5232,0.26245501000459853,scr2010,avaConv,runOfRiver
DE,h5233,0.26113217016172263,scr2010,avaConv,runOfRiver
DE,h5234,0.25980933098898185,scr2010,avaConv,runOfRiver
DE,h5235,0.2584864924897879,scr2010,avaConv,runOfRiver
DE,h5236,0.2584864924897879,scr2010,avaConv,runOfRiver
DE,h5237,0.2584864924897879,scr2010,avaConv,runOfRiver
DE,h5238,0.2584864924897879,scr2010,avaConv,runOfRiver
DE,h5239,0.2584864924897879,scr2010,avaConv,runOfRiver
DE,h5240,0.2584864924897879,scr2010,avaConv,runOfRiver
DE,h5241,0.2584864924897879,scr2010,avaConv,runOfRiver
DE,h5242,0.2584864924897879,scr2010,avaConv,runOfRiver
DE,h5243,0.2584864924897879,scr2010,avaConv,runOfRiver
DE,h5244,0.2584864924897879,scr2010,avaConv,runOfRiver
DE,h5245,0.2584864924897879,scr2010,avaConv,runOfRiver
DE,h5246,0.2584864924897879,scr2010,avaConv,runOfRiver
DE,h5247,0.2584864924897879,scr2010,avaConv,runOfRiver
DE,h5248,0.2584864924897879,scr2010,avaConv,runOfRiver
DE,h5249,0.2584864924897879,scr2010,avaConv,runOfRiver
DE,h5250,0.2584864924897879,scr2010,avaConv,runOfRiver
DE,h5251,0.2584864924897879,scr2010,avaConv,runOfRiver
DE,h5252,0.2584864924897879,scr2010,avaConv,runOfRiver
DE,h5253,0.2584864924897879,scr2010,avaConv,runOfRiver
DE,h5254,0.2584864924897879,scr2010,avaConv,runOfRiver
DE,h5255,0.2584864924897879,scr2010,avaConv,runOfRiver
DE,h5256,0.2584864924897879,scr2010,avaConv,runOfRiver
DE,h5257,0.25774229651855923,scr2010,avaConv,runOfRiver
DE,h5258,0.2569981007622108,scr2010,avaConv,runOfRiver
DE,h5259,0.2562539052213649,scr2010,avaConv,runOfRiver
DE,h5260,0.2562539052213649,scr2010,avaConv,runOfRiver
DE,h5261,0.2562539052213649,scr2010,avaConv,runOfRiver
DE,h5262,0.2562539052213649,scr2010,avaConv,runOfRiver
DE,h5263,0.2562539052213649,scr2010,avaConv,runOfRiver
DE,h5264,0.2562539052213649,scr2010,avaConv,runOfRiver
DE,h5265,0.2562539052213649,scr2010,avaConv,runOfRiver
DE,h5266,0.2562539052213649,scr2010,avaConv,runOfRiver
DE,h5267,0.2562539052213649,scr2010,avaConv,runOfRiver
DE,h5268,0.2562539052213649,scr2010,avaConv,runOfRiver
DE,h5269,0.2562539052213649,scr2010,avaConv,runOfRiver
DE,h5270,0.2562539052213649,scr2010,avaConv,runOfRiver
DE,h5271,0.2562539052213649,scr2010,avaConv,runOfRiver
DE,h5272,0.2562539052213649,scr2010,avaConv,runOfRiver
DE,h5273,0.2562539052213649,scr2010,avaConv,runOfRiver
DE,h5274,0.2562539052213649,scr2010,avaConv,runOfRiver
DE,h5275,0.2562539052213649,scr2010,avaConv,runOfRiver
DE,h5276,0.2562539052213649,scr2010,avaConv,runOfRiver
DE,h5277,0.2562539052213649,scr2010,avaConv,runOfRiver
DE,h5278,0.2562539052213649,scr2010,avaConv,runOfRiver
DE,h5279,0.2562539052213649,scr2010,avaConv,runOfRiver
DE,h5280,0.2562539052213649,scr2010,avaConv,runOfRiver
DE,h5281,0.2559823187453383,scr2010,avaConv,runOfRiver
DE,h5282,0.2557107322981264,scr2010,avaConv,runOfRiver
DE,h5283,0.25543914587975974,scr2010,avaConv,runOfRiver
DE,h5284,0.25543914587975974,scr2010,avaConv,runOfRiver
DE,h5285,0.25543914587975974,scr2010,avaConv,runOfRiver
DE,h5286,0.25543914587975974,scr2010,avaConv,runOfRiver
DE,h5287,0.25543914587975974,scr2010,avaConv,runOfRiver
DE,h5288,0.25543914587975974,scr2010,avaConv,runOfRiver
DE,h5289,0.25543914587975974,scr2010,avaConv,runOfRiver
DE,h5290,0.25543914587975974,scr2010,avaConv,runOfRiver
DE,h5291,0.25543914587975974,scr2010,avaConv,runOfRiver
DE,h5292,0.25543914587975974,scr2010,avaConv,runOfRiver
DE,h5293,0.25543914587975974,scr2010,avaConv,runOfRiver
DE,h5294,0.25543914587975974,scr2010,avaConv,runOfRiver
DE,h5295,0.25543914587975974,scr2010,avaConv,runOfRiver
DE,h5296,0.25543914587975974,scr2010,avaConv,runOfRiver
DE,h5297,0.25543914587975974,scr2010,avaConv,runOfRiver
DE,h5298,0.25543914587975974,scr2010,avaConv,runOfRiver
DE,h5299,0.25543914587975974,scr2010,avaConv,runOfRiver
DE,h5300,0.25543914587975974,scr2010,avaConv,runOfRiver
DE,h5301,0.25543914587975974,scr2010,avaConv,runOfRiver
DE,h5302,0.25543914587975974,scr2010,avaConv,runOfRiver
DE,h5303,0.25543914587975974,scr2010,avaConv,runOfRiver
DE,h5304,0.25543914587975974,scr2010,avaConv,runOfRiver
DE,h5305,0.25435403125501355,scr2010,avaConv,runOfRiver
DE,h5306,0.253268917093204,scr2010,avaConv,runOfRiver
DE,h5307,0.2521838033963145,scr2010,avaConv,runOfRiver
DE,h5308,0.2521838033963145,scr2010,avaConv,runOfRiver
DE,h5309,0.2521838033963145,scr2010,avaConv,runOfRiver
DE,h5310,0.2521838033963145,scr2010,avaConv,runOfRiver
DE,h5311,0.2521838033963145,scr2010,avaConv,runOfRiver
DE,h5312,0.2521838033963145,scr2010,avaConv,runOfRiver
DE,h5313,0.2521838033963145,scr2010,avaConv,runOfRiver
DE,h5314,0.2521838033963145,scr2010,avaConv,runOfRiver
DE,h5315,0.2521838033963145,scr2010,avaConv,runOfRiver
DE,h5316,0.2521838033963145,scr2010,avaConv,runOfRiver
DE,h5317,0.2521838033963145,scr2010,avaConv,runOfRiver
DE,h5318,0.2521838033963145,scr2010,avaConv,runOfRiver
DE,h5319,0.2521838033963145,scr2010,avaConv,runOfRiver
DE,h5320,0.2521838033963145,scr2010,avaConv,runOfRiver
DE,h5321,0.2521838033963145,scr2010,avaConv,runOfRiver
DE,h5322,0.2521838033963145,scr2010,avaConv,runOfRiver
DE,h5323,0.2521838033963145,scr2010,avaConv,runOfRiver
DE,h5324,0.2521838033963145,scr2010,avaConv,runOfRiver
DE,h5325,0.2521838033963145,scr2010,avaConv,runOfRiver
DE,h5326,0.2521838033963145,scr2010,avaConv,runOfRiver
DE,h5327,0.2521838033963145,scr2010,avaConv,runOfRiver
DE,h5328,0.2521838033963145,scr2010,avaConv,runOfRiver
DE,h5329,0.2515414616280479,scr2010,avaConv,runOfRiver
DE,h5330,0.2508991200238144,scr2010,avaConv,runOfRiver
DE,h5331,0.250256778584034,scr2010,avaConv,runOfRiver
DE,h5332,0.250256778584034,scr2010,avaConv,runOfRiver
DE,h5333,0.250256778584034,scr2010,avaConv,runOfRiver
DE,h5334,0.250256778584034,scr2010,avaConv,runOfRiver
DE,h5335,0.250256778584034,scr2010,avaConv,runOfRiver
DE,h5336,0.250256778584034,scr2010,avaConv,runOfRiver
DE,h5337,0.250256778584034,scr2010,avaConv,runOfRiver
DE,h5338,0.250256778584034,scr2010,avaConv,runOfRiver
DE,h5339,0.250256778584034,scr2010,avaConv,runOfRiver
DE,h5340,0.250256778584034,scr2010,avaConv,runOfRiver
DE,h5341,0.250256778584034,scr2010,avaConv,runOfRiver
DE,h5342,0.250256778584034,scr2010,avaConv,runOfRiver
DE,h5343,0.250256778584034,scr2010,avaConv,runOfRiver
DE,h5344,0.250256778584034,scr2010,avaConv,runOfRiver
DE,h5345,0.250256778584034,scr2010,avaConv,runOfRiver
DE,h5346,0.250256778584034,scr2010,avaConv,runOfRiver
DE,h5347,0.250256778584034,scr2010,avaConv,runOfRiver
DE,h5348,0.250256778584034,scr2010,avaConv,runOfRiver
DE,h5349,0.250256778584034,scr2010,avaConv,runOfRiver
DE,h5350,0.250256778584034,scr2010,avaConv,runOfRiver
DE,h5351,0.250256778584034,scr2010,avaConv,runOfRiver
DE,h5352,0.250256778584034,scr2010,avaConv,runOfRiver
DE,h5353,0.25040484393089973,scr2010,avaConv,runOfRiver
DE,h5354,0.25055290928652085,scr2010,avaConv,runOfRiver
DE,h5355,0.25070097465089203,scr2010,avaConv,runOfRiver
DE,h5356,0.25070097465089203,scr2010,avaConv,runOfRiver
DE,h5357,0.25070097465089203,scr2010,avaConv,runOfRiver
DE,h5358,0.25070097465089203,scr2010,avaConv,runOfRiver
DE,h5359,0.25070097465089203,scr2010,avaConv,runOfRiver
DE,h5360,0.25070097465089203,scr2010,avaConv,runOfRiver
DE,h5361,0.25070097465089203,scr2010,avaConv,runOfRiver
DE,h5362,0.25070097465089203,scr2010,avaConv,runOfRiver
DE,h5363,0.25070097465089203,scr2010,avaConv,runOfRiver
DE,h5364,0.25070097465089203,scr2010,avaConv,runOfRiver
DE,h5365,0.25070097465089203,scr2010,avaConv,runOfRiver
DE,h5366,0.25070097465089203,scr2010,avaConv,runOfRiver
DE,h5367,0.25070097465089203,scr2010,avaConv,runOfRiver
DE,h5368,0.25070097465089203,scr2010,avaConv,runOfRiver
DE,h5369,0.25070097465089203,scr2010,avaConv,runOfRiver
DE,h5370,0.25070097465089203,scr2010,avaConv,runOfRiver
DE,h5371,0.25070097465089203,scr2010,avaConv,runOfRiver
DE,h5372,0.25070097465089203,scr2010,avaConv,runOfRiver
DE,h5373,0.25070097465089203,scr2010,avaConv,runOfRiver
DE,h5374,0.25070097465089203,scr2010,avaConv,runOfRiver
DE,h5375,0.25070097465089203,scr2010,avaConv,runOfRiver
DE,h5376,0.25070097465089203,scr2010,avaConv,runOfRiver
DE,h5377,0.2504213851686873,scr2010,avaConv,runOfRiver
DE,h5378,0.2501417957176986,scr2010,avaConv,runOfRiver
DE,h5379,0.249862206297961,scr2010,avaConv,runOfRiver
DE,h5380,0.249862206297961,scr2010,avaConv,runOfRiver
DE,h5381,0.249862206297961,scr2010,avaConv,runOfRiver
DE,h5382,0.249862206297961,scr2010,avaConv,runOfRiver
DE,h5383,0.249862206297961,scr2010,avaConv,runOfRiver
DE,h5384,0.249862206297961,scr2010,avaConv,runOfRiver
DE,h5385,0.249862206297961,scr2010,avaConv,runOfRiver
DE,h5386,0.249862206297961,scr2010,avaConv,runOfRiver
DE,h5387,0.249862206297961,scr2010,avaConv,runOfRiver
DE,h5388,0.249862206297961,scr2010,avaConv,runOfRiver
DE,h5389,0.249862206297961,scr2010,avaConv,runOfRiver
DE,h5390,0.249862206297961,scr2010,avaConv,runOfRiver
DE,h5391,0.249862206297961,scr2010,avaConv,runOfRiver
DE,h5392,0.249862206297961,scr2010,avaConv,runOfRiver
DE,h5393,0.249862206297961,scr2010,avaConv,runOfRiver
DE,h5394,0.249862206297961,scr2010,avaConv,runOfRiver
DE,h5395,0.249862206297961,scr2010,avaConv,runOfRiver
DE,h5396,0.249862206297961,scr2010,avaConv,runOfRiver
DE,h5397,0.249862206297961,scr2010,avaConv,runOfRiver
DE,h5398,0.249862206297961,scr2010,avaConv,runOfRiver
DE,h5399,0.249862206297961,scr2010,avaConv,runOfRiver
DE,h5400,0.249862206297961,scr2010,avaConv,runOfRiver
DE,h5401,0.24950537062799483,scr2010,avaConv,runOfRiver
DE,h5402,0.24914853500906337,scr2010,avaConv,runOfRiver
DE,h5403,0.24879169944123963,scr2010,avaConv,runOfRiver
DE,h5404,0.24879169944123963,scr2010,avaConv,runOfRiver
DE,h5405,0.24879169944123963,scr2010,avaConv,runOfRiver
DE,h5406,0.24879169944123963,scr2010,avaConv,runOfRiver
DE,h5407,0.24879169944123963,scr2010,avaConv,runOfRiver
DE,h5408,0.24879169944123963,scr2010,avaConv,runOfRiver
DE,h5409,0.24879169944123963,scr2010,avaConv,runOfRiver
DE,h5410,0.24879169944123963,scr2010,avaConv,runOfRiver
DE,h5411,0.24879169944123963,scr2010,avaConv,runOfRiver
DE,h5412,0.24879169944123963,scr2010,avaConv,runOfRiver
DE,h5413,0.24879169944123963,scr2010,avaConv,runOfRiver
DE,h5414,0.24879169944123963,scr2010,avaConv,runOfRiver
DE,h5415,0.24879169944123963,scr2010,avaConv,runOfRiver
DE,h5416,0.24879169944123963,scr2010,avaConv,runOfRiver
DE,h5417,0.24879169944123963,scr2010,avaConv,runOfRiver
DE,h5418,0.24879169944123963,scr2010,avaConv,runOfRiver
DE,h5419,0.24879169944123963,scr2010,avaConv,runOfRiver
DE,h5420,0.24879169944123963,scr2010,avaConv,runOfRiver
DE,h5421,0.24879169944123963,scr2010,avaConv,runOfRiver
DE,h5422,0.24879169944123963,scr2010,avaConv,runOfRiver
DE,h5423,0.24879169944123963,scr2010,avaConv,runOfRiver
DE,h5424,0.24879169944123963,scr2010,avaConv,runOfRiver
DE,h5425,0.2494673867254196,scr2010,avaConv,runOfRiver
DE,h5426,0.2501430741926147,scr2010,avaConv,runOfRiver
DE,h5427,0.2508187618423308,scr2010,avaConv,runOfRiver
DE,h5428,0.2508187618423308,scr2010,avaConv,runOfRiver
DE,h5429,0.2508187618423308,scr2010,avaConv,runOfRiver
DE,h5430,0.2508187618423308,scr2010,avaConv,runOfRiver
DE,h5431,0.2508187618423308,scr2010,avaConv,runOfRiver
DE,h5432,0.2508187618423308,scr2010,avaConv,runOfRiver
DE,h5433,0.2508187618423308,scr2010,avaConv,runOfRiver
DE,h5434,0.2508187618423308,scr2010,avaConv,runOfRiver
DE,h5435,0.2508187618423308,scr2010,avaConv,runOfRiver
DE,h5436,0.2508187618423308,scr2010,avaConv,runOfRiver
DE,h5437,0.2508187618423308,scr2010,avaConv,runOfRiver
DE,h5438,0.2508187618423308,scr2010,avaConv,runOfRiver
DE,h5439,0.2508187618423308,scr2010,avaConv,runOfRiver
DE,h5440,0.2508187618423308,scr2010,avaConv,runOfRiver
DE,h5441,0.2508187618423308,scr2010,avaConv,runOfRiver
DE,h5442,0.2508187618423308,scr2010,avaConv,runOfRiver
DE,h5443,0.2508187618423308,scr2010,avaConv,runOfRiver
DE,h5444,0.2508187618423308,scr2010,avaConv,runOfRiver
DE,h5445,0.2508187618423308,scr2010,avaConv,runOfRiver
DE,h5446,0.2508187618423308,scr2010,avaConv,runOfRiver
DE,h5447,0.2508187618423308,scr2010,avaConv,runOfRiver
DE,h5448,0.2508187618423308,scr2010,avaConv,runOfRiver
DE,h5449,0.2509463573921447,scr2010,avaConv,runOfRiver
DE,h5450,0.2510739529484463,scr2010,avaConv,runOfRiver
DE,h5451,0.25120154851123255,scr2010,avaConv,runOfRiver
DE,h5452,0.25120154851123255,scr2010,avaConv,runOfRiver
DE,h5453,0.25120154851123255,scr2010,avaConv,runOfRiver
DE,h5454,0.25120154851123255,scr2010,avaConv,runOfRiver
DE,h5455,0.25120154851123255,scr2010,avaConv,runOfRiver
DE,h5456,0.25120154851123255,scr2010,avaConv,runOfRiver
DE,h5457,0.25120154851123255,scr2010,avaConv,runOfRiver
DE,h5458,0.25120154851123255,scr2010,avaConv,runOfRiver
DE,h5459,0.25120154851123255,scr2010,avaConv,runOfRiver
DE,h5460,0.25120154851123255,scr2010,avaConv,runOfRiver
DE,h5461,0.25120154851123255,scr2010,avaConv,runOfRiver
DE,h5462,0.25120154851123255,scr2010,avaConv,runOfRiver
DE,h5463,0.25120154851123255,scr2010,avaConv,runOfRiver
DE,h5464,0.25120154851123255,scr2010,avaConv,runOfRiver
DE,h5465,0.25120154851123255,scr2010,avaConv,runOfRiver
DE,h5466,0.25120154851123255,scr2010,avaConv,runOfRiver
DE,h5467,0.25120154851123255,scr2010,avaConv,runOfRiver
DE,h5468,0.25120154851123255,scr2010,avaConv,runOfRiver
DE,h5469,0.25120154851123255,scr2010,avaConv,runOfRiver
DE,h5470,0.25120154851123255,scr2010,avaConv,runOfRiver
DE,h5471,0.25120154851123255,scr2010,avaConv,runOfRiver
DE,h5472,0.25120154851123255,scr2010,avaConv,runOfRiver
DE,h5473,0.2516153253801832,scr2010,avaConv,runOfRiver
DE,h5474,0.2520291023171801,scr2010,avaConv,runOfRiver
DE,h5475,0.2524428793221115,scr2010,avaConv,runOfRiver
DE,h5476,0.2524428793221115,scr2010,avaConv,runOfRiver
DE,h5477,0.2524428793221115,scr2010,avaConv,runOfRiver
DE,h5478,0.2524428793221115,scr2010,avaConv,runOfRiver
DE,h5479,0.2524428793221115,scr2010,avaConv,runOfRiver
DE,h5480,0.2524428793221115,scr2010,avaConv,runOfRiver
DE,h5481,0.2524428793221115,scr2010,avaConv,runOfRiver
DE,h5482,0.2524428793221115,scr2010,avaConv,runOfRiver
DE,h5483,0.2524428793221115,scr2010,avaConv,runOfRiver
DE,h5484,0.2524428793221115,scr2010,avaConv,runOfRiver
DE,h5485,0.2524428793221115,scr2010,avaConv,runOfRiver
DE,h5486,0.2524428793221115,scr2010,avaConv,runOfRiver
DE,h5487,0.2524428793221115,scr2010,avaConv,runOfRiver
DE,h5488,0.2524428793221115,scr2010,avaConv,runOfRiver
DE,h5489,0.2524428793221115,scr2010,avaConv,runOfRiver
DE,h5490,0.2524428793221115,scr2010,avaConv,runOfRiver
DE,h5491,0.2524428793221115,scr2010,avaConv,runOfRiver
DE,h5492,0.2524428793221115,scr2010,avaConv,runOfRiver
DE,h5493,0.2524428793221115,scr2010,avaConv,runOfRiver
DE,h5494,0.2524428793221115,scr2010,avaConv,runOfRiver
DE,h5495,0.2524428793221115,scr2010,avaConv,runOfRiver
DE,h5496,0.2524428793221115,scr2010,avaConv,runOfRiver
DE,h5497,0.25294164246327194,scr2010,avaConv,runOfRiver
DE,h5498,0.25344040570278287,scr2010,avaConv,runOfRiver
DE,h5499,0.253939169040451,scr2010,avaConv,runOfRiver
DE,h5500,0.253939169040451,scr2010,avaConv,runOfRiver
DE,h5501,0.253939169040451,scr2010,avaConv,runOfRiver
DE,h5502,0.253939169040451,scr2010,avaConv,runOfRiver
DE,h5503,0.253939169040451,scr2010,avaConv,runOfRiver
DE,h5504,0.253939169040451,scr2010,avaConv,runOfRiver
DE,h5505,0.253939169040451,scr2010,avaConv,runOfRiver
DE,h5506,0.253939169040451,scr2010,avaConv,runOfRiver
DE,h5507,0.253939169040451,scr2010,avaConv,runOfRiver
DE,h5508,0.253939169040451,scr2010,avaConv,runOfRiver
DE,h5509,0.253939169040451,scr2010,avaConv,runOfRiver
DE,h5510,0.253939169040451,scr2010,avaConv,runOfRiver
DE,h5511,0.253939169040451,scr2010,avaConv,runOfRiver
DE,h5512,0.253939169040451,scr2010,avaConv,runOfRiver
DE,h5513,0.253939169040451,scr2010,avaConv,runOfRiver
DE,h5514,0.253939169040451,scr2010,avaConv,runOfRiver
DE,h5515,0.253939169040451,scr2010,avaConv,runOfRiver
DE,h5516,0.253939169040451,scr2010,avaConv,runOfRiver
DE,h5517,0.253939169040451,scr2010,avaConv,runOfRiver
DE,h5518,0.253939169040451,scr2010,avaConv,runOfRiver
DE,h5519,0.253939169040451,scr2010,avaConv,runOfRiver
DE,h5520,0.253939169040451,scr2010,avaConv,runOfRiver
DE,h5521,0.254331291218148,scr2010,avaConv,runOfRiver
DE,h5522,0.25472341345630267,scr2010,avaConv,runOfRiver
DE,h5523,0.2551155357548219,scr2010,avaConv,runOfRiver
DE,h5524,0.2551155357548219,scr2010,avaConv,runOfRiver
DE,h5525,0.2551155357548219,scr2010,avaConv,runOfRiver
DE,h5526,0.2551155357548219,scr2010,avaConv,runOfRiver
DE,h5527,0.2551155357548219,scr2010,avaConv,runOfRiver
DE,h5528,0.2551155357548219,scr2010,avaConv,runOfRiver
DE,h5529,0.2551155357548219,scr2010,avaConv,runOfRiver
DE,h5530,0.2551155357548219,scr2010,avaConv,runOfRiver
DE,h5531,0.2551155357548219,scr2010,avaConv,runOfRiver
DE,h5532,0.2551155357548219,scr2010,avaConv,runOfRiver
DE,h5533,0.2551155357548219,scr2010,avaConv,runOfRiver
DE,h5534,0.2551155357548219,scr2010,avaConv,runOfRiver
DE,h5535,0.2551155357548219,scr2010,avaConv,runOfRiver
DE,h5536,0.2551155357548219,scr2010,avaConv,runOfRiver
DE,h5537,0.2551155357548219,scr2010,avaConv,runOfRiver
DE,h5538,0.2551155357548219,scr2010,avaConv,runOfRiver
DE,h5539,0.2551155357548219,scr2010,avaConv,runOfRiver
DE,h5540,0.2551155357548219,scr2010,avaConv,runOfRiver
DE,h5541,0.2551155357548219,scr2010,avaConv,runOfRiver
DE,h5542,0.2551155357548219,scr2010,avaConv,runOfRiver
DE,h5543,0.2551155357548219,scr2010,avaConv,runOfRiver
DE,h5544,0.2551155357548219,scr2010,avaConv,runOfRiver
DE,h5545,0.2545125370319411,scr2010,avaConv,runOfRiver
DE,h5546,0.2539095384519272,scr2010,avaConv,runOfRiver
DE,h5547,0.2533065400151196,scr2010,avaConv,runOfRiver
DE,h5548,0.2533065400151196,scr2010,avaConv,runOfRiver
DE,h5549,0.2533065400151196,scr2010,avaConv,runOfRiver
DE,h5550,0.2533065400151196,scr2010,avaConv,runOfRiver
DE,h5551,0.2533065400151196,scr2010,avaConv,runOfRiver
DE,h5552,0.2533065400151196,scr2010,avaConv,runOfRiver
DE,h5553,0.2533065400151196,scr2010,avaConv,runOfRiver
DE,h5554,0.2533065400151196,scr2010,avaConv,runOfRiver
DE,h5555,0.2533065400151196,scr2010,avaConv,runOfRiver
DE,h5556,0.2533065400151196,scr2010,avaConv,runOfRiver
DE,h5557,0.2533065400151196,scr2010,avaConv,runOfRiver
DE,h5558,0.2533065400151196,scr2010,avaConv,runOfRiver
DE,h5559,0.2533065400151196,scr2010,avaConv,runOfRiver
DE,h5560,0.2533065400151196,scr2010,avaConv,runOfRiver
DE,h5561,0.2533065400151196,scr2010,avaConv,runOfRiver
DE,h5562,0.2533065400151196,scr2010,avaConv,runOfRiver
DE,h5563,0.2533065400151196,scr2010,avaConv,runOfRiver
DE,h5564,0.2533065400151196,scr2010,avaConv,runOfRiver
DE,h5565,0.2533065400151196,scr2010,avaConv,runOfRiver
DE,h5566,0.2533065400151196,scr2010,avaConv,runOfRiver
DE,h5567,0.2533065400151196,scr2010,avaConv,runOfRiver
DE,h5568,0.2533065400151196,scr2010,avaConv,runOfRiver
DE,h5569,0.25158457630534775,scr2010,avaConv,runOfRiver
DE,h5570,0.24986261377420052,scr2010,avaConv,runOfRiver
DE,h5571,0.24814065242980002,scr2010,avaConv,runOfRiver
DE,h5572,0.24814065242980002,scr2010,avaConv,runOfRiver
DE,h5573,0.24814065242980002,scr2010,avaConv,runOfRiver
DE,h5574,0.24814065242980002,scr2010,avaConv,runOfRiver
DE,h5575,0.24814065242980002,scr2010,avaConv,runOfRiver
DE,h5576,0.24814065242980002,scr2010,avaConv,runOfRiver
DE,h5577,0.24814065242980002,scr2010,avaConv,runOfRiver
DE,h5578,0.24814065242980002,scr2010,avaConv,runOfRiver
DE,h5579,0.24814065242980002,scr2010,avaConv,runOfRiver
DE,h5580,0.24814065242980002,scr2010,avaConv,runOfRiver
DE,h5581,0.24814065242980002,scr2010,avaConv,runOfRiver
DE,h5582,0.24814065242980002,scr2010,avaConv,runOfRiver
DE,h5583,0.24814065242980002,scr2010,avaConv,runOfRiver
DE,h5584,0.24814065242980002,scr2010,avaConv,runOfRiver
DE,h5585,0.24814065242980002,scr2010,avaConv,runOfRiver
DE,h5586,0.24814065242980002,scr2010,avaConv,runOfRiver
DE,h5587,0.24814065242980002,scr2010,avaConv,runOfRiver
DE,h5588,0.24814065242980002,scr2010,avaConv,runOfRiver
DE,h5589,0.24814065242980002,scr2010,avaConv,runOfRiver
DE,h5590,0.24814065242980002,scr2010,avaConv,runOfRiver
DE,h5591,0.24814065242980002,scr2010,avaConv,runOfRiver
DE,h5592,0.24814065242980002,scr2010,avaConv,runOfRiver
DE,h5593,0.24769916844173975,scr2010,avaConv,runOfRiver
DE,h5594,0.24725768453236865,scr2010,avaConv,runOfRiver
DE,h5595,0.24681620070182717,scr2010,avaConv,runOfRiver
DE,h5596,0.24681620070182717,scr2010,avaConv,runOfRiver
DE,h5597,0.24681620070182717,scr2010,avaConv,runOfRiver
DE,h5598,0.24681620070182717,scr2010,avaConv,runOfRiver
DE,h5599,0.24681620070182717,scr2010,avaConv,runOfRiver
DE,h5600,0.24681620070182717,scr2010,avaConv,runOfRiver
DE,h5601,0.24681620070182717,scr2010,avaConv,runOfRiver
DE,h5602,0.24681620070182717,scr2010,avaConv,runOfRiver
DE,h5603,0.24681620070182717,scr2010,avaConv,runOfRiver
DE,h5604,0.24681620070182717,scr2010,avaConv,runOfRiver
DE,h5605,0.24681620070182717,scr2010,avaConv,runOfRiver
DE,h5606,0.24681620070182717,scr2010,avaConv,runOfRiver
DE,h5607,0.24681620070182717,scr2010,avaConv,runOfRiver
DE,h5608,0.24681620070182717,scr2010,avaConv,runOfRiver
DE,h5609,0.24681620070182717,scr2010,avaConv,runOfRiver
DE,h5610,0.24681620070182717,scr2010,avaConv,runOfRiver
DE,h5611,0.24681620070182717,scr2010,avaConv,runOfRiver
DE,h5612,0.24681620070182717,scr2010,avaConv,runOfRiver
DE,h5613,0.24681620070182717,scr2010,avaConv,runOfRiver
DE,h5614,0.24681620070182717,scr2010,avaConv,runOfRiver
DE,h5615,0.24681620070182717,scr2010,avaConv,runOfRiver
DE,h5616,0.24681620070182717,scr2010,avaConv,runOfRiver
DE,h5617,0.24653576039270042,scr2010,avaConv,runOfRiver
DE,h5618,0.2462553201154751,scr2010,avaConv,runOfRiver
DE,h5619,0.24597487987018762,scr2010,avaConv,runOfRiver
DE,h5620,0.24597487987018762,scr2010,avaConv,runOfRiver
DE,h5621,0.24597487987018762,scr2010,avaConv,runOfRiver
DE,h5622,0.24597487987018762,scr2010,avaConv,runOfRiver
DE,h5623,0.24597487987018762,scr2010,avaConv,runOfRiver
DE,h5624,0.24597487987018762,scr2010,avaConv,runOfRiver
DE,h5625,0.24597487987018762,scr2010,avaConv,runOfRiver
DE,h5626,0.24597487987018762,scr2010,avaConv,runOfRiver
DE,h5627,0.24597487987018762,scr2010,avaConv,runOfRiver
DE,h5628,0.24597487987018762,scr2010,avaConv,runOfRiver
DE,h5629,0.24597487987018762,scr2010,avaConv,runOfRiver
DE,h5630,0.24597487987018762,scr2010,avaConv,runOfRiver
DE,h5631,0.24597487987018762,scr2010,avaConv,runOfRiver
DE,h5632,0.24597487987018762,scr2010,avaConv,runOfRiver
DE,h5633,0.24597487987018762,scr2010,avaConv,runOfRiver
DE,h5634,0.24597487987018762,scr2010,avaConv,runOfRiver
DE,h5635,0.24597487987018762,scr2010,avaConv,runOfRiver
DE,h5636,0.24597487987018762,scr2010,avaConv,runOfRiver
DE,h5637,0.24597487987018762,scr2010,avaConv,runOfRiver
DE,h5638,0.24597487987018762,scr2010,avaConv,runOfRiver
DE,h5639,0.24597487987018762,scr2010,avaConv,runOfRiver
DE,h5640,0.24597487987018762,scr2010,avaConv,runOfRiver
DE,h5641,0.2453264041398566,scr2010,avaConv,runOfRiver
DE,h5642,0.24467792858094237,scr2010,avaConv,runOfRiver
DE,h5643,0.24402945319389924,scr2010,avaConv,runOfRiver
DE,h5644,0.24402945319389924,scr2010,avaConv,runOfRiver
DE,h5645,0.24402945319389924,scr2010,avaConv,runOfRiver
DE,h5646,0.24402945319389924,scr2010,avaConv,runOfRiver
DE,h5647,0.24402945319389924,scr2010,avaConv,runOfRiver
DE,h5648,0.24402945319389924,scr2010,avaConv,runOfRiver
DE,h5649,0.24402945319389924,scr2010,avaConv,runOfRiver
DE,h5650,0.24402945319389924,scr2010,avaConv,runOfRiver
DE,h5651,0.24402945319389924,scr2010,avaConv,runOfRiver
DE,h5652,0.24402945319389924,scr2010,avaConv,runOfRiver
DE,h5653,0.24402945319389924,scr2010,avaConv,runOfRiver
DE,h5654,0.24402945319389924,scr2010,avaConv,runOfRiver
DE,h5655,0.24402945319389924,scr2010,avaConv,runOfRiver
DE,h5656,0.24402945319389924,scr2010,avaConv,runOfRiver
DE,h5657,0.24402945319389924,scr2010,avaConv,runOfRiver
DE,h5658,0.24402945319389924,scr2010,avaConv,runOfRiver
DE,h5659,0.24402945319389924,scr2010,avaConv,runOfRiver
DE,h5660,0.24402945319389924,scr2010,avaConv,runOfRiver
DE,h5661,0.24402945319389924,scr2010,avaConv,runOfRiver
DE,h5662,0.24402945319389924,scr2010,avaConv,runOfRiver
DE,h5663,0.24402945319389924,scr2010,avaConv,runOfRiver
DE,h5664,0.24402945319389924,scr2010,avaConv,runOfRiver
DE,h5665,0.24388649036694257,scr2010,avaConv,runOfRiver
DE,h5666,0.24374352754836642,scr2010,avaConv,runOfRiver
DE,h5667,0.24360056473817568,scr2010,avaConv,runOfRiver
DE,h5668,0.24360056473817568,scr2010,avaConv,runOfRiver
DE,h5669,0.24360056473817568,scr2010,avaConv,runOfRiver
DE,h5670,0.24360056473817568,scr2010,avaConv,runOfRiver
DE,h5671,0.24360056473817568,scr2010,avaConv,runOfRiver
DE,h5672,0.24360056473817568,scr2010,avaConv,runOfRiver
DE,h5673,0.24360056473817568,scr2010,avaConv,runOfRiver
DE,h5674,0.24360056473817568,scr2010,avaConv,runOfRiver
DE,h5675,0.24360056473817568,scr2010,avaConv,runOfRiver
DE,h5676,0.24360056473817568,scr2010,avaConv,runOfRiver
DE,h5677,0.24360056473817568,scr2010,avaConv,runOfRiver
DE,h5678,0.24360056473817568,scr2010,avaConv,runOfRiver
DE,h5679,0.24360056473817568,scr2010,avaConv,runOfRiver
DE,h5680,0.24360056473817568,scr2010,avaConv,runOfRiver
DE,h5681,0.24360056473817568,scr2010,avaConv,runOfRiver
DE,h5682,0.24360056473817568,scr2010,avaConv,runOfRiver
DE,h5683,0.24360056473817568,scr2010,avaConv,runOfRiver
DE,h5684,0.24360056473817568,scr2010,avaConv,runOfRiver
DE,h5685,0.24360056473817568,scr2010,avaConv,runOfRiver
DE,h5686,0.24360056473817568,scr2010,avaConv,runOfRiver
DE,h5687,0.24360056473817568,scr2010,avaConv,runOfRiver
DE,h5688,0.24360056473817568,scr2010,avaConv,runOfRiver
DE,h5689,0.2425567886956855,scr2010,avaConv,runOfRiver
DE,h5690,0.2415130131023674,scr2010,avaConv,runOfRiver
DE,h5691,0.2404692379601624,scr2010,avaConv,runOfRiver
DE,h5692,0.2404692379601624,scr2010,avaConv,runOfRiver
DE,h5693,0.2404692379601624,scr2010,avaConv,runOfRiver
DE,h5694,0.2404692379601624,scr2010,avaConv,runOfRiver
DE,h5695,0.2404692379601624,scr2010,avaConv,runOfRiver
DE,h5696,0.2404692379601624,scr2010,avaConv,runOfRiver
DE,h5697,0.2404692379601624,scr2010,avaConv,runOfRiver
DE,h5698,0.2404692379601624,scr2010,avaConv,runOfRiver
DE,h5699,0.2404692379601624,scr2010,avaConv,runOfRiver
DE,h5700,0.2404692379601624,scr2010,avaConv,runOfRiver
DE,h5701,0.2404692379601624,scr2010,avaConv,runOfRiver
DE,h5702,0.2404692379601624,scr2010,avaConv,runOfRiver
DE,h5703,0.2404692379601624,scr2010,avaConv,runOfRiver
DE,h5704,0.2404692379601624,scr2010,avaConv,runOfRiver
DE,h5705,0.2404692379601624,scr2010,avaConv,runOfRiver
DE,h5706,0.2404692379601624,scr2010,avaConv,runOfRiver
DE,h5707,0.2404692379601624,scr2010,avaConv,runOfRiver
DE,h5708,0.2404692379601624,scr2010,avaConv,runOfRiver
DE,h5709,0.2404692379601624,scr2010,avaConv,runOfRiver
DE,h5710,0.2404692379601624,scr2010,avaConv,runOfRiver
DE,h5711,0.2404692379601624,scr2010,avaConv,runOfRiver
DE,h5712,0.2404692379601624,scr2010,avaConv,runOfRiver
DE,h5713,0.23906868458466782,scr2010,avaConv,runOfRiver
DE,h5714,0.23766813202969478,scr2010,avaConv,runOfRiver
DE,h5715,0.23626758030007833,scr2010,avaConv,runOfRiver
DE,h5716,0.23626758030007833,scr2010,avaConv,runOfRiver
DE,h5717,0.23626758030007833,scr2010,avaConv,runOfRiver
DE,h5718,0.23626758030007833,scr2010,avaConv,runOfRiver
DE,h5719,0.23626758030007833,scr2010,avaConv,runOfRiver
DE,h5720,0.23626758030007833,scr2010,avaConv,runOfRiver
DE,h5721,0.23626758030007833,scr2010,avaConv,runOfRiver
DE,h5722,0.23626758030007833,scr2010,avaConv,runOfRiver
DE,h5723,0.23626758030007833,scr2010,avaConv,runOfRiver
DE,h5724,0.23626758030007833,scr2010,avaConv,runOfRiver
DE,h5725,0.23626758030007833,scr2010,avaConv,runOfRiver
DE,h5726,0.23626758030007833,scr2010,avaConv,runOfRiver
DE,h5727,0.23626758030007833,scr2010,avaConv,runOfRiver
DE,h5728,0.23626758030007833,scr2010,avaConv,runOfRiver
DE,h5729,0.23626758030007833,scr2010,avaConv,runOfRiver
DE,h5730,0.23626758030007833,scr2010,avaConv,runOfRiver
DE,h5731,0.23626758030007833,scr2010,avaConv,runOfRiver
DE,h5732,0.23626758030007833,scr2010,avaConv,runOfRiver
DE,h5733,0.23626758030007833,scr2010,avaConv,runOfRiver
DE,h5734,0.23626758030007833,scr2010,avaConv,runOfRiver
DE,h5735,0.23626758030007833,scr2010,avaConv,runOfRiver
DE,h5736,0.23626758030007833,scr2010,avaConv,runOfRiver
DE,h5737,0.23504892376303152,scr2010,avaConv,runOfRiver
DE,h5738,0.23383026785784083,scr2010,avaConv,runOfRiver
DE,h5739,0.2326116125877991,scr2010,avaConv,runOfRiver
DE,h5740,0.2326116125877991,scr2010,avaConv,runOfRiver
DE,h5741,0.2326116125877991,scr2010,avaConv,runOfRiver
DE,h5742,0.2326116125877991,scr2010,avaConv,runOfRiver
DE,h5743,0.2326116125877991,scr2010,avaConv,runOfRiver
DE,h5744,0.2326116125877991,scr2010,avaConv,runOfRiver
DE,h5745,0.2326116125877991,scr2010,avaConv,runOfRiver
DE,h5746,0.2326116125877991,scr2010,avaConv,runOfRiver
DE,h5747,0.2326116125877991,scr2010,avaConv,runOfRiver
DE,h5748,0.2326116125877991,scr2010,avaConv,runOfRiver
DE,h5749,0.2326116125877991,scr2010,avaConv,runOfRiver
DE,h5750,0.2326116125877991,scr2010,avaConv,runOfRiver
DE,h5751,0.2326116125877991,scr2010,avaConv,runOfRiver
DE,h5752,0.2326116125877991,scr2010,avaConv,runOfRiver
DE,h5753,0.2326116125877991,scr2010,avaConv,runOfRiver
DE,h5754,0.2326116125877991,scr2010,avaConv,runOfRiver
DE,h5755,0.2326116125877991,scr2010,avaConv,runOfRiver
DE,h5756,0.2326116125877991,scr2010,avaConv,runOfRiver
DE,h5757,0.2326116125877991,scr2010,avaConv,runOfRiver
DE,h5758,0.2326116125877991,scr2010,avaConv,runOfRiver
DE,h5759,0.2326116125877991,scr2010,avaConv,runOfRiver
DE,h5760,0.2326116125877991,scr2010,avaConv,runOfRiver
DE,h5761,0.23145622328820822,scr2010,avaConv,runOfRiver
DE,h5762,0.2303008345653869,scr2010,avaConv,runOfRiver
DE,h5763,0.22914544642222864,scr2010,avaConv,runOfRiver
DE,h5764,0.22914544642222864,scr2010,avaConv,runOfRiver
DE,h5765,0.22914544642222864,scr2010,avaConv,runOfRiver
DE,h5766,0.22914544642222864,scr2010,avaConv,runOfRiver
DE,h5767,0.22914544642222864,scr2010,avaConv,runOfRiver
DE,h5768,0.22914544642222864,scr2010,avaConv,runOfRiver
DE,h5769,0.22914544642222864,scr2010,avaConv,runOfRiver
DE,h5770,0.22914544642222864,scr2010,avaConv,runOfRiver
DE,h5771,0.22914544642222864,scr2010,avaConv,runOfRiver
DE,h5772,0.22914544642222864,scr2010,avaConv,runOfRiver
DE,h5773,0.22914544642222864,scr2010,avaConv,runOfRiver
DE,h5774,0.22914544642222864,scr2010,avaConv,runOfRiver
DE,h5775,0.22914544642222864,scr2010,avaConv,runOfRiver
DE,h5776,0.22914544642222864,scr2010,avaConv,runOfRiver
DE,h5777,0.22914544642222864,scr2010,avaConv,runOfRiver
DE,h5778,0.22914544642222864,scr2010,avaConv,runOfRiver
DE,h5779,0.22914544642222864,scr2010,avaConv,runOfRiver
DE,h5780,0.22914544642222864,scr2010,avaConv,runOfRiver
DE,h5781,0.22914544642222864,scr2010,avaConv,runOfRiver
DE,h5782,0.22914544642222864,scr2010,avaConv,runOfRiver
DE,h5783,0.22914544642222864,scr2010,avaConv,runOfRiver
DE,h5784,0.22914544642222864,scr2010,avaConv,runOfRiver
DE,h5785,0.22743160400301404,scr2010,avaConv,runOfRiver
DE,h5786,0.2257177628753419,scr2010,avaConv,runOfRiver
DE,h5787,0.22400392304901823,scr2010,avaConv,runOfRiver
DE,h5788,0.22400392304901823,scr2010,avaConv,runOfRiver
DE,h5789,0.22400392304901823,scr2010,avaConv,runOfRiver
DE,h5790,0.22400392304901823,scr2010,avaConv,runOfRiver
DE,h5791,0.22400392304901823,scr2010,avaConv,runOfRiver
DE,h5792,0.22400392304901823,scr2010,avaConv,runOfRiver
DE,h5793,0.22400392304901823,scr2010,avaConv,runOfRiver
DE,h5794,0.22400392304901823,scr2010,avaConv,runOfRiver
DE,h5795,0.22400392304901823,scr2010,avaConv,runOfRiver
DE,h5796,0.22400392304901823,scr2010,avaConv,runOfRiver
DE,h5797,0.22400392304901823,scr2010,avaConv,runOfRiver
DE,h5798,0.22400392304901823,scr2010,avaConv,runOfRiver
DE,h5799,0.22400392304901823,scr2010,avaConv,runOfRiver
DE,h5800,0.22400392304901823,scr2010,avaConv,runOfRiver
DE,h5801,0.22400392304901823,scr2010,avaConv,runOfRiver
DE,h5802,0.22400392304901823,scr2010,avaConv,runOfRiver
DE,h5803,0.22400392304901823,scr2010,avaConv,runOfRiver
DE,h5804,0.22400392304901823,scr2010,avaConv,runOfRiver
DE,h5805,0.22400392304901823,scr2010,avaConv,runOfRiver
DE,h5806,0.22400392304901823,scr2010,avaConv,runOfRiver
DE,h5807,0.22400392304901823,scr2010,avaConv,runOfRiver
DE,h5808,0.22400392304901823,scr2010,avaConv,runOfRiver
DE,h5809,0.22339493223311013,scr2010,avaConv,runOfRiver
DE,h5810,0.2227859415832232,scr2010,avaConv,runOfRiver
DE,h5811,0.2221769510998113,scr2010,avaConv,runOfRiver
DE,h5812,0.2221769510998113,scr2010,avaConv,runOfRiver
DE,h5813,0.2221769510998113,scr2010,avaConv,runOfRiver
DE,h5814,0.2221769510998113,scr2010,avaConv,runOfRiver
DE,h5815,0.2221769510998113,scr2010,avaConv,runOfRiver
DE,h5816,0.2221769510998113,scr2010,avaConv,runOfRiver
DE,h5817,0.2221769510998113,scr2010,avaConv,runOfRiver
DE,h5818,0.2221769510998113,scr2010,avaConv,runOfRiver
DE,h5819,0.2221769510998113,scr2010,avaConv,runOfRiver
DE,h5820,0.2221769510998113,scr2010,avaConv,runOfRiver
DE,h5821,0.2221769510998113,scr2010,avaConv,runOfRiver
DE,h5822,0.2221769510998113,scr2010,avaConv,runOfRiver
DE,h5823,0.2221769510998113,scr2010,avaConv,runOfRiver
DE,h5824,0.2221769510998113,scr2010,avaConv,runOfRiver
DE,h5825,0.2221769510998113,scr2010,avaConv,runOfRiver
DE,h5826,0.2221769510998113,scr2010,avaConv,runOfRiver
DE,h5827,0.2221769510998113,scr2010,avaConv,runOfRiver
DE,h5828,0.2221769510998113,scr2010,avaConv,runOfRiver
DE,h5829,0.2221769510998113,scr2010,avaConv,runOfRiver
DE,h5830,0.2221769510998113,scr2010,avaConv,runOfRiver
DE,h5831,0.2221769510998113,scr2010,avaConv,runOfRiver
DE,h5832,0.2221769510998113,scr2010,avaConv,runOfRiver
DE,h5833,0.2207537201420604,scr2010,avaConv,runOfRiver
DE,h5834,0.2193304901019259,scr2010,avaConv,runOfRiver
DE,h5835,0.2179072609853618,scr2010,avaConv,runOfRiver
DE,h5836,0.2179072609853618,scr2010,avaConv,runOfRiver
DE,h5837,0.2179072609853618,scr2010,avaConv,runOfRiver
DE,h5838,0.2179072609853618,scr2010,avaConv,runOfRiver
DE,h5839,0.2179072609853618,scr2010,avaConv,runOfRiver
DE,h5840,0.2179072609853618,scr2010,avaConv,runOfRiver
DE,h5841,0.2179072609853618,scr2010,avaConv,runOfRiver
DE,h5842,0.2179072609853618,scr2010,avaConv,runOfRiver
DE,h5843,0.2179072609853618,scr2010,avaConv,runOfRiver
DE,h5844,0.2179072609853618,scr2010,avaConv,runOfRiver
DE,h5845,0.2179072609853618,scr2010,avaConv,runOfRiver
DE,h5846,0.2179072609853618,scr2010,avaConv,runOfRiver
DE,h5847,0.2179072609853618,scr2010,avaConv,runOfRiver
DE,h5848,0.2179072609853618,scr2010,avaConv,runOfRiver
DE,h5849,0.2179072609853618,scr2010,avaConv,runOfRiver
DE,h5850,0.2179072609853618,scr2010,avaConv,runOfRiver
DE,h5851,0.2179072609853618,scr2010,avaConv,runOfRiver
DE,h5852,0.2179072609853618,scr2010,avaConv,runOfRiver
DE,h5853,0.2179072609853618,scr2010,avaConv,runOfRiver
DE,h5854,0.2179072609853618,scr2010,avaConv,runOfRiver
DE,h5855,0.2179072609853618,scr2010,avaConv,runOfRiver
DE,h5856,0.2179072609853618,scr2010,avaConv,runOfRiver
DE,h5857,0.21682169173997878,scr2010,avaConv,runOfRiver
DE,h5858,0.21573612303813475,scr2010,avaConv,runOfRiver
DE,h5859,0.21465055488256454,scr2010,avaConv,runOfRiver
DE,h5860,0.21465055488256454,scr2010,avaConv,runOfRiver
DE,h5861,0.21465055488256454,scr2010,avaConv,runOfRiver
DE,h5862,0.21465055488256454,scr2010,avaConv,runOfRiver
DE,h5863,0.21465055488256454,scr2010,avaConv,runOfRiver
DE,h5864,0.21465055488256454,scr2010,avaConv,runOfRiver
DE,h5865,0.21465055488256454,scr2010,avaConv,runOfRiver
DE,h5866,0.21465055488256454,scr2010,avaConv,runOfRiver
DE,h5867,0.21465055488256454,scr2010,avaConv,runOfRiver
DE,h5868,0.21465055488256454,scr2010,avaConv,runOfRiver
DE,h5869,0.21465055488256454,scr2010,avaConv,runOfRiver
DE,h5870,0.21465055488256454,scr2010,avaConv,runOfRiver
DE,h5871,0.21465055488256454,scr2010,avaConv,runOfRiver
DE,h5872,0.21465055488256454,scr2010,avaConv,runOfRiver
DE,h5873,0.21465055488256454,scr2010,avaConv,runOfRiver
DE,h5874,0.21465055488256454,scr2010,avaConv,runOfRiver
DE,h5875,0.21465055488256454,scr2010,avaConv,runOfRiver
DE,h5876,0.21465055488256454,scr2010,avaConv,runOfRiver
DE,h5877,0.21465055488256454,scr2010,avaConv,runOfRiver
DE,h5878,0.21465055488256454,scr2010,avaConv,runOfRiver
DE,h5879,0.21465055488256454,scr2010,avaConv,runOfRiver
DE,h5880,0.21465055488256454,scr2010,avaConv,runOfRiver
DE,h5881,0.21498014178492014,scr2010,avaConv,runOfRiver
DE,h5882,0.21530972873780688,scr2010,avaConv,runOfRiver
DE,h5883,0.21563931574114742,scr2010,avaConv,runOfRiver
DE,h5884,0.21563931574114742,scr2010,avaConv,runOfRiver
DE,h5885,0.21563931574114742,scr2010,avaConv,runOfRiver
DE,h5886,0.21563931574114742,scr2010,avaConv,runOfRiver
DE,h5887,0.21563931574114742,scr2010,avaConv,runOfRiver
DE,h5888,0.21563931574114742,scr2010,avaConv,runOfRiver
DE,h5889,0.21563931574114742,scr2010,avaConv,runOfRiver
DE,h5890,0.21563931574114742,scr2010,avaConv,runOfRiver
DE,h5891,0.21563931574114742,scr2010,avaConv,runOfRiver
DE,h5892,0.21563931574114742,scr2010,avaConv,runOfRiver
DE,h5893,0.21563931574114742,scr2010,avaConv,runOfRiver
DE,h5894,0.21563931574114742,scr2010,avaConv,runOfRiver
DE,h5895,0.21563931574114742,scr2010,avaConv,runOfRiver
DE,h5896,0.21563931574114742,scr2010,avaConv,runOfRiver
DE,h5897,0.21563931574114742,scr2010,avaConv,runOfRiver
DE,h5898,0.21563931574114742,scr2010,avaConv,runOfRiver
DE,h5899,0.21563931574114742,scr2010,avaConv,runOfRiver
DE,h5900,0.21563931574114742,scr2010,avaConv,runOfRiver
DE,h5901,0.21563931574114742,scr2010,avaConv,runOfRiver
DE,h5902,0.21563931574114742,scr2010,avaConv,runOfRiver
DE,h5903,0.21563931574114742,scr2010,avaConv,runOfRiver
DE,h5904,0.21563931574114742,scr2010,avaConv,runOfRiver
DE,h5905,0.21617147113607857,scr2010,avaConv,runOfRiver
DE,h5906,0.21670362666201715,scr2010,avaConv,runOfRiver
DE,h5907,0.21723578231864152,scr2010,avaConv,runOfRiver
DE,h5908,0.21723578231864152,scr2010,avaConv,runOfRiver
DE,h5909,0.21723578231864152,scr2010,avaConv,runOfRiver
DE,h5910,0.21723578231864152,scr2010,avaConv,runOfRiver
DE,h5911,0.21723578231864152,scr2010,avaConv,runOfRiver
DE,h5912,0.21723578231864152,scr2010,avaConv,runOfRiver
DE,h5913,0.21723578231864152,scr2010,avaConv,runOfRiver
DE,h5914,0.21723578231864152,scr2010,avaConv,runOfRiver
DE,h5915,0.21723578231864152,scr2010,avaConv,runOfRiver
DE,h5916,0.21723578231864152,scr2010,avaConv,runOfRiver
DE,h5917,0.21723578231864152,scr2010,avaConv,runOfRiver
DE,h5918,0.21723578231864152,scr2010,avaConv,runOfRiver
DE,h5919,0.21723578231864152,scr2010,avaConv,runOfRiver
DE,h5920,0.21723578231864152,scr2010,avaConv,runOfRiver
DE,h5921,0.21723578231864152,scr2010,avaConv,runOfRiver
DE,h5922,0.21723578231864152,scr2010,avaConv,runOfRiver
DE,h5923,0.21723578231864152,scr2010,avaConv,runOfRiver
DE,h5924,0.21723578231864152,scr2010,avaConv,runOfRiver
DE,h5925,0.21723578231864152,scr2010,avaConv,runOfRiver
DE,h5926,0.21723578231864152,scr2010,avaConv,runOfRiver
DE,h5927,0.21723578231864152,scr2010,avaConv,runOfRiver
DE,h5928,0.21723578231864152,scr2010,avaConv,runOfRiver
DE,h5929,0.21715414416113535,scr2010,avaConv,runOfRiver
DE,h5930,0.21707250600669842,scr2010,avaConv,runOfRiver
DE,h5931,0.21699086785533192,scr2010,avaConv,runOfRiver
DE,h5932,0.21699086785533192,scr2010,avaConv,runOfRiver
DE,h5933,0.21699086785533192,scr2010,avaConv,runOfRiver
DE,h5934,0.21699086785533192,scr2010,avaConv,runOfRiver
DE,h5935,0.21699086785533192,scr2010,avaConv,runOfRiver
DE,h5936,0.21699086785533192,scr2010,avaConv,runOfRiver
DE,h5937,0.21699086785533192,scr2010,avaConv,runOfRiver
DE,h5938,0.21699086785533192,scr2010,avaConv,runOfRiver
DE,h5939,0.21699086785533192,scr2010,avaConv,runOfRiver
DE,h5940,0.21699086785533192,scr2010,avaConv,runOfRiver
DE,h5941,0.21699086785533192,scr2010,avaConv,runOfRiver
DE,h5942,0.21699086785533192,scr2010,avaConv,runOfRiver
DE,h5943,0.21699086785533192,scr2010,avaConv,runOfRiver
DE,h5944,0.21699086785533192,scr2010,avaConv,runOfRiver
DE,h5945,0.21699086785533192,scr2010,avaConv,runOfRiver
DE,h5946,0.21699086785533192,scr2010,avaConv,runOfRiver
DE,h5947,0.21699086785533192,scr2010,avaConv,runOfRiver
DE,h5948,0.21699086785533192,scr2010,avaConv,runOfRiver
DE,h5949,0.21699086785533192,scr2010,avaConv,runOfRiver
DE,h5950,0.21699086785533192,scr2010,avaConv,runOfRiver
DE,h5951,0.21699086785533192,scr2010,avaConv,runOfRiver
DE,h5952,0.21699086785533192,scr2010,avaConv,runOfRiver
DE,h5953,0.21666321936567,scr2010,avaConv,runOfRiver
DE,h5954,0.21633557092555858,scr2010,avaConv,runOfRiver
DE,h5955,0.21600792253507267,scr2010,avaConv,runOfRiver
DE,h5956,0.21600792253507267,scr2010,avaConv,runOfRiver
DE,h5957,0.21600792253507267,scr2010,avaConv,runOfRiver
DE,h5958,0.21600792253507267,scr2010,avaConv,runOfRiver
DE,h5959,0.21600792253507267,scr2010,avaConv,runOfRiver
DE,h5960,0.21600792253507267,scr2010,avaConv,runOfRiver
DE,h5961,0.21600792253507267,scr2010,avaConv,runOfRiver
DE,h5962,0.21600792253507267,scr2010,avaConv,runOfRiver
DE,h5963,0.21600792253507267,scr2010,avaConv,runOfRiver
DE,h5964,0.21600792253507267,scr2010,avaConv,runOfRiver
DE,h5965,0.21600792253507267,scr2010,avaConv,runOfRiver
DE,h5966,0.21600792253507267,scr2010,avaConv,runOfRiver
DE,h5967,0.21600792253507267,scr2010,avaConv,runOfRiver
DE,h5968,0.21600792253507267,scr2010,avaConv,runOfRiver
DE,h5969,0.21600792253507267,scr2010,avaConv,runOfRiver
DE,h5970,0.21600792253507267,scr2010,avaConv,runOfRiver
DE,h5971,0.21600792253507267,scr2010,avaConv,runOfRiver
DE,h5972,0.21600792253507267,scr2010,avaConv,runOfRiver
DE,h5973,0.21600792253507267,scr2010,avaConv,runOfRiver
DE,h5974,0.21600792253507267,scr2010,avaConv,runOfRiver
DE,h5975,0.21600792253507267,scr2010,avaConv,runOfRiver
DE,h5976,0.21600792253507267,scr2010,avaConv,runOfRiver
DE,h5977,0.21511628643682731,scr2010,avaConv,runOfRiver
DE,h5978,0.214224650708172,scr2010,avaConv,runOfRiver
DE,h5979,0.21333301535064494,scr2010,avaConv,runOfRiver
DE,h5980,0.21333301535064494,scr2010,avaConv,runOfRiver
DE,h5981,0.21333301535064494,scr2010,avaConv,runOfRiver
DE,h5982,0.21333301535064494,scr2010,avaConv,runOfRiver
DE,h5983,0.21333301535064494,scr2010,avaConv,runOfRiver
DE,h5984,0.21333301535064494,scr2010,avaConv,runOfRiver
DE,h5985,0.21333301535064494,scr2010,avaConv,runOfRiver
DE,h5986,0.21333301535064494,scr2010,avaConv,runOfRiver
DE,h5987,0.21333301535064494,scr2010,avaConv,runOfRiver
DE,h5988,0.21333301535064494,scr2010,avaConv,runOfRiver
DE,h5989,0.21333301535064494,scr2010,avaConv,runOfRiver
DE,h5990,0.21333301535064494,scr2010,avaConv,runOfRiver
DE,h5991,0.21333301535064494,scr2010,avaConv,runOfRiver
DE,h5992,0.21333301535064494,scr2010,avaConv,runOfRiver
DE,h5993,0.21333301535064494,scr2010,avaConv,runOfRiver
DE,h5994,0.21333301535064494,scr2010,avaConv,runOfRiver
DE,h5995,0.21333301535064494,scr2010,avaConv,runOfRiver
DE,h5996,0.21333301535064494,scr2010,avaConv,runOfRiver
DE,h5997,0.21333301535064494,scr2010,avaConv,runOfRiver
DE,h5998,0.21333301535064494,scr2010,avaConv,runOfRiver
DE,h5999,0.21333301535064494,scr2010,avaConv,runOfRiver
DE,h6000,0.21333301535064494,scr2010,avaConv,runOfRiver
DE,h6001,0.21235254030107767,scr2010,avaConv,runOfRiver
DE,h6002,0.211372065704236,scr2010,avaConv,runOfRiver
DE,h6003,0.21039159156221973,scr2010,avaConv,runOfRiver
DE,h6004,0.21039159156221973,scr2010,avaConv,runOfRiver
DE,h6005,0.21039159156221973,scr2010,avaConv,runOfRiver
DE,h6006,0.21039159156221973,scr2010,avaConv,runOfRiver
DE,h6007,0.21039159156221973,scr2010,avaConv,runOfRiver
DE,h6008,0.21039159156221973,scr2010,avaConv,runOfRiver
DE,h6009,0.21039159156221973,scr2010,avaConv,runOfRiver
DE,h6010,0.21039159156221973,scr2010,avaConv,runOfRiver
DE,h6011,0.21039159156221973,scr2010,avaConv,runOfRiver
DE,h6012,0.21039159156221973,scr2010,avaConv,runOfRiver
DE,h6013,0.21039159156221973,scr2010,avaConv,runOfRiver
DE,h6014,0.21039159156221973,scr2010,avaConv,runOfRiver
DE,h6015,0.21039159156221973,scr2010,avaConv,runOfRiver
DE,h6016,0.21039159156221973,scr2010,avaConv,runOfRiver
DE,h6017,0.21039159156221973,scr2010,avaConv,runOfRiver
DE,h6018,0.21039159156221973,scr2010,avaConv,runOfRiver
DE,h6019,0.21039159156221973,scr2010,avaConv,runOfRiver
DE,h6020,0.21039159156221973,scr2010,avaConv,runOfRiver
DE,h6021,0.21039159156221973,scr2010,avaConv,runOfRiver
DE,h6022,0.21039159156221973,scr2010,avaConv,runOfRiver
DE,h6023,0.21039159156221973,scr2010,avaConv,runOfRiver
DE,h6024,0.21039159156221973,scr2010,avaConv,runOfRiver
DE,h6025,0.20891761848970614,scr2010,avaConv,runOfRiver
DE,h6026,0.20744364645717583,scr2010,avaConv,runOfRiver
DE,h6027,0.20596967547201803,scr2010,avaConv,runOfRiver
DE,h6028,0.20596967547201803,scr2010,avaConv,runOfRiver
DE,h6029,0.20596967547201803,scr2010,avaConv,runOfRiver
DE,h6030,0.20596967547201803,scr2010,avaConv,runOfRiver
DE,h6031,0.20596967547201803,scr2010,avaConv,runOfRiver
DE,h6032,0.20596967547201803,scr2010,avaConv,runOfRiver
DE,h6033,0.20596967547201803,scr2010,avaConv,runOfRiver
DE,h6034,0.20596967547201803,scr2010,avaConv,runOfRiver
DE,h6035,0.20596967547201803,scr2010,avaConv,runOfRiver
DE,h6036,0.20596967547201803,scr2010,avaConv,runOfRiver
DE,h6037,0.20596967547201803,scr2010,avaConv,runOfRiver
DE,h6038,0.20596967547201803,scr2010,avaConv,runOfRiver
DE,h6039,0.20596967547201803,scr2010,avaConv,runOfRiver
DE,h6040,0.20596967547201803,scr2010,avaConv,runOfRiver
DE,h6041,0.20596967547201803,scr2010,avaConv,runOfRiver
DE,h6042,0.20596967547201803,scr2010,avaConv,runOfRiver
DE,h6043,0.20596967547201803,scr2010,avaConv,runOfRiver
DE,h6044,0.20596967547201803,scr2010,avaConv,runOfRiver
DE,h6045,0.20596967547201803,scr2010,avaConv,runOfRiver
DE,h6046,0.20596967547201803,scr2010,avaConv,runOfRiver
DE,h6047,0.20596967547201803,scr2010,avaConv,runOfRiver
DE,h6048,0.20596967547201803,scr2010,avaConv,runOfRiver
DE,h6049,0.20487816023352007,scr2010,avaConv,runOfRiver
DE,h6050,0.20378664557657078,scr2010,avaConv,runOfRiver
DE,h6051,0.2026951315042848,scr2010,avaConv,runOfRiver
DE,h6052,0.2026951315042848,scr2010,avaConv,runOfRiver
DE,h6053,0.2026951315042848,scr2010,avaConv,runOfRiver
DE,h6054,0.2026951315042848,scr2010,avaConv,runOfRiver
DE,h6055,0.2026951315042848,scr2010,avaConv,runOfRiver
DE,h6056,0.2026951315042848,scr2010,avaConv,runOfRiver
DE,h6057,0.2026951315042848,scr2010,avaConv,runOfRiver
DE,h6058,0.2026951315042848,scr2010,avaConv,runOfRiver
DE,h6059,0.2026951315042848,scr2010,avaConv,runOfRiver
DE,h6060,0.2026951315042848,scr2010,avaConv,runOfRiver
DE,h6061,0.2026951315042848,scr2010,avaConv,runOfRiver
DE,h6062,0.2026951315042848,scr2010,avaConv,runOfRiver
DE,h6063,0.2026951315042848,scr2010,avaConv,runOfRiver
DE,h6064,0.2026951315042848,scr2010,avaConv,runOfRiver
DE,h6065,0.2026951315042848,scr2010,avaConv,runOfRiver
DE,h6066,0.2026951315042848,scr2010,avaConv,runOfRiver
DE,h6067,0.2026951315042848,scr2010,avaConv,runOfRiver
DE,h6068,0.2026951315042848,scr2010,avaConv,runOfRiver
DE,h6069,0.2026951315042848,scr2010,avaConv,runOfRiver
DE,h6070,0.2026951315042848,scr2010,avaConv,runOfRiver
DE,h6071,0.2026951315042848,scr2010,avaConv,runOfRiver
DE,h6072,0.2026951315042848,scr2010,avaConv,runOfRiver
DE,h6073,0.20258059018264615,scr2010,avaConv,runOfRiver
DE,h6074,0.2024660488674841,scr2010,avaConv,runOfRiver
DE,h6075,0.2023515075588023,scr2010,avaConv,runOfRiver
DE,h6076,0.2023515075588023,scr2010,avaConv,runOfRiver
DE,h6077,0.2023515075588023,scr2010,avaConv,runOfRiver
DE,h6078,0.2023515075588023,scr2010,avaConv,runOfRiver
DE,h6079,0.2023515075588023,scr2010,avaConv,runOfRiver
DE,h6080,0.2023515075588023,scr2010,avaConv,runOfRiver
DE,h6081,0.2023515075588023,scr2010,avaConv,runOfRiver
DE,h6082,0.2023515075588023,scr2010,avaConv,runOfRiver
DE,h6083,0.2023515075588023,scr2010,avaConv,runOfRiver
DE,h6084,0.2023515075588023,scr2010,avaConv,runOfRiver
DE,h6085,0.2023515075588023,scr2010,avaConv,runOfRiver
DE,h6086,0.2023515075588023,scr2010,avaConv,runOfRiver
DE,h6087,0.2023515075588023,scr2010,avaConv,runOfRiver
DE,h6088,0.2023515075588023,scr2010,avaConv,runOfRiver
DE,h6089,0.2023515075588023,scr2010,avaConv,runOfRiver
DE,h6090,0.2023515075588023,scr2010,avaConv,runOfRiver
DE,h6091,0.2023515075588023,scr2010,avaConv,runOfRiver
DE,h6092,0.2023515075588023,scr2010,avaConv,runOfRiver
DE,h6093,0.2023515075588023,scr2010,avaConv,runOfRiver
DE,h6094,0.2023515075588023,scr2010,avaConv,runOfRiver
DE,h6095,0.2023515075588023,scr2010,avaConv,runOfRiver
DE,h6096,0.2023515075588023,scr2010,avaConv,runOfRiver
DE,h6097,0.20166212214169715,scr2010,avaConv,runOfRiver
DE,h6098,0.20097273696027154,scr2010,avaConv,runOfRiver
DE,h6099,0.20028335201533384,scr2010,avaConv,runOfRiver
DE,h6100,0.20028335201533384,scr2010,avaConv,runOfRiver
DE,h6101,0.20028335201533384,scr2010,avaConv,runOfRiver
DE,h6102,0.20028335201533384,scr2010,avaConv,runOfRiver
DE,h6103,0.20028335201533384,scr2010,avaConv,runOfRiver
DE,h6104,0.20028335201533384,scr2010,avaConv,runOfRiver
DE,h6105,0.20028335201533384,scr2010,avaConv,runOfRiver
DE,h6106,0.20028335201533384,scr2010,avaConv,runOfRiver
DE,h6107,0.20028335201533384,scr2010,avaConv,runOfRiver
DE,h6108,0.20028335201533384,scr2010,avaConv,runOfRiver
DE,h6109,0.20028335201533384,scr2010,avaConv,runOfRiver
DE,h6110,0.20028335201533384,scr2010,avaConv,runOfRiver
DE,h6111,0.20028335201533384,scr2010,avaConv,runOfRiver
DE,h6112,0.20028335201533384,scr2010,avaConv,runOfRiver
DE,h6113,0.20028335201533384,scr2010,avaConv,runOfRiver
DE,h6114,0.20028335201533384,scr2010,avaConv,runOfRiver
DE,h6115,0.20028335201533384,scr2010,avaConv,runOfRiver
DE,h6116,0.20028335201533384,scr2010,avaConv,runOfRiver
DE,h6117,0.20028335201533384,scr2010,avaConv,runOfRiver
DE,h6118,0.20028335201533384,scr2010,avaConv,runOfRiver
DE,h6119,0.20028335201533384,scr2010,avaConv,runOfRiver
DE,h6120,0.20028335201533384,scr2010,avaConv,runOfRiver
DE,h6121,0.20081522079398034,scr2010,avaConv,runOfRiver
DE,h6122,0.20134708971350201,scr2010,avaConv,runOfRiver
DE,h6123,0.20187895877352682,scr2010,avaConv,runOfRiver
DE,h6124,0.20187895877352682,scr2010,avaConv,runOfRiver
DE,h6125,0.20187895877352682,scr2010,avaConv,runOfRiver
DE,h6126,0.20187895877352682,scr2010,avaConv,runOfRiver
DE,h6127,0.20187895877352682,scr2010,avaConv,runOfRiver
DE,h6128,0.20187895877352682,scr2010,avaConv,runOfRiver
DE,h6129,0.20187895877352682,scr2010,avaConv,runOfRiver
DE,h6130,0.20187895877352682,scr2010,avaConv,runOfRiver
DE,h6131,0.20187895877352682,scr2010,avaConv,runOfRiver
DE,h6132,0.20187895877352682,scr2010,avaConv,runOfRiver
DE,h6133,0.20187895877352682,scr2010,avaConv,runOfRiver
DE,h6134,0.20187895877352682,scr2010,avaConv,runOfRiver
DE,h6135,0.20187895877352682,scr2010,avaConv,runOfRiver
DE,h6136,0.20187895877352682,scr2010,avaConv,runOfRiver
DE,h6137,0.20187895877352682,scr2010,avaConv,runOfRiver
DE,h6138,0.20187895877352682,scr2010,avaConv,runOfRiver
DE,h6139,0.20187895877352682,scr2010,avaConv,runOfRiver
DE,h6140,0.20187895877352682,scr2010,avaConv,runOfRiver
DE,h6141,0.20187895877352682,scr2010,avaConv,runOfRiver
DE,h6142,0.20187895877352682,scr2010,avaConv,runOfRiver
DE,h6143,0.20187895877352682,scr2010,avaConv,runOfRiver
DE,h6144,0.20187895877352682,scr2010,avaConv,runOfRiver
DE,h6145,0.2016841613162932,scr2010,avaConv,runOfRiver
DE,h6146,0.20148936387787494,scr2010,avaConv,runOfRiver
DE,h6147,0.20129456645829052,scr2010,avaConv,runOfRiver
DE,h6148,0.20129456645829052,scr2010,avaConv,runOfRiver
DE,h6149,0.20129456645829052,scr2010,avaConv,runOfRiver
DE,h6150,0.20129456645829052,scr2010,avaConv,runOfRiver
DE,h6151,0.20129456645829052,scr2010,avaConv,runOfRiver
DE,h6152,0.20129456645829052,scr2010,avaConv,runOfRiver
DE,h6153,0.20129456645829052,scr2010,avaConv,runOfRiver
DE,h6154,0.20129456645829052,scr2010,avaConv,runOfRiver
DE,h6155,0.20129456645829052,scr2010,avaConv,runOfRiver
DE,h6156,0.20129456645829052,scr2010,avaConv,runOfRiver
DE,h6157,0.20129456645829052,scr2010,avaConv,runOfRiver
DE,h6158,0.20129456645829052,scr2010,avaConv,runOfRiver
DE,h6159,0.20129456645829052,scr2010,avaConv,runOfRiver
DE,h6160,0.20129456645829052,scr2010,avaConv,runOfRiver
DE,h6161,0.20129456645829052,scr2010,avaConv,runOfRiver
DE,h6162,0.20129456645829052,scr2010,avaConv,runOfRiver
DE,h6163,0.20129456645829052,scr2010,avaConv,runOfRiver
DE,h6164,0.20129456645829052,scr2010,avaConv,runOfRiver
DE,h6165,0.20129456645829052,scr2010,avaConv,runOfRiver
DE,h6166,0.20129456645829052,scr2010,avaConv,runOfRiver
DE,h6167,0.20129456645829052,scr2010,avaConv,runOfRiver
DE,h6168,0.20129456645829052,scr2010,avaConv,runOfRiver
DE,h6169,0.20028968923429238,scr2010,avaConv,runOfRiver
DE,h6170,0.19928481251448016,scr2010,avaConv,runOfRiver
DE,h6171,0.19827993630139612,scr2010,avaConv,runOfRiver
DE,h6172,0.19827993630139612,scr2010,avaConv,runOfRiver
DE,h6173,0.19827993630139612,scr2010,avaConv,runOfRiver
DE,h6174,0.19827993630139612,scr2010,avaConv,runOfRiver
DE,h6175,0.19827993630139612,scr2010,avaConv,runOfRiver
DE,h6176,0.19827993630139612,scr2010,avaConv,runOfRiver
DE,h6177,0.19827993630139612,scr2010,avaConv,runOfRiver
DE,h6178,0.19827993630139612,scr2010,avaConv,runOfRiver
DE,h6179,0.19827993630139612,scr2010,avaConv,runOfRiver
DE,h6180,0.19827993630139612,scr2010,avaConv,runOfRiver
DE,h6181,0.19827993630139612,scr2010,avaConv,runOfRiver
DE,h6182,0.19827993630139612,scr2010,avaConv,runOfRiver
DE,h6183,0.19827993630139612,scr2010,avaConv,runOfRiver
DE,h6184,0.19827993630139612,scr2010,avaConv,runOfRiver
DE,h6185,0.19827993630139612,scr2010,avaConv,runOfRiver
DE,h6186,0.19827993630139612,scr2010,avaConv,runOfRiver
DE,h6187,0.19827993630139612,scr2010,avaConv,runOfRiver
DE,h6188,0.19827993630139612,scr2010,avaConv,runOfRiver
DE,h6189,0.19827993630139612,scr2010,avaConv,runOfRiver
DE,h6190,0.19827993630139612,scr2010,avaConv,runOfRiver
DE,h6191,0.19827993630139612,scr2010,avaConv,runOfRiver
DE,h6192,0.19827993630139612,scr2010,avaConv,runOfRiver
DE,h6193,0.1982961351026971,scr2010,avaConv,runOfRiver
DE,h6194,0.19831233390413053,scr2010,avaConv,runOfRiver
DE,h6195,0.19832853270569617,scr2010,avaConv,runOfRiver
DE,h6196,0.19832853270569617,scr2010,avaConv,runOfRiver
DE,h6197,0.19832853270569617,scr2010,avaConv,runOfRiver
DE,h6198,0.19832853270569617,scr2010,avaConv,runOfRiver
DE,h6199,0.19832853270569617,scr2010,avaConv,runOfRiver
DE,h6200,0.19832853270569617,scr2010,avaConv,runOfRiver
DE,h6201,0.19832853270569617,scr2010,avaConv,runOfRiver
DE,h6202,0.19832853270569617,scr2010,avaConv,runOfRiver
DE,h6203,0.19832853270569617,scr2010,avaConv,runOfRiver
DE,h6204,0.19832853270569617,scr2010,avaConv,runOfRiver
DE,h6205,0.19832853270569617,scr2010,avaConv,runOfRiver
DE,h6206,0.19832853270569617,scr2010,avaConv,runOfRiver
DE,h6207,0.19832853270569617,scr2010,avaConv,runOfRiver
DE,h6208,0.19832853270569617,scr2010,avaConv,runOfRiver
DE,h6209,0.19832853270569617,scr2010,avaConv,runOfRiver
DE,h6210,0.19832853270569617,scr2010,avaConv,runOfRiver
DE,h6211,0.19832853270569617,scr2010,avaConv,runOfRiver
DE,h6212,0.19832853270569617,scr2010,avaConv,runOfRiver
DE,h6213,0.19832853270569617,scr2010,avaConv,runOfRiver
DE,h6214,0.19832853270569617,scr2010,avaConv,runOfRiver
DE,h6215,0.19832853270569617,scr2010,avaConv,runOfRiver
DE,h6216,0.19832853270569617,scr2010,avaConv,runOfRiver
DE,h6217,0.19876068443322356,scr2010,avaConv,runOfRiver
DE,h6218,0.19919283625471565,scr2010,avaConv,runOfRiver
DE,h6219,0.19962498816996857,scr2010,avaConv,runOfRiver
DE,h6220,0.19962498816996857,scr2010,avaConv,runOfRiver
DE,h6221,0.19962498816996857,scr2010,avaConv,runOfRiver
DE,h6222,0.19962498816996857,scr2010,avaConv,runOfRiver
DE,h6223,0.19962498816996857,scr2010,avaConv,runOfRiver
DE,h6224,0.19962498816996857,scr2010,avaConv,runOfRiver
DE,h6225,0.19962498816996857,scr2010,avaConv,runOfRiver
DE,h6226,0.19962498816996857,scr2010,avaConv,runOfRiver
DE,h6227,0.19962498816996857,scr2010,avaConv,runOfRiver
DE,h6228,0.19962498816996857,scr2010,avaConv,runOfRiver
DE,h6229,0.19962498816996857,scr2010,avaConv,runOfRiver
DE,h6230,0.19962498816996857,scr2010,avaConv,runOfRiver
DE,h6231,0.19962498816996857,scr2010,avaConv,runOfRiver
DE,h6232,0.19962498816996857,scr2010,avaConv,runOfRiver
DE,h6233,0.19962498816996857,scr2010,avaConv,runOfRiver
DE,h6234,0.19962498816996857,scr2010,avaConv,runOfRiver
DE,h6235,0.19962498816996857,scr2010,avaConv,runOfRiver
DE,h6236,0.19962498816996857,scr2010,avaConv,runOfRiver
DE,h6237,0.19962498816996857,scr2010,avaConv,runOfRiver
DE,h6238,0.19962498816996857,scr2010,avaConv,runOfRiver
DE,h6239,0.19962498816996857,scr2010,avaConv,runOfRiver
DE,h6240,0.19962498816996857,scr2010,avaConv,runOfRiver
DE,h6241,0.2006469801541754,scr2010,avaConv,runOfRiver
DE,h6242,0.20166897265896058,scr2010,avaConv,runOfRiver
DE,h6243,0.20269096568168593,scr2010,avaConv,runOfRiver
DE,h6244,0.20269096568168593,scr2010,avaConv,runOfRiver
DE,h6245,0.20269096568168593,scr2010,avaConv,runOfRiver
DE,h6246,0.20269096568168593,scr2010,avaConv,runOfRiver
DE,h6247,0.20269096568168593,scr2010,avaConv,runOfRiver
DE,h6248,0.20269096568168593,scr2010,avaConv,runOfRiver
DE,h6249,0.20269096568168593,scr2010,avaConv,runOfRiver
DE,h6250,0.20269096568168593,scr2010,avaConv,runOfRiver
DE,h6251,0.20269096568168593,scr2010,avaConv,runOfRiver
DE,h6252,0.20269096568168593,scr2010,avaConv,runOfRiver
DE,h6253,0.20269096568168593,scr2010,avaConv,runOfRiver
DE,h6254,0.20269096568168593,scr2010,avaConv,runOfRiver
DE,h6255,0.20269096568168593,scr2010,avaConv,runOfRiver
DE,h6256,0.20269096568168593,scr2010,avaConv,runOfRiver
DE,h6257,0.20269096568168593,scr2010,avaConv,runOfRiver
DE,h6258,0.20269096568168593,scr2010,avaConv,runOfRiver
DE,h6259,0.20269096568168593,scr2010,avaConv,runOfRiver
DE,h6260,0.20269096568168593,scr2010,avaConv,runOfRiver
DE,h6261,0.20269096568168593,scr2010,avaConv,runOfRiver
DE,h6262,0.20269096568168593,scr2010,avaConv,runOfRiver
DE,h6263,0.20269096568168593,scr2010,avaConv,runOfRiver
DE,h6264,0.20269096568168593,scr2010,avaConv,runOfRiver
DE,h6265,0.20447940724720537,scr2010,avaConv,runOfRiver
DE,h6266,0.2062678503770471,scr2010,avaConv,runOfRiver
DE,h6267,0.20805629505764806,scr2010,avaConv,runOfRiver
DE,h6268,0.20805629505764806,scr2010,avaConv,runOfRiver
DE,h6269,0.20805629505764806,scr2010,avaConv,runOfRiver
DE,h6270,0.20805629505764806,scr2010,avaConv,runOfRiver
DE,h6271,0.20805629505764806,scr2010,avaConv,runOfRiver
DE,h6272,0.20805629505764806,scr2010,avaConv,runOfRiver
DE,h6273,0.20805629505764806,scr2010,avaConv,runOfRiver
DE,h6274,0.20805629505764806,scr2010,avaConv,runOfRiver
DE,h6275,0.20805629505764806,scr2010,avaConv,runOfRiver
DE,h6276,0.20805629505764806,scr2010,avaConv,runOfRiver
DE,h6277,0.20805629505764806,scr2010,avaConv,runOfRiver
DE,h6278,0.20805629505764806,scr2010,avaConv,runOfRiver
DE,h6279,0.20805629505764806,scr2010,avaConv,runOfRiver
DE,h6280,0.20805629505764806,scr2010,avaConv,runOfRiver
DE,h6281,0.20805629505764806,scr2010,avaConv,runOfRiver
DE,h6282,0.20805629505764806,scr2010,avaConv,runOfRiver
DE,h6283,0.20805629505764806,scr2010,avaConv,runOfRiver
DE,h6284,0.20805629505764806,scr2010,avaConv,runOfRiver
DE,h6285,0.20805629505764806,scr2010,avaConv,runOfRiver
DE,h6286,0.20805629505764806,scr2010,avaConv,runOfRiver
DE,h6287,0.20805629505764806,scr2010,avaConv,runOfRiver
DE,h6288,0.20805629505764806,scr2010,avaConv,runOfRiver
DE,h6289,0.20999904800964542,scr2010,avaConv,runOfRiver
DE,h6290,0.2119418027590361,scr2010,avaConv,runOfRiver
DE,h6291,0.2138845592893449,scr2010,avaConv,runOfRiver
DE,h6292,0.2138845592893449,scr2010,avaConv,runOfRiver
DE,h6293,0.2138845592893449,scr2010,avaConv,runOfRiver
DE,h6294,0.2138845592893449,scr2010,avaConv,runOfRiver
DE,h6295,0.2138845592893449,scr2010,avaConv,runOfRiver
DE,h6296,0.2138845592893449,scr2010,avaConv,runOfRiver
DE,h6297,0.2138845592893449,scr2010,avaConv,runOfRiver
DE,h6298,0.2138845592893449,scr2010,avaConv,runOfRiver
DE,h6299,0.2138845592893449,scr2010,avaConv,runOfRiver
DE,h6300,0.2138845592893449,scr2010,avaConv,runOfRiver
DE,h6301,0.2138845592893449,scr2010,avaConv,runOfRiver
DE,h6302,0.2138845592893449,scr2010,avaConv,runOfRiver
DE,h6303,0.2138845592893449,scr2010,avaConv,runOfRiver
DE,h6304,0.2138845592893449,scr2010,avaConv,runOfRiver
DE,h6305,0.2138845592893449,scr2010,avaConv,runOfRiver
DE,h6306,0.2138845592893449,scr2010,avaConv,runOfRiver
DE,h6307,0.2138845592893449,scr2010,avaConv,runOfRiver
DE,h6308,0.2138845592893449,scr2010,avaConv,runOfRiver
DE,h6309,0.2138845592893449,scr2010,avaConv,runOfRiver
DE,h6310,0.2138845592893449,scr2010,avaConv,runOfRiver
DE,h6311,0.2138845592893449,scr2010,avaConv,runOfRiver
DE,h6312,0.2138845592893449,scr2010,avaConv,runOfRiver
DE,h6313,0.21504909956658966,scr2010,avaConv,runOfRiver
DE,h6314,0.21621364047448818,scr2010,avaConv,runOfRiver
DE,h6315,0.21737818200964384,scr2010,avaConv,runOfRiver
DE,h6316,0.21737818200964384,scr2010,avaConv,runOfRiver
DE,h6317,0.21737818200964384,scr2010,avaConv,runOfRiver
DE,h6318,0.21737818200964384,scr2010,avaConv,runOfRiver
DE,h6319,0.21737818200964384,scr2010,avaConv,runOfRiver
DE,h6320,0.21737818200964384,scr2010,avaConv,runOfRiver
DE,h6321,0.21737818200964384,scr2010,avaConv,runOfRiver
DE,h6322,0.21737818200964384,scr2010,avaConv,runOfRiver
DE,h6323,0.21737818200964384,scr2010,avaConv,runOfRiver
DE,h6324,0.21737818200964384,scr2010,avaConv,runOfRiver
DE,h6325,0.21737818200964384,scr2010,avaConv,runOfRiver
DE,h6326,0.21737818200964384,scr2010,avaConv,runOfRiver
DE,h6327,0.21737818200964384,scr2010,avaConv,runOfRiver
DE,h6328,0.21737818200964384,scr2010,avaConv,runOfRiver
DE,h6329,0.21737818200964384,scr2010,avaConv,runOfRiver
DE,h6330,0.21737818200964384,scr2010,avaConv,runOfRiver
DE,h6331,0.21737818200964384,scr2010,avaConv,runOfRiver
DE,h6332,0.21737818200964384,scr2010,avaConv,runOfRiver
DE,h6333,0.21737818200964384,scr2010,avaConv,runOfRiver
DE,h6334,0.21737818200964384,scr2010,avaConv,runOfRiver
DE,h6335,0.21737818200964384,scr2010,avaConv,runOfRiver
DE,h6336,0.21737818200964384,scr2010,avaConv,runOfRiver
DE,h6337,0.2181481834444983,scr2010,avaConv,runOfRiver
DE,h6338,0.21891818515115238,scr2010,avaConv,runOfRiver
DE,h6339,0.2196881871286502,scr2010,avaConv,runOfRiver
DE,h6340,0.2196881871286502,scr2010,avaConv,runOfRiver
DE,h6341,0.2196881871286502,scr2010,avaConv,runOfRiver
DE,h6342,0.2196881871286502,scr2010,avaConv,runOfRiver
DE,h6343,0.2196881871286502,scr2010,avaConv,runOfRiver
DE,h6344,0.2196881871286502,scr2010,avaConv,runOfRiver
DE,h6345,0.2196881871286502,scr2010,avaConv,runOfRiver
DE,h6346,0.2196881871286502,scr2010,avaConv,runOfRiver
DE,h6347,0.2196881871286502,scr2010,avaConv,runOfRiver
DE,h6348,0.2196881871286502,scr2010,avaConv,runOfRiver
DE,h6349,0.2196881871286502,scr2010,avaConv,runOfRiver
DE,h6350,0.2196881871286502,scr2010,avaConv,runOfRiver
DE,h6351,0.2196881871286502,scr2010,avaConv,runOfRiver
DE,h6352,0.2196881871286502,scr2010,avaConv,runOfRiver
DE,h6353,0.2196881871286502,scr2010,avaConv,runOfRiver
DE,h6354,0.2196881871286502,scr2010,avaConv,runOfRiver
DE,h6355,0.2196881871286502,scr2010,avaConv,runOfRiver
DE,h6356,0.2196881871286502,scr2010,avaConv,runOfRiver
DE,h6357,0.2196881871286502,scr2010,avaConv,runOfRiver
DE,h6358,0.2196881871286502,scr2010,avaConv,runOfRiver
DE,h6359,0.2196881871286502,scr2010,avaConv,runOfRiver
DE,h6360,0.2196881871286502,scr2010,avaConv,runOfRiver
DE,h6361,0.21979146914744835,scr2010,avaConv,runOfRiver
DE,h6362,0.21989475117110005,scr2010,avaConv,runOfRiver
DE,h6363,0.21999803319960293,scr2010,avaConv,runOfRiver
DE,h6364,0.21999803319960293,scr2010,avaConv,runOfRiver
DE,h6365,0.21999803319960293,scr2010,avaConv,runOfRiver
DE,h6366,0.21999803319960293,scr2010,avaConv,runOfRiver
DE,h6367,0.21999803319960293,scr2010,avaConv,runOfRiver
DE,h6368,0.21999803319960293,scr2010,avaConv,runOfRiver
DE,h6369,0.21999803319960293,scr2010,avaConv,runOfRiver
DE,h6370,0.21999803319960293,scr2010,avaConv,runOfRiver
DE,h6371,0.21999803319960293,scr2010,avaConv,runOfRiver
DE,h6372,0.21999803319960293,scr2010,avaConv,runOfRiver
DE,h6373,0.21999803319960293,scr2010,avaConv,runOfRiver
DE,h6374,0.21999803319960293,scr2010,avaConv,runOfRiver
DE,h6375,0.21999803319960293,scr2010,avaConv,runOfRiver
DE,h6376,0.21999803319960293,scr2010,avaConv,runOfRiver
DE,h6377,0.21999803319960293,scr2010,avaConv,runOfRiver
DE,h6378,0.21999803319960293,scr2010,avaConv,runOfRiver
DE,h6379,0.21999803319960293,scr2010,avaConv,runOfRiver
DE,h6380,0.21999803319960293,scr2010,avaConv,runOfRiver
DE,h6381,0.21999803319960293,scr2010,avaConv,runOfRiver
DE,h6382,0.21999803319960293,scr2010,avaConv,runOfRiver
DE,h6383,0.21999803319960293,scr2010,avaConv,runOfRiver
DE,h6384,0.21999803319960293,scr2010,avaConv,runOfRiver
DE,h6385,0.2193956574183739,scr2010,avaConv,runOfRiver
DE,h6386,0.21879328180254026,scr2010,avaConv,runOfRiver
DE,h6387,0.21819090635255736,scr2010,avaConv,runOfRiver
DE,h6388,0.21819090635255736,scr2010,avaConv,runOfRiver
DE,h6389,0.21819090635255736,scr2010,avaConv,runOfRiver
DE,h6390,0.21819090635255736,scr2010,avaConv,runOfRiver
DE,h6391,0.21819090635255736,scr2010,avaConv,runOfRiver
DE,h6392,0.21819090635255736,scr2010,avaConv,runOfRiver
DE,h6393,0.21819090635255736,scr2010,avaConv,runOfRiver
DE,h6394,0.21819090635255736,scr2010,avaConv,runOfRiver
DE,h6395,0.21819090635255736,scr2010,avaConv,runOfRiver
DE,h6396,0.21819090635255736,scr2010,avaConv,runOfRiver
DE,h6397,0.21819090635255736,scr2010,avaConv,runOfRiver
DE,h6398,0.21819090635255736,scr2010,avaConv,runOfRiver
DE,h6399,0.21819090635255736,scr2010,avaConv,runOfRiver
DE,h6400,0.21819090635255736,scr2010,avaConv,runOfRiver
DE,h6401,0.21819090635255736,scr2010,avaConv,runOfRiver
DE,h6402,0.21819090635255736,scr2010,avaConv,runOfRiver
DE,h6403,0.21819090635255736,scr2010,avaConv,runOfRiver
DE,h6404,0.21819090635255736,scr2010,avaConv,runOfRiver
DE,h6405,0.21819090635255736,scr2010,avaConv,runOfRiver
DE,h6406,0.21819090635255736,scr2010,avaConv,runOfRiver
DE,h6407,0.21819090635255736,scr2010,avaConv,runOfRiver
DE,h6408,0.21819090635255736,scr2010,avaConv,runOfRiver
DE,h6409,0.21874349545112323,scr2010,avaConv,runOfRiver
DE,h6410,0.21929608468928943,scr2010,avaConv,runOfRiver
DE,h6411,0.21984867406670416,scr2010,avaConv,runOfRiver
DE,h6412,0.21984867406670416,scr2010,avaConv,runOfRiver
DE,h6413,0.21984867406670416,scr2010,avaConv,runOfRiver
DE,h6414,0.21984867406670416,scr2010,avaConv,runOfRiver
DE,h6415,0.21984867406670416,scr2010,avaConv,runOfRiver
DE,h6416,0.21984867406670416,scr2010,avaConv,runOfRiver
DE,h6417,0.21984867406670416,scr2010,avaConv,runOfRiver
DE,h6418,0.21984867406670416,scr2010,avaConv,runOfRiver
DE,h6419,0.21984867406670416,scr2010,avaConv,runOfRiver
DE,h6420,0.21984867406670416,scr2010,avaConv,runOfRiver
DE,h6421,0.21984867406670416,scr2010,avaConv,runOfRiver
DE,h6422,0.21984867406670416,scr2010,avaConv,runOfRiver
DE,h6423,0.21984867406670416,scr2010,avaConv,runOfRiver
DE,h6424,0.21984867406670416,scr2010,avaConv,runOfRiver
DE,h6425,0.21984867406670416,scr2010,avaConv,runOfRiver
DE,h6426,0.21984867406670416,scr2010,avaConv,runOfRiver
DE,h6427,0.21984867406670416,scr2010,avaConv,runOfRiver
DE,h6428,0.21984867406670416,scr2010,avaConv,runOfRiver
DE,h6429,0.21984867406670416,scr2010,avaConv,runOfRiver
DE,h6430,0.21984867406670416,scr2010,avaConv,runOfRiver
DE,h6431,0.21984867406670416,scr2010,avaConv,runOfRiver
DE,h6432,0.21984867406670416,scr2010,avaConv,runOfRiver
DE,h6433,0.2201095480664647,scr2010,avaConv,runOfRiver
DE,h6434,0.22037042209714525,scr2010,avaConv,runOfRiver
DE,h6435,0.2206312961587091,scr2010,avaConv,runOfRiver
DE,h6436,0.2206312961587091,scr2010,avaConv,runOfRiver
DE,h6437,0.2206312961587091,scr2010,avaConv,runOfRiver
DE,h6438,0.2206312961587091,scr2010,avaConv,runOfRiver
DE,h6439,0.2206312961587091,scr2010,avaConv,runOfRiver
DE,h6440,0.2206312961587091,scr2010,avaConv,runOfRiver
DE,h6441,0.2206312961587091,scr2010,avaConv,runOfRiver
DE,h6442,0.2206312961587091,scr2010,avaConv,runOfRiver
DE,h6443,0.2206312961587091,scr2010,avaConv,runOfRiver
DE,h6444,0.2206312961587091,scr2010,avaConv,runOfRiver
DE,h6445,0.2206312961587091,scr2010,avaConv,runOfRiver
DE,h6446,0.2206312961587091,scr2010,avaConv,runOfRiver
DE,h6447,0.2206312961587091,scr2010,avaConv,runOfRiver
DE,h6448,0.2206312961587091,scr2010,avaConv,runOfRiver
DE,h6449,0.2206312961587091,scr2010,avaConv,runOfRiver
DE,h6450,0.2206312961587091,scr2010,avaConv,runOfRiver
DE,h6451,0.2206312961587091,scr2010,avaConv,runOfRiver
DE,h6452,0.2206312961587091,scr2010,avaConv,runOfRiver
DE,h6453,0.2206312961587091,scr2010,avaConv,runOfRiver
DE,h6454,0.2206312961587091,scr2010,avaConv,runOfRiver
DE,h6455,0.2206312961587091,scr2010,avaConv,runOfRiver
DE,h6456,0.2206312961587091,scr2010,avaConv,runOfRiver
DE,h6457,0.2205534959718859,scr2010,avaConv,runOfRiver
DE,h6458,0.22047569578780712,scr2010,avaConv,runOfRiver
DE,h6459,0.22039789560647388,scr2010,avaConv,runOfRiver
DE,h6460,0.22039789560647388,scr2010,avaConv,runOfRiver
DE,h6461,0.22039789560647388,scr2010,avaConv,runOfRiver
DE,h6462,0.22039789560647388,scr2010,avaConv,runOfRiver
DE,h6463,0.22039789560647388,scr2010,avaConv,runOfRiver
DE,h6464,0.22039789560647388,scr2010,avaConv,runOfRiver
DE,h6465,0.22039789560647388,scr2010,avaConv,runOfRiver
DE,h6466,0.22039789560647388,scr2010,avaConv,runOfRiver
DE,h6467,0.22039789560647388,scr2010,avaConv,runOfRiver
DE,h6468,0.22039789560647388,scr2010,avaConv,runOfRiver
DE,h6469,0.22039789560647388,scr2010,avaConv,runOfRiver
DE,h6470,0.22039789560647388,scr2010,avaConv,runOfRiver
DE,h6471,0.22039789560647388,scr2010,avaConv,runOfRiver
DE,h6472,0.22039789560647388,scr2010,avaConv,runOfRiver
DE,h6473,0.22039789560647388,scr2010,avaConv,runOfRiver
DE,h6474,0.22039789560647388,scr2010,avaConv,runOfRiver
DE,h6475,0.22039789560647388,scr2010,avaConv,runOfRiver
DE,h6476,0.22039789560647388,scr2010,avaConv,runOfRiver
DE,h6477,0.22039789560647388,scr2010,avaConv,runOfRiver
DE,h6478,0.22039789560647388,scr2010,avaConv,runOfRiver
DE,h6479,0.22039789560647388,scr2010,avaConv,runOfRiver
DE,h6480,0.22039789560647388,scr2010,avaConv,runOfRiver
DE,h6481,0.2207834575851045,scr2010,avaConv,runOfRiver
DE,h6482,0.22116901963106972,scr2010,avaConv,runOfRiver
DE,h6483,0.22155458174425205,scr2010,avaConv,runOfRiver
DE,h6484,0.22155458174425205,scr2010,avaConv,runOfRiver
DE,h6485,0.22155458174425205,scr2010,avaConv,runOfRiver
DE,h6486,0.22155458174425205,scr2010,avaConv,runOfRiver
DE,h6487,0.22155458174425205,scr2010,avaConv,runOfRiver
DE,h6488,0.22155458174425205,scr2010,avaConv,runOfRiver
DE,h6489,0.22155458174425205,scr2010,avaConv,runOfRiver
DE,h6490,0.22155458174425205,scr2010,avaConv,runOfRiver
DE,h6491,0.22155458174425205,scr2010,avaConv,runOfRiver
DE,h6492,0.22155458174425205,scr2010,avaConv,runOfRiver
DE,h6493,0.22155458174425205,scr2010,avaConv,runOfRiver
DE,h6494,0.22155458174425205,scr2010,avaConv,runOfRiver
DE,h6495,0.22155458174425205,scr2010,avaConv,runOfRiver
DE,h6496,0.22155458174425205,scr2010,avaConv,runOfRiver
DE,h6497,0.22155458174425205,scr2010,avaConv,runOfRiver
DE,h6498,0.22155458174425205,scr2010,avaConv,runOfRiver
DE,h6499,0.22155458174425205,scr2010,avaConv,runOfRiver
DE,h6500,0.22155458174425205,scr2010,avaConv,runOfRiver
DE,h6501,0.22155458174425205,scr2010,avaConv,runOfRiver
DE,h6502,0.22155458174425205,scr2010,avaConv,runOfRiver
DE,h6503,0.22155458174425205,scr2010,avaConv,runOfRiver
DE,h6504,0.22155458174425205,scr2010,avaConv,runOfRiver
DE,h6505,0.22235528012462719,scr2010,avaConv,runOfRiver
DE,h6506,0.22315597879334367,scr2010,avaConv,runOfRiver
DE,h6507,0.2239566777493669,scr2010,avaConv,runOfRiver
DE,h6508,0.2239566777493669,scr2010,avaConv,runOfRiver
DE,h6509,0.2239566777493669,scr2010,avaConv,runOfRiver
DE,h6510,0.2239566777493669,scr2010,avaConv,runOfRiver
DE,h6511,0.2239566777493669,scr2010,avaConv,runOfRiver
DE,h6512,0.2239566777493669,scr2010,avaConv,runOfRiver
DE,h6513,0.2239566777493669,scr2010,avaConv,runOfRiver
DE,h6514,0.2239566777493669,scr2010,avaConv,runOfRiver
DE,h6515,0.2239566777493669,scr2010,avaConv,runOfRiver
DE,h6516,0.2239566777493669,scr2010,avaConv,runOfRiver
DE,h6517,0.2239566777493669,scr2010,avaConv,runOfRiver
DE,h6518,0.2239566777493669,scr2010,avaConv,runOfRiver
DE,h6519,0.2239566777493669,scr2010,avaConv,runOfRiver
DE,h6520,0.2239566777493669,scr2010,avaConv,runOfRiver
DE,h6521,0.2239566777493669,scr2010,avaConv,runOfRiver
DE,h6522,0.2239566777493669,scr2010,avaConv,runOfRiver
DE,h6523,0.2239566777493669,scr2010,avaConv,runOfRiver
DE,h6524,0.2239566777493669,scr2010,avaConv,runOfRiver
DE,h6525,0.2239566777493669,scr2010,avaConv,runOfRiver
DE,h6526,0.2239566777493669,scr2010,avaConv,runOfRiver
DE,h6527,0.2239566777493669,scr2010,avaConv,runOfRiver
DE,h6528,0.2239566777493669,scr2010,avaConv,runOfRiver
DE,h6529,0.22525808610243941,scr2010,avaConv,runOfRiver
DE,h6530,0.22655949520741864,scr2010,avaConv,runOfRiver
DE,h6531,0.22786090505998569,scr2010,avaConv,runOfRiver
DE,h6532,0.22786090505998569,scr2010,avaConv,runOfRiver
DE,h6533,0.22786090505998569,scr2010,avaConv,runOfRiver
DE,h6534,0.22786090505998569,scr2010,avaConv,runOfRiver
DE,h6535,0.22786090505998569,scr2010,avaConv,runOfRiver
DE,h6536,0.22786090505998569,scr2010,avaConv,runOfRiver
DE,h6537,0.22786090505998569,scr2010,avaConv,runOfRiver
DE,h6538,0.22786090505998569,scr2010,avaConv,runOfRiver
DE,h6539,0.22786090505998569,scr2010,avaConv,runOfRiver
DE,h6540,0.22786090505998569,scr2010,avaConv,runOfRiver
DE,h6541,0.22786090505998569,scr2010,avaConv,runOfRiver
DE,h6542,0.22786090505998569,scr2010,avaConv,runOfRiver
DE,h6543,0.22786090505998569,scr2010,avaConv,runOfRiver
DE,h6544,0.22786090505998569,scr2010,avaConv,runOfRiver
DE,h6545,0.22786090505998569,scr2010,avaConv,runOfRiver
DE,h6546,0.22786090505998569,scr2010,avaConv,runOfRiver
DE,h6547,0.22786090505998569,scr2010,avaConv,runOfRiver
DE,h6548,0.22786090505998569,scr2010,avaConv,runOfRiver
DE,h6549,0.22786090505998569,scr2010,avaConv,runOfRiver
DE,h6550,0.22786090505998569,scr2010,avaConv,runOfRiver
DE,h6551,0.22786090505998569,scr2010,avaConv,runOfRiver
DE,h6552,0.22786090505998569,scr2010,avaConv,runOfRiver
DE,h6553,0.22880202383476145,scr2010,avaConv,runOfRiver
DE,h6554,0.22974314299665577,scr2010,avaConv,runOfRiver
DE,h6555,0.23068426254408295,scr2010,avaConv,runOfRiver
DE,h6556,0.23068426254408295,scr2010,avaConv,runOfRiver
DE,h6557,0.23068426254408295,scr2010,avaConv,runOfRiver
DE,h6558,0.23068426254408295,scr2010,avaConv,runOfRiver
DE,h6559,0.23068426254408295,scr2010,avaConv,runOfRiver
DE,h6560,0.23068426254408295,scr2010,avaConv,runOfRiver
DE,h6561,0.23068426254408295,scr2010,avaConv,runOfRiver
DE,h6562,0.23068426254408295,scr2010,avaConv,runOfRiver
DE,h6563,0.23068426254408295,scr2010,avaConv,runOfRiver
DE,h6564,0.23068426254408295,scr2010,avaConv,runOfRiver
DE,h6565,0.23068426254408295,scr2010,avaConv,runOfRiver
DE,h6566,0.23068426254408295,scr2010,avaConv,runOfRiver
DE,h6567,0.23068426254408295,scr2010,avaConv,runOfRiver
DE,h6568,0.23068426254408295,scr2010,avaConv,runOfRiver
DE,h6569,0.23068426254408295,scr2010,avaConv,runOfRiver
DE,h6570,0.23068426254408295,scr2010,avaConv,runOfRiver
DE,h6571,0.23068426254408295,scr2010,avaConv,runOfRiver
DE,h6572,0.23068426254408295,scr2010,avaConv,runOfRiver
DE,h6573,0.23068426254408295,scr2010,avaConv,runOfRiver
DE,h6574,0.23068426254408295,scr2010,avaConv,runOfRiver
DE,h6575,0.23068426254408295,scr2010,avaConv,runOfRiver
DE,h6576,0.23068426254408295,scr2010,avaConv,runOfRiver
ES,h4369,0.3093096625598868,scr2010,avaConv,runOfRiver
ES,h4370,0.30429060564676835,scr2010,avaConv,runOfRiver
ES,h4371,0.2992715570124767,scr2010,avaConv,runOfRiver
ES,h4372,0.2992715570124767,scr2010,avaConv,runOfRiver
ES,h4373,0.2992715570124767,scr2010,avaConv,runOfRiver
ES,h4374,0.2992715570124767,scr2010,avaConv,runOfRiver
ES,h4375,0.2992715570124767,scr2010,avaConv,runOfRiver
ES,h4376,0.2992715570124767,scr2010,avaConv,runOfRiver
ES,h4377,0.2992715570124767,scr2010,avaConv,runOfRiver
ES,h4378,0.2992715570124767,scr2010,avaConv,runOfRiver
ES,h4379,0.2992715570124767,scr2010,avaConv,runOfRiver
ES,h4380,0.2992715570124767,scr2010,avaConv,runOfRiver
ES,h4381,0.2992715570124767,scr2010,avaConv,runOfRiver
ES,h4382,0.2992715570124767,scr2010,avaConv,runOfRiver
ES,h4383,0.2992715570124767,scr2010,avaConv,runOfRiver
ES,h4384,0.2992715570124767,scr2010,avaConv,runOfRiver
ES,h4385,0.2992715570124767,scr2010,avaConv,runOfRiver
ES,h4386,0.2992715570124767,scr2010,avaConv,runOfRiver
ES,h4387,0.2992715570124767,scr2010,avaConv,runOfRiver
ES,h4388,0.2992715570124767,scr2010,avaConv,runOfRiver
ES,h4389,0.2992715570124767,scr2010,avaConv,runOfRiver
ES,h4390,0.2992715570124767,scr2010,avaConv,runOfRiver
ES,h4391,0.2992715570124767,scr2010,avaConv,runOfRiver
ES,h4392,0.2992715570124767,scr2010,avaConv,runOfRiver
ES,h4393,0.293390718901558,scr2010,avaConv,runOfRiver
ES,h4394,0.28750989257906484,scr2010,avaConv,runOfRiver
ES,h4395,0.2816290782861286,scr2010,avaConv,runOfRiver
ES,h4396,0.2816290782861286,scr2010,avaConv,runOfRiver
ES,h4397,0.2816290782861286,scr2010,avaConv,runOfRiver
ES,h4398,0.2816290782861286,scr2010,avaConv,runOfRiver
ES,h4399,0.2816290782861286,scr2010,avaConv,runOfRiver
ES,h4400,0.2816290782861286,scr2010,avaConv,runOfRiver
ES,h4401,0.2816290782861286,scr2010,avaConv,runOfRiver
ES,h4402,0.2816290782861286,scr2010,avaConv,runOfRiver
ES,h4403,0.2816290782861286,scr2010,avaConv,runOfRiver
ES,h4404,0.2816290782861286,scr2010,avaConv,runOfRiver
ES,h4405,0.2816290782861286,scr2010,avaConv,runOfRiver
ES,h4406,0.2816290782861286,scr2010,avaConv,runOfRiver
ES,h4407,0.2816290782861286,scr2010,avaConv,runOfRiver
ES,h4408,0.2816290782861286,scr2010,avaConv,runOfRiver
ES,h4409,0.2816290782861286,scr2010,avaConv,runOfRiver
ES,h4410,0.2816290782861286,scr2010,avaConv,runOfRiver
ES,h4411,0.2816290782861286,scr2010,avaConv,runOfRiver
ES,h4412,0.2816290782861286,scr2010,avaConv,runOfRiver
ES,h4413,0.2816290782861286,scr2010,avaConv,runOfRiver
ES,h4414,0.2816290782861286,scr2010,avaConv,runOfRiver
ES,h4415,0.2816290782861286,scr2010,avaConv,runOfRiver
ES,h4416,0.2816290782861286,scr2010,avaConv,runOfRiver
ES,h4417,0.27563905054979926,scr2010,avaConv,runOfRiver
ES,h4418,0.26964903583158756,scr2010,avaConv,runOfRiver
ES,h4419,0.2636590344206962,scr2010,avaConv,runOfRiver
ES,h4420,0.2636590344206962,scr2010,avaConv,runOfRiver
ES,h4421,0.2636590344206962,scr2010,avaConv,runOfRiver
ES,h4422,0.2636590344206962,scr2010,avaConv,runOfRiver
ES,h4423,0.2636590344206962,scr2010,avaConv,runOfRiver
ES,h4424,0.2636590344206962,scr2010,avaConv,runOfRiver
ES,h4425,0.2636590344206962,scr2010,avaConv,runOfRiver
ES,h4426,0.2636590344206962,scr2010,avaConv,runOfRiver
ES,h4427,0.2636590344206962,scr2010,avaConv,runOfRiver
ES,h4428,0.2636590344206962,scr2010,avaConv,runOfRiver
ES,h4429,0.2636590344206962,scr2010,avaConv,runOfRiver
ES,h4430,0.2636590344206962,scr2010,avaConv,runOfRiver
ES,h4431,0.2636590344206962,scr2010,avaConv,runOfRiver
ES,h4432,0.2636590344206962,scr2010,avaConv,runOfRiver
ES,h4433,0.2636590344206962,scr2010,avaConv,runOfRiver
ES,h4434,0.2636590344206962,scr2010,avaConv,runOfRiver
ES,h4435,0.2636590344206962,scr2010,avaConv,runOfRiver
ES,h4436,0.2636590344206962,scr2010,avaConv,runOfRiver
ES,h4437,0.2636590344206962,scr2010,avaConv,runOfRiver
ES,h4438,0.2636590344206962,scr2010,avaConv,runOfRiver
ES,h4439,0.2636590344206962,scr2010,avaConv,runOfRiver
ES,h4440,0.2636590344206962,scr2010,avaConv,runOfRiver
ES,h4441,0.25795392893698943,scr2010,avaConv,runOfRiver
ES,h4442,0.25224883607215465,scr2010,avaConv,runOfRiver
ES,h4443,0.24654375611161194,scr2010,avaConv,runOfRiver
ES,h4444,0.24654375611161194,scr2010,avaConv,runOfRiver
ES,h4445,0.24654375611161194,scr2010,avaConv,runOfRiver
ES,h4446,0.24654375611161194,scr2010,avaConv,runOfRiver
ES,h4447,0.24654375611161194,scr2010,avaConv,runOfRiver
ES,h4448,0.24654375611161194,scr2010,avaConv,runOfRiver
ES,h4449,0.24654375611161194,scr2010,avaConv,runOfRiver
ES,h4450,0.24654375611161194,scr2010,avaConv,runOfRiver
ES,h4451,0.24654375611161194,scr2010,avaConv,runOfRiver
ES,h4452,0.24654375611161194,scr2010,avaConv,runOfRiver
ES,h4453,0.24654375611161194,scr2010,avaConv,runOfRiver
ES,h4454,0.24654375611161194,scr2010,avaConv,runOfRiver
ES,h4455,0.24654375611161194,scr2010,avaConv,runOfRiver
ES,h4456,0.24654375611161194,scr2010,avaConv,runOfRiver
ES,h4457,0.24654375611161194,scr2010,avaConv,runOfRiver
ES,h4458,0.24654375611161194,scr2010,avaConv,runOfRiver
ES,h4459,0.24654375611161194,scr2010,avaConv,runOfRiver
ES,h4460,0.24654375611161194,scr2010,avaConv,runOfRiver
ES,h4461,0.24654375611161194,scr2010,avaConv,runOfRiver
ES,h4462,0.24654375611161194,scr2010,avaConv,runOfRiver
ES,h4463,0.24654375611161194,scr2010,avaConv,runOfRiver
ES,h4464,0.24654375611161194,scr2010,avaConv,runOfRiver
ES,h4465,0.2412823911828544,scr2010,avaConv,runOfRiver
ES,h4466,0.2360210377279327,scr2010,avaConv,runOfRiver
ES,h4467,0.23075969600263882,scr2010,avaConv,runOfRiver
ES,h4468,0.23075969600263882,scr2010,avaConv,runOfRiver
ES,h4469,0.23075969600263882,scr2010,avaConv,runOfRiver
ES,h4470,0.23075969600263882,scr2010,avaConv,runOfRiver
ES,h4471,0.23075969600263882,scr2010,avaConv,runOfRiver
ES,h4472,0.23075969600263882,scr2010,avaConv,runOfRiver
ES,h4473,0.23075969600263882,scr2010,avaConv,runOfRiver
ES,h4474,0.23075969600263882,scr2010,avaConv,runOfRiver
ES,h4475,0.23075969600263882,scr2010,avaConv,runOfRiver
ES,h4476,0.23075969600263882,scr2010,avaConv,runOfRiver
ES,h4477,0.23075969600263882,scr2010,avaConv,runOfRiver
ES,h4478,0.23075969600263882,scr2010,avaConv,runOfRiver
ES,h4479,0.23075969600263882,scr2010,avaConv,runOfRiver
ES,h4480,0.23075969600263882,scr2010,avaConv,runOfRiver
ES,h4481,0.23075969600263882,scr2010,avaConv,runOfRiver
ES,h4482,0.23075969600263882,scr2010,avaConv,runOfRiver
ES,h4483,0.23075969600263882,scr2010,avaConv,runOfRiver
ES,h4484,0.23075969600263882,scr2010,avaConv,runOfRiver
ES,h4485,0.23075969600263882,scr2010,avaConv,runOfRiver
ES,h4486,0.23075969600263882,scr2010,avaConv,runOfRiver
ES,h4487,0.23075969600263882,scr2010,avaConv,runOfRiver
ES,h4488,0.23075969600263882,scr2010,avaConv,runOfRiver
ES,h4489,0.22421867259006106,scr2010,avaConv,runOfRiver
ES,h4490,0.21767766826227908,scr2010,avaConv,runOfRiver
ES,h4491,0.21113668359289564,scr2010,avaConv,runOfRiver
ES,h4492,0.21113668359289564,scr2010,avaConv,runOfRiver
ES,h4493,0.21113668359289564,scr2010,avaConv,runOfRiver
ES,h4494,0.21113668359289564,scr2010,avaConv,runOfRiver
ES,h4495,0.21113668359289564,scr2010,avaConv,runOfRiver
ES,h4496,0.21113668359289564,scr2010,avaConv,runOfRiver
ES,h4497,0.21113668359289564,scr2010,avaConv,runOfRiver
ES,h4498,0.21113668359289564,scr2010,avaConv,runOfRiver
ES,h4499,0.21113668359289564,scr2010,avaConv,runOfRiver
ES,h4500,0.21113668359289564,scr2010,avaConv,runOfRiver
ES,h4501,0.21113668359289564,scr2010,avaConv,runOfRiver
ES,h4502,0.21113668359289564,scr2010,avaConv,runOfRiver
ES,h4503,0.21113668359289564,scr2010,avaConv,runOfRiver
ES,h4504,0.21113668359289564,scr2010,avaConv,runOfRiver
ES,h4505,0.21113668359289564,scr2010,avaConv,runOfRiver
ES,h4506,0.21113668359289564,scr2010,avaConv,runOfRiver
ES,h4507,0.21113668359289564,scr2010,avaConv,runOfRiver
ES,h4508,0.21113668359289564,scr2010,avaConv,runOfRiver
ES,h4509,0.21113668359289564,scr2010,avaConv,runOfRiver
ES,h4510,0.21113668359289564,scr2010,avaConv,runOfRiver
ES,h4511,0.21113668359289564,scr2010,avaConv,runOfRiver
ES,h4512,0.21113668359289564,scr2010,avaConv,runOfRiver
ES,h4513,0.20196781504171904,scr2010,avaConv,runOfRiver
ES,h4514,0.19279898813045318,scr2010,avaConv,runOfRiver
ES,h4515,0.18363020484066828,scr2010,avaConv,runOfRiver
ES,h4516,0.18363020484066828,scr2010,avaConv,runOfRiver
ES,h4517,0.18363020484066828,scr2010,avaConv,runOfRiver
ES,h4518,0.18363020484066828,scr2010,avaConv,runOfRiver
ES,h4519,0.18363020484066828,scr2010,avaConv,runOfRiver
ES,h4520,0.18363020484066828,scr2010,avaConv,runOfRiver
ES,h4521,0.18363020484066828,scr2010,avaConv,runOfRiver
ES,h4522,0.18363020484066828,scr2010,avaConv,runOfRiver
ES,h4523,0.18363020484066828,scr2010,avaConv,runOfRiver
ES,h4524,0.18363020484066828,scr2010,avaConv,runOfRiver
ES,h4525,0.18363020484066828,scr2010,avaConv,runOfRiver
ES,h4526,0.18363020484066828,scr2010,avaConv,runOfRiver
ES,h4527,0.18363020484066828,scr2010,avaConv,runOfRiver
ES,h4528,0.18363020484066828,scr2010,avaConv,runOfRiver
ES,h4529,0.18363020484066828,scr2010,avaConv,runOfRiver
ES,h4530,0.18363020484066828,scr2010,avaConv,runOfRiver
ES,h4531,0.18363020484066828,scr2010,avaConv,runOfRiver
ES,h4532,0.18363020484066828,scr2010,avaConv,runOfRiver
ES,h4533,0.18363020484066828,scr2010,avaConv,runOfRiver
ES,h4534,0.18363020484066828,scr2010,avaConv,runOfRiver
ES,h4535,0.18363020484066828,scr2010,avaConv,runOfRiver
ES,h4536,0.18363020484066828,scr2010,avaConv,runOfRiver
ES,h4537,0.17360599107057942,scr2010,avaConv,runOfRiver
ES,h4538,0.16358183521633957,scr2010,avaConv,runOfRiver
ES,h4539,0.1535577408311466,scr2010,avaConv,runOfRiver
ES,h4540,0.1535577408311466,scr2010,avaConv,runOfRiver
ES,h4541,0.1535577408311466,scr2010,avaConv,runOfRiver
ES,h4542,0.1535577408311466,scr2010,avaConv,runOfRiver
ES,h4543,0.1535577408311466,scr2010,avaConv,runOfRiver
ES,h4544,0.1535577408311466,scr2010,avaConv,runOfRiver
ES,h4545,0.1535577408311466,scr2010,avaConv,runOfRiver
ES,h4546,0.1535577408311466,scr2010,avaConv,runOfRiver
ES,h4547,0.1535577408311466,scr2010,avaConv,runOfRiver
ES,h4548,0.1535577408311466,scr2010,avaConv,runOfRiver
ES,h4549,0.1535577408311466,scr2010,avaConv,runOfRiver
ES,h4550,0.1535577408311466,scr2010,avaConv,runOfRiver
ES,h4551,0.1535577408311466,scr2010,avaConv,runOfRiver
ES,h4552,0.1535577408311466,scr2010,avaConv,runOfRiver
ES,h4553,0.1535577408311466,scr2010,avaConv,runOfRiver
ES,h4554,0.1535577408311466,scr2010,avaConv,runOfRiver
ES,h4555,0.1535577408311466,scr2010,avaConv,runOfRiver
ES,h4556,0.1535577408311466,scr2010,avaConv,runOfRiver
ES,h4557,0.1535577408311466,scr2010,avaConv,runOfRiver
ES,h4558,0.1535577408311466,scr2010,avaConv,runOfRiver
ES,h4559,0.1535577408311466,scr2010,avaConv,runOfRiver
ES,h4560,0.1535577408311466,scr2010,avaConv,runOfRiver
ES,h4561,0.1431101912270293,scr2010,avaConv,runOfRiver
ES,h4562,0.13266271796746582,scr2010,avaConv,runOfRiver
ES,h4563,0.12221532707671885,scr2010,avaConv,runOfRiver
ES,h4564,0.12221532707671885,scr2010,avaConv,runOfRiver
ES,h4565,0.12221532707671885,scr2010,avaConv,runOfRiver
ES,h4566,0.12221532707671885,scr2010,avaConv,runOfRiver
ES,h4567,0.12221532707671885,scr2010,avaConv,runOfRiver
ES,h4568,0.12221532707671885,scr2010,avaConv,runOfRiver
ES,h4569,0.12221532707671885,scr2010,avaConv,runOfRiver
ES,h4570,0.12221532707671885,scr2010,avaConv,runOfRiver
ES,h4571,0.12221532707671885,scr2010,avaConv,runOfRiver
ES,h4572,0.12221532707671885,scr2010,avaConv,runOfRiver
ES,h4573,0.12221532707671885,scr2010,avaConv,runOfRiver
ES,h4574,0.12221532707671885,scr2010,avaConv,runOfRiver
ES,h4575,0.12221532707671885,scr2010,avaConv,runOfRiver
ES,h4576,0.12221532707671885,scr2010,avaConv,runOfRiver
ES,h4577,0.12221532707671885,scr2010,avaConv,runOfRiver
ES,h4578,0.12221532707671885,scr2010,avaConv,runOfRiver
ES,h4579,0.12221532707671885,scr2010,avaConv,runOfRiver
ES,h4580,0.12221532707671885,scr2010,avaConv,runOfRiver
ES,h4581,0.12221532707671885,scr2010,avaConv,runOfRiver
ES,h4582,0.12221532707671885,scr2010,avaConv,runOfRiver
ES,h4583,0.12221532707671885,scr2010,avaConv,runOfRiver
ES,h4584,0.12221532707671885,scr2010,avaConv,runOfRiver
ES,h4585,0.11241542629951772,scr2010,avaConv,runOfRiver
ES,h4586,0.10261561107299369,scr2010,avaConv,runOfRiver
ES,h4587,0.09281588959153383,scr2010,avaConv,runOfRiver
ES,h4588,0.09281588959153383,scr2010,avaConv,runOfRiver
ES,h4589,0.09281588959153383,scr2010,avaConv,runOfRiver
ES,h4590,0.09281588959153383,scr2010,avaConv,runOfRiver
ES,h4591,0.09281588959153383,scr2010,avaConv,runOfRiver
ES,h4592,0.09281588959153383,scr2010,avaConv,runOfRiver
ES,h4593,0.09281588959153383,scr2010,avaConv,runOfRiver
ES,h4594,0.09281588959153383,scr2010,avaConv,runOfRiver
ES,h4595,0.09281588959153383,scr2010,avaConv,runOfRiver
ES,h4596,0.09281588959153383,scr2010,avaConv,runOfRiver
ES,h4597,0.09281588959153383,scr2010,avaConv,runOfRiver
ES,h4598,0.09281588959153383,scr2010,avaConv,runOfRiver
ES,h4599,0.09281588959153383,scr2010,avaConv,runOfRiver
ES,h4600,0.09281588959153383,scr2010,avaConv,runOfRiver
ES,h4601,0.09281588959153383,scr2010,avaConv,runOfRiver
ES,h4602,0.09281588959153383,scr2010,avaConv,runOfRiver
ES,h4603,0.09281588959153383,scr2010,avaConv,runOfRiver
ES,h4604,0.09281588959153383,scr2010,avaConv,runOfRiver
ES,h4605,0.09281588959153383,scr2010,avaConv,runOfRiver
ES,h4606,0.09281588959153383,scr2010,avaConv,runOfRiver
ES,h4607,0.09281588959153383,scr2010,avaConv,runOfRiver
ES,h4608,0.09281588959153383,scr2010,avaConv,runOfRiver
ES,h4609,0.09272308352024944,scr2010,avaConv,runOfRiver
ES,h4610,0.09263027745825564,scr2010,avaConv,runOfRiver
ES,h4611,0.09253747140556175,scr2010,avaConv,runOfRiver
ES,h4612,0.09253747140556175,scr2010,avaConv,runOfRiver
ES,h4613,0.09253747140556175,scr2010,avaConv,runOfRiver
ES,h4614,0.09253747140556175,scr2010,avaConv,runOfRiver
ES,h4615,0.09253747140556175,scr2010,avaConv,runOfRiver
ES,h4616,0.09253747140556175,scr2010,avaConv,runOfRiver
ES,h4617,0.09253747140556175,scr2010,avaConv,runOfRiver
ES,h4618,0.09253747140556175,scr2010,avaConv,runOfRiver
ES,h4619,0.09253747140556175,scr2010,avaConv,runOfRiver
ES,h4620,0.09253747140556175,scr2010,avaConv,runOfRiver
ES,h4621,0.09253747140556175,scr2010,avaConv,runOfRiver
ES,h4622,0.09253747140556175,scr2010,avaConv,runOfRiver
ES,h4623,0.09253747140556175,scr2010,avaConv,runOfRiver
ES,h4624,0.09253747140556175,scr2010,avaConv,runOfRiver
ES,h4625,0.09253747140556175,scr2010,avaConv,runOfRiver
ES,h4626,0.09253747140556175,scr2010,avaConv,runOfRiver
ES,h4627,0.09253747140556175,scr2010,avaConv,runOfRiver
ES,h4628,0.09253747140556175,scr2010,avaConv,runOfRiver
ES,h4629,0.09253747140556175,scr2010,avaConv,runOfRiver
ES,h4630,0.09253747140556175,scr2010,avaConv,runOfRiver
ES,h4631,0.09253747140556175,scr2010,avaConv,runOfRiver
ES,h4632,0.09253747140556175,scr2010,avaConv,runOfRiver
ES,h4633,0.09235165207318156,scr2010,avaConv,runOfRiver
ES,h4634,0.09216583277819672,scr2010,avaConv,runOfRiver
ES,h4635,0.09198001352068264,scr2010,avaConv,runOfRiver
ES,h4636,0.09198001352068264,scr2010,avaConv,runOfRiver
ES,h4637,0.09198001352068264,scr2010,avaConv,runOfRiver
ES,h4638,0.09198001352068264,scr2010,avaConv,runOfRiver
ES,h4639,0.09198001352068264,scr2010,avaConv,runOfRiver
ES,h4640,0.09198001352068264,scr2010,avaConv,runOfRiver
ES,h4641,0.09198001352068264,scr2010,avaConv,runOfRiver
ES,h4642,0.09198001352068264,scr2010,avaConv,runOfRiver
ES,h4643,0.09198001352068264,scr2010,avaConv,runOfRiver
ES,h4644,0.09198001352068264,scr2010,avaConv,runOfRiver
ES,h4645,0.09198001352068264,scr2010,avaConv,runOfRiver
ES,h4646,0.09198001352068264,scr2010,avaConv,runOfRiver
ES,h4647,0.09198001352068264,scr2010,avaConv,runOfRiver
ES,h4648,0.09198001352068264,scr2010,avaConv,runOfRiver
ES,h4649,0.09198001352068264,scr2010,avaConv,runOfRiver
ES,h4650,0.09198001352068264,scr2010,avaConv,runOfRiver
ES,h4651,0.09198001352068264,scr2010,avaConv,runOfRiver
ES,h4652,0.09198001352068264,scr2010,avaConv,runOfRiver
ES,h4653,0.09198001352068264,scr2010,avaConv,runOfRiver
ES,h4654,0.09198001352068264,scr2010,avaConv,runOfRiver
ES,h4655,0.09198001352068264,scr2010,avaConv,runOfRiver
ES,h4656,0.09198001352068264,scr2010,avaConv,runOfRiver
ES,h4657,0.09182699028845112,scr2010,avaConv,runOfRiver
ES,h4658,0.09167396708172462,scr2010,avaConv,runOfRiver
ES,h4659,0.09152094390054567,scr2010,avaConv,runOfRiver
ES,h4660,0.09152094390054567,scr2010,avaConv,runOfRiver
ES,h4661,0.09152094390054567,scr2010,avaConv,runOfRiver
ES,h4662,0.09152094390054567,scr2010,avaConv,runOfRiver
ES,h4663,0.09152094390054567,scr2010,avaConv,runOfRiver
ES,h4664,0.09152094390054567,scr2010,avaConv,runOfRiver
ES,h4665,0.09152094390054567,scr2010,avaConv,runOfRiver
ES,h4666,0.09152094390054567,scr2010,avaConv,runOfRiver
ES,h4667,0.09152094390054567,scr2010,avaConv,runOfRiver
ES,h4668,0.09152094390054567,scr2010,avaConv,runOfRiver
ES,h4669,0.09152094390054567,scr2010,avaConv,runOfRiver
ES,h4670,0.09152094390054567,scr2010,avaConv,runOfRiver
ES,h4671,0.09152094390054567,scr2010,avaConv,runOfRiver
ES,h4672,0.09152094390054567,scr2010,avaConv,runOfRiver
ES,h4673,0.09152094390054567,scr2010,avaConv,runOfRiver
ES,h4674,0.09152094390054567,scr2010,avaConv,runOfRiver
ES,h4675,0.09152094390054567,scr2010,avaConv,runOfRiver
ES,h4676,0.09152094390054567,scr2010,avaConv,runOfRiver
ES,h4677,0.09152094390054567,scr2010,avaConv,runOfRiver
ES,h4678,0.09152094390054567,scr2010,avaConv,runOfRiver
ES,h4679,0.09152094390054567,scr2010,avaConv,runOfRiver
ES,h4680,0.09152094390054567,scr2010,avaConv,runOfRiver
ES,h4681,0.09147411949960825,scr2010,avaConv,runOfRiver
ES,h4682,0.09142729510106816,scr2010,avaConv,runOfRiver
ES,h4683,0.09138047070492661,scr2010,avaConv,runOfRiver
ES,h4684,0.09138047070492661,scr2010,avaConv,runOfRiver
ES,h4685,0.09138047070492661,scr2010,avaConv,runOfRiver
ES,h4686,0.09138047070492661,scr2010,avaConv,runOfRiver
ES,h4687,0.09138047070492661,scr2010,avaConv,runOfRiver
ES,h4688,0.09138047070492661,scr2010,avaConv,runOfRiver
ES,h4689,0.09138047070492661,scr2010,avaConv,runOfRiver
ES,h4690,0.09138047070492661,scr2010,avaConv,runOfRiver
ES,h4691,0.09138047070492661,scr2010,avaConv,runOfRiver
ES,h4692,0.09138047070492661,scr2010,avaConv,runOfRiver
ES,h4693,0.09138047070492661,scr2010,avaConv,runOfRiver
ES,h4694,0.09138047070492661,scr2010,avaConv,runOfRiver
ES,h4695,0.09138047070492661,scr2010,avaConv,runOfRiver
ES,h4696,0.09138047070492661,scr2010,avaConv,runOfRiver
ES,h4697,0.09138047070492661,scr2010,avaConv,runOfRiver
ES,h4698,0.09138047070492661,scr2010,avaConv,runOfRiver
ES,h4699,0.09138047070492661,scr2010,avaConv,runOfRiver
ES,h4700,0.09138047070492661,scr2010,avaConv,runOfRiver
ES,h4701,0.09138047070492661,scr2010,avaConv,runOfRiver
ES,h4702,0.09138047070492661,scr2010,avaConv,runOfRiver
ES,h4703,0.09138047070492661,scr2010,avaConv,runOfRiver
ES,h4704,0.09138047070492661,scr2010,avaConv,runOfRiver
ES,h4705,0.09125123683183722,scr2010,avaConv,runOfRiver
ES,h4706,0.09112200297705389,scr2010,avaConv,runOfRiver
ES,h4707,0.09099276914060266,scr2010,avaConv,runOfRiver
ES,h4708,0.09099276914060266,scr2010,avaConv,runOfRiver
ES,h4709,0.09099276914060266,scr2010,avaConv,runOfRiver
ES,h4710,0.09099276914060266,scr2010,avaConv,runOfRiver
ES,h4711,0.09099276914060266,scr2010,avaConv,runOfRiver
ES,h4712,0.09099276914060266,scr2010,avaConv,runOfRiver
ES,h4713,0.09099276914060266,scr2010,avaConv,runOfRiver
ES,h4714,0.09099276914060266,scr2010,avaConv,runOfRiver
ES,h4715,0.09099276914060266,scr2010,avaConv,runOfRiver
ES,h4716,0.09099276914060266,scr2010,avaConv,runOfRiver
ES,h4717,0.09099276914060266,scr2010,avaConv,runOfRiver
ES,h4718,0.09099276914060266,scr2010,avaConv,runOfRiver
ES,h4719,0.09099276914060266,scr2010,avaConv,runOfRiver
ES,h4720,0.09099276914060266,scr2010,avaConv,runOfRiver
ES,h4721,0.09099276914060266,scr2010,avaConv,runOfRiver
ES,h4722,0.09099276914060266,scr2010,avaConv,runOfRiver
ES,h4723,0.09099276914060266,scr2010,avaConv,runOfRiver
ES,h4724,0.09099276914060266,scr2010,avaConv,runOfRiver
ES,h4725,0.09099276914060266,scr2010,avaConv,runOfRiver
ES,h4726,0.09099276914060266,scr2010,avaConv,runOfRiver
ES,h4727,0.09099276914060266,scr2010,avaConv,runOfRiver
ES,h4728,0.09099276914060266,scr2010,avaConv,runOfRiver
ES,h4729,0.09091292131475791,scr2010,avaConv,runOfRiver
ES,h4730,0.0908330734959274,scr2010,avaConv,runOfRiver
ES,h4731,0.09075322568411738,scr2010,avaConv,runOfRiver
ES,h4732,0.09075322568411738,scr2010,avaConv,runOfRiver
ES,h4733,0.09075322568411738,scr2010,avaConv,runOfRiver
ES,h4734,0.09075322568411738,scr2010,avaConv,runOfRiver
ES,h4735,0.09075322568411738,scr2010,avaConv,runOfRiver
ES,h4736,0.09075322568411738,scr2010,avaConv,runOfRiver
ES,h4737,0.09075322568411738,scr2010,avaConv,runOfRiver
ES,h4738,0.09075322568411738,scr2010,avaConv,runOfRiver
ES,h4739,0.09075322568411738,scr2010,avaConv,runOfRiver
ES,h4740,0.09075322568411738,scr2010,avaConv,runOfRiver
ES,h4741,0.09075322568411738,scr2010,avaConv,runOfRiver
ES,h4742,0.09075322568411738,scr2010,avaConv,runOfRiver
ES,h4743,0.09075322568411738,scr2010,avaConv,runOfRiver
ES,h4744,0.09075322568411738,scr2010,avaConv,runOfRiver
ES,h4745,0.09075322568411738,scr2010,avaConv,runOfRiver
ES,h4746,0.09075322568411738,scr2010,avaConv,runOfRiver
ES,h4747,0.09075322568411738,scr2010,avaConv,runOfRiver
ES,h4748,0.09075322568411738,scr2010,avaConv,runOfRiver
ES,h4749,0.09075322568411738,scr2010,avaConv,runOfRiver
ES,h4750,0.09075322568411738,scr2010,avaConv,runOfRiver
ES,h4751,0.09075322568411738,scr2010,avaConv,runOfRiver
ES,h4752,0.09075322568411738,scr2010,avaConv,runOfRiver
ES,h4753,0.090382077729667,scr2010,avaConv,runOfRiver
ES,h4754,0.09001092992765557,scr2010,avaConv,runOfRiver
ES,h4755,0.08963978227871168,scr2010,avaConv,runOfRiver
ES,h4756,0.08963978227871168,scr2010,avaConv,runOfRiver
ES,h4757,0.08963978227871168,scr2010,avaConv,runOfRiver
ES,h4758,0.08963978227871168,scr2010,avaConv,runOfRiver
ES,h4759,0.08963978227871168,scr2010,avaConv,runOfRiver
ES,h4760,0.08963978227871168,scr2010,avaConv,runOfRiver
ES,h4761,0.08963978227871168,scr2010,avaConv,runOfRiver
ES,h4762,0.08963978227871168,scr2010,avaConv,runOfRiver
ES,h4763,0.08963978227871168,scr2010,avaConv,runOfRiver
ES,h4764,0.08963978227871168,scr2010,avaConv,runOfRiver
ES,h4765,0.08963978227871168,scr2010,avaConv,runOfRiver
ES,h4766,0.08963978227871168,scr2010,avaConv,runOfRiver
ES,h4767,0.08963978227871168,scr2010,avaConv,runOfRiver
ES,h4768,0.08963978227871168,scr2010,avaConv,runOfRiver
ES,h4769,0.08963978227871168,scr2010,avaConv,runOfRiver
ES,h4770,0.08963978227871168,scr2010,avaConv,runOfRiver
ES,h4771,0.08963978227871168,scr2010,avaConv,runOfRiver
ES,h4772,0.08963978227871168,scr2010,avaConv,runOfRiver
ES,h4773,0.08963978227871168,scr2010,avaConv,runOfRiver
ES,h4774,0.08963978227871168,scr2010,avaConv,runOfRiver
ES,h4775,0.08963978227871168,scr2010,avaConv,runOfRiver
ES,h4776,0.08963978227871168,scr2010,avaConv,runOfRiver
ES,h4777,0.08915453238332342,scr2010,avaConv,runOfRiver
ES,h4778,0.08866928275209945,scr2010,avaConv,runOfRiver
ES,h4779,0.08818403338648562,scr2010,avaConv,runOfRiver
ES,h4780,0.08818403338648562,scr2010,avaConv,runOfRiver
ES,h4781,0.08818403338648562,scr2010,avaConv,runOfRiver
ES,h4782,0.08818403338648562,scr2010,avaConv,runOfRiver
ES,h4783,0.08818403338648562,scr2010,avaConv,runOfRiver
ES,h4784,0.08818403338648562,scr2010,avaConv,runOfRiver
ES,h4785,0.08818403338648562,scr2010,avaConv,runOfRiver
ES,h4786,0.08818403338648562,scr2010,avaConv,runOfRiver
ES,h4787,0.08818403338648562,scr2010,avaConv,runOfRiver
ES,h4788,0.08818403338648562,scr2010,avaConv,runOfRiver
ES,h4789,0.08818403338648562,scr2010,avaConv,runOfRiver
ES,h4790,0.08818403338648562,scr2010,avaConv,runOfRiver
ES,h4791,0.08818403338648562,scr2010,avaConv,runOfRiver
ES,h4792,0.08818403338648562,scr2010,avaConv,runOfRiver
ES,h4793,0.08818403338648562,scr2010,avaConv,runOfRiver
ES,h4794,0.08818403338648562,scr2010,avaConv,runOfRiver
ES,h4795,0.08818403338648562,scr2010,avaConv,runOfRiver
ES,h4796,0.08818403338648562,scr2010,avaConv,runOfRiver
ES,h4797,0.08818403338648562,scr2010,avaConv,runOfRiver
ES,h4798,0.08818403338648562,scr2010,avaConv,runOfRiver
ES,h4799,0.08818403338648562,scr2010,avaConv,runOfRiver
ES,h4800,0.08818403338648562,scr2010,avaConv,runOfRiver
ES,h4801,0.08793001739195654,scr2010,avaConv,runOfRiver
ES,h4802,0.08767600147082338,scr2010,avaConv,runOfRiver
ES,h4803,0.08742198562329881,scr2010,avaConv,runOfRiver
ES,h4804,0.08742198562329881,scr2010,avaConv,runOfRiver
ES,h4805,0.08742198562329881,scr2010,avaConv,runOfRiver
ES,h4806,0.08742198562329881,scr2010,avaConv,runOfRiver
ES,h4807,0.08742198562329881,scr2010,avaConv,runOfRiver
ES,h4808,0.08742198562329881,scr2010,avaConv,runOfRiver
ES,h4809,0.08742198562329881,scr2010,avaConv,runOfRiver
ES,h4810,0.08742198562329881,scr2010,avaConv,runOfRiver
ES,h4811,0.08742198562329881,scr2010,avaConv,runOfRiver
ES,h4812,0.08742198562329881,scr2010,avaConv,runOfRiver
ES,h4813,0.08742198562329881,scr2010,avaConv,runOfRiver
ES,h4814,0.08742198562329881,scr2010,avaConv,runOfRiver
ES,h4815,0.08742198562329881,scr2010,avaConv,runOfRiver
ES,h4816,0.08742198562329881,scr2010,avaConv,runOfRiver
ES,h4817,0.08742198562329881,scr2010,avaConv,runOfRiver
ES,h4818,0.08742198562329881,scr2010,avaConv,runOfRiver
ES,h4819,0.08742198562329881,scr2010,avaConv,runOfRiver
ES,h4820,0.08742198562329881,scr2010,avaConv,runOfRiver
ES,h4821,0.08742198562329881,scr2010,avaConv,runOfRiver
ES,h4822,0.08742198562329881,scr2010,avaConv,runOfRiver
ES,h4823,0.08742198562329881,scr2010,avaConv,runOfRiver
ES,h4824,0.08742198562329881,scr2010,avaConv,runOfRiver
ES,h4825,0.0873134639527941,scr2010,avaConv,runOfRiver
ES,h4826,0.08720494229578023,scr2010,avaConv,runOfRiver
ES,h4827,0.08709642065227396,scr2010,avaConv,runOfRiver
ES,h4828,0.08709642065227396,scr2010,avaConv,runOfRiver
ES,h4829,0.08709642065227396,scr2010,avaConv,runOfRiver
ES,h4830,0.08709642065227396,scr2010,avaConv,runOfRiver
ES,h4831,0.08709642065227396,scr2010,avaConv,runOfRiver
ES,h4832,0.08709642065227396,scr2010,avaConv,runOfRiver
ES,h4833,0.08709642065227396,scr2010,avaConv,runOfRiver
ES,h4834,0.08709642065227396,scr2010,avaConv,runOfRiver
ES,h4835,0.08709642065227396,scr2010,avaConv,runOfRiver
ES,h4836,0.08709642065227396,scr2010,avaConv,runOfRiver
ES,h4837,0.08709642065227396,scr2010,avaConv,runOfRiver
ES,h4838,0.08709642065227396,scr2010,avaConv,runOfRiver
ES,h4839,0.08709642065227396,scr2010,avaConv,runOfRiver
ES,h4840,0.08709642065227396,scr2010,avaConv,runOfRiver
ES,h4841,0.08709642065227396,scr2010,avaConv,runOfRiver
ES,h4842,0.08709642065227396,scr2010,avaConv,runOfRiver
ES,h4843,0.08709642065227396,scr2010,avaConv,runOfRiver
ES,h4844,0.08709642065227396,scr2010,avaConv,runOfRiver
ES,h4845,0.08709642065227396,scr2010,avaConv,runOfRiver
ES,h4846,0.08709642065227396,scr2010,avaConv,runOfRiver
ES,h4847,0.08709642065227396,scr2010,avaConv,runOfRiver
ES,h4848,0.08709642065227396,scr2010,avaConv,runOfRiver
ES,h4849,0.08759552464223229,scr2010,avaConv,runOfRiver
ES,h4850,0.08809462891663,scr2010,avaConv,runOfRiver
ES,h4851,0.08859373347385546,scr2010,avaConv,runOfRiver
ES,h4852,0.08859373347385546,scr2010,avaConv,runOfRiver
ES,h4853,0.08859373347385546,scr2010,avaConv,runOfRiver
ES,h4854,0.08859373347385546,scr2010,avaConv,runOfRiver
ES,h4855,0.08859373347385546,scr2010,avaConv,runOfRiver
ES,h4856,0.08859373347385546,scr2010,avaConv,runOfRiver
ES,h4857,0.08859373347385546,scr2010,avaConv,runOfRiver
ES,h4858,0.08859373347385546,scr2010,avaConv,runOfRiver
ES,h4859,0.08859373347385546,scr2010,avaConv,runOfRiver
ES,h4860,0.08859373347385546,scr2010,avaConv,runOfRiver
ES,h4861,0.08859373347385546,scr2010,avaConv,runOfRiver
ES,h4862,0.08859373347385546,scr2010,avaConv,runOfRiver
ES,h4863,0.08859373347385546,scr2010,avaConv,runOfRiver
ES,h4864,0.08859373347385546,scr2010,avaConv,runOfRiver
ES,h4865,0.08859373347385546,scr2010,avaConv,runOfRiver
ES,h4866,0.08859373347385546,scr2010,avaConv,runOfRiver
ES,h4867,0.08859373347385546,scr2010,avaConv,runOfRiver
ES,h4868,0.08859373347385546,scr2010,avaConv,runOfRiver
ES,h4869,0.08859373347385546,scr2010,avaConv,runOfRiver
ES,h4870,0.08859373347385546,scr2010,avaConv,runOfRiver
ES,h4871,0.08859373347385546,scr2010,avaConv,runOfRiver
ES,h4872,0.08859373347385546,scr2010,avaConv,runOfRiver
ES,h4873,0.08894564102603723,scr2010,avaConv,runOfRiver
ES,h4874,0.08929754871747654,scr2010,avaConv,runOfRiver
ES,h4875,0.08964945654762461,scr2010,avaConv,runOfRiver
ES,h4876,0.08964945654762461,scr2010,avaConv,runOfRiver
ES,h4877,0.08964945654762461,scr2010,avaConv,runOfRiver
ES,h4878,0.08964945654762461,scr2010,avaConv,runOfRiver
ES,h4879,0.08964945654762461,scr2010,avaConv,runOfRiver
ES,h4880,0.08964945654762461,scr2010,avaConv,runOfRiver
ES,h4881,0.08964945654762461,scr2010,avaConv,runOfRiver
ES,h4882,0.08964945654762461,scr2010,avaConv,runOfRiver
ES,h4883,0.08964945654762461,scr2010,avaConv,runOfRiver
ES,h4884,0.08964945654762461,scr2010,avaConv,runOfRiver
ES,h4885,0.08964945654762461,scr2010,avaConv,runOfRiver
ES,h4886,0.08964945654762461,scr2010,avaConv,runOfRiver
ES,h4887,0.08964945654762461,scr2010,avaConv,runOfRiver
ES,h4888,0.08964945654762461,scr2010,avaConv,runOfRiver
ES,h4889,0.08964945654762461,scr2010,avaConv,runOfRiver
ES,h4890,0.08964945654762461,scr2010,avaConv,runOfRiver
ES,h4891,0.08964945654762461,scr2010,avaConv,runOfRiver
ES,h4892,0.08964945654762461,scr2010,avaConv,runOfRiver
ES,h4893,0.08964945654762461,scr2010,avaConv,runOfRiver
ES,h4894,0.08964945654762461,scr2010,avaConv,runOfRiver
ES,h4895,0.08964945654762461,scr2010,avaConv,runOfRiver
ES,h4896,0.08964945654762461,scr2010,avaConv,runOfRiver
ES,h4897,0.09022707323199208,scr2010,avaConv,runOfRiver
ES,h4898,0.09080469028621249,scr2010,avaConv,runOfRiver
ES,h4899,0.09138230770793292,scr2010,avaConv,runOfRiver
ES,h4900,0.09138230770793292,scr2010,avaConv,runOfRiver
ES,h4901,0.09138230770793292,scr2010,avaConv,runOfRiver
ES,h4902,0.09138230770793292,scr2010,avaConv,runOfRiver
ES,h4903,0.09138230770793292,scr2010,avaConv,runOfRiver
ES,h4904,0.09138230770793292,scr2010,avaConv,runOfRiver
ES,h4905,0.09138230770793292,scr2010,avaConv,runOfRiver
ES,h4906,0.09138230770793292,scr2010,avaConv,runOfRiver
ES,h4907,0.09138230770793292,scr2010,avaConv,runOfRiver
ES,h4908,0.09138230770793292,scr2010,avaConv,runOfRiver
ES,h4909,0.09138230770793292,scr2010,avaConv,runOfRiver
ES,h4910,0.09138230770793292,scr2010,avaConv,runOfRiver
ES,h4911,0.09138230770793292,scr2010,avaConv,runOfRiver
ES,h4912,0.09138230770793292,scr2010,avaConv,runOfRiver
ES,h4913,0.09138230770793292,scr2010,avaConv,runOfRiver
ES,h4914,0.09138230770793292,scr2010,avaConv,runOfRiver
ES,h4915,0.09138230770793292,scr2010,avaConv,runOfRiver
ES,h4916,0.09138230770793292,scr2010,avaConv,runOfRiver
ES,h4917,0.09138230770793292,scr2010,avaConv,runOfRiver
ES,h4918,0.09138230770793292,scr2010,avaConv,runOfRiver
ES,h4919,0.09138230770793292,scr2010,avaConv,runOfRiver
ES,h4920,0.09138230770793292,scr2010,avaConv,runOfRiver
ES,h4921,0.092026726724087,scr2010,avaConv,runOfRiver
ES,h4922,0.09267114619158472,scr2010,avaConv,runOfRiver
ES,h4923,0.0933155661072872,scr2010,avaConv,runOfRiver
ES,h4924,0.0933155661072872,scr2010,avaConv,runOfRiver
ES,h4925,0.0933155661072872,scr2010,avaConv,runOfRiver
ES,h4926,0.0933155661072872,scr2010,avaConv,runOfRiver
ES,h4927,0.0933155661072872,scr2010,avaConv,runOfRiver
ES,h4928,0.0933155661072872,scr2010,avaConv,runOfRiver
ES,h4929,0.0933155661072872,scr2010,avaConv,runOfRiver
ES,h4930,0.0933155661072872,scr2010,avaConv,runOfRiver
ES,h4931,0.0933155661072872,scr2010,avaConv,runOfRiver
ES,h4932,0.0933155661072872,scr2010,avaConv,runOfRiver
ES,h4933,0.0933155661072872,scr2010,avaConv,runOfRiver
ES,h4934,0.0933155661072872,scr2010,avaConv,runOfRiver
ES,h4935,0.0933155661072872,scr2010,avaConv,runOfRiver
ES,h4936,0.0933155661072872,scr2010,avaConv,runOfRiver
ES,h4937,0.0933155661072872,scr2010,avaConv,runOfRiver
ES,h4938,0.0933155661072872,scr2010,avaConv,runOfRiver
ES,h4939,0.0933155661072872,scr2010,avaConv,runOfRiver
ES,h4940,0.0933155661072872,scr2010,avaConv,runOfRiver
ES,h4941,0.0933155661072872,scr2010,avaConv,runOfRiver
ES,h4942,0.0933155661072872,scr2010,avaConv,runOfRiver
ES,h4943,0.0933155661072872,scr2010,avaConv,runOfRiver
ES,h4944,0.0933155661072872,scr2010,avaConv,runOfRiver
ES,h4945,0.09411042072571396,scr2010,avaConv,runOfRiver
ES,h4946,0.09490527601560236,scr2010,avaConv,runOfRiver
ES,h4947,0.09570013197132819,scr2010,avaConv,runOfRiver
ES,h4948,0.09570013197132819,scr2010,avaConv,runOfRiver
ES,h4949,0.09570013197132819,scr2010,avaConv,runOfRiver
ES,h4950,0.09570013197132819,scr2010,avaConv,runOfRiver
ES,h4951,0.09570013197132819,scr2010,avaConv,runOfRiver
ES,h4952,0.09570013197132819,scr2010,avaConv,runOfRiver
ES,h4953,0.09570013197132819,scr2010,avaConv,runOfRiver
ES,h4954,0.09570013197132819,scr2010,avaConv,runOfRiver
ES,h4955,0.09570013197132819,scr2010,avaConv,runOfRiver
ES,h4956,0.09570013197132819,scr2010,avaConv,runOfRiver
ES,h4957,0.09570013197132819,scr2010,avaConv,runOfRiver
ES,h4958,0.09570013197132819,scr2010,avaConv,runOfRiver
ES,h4959,0.09570013197132819,scr2010,avaConv,runOfRiver
ES,h4960,0.09570013197132819,scr2010,avaConv,runOfRiver
ES,h4961,0.09570013197132819,scr2010,avaConv,runOfRiver
ES,h4962,0.09570013197132819,scr2010,avaConv,runOfRiver
ES,h4963,0.09570013197132819,scr2010,avaConv,runOfRiver
ES,h4964,0.09570013197132819,scr2010,avaConv,runOfRiver
ES,h4965,0.09570013197132819,scr2010,avaConv,runOfRiver
ES,h4966,0.09570013197132819,scr2010,avaConv,runOfRiver
ES,h4967,0.09570013197132819,scr2010,avaConv,runOfRiver
ES,h4968,0.09570013197132819,scr2010,avaConv,runOfRiver
ES,h4969,0.09636885516580825,scr2010,avaConv,runOfRiver
ES,h4970,0.09703757882441334,scr2010,avaConv,runOfRiver
ES,h4971,0.09770630294394476,scr2010,avaConv,runOfRiver
ES,h4972,0.09770630294394476,scr2010,avaConv,runOfRiver
ES,h4973,0.09770630294394476,scr2010,avaConv,runOfRiver
ES,h4974,0.09770630294394476,scr2010,avaConv,runOfRiver
ES,h4975,0.09770630294394476,scr2010,avaConv,runOfRiver
ES,h4976,0.09770630294394476,scr2010,avaConv,runOfRiver
ES,h4977,0.09770630294394476,scr2010,avaConv,runOfRiver
ES,h4978,0.09770630294394476,scr2010,avaConv,runOfRiver
ES,h4979,0.09770630294394476,scr2010,avaConv,runOfRiver
ES,h4980,0.09770630294394476,scr2010,avaConv,runOfRiver
ES,h4981,0.09770630294394476,scr2010,avaConv,runOfRiver
ES,h4982,0.09770630294394476,scr2010,avaConv,runOfRiver
ES,h4983,0.09770630294394476,scr2010,avaConv,runOfRiver
ES,h4984,0.09770630294394476,scr2010,avaConv,runOfRiver
ES,h4985,0.09770630294394476,scr2010,avaConv,runOfRiver
ES,h4986,0.09770630294394476,scr2010,avaConv,runOfRiver
ES,h4987,0.09770630294394476,scr2010,avaConv,runOfRiver
ES,h4988,0.09770630294394476,scr2010,avaConv,runOfRiver
ES,h4989,0.09770630294394476,scr2010,avaConv,runOfRiver
ES,h4990,0.09770630294394476,scr2010,avaConv,runOfRiver
ES,h4991,0.09770630294394476,scr2010,avaConv,runOfRiver
ES,h4992,0.09770630294394476,scr2010,avaConv,runOfRiver
ES,h4993,0.09821984168377003,scr2010,avaConv,runOfRiver
ES,h4994,0.09873338069214356,scr2010,avaConv,runOfRiver
ES,h4995,0.09924691996766838,scr2010,avaConv,runOfRiver
ES,h4996,0.09924691996766838,scr2010,avaConv,runOfRiver
ES,h4997,0.09924691996766838,scr2010,avaConv,runOfRiver
ES,h4998,0.09924691996766838,scr2010,avaConv,runOfRiver
ES,h4999,0.09924691996766838,scr2010,avaConv,runOfRiver
ES,h5000,0.09924691996766838,scr2010,avaConv,runOfRiver
ES,h5001,0.09924691996766838,scr2010,avaConv,runOfRiver
ES,h5002,0.09924691996766838,scr2010,avaConv,runOfRiver
ES,h5003,0.09924691996766838,scr2010,avaConv,runOfRiver
ES,h5004,0.09924691996766838,scr2010,avaConv,runOfRiver
ES,h5005,0.09924691996766838,scr2010,avaConv,runOfRiver
ES,h5006,0.09924691996766838,scr2010,avaConv,runOfRiver
ES,h5007,0.09924691996766838,scr2010,avaConv,runOfRiver
ES,h5008,0.09924691996766838,scr2010,avaConv,runOfRiver
ES,h5009,0.09924691996766838,scr2010,avaConv,runOfRiver
ES,h5010,0.09924691996766838,scr2010,avaConv,runOfRiver
ES,h5011,0.09924691996766838,scr2010,avaConv,runOfRiver
ES,h5012,0.09924691996766838,scr2010,avaConv,runOfRiver
ES,h5013,0.09924691996766838,scr2010,avaConv,runOfRiver
ES,h5014,0.09924691996766838,scr2010,avaConv,runOfRiver
ES,h5015,0.09924691996766838,scr2010,avaConv,runOfRiver
ES,h5016,0.09924691996766838,scr2010,avaConv,runOfRiver
ES,h5017,0.09974542338008835,scr2010,avaConv,runOfRiver
ES,h5018,0.10024392704169019,scr2010,avaConv,runOfRiver
ES,h5019,0.10074243095123463,scr2010,avaConv,runOfRiver
ES,h5020,0.10074243095123463,scr2010,avaConv,runOfRiver
ES,h5021,0.10074243095123463,scr2010,avaConv,runOfRiver
ES,h5022,0.10074243095123463,scr2010,avaConv,runOfRiver
ES,h5023,0.10074243095123463,scr2010,avaConv,runOfRiver
ES,h5024,0.10074243095123463,scr2010,avaConv,runOfRiver
ES,h5025,0.10074243095123463,scr2010,avaConv,runOfRiver
ES,h5026,0.10074243095123463,scr2010,avaConv,runOfRiver
ES,h5027,0.10074243095123463,scr2010,avaConv,runOfRiver
ES,h5028,0.10074243095123463,scr2010,avaConv,runOfRiver
ES,h5029,0.10074243095123463,scr2010,avaConv,runOfRiver
ES,h5030,0.10074243095123463,scr2010,avaConv,runOfRiver
ES,h5031,0.10074243095123463,scr2010,avaConv,runOfRiver
ES,h5032,0.10074243095123463,scr2010,avaConv,runOfRiver
ES,h5033,0.10074243095123463,scr2010,avaConv,runOfRiver
ES,h5034,0.10074243095123463,scr2010,avaConv,runOfRiver
ES,h5035,0.10074243095123463,scr2010,avaConv,runOfRiver
ES,h5036,0.10074243095123463,scr2010,avaConv,runOfRiver
ES,h5037,0.10074243095123463,scr2010,avaConv,runOfRiver
ES,h5038,0.10074243095123463,scr2010,avaConv,runOfRiver
ES,h5039,0.10074243095123463,scr2010,avaConv,runOfRiver
ES,h5040,0.10074243095123463,scr2010,avaConv,runOfRiver
ES,h5041,0.10157076576841709,scr2010,avaConv,runOfRiver
ES,h5042,0.10239910126124264,scr2010,avaConv,runOfRiver
ES,h5043,0.10322743742424541,scr2010,avaConv,runOfRiver
ES,h5044,0.10322743742424541,scr2010,avaConv,runOfRiver
ES,h5045,0.10322743742424541,scr2010,avaConv,runOfRiver
ES,h5046,0.10322743742424541,scr2010,avaConv,runOfRiver
ES,h5047,0.10322743742424541,scr2010,avaConv,runOfRiver
ES,h5048,0.10322743742424541,scr2010,avaConv,runOfRiver
ES,h5049,0.10322743742424541,scr2010,avaConv,runOfRiver
ES,h5050,0.10322743742424541,scr2010,avaConv,runOfRiver
ES,h5051,0.10322743742424541,scr2010,avaConv,runOfRiver
ES,h5052,0.10322743742424541,scr2010,avaConv,runOfRiver
ES,h5053,0.10322743742424541,scr2010,avaConv,runOfRiver
ES,h5054,0.10322743742424541,scr2010,avaConv,runOfRiver
ES,h5055,0.10322743742424541,scr2010,avaConv,runOfRiver
ES,h5056,0.10322743742424541,scr2010,avaConv,runOfRiver
ES,h5057,0.10322743742424541,scr2010,avaConv,runOfRiver
ES,h5058,0.10322743742424541,scr2010,avaConv,runOfRiver
ES,h5059,0.10322743742424541,scr2010,avaConv,runOfRiver
ES,h5060,0.10322743742424541,scr2010,avaConv,runOfRiver
ES,h5061,0.10322743742424541,scr2010,avaConv,runOfRiver
ES,h5062,0.10322743742424541,scr2010,avaConv,runOfRiver
ES,h5063,0.10322743742424541,scr2010,avaConv,runOfRiver
ES,h5064,0.10322743742424541,scr2010,avaConv,runOfRiver
ES,h5065,0.10405405172181119,scr2010,avaConv,runOfRiver
ES,h5066,0.1048806666761543,scr2010,avaConv,runOfRiver
ES,h5067,0.10570728228209791,scr2010,avaConv,runOfRiver
ES,h5068,0.10570728228209791,scr2010,avaConv,runOfRiver
ES,h5069,0.10570728228209791,scr2010,avaConv,runOfRiver
ES,h5070,0.10570728228209791,scr2010,avaConv,runOfRiver
ES,h5071,0.10570728228209791,scr2010,avaConv,runOfRiver
ES,h5072,0.10570728228209791,scr2010,avaConv,runOfRiver
ES,h5073,0.10570728228209791,scr2010,avaConv,runOfRiver
ES,h5074,0.10570728228209791,scr2010,avaConv,runOfRiver
ES,h5075,0.10570728228209791,scr2010,avaConv,runOfRiver
ES,h5076,0.10570728228209791,scr2010,avaConv,runOfRiver
ES,h5077,0.10570728228209791,scr2010,avaConv,runOfRiver
ES,h5078,0.10570728228209791,scr2010,avaConv,runOfRiver
ES,h5079,0.10570728228209791,scr2010,avaConv,runOfRiver
ES,h5080,0.10570728228209791,scr2010,avaConv,runOfRiver
ES,h5081,0.10570728228209791,scr2010,avaConv,runOfRiver
ES,h5082,0.10570728228209791,scr2010,avaConv,runOfRiver
ES,h5083,0.10570728228209791,scr2010,avaConv,runOfRiver
ES,h5084,0.10570728228209791,scr2010,avaConv,runOfRiver
ES,h5085,0.10570728228209791,scr2010,avaConv,runOfRiver
ES,h5086,0.10570728228209791,scr2010,avaConv,runOfRiver
ES,h5087,0.10570728228209791,scr2010,avaConv,runOfRiver
ES,h5088,0.10570728228209791,scr2010,avaConv,runOfRiver
ES,h5089,0.10637127631528542,scr2010,avaConv,runOfRiver
ES,h5090,0.10703527076301733,scr2010,avaConv,runOfRiver
ES,h5091,0.10769926562272188,scr2010,avaConv,runOfRiver
ES,h5092,0.10769926562272188,scr2010,avaConv,runOfRiver
ES,h5093,0.10769926562272188,scr2010,avaConv,runOfRiver
ES,h5094,0.10769926562272188,scr2010,avaConv,runOfRiver
ES,h5095,0.10769926562272188,scr2010,avaConv,runOfRiver
ES,h5096,0.10769926562272188,scr2010,avaConv,runOfRiver
ES,h5097,0.10769926562272188,scr2010,avaConv,runOfRiver
ES,h5098,0.10769926562272188,scr2010,avaConv,runOfRiver
ES,h5099,0.10769926562272188,scr2010,avaConv,runOfRiver
ES,h5100,0.10769926562272188,scr2010,avaConv,runOfRiver
ES,h5101,0.10769926562272188,scr2010,avaConv,runOfRiver
ES,h5102,0.10769926562272188,scr2010,avaConv,runOfRiver
ES,h5103,0.10769926562272188,scr2010,avaConv,runOfRiver
ES,h5104,0.10769926562272188,scr2010,avaConv,runOfRiver
ES,h5105,0.10769926562272188,scr2010,avaConv,runOfRiver
ES,h5106,0.10769926562272188,scr2010,avaConv,runOfRiver
ES,h5107,0.10769926562272188,scr2010,avaConv,runOfRiver
ES,h5108,0.10769926562272188,scr2010,avaConv,runOfRiver
ES,h5109,0.10769926562272188,scr2010,avaConv,runOfRiver
ES,h5110,0.10769926562272188,scr2010,avaConv,runOfRiver
ES,h5111,0.10769926562272188,scr2010,avaConv,runOfRiver
ES,h5112,0.10769926562272188,scr2010,avaConv,runOfRiver
ES,h5113,0.10834381827276535,scr2010,avaConv,runOfRiver
ES,h5114,0.10898837130631954,scr2010,avaConv,runOfRiver
ES,h5115,0.10963292472111627,scr2010,avaConv,runOfRiver
ES,h5116,0.10963292472111627,scr2010,avaConv,runOfRiver
ES,h5117,0.10963292472111627,scr2010,avaConv,runOfRiver
ES,h5118,0.10963292472111627,scr2010,avaConv,runOfRiver
ES,h5119,0.10963292472111627,scr2010,avaConv,runOfRiver
ES,h5120,0.10963292472111627,scr2010,avaConv,runOfRiver
ES,h5121,0.10963292472111627,scr2010,avaConv,runOfRiver
ES,h5122,0.10963292472111627,scr2010,avaConv,runOfRiver
ES,h5123,0.10963292472111627,scr2010,avaConv,runOfRiver
ES,h5124,0.10963292472111627,scr2010,avaConv,runOfRiver
ES,h5125,0.10963292472111627,scr2010,avaConv,runOfRiver
ES,h5126,0.10963292472111627,scr2010,avaConv,runOfRiver
ES,h5127,0.10963292472111627,scr2010,avaConv,runOfRiver
ES,h5128,0.10963292472111627,scr2010,avaConv,runOfRiver
ES,h5129,0.10963292472111627,scr2010,avaConv,runOfRiver
ES,h5130,0.10963292472111627,scr2010,avaConv,runOfRiver
ES,h5131,0.10963292472111627,scr2010,avaConv,runOfRiver
ES,h5132,0.10963292472111627,scr2010,avaConv,runOfRiver
ES,h5133,0.10963292472111627,scr2010,avaConv,runOfRiver
ES,h5134,0.10963292472111627,scr2010,avaConv,runOfRiver
ES,h5135,0.10963292472111627,scr2010,avaConv,runOfRiver
ES,h5136,0.10963292472111627,scr2010,avaConv,runOfRiver
ES,h5137,0.11021288487615878,scr2010,avaConv,runOfRiver
ES,h5138,0.11079284533643075,scr2010,avaConv,runOfRiver
ES,h5139,0.11137280610033433,scr2010,avaConv,runOfRiver
ES,h5140,0.11137280610033433,scr2010,avaConv,runOfRiver
ES,h5141,0.11137280610033433,scr2010,avaConv,runOfRiver
ES,h5142,0.11137280610033433,scr2010,avaConv,runOfRiver
ES,h5143,0.11137280610033433,scr2010,avaConv,runOfRiver
ES,h5144,0.11137280610033433,scr2010,avaConv,runOfRiver
ES,h5145,0.11137280610033433,scr2010,avaConv,runOfRiver
ES,h5146,0.11137280610033433,scr2010,avaConv,runOfRiver
ES,h5147,0.11137280610033433,scr2010,avaConv,runOfRiver
ES,h5148,0.11137280610033433,scr2010,avaConv,runOfRiver
ES,h5149,0.11137280610033433,scr2010,avaConv,runOfRiver
ES,h5150,0.11137280610033433,scr2010,avaConv,runOfRiver
ES,h5151,0.11137280610033433,scr2010,avaConv,runOfRiver
ES,h5152,0.11137280610033433,scr2010,avaConv,runOfRiver
ES,h5153,0.11137280610033433,scr2010,avaConv,runOfRiver
ES,h5154,0.11137280610033433,scr2010,avaConv,runOfRiver
ES,h5155,0.11137280610033433,scr2010,avaConv,runOfRiver
ES,h5156,0.11137280610033433,scr2010,avaConv,runOfRiver
ES,h5157,0.11137280610033433,scr2010,avaConv,runOfRiver
ES,h5158,0.11137280610033433,scr2010,avaConv,runOfRiver
ES,h5159,0.11137280610033433,scr2010,avaConv,runOfRiver
ES,h5160,0.11137280610033433,scr2010,avaConv,runOfRiver
ES,h5161,0.11205062383261039,scr2010,avaConv,runOfRiver
ES,h5162,0.11272844197497069,scr2010,avaConv,runOfRiver
ES,h5163,0.11340626052494926,scr2010,avaConv,runOfRiver
ES,h5164,0.11340626052494926,scr2010,avaConv,runOfRiver
ES,h5165,0.11340626052494926,scr2010,avaConv,runOfRiver
ES,h5166,0.11340626052494926,scr2010,avaConv,runOfRiver
ES,h5167,0.11340626052494926,scr2010,avaConv,runOfRiver
ES,h5168,0.11340626052494926,scr2010,avaConv,runOfRiver
ES,h5169,0.11340626052494926,scr2010,avaConv,runOfRiver
ES,h5170,0.11340626052494926,scr2010,avaConv,runOfRiver
ES,h5171,0.11340626052494926,scr2010,avaConv,runOfRiver
ES,h5172,0.11340626052494926,scr2010,avaConv,runOfRiver
ES,h5173,0.11340626052494926,scr2010,avaConv,runOfRiver
ES,h5174,0.11340626052494926,scr2010,avaConv,runOfRiver
ES,h5175,0.11340626052494926,scr2010,avaConv,runOfRiver
ES,h5176,0.11340626052494926,scr2010,avaConv,runOfRiver
ES,h5177,0.11340626052494926,scr2010,avaConv,runOfRiver
ES,h5178,0.11340626052494926,scr2010,avaConv,runOfRiver
ES,h5179,0.11340626052494926,scr2010,avaConv,runOfRiver
ES,h5180,0.11340626052494926,scr2010,avaConv,runOfRiver
ES,h5181,0.11340626052494926,scr2010,avaConv,runOfRiver
ES,h5182,0.11340626052494926,scr2010,avaConv,runOfRiver
ES,h5183,0.11340626052494926,scr2010,avaConv,runOfRiver
ES,h5184,0.11340626052494926,scr2010,avaConv,runOfRiver
ES,h5185,0.11409694637402903,scr2010,avaConv,runOfRiver
ES,h5186,0.11478763264127291,scr2010,avaConv,runOfRiver
ES,h5187,0.1154783193241646,scr2010,avaConv,runOfRiver
ES,h5188,0.1154783193241646,scr2010,avaConv,runOfRiver
ES,h5189,0.1154783193241646,scr2010,avaConv,runOfRiver
ES,h5190,0.1154783193241646,scr2010,avaConv,runOfRiver
ES,h5191,0.1154783193241646,scr2010,avaConv,runOfRiver
ES,h5192,0.1154783193241646,scr2010,avaConv,runOfRiver
ES,h5193,0.1154783193241646,scr2010,avaConv,runOfRiver
ES,h5194,0.1154783193241646,scr2010,avaConv,runOfRiver
ES,h5195,0.1154783193241646,scr2010,avaConv,runOfRiver
ES,h5196,0.1154783193241646,scr2010,avaConv,runOfRiver
ES,h5197,0.1154783193241646,scr2010,avaConv,runOfRiver
ES,h5198,0.1154783193241646,scr2010,avaConv,runOfRiver
ES,h5199,0.1154783193241646,scr2010,avaConv,runOfRiver
ES,h5200,0.1154783193241646,scr2010,avaConv,runOfRiver
ES,h5201,0.1154783193241646,scr2010,avaConv,runOfRiver
ES,h5202,0.1154783193241646,scr2010,avaConv,runOfRiver
ES,h5203,0.1154783193241646,scr2010,avaConv,runOfRiver
ES,h5204,0.1154783193241646,scr2010,avaConv,runOfRiver
ES,h5205,0.1154783193241646,scr2010,avaConv,runOfRiver
ES,h5206,0.1154783193241646,scr2010,avaConv,runOfRiver
ES,h5207,0.1154783193241646,scr2010,avaConv,runOfRiver
ES,h5208,0.1154783193241646,scr2010,avaConv,runOfRiver
ES,h5209,0.1161621345822369,scr2010,avaConv,runOfRiver
ES,h5210,0.11684595024290632,scr2010,avaConv,runOfRiver
ES,h5211,0.1175297663038167,scr2010,avaConv,runOfRiver
ES,h5212,0.1175297663038167,scr2010,avaConv,runOfRiver
ES,h5213,0.1175297663038167,scr2010,avaConv,runOfRiver
ES,h5214,0.1175297663038167,scr2010,avaConv,runOfRiver
ES,h5215,0.1175297663038167,scr2010,avaConv,runOfRiver
ES,h5216,0.1175297663038167,scr2010,avaConv,runOfRiver
ES,h5217,0.1175297663038167,scr2010,avaConv,runOfRiver
ES,h5218,0.1175297663038167,scr2010,avaConv,runOfRiver
ES,h5219,0.1175297663038167,scr2010,avaConv,runOfRiver
ES,h5220,0.1175297663038167,scr2010,avaConv,runOfRiver
ES,h5221,0.1175297663038167,scr2010,avaConv,runOfRiver
ES,h5222,0.1175297663038167,scr2010,avaConv,runOfRiver
ES,h5223,0.1175297663038167,scr2010,avaConv,runOfRiver
ES,h5224,0.1175297663038167,scr2010,avaConv,runOfRiver
ES,h5225,0.1175297663038167,scr2010,avaConv,runOfRiver
ES,h5226,0.1175297663038167,scr2010,avaConv,runOfRiver
ES,h5227,0.1175297663038167,scr2010,avaConv,runOfRiver
ES,h5228,0.1175297663038167,scr2010,avaConv,runOfRiver
ES,h5229,0.1175297663038167,scr2010,avaConv,runOfRiver
ES,h5230,0.1175297663038167,scr2010,avaConv,runOfRiver
ES,h5231,0.1175297663038167,scr2010,avaConv,runOfRiver
ES,h5232,0.1175297663038167,scr2010,avaConv,runOfRiver
ES,h5233,0.11817015649981868,scr2010,avaConv,runOfRiver
ES,h5234,0.11881054704290672,scr2010,avaConv,runOfRiver
ES,h5235,0.11945093793120995,scr2010,avaConv,runOfRiver
ES,h5236,0.11945093793120995,scr2010,avaConv,runOfRiver
ES,h5237,0.11945093793120995,scr2010,avaConv,runOfRiver
ES,h5238,0.11945093793120995,scr2010,avaConv,runOfRiver
ES,h5239,0.11945093793120995,scr2010,avaConv,runOfRiver
ES,h5240,0.11945093793120995,scr2010,avaConv,runOfRiver
ES,h5241,0.11945093793120995,scr2010,avaConv,runOfRiver
ES,h5242,0.11945093793120995,scr2010,avaConv,runOfRiver
ES,h5243,0.11945093793120995,scr2010,avaConv,runOfRiver
ES,h5244,0.11945093793120995,scr2010,avaConv,runOfRiver
ES,h5245,0.11945093793120995,scr2010,avaConv,runOfRiver
ES,h5246,0.11945093793120995,scr2010,avaConv,runOfRiver
ES,h5247,0.11945093793120995,scr2010,avaConv,runOfRiver
ES,h5248,0.11945093793120995,scr2010,avaConv,runOfRiver
ES,h5249,0.11945093793120995,scr2010,avaConv,runOfRiver
ES,h5250,0.11945093793120995,scr2010,avaConv,runOfRiver
ES,h5251,0.11945093793120995,scr2010,avaConv,runOfRiver
ES,h5252,0.11945093793120995,scr2010,avaConv,runOfRiver
ES,h5253,0.11945093793120995,scr2010,avaConv,runOfRiver
ES,h5254,0.11945093793120995,scr2010,avaConv,runOfRiver
ES,h5255,0.11945093793120995,scr2010,avaConv,runOfRiver
ES,h5256,0.11945093793120995,scr2010,avaConv,runOfRiver
ES,h5257,0.12020197187585305,scr2010,avaConv,runOfRiver
ES,h5258,0.12095300628980879,scr2010,avaConv,runOfRiver
ES,h5259,0.12170404117016304,scr2010,avaConv,runOfRiver
ES,h5260,0.12170404117016304,scr2010,avaConv,runOfRiver
ES,h5261,0.12170404117016304,scr2010,avaConv,runOfRiver
ES,h5262,0.12170404117016304,scr2010,avaConv,runOfRiver
ES,h5263,0.12170404117016304,scr2010,avaConv,runOfRiver
ES,h5264,0.12170404117016304,scr2010,avaConv,runOfRiver
ES,h5265,0.12170404117016304,scr2010,avaConv,runOfRiver
ES,h5266,0.12170404117016304,scr2010,avaConv,runOfRiver
ES,h5267,0.12170404117016304,scr2010,avaConv,runOfRiver
ES,h5268,0.12170404117016304,scr2010,avaConv,runOfRiver
ES,h5269,0.12170404117016304,scr2010,avaConv,runOfRiver
ES,h5270,0.12170404117016304,scr2010,avaConv,runOfRiver
ES,h5271,0.12170404117016304,scr2010,avaConv,runOfRiver
ES,h5272,0.12170404117016304,scr2010,avaConv,runOfRiver
ES,h5273,0.12170404117016304,scr2010,avaConv,runOfRiver
ES,h5274,0.12170404117016304,scr2010,avaConv,runOfRiver
ES,h5275,0.12170404117016304,scr2010,avaConv,runOfRiver
ES,h5276,0.12170404117016304,scr2010,avaConv,runOfRiver
ES,h5277,0.12170404117016304,scr2010,avaConv,runOfRiver
ES,h5278,0.12170404117016304,scr2010,avaConv,runOfRiver
ES,h5279,0.12170404117016304,scr2010,avaConv,runOfRiver
ES,h5280,0.12170404117016304,scr2010,avaConv,runOfRiver
ES,h5281,0.1225443715770933,scr2010,avaConv,runOfRiver
ES,h5282,0.12338470256033911,scr2010,avaConv,runOfRiver
ES,h5283,0.12422503411597521,scr2010,avaConv,runOfRiver
ES,h5284,0.12422503411597521,scr2010,avaConv,runOfRiver
ES,h5285,0.12422503411597521,scr2010,avaConv,runOfRiver
ES,h5286,0.12422503411597521,scr2010,avaConv,runOfRiver
ES,h5287,0.12422503411597521,scr2010,avaConv,runOfRiver
ES,h5288,0.12422503411597521,scr2010,avaConv,runOfRiver
ES,h5289,0.12422503411597521,scr2010,avaConv,runOfRiver
ES,h5290,0.12422503411597521,scr2010,avaConv,runOfRiver
ES,h5291,0.12422503411597521,scr2010,avaConv,runOfRiver
ES,h5292,0.12422503411597521,scr2010,avaConv,runOfRiver
ES,h5293,0.12422503411597521,scr2010,avaConv,runOfRiver
ES,h5294,0.12422503411597521,scr2010,avaConv,runOfRiver
ES,h5295,0.12422503411597521,scr2010,avaConv,runOfRiver
ES,h5296,0.12422503411597521,scr2010,avaConv,runOfRiver
ES,h5297,0.12422503411597521,scr2010,avaConv,runOfRiver
ES,h5298,0.12422503411597521,scr2010,avaConv,runOfRiver
ES,h5299,0.12422503411597521,scr2010,avaConv,runOfRiver
ES,h5300,0.12422503411597521,scr2010,avaConv,runOfRiver
ES,h5301,0.12422503411597521,scr2010,avaConv,runOfRiver
ES,h5302,0.12422503411597521,scr2010,avaConv,runOfRiver
ES,h5303,0.12422503411597521,scr2010,avaConv,runOfRiver
ES,h5304,0.12422503411597521,scr2010,avaConv,runOfRiver
ES,h5305,0.12489396964432768,scr2010,avaConv,runOfRiver
ES,h5306,0.1255629055310054,scr2010,avaConv,runOfRiver
ES,h5307,0.12623184177409938,scr2010,avaConv,runOfRiver
ES,h5308,0.12623184177409938,scr2010,avaConv,runOfRiver
ES,h5309,0.12623184177409938,scr2010,avaConv,runOfRiver
ES,h5310,0.12623184177409938,scr2010,avaConv,runOfRiver
ES,h5311,0.12623184177409938,scr2010,avaConv,runOfRiver
ES,h5312,0.12623184177409938,scr2010,avaConv,runOfRiver
ES,h5313,0.12623184177409938,scr2010,avaConv,runOfRiver
ES,h5314,0.12623184177409938,scr2010,avaConv,runOfRiver
ES,h5315,0.12623184177409938,scr2010,avaConv,runOfRiver
ES,h5316,0.12623184177409938,scr2010,avaConv,runOfRiver
ES,h5317,0.12623184177409938,scr2010,avaConv,runOfRiver
ES,h5318,0.12623184177409938,scr2010,avaConv,runOfRiver
ES,h5319,0.12623184177409938,scr2010,avaConv,runOfRiver
ES,h5320,0.12623184177409938,scr2010,avaConv,runOfRiver
ES,h5321,0.12623184177409938,scr2010,avaConv,runOfRiver
ES,h5322,0.12623184177409938,scr2010,avaConv,runOfRiver
ES,h5323,0.12623184177409938,scr2010,avaConv,runOfRiver
ES,h5324,0.12623184177409938,scr2010,avaConv,runOfRiver
ES,h5325,0.12623184177409938,scr2010,avaConv,runOfRiver
ES,h5326,0.12623184177409938,scr2010,avaConv,runOfRiver
ES,h5327,0.12623184177409938,scr2010,avaConv,runOfRiver
ES,h5328,0.12623184177409938,scr2010,avaConv,runOfRiver
ES,h5329,0.1269960198021879,scr2010,avaConv,runOfRiver
ES,h5330,0.12776019829016053,scr2010,avaConv,runOfRiver
ES,h5331,0.1285243772352665,scr2010,avaConv,runOfRiver
ES,h5332,0.1285243772352665,scr2010,avaConv,runOfRiver
ES,h5333,0.1285243772352665,scr2010,avaConv,runOfRiver
ES,h5334,0.1285243772352665,scr2010,avaConv,runOfRiver
ES,h5335,0.1285243772352665,scr2010,avaConv,runOfRiver
ES,h5336,0.1285243772352665,scr2010,avaConv,runOfRiver
ES,h5337,0.1285243772352665,scr2010,avaConv,runOfRiver
ES,h5338,0.1285243772352665,scr2010,avaConv,runOfRiver
ES,h5339,0.1285243772352665,scr2010,avaConv,runOfRiver
ES,h5340,0.1285243772352665,scr2010,avaConv,runOfRiver
ES,h5341,0.1285243772352665,scr2010,avaConv,runOfRiver
ES,h5342,0.1285243772352665,scr2010,avaConv,runOfRiver
ES,h5343,0.1285243772352665,scr2010,avaConv,runOfRiver
ES,h5344,0.1285243772352665,scr2010,avaConv,runOfRiver
ES,h5345,0.1285243772352665,scr2010,avaConv,runOfRiver
ES,h5346,0.1285243772352665,scr2010,avaConv,runOfRiver
ES,h5347,0.1285243772352665,scr2010,avaConv,runOfRiver
ES,h5348,0.1285243772352665,scr2010,avaConv,runOfRiver
ES,h5349,0.1285243772352665,scr2010,avaConv,runOfRiver
ES,h5350,0.1285243772352665,scr2010,avaConv,runOfRiver
ES,h5351,0.1285243772352665,scr2010,avaConv,runOfRiver
ES,h5352,0.1285243772352665,scr2010,avaConv,runOfRiver
ES,h5353,0.1285519813666486,scr2010,avaConv,runOfRiver
ES,h5354,0.12857958549862358,scr2010,avaConv,runOfRiver
ES,h5355,0.12860718963119125,scr2010,avaConv,runOfRiver
ES,h5356,0.12860718963119125,scr2010,avaConv,runOfRiver
ES,h5357,0.12860718963119125,scr2010,avaConv,runOfRiver
ES,h5358,0.12860718963119125,scr2010,avaConv,runOfRiver
ES,h5359,0.12860718963119125,scr2010,avaConv,runOfRiver
ES,h5360,0.12860718963119125,scr2010,avaConv,runOfRiver
ES,h5361,0.12860718963119125,scr2010,avaConv,runOfRiver
ES,h5362,0.12860718963119125,scr2010,avaConv,runOfRiver
ES,h5363,0.12860718963119125,scr2010,avaConv,runOfRiver
ES,h5364,0.12860718963119125,scr2010,avaConv,runOfRiver
ES,h5365,0.12860718963119125,scr2010,avaConv,runOfRiver
ES,h5366,0.12860718963119125,scr2010,avaConv,runOfRiver
ES,h5367,0.12860718963119125,scr2010,avaConv,runOfRiver
ES,h5368,0.12860718963119125,scr2010,avaConv,runOfRiver
ES,h5369,0.12860718963119125,scr2010,avaConv,runOfRiver
ES,h5370,0.12860718963119125,scr2010,avaConv,runOfRiver
ES,h5371,0.12860718963119125,scr2010,avaConv,runOfRiver
ES,h5372,0.12860718963119125,scr2010,avaConv,runOfRiver
ES,h5373,0.12860718963119125,scr2010,avaConv,runOfRiver
ES,h5374,0.12860718963119125,scr2010,avaConv,runOfRiver
ES,h5375,0.12860718963119125,scr2010,avaConv,runOfRiver
ES,h5376,0.12860718963119125,scr2010,avaConv,runOfRiver
ES,h5377,0.12854652973000524,scr2010,avaConv,runOfRiver
ES,h5378,0.12848586983168198,scr2010,avaConv,runOfRiver
ES,h5379,0.12842520993622292,scr2010,avaConv,runOfRiver
ES,h5380,0.12842520993622292,scr2010,avaConv,runOfRiver
ES,h5381,0.12842520993622292,scr2010,avaConv,runOfRiver
ES,h5382,0.12842520993622292,scr2010,avaConv,runOfRiver
ES,h5383,0.12842520993622292,scr2010,avaConv,runOfRiver
ES,h5384,0.12842520993622292,scr2010,avaConv,runOfRiver
ES,h5385,0.12842520993622292,scr2010,avaConv,runOfRiver
ES,h5386,0.12842520993622292,scr2010,avaConv,runOfRiver
ES,h5387,0.12842520993622292,scr2010,avaConv,runOfRiver
ES,h5388,0.12842520993622292,scr2010,avaConv,runOfRiver
ES,h5389,0.12842520993622292,scr2010,avaConv,runOfRiver
ES,h5390,0.12842520993622292,scr2010,avaConv,runOfRiver
ES,h5391,0.12842520993622292,scr2010,avaConv,runOfRiver
ES,h5392,0.12842520993622292,scr2010,avaConv,runOfRiver
ES,h5393,0.12842520993622292,scr2010,avaConv,runOfRiver
ES,h5394,0.12842520993622292,scr2010,avaConv,runOfRiver
ES,h5395,0.12842520993622292,scr2010,avaConv,runOfRiver
ES,h5396,0.12842520993622292,scr2010,avaConv,runOfRiver
ES,h5397,0.12842520993622292,scr2010,avaConv,runOfRiver
ES,h5398,0.12842520993622292,scr2010,avaConv,runOfRiver
ES,h5399,0.12842520993622292,scr2010,avaConv,runOfRiver
ES,h5400,0.12842520993622292,scr2010,avaConv,runOfRiver
ES,h5401,0.12836448959236477,scr2010,avaConv,runOfRiver
ES,h5402,0.12830376925137912,scr2010,avaConv,runOfRiver
ES,h5403,0.12824304891326738,scr2010,avaConv,runOfRiver
ES,h5404,0.12824304891326738,scr2010,avaConv,runOfRiver
ES,h5405,0.12824304891326738,scr2010,avaConv,runOfRiver
ES,h5406,0.12824304891326738,scr2010,avaConv,runOfRiver
ES,h5407,0.12824304891326738,scr2010,avaConv,runOfRiver
ES,h5408,0.12824304891326738,scr2010,avaConv,runOfRiver
ES,h5409,0.12824304891326738,scr2010,avaConv,runOfRiver
ES,h5410,0.12824304891326738,scr2010,avaConv,runOfRiver
ES,h5411,0.12824304891326738,scr2010,avaConv,runOfRiver
ES,h5412,0.12824304891326738,scr2010,avaConv,runOfRiver
ES,h5413,0.12824304891326738,scr2010,avaConv,runOfRiver
ES,h5414,0.12824304891326738,scr2010,avaConv,runOfRiver
ES,h5415,0.12824304891326738,scr2010,avaConv,runOfRiver
ES,h5416,0.12824304891326738,scr2010,avaConv,runOfRiver
ES,h5417,0.12824304891326738,scr2010,avaConv,runOfRiver
ES,h5418,0.12824304891326738,scr2010,avaConv,runOfRiver
ES,h5419,0.12824304891326738,scr2010,avaConv,runOfRiver
ES,h5420,0.12824304891326738,scr2010,avaConv,runOfRiver
ES,h5421,0.12824304891326738,scr2010,avaConv,runOfRiver
ES,h5422,0.12824304891326738,scr2010,avaConv,runOfRiver
ES,h5423,0.12824304891326738,scr2010,avaConv,runOfRiver
ES,h5424,0.12824304891326738,scr2010,avaConv,runOfRiver
ES,h5425,0.12837214285188495,scr2010,avaConv,runOfRiver
ES,h5426,0.12850123680348585,scr2010,avaConv,runOfRiver
ES,h5427,0.12863033076805705,scr2010,avaConv,runOfRiver
ES,h5428,0.12863033076805705,scr2010,avaConv,runOfRiver
ES,h5429,0.12863033076805705,scr2010,avaConv,runOfRiver
ES,h5430,0.12863033076805705,scr2010,avaConv,runOfRiver
ES,h5431,0.12863033076805705,scr2010,avaConv,runOfRiver
ES,h5432,0.12863033076805705,scr2010,avaConv,runOfRiver
ES,h5433,0.12863033076805705,scr2010,avaConv,runOfRiver
ES,h5434,0.12863033076805705,scr2010,avaConv,runOfRiver
ES,h5435,0.12863033076805705,scr2010,avaConv,runOfRiver
ES,h5436,0.12863033076805705,scr2010,avaConv,runOfRiver
ES,h5437,0.12863033076805705,scr2010,avaConv,runOfRiver
ES,h5438,0.12863033076805705,scr2010,avaConv,runOfRiver
ES,h5439,0.12863033076805705,scr2010,avaConv,runOfRiver
ES,h5440,0.12863033076805705,scr2010,avaConv,runOfRiver
ES,h5441,0.12863033076805705,scr2010,avaConv,runOfRiver
ES,h5442,0.12863033076805705,scr2010,avaConv,runOfRiver
ES,h5443,0.12863033076805705,scr2010,avaConv,runOfRiver
ES,h5444,0.12863033076805705,scr2010,avaConv,runOfRiver
ES,h5445,0.12863033076805705,scr2010,avaConv,runOfRiver
ES,h5446,0.12863033076805705,scr2010,avaConv,runOfRiver
ES,h5447,0.12863033076805705,scr2010,avaConv,runOfRiver
ES,h5448,0.12863033076805705,scr2010,avaConv,runOfRiver
ES,h5449,0.12865457532270003,scr2010,avaConv,runOfRiver
ES,h5450,0.1286788198777999,scr2010,avaConv,runOfRiver
ES,h5451,0.12870306443335663,scr2010,avaConv,runOfRiver
ES,h5452,0.12870306443335663,scr2010,avaConv,runOfRiver
ES,h5453,0.12870306443335663,scr2010,avaConv,runOfRiver
ES,h5454,0.12870306443335663,scr2010,avaConv,runOfRiver
ES,h5455,0.12870306443335663,scr2010,avaConv,runOfRiver
ES,h5456,0.12870306443335663,scr2010,avaConv,runOfRiver
ES,h5457,0.12870306443335663,scr2010,avaConv,runOfRiver
ES,h5458,0.12870306443335663,scr2010,avaConv,runOfRiver
ES,h5459,0.12870306443335663,scr2010,avaConv,runOfRiver
ES,h5460,0.12870306443335663,scr2010,avaConv,runOfRiver
ES,h5461,0.12870306443335663,scr2010,avaConv,runOfRiver
ES,h5462,0.12870306443335663,scr2010,avaConv,runOfRiver
ES,h5463,0.12870306443335663,scr2010,avaConv,runOfRiver
ES,h5464,0.12870306443335663,scr2010,avaConv,runOfRiver
ES,h5465,0.12870306443335663,scr2010,avaConv,runOfRiver
ES,h5466,0.12870306443335663,scr2010,avaConv,runOfRiver
ES,h5467,0.12870306443335663,scr2010,avaConv,runOfRiver
ES,h5468,0.12870306443335663,scr2010,avaConv,runOfRiver
ES,h5469,0.12870306443335663,scr2010,avaConv,runOfRiver
ES,h5470,0.12870306443335663,scr2010,avaConv,runOfRiver
ES,h5471,0.12870306443335663,scr2010,avaConv,runOfRiver
ES,h5472,0.12870306443335663,scr2010,avaConv,runOfRiver
ES,h5473,0.12877999677737392,scr2010,avaConv,runOfRiver
ES,h5474,0.1288569291259876,scr2010,avaConv,runOfRiver
ES,h5475,0.1289338614791949,scr2010,avaConv,runOfRiver
ES,h5476,0.1289338614791949,scr2010,avaConv,runOfRiver
ES,h5477,0.1289338614791949,scr2010,avaConv,runOfRiver
ES,h5478,0.1289338614791949,scr2010,avaConv,runOfRiver
ES,h5479,0.1289338614791949,scr2010,avaConv,runOfRiver
ES,h5480,0.1289338614791949,scr2010,avaConv,runOfRiver
ES,h5481,0.1289338614791949,scr2010,avaConv,runOfRiver
ES,h5482,0.1289338614791949,scr2010,avaConv,runOfRiver
ES,h5483,0.1289338614791949,scr2010,avaConv,runOfRiver
ES,h5484,0.1289338614791949,scr2010,avaConv,runOfRiver
ES,h5485,0.1289338614791949,scr2010,avaConv,runOfRiver
ES,h5486,0.1289338614791949,scr2010,avaConv,runOfRiver
ES,h5487,0.1289338614791949,scr2010,avaConv,runOfRiver
ES,h5488,0.1289338614791949,scr2010,avaConv,runOfRiver
ES,h5489,0.1289338614791949,scr2010,avaConv,runOfRiver
ES,h5490,0.1289338614791949,scr2010,avaConv,runOfRiver
ES,h5491,0.1289338614791949,scr2010,avaConv,runOfRiver
ES,h5492,0.1289338614791949,scr2010,avaConv,runOfRiver
ES,h5493,0.1289338614791949,scr2010,avaConv,runOfRiver
ES,h5494,0.1289338614791949,scr2010,avaConv,runOfRiver
ES,h5495,0.1289338614791949,scr2010,avaConv,runOfRiver
ES,h5496,0.1289338614791949,scr2010,avaConv,runOfRiver
ES,h5497,0.12903197095822605,scr2010,avaConv,runOfRiver
ES,h5498,0.1291300804447177,scr2010,avaConv,runOfRiver
ES,h5499,0.12922818993866425,scr2010,avaConv,runOfRiver
ES,h5500,0.12922818993866425,scr2010,avaConv,runOfRiver
ES,h5501,0.12922818993866425,scr2010,avaConv,runOfRiver
ES,h5502,0.12922818993866425,scr2010,avaConv,runOfRiver
ES,h5503,0.12922818993866425,scr2010,avaConv,runOfRiver
ES,h5504,0.12922818993866425,scr2010,avaConv,runOfRiver
ES,h5505,0.12922818993866425,scr2010,avaConv,runOfRiver
ES,h5506,0.12922818993866425,scr2010,avaConv,runOfRiver
ES,h5507,0.12922818993866425,scr2010,avaConv,runOfRiver
ES,h5508,0.12922818993866425,scr2010,avaConv,runOfRiver
ES,h5509,0.12922818993866425,scr2010,avaConv,runOfRiver
ES,h5510,0.12922818993866425,scr2010,avaConv,runOfRiver
ES,h5511,0.12922818993866425,scr2010,avaConv,runOfRiver
ES,h5512,0.12922818993866425,scr2010,avaConv,runOfRiver
ES,h5513,0.12922818993866425,scr2010,avaConv,runOfRiver
ES,h5514,0.12922818993866425,scr2010,avaConv,runOfRiver
ES,h5515,0.12922818993866425,scr2010,avaConv,runOfRiver
ES,h5516,0.12922818993866425,scr2010,avaConv,runOfRiver
ES,h5517,0.12922818993866425,scr2010,avaConv,runOfRiver
ES,h5518,0.12922818993866425,scr2010,avaConv,runOfRiver
ES,h5519,0.12922818993866425,scr2010,avaConv,runOfRiver
ES,h5520,0.12922818993866425,scr2010,avaConv,runOfRiver
ES,h5521,0.12930701942886064,scr2010,avaConv,runOfRiver
ES,h5522,0.12938584892386318,scr2010,avaConv,runOfRiver
ES,h5523,0.129464678423669,scr2010,avaConv,runOfRiver
ES,h5524,0.129464678423669,scr2010,avaConv,runOfRiver
ES,h5525,0.129464678423669,scr2010,avaConv,runOfRiver
ES,h5526,0.129464678423669,scr2010,avaConv,runOfRiver
ES,h5527,0.129464678423669,scr2010,avaConv,runOfRiver
ES,h5528,0.129464678423669,scr2010,avaConv,runOfRiver
ES,h5529,0.129464678423669,scr2010,avaConv,runOfRiver
ES,h5530,0.129464678423669,scr2010,avaConv,runOfRiver
ES,h5531,0.129464678423669,scr2010,avaConv,runOfRiver
ES,h5532,0.129464678423669,scr2010,avaConv,runOfRiver
ES,h5533,0.129464678423669,scr2010,avaConv,runOfRiver
ES,h5534,0.129464678423669,scr2010,avaConv,runOfRiver
ES,h5535,0.129464678423669,scr2010,avaConv,runOfRiver
ES,h5536,0.129464678423669,scr2010,avaConv,runOfRiver
ES,h5537,0.129464678423669,scr2010,avaConv,runOfRiver
ES,h5538,0.129464678423669,scr2010,avaConv,runOfRiver
ES,h5539,0.129464678423669,scr2010,avaConv,runOfRiver
ES,h5540,0.129464678423669,scr2010,avaConv,runOfRiver
ES,h5541,0.129464678423669,scr2010,avaConv,runOfRiver
ES,h5542,0.129464678423669,scr2010,avaConv,runOfRiver
ES,h5543,0.129464678423669,scr2010,avaConv,runOfRiver
ES,h5544,0.129464678423669,scr2010,avaConv,runOfRiver
ES,h5545,0.12936216367628323,scr2010,avaConv,runOfRiver
ES,h5546,0.12925964893702221,scr2010,avaConv,runOfRiver
ES,h5547,0.12915713420589242,scr2010,avaConv,runOfRiver
ES,h5548,0.12915713420589242,scr2010,avaConv,runOfRiver
ES,h5549,0.12915713420589242,scr2010,avaConv,runOfRiver
ES,h5550,0.12915713420589242,scr2010,avaConv,runOfRiver
ES,h5551,0.12915713420589242,scr2010,avaConv,runOfRiver
ES,h5552,0.12915713420589242,scr2010,avaConv,runOfRiver
ES,h5553,0.12915713420589242,scr2010,avaConv,runOfRiver
ES,h5554,0.12915713420589242,scr2010,avaConv,runOfRiver
ES,h5555,0.12915713420589242,scr2010,avaConv,runOfRiver
ES,h5556,0.12915713420589242,scr2010,avaConv,runOfRiver
ES,h5557,0.12915713420589242,scr2010,avaConv,runOfRiver
ES,h5558,0.12915713420589242,scr2010,avaConv,runOfRiver
ES,h5559,0.12915713420589242,scr2010,avaConv,runOfRiver
ES,h5560,0.12915713420589242,scr2010,avaConv,runOfRiver
ES,h5561,0.12915713420589242,scr2010,avaConv,runOfRiver
ES,h5562,0.12915713420589242,scr2010,avaConv,runOfRiver
ES,h5563,0.12915713420589242,scr2010,avaConv,runOfRiver
ES,h5564,0.12915713420589242,scr2010,avaConv,runOfRiver
ES,h5565,0.12915713420589242,scr2010,avaConv,runOfRiver
ES,h5566,0.12915713420589242,scr2010,avaConv,runOfRiver
ES,h5567,0.12915713420589242,scr2010,avaConv,runOfRiver
ES,h5568,0.12915713420589242,scr2010,avaConv,runOfRiver
ES,h5569,0.13018502101463025,scr2010,avaConv,runOfRiver
ES,h5570,0.13121290863503668,scr2010,avaConv,runOfRiver
ES,h5571,0.1322407970607533,scr2010,avaConv,runOfRiver
ES,h5572,0.1322407970607533,scr2010,avaConv,runOfRiver
ES,h5573,0.1322407970607533,scr2010,avaConv,runOfRiver
ES,h5574,0.1322407970607533,scr2010,avaConv,runOfRiver
ES,h5575,0.1322407970607533,scr2010,avaConv,runOfRiver
ES,h5576,0.1322407970607533,scr2010,avaConv,runOfRiver
ES,h5577,0.1322407970607533,scr2010,avaConv,runOfRiver
ES,h5578,0.1322407970607533,scr2010,avaConv,runOfRiver
ES,h5579,0.1322407970607533,scr2010,avaConv,runOfRiver
ES,h5580,0.1322407970607533,scr2010,avaConv,runOfRiver
ES,h5581,0.1322407970607533,scr2010,avaConv,runOfRiver
ES,h5582,0.1322407970607533,scr2010,avaConv,runOfRiver
ES,h5583,0.1322407970607533,scr2010,avaConv,runOfRiver
ES,h5584,0.1322407970607533,scr2010,avaConv,runOfRiver
ES,h5585,0.1322407970607533,scr2010,avaConv,runOfRiver
ES,h5586,0.1322407970607533,scr2010,avaConv,runOfRiver
ES,h5587,0.1322407970607533,scr2010,avaConv,runOfRiver
ES,h5588,0.1322407970607533,scr2010,avaConv,runOfRiver
ES,h5589,0.1322407970607533,scr2010,avaConv,runOfRiver
ES,h5590,0.1322407970607533,scr2010,avaConv,runOfRiver
ES,h5591,0.1322407970607533,scr2010,avaConv,runOfRiver
ES,h5592,0.1322407970607533,scr2010,avaConv,runOfRiver
ES,h5593,0.13376396118456088,scr2010,avaConv,runOfRiver
ES,h5594,0.13528712704299573,scr2010,avaConv,runOfRiver
ES,h5595,0.13681029461652724,scr2010,avaConv,runOfRiver
ES,h5596,0.13681029461652724,scr2010,avaConv,runOfRiver
ES,h5597,0.13681029461652724,scr2010,avaConv,runOfRiver
ES,h5598,0.13681029461652724,scr2010,avaConv,runOfRiver
ES,h5599,0.13681029461652724,scr2010,avaConv,runOfRiver
ES,h5600,0.13681029461652724,scr2010,avaConv,runOfRiver
ES,h5601,0.13681029461652724,scr2010,avaConv,runOfRiver
ES,h5602,0.13681029461652724,scr2010,avaConv,runOfRiver
ES,h5603,0.13681029461652724,scr2010,avaConv,runOfRiver
ES,h5604,0.13681029461652724,scr2010,avaConv,runOfRiver
ES,h5605,0.13681029461652724,scr2010,avaConv,runOfRiver
ES,h5606,0.13681029461652724,scr2010,avaConv,runOfRiver
ES,h5607,0.13681029461652724,scr2010,avaConv,runOfRiver
ES,h5608,0.13681029461652724,scr2010,avaConv,runOfRiver
ES,h5609,0.13681029461652724,scr2010,avaConv,runOfRiver
ES,h5610,0.13681029461652724,scr2010,avaConv,runOfRiver
ES,h5611,0.13681029461652724,scr2010,avaConv,runOfRiver
ES,h5612,0.13681029461652724,scr2010,avaConv,runOfRiver
ES,h5613,0.13681029461652724,scr2010,avaConv,runOfRiver
ES,h5614,0.13681029461652724,scr2010,avaConv,runOfRiver
ES,h5615,0.13681029461652724,scr2010,avaConv,runOfRiver
ES,h5616,0.13681029461652724,scr2010,avaConv,runOfRiver
ES,h5617,0.13821149355281995,scr2010,avaConv,runOfRiver
ES,h5618,0.1396126939098133,scr2010,avaConv,runOfRiver
ES,h5619,0.14101389567324826,scr2010,avaConv,runOfRiver
ES,h5620,0.14101389567324826,scr2010,avaConv,runOfRiver
ES,h5621,0.14101389567324826,scr2010,avaConv,runOfRiver
ES,h5622,0.14101389567324826,scr2010,avaConv,runOfRiver
ES,h5623,0.14101389567324826,scr2010,avaConv,runOfRiver
ES,h5624,0.14101389567324826,scr2010,avaConv,runOfRiver
ES,h5625,0.14101389567324826,scr2010,avaConv,runOfRiver
ES,h5626,0.14101389567324826,scr2010,avaConv,runOfRiver
ES,h5627,0.14101389567324826,scr2010,avaConv,runOfRiver
ES,h5628,0.14101389567324826,scr2010,avaConv,runOfRiver
ES,h5629,0.14101389567324826,scr2010,avaConv,runOfRiver
ES,h5630,0.14101389567324826,scr2010,avaConv,runOfRiver
ES,h5631,0.14101389567324826,scr2010,avaConv,runOfRiver
ES,h5632,0.14101389567324826,scr2010,avaConv,runOfRiver
ES,h5633,0.14101389567324826,scr2010,avaConv,runOfRiver
ES,h5634,0.14101389567324826,scr2010,avaConv,runOfRiver
ES,h5635,0.14101389567324826,scr2010,avaConv,runOfRiver
ES,h5636,0.14101389567324826,scr2010,avaConv,runOfRiver
ES,h5637,0.14101389567324826,scr2010,avaConv,runOfRiver
ES,h5638,0.14101389567324826,scr2010,avaConv,runOfRiver
ES,h5639,0.14101389567324826,scr2010,avaConv,runOfRiver
ES,h5640,0.14101389567324826,scr2010,avaConv,runOfRiver
ES,h5641,0.14220360244049665,scr2010,avaConv,runOfRiver
ES,h5642,0.1433933102031772,scr2010,avaConv,runOfRiver
ES,h5643,0.14458301895303075,scr2010,avaConv,runOfRiver
ES,h5644,0.14458301895303075,scr2010,avaConv,runOfRiver
ES,h5645,0.14458301895303075,scr2010,avaConv,runOfRiver
ES,h5646,0.14458301895303075,scr2010,avaConv,runOfRiver
ES,h5647,0.14458301895303075,scr2010,avaConv,runOfRiver
ES,h5648,0.14458301895303075,scr2010,avaConv,runOfRiver
ES,h5649,0.14458301895303075,scr2010,avaConv,runOfRiver
ES,h5650,0.14458301895303075,scr2010,avaConv,runOfRiver
ES,h5651,0.14458301895303075,scr2010,avaConv,runOfRiver
ES,h5652,0.14458301895303075,scr2010,avaConv,runOfRiver
ES,h5653,0.14458301895303075,scr2010,avaConv,runOfRiver
ES,h5654,0.14458301895303075,scr2010,avaConv,runOfRiver
ES,h5655,0.14458301895303075,scr2010,avaConv,runOfRiver
ES,h5656,0.14458301895303075,scr2010,avaConv,runOfRiver
ES,h5657,0.14458301895303075,scr2010,avaConv,runOfRiver
ES,h5658,0.14458301895303075,scr2010,avaConv,runOfRiver
ES,h5659,0.14458301895303075,scr2010,avaConv,runOfRiver
ES,h5660,0.14458301895303075,scr2010,avaConv,runOfRiver
ES,h5661,0.14458301895303075,scr2010,avaConv,runOfRiver
ES,h5662,0.14458301895303075,scr2010,avaConv,runOfRiver
ES,h5663,0.14458301895303075,scr2010,avaConv,runOfRiver
ES,h5664,0.14458301895303075,scr2010,avaConv,runOfRiver
ES,h5665,0.14605400524022374,scr2010,avaConv,runOfRiver
ES,h5666,0.14752499300906924,scr2010,avaConv,runOfRiver
ES,h5667,0.14899598224479335,scr2010,avaConv,runOfRiver
ES,h5668,0.14899598224479335,scr2010,avaConv,runOfRiver
ES,h5669,0.14899598224479335,scr2010,avaConv,runOfRiver
ES,h5670,0.14899598224479335,scr2010,avaConv,runOfRiver
ES,h5671,0.14899598224479335,scr2010,avaConv,runOfRiver
ES,h5672,0.14899598224479335,scr2010,avaConv,runOfRiver
ES,h5673,0.14899598224479335,scr2010,avaConv,runOfRiver
ES,h5674,0.14899598224479335,scr2010,avaConv,runOfRiver
ES,h5675,0.14899598224479335,scr2010,avaConv,runOfRiver
ES,h5676,0.14899598224479335,scr2010,avaConv,runOfRiver
ES,h5677,0.14899598224479335,scr2010,avaConv,runOfRiver
ES,h5678,0.14899598224479335,scr2010,avaConv,runOfRiver
ES,h5679,0.14899598224479335,scr2010,avaConv,runOfRiver
ES,h5680,0.14899598224479335,scr2010,avaConv,runOfRiver
ES,h5681,0.14899598224479335,scr2010,avaConv,runOfRiver
ES,h5682,0.14899598224479335,scr2010,avaConv,runOfRiver
ES,h5683,0.14899598224479335,scr2010,avaConv,runOfRiver
ES,h5684,0.14899598224479335,scr2010,avaConv,runOfRiver
ES,h5685,0.14899598224479335,scr2010,avaConv,runOfRiver
ES,h5686,0.14899598224479335,scr2010,avaConv,runOfRiver
ES,h5687,0.14899598224479335,scr2010,avaConv,runOfRiver
ES,h5688,0.14899598224479335,scr2010,avaConv,runOfRiver
ES,h5689,0.15001663903913584,scr2010,avaConv,runOfRiver
ES,h5690,0.15103729652795306,scr2010,avaConv,runOfRiver
ES,h5691,0.15205795470655192,scr2010,avaConv,runOfRiver
ES,h5692,0.15205795470655192,scr2010,avaConv,runOfRiver
ES,h5693,0.15205795470655192,scr2010,avaConv,runOfRiver
ES,h5694,0.15205795470655192,scr2010,avaConv,runOfRiver
ES,h5695,0.15205795470655192,scr2010,avaConv,runOfRiver
ES,h5696,0.15205795470655192,scr2010,avaConv,runOfRiver
ES,h5697,0.15205795470655192,scr2010,avaConv,runOfRiver
ES,h5698,0.15205795470655192,scr2010,avaConv,runOfRiver
ES,h5699,0.15205795470655192,scr2010,avaConv,runOfRiver
ES,h5700,0.15205795470655192,scr2010,avaConv,runOfRiver
ES,h5701,0.15205795470655192,scr2010,avaConv,runOfRiver
ES,h5702,0.15205795470655192,scr2010,avaConv,runOfRiver
ES,h5703,0.15205795470655192,scr2010,avaConv,runOfRiver
ES,h5704,0.15205795470655192,scr2010,avaConv,runOfRiver
ES,h5705,0.15205795470655192,scr2010,avaConv,runOfRiver
ES,h5706,0.15205795470655192,scr2010,avaConv,runOfRiver
ES,h5707,0.15205795470655192,scr2010,avaConv,runOfRiver
ES,h5708,0.15205795470655192,scr2010,avaConv,runOfRiver
ES,h5709,0.15205795470655192,scr2010,avaConv,runOfRiver
ES,h5710,0.15205795470655192,scr2010,avaConv,runOfRiver
ES,h5711,0.15205795470655192,scr2010,avaConv,runOfRiver
ES,h5712,0.15205795470655192,scr2010,avaConv,runOfRiver
ES,h5713,0.15278668262398573,scr2010,avaConv,runOfRiver
ES,h5714,0.15351541088901852,scr2010,avaConv,runOfRiver
ES,h5715,0.15424413950000035,scr2010,avaConv,runOfRiver
ES,h5716,0.15424413950000035,scr2010,avaConv,runOfRiver
ES,h5717,0.15424413950000035,scr2010,avaConv,runOfRiver
ES,h5718,0.15424413950000035,scr2010,avaConv,runOfRiver
ES,h5719,0.15424413950000035,scr2010,avaConv,runOfRiver
ES,h5720,0.15424413950000035,scr2010,avaConv,runOfRiver
ES,h5721,0.15424413950000035,scr2010,avaConv,runOfRiver
ES,h5722,0.15424413950000035,scr2010,avaConv,runOfRiver
ES,h5723,0.15424413950000035,scr2010,avaConv,runOfRiver
ES,h5724,0.15424413950000035,scr2010,avaConv,runOfRiver
ES,h5725,0.15424413950000035,scr2010,avaConv,runOfRiver
ES,h5726,0.15424413950000035,scr2010,avaConv,runOfRiver
ES,h5727,0.15424413950000035,scr2010,avaConv,runOfRiver
ES,h5728,0.15424413950000035,scr2010,avaConv,runOfRiver
ES,h5729,0.15424413950000035,scr2010,avaConv,runOfRiver
ES,h5730,0.15424413950000035,scr2010,avaConv,runOfRiver
ES,h5731,0.15424413950000035,scr2010,avaConv,runOfRiver
ES,h5732,0.15424413950000035,scr2010,avaConv,runOfRiver
ES,h5733,0.15424413950000035,scr2010,avaConv,runOfRiver
ES,h5734,0.15424413950000035,scr2010,avaConv,runOfRiver
ES,h5735,0.15424413950000035,scr2010,avaConv,runOfRiver
ES,h5736,0.15424413950000035,scr2010,avaConv,runOfRiver
ES,h5737,0.15510957075390072,scr2010,avaConv,runOfRiver
ES,h5738,0.15597500249070345,scr2010,avaConv,runOfRiver
ES,h5739,0.15684043470772913,scr2010,avaConv,runOfRiver
ES,h5740,0.15684043470772913,scr2010,avaConv,runOfRiver
ES,h5741,0.15684043470772913,scr2010,avaConv,runOfRiver
ES,h5742,0.15684043470772913,scr2010,avaConv,runOfRiver
ES,h5743,0.15684043470772913,scr2010,avaConv,runOfRiver
ES,h5744,0.15684043470772913,scr2010,avaConv,runOfRiver
ES,h5745,0.15684043470772913,scr2010,avaConv,runOfRiver
ES,h5746,0.15684043470772913,scr2010,avaConv,runOfRiver
ES,h5747,0.15684043470772913,scr2010,avaConv,runOfRiver
ES,h5748,0.15684043470772913,scr2010,avaConv,runOfRiver
ES,h5749,0.15684043470772913,scr2010,avaConv,runOfRiver
ES,h5750,0.15684043470772913,scr2010,avaConv,runOfRiver
ES,h5751,0.15684043470772913,scr2010,avaConv,runOfRiver
ES,h5752,0.15684043470772913,scr2010,avaConv,runOfRiver
ES,h5753,0.15684043470772913,scr2010,avaConv,runOfRiver
ES,h5754,0.15684043470772913,scr2010,avaConv,runOfRiver
ES,h5755,0.15684043470772913,scr2010,avaConv,runOfRiver
ES,h5756,0.15684043470772913,scr2010,avaConv,runOfRiver
ES,h5757,0.15684043470772913,scr2010,avaConv,runOfRiver
ES,h5758,0.15684043470772913,scr2010,avaConv,runOfRiver
ES,h5759,0.15684043470772913,scr2010,avaConv,runOfRiver
ES,h5760,0.15684043470772913,scr2010,avaConv,runOfRiver
ES,h5761,0.1575742399553645,scr2010,avaConv,runOfRiver
ES,h5762,0.15830804554474892,scr2010,avaConv,runOfRiver
ES,h5763,0.15904185147429825,scr2010,avaConv,runOfRiver
ES,h5764,0.15904185147429825,scr2010,avaConv,runOfRiver
ES,h5765,0.15904185147429825,scr2010,avaConv,runOfRiver
ES,h5766,0.15904185147429825,scr2010,avaConv,runOfRiver
ES,h5767,0.15904185147429825,scr2010,avaConv,runOfRiver
ES,h5768,0.15904185147429825,scr2010,avaConv,runOfRiver
ES,h5769,0.15904185147429825,scr2010,avaConv,runOfRiver
ES,h5770,0.15904185147429825,scr2010,avaConv,runOfRiver
ES,h5771,0.15904185147429825,scr2010,avaConv,runOfRiver
ES,h5772,0.15904185147429825,scr2010,avaConv,runOfRiver
ES,h5773,0.15904185147429825,scr2010,avaConv,runOfRiver
ES,h5774,0.15904185147429825,scr2010,avaConv,runOfRiver
ES,h5775,0.15904185147429825,scr2010,avaConv,runOfRiver
ES,h5776,0.15904185147429825,scr2010,avaConv,runOfRiver
ES,h5777,0.15904185147429825,scr2010,avaConv,runOfRiver
ES,h5778,0.15904185147429825,scr2010,avaConv,runOfRiver
ES,h5779,0.15904185147429825,scr2010,avaConv,runOfRiver
ES,h5780,0.15904185147429825,scr2010,avaConv,runOfRiver
ES,h5781,0.15904185147429825,scr2010,avaConv,runOfRiver
ES,h5782,0.15904185147429825,scr2010,avaConv,runOfRiver
ES,h5783,0.15904185147429825,scr2010,avaConv,runOfRiver
ES,h5784,0.15904185147429825,scr2010,avaConv,runOfRiver
ES,h5785,0.1596195372445922,scr2010,avaConv,runOfRiver
ES,h5786,0.1601972232239729,scr2010,avaConv,runOfRiver
ES,h5787,0.1607749094116864,scr2010,avaConv,runOfRiver
ES,h5788,0.1607749094116864,scr2010,avaConv,runOfRiver
ES,h5789,0.1607749094116864,scr2010,avaConv,runOfRiver
ES,h5790,0.1607749094116864,scr2010,avaConv,runOfRiver
ES,h5791,0.1607749094116864,scr2010,avaConv,runOfRiver
ES,h5792,0.1607749094116864,scr2010,avaConv,runOfRiver
ES,h5793,0.1607749094116864,scr2010,avaConv,runOfRiver
ES,h5794,0.1607749094116864,scr2010,avaConv,runOfRiver
ES,h5795,0.1607749094116864,scr2010,avaConv,runOfRiver
ES,h5796,0.1607749094116864,scr2010,avaConv,runOfRiver
ES,h5797,0.1607749094116864,scr2010,avaConv,runOfRiver
ES,h5798,0.1607749094116864,scr2010,avaConv,runOfRiver
ES,h5799,0.1607749094116864,scr2010,avaConv,runOfRiver
ES,h5800,0.1607749094116864,scr2010,avaConv,runOfRiver
ES,h5801,0.1607749094116864,scr2010,avaConv,runOfRiver
ES,h5802,0.1607749094116864,scr2010,avaConv,runOfRiver
ES,h5803,0.1607749094116864,scr2010,avaConv,runOfRiver
ES,h5804,0.1607749094116864,scr2010,avaConv,runOfRiver
ES,h5805,0.1607749094116864,scr2010,avaConv,runOfRiver
ES,h5806,0.1607749094116864,scr2010,avaConv,runOfRiver
ES,h5807,0.1607749094116864,scr2010,avaConv,runOfRiver
ES,h5808,0.1607749094116864,scr2010,avaConv,runOfRiver
ES,h5809,0.16186962281601275,scr2010,avaConv,runOfRiver
ES,h5810,0.16296433696073886,scr2010,avaConv,runOfRiver
ES,h5811,0.1640590518408912,scr2010,avaConv,runOfRiver
ES,h5812,0.1640590518408912,scr2010,avaConv,runOfRiver
ES,h5813,0.1640590518408912,scr2010,avaConv,runOfRiver
ES,h5814,0.1640590518408912,scr2010,avaConv,runOfRiver
ES,h5815,0.1640590518408912,scr2010,avaConv,runOfRiver
ES,h5816,0.1640590518408912,scr2010,avaConv,runOfRiver
ES,h5817,0.1640590518408912,scr2010,avaConv,runOfRiver
ES,h5818,0.1640590518408912,scr2010,avaConv,runOfRiver
ES,h5819,0.1640590518408912,scr2010,avaConv,runOfRiver
ES,h5820,0.1640590518408912,scr2010,avaConv,runOfRiver
ES,h5821,0.1640590518408912,scr2010,avaConv,runOfRiver
ES,h5822,0.1640590518408912,scr2010,avaConv,runOfRiver
ES,h5823,0.1640590518408912,scr2010,avaConv,runOfRiver
ES,h5824,0.1640590518408912,scr2010,avaConv,runOfRiver
ES,h5825,0.1640590518408912,scr2010,avaConv,runOfRiver
ES,h5826,0.1640590518408912,scr2010,avaConv,runOfRiver
ES,h5827,0.1640590518408912,scr2010,avaConv,runOfRiver
ES,h5828,0.1640590518408912,scr2010,avaConv,runOfRiver
ES,h5829,0.1640590518408912,scr2010,avaConv,runOfRiver
ES,h5830,0.1640590518408912,scr2010,avaConv,runOfRiver
ES,h5831,0.1640590518408912,scr2010,avaConv,runOfRiver
ES,h5832,0.1640590518408912,scr2010,avaConv,runOfRiver
ES,h5833,0.16500808861441346,scr2010,avaConv,runOfRiver
ES,h5834,0.16595712593380582,scr2010,avaConv,runOfRiver
ES,h5835,0.16690616379594683,scr2010,avaConv,runOfRiver
ES,h5836,0.16690616379594683,scr2010,avaConv,runOfRiver
ES,h5837,0.16690616379594683,scr2010,avaConv,runOfRiver
ES,h5838,0.16690616379594683,scr2010,avaConv,runOfRiver
ES,h5839,0.16690616379594683,scr2010,avaConv,runOfRiver
ES,h5840,0.16690616379594683,scr2010,avaConv,runOfRiver
ES,h5841,0.16690616379594683,scr2010,avaConv,runOfRiver
ES,h5842,0.16690616379594683,scr2010,avaConv,runOfRiver
ES,h5843,0.16690616379594683,scr2010,avaConv,runOfRiver
ES,h5844,0.16690616379594683,scr2010,avaConv,runOfRiver
ES,h5845,0.16690616379594683,scr2010,avaConv,runOfRiver
ES,h5846,0.16690616379594683,scr2010,avaConv,runOfRiver
ES,h5847,0.16690616379594683,scr2010,avaConv,runOfRiver
ES,h5848,0.16690616379594683,scr2010,avaConv,runOfRiver
ES,h5849,0.16690616379594683,scr2010,avaConv,runOfRiver
ES,h5850,0.16690616379594683,scr2010,avaConv,runOfRiver
ES,h5851,0.16690616379594683,scr2010,avaConv,runOfRiver
ES,h5852,0.16690616379594683,scr2010,avaConv,runOfRiver
ES,h5853,0.16690616379594683,scr2010,avaConv,runOfRiver
ES,h5854,0.16690616379594683,scr2010,avaConv,runOfRiver
ES,h5855,0.16690616379594683,scr2010,avaConv,runOfRiver
ES,h5856,0.16690616379594683,scr2010,avaConv,runOfRiver
ES,h5857,0.16821136834786665,scr2010,avaConv,runOfRiver
ES,h5858,0.1695165739126035,scr2010,avaConv,runOfRiver
ES,h5859,0.1708217804823594,scr2010,avaConv,runOfRiver
ES,h5860,0.1708217804823594,scr2010,avaConv,runOfRiver
ES,h5861,0.1708217804823594,scr2010,avaConv,runOfRiver
ES,h5862,0.1708217804823594,scr2010,avaConv,runOfRiver
ES,h5863,0.1708217804823594,scr2010,avaConv,runOfRiver
ES,h5864,0.1708217804823594,scr2010,avaConv,runOfRiver
ES,h5865,0.1708217804823594,scr2010,avaConv,runOfRiver
ES,h5866,0.1708217804823594,scr2010,avaConv,runOfRiver
ES,h5867,0.1708217804823594,scr2010,avaConv,runOfRiver
ES,h5868,0.1708217804823594,scr2010,avaConv,runOfRiver
ES,h5869,0.1708217804823594,scr2010,avaConv,runOfRiver
ES,h5870,0.1708217804823594,scr2010,avaConv,runOfRiver
ES,h5871,0.1708217804823594,scr2010,avaConv,runOfRiver
ES,h5872,0.1708217804823594,scr2010,avaConv,runOfRiver
ES,h5873,0.1708217804823594,scr2010,avaConv,runOfRiver
ES,h5874,0.1708217804823594,scr2010,avaConv,runOfRiver
ES,h5875,0.1708217804823594,scr2010,avaConv,runOfRiver
ES,h5876,0.1708217804823594,scr2010,avaConv,runOfRiver
ES,h5877,0.1708217804823594,scr2010,avaConv,runOfRiver
ES,h5878,0.1708217804823594,scr2010,avaConv,runOfRiver
ES,h5879,0.1708217804823594,scr2010,avaConv,runOfRiver
ES,h5880,0.1708217804823594,scr2010,avaConv,runOfRiver
ES,h5881,0.1729425632565307,scr2010,avaConv,runOfRiver
ES,h5882,0.17506334863160733,scr2010,avaConv,runOfRiver
ES,h5883,0.17718413657608087,scr2010,avaConv,runOfRiver
ES,h5884,0.17718413657608087,scr2010,avaConv,runOfRiver
ES,h5885,0.17718413657608087,scr2010,avaConv,runOfRiver
ES,h5886,0.17718413657608087,scr2010,avaConv,runOfRiver
ES,h5887,0.17718413657608087,scr2010,avaConv,runOfRiver
ES,h5888,0.17718413657608087,scr2010,avaConv,runOfRiver
ES,h5889,0.17718413657608087,scr2010,avaConv,runOfRiver
ES,h5890,0.17718413657608087,scr2010,avaConv,runOfRiver
ES,h5891,0.17718413657608087,scr2010,avaConv,runOfRiver
ES,h5892,0.17718413657608087,scr2010,avaConv,runOfRiver
ES,h5893,0.17718413657608087,scr2010,avaConv,runOfRiver
ES,h5894,0.17718413657608087,scr2010,avaConv,runOfRiver
ES,h5895,0.17718413657608087,scr2010,avaConv,runOfRiver
ES,h5896,0.17718413657608087,scr2010,avaConv,runOfRiver
ES,h5897,0.17718413657608087,scr2010,avaConv,runOfRiver
ES,h5898,0.17718413657608087,scr2010,avaConv,runOfRiver
ES,h5899,0.17718413657608087,scr2010,avaConv,runOfRiver
ES,h5900,0.17718413657608087,scr2010,avaConv,runOfRiver
ES,h5901,0.17718413657608087,scr2010,avaConv,runOfRiver
ES,h5902,0.17718413657608087,scr2010,avaConv,runOfRiver
ES,h5903,0.17718413657608087,scr2010,avaConv,runOfRiver
ES,h5904,0.17718413657608087,scr2010,avaConv,runOfRiver
ES,h5905,0.17918266192400578,scr2010,avaConv,runOfRiver
ES,h5906,0.18118118950115183,scr2010,avaConv,runOfRiver
ES,h5907,0.18317971928292998,scr2010,avaConv,runOfRiver
ES,h5908,0.18317971928292998,scr2010,avaConv,runOfRiver
ES,h5909,0.18317971928292998,scr2010,avaConv,runOfRiver
ES,h5910,0.18317971928292998,scr2010,avaConv,runOfRiver
ES,h5911,0.18317971928292998,scr2010,avaConv,runOfRiver
ES,h5912,0.18317971928292998,scr2010,avaConv,runOfRiver
ES,h5913,0.18317971928292998,scr2010,avaConv,runOfRiver
ES,h5914,0.18317971928292998,scr2010,avaConv,runOfRiver
ES,h5915,0.18317971928292998,scr2010,avaConv,runOfRiver
ES,h5916,0.18317971928292998,scr2010,avaConv,runOfRiver
ES,h5917,0.18317971928292998,scr2010,avaConv,runOfRiver
ES,h5918,0.18317971928292998,scr2010,avaConv,runOfRiver
ES,h5919,0.18317971928292998,scr2010,avaConv,runOfRiver
ES,h5920,0.18317971928292998,scr2010,avaConv,runOfRiver
ES,h5921,0.18317971928292998,scr2010,avaConv,runOfRiver
ES,h5922,0.18317971928292998,scr2010,avaConv,runOfRiver
ES,h5923,0.18317971928292998,scr2010,avaConv,runOfRiver
ES,h5924,0.18317971928292998,scr2010,avaConv,runOfRiver
ES,h5925,0.18317971928292998,scr2010,avaConv,runOfRiver
ES,h5926,0.18317971928292998,scr2010,avaConv,runOfRiver
ES,h5927,0.18317971928292998,scr2010,avaConv,runOfRiver
ES,h5928,0.18317971928292998,scr2010,avaConv,runOfRiver
ES,h5929,0.18519368988949392,scr2010,avaConv,runOfRiver
ES,h5930,0.18720766268637687,scr2010,avaConv,runOfRiver
ES,h5931,0.18922163765001598,scr2010,avaConv,runOfRiver
ES,h5932,0.18922163765001598,scr2010,avaConv,runOfRiver
ES,h5933,0.18922163765001598,scr2010,avaConv,runOfRiver
ES,h5934,0.18922163765001598,scr2010,avaConv,runOfRiver
ES,h5935,0.18922163765001598,scr2010,avaConv,runOfRiver
ES,h5936,0.18922163765001598,scr2010,avaConv,runOfRiver
ES,h5937,0.18922163765001598,scr2010,avaConv,runOfRiver
ES,h5938,0.18922163765001598,scr2010,avaConv,runOfRiver
ES,h5939,0.18922163765001598,scr2010,avaConv,runOfRiver
ES,h5940,0.18922163765001598,scr2010,avaConv,runOfRiver
ES,h5941,0.18922163765001598,scr2010,avaConv,runOfRiver
ES,h5942,0.18922163765001598,scr2010,avaConv,runOfRiver
ES,h5943,0.18922163765001598,scr2010,avaConv,runOfRiver
ES,h5944,0.18922163765001598,scr2010,avaConv,runOfRiver
ES,h5945,0.18922163765001598,scr2010,avaConv,runOfRiver
ES,h5946,0.18922163765001598,scr2010,avaConv,runOfRiver
ES,h5947,0.18922163765001598,scr2010,avaConv,runOfRiver
ES,h5948,0.18922163765001598,scr2010,avaConv,runOfRiver
ES,h5949,0.18922163765001598,scr2010,avaConv,runOfRiver
ES,h5950,0.18922163765001598,scr2010,avaConv,runOfRiver
ES,h5951,0.18922163765001598,scr2010,avaConv,runOfRiver
ES,h5952,0.18922163765001598,scr2010,avaConv,runOfRiver
ES,h5953,0.19090515205517375,scr2010,avaConv,runOfRiver
ES,h5954,0.19258866794503068,scr2010,avaConv,runOfRiver
ES,h5955,0.19427218530660875,scr2010,avaConv,runOfRiver
ES,h5956,0.19427218530660875,scr2010,avaConv,runOfRiver
ES,h5957,0.19427218530660875,scr2010,avaConv,runOfRiver
ES,h5958,0.19427218530660875,scr2010,avaConv,runOfRiver
ES,h5959,0.19427218530660875,scr2010,avaConv,runOfRiver
ES,h5960,0.19427218530660875,scr2010,avaConv,runOfRiver
ES,h5961,0.19427218530660875,scr2010,avaConv,runOfRiver
ES,h5962,0.19427218530660875,scr2010,avaConv,runOfRiver
ES,h5963,0.19427218530660875,scr2010,avaConv,runOfRiver
ES,h5964,0.19427218530660875,scr2010,avaConv,runOfRiver
ES,h5965,0.19427218530660875,scr2010,avaConv,runOfRiver
ES,h5966,0.19427218530660875,scr2010,avaConv,runOfRiver
ES,h5967,0.19427218530660875,scr2010,avaConv,runOfRiver
ES,h5968,0.19427218530660875,scr2010,avaConv,runOfRiver
ES,h5969,0.19427218530660875,scr2010,avaConv,runOfRiver
ES,h5970,0.19427218530660875,scr2010,avaConv,runOfRiver
ES,h5971,0.19427218530660875,scr2010,avaConv,runOfRiver
ES,h5972,0.19427218530660875,scr2010,avaConv,runOfRiver
ES,h5973,0.19427218530660875,scr2010,avaConv,runOfRiver
ES,h5974,0.19427218530660875,scr2010,avaConv,runOfRiver
ES,h5975,0.19427218530660875,scr2010,avaConv,runOfRiver
ES,h5976,0.19427218530660875,scr2010,avaConv,runOfRiver
ES,h5977,0.1956703115541629,scr2010,avaConv,runOfRiver
ES,h5978,0.1970684388007661,scr2010,avaConv,runOfRiver
ES,h5979,0.19846656703933088,scr2010,avaConv,runOfRiver
ES,h5980,0.19846656703933088,scr2010,avaConv,runOfRiver
ES,h5981,0.19846656703933088,scr2010,avaConv,runOfRiver
ES,h5982,0.19846656703933088,scr2010,avaConv,runOfRiver
ES,h5983,0.19846656703933088,scr2010,avaConv,runOfRiver
ES,h5984,0.19846656703933088,scr2010,avaConv,runOfRiver
ES,h5985,0.19846656703933088,scr2010,avaConv,runOfRiver
ES,h5986,0.19846656703933088,scr2010,avaConv,runOfRiver
ES,h5987,0.19846656703933088,scr2010,avaConv,runOfRiver
ES,h5988,0.19846656703933088,scr2010,avaConv,runOfRiver
ES,h5989,0.19846656703933088,scr2010,avaConv,runOfRiver
ES,h5990,0.19846656703933088,scr2010,avaConv,runOfRiver
ES,h5991,0.19846656703933088,scr2010,avaConv,runOfRiver
ES,h5992,0.19846656703933088,scr2010,avaConv,runOfRiver
ES,h5993,0.19846656703933088,scr2010,avaConv,runOfRiver
ES,h5994,0.19846656703933088,scr2010,avaConv,runOfRiver
ES,h5995,0.19846656703933088,scr2010,avaConv,runOfRiver
ES,h5996,0.19846656703933088,scr2010,avaConv,runOfRiver
ES,h5997,0.19846656703933088,scr2010,avaConv,runOfRiver
ES,h5998,0.19846656703933088,scr2010,avaConv,runOfRiver
ES,h5999,0.19846656703933088,scr2010,avaConv,runOfRiver
ES,h6000,0.19846656703933088,scr2010,avaConv,runOfRiver
ES,h6001,0.19967271073233572,scr2010,avaConv,runOfRiver
ES,h6002,0.20087885515395223,scr2010,avaConv,runOfRiver
ES,h6003,0.20208500029980575,scr2010,avaConv,runOfRiver
ES,h6004,0.20208500029980575,scr2010,avaConv,runOfRiver
ES,h6005,0.20208500029980575,scr2010,avaConv,runOfRiver
ES,h6006,0.20208500029980575,scr2010,avaConv,runOfRiver
ES,h6007,0.20208500029980575,scr2010,avaConv,runOfRiver
ES,h6008,0.20208500029980575,scr2010,avaConv,runOfRiver
ES,h6009,0.20208500029980575,scr2010,avaConv,runOfRiver
ES,h6010,0.20208500029980575,scr2010,avaConv,runOfRiver
ES,h6011,0.20208500029980575,scr2010,avaConv,runOfRiver
ES,h6012,0.20208500029980575,scr2010,avaConv,runOfRiver
ES,h6013,0.20208500029980575,scr2010,avaConv,runOfRiver
ES,h6014,0.20208500029980575,scr2010,avaConv,runOfRiver
ES,h6015,0.20208500029980575,scr2010,avaConv,runOfRiver
ES,h6016,0.20208500029980575,scr2010,avaConv,runOfRiver
ES,h6017,0.20208500029980575,scr2010,avaConv,runOfRiver
ES,h6018,0.20208500029980575,scr2010,avaConv,runOfRiver
ES,h6019,0.20208500029980575,scr2010,avaConv,runOfRiver
ES,h6020,0.20208500029980575,scr2010,avaConv,runOfRiver
ES,h6021,0.20208500029980575,scr2010,avaConv,runOfRiver
ES,h6022,0.20208500029980575,scr2010,avaConv,runOfRiver
ES,h6023,0.20208500029980575,scr2010,avaConv,runOfRiver
ES,h6024,0.20208500029980575,scr2010,avaConv,runOfRiver
ES,h6025,0.202928775548409,scr2010,avaConv,runOfRiver
ES,h6026,0.20377255114786444,scr2010,avaConv,runOfRiver
ES,h6027,0.20461632709671942,scr2010,avaConv,runOfRiver
ES,h6028,0.20461632709671942,scr2010,avaConv,runOfRiver
ES,h6029,0.20461632709671942,scr2010,avaConv,runOfRiver
ES,h6030,0.20461632709671942,scr2010,avaConv,runOfRiver
ES,h6031,0.20461632709671942,scr2010,avaConv,runOfRiver
ES,h6032,0.20461632709671942,scr2010,avaConv,runOfRiver
ES,h6033,0.20461632709671942,scr2010,avaConv,runOfRiver
ES,h6034,0.20461632709671942,scr2010,avaConv,runOfRiver
ES,h6035,0.20461632709671942,scr2010,avaConv,runOfRiver
ES,h6036,0.20461632709671942,scr2010,avaConv,runOfRiver
ES,h6037,0.20461632709671942,scr2010,avaConv,runOfRiver
ES,h6038,0.20461632709671942,scr2010,avaConv,runOfRiver
ES,h6039,0.20461632709671942,scr2010,avaConv,runOfRiver
ES,h6040,0.20461632709671942,scr2010,avaConv,runOfRiver
ES,h6041,0.20461632709671942,scr2010,avaConv,runOfRiver
ES,h6042,0.20461632709671942,scr2010,avaConv,runOfRiver
ES,h6043,0.20461632709671942,scr2010,avaConv,runOfRiver
ES,h6044,0.20461632709671942,scr2010,avaConv,runOfRiver
ES,h6045,0.20461632709671942,scr2010,avaConv,runOfRiver
ES,h6046,0.20461632709671942,scr2010,avaConv,runOfRiver
ES,h6047,0.20461632709671942,scr2010,avaConv,runOfRiver
ES,h6048,0.20461632709671942,scr2010,avaConv,runOfRiver
ES,h6049,0.2056753887777999,scr2010,avaConv,runOfRiver
ES,h6050,0.2067344510042293,scr2010,avaConv,runOfRiver
ES,h6051,0.207793513773214,scr2010,avaConv,runOfRiver
ES,h6052,0.207793513773214,scr2010,avaConv,runOfRiver
ES,h6053,0.207793513773214,scr2010,avaConv,runOfRiver
ES,h6054,0.207793513773214,scr2010,avaConv,runOfRiver
ES,h6055,0.207793513773214,scr2010,avaConv,runOfRiver
ES,h6056,0.207793513773214,scr2010,avaConv,runOfRiver
ES,h6057,0.207793513773214,scr2010,avaConv,runOfRiver
ES,h6058,0.207793513773214,scr2010,avaConv,runOfRiver
ES,h6059,0.207793513773214,scr2010,avaConv,runOfRiver
ES,h6060,0.207793513773214,scr2010,avaConv,runOfRiver
ES,h6061,0.207793513773214,scr2010,avaConv,runOfRiver
ES,h6062,0.207793513773214,scr2010,avaConv,runOfRiver
ES,h6063,0.207793513773214,scr2010,avaConv,runOfRiver
ES,h6064,0.207793513773214,scr2010,avaConv,runOfRiver
ES,h6065,0.207793513773214,scr2010,avaConv,runOfRiver
ES,h6066,0.207793513773214,scr2010,avaConv,runOfRiver
ES,h6067,0.207793513773214,scr2010,avaConv,runOfRiver
ES,h6068,0.207793513773214,scr2010,avaConv,runOfRiver
ES,h6069,0.207793513773214,scr2010,avaConv,runOfRiver
ES,h6070,0.207793513773214,scr2010,avaConv,runOfRiver
ES,h6071,0.207793513773214,scr2010,avaConv,runOfRiver
ES,h6072,0.207793513773214,scr2010,avaConv,runOfRiver
ES,h6073,0.20772816326437205,scr2010,avaConv,runOfRiver
ES,h6074,0.20766281275758597,scr2010,avaConv,runOfRiver
ES,h6075,0.20759746225285652,scr2010,avaConv,runOfRiver
ES,h6076,0.20759746225285652,scr2010,avaConv,runOfRiver
ES,h6077,0.20759746225285652,scr2010,avaConv,runOfRiver
ES,h6078,0.20759746225285652,scr2010,avaConv,runOfRiver
ES,h6079,0.20759746225285652,scr2010,avaConv,runOfRiver
ES,h6080,0.20759746225285652,scr2010,avaConv,runOfRiver
ES,h6081,0.20759746225285652,scr2010,avaConv,runOfRiver
ES,h6082,0.20759746225285652,scr2010,avaConv,runOfRiver
ES,h6083,0.20759746225285652,scr2010,avaConv,runOfRiver
ES,h6084,0.20759746225285652,scr2010,avaConv,runOfRiver
ES,h6085,0.20759746225285652,scr2010,avaConv,runOfRiver
ES,h6086,0.20759746225285652,scr2010,avaConv,runOfRiver
ES,h6087,0.20759746225285652,scr2010,avaConv,runOfRiver
ES,h6088,0.20759746225285652,scr2010,avaConv,runOfRiver
ES,h6089,0.20759746225285652,scr2010,avaConv,runOfRiver
ES,h6090,0.20759746225285652,scr2010,avaConv,runOfRiver
ES,h6091,0.20759746225285652,scr2010,avaConv,runOfRiver
ES,h6092,0.20759746225285652,scr2010,avaConv,runOfRiver
ES,h6093,0.20759746225285652,scr2010,avaConv,runOfRiver
ES,h6094,0.20759746225285652,scr2010,avaConv,runOfRiver
ES,h6095,0.20759746225285652,scr2010,avaConv,runOfRiver
ES,h6096,0.20759746225285652,scr2010,avaConv,runOfRiver
ES,h6097,0.20710796453428137,scr2010,avaConv,runOfRiver
ES,h6098,0.20661846693140176,scr2010,avaConv,runOfRiver
ES,h6099,0.20612896944449174,scr2010,avaConv,runOfRiver
ES,h6100,0.20612896944449174,scr2010,avaConv,runOfRiver
ES,h6101,0.20612896944449174,scr2010,avaConv,runOfRiver
ES,h6102,0.20612896944449174,scr2010,avaConv,runOfRiver
ES,h6103,0.20612896944449174,scr2010,avaConv,runOfRiver
ES,h6104,0.20612896944449174,scr2010,avaConv,runOfRiver
ES,h6105,0.20612896944449174,scr2010,avaConv,runOfRiver
ES,h6106,0.20612896944449174,scr2010,avaConv,runOfRiver
ES,h6107,0.20612896944449174,scr2010,avaConv,runOfRiver
ES,h6108,0.20612896944449174,scr2010,avaConv,runOfRiver
ES,h6109,0.20612896944449174,scr2010,avaConv,runOfRiver
ES,h6110,0.20612896944449174,scr2010,avaConv,runOfRiver
ES,h6111,0.20612896944449174,scr2010,avaConv,runOfRiver
ES,h6112,0.20612896944449174,scr2010,avaConv,runOfRiver
ES,h6113,0.20612896944449174,scr2010,avaConv,runOfRiver
ES,h6114,0.20612896944449174,scr2010,avaConv,runOfRiver
ES,h6115,0.20612896944449174,scr2010,avaConv,runOfRiver
ES,h6116,0.20612896944449174,scr2010,avaConv,runOfRiver
ES,h6117,0.20612896944449174,scr2010,avaConv,runOfRiver
ES,h6118,0.20612896944449174,scr2010,avaConv,runOfRiver
ES,h6119,0.20612896944449174,scr2010,avaConv,runOfRiver
ES,h6120,0.20612896944449174,scr2010,avaConv,runOfRiver
ES,h6121,0.20660068664117726,scr2010,avaConv,runOfRiver
ES,h6122,0.2070724039455698,scr2010,avaConv,runOfRiver
ES,h6123,0.20754412135742403,scr2010,avaConv,runOfRiver
ES,h6124,0.20754412135742403,scr2010,avaConv,runOfRiver
ES,h6125,0.20754412135742403,scr2010,avaConv,runOfRiver
ES,h6126,0.20754412135742403,scr2010,avaConv,runOfRiver
ES,h6127,0.20754412135742403,scr2010,avaConv,runOfRiver
ES,h6128,0.20754412135742403,scr2010,avaConv,runOfRiver
ES,h6129,0.20754412135742403,scr2010,avaConv,runOfRiver
ES,h6130,0.20754412135742403,scr2010,avaConv,runOfRiver
ES,h6131,0.20754412135742403,scr2010,avaConv,runOfRiver
ES,h6132,0.20754412135742403,scr2010,avaConv,runOfRiver
ES,h6133,0.20754412135742403,scr2010,avaConv,runOfRiver
ES,h6134,0.20754412135742403,scr2010,avaConv,runOfRiver
ES,h6135,0.20754412135742403,scr2010,avaConv,runOfRiver
ES,h6136,0.20754412135742403,scr2010,avaConv,runOfRiver
ES,h6137,0.20754412135742403,scr2010,avaConv,runOfRiver
ES,h6138,0.20754412135742403,scr2010,avaConv,runOfRiver
ES,h6139,0.20754412135742403,scr2010,avaConv,runOfRiver
ES,h6140,0.20754412135742403,scr2010,avaConv,runOfRiver
ES,h6141,0.20754412135742403,scr2010,avaConv,runOfRiver
ES,h6142,0.20754412135742403,scr2010,avaConv,runOfRiver
ES,h6143,0.20754412135742403,scr2010,avaConv,runOfRiver
ES,h6144,0.20754412135742403,scr2010,avaConv,runOfRiver
ES,h6145,0.20741386784727353,scr2010,avaConv,runOfRiver
ES,h6146,0.20728361434530299,scr2010,avaConv,runOfRiver
ES,h6147,0.20715336085151764,scr2010,avaConv,runOfRiver
ES,h6148,0.20715336085151764,scr2010,avaConv,runOfRiver
ES,h6149,0.20715336085151764,scr2010,avaConv,runOfRiver
ES,h6150,0.20715336085151764,scr2010,avaConv,runOfRiver
ES,h6151,0.20715336085151764,scr2010,avaConv,runOfRiver
ES,h6152,0.20715336085151764,scr2010,avaConv,runOfRiver
ES,h6153,0.20715336085151764,scr2010,avaConv,runOfRiver
ES,h6154,0.20715336085151764,scr2010,avaConv,runOfRiver
ES,h6155,0.20715336085151764,scr2010,avaConv,runOfRiver
ES,h6156,0.20715336085151764,scr2010,avaConv,runOfRiver
ES,h6157,0.20715336085151764,scr2010,avaConv,runOfRiver
ES,h6158,0.20715336085151764,scr2010,avaConv,runOfRiver
ES,h6159,0.20715336085151764,scr2010,avaConv,runOfRiver
ES,h6160,0.20715336085151764,scr2010,avaConv,runOfRiver
ES,h6161,0.20715336085151764,scr2010,avaConv,runOfRiver
ES,h6162,0.20715336085151764,scr2010,avaConv,runOfRiver
ES,h6163,0.20715336085151764,scr2010,avaConv,runOfRiver
ES,h6164,0.20715336085151764,scr2010,avaConv,runOfRiver
ES,h6165,0.20715336085151764,scr2010,avaConv,runOfRiver
ES,h6166,0.20715336085151764,scr2010,avaConv,runOfRiver
ES,h6167,0.20715336085151764,scr2010,avaConv,runOfRiver
ES,h6168,0.20715336085151764,scr2010,avaConv,runOfRiver
ES,h6169,0.20639468930515903,scr2010,avaConv,runOfRiver
ES,h6170,0.20563601803768328,scr2010,avaConv,runOfRiver
ES,h6171,0.20487734705011929,scr2010,avaConv,runOfRiver
ES,h6172,0.20487734705011929,scr2010,avaConv,runOfRiver
ES,h6173,0.20487734705011929,scr2010,avaConv,runOfRiver
ES,h6174,0.20487734705011929,scr2010,avaConv,runOfRiver
ES,h6175,0.20487734705011929,scr2010,avaConv,runOfRiver
ES,h6176,0.20487734705011929,scr2010,avaConv,runOfRiver
ES,h6177,0.20487734705011929,scr2010,avaConv,runOfRiver
ES,h6178,0.20487734705011929,scr2010,avaConv,runOfRiver
ES,h6179,0.20487734705011929,scr2010,avaConv,runOfRiver
ES,h6180,0.20487734705011929,scr2010,avaConv,runOfRiver
ES,h6181,0.20487734705011929,scr2010,avaConv,runOfRiver
ES,h6182,0.20487734705011929,scr2010,avaConv,runOfRiver
ES,h6183,0.20487734705011929,scr2010,avaConv,runOfRiver
ES,h6184,0.20487734705011929,scr2010,avaConv,runOfRiver
ES,h6185,0.20487734705011929,scr2010,avaConv,runOfRiver
ES,h6186,0.20487734705011929,scr2010,avaConv,runOfRiver
ES,h6187,0.20487734705011929,scr2010,avaConv,runOfRiver
ES,h6188,0.20487734705011929,scr2010,avaConv,runOfRiver
ES,h6189,0.20487734705011929,scr2010,avaConv,runOfRiver
ES,h6190,0.20487734705011929,scr2010,avaConv,runOfRiver
ES,h6191,0.20487734705011929,scr2010,avaConv,runOfRiver
ES,h6192,0.20487734705011929,scr2010,avaConv,runOfRiver
ES,h6193,0.2048906648364318,scr2010,avaConv,runOfRiver
ES,h6194,0.20490398262283094,scr2010,avaConv,runOfRiver
ES,h6195,0.20491730040931655,scr2010,avaConv,runOfRiver
ES,h6196,0.20491730040931655,scr2010,avaConv,runOfRiver
ES,h6197,0.20491730040931655,scr2010,avaConv,runOfRiver
ES,h6198,0.20491730040931655,scr2010,avaConv,runOfRiver
ES,h6199,0.20491730040931655,scr2010,avaConv,runOfRiver
ES,h6200,0.20491730040931655,scr2010,avaConv,runOfRiver
ES,h6201,0.20491730040931655,scr2010,avaConv,runOfRiver
ES,h6202,0.20491730040931655,scr2010,avaConv,runOfRiver
ES,h6203,0.20491730040931655,scr2010,avaConv,runOfRiver
ES,h6204,0.20491730040931655,scr2010,avaConv,runOfRiver
ES,h6205,0.20491730040931655,scr2010,avaConv,runOfRiver
ES,h6206,0.20491730040931655,scr2010,avaConv,runOfRiver
ES,h6207,0.20491730040931655,scr2010,avaConv,runOfRiver
ES,h6208,0.20491730040931655,scr2010,avaConv,runOfRiver
ES,h6209,0.20491730040931655,scr2010,avaConv,runOfRiver
ES,h6210,0.20491730040931655,scr2010,avaConv,runOfRiver
ES,h6211,0.20491730040931655,scr2010,avaConv,runOfRiver
ES,h6212,0.20491730040931655,scr2010,avaConv,runOfRiver
ES,h6213,0.20491730040931655,scr2010,avaConv,runOfRiver
ES,h6214,0.20491730040931655,scr2010,avaConv,runOfRiver
ES,h6215,0.20491730040931655,scr2010,avaConv,runOfRiver
ES,h6216,0.20491730040931655,scr2010,avaConv,runOfRiver
ES,h6217,0.2052693929621976,scr2010,avaConv,runOfRiver
ES,h6218,0.20562148557547386,scr2010,avaConv,runOfRiver
ES,h6219,0.2059735782490418,scr2010,avaConv,runOfRiver
ES,h6220,0.2059735782490418,scr2010,avaConv,runOfRiver
ES,h6221,0.2059735782490418,scr2010,avaConv,runOfRiver
ES,h6222,0.2059735782490418,scr2010,avaConv,runOfRiver
ES,h6223,0.2059735782490418,scr2010,avaConv,runOfRiver
ES,h6224,0.2059735782490418,scr2010,avaConv,runOfRiver
ES,h6225,0.2059735782490418,scr2010,avaConv,runOfRiver
ES,h6226,0.2059735782490418,scr2010,avaConv,runOfRiver
ES,h6227,0.2059735782490418,scr2010,avaConv,runOfRiver
ES,h6228,0.2059735782490418,scr2010,avaConv,runOfRiver
ES,h6229,0.2059735782490418,scr2010,avaConv,runOfRiver
ES,h6230,0.2059735782490418,scr2010,avaConv,runOfRiver
ES,h6231,0.2059735782490418,scr2010,avaConv,runOfRiver
ES,h6232,0.2059735782490418,scr2010,avaConv,runOfRiver
ES,h6233,0.2059735782490418,scr2010,avaConv,runOfRiver
ES,h6234,0.2059735782490418,scr2010,avaConv,runOfRiver
ES,h6235,0.2059735782490418,scr2010,avaConv,runOfRiver
ES,h6236,0.2059735782490418,scr2010,avaConv,runOfRiver
ES,h6237,0.2059735782490418,scr2010,avaConv,runOfRiver
ES,h6238,0.2059735782490418,scr2010,avaConv,runOfRiver
ES,h6239,0.2059735782490418,scr2010,avaConv,runOfRiver
ES,h6240,0.2059735782490418,scr2010,avaConv,runOfRiver
ES,h6241,0.20671340260262233,scr2010,avaConv,runOfRiver
ES,h6242,0.2074532272209928,scr2010,avaConv,runOfRiver
ES,h6243,0.20819305210320904,scr2010,avaConv,runOfRiver
ES,h6244,0.20819305210320904,scr2010,avaConv,runOfRiver
ES,h6245,0.20819305210320904,scr2010,avaConv,runOfRiver
ES,h6246,0.20819305210320904,scr2010,avaConv,runOfRiver
ES,h6247,0.20819305210320904,scr2010,avaConv,runOfRiver
ES,h6248,0.20819305210320904,scr2010,avaConv,runOfRiver
ES,h6249,0.20819305210320904,scr2010,avaConv,runOfRiver
ES,h6250,0.20819305210320904,scr2010,avaConv,runOfRiver
ES,h6251,0.20819305210320904,scr2010,avaConv,runOfRiver
ES,h6252,0.20819305210320904,scr2010,avaConv,runOfRiver
ES,h6253,0.20819305210320904,scr2010,avaConv,runOfRiver
ES,h6254,0.20819305210320904,scr2010,avaConv,runOfRiver
ES,h6255,0.20819305210320904,scr2010,avaConv,runOfRiver
ES,h6256,0.20819305210320904,scr2010,avaConv,runOfRiver
ES,h6257,0.20819305210320904,scr2010,avaConv,runOfRiver
ES,h6258,0.20819305210320904,scr2010,avaConv,runOfRiver
ES,h6259,0.20819305210320904,scr2010,avaConv,runOfRiver
ES,h6260,0.20819305210320904,scr2010,avaConv,runOfRiver
ES,h6261,0.20819305210320904,scr2010,avaConv,runOfRiver
ES,h6262,0.20819305210320904,scr2010,avaConv,runOfRiver
ES,h6263,0.20819305210320904,scr2010,avaConv,runOfRiver
ES,h6264,0.20819305210320904,scr2010,avaConv,runOfRiver
ES,h6265,0.20972650475099897,scr2010,avaConv,runOfRiver
ES,h6266,0.21125995852003943,scr2010,avaConv,runOfRiver
ES,h6267,0.21279341340219216,scr2010,avaConv,runOfRiver
ES,h6268,0.21279341340219216,scr2010,avaConv,runOfRiver
ES,h6269,0.21279341340219216,scr2010,avaConv,runOfRiver
ES,h6270,0.21279341340219216,scr2010,avaConv,runOfRiver
ES,h6271,0.21279341340219216,scr2010,avaConv,runOfRiver
ES,h6272,0.21279341340219216,scr2010,avaConv,runOfRiver
ES,h6273,0.21279341340219216,scr2010,avaConv,runOfRiver
ES,h6274,0.21279341340219216,scr2010,avaConv,runOfRiver
ES,h6275,0.21279341340219216,scr2010,avaConv,runOfRiver
ES,h6276,0.21279341340219216,scr2010,avaConv,runOfRiver
ES,h6277,0.21279341340219216,scr2010,avaConv,runOfRiver
ES,h6278,0.21279341340219216,scr2010,avaConv,runOfRiver
ES,h6279,0.21279341340219216,scr2010,avaConv,runOfRiver
ES,h6280,0.21279341340219216,scr2010,avaConv,runOfRiver
ES,h6281,0.21279341340219216,scr2010,avaConv,runOfRiver
ES,h6282,0.21279341340219216,scr2010,avaConv,runOfRiver
ES,h6283,0.21279341340219216,scr2010,avaConv,runOfRiver
ES,h6284,0.21279341340219216,scr2010,avaConv,runOfRiver
ES,h6285,0.21279341340219216,scr2010,avaConv,runOfRiver
ES,h6286,0.21279341340219216,scr2010,avaConv,runOfRiver
ES,h6287,0.21279341340219216,scr2010,avaConv,runOfRiver
ES,h6288,0.21279341340219216,scr2010,avaConv,runOfRiver
ES,h6289,0.2144720073013955,scr2010,avaConv,runOfRiver
ES,h6290,0.21615060251441717,scr2010,avaConv,runOfRiver
ES,h6291,0.21782919903105463,scr2010,avaConv,runOfRiver
ES,h6292,0.21782919903105463,scr2010,avaConv,runOfRiver
ES,h6293,0.21782919903105463,scr2010,avaConv,runOfRiver
ES,h6294,0.21782919903105463,scr2010,avaConv,runOfRiver
ES,h6295,0.21782919903105463,scr2010,avaConv,runOfRiver
ES,h6296,0.21782919903105463,scr2010,avaConv,runOfRiver
ES,h6297,0.21782919903105463,scr2010,avaConv,runOfRiver
ES,h6298,0.21782919903105463,scr2010,avaConv,runOfRiver
ES,h6299,0.21782919903105463,scr2010,avaConv,runOfRiver
ES,h6300,0.21782919903105463,scr2010,avaConv,runOfRiver
ES,h6301,0.21782919903105463,scr2010,avaConv,runOfRiver
ES,h6302,0.21782919903105463,scr2010,avaConv,runOfRiver
ES,h6303,0.21782919903105463,scr2010,avaConv,runOfRiver
ES,h6304,0.21782919903105463,scr2010,avaConv,runOfRiver
ES,h6305,0.21782919903105463,scr2010,avaConv,runOfRiver
ES,h6306,0.21782919903105463,scr2010,avaConv,runOfRiver
ES,h6307,0.21782919903105463,scr2010,avaConv,runOfRiver
ES,h6308,0.21782919903105463,scr2010,avaConv,runOfRiver
ES,h6309,0.21782919903105463,scr2010,avaConv,runOfRiver
ES,h6310,0.21782919903105463,scr2010,avaConv,runOfRiver
ES,h6311,0.21782919903105463,scr2010,avaConv,runOfRiver
ES,h6312,0.21782919903105463,scr2010,avaConv,runOfRiver
ES,h6313,0.22370296339101353,scr2010,avaConv,runOfRiver
ES,h6314,0.2295767431757891,scr2010,avaConv,runOfRiver
ES,h6315,0.23545053799067878,scr2010,avaConv,runOfRiver
ES,h6316,0.23545053799067878,scr2010,avaConv,runOfRiver
ES,h6317,0.23545053799067878,scr2010,avaConv,runOfRiver
ES,h6318,0.23545053799067878,scr2010,avaConv,runOfRiver
ES,h6319,0.23545053799067878,scr2010,avaConv,runOfRiver
ES,h6320,0.23545053799067878,scr2010,avaConv,runOfRiver
ES,h6321,0.23545053799067878,scr2010,avaConv,runOfRiver
ES,h6322,0.23545053799067878,scr2010,avaConv,runOfRiver
ES,h6323,0.23545053799067878,scr2010,avaConv,runOfRiver
ES,h6324,0.23545053799067878,scr2010,avaConv,runOfRiver
ES,h6325,0.23545053799067878,scr2010,avaConv,runOfRiver
ES,h6326,0.23545053799067878,scr2010,avaConv,runOfRiver
ES,h6327,0.23545053799067878,scr2010,avaConv,runOfRiver
ES,h6328,0.23545053799067878,scr2010,avaConv,runOfRiver
ES,h6329,0.23545053799067878,scr2010,avaConv,runOfRiver
ES,h6330,0.23545053799067878,scr2010,avaConv,runOfRiver
ES,h6331,0.23545053799067878,scr2010,avaConv,runOfRiver
ES,h6332,0.23545053799067878,scr2010,avaConv,runOfRiver
ES,h6333,0.23545053799067878,scr2010,avaConv,runOfRiver
ES,h6334,0.23545053799067878,scr2010,avaConv,runOfRiver
ES,h6335,0.23545053799067878,scr2010,avaConv,runOfRiver
ES,h6336,0.23545053799067878,scr2010,avaConv,runOfRiver
ES,h6337,0.24014575705583963,scr2010,avaConv,runOfRiver
ES,h6338,0.24484098530156692,scr2010,avaConv,runOfRiver
ES,h6339,0.24953622255180233,scr2010,avaConv,runOfRiver
ES,h6340,0.24953622255180233,scr2010,avaConv,runOfRiver
ES,h6341,0.24953622255180233,scr2010,avaConv,runOfRiver
ES,h6342,0.24953622255180233,scr2010,avaConv,runOfRiver
ES,h6343,0.24953622255180233,scr2010,avaConv,runOfRiver
ES,h6344,0.24953622255180233,scr2010,avaConv,runOfRiver
ES,h6345,0.24953622255180233,scr2010,avaConv,runOfRiver
ES,h6346,0.24953622255180233,scr2010,avaConv,runOfRiver
ES,h6347,0.24953622255180233,scr2010,avaConv,runOfRiver
ES,h6348,0.24953622255180233,scr2010,avaConv,runOfRiver
ES,h6349,0.24953622255180233,scr2010,avaConv,runOfRiver
ES,h6350,0.24953622255180233,scr2010,avaConv,runOfRiver
ES,h6351,0.24953622255180233,scr2010,avaConv,runOfRiver
ES,h6352,0.24953622255180233,scr2010,avaConv,runOfRiver
ES,h6353,0.24953622255180233,scr2010,avaConv,runOfRiver
ES,h6354,0.24953622255180233,scr2010,avaConv,runOfRiver
ES,h6355,0.24953622255180233,scr2010,avaConv,runOfRiver
ES,h6356,0.24953622255180233,scr2010,avaConv,runOfRiver
ES,h6357,0.24953622255180233,scr2010,avaConv,runOfRiver
ES,h6358,0.24953622255180233,scr2010,avaConv,runOfRiver
ES,h6359,0.24953622255180233,scr2010,avaConv,runOfRiver
ES,h6360,0.24953622255180233,scr2010,avaConv,runOfRiver
ES,h6361,0.2536545142870638,scr2010,avaConv,runOfRiver
ES,h6362,0.2577728127090436,scr2010,avaConv,runOfRiver
ES,h6363,0.26189111771091267,scr2010,avaConv,runOfRiver
ES,h6364,0.26189111771091267,scr2010,avaConv,runOfRiver
ES,h6365,0.26189111771091267,scr2010,avaConv,runOfRiver
ES,h6366,0.26189111771091267,scr2010,avaConv,runOfRiver
ES,h6367,0.26189111771091267,scr2010,avaConv,runOfRiver
ES,h6368,0.26189111771091267,scr2010,avaConv,runOfRiver
ES,h6369,0.26189111771091267,scr2010,avaConv,runOfRiver
ES,h6370,0.26189111771091267,scr2010,avaConv,runOfRiver
ES,h6371,0.26189111771091267,scr2010,avaConv,runOfRiver
ES,h6372,0.26189111771091267,scr2010,avaConv,runOfRiver
ES,h6373,0.26189111771091267,scr2010,avaConv,runOfRiver
ES,h6374,0.26189111771091267,scr2010,avaConv,runOfRiver
ES,h6375,0.26189111771091267,scr2010,avaConv,runOfRiver
ES,h6376,0.26189111771091267,scr2010,avaConv,runOfRiver
ES,h6377,0.26189111771091267,scr2010,avaConv,runOfRiver
ES,h6378,0.26189111771091267,scr2010,avaConv,runOfRiver
ES,h6379,0.26189111771091267,scr2010,avaConv,runOfRiver
ES,h6380,0.26189111771091267,scr2010,avaConv,runOfRiver
ES,h6381,0.26189111771091267,scr2010,avaConv,runOfRiver
ES,h6382,0.26189111771091267,scr2010,avaConv,runOfRiver
ES,h6383,0.26189111771091267,scr2010,avaConv,runOfRiver
ES,h6384,0.26189111771091267,scr2010,avaConv,runOfRiver
ES,h6385,0.2652565638347274,scr2010,avaConv,runOfRiver
ES,h6386,0.26862201422857274,scr2010,avaConv,runOfRiver
ES,h6387,0.27198746883895414,scr2010,avaConv,runOfRiver
ES,h6388,0.27198746883895414,scr2010,avaConv,runOfRiver
ES,h6389,0.27198746883895414,scr2010,avaConv,runOfRiver
ES,h6390,0.27198746883895414,scr2010,avaConv,runOfRiver
ES,h6391,0.27198746883895414,scr2010,avaConv,runOfRiver
ES,h6392,0.27198746883895414,scr2010,avaConv,runOfRiver
ES,h6393,0.27198746883895414,scr2010,avaConv,runOfRiver
ES,h6394,0.27198746883895414,scr2010,avaConv,runOfRiver
ES,h6395,0.27198746883895414,scr2010,avaConv,runOfRiver
ES,h6396,0.27198746883895414,scr2010,avaConv,runOfRiver
ES,h6397,0.27198746883895414,scr2010,avaConv,runOfRiver
ES,h6398,0.27198746883895414,scr2010,avaConv,runOfRiver
ES,h6399,0.27198746883895414,scr2010,avaConv,runOfRiver
ES,h6400,0.27198746883895414,scr2010,avaConv,runOfRiver
ES,h6401,0.27198746883895414,scr2010,avaConv,runOfRiver
ES,h6402,0.27198746883895414,scr2010,avaConv,runOfRiver
ES,h6403,0.27198746883895414,scr2010,avaConv,runOfRiver
ES,h6404,0.27198746883895414,scr2010,avaConv,runOfRiver
ES,h6405,0.27198746883895414,scr2010,avaConv,runOfRiver
ES,h6406,0.27198746883895414,scr2010,avaConv,runOfRiver
ES,h6407,0.27198746883895414,scr2010,avaConv,runOfRiver
ES,h6408,0.27198746883895414,scr2010,avaConv,runOfRiver
ES,h6409,0.2788547508105126,scr2010,avaConv,runOfRiver
ES,h6410,0.28572204969560033,scr2010,avaConv,runOfRiver
ES,h6411,0.2925893650876659,scr2010,avaConv,runOfRiver
ES,h6412,0.2925893650876659,scr2010,avaConv,runOfRiver
ES,h6413,0.2925893650876659,scr2010,avaConv,runOfRiver
ES,h6414,0.2925893650876659,scr2010,avaConv,runOfRiver
ES,h6415,0.2925893650876659,scr2010,avaConv,runOfRiver
ES,h6416,0.2925893650876659,scr2010,avaConv,runOfRiver
ES,h6417,0.2925893650876659,scr2010,avaConv,runOfRiver
ES,h6418,0.2925893650876659,scr2010,avaConv,runOfRiver
ES,h6419,0.2925893650876659,scr2010,avaConv,runOfRiver
ES,h6420,0.2925893650876659,scr2010,avaConv,runOfRiver
ES,h6421,0.2925893650876659,scr2010,avaConv,runOfRiver
ES,h6422,0.2925893650876659,scr2010,avaConv,runOfRiver
ES,h6423,0.2925893650876659,scr2010,avaConv,runOfRiver
ES,h6424,0.2925893650876659,scr2010,avaConv,runOfRiver
ES,h6425,0.2925893650876659,scr2010,avaConv,runOfRiver
ES,h6426,0.2925893650876659,scr2010,avaConv,runOfRiver
ES,h6427,0.2925893650876659,scr2010,avaConv,runOfRiver
ES,h6428,0.2925893650876659,scr2010,avaConv,runOfRiver
ES,h6429,0.2925893650876659,scr2010,avaConv,runOfRiver
ES,h6430,0.2925893650876659,scr2010,avaConv,runOfRiver
ES,h6431,0.2925893650876659,scr2010,avaConv,runOfRiver
ES,h6432,0.2925893650876659,scr2010,avaConv,runOfRiver
ES,h6433,0.29871587224715423,scr2010,avaConv,runOfRiver
ES,h6434,0.30484239197254714,scr2010,avaConv,runOfRiver
ES,h6435,0.3109689240112972,scr2010,avaConv,runOfRiver
ES,h6436,0.3109689240112972,scr2010,avaConv,runOfRiver
ES,h6437,0.3109689240112972,scr2010,avaConv,runOfRiver
ES,h6438,0.3109689240112972,scr2010,avaConv,runOfRiver
ES,h6439,0.3109689240112972,scr2010,avaConv,runOfRiver
ES,h6440,0.3109689240112972,scr2010,avaConv,runOfRiver
ES,h6441,0.3109689240112972,scr2010,avaConv,runOfRiver
ES,h6442,0.3109689240112972,scr2010,avaConv,runOfRiver
ES,h6443,0.3109689240112972,scr2010,avaConv,runOfRiver
ES,h6444,0.3109689240112972,scr2010,avaConv,runOfRiver
ES,h6445,0.3109689240112972,scr2010,avaConv,runOfRiver
ES,h6446,0.3109689240112972,scr2010,avaConv,runOfRiver
ES,h6447,0.3109689240112972,scr2010,avaConv,runOfRiver
ES,h6448,0.3109689240112972,scr2010,avaConv,runOfRiver
ES,h6449,0.3109689240112972,scr2010,avaConv,runOfRiver
ES,h6450,0.3109689240112972,scr2010,avaConv,runOfRiver
ES,h6451,0.3109689240112972,scr2010,avaConv,runOfRiver
ES,h6452,0.3109689240112972,scr2010,avaConv,runOfRiver
ES,h6453,0.3109689240112972,scr2010,avaConv,runOfRiver
ES,h6454,0.3109689240112972,scr2010,avaConv,runOfRiver
ES,h6455,0.3109689240112972,scr2010,avaConv,runOfRiver
ES,h6456,0.3109689240112972,scr2010,avaConv,runOfRiver
ES,h6457,0.315231026846156,scr2010,avaConv,runOfRiver
ES,h6458,0.31949313544370833,scr2010,avaConv,runOfRiver
ES,h6459,0.32375524972708314,scr2010,avaConv,runOfRiver
ES,h6460,0.32375524972708314,scr2010,avaConv,runOfRiver
ES,h6461,0.32375524972708314,scr2010,avaConv,runOfRiver
ES,h6462,0.32375524972708314,scr2010,avaConv,runOfRiver
ES,h6463,0.32375524972708314,scr2010,avaConv,runOfRiver
ES,h6464,0.32375524972708314,scr2010,avaConv,runOfRiver
ES,h6465,0.32375524972708314,scr2010,avaConv,runOfRiver
ES,h6466,0.32375524972708314,scr2010,avaConv,runOfRiver
ES,h6467,0.32375524972708314,scr2010,avaConv,runOfRiver
ES,h6468,0.32375524972708314,scr2010,avaConv,runOfRiver
ES,h6469,0.32375524972708314,scr2010,avaConv,runOfRiver
ES,h6470,0.32375524972708314,scr2010,avaConv,runOfRiver
ES,h6471,0.32375524972708314,scr2010,avaConv,runOfRiver
ES,h6472,0.32375524972708314,scr2010,avaConv,runOfRiver
ES,h6473,0.32375524972708314,scr2010,avaConv,runOfRiver
ES,h6474,0.32375524972708314,scr2010,avaConv,runOfRiver
ES,h6475,0.32375524972708314,scr2010,avaConv,runOfRiver
ES,h6476,0.32375524972708314,scr2010,avaConv,runOfRiver
ES,h6477,0.32375524972708314,scr2010,avaConv,runOfRiver
ES,h6478,0.32375524972708314,scr2010,avaConv,runOfRiver
ES,h6479,0.32375524972708314,scr2010,avaConv,runOfRiver
ES,h6480,0.32375524972708314,scr2010,avaConv,runOfRiver
ES,h6481,0.3289633010753771,scr2010,avaConv,runOfRiver
ES,h6482,0.33417136066909897,scr2010,avaConv,runOfRiver
ES,h6483,0.33937942837974877,scr2010,avaConv,runOfRiver
ES,h6484,0.33937942837974877,scr2010,avaConv,runOfRiver
ES,h6485,0.33937942837974877,scr2010,avaConv,runOfRiver
ES,h6486,0.33937942837974877,scr2010,avaConv,runOfRiver
ES,h6487,0.33937942837974877,scr2010,avaConv,runOfRiver
ES,h6488,0.33937942837974877,scr2010,avaConv,runOfRiver
ES,h6489,0.33937942837974877,scr2010,avaConv,runOfRiver
ES,h6490,0.33937942837974877,scr2010,avaConv,runOfRiver
ES,h6491,0.33937942837974877,scr2010,avaConv,runOfRiver
ES,h6492,0.33937942837974877,scr2010,avaConv,runOfRiver
ES,h6493,0.33937942837974877,scr2010,avaConv,runOfRiver
ES,h6494,0.33937942837974877,scr2010,avaConv,runOfRiver
ES,h6495,0.33937942837974877,scr2010,avaConv,runOfRiver
ES,h6496,0.33937942837974877,scr2010,avaConv,runOfRiver
ES,h6497,0.33937942837974877,scr2010,avaConv,runOfRiver
ES,h6498,0.33937942837974877,scr2010,avaConv,runOfRiver
ES,h6499,0.33937942837974877,scr2010,avaConv,runOfRiver
ES,h6500,0.33937942837974877,scr2010,avaConv,runOfRiver
ES,h6501,0.33937942837974877,scr2010,avaConv,runOfRiver
ES,h6502,0.33937942837974877,scr2010,avaConv,runOfRiver
ES,h6503,0.33937942837974877,scr2010,avaConv,runOfRiver
ES,h6504,0.33937942837974877,scr2010,avaConv,runOfRiver
ES,h6505,0.3451261299399223,scr2010,avaConv,runOfRiver
ES,h6506,0.35087284106917005,scr2010,avaConv,runOfRiver
ES,h6507,0.35661956161077163,scr2010,avaConv,runOfRiver
ES,h6508,0.35661956161077163,scr2010,avaConv,runOfRiver
ES,h6509,0.35661956161077163,scr2010,avaConv,runOfRiver
ES,h6510,0.35661956161077163,scr2010,avaConv,runOfRiver
ES,h6511,0.35661956161077163,scr2010,avaConv,runOfRiver
ES,h6512,0.35661956161077163,scr2010,avaConv,runOfRiver
ES,h6513,0.35661956161077163,scr2010,avaConv,runOfRiver
ES,h6514,0.35661956161077163,scr2010,avaConv,runOfRiver
ES,h6515,0.35661956161077163,scr2010,avaConv,runOfRiver
ES,h6516,0.35661956161077163,scr2010,avaConv,runOfRiver
ES,h6517,0.35661956161077163,scr2010,avaConv,runOfRiver
ES,h6518,0.35661956161077163,scr2010,avaConv,runOfRiver
ES,h6519,0.35661956161077163,scr2010,avaConv,runOfRiver
ES,h6520,0.35661956161077163,scr2010,avaConv,runOfRiver
ES,h6521,0.35661956161077163,scr2010,avaConv,runOfRiver
ES,h6522,0.35661956161077163,scr2010,avaConv,runOfRiver
ES,h6523,0.35661956161077163,scr2010,avaConv,runOfRiver
ES,h6524,0.35661956161077163,scr2010,avaConv,runOfRiver
ES,h6525,0.35661956161077163,scr2010,avaConv,runOfRiver
ES,h6526,0.35661956161077163,scr2010,avaConv,runOfRiver
ES,h6527,0.35661956161077163,scr2010,avaConv,runOfRiver
ES,h6528,0.35661956161077163,scr2010,avaConv,runOfRiver
ES,h6529,0.36252540676902356,scr2010,avaConv,runOfRiver
ES,h6530,0.3684312615485736,scr2010,avaConv,runOfRiver
ES,h6531,0.37433712579520123,scr2010,avaConv,runOfRiver
ES,h6532,0.37433712579520123,scr2010,avaConv,runOfRiver
ES,h6533,0.37433712579520123,scr2010,avaConv,runOfRiver
ES,h6534,0.37433712579520123,scr2010,avaConv,runOfRiver
ES,h6535,0.37433712579520123,scr2010,avaConv,runOfRiver
ES,h6536,0.37433712579520123,scr2010,avaConv,runOfRiver
ES,h6537,0.37433712579520123,scr2010,avaConv,runOfRiver
ES,h6538,0.37433712579520123,scr2010,avaConv,runOfRiver
ES,h6539,0.37433712579520123,scr2010,avaConv,runOfRiver
ES,h6540,0.37433712579520123,scr2010,avaConv,runOfRiver
ES,h6541,0.37433712579520123,scr2010,avaConv,runOfRiver
ES,h6542,0.37433712579520123,scr2010,avaConv,runOfRiver
ES,h6543,0.37433712579520123,scr2010,avaConv,runOfRiver
ES,h6544,0.37433712579520123,scr2010,avaConv,runOfRiver
ES,h6545,0.37433712579520123,scr2010,avaConv,runOfRiver
ES,h6546,0.37433712579520123,scr2010,avaConv,runOfRiver
ES,h6547,0.37433712579520123,scr2010,avaConv,runOfRiver
ES,h6548,0.37433712579520123,scr2010,avaConv,runOfRiver
ES,h6549,0.37433712579520123,scr2010,avaConv,runOfRiver
ES,h6550,0.37433712579520123,scr2010,avaConv,runOfRiver
ES,h6551,0.37433712579520123,scr2010,avaConv,runOfRiver
ES,h6552,0.37433712579520123,scr2010,avaConv,runOfRiver
ES,h6553,0.37982754382531747,scr2010,avaConv,runOfRiver
ES,h6554,0.3853179697918927,scr2010,avaConv,runOfRiver
ES,h6555,0.39080840358184676,scr2010,avaConv,runOfRiver
ES,h6556,0.39080840358184676,scr2010,avaConv,runOfRiver
ES,h6557,0.39080840358184676,scr2010,avaConv,runOfRiver
ES,h6558,0.39080840358184676,scr2010,avaConv,runOfRiver
ES,h6559,0.39080840358184676,scr2010,avaConv,runOfRiver
ES,h6560,0.39080840358184676,scr2010,avaConv,runOfRiver
ES,h6561,0.39080840358184676,scr2010,avaConv,runOfRiver
ES,h6562,0.39080840358184676,scr2010,avaConv,runOfRiver
ES,h6563,0.39080840358184676,scr2010,avaConv,runOfRiver
ES,h6564,0.39080840358184676,scr2010,avaConv,runOfRiver
ES,h6565,0.39080840358184676,scr2010,avaConv,runOfRiver
ES,h6566,0.39080840358184676,scr2010,avaConv,runOfRiver
ES,h6567,0.39080840358184676,scr2010,avaConv,runOfRiver
ES,h6568,0.39080840358184676,scr2010,avaConv,runOfRiver
ES,h6569,0.39080840358184676,scr2010,avaConv,runOfRiver
ES,h6570,0.39080840358184676,scr2010,avaConv,runOfRiver
ES,h6571,0.39080840358184676,scr2010,avaConv,runOfRiver
ES,h6572,0.39080840358184676,scr2010,avaConv,runOfRiver
ES,h6573,0.39080840358184676,scr2010,avaConv,runOfRiver
ES,h6574,0.39080840358184676,scr2010,avaConv,runOfRiver
ES,h6575,0.39080840358184676,scr2010,avaConv,runOfRiver
ES,h6576,0.39080840358184676,scr2010,avaConv,runOfRiver
FR,h4369,0.34947096565492813,scr2010,avaConv,runOfRiver
FR,h4370,0.3502264247791263,scr2010,avaConv,runOfRiver
FR,h4371,0.3509818840662781,scr2010,avaConv,runOfRiver
FR,h4372,0.3509818840662781,scr2010,avaConv,runOfRiver
FR,h4373,0.3509818840662781,scr2010,avaConv,runOfRiver
FR,h4374,0.3509818840662781,scr2010,avaConv,runOfRiver
FR,h4375,0.3509818840662781,scr2010,avaConv,runOfRiver
FR,h4376,0.3509818840662781,scr2010,avaConv,runOfRiver
FR,h4377,0.3509818840662781,scr2010,avaConv,runOfRiver
FR,h4378,0.3509818840662781,scr2010,avaConv,runOfRiver
FR,h4379,0.3509818840662781,scr2010,avaConv,runOfRiver
FR,h4380,0.3509818840662781,scr2010,avaConv,runOfRiver
FR,h4381,0.3509818840662781,scr2010,avaConv,runOfRiver
FR,h4382,0.3509818840662781,scr2010,avaConv,runOfRiver
FR,h4383,0.3509818840662781,scr2010,avaConv,runOfRiver
FR,h4384,0.3509818840662781,scr2010,avaConv,runOfRiver
FR,h4385,0.3509818840662781,scr2010,avaConv,runOfRiver
FR,h4386,0.3509818840662781,scr2010,avaConv,runOfRiver
FR,h4387,0.3509818840662781,scr2010,avaConv,runOfRiver
FR,h4388,0.3509818840662781,scr2010,avaConv,runOfRiver
FR,h4389,0.3509818840662781,scr2010,avaConv,runOfRiver
FR,h4390,0.3509818840662781,scr2010,avaConv,runOfRiver
FR,h4391,0.3509818840662781,scr2010,avaConv,runOfRiver
FR,h4392,0.3509818840662781,scr2010,avaConv,runOfRiver
FR,h4393,0.35039755702140163,scr2010,avaConv,runOfRiver
FR,h4394,0.3498132300739662,scr2010,avaConv,runOfRiver
FR,h4395,0.3492289032241344,scr2010,avaConv,runOfRiver
FR,h4396,0.3492289032241344,scr2010,avaConv,runOfRiver
FR,h4397,0.3492289032241344,scr2010,avaConv,runOfRiver
FR,h4398,0.3492289032241344,scr2010,avaConv,runOfRiver
FR,h4399,0.3492289032241344,scr2010,avaConv,runOfRiver
FR,h4400,0.3492289032241344,scr2010,avaConv,runOfRiver
FR,h4401,0.3492289032241344,scr2010,avaConv,runOfRiver
FR,h4402,0.3492289032241344,scr2010,avaConv,runOfRiver
FR,h4403,0.3492289032241344,scr2010,avaConv,runOfRiver
FR,h4404,0.3492289032241344,scr2010,avaConv,runOfRiver
FR,h4405,0.3492289032241344,scr2010,avaConv,runOfRiver
FR,h4406,0.3492289032241344,scr2010,avaConv,runOfRiver
FR,h4407,0.3492289032241344,scr2010,avaConv,runOfRiver
FR,h4408,0.3492289032241344,scr2010,avaConv,runOfRiver
FR,h4409,0.3492289032241344,scr2010,avaConv,runOfRiver
FR,h4410,0.3492289032241344,scr2010,avaConv,runOfRiver
FR,h4411,0.3492289032241344,scr2010,avaConv,runOfRiver
FR,h4412,0.3492289032241344,scr2010,avaConv,runOfRiver
FR,h4413,0.3492289032241344,scr2010,avaConv,runOfRiver
FR,h4414,0.3492289032241344,scr2010,avaConv,runOfRiver
FR,h4415,0.3492289032241344,scr2010,avaConv,runOfRiver
FR,h4416,0.3492289032241344,scr2010,avaConv,runOfRiver
FR,h4417,0.3481647771888826,scr2010,avaConv,runOfRiver
FR,h4418,0.3471006514788621,scr2010,avaConv,runOfRiver
FR,h4419,0.34603652609506996,scr2010,avaConv,runOfRiver
FR,h4420,0.34603652609506996,scr2010,avaConv,runOfRiver
FR,h4421,0.34603652609506996,scr2010,avaConv,runOfRiver
FR,h4422,0.34603652609506996,scr2010,avaConv,runOfRiver
FR,h4423,0.34603652609506996,scr2010,avaConv,runOfRiver
FR,h4424,0.34603652609506996,scr2010,avaConv,runOfRiver
FR,h4425,0.34603652609506996,scr2010,avaConv,runOfRiver
FR,h4426,0.34603652609506996,scr2010,avaConv,runOfRiver
FR,h4427,0.34603652609506996,scr2010,avaConv,runOfRiver
FR,h4428,0.34603652609506996,scr2010,avaConv,runOfRiver
FR,h4429,0.34603652609506996,scr2010,avaConv,runOfRiver
FR,h4430,0.34603652609506996,scr2010,avaConv,runOfRiver
FR,h4431,0.34603652609506996,scr2010,avaConv,runOfRiver
FR,h4432,0.34603652609506996,scr2010,avaConv,runOfRiver
FR,h4433,0.34603652609506996,scr2010,avaConv,runOfRiver
FR,h4434,0.34603652609506996,scr2010,avaConv,runOfRiver
FR,h4435,0.34603652609506996,scr2010,avaConv,runOfRiver
FR,h4436,0.34603652609506996,scr2010,avaConv,runOfRiver
FR,h4437,0.34603652609506996,scr2010,avaConv,runOfRiver
FR,h4438,0.34603652609506996,scr2010,avaConv,runOfRiver
FR,h4439,0.34603652609506996,scr2010,avaConv,runOfRiver
FR,h4440,0.34603652609506996,scr2010,avaConv,runOfRiver
FR,h4441,0.3448893548790392,scr2010,avaConv,runOfRiver
FR,h4442,0.3437421840445733,scr2010,avaConv,runOfRiver
FR,h4443,0.3425950135929453,scr2010,avaConv,runOfRiver
FR,h4444,0.3425950135929453,scr2010,avaConv,runOfRiver
FR,h4445,0.3425950135929453,scr2010,avaConv,runOfRiver
FR,h4446,0.3425950135929453,scr2010,avaConv,runOfRiver
FR,h4447,0.3425950135929453,scr2010,avaConv,runOfRiver
FR,h4448,0.3425950135929453,scr2010,avaConv,runOfRiver
FR,h4449,0.3425950135929453,scr2010,avaConv,runOfRiver
FR,h4450,0.3425950135929453,scr2010,avaConv,runOfRiver
FR,h4451,0.3425950135929453,scr2010,avaConv,runOfRiver
FR,h4452,0.3425950135929453,scr2010,avaConv,runOfRiver
FR,h4453,0.3425950135929453,scr2010,avaConv,runOfRiver
FR,h4454,0.3425950135929453,scr2010,avaConv,runOfRiver
FR,h4455,0.3425950135929453,scr2010,avaConv,runOfRiver
FR,h4456,0.3425950135929453,scr2010,avaConv,runOfRiver
FR,h4457,0.3425950135929453,scr2010,avaConv,runOfRiver
FR,h4458,0.3425950135929453,scr2010,avaConv,runOfRiver
FR,h4459,0.3425950135929453,scr2010,avaConv,runOfRiver
FR,h4460,0.3425950135929453,scr2010,avaConv,runOfRiver
FR,h4461,0.3425950135929453,scr2010,avaConv,runOfRiver
FR,h4462,0.3425950135929453,scr2010,avaConv,runOfRiver
FR,h4463,0.3425950135929453,scr2010,avaConv,runOfRiver
FR,h4464,0.3425950135929453,scr2010,avaConv,runOfRiver
FR,h4465,0.3421208893751983,scr2010,avaConv,runOfRiver
FR,h4466,0.34164676522315596,scr2010,avaConv,runOfRiver
FR,h4467,0.34117264113690926,scr2010,avaConv,runOfRiver
FR,h4468,0.34117264113690926,scr2010,avaConv,runOfRiver
FR,h4469,0.34117264113690926,scr2010,avaConv,runOfRiver
FR,h4470,0.34117264113690926,scr2010,avaConv,runOfRiver
FR,h4471,0.34117264113690926,scr2010,avaConv,runOfRiver
FR,h4472,0.34117264113690926,scr2010,avaConv,runOfRiver
FR,h4473,0.34117264113690926,scr2010,avaConv,runOfRiver
FR,h4474,0.34117264113690926,scr2010,avaConv,runOfRiver
FR,h4475,0.34117264113690926,scr2010,avaConv,runOfRiver
FR,h4476,0.34117264113690926,scr2010,avaConv,runOfRiver
FR,h4477,0.34117264113690926,scr2010,avaConv,runOfRiver
FR,h4478,0.34117264113690926,scr2010,avaConv,runOfRiver
FR,h4479,0.34117264113690926,scr2010,avaConv,runOfRiver
FR,h4480,0.34117264113690926,scr2010,avaConv,runOfRiver
FR,h4481,0.34117264113690926,scr2010,avaConv,runOfRiver
FR,h4482,0.34117264113690926,scr2010,avaConv,runOfRiver
FR,h4483,0.34117264113690926,scr2010,avaConv,runOfRiver
FR,h4484,0.34117264113690926,scr2010,avaConv,runOfRiver
FR,h4485,0.34117264113690926,scr2010,avaConv,runOfRiver
FR,h4486,0.34117264113690926,scr2010,avaConv,runOfRiver
FR,h4487,0.34117264113690926,scr2010,avaConv,runOfRiver
FR,h4488,0.34117264113690926,scr2010,avaConv,runOfRiver
FR,h4489,0.34055625034148906,scr2010,avaConv,runOfRiver
FR,h4490,0.3399398596576304,scr2010,avaConv,runOfRiver
FR,h4491,0.33932346908553573,scr2010,avaConv,runOfRiver
FR,h4492,0.33932346908553573,scr2010,avaConv,runOfRiver
FR,h4493,0.33932346908553573,scr2010,avaConv,runOfRiver
FR,h4494,0.33932346908553573,scr2010,avaConv,runOfRiver
FR,h4495,0.33932346908553573,scr2010,avaConv,runOfRiver
FR,h4496,0.33932346908553573,scr2010,avaConv,runOfRiver
FR,h4497,0.33932346908553573,scr2010,avaConv,runOfRiver
FR,h4498,0.33932346908553573,scr2010,avaConv,runOfRiver
FR,h4499,0.33932346908553573,scr2010,avaConv,runOfRiver
FR,h4500,0.33932346908553573,scr2010,avaConv,runOfRiver
FR,h4501,0.33932346908553573,scr2010,avaConv,runOfRiver
FR,h4502,0.33932346908553573,scr2010,avaConv,runOfRiver
FR,h4503,0.33932346908553573,scr2010,avaConv,runOfRiver
FR,h4504,0.33932346908553573,scr2010,avaConv,runOfRiver
FR,h4505,0.33932346908553573,scr2010,avaConv,runOfRiver
FR,h4506,0.33932346908553573,scr2010,avaConv,runOfRiver
FR,h4507,0.33932346908553573,scr2010,avaConv,runOfRiver
FR,h4508,0.33932346908553573,scr2010,avaConv,runOfRiver
FR,h4509,0.33932346908553573,scr2010,avaConv,runOfRiver
FR,h4510,0.33932346908553573,scr2010,avaConv,runOfRiver
FR,h4511,0.33932346908553573,scr2010,avaConv,runOfRiver
FR,h4512,0.33932346908553573,scr2010,avaConv,runOfRiver
FR,h4513,0.33809607797817165,scr2010,avaConv,runOfRiver
FR,h4514,0.3368686873163799,scr2010,avaConv,runOfRiver
FR,h4515,0.3356412971017838,scr2010,avaConv,runOfRiver
FR,h4516,0.3356412971017838,scr2010,avaConv,runOfRiver
FR,h4517,0.3356412971017838,scr2010,avaConv,runOfRiver
FR,h4518,0.3356412971017838,scr2010,avaConv,runOfRiver
FR,h4519,0.3356412971017838,scr2010,avaConv,runOfRiver
FR,h4520,0.3356412971017838,scr2010,avaConv,runOfRiver
FR,h4521,0.3356412971017838,scr2010,avaConv,runOfRiver
FR,h4522,0.3356412971017838,scr2010,avaConv,runOfRiver
FR,h4523,0.3356412971017838,scr2010,avaConv,runOfRiver
FR,h4524,0.3356412971017838,scr2010,avaConv,runOfRiver
FR,h4525,0.3356412971017838,scr2010,avaConv,runOfRiver
FR,h4526,0.3356412971017838,scr2010,avaConv,runOfRiver
FR,h4527,0.3356412971017838,scr2010,avaConv,runOfRiver
FR,h4528,0.3356412971017838,scr2010,avaConv,runOfRiver
FR,h4529,0.3356412971017838,scr2010,avaConv,runOfRiver
FR,h4530,0.3356412971017838,scr2010,avaConv,runOfRiver
FR,h4531,0.3356412971017838,scr2010,avaConv,runOfRiver
FR,h4532,0.3356412971017838,scr2010,avaConv,runOfRiver
FR,h4533,0.3356412971017838,scr2010,avaConv,runOfRiver
FR,h4534,0.3356412971017838,scr2010,avaConv,runOfRiver
FR,h4535,0.3356412971017838,scr2010,avaConv,runOfRiver
FR,h4536,0.3356412971017838,scr2010,avaConv,runOfRiver
FR,h4537,0.333640576847283,scr2010,avaConv,runOfRiver
FR,h4538,0.3316398577925255,scr2010,avaConv,runOfRiver
FR,h4539,0.3296391399447482,scr2010,avaConv,runOfRiver
FR,h4540,0.3296391399447482,scr2010,avaConv,runOfRiver
FR,h4541,0.3296391399447482,scr2010,avaConv,runOfRiver
FR,h4542,0.3296391399447482,scr2010,avaConv,runOfRiver
FR,h4543,0.3296391399447482,scr2010,avaConv,runOfRiver
FR,h4544,0.3296391399447482,scr2010,avaConv,runOfRiver
FR,h4545,0.3296391399447482,scr2010,avaConv,runOfRiver
FR,h4546,0.3296391399447482,scr2010,avaConv,runOfRiver
FR,h4547,0.3296391399447482,scr2010,avaConv,runOfRiver
FR,h4548,0.3296391399447482,scr2010,avaConv,runOfRiver
FR,h4549,0.3296391399447482,scr2010,avaConv,runOfRiver
FR,h4550,0.3296391399447482,scr2010,avaConv,runOfRiver
FR,h4551,0.3296391399447482,scr2010,avaConv,runOfRiver
FR,h4552,0.3296391399447482,scr2010,avaConv,runOfRiver
FR,h4553,0.3296391399447482,scr2010,avaConv,runOfRiver
FR,h4554,0.3296391399447482,scr2010,avaConv,runOfRiver
FR,h4555,0.3296391399447482,scr2010,avaConv,runOfRiver
FR,h4556,0.3296391399447482,scr2010,avaConv,runOfRiver
FR,h4557,0.3296391399447482,scr2010,avaConv,runOfRiver
FR,h4558,0.3296391399447482,scr2010,avaConv,runOfRiver
FR,h4559,0.3296391399447482,scr2010,avaConv,runOfRiver
FR,h4560,0.3296391399447482,scr2010,avaConv,runOfRiver
FR,h4561,0.3276620869438343,scr2010,avaConv,runOfRiver
FR,h4562,0.3256850351358246,scr2010,avaConv,runOfRiver
FR,h4563,0.32370798452795957,scr2010,avaConv,runOfRiver
FR,h4564,0.32370798452795957,scr2010,avaConv,runOfRiver
FR,h4565,0.32370798452795957,scr2010,avaConv,runOfRiver
FR,h4566,0.32370798452795957,scr2010,avaConv,runOfRiver
FR,h4567,0.32370798452795957,scr2010,avaConv,runOfRiver
FR,h4568,0.32370798452795957,scr2010,avaConv,runOfRiver
FR,h4569,0.32370798452795957,scr2010,avaConv,runOfRiver
FR,h4570,0.32370798452795957,scr2010,avaConv,runOfRiver
FR,h4571,0.32370798452795957,scr2010,avaConv,runOfRiver
FR,h4572,0.32370798452795957,scr2010,avaConv,runOfRiver
FR,h4573,0.32370798452795957,scr2010,avaConv,runOfRiver
FR,h4574,0.32370798452795957,scr2010,avaConv,runOfRiver
FR,h4575,0.32370798452795957,scr2010,avaConv,runOfRiver
FR,h4576,0.32370798452795957,scr2010,avaConv,runOfRiver
FR,h4577,0.32370798452795957,scr2010,avaConv,runOfRiver
FR,h4578,0.32370798452795957,scr2010,avaConv,runOfRiver
FR,h4579,0.32370798452795957,scr2010,avaConv,runOfRiver
FR,h4580,0.32370798452795957,scr2010,avaConv,runOfRiver
FR,h4581,0.32370798452795957,scr2010,avaConv,runOfRiver
FR,h4582,0.32370798452795957,scr2010,avaConv,runOfRiver
FR,h4583,0.32370798452795957,scr2010,avaConv,runOfRiver
FR,h4584,0.32370798452795957,scr2010,avaConv,runOfRiver
FR,h4585,0.32204163920934004,scr2010,avaConv,runOfRiver
FR,h4586,0.3203752947529305,scr2010,avaConv,runOfRiver
FR,h4587,0.318708951163215,scr2010,avaConv,runOfRiver
FR,h4588,0.318708951163215,scr2010,avaConv,runOfRiver
FR,h4589,0.318708951163215,scr2010,avaConv,runOfRiver
FR,h4590,0.318708951163215,scr2010,avaConv,runOfRiver
FR,h4591,0.318708951163215,scr2010,avaConv,runOfRiver
FR,h4592,0.318708951163215,scr2010,avaConv,runOfRiver
FR,h4593,0.318708951163215,scr2010,avaConv,runOfRiver
FR,h4594,0.318708951163215,scr2010,avaConv,runOfRiver
FR,h4595,0.318708951163215,scr2010,avaConv,runOfRiver
FR,h4596,0.318708951163215,scr2010,avaConv,runOfRiver
FR,h4597,0.318708951163215,scr2010,avaConv,runOfRiver
FR,h4598,0.318708951163215,scr2010,avaConv,runOfRiver
FR,h4599,0.318708951163215,scr2010,avaConv,runOfRiver
FR,h4600,0.318708951163215,scr2010,avaConv,runOfRiver
FR,h4601,0.318708951163215,scr2010,avaConv,runOfRiver
FR,h4602,0.318708951163215,scr2010,avaConv,runOfRiver
FR,h4603,0.318708951163215,scr2010,avaConv,runOfRiver
FR,h4604,0.318708951163215,scr2010,avaConv,runOfRiver
FR,h4605,0.318708951163215,scr2010,avaConv,runOfRiver
FR,h4606,0.318708951163215,scr2010,avaConv,runOfRiver
FR,h4607,0.318708951163215,scr2010,avaConv,runOfRiver
FR,h4608,0.318708951163215,scr2010,avaConv,runOfRiver
FR,h4609,0.3182611544858697,scr2010,avaConv,runOfRiver
FR,h4610,0.31781335787152903,scr2010,avaConv,runOfRiver
FR,h4611,0.3173655613202816,scr2010,avaConv,runOfRiver
FR,h4612,0.3173655613202816,scr2010,avaConv,runOfRiver
FR,h4613,0.3173655613202816,scr2010,avaConv,runOfRiver
FR,h4614,0.3173655613202816,scr2010,avaConv,runOfRiver
FR,h4615,0.3173655613202816,scr2010,avaConv,runOfRiver
FR,h4616,0.3173655613202816,scr2010,avaConv,runOfRiver
FR,h4617,0.3173655613202816,scr2010,avaConv,runOfRiver
FR,h4618,0.3173655613202816,scr2010,avaConv,runOfRiver
FR,h4619,0.3173655613202816,scr2010,avaConv,runOfRiver
FR,h4620,0.3173655613202816,scr2010,avaConv,runOfRiver
FR,h4621,0.3173655613202816,scr2010,avaConv,runOfRiver
FR,h4622,0.3173655613202816,scr2010,avaConv,runOfRiver
FR,h4623,0.3173655613202816,scr2010,avaConv,runOfRiver
FR,h4624,0.3173655613202816,scr2010,avaConv,runOfRiver
FR,h4625,0.3173655613202816,scr2010,avaConv,runOfRiver
FR,h4626,0.3173655613202816,scr2010,avaConv,runOfRiver
FR,h4627,0.3173655613202816,scr2010,avaConv,runOfRiver
FR,h4628,0.3173655613202816,scr2010,avaConv,runOfRiver
FR,h4629,0.3173655613202816,scr2010,avaConv,runOfRiver
FR,h4630,0.3173655613202816,scr2010,avaConv,runOfRiver
FR,h4631,0.3173655613202816,scr2010,avaConv,runOfRiver
FR,h4632,0.3173655613202816,scr2010,avaConv,runOfRiver
FR,h4633,0.3169535161993448,scr2010,avaConv,runOfRiver
FR,h4634,0.3165414711319738,scr2010,avaConv,runOfRiver
FR,h4635,0.3161294261182383,scr2010,avaConv,runOfRiver
FR,h4636,0.3161294261182383,scr2010,avaConv,runOfRiver
FR,h4637,0.3161294261182383,scr2010,avaConv,runOfRiver
FR,h4638,0.3161294261182383,scr2010,avaConv,runOfRiver
FR,h4639,0.3161294261182383,scr2010,avaConv,runOfRiver
FR,h4640,0.3161294261182383,scr2010,avaConv,runOfRiver
FR,h4641,0.3161294261182383,scr2010,avaConv,runOfRiver
FR,h4642,0.3161294261182383,scr2010,avaConv,runOfRiver
FR,h4643,0.3161294261182383,scr2010,avaConv,runOfRiver
FR,h4644,0.3161294261182383,scr2010,avaConv,runOfRiver
FR,h4645,0.3161294261182383,scr2010,avaConv,runOfRiver
FR,h4646,0.3161294261182383,scr2010,avaConv,runOfRiver
FR,h4647,0.3161294261182383,scr2010,avaConv,runOfRiver
FR,h4648,0.3161294261182383,scr2010,avaConv,runOfRiver
FR,h4649,0.3161294261182383,scr2010,avaConv,runOfRiver
FR,h4650,0.3161294261182383,scr2010,avaConv,runOfRiver
FR,h4651,0.3161294261182383,scr2010,avaConv,runOfRiver
FR,h4652,0.3161294261182383,scr2010,avaConv,runOfRiver
FR,h4653,0.3161294261182383,scr2010,avaConv,runOfRiver
FR,h4654,0.3161294261182383,scr2010,avaConv,runOfRiver
FR,h4655,0.3161294261182383,scr2010,avaConv,runOfRiver
FR,h4656,0.3161294261182383,scr2010,avaConv,runOfRiver
FR,h4657,0.3155302210496968,scr2010,avaConv,runOfRiver
FR,h4658,0.3149310160949453,scr2010,avaConv,runOfRiver
FR,h4659,0.3143318112542003,scr2010,avaConv,runOfRiver
FR,h4660,0.3143318112542003,scr2010,avaConv,runOfRiver
FR,h4661,0.3143318112542003,scr2010,avaConv,runOfRiver
FR,h4662,0.3143318112542003,scr2010,avaConv,runOfRiver
FR,h4663,0.3143318112542003,scr2010,avaConv,runOfRiver
FR,h4664,0.3143318112542003,scr2010,avaConv,runOfRiver
FR,h4665,0.3143318112542003,scr2010,avaConv,runOfRiver
FR,h4666,0.3143318112542003,scr2010,avaConv,runOfRiver
FR,h4667,0.3143318112542003,scr2010,avaConv,runOfRiver
FR,h4668,0.3143318112542003,scr2010,avaConv,runOfRiver
FR,h4669,0.3143318112542003,scr2010,avaConv,runOfRiver
FR,h4670,0.3143318112542003,scr2010,avaConv,runOfRiver
FR,h4671,0.3143318112542003,scr2010,avaConv,runOfRiver
FR,h4672,0.3143318112542003,scr2010,avaConv,runOfRiver
FR,h4673,0.3143318112542003,scr2010,avaConv,runOfRiver
FR,h4674,0.3143318112542003,scr2010,avaConv,runOfRiver
FR,h4675,0.3143318112542003,scr2010,avaConv,runOfRiver
FR,h4676,0.3143318112542003,scr2010,avaConv,runOfRiver
FR,h4677,0.3143318112542003,scr2010,avaConv,runOfRiver
FR,h4678,0.3143318112542003,scr2010,avaConv,runOfRiver
FR,h4679,0.3143318112542003,scr2010,avaConv,runOfRiver
FR,h4680,0.3143318112542003,scr2010,avaConv,runOfRiver
FR,h4681,0.31405036409763426,scr2010,avaConv,runOfRiver
FR,h4682,0.3137689169662908,scr2010,avaConv,runOfRiver
FR,h4683,0.31348746986019244,scr2010,avaConv,runOfRiver
FR,h4684,0.31348746986019244,scr2010,avaConv,runOfRiver
FR,h4685,0.31348746986019244,scr2010,avaConv,runOfRiver
FR,h4686,0.31348746986019244,scr2010,avaConv,runOfRiver
FR,h4687,0.31348746986019244,scr2010,avaConv,runOfRiver
FR,h4688,0.31348746986019244,scr2010,avaConv,runOfRiver
FR,h4689,0.31348746986019244,scr2010,avaConv,runOfRiver
FR,h4690,0.31348746986019244,scr2010,avaConv,runOfRiver
FR,h4691,0.31348746986019244,scr2010,avaConv,runOfRiver
FR,h4692,0.31348746986019244,scr2010,avaConv,runOfRiver
FR,h4693,0.31348746986019244,scr2010,avaConv,runOfRiver
FR,h4694,0.31348746986019244,scr2010,avaConv,runOfRiver
FR,h4695,0.31348746986019244,scr2010,avaConv,runOfRiver
FR,h4696,0.31348746986019244,scr2010,avaConv,runOfRiver
FR,h4697,0.31348746986019244,scr2010,avaConv,runOfRiver
FR,h4698,0.31348746986019244,scr2010,avaConv,runOfRiver
FR,h4699,0.31348746986019244,scr2010,avaConv,runOfRiver
FR,h4700,0.31348746986019244,scr2010,avaConv,runOfRiver
FR,h4701,0.31348746986019244,scr2010,avaConv,runOfRiver
FR,h4702,0.31348746986019244,scr2010,avaConv,runOfRiver
FR,h4703,0.31348746986019244,scr2010,avaConv,runOfRiver
FR,h4704,0.31348746986019244,scr2010,avaConv,runOfRiver
FR,h4705,0.3130438172368943,scr2010,avaConv,runOfRiver
FR,h4706,0.31260016467647056,scr2010,avaConv,runOfRiver
FR,h4707,0.31215651217901086,scr2010,avaConv,runOfRiver
FR,h4708,0.31215651217901086,scr2010,avaConv,runOfRiver
FR,h4709,0.31215651217901086,scr2010,avaConv,runOfRiver
FR,h4710,0.31215651217901086,scr2010,avaConv,runOfRiver
FR,h4711,0.31215651217901086,scr2010,avaConv,runOfRiver
FR,h4712,0.31215651217901086,scr2010,avaConv,runOfRiver
FR,h4713,0.31215651217901086,scr2010,avaConv,runOfRiver
FR,h4714,0.31215651217901086,scr2010,avaConv,runOfRiver
FR,h4715,0.31215651217901086,scr2010,avaConv,runOfRiver
FR,h4716,0.31215651217901086,scr2010,avaConv,runOfRiver
FR,h4717,0.31215651217901086,scr2010,avaConv,runOfRiver
FR,h4718,0.31215651217901086,scr2010,avaConv,runOfRiver
FR,h4719,0.31215651217901086,scr2010,avaConv,runOfRiver
FR,h4720,0.31215651217901086,scr2010,avaConv,runOfRiver
FR,h4721,0.31215651217901086,scr2010,avaConv,runOfRiver
FR,h4722,0.31215651217901086,scr2010,avaConv,runOfRiver
FR,h4723,0.31215651217901086,scr2010,avaConv,runOfRiver
FR,h4724,0.31215651217901086,scr2010,avaConv,runOfRiver
FR,h4725,0.31215651217901086,scr2010,avaConv,runOfRiver
FR,h4726,0.31215651217901086,scr2010,avaConv,runOfRiver
FR,h4727,0.31215651217901086,scr2010,avaConv,runOfRiver
FR,h4728,0.31215651217901086,scr2010,avaConv,runOfRiver
FR,h4729,0.31195608113327056,scr2010,avaConv,runOfRiver
FR,h4730,0.3117556501004078,scr2010,avaConv,runOfRiver
FR,h4731,0.3115552190804307,scr2010,avaConv,runOfRiver
FR,h4732,0.3115552190804307,scr2010,avaConv,runOfRiver
FR,h4733,0.3115552190804307,scr2010,avaConv,runOfRiver
FR,h4734,0.3115552190804307,scr2010,avaConv,runOfRiver
FR,h4735,0.3115552190804307,scr2010,avaConv,runOfRiver
FR,h4736,0.3115552190804307,scr2010,avaConv,runOfRiver
FR,h4737,0.3115552190804307,scr2010,avaConv,runOfRiver
FR,h4738,0.3115552190804307,scr2010,avaConv,runOfRiver
FR,h4739,0.3115552190804307,scr2010,avaConv,runOfRiver
FR,h4740,0.3115552190804307,scr2010,avaConv,runOfRiver
FR,h4741,0.3115552190804307,scr2010,avaConv,runOfRiver
FR,h4742,0.3115552190804307,scr2010,avaConv,runOfRiver
FR,h4743,0.3115552190804307,scr2010,avaConv,runOfRiver
FR,h4744,0.3115552190804307,scr2010,avaConv,runOfRiver
FR,h4745,0.3115552190804307,scr2010,avaConv,runOfRiver
FR,h4746,0.3115552190804307,scr2010,avaConv,runOfRiver
FR,h4747,0.3115552190804307,scr2010,avaConv,runOfRiver
FR,h4748,0.3115552190804307,scr2010,avaConv,runOfRiver
FR,h4749,0.3115552190804307,scr2010,avaConv,runOfRiver
FR,h4750,0.3115552190804307,scr2010,avaConv,runOfRiver
FR,h4751,0.3115552190804307,scr2010,avaConv,runOfRiver
FR,h4752,0.3115552190804307,scr2010,avaConv,runOfRiver
FR,h4753,0.3103781500175331,scr2010,avaConv,runOfRiver
FR,h4754,0.30920108140101915,scr2010,avaConv,runOfRiver
FR,h4755,0.3080240132325881,scr2010,avaConv,runOfRiver
FR,h4756,0.3080240132325881,scr2010,avaConv,runOfRiver
FR,h4757,0.3080240132325881,scr2010,avaConv,runOfRiver
FR,h4758,0.3080240132325881,scr2010,avaConv,runOfRiver
FR,h4759,0.3080240132325881,scr2010,avaConv,runOfRiver
FR,h4760,0.3080240132325881,scr2010,avaConv,runOfRiver
FR,h4761,0.3080240132325881,scr2010,avaConv,runOfRiver
FR,h4762,0.3080240132325881,scr2010,avaConv,runOfRiver
FR,h4763,0.3080240132325881,scr2010,avaConv,runOfRiver
FR,h4764,0.3080240132325881,scr2010,avaConv,runOfRiver
FR,h4765,0.3080240132325881,scr2010,avaConv,runOfRiver
FR,h4766,0.3080240132325881,scr2010,avaConv,runOfRiver
FR,h4767,0.3080240132325881,scr2010,avaConv,runOfRiver
FR,h4768,0.3080240132325881,scr2010,avaConv,runOfRiver
FR,h4769,0.3080240132325881,scr2010,avaConv,runOfRiver
FR,h4770,0.3080240132325881,scr2010,avaConv,runOfRiver
FR,h4771,0.3080240132325881,scr2010,avaConv,runOfRiver
FR,h4772,0.3080240132325881,scr2010,avaConv,runOfRiver
FR,h4773,0.3080240132325881,scr2010,avaConv,runOfRiver
FR,h4774,0.3080240132325881,scr2010,avaConv,runOfRiver
FR,h4775,0.3080240132325881,scr2010,avaConv,runOfRiver
FR,h4776,0.3080240132325881,scr2010,avaConv,runOfRiver
FR,h4777,0.30605009052484006,scr2010,avaConv,runOfRiver
FR,h4778,0.30407616909020146,scr2010,avaConv,runOfRiver
FR,h4779,0.30210224893693616,scr2010,avaConv,runOfRiver
FR,h4780,0.30210224893693616,scr2010,avaConv,runOfRiver
FR,h4781,0.30210224893693616,scr2010,avaConv,runOfRiver
FR,h4782,0.30210224893693616,scr2010,avaConv,runOfRiver
FR,h4783,0.30210224893693616,scr2010,avaConv,runOfRiver
FR,h4784,0.30210224893693616,scr2010,avaConv,runOfRiver
FR,h4785,0.30210224893693616,scr2010,avaConv,runOfRiver
FR,h4786,0.30210224893693616,scr2010,avaConv,runOfRiver
FR,h4787,0.30210224893693616,scr2010,avaConv,runOfRiver
FR,h4788,0.30210224893693616,scr2010,avaConv,runOfRiver
FR,h4789,0.30210224893693616,scr2010,avaConv,runOfRiver
FR,h4790,0.30210224893693616,scr2010,avaConv,runOfRiver
FR,h4791,0.30210224893693616,scr2010,avaConv,runOfRiver
FR,h4792,0.30210224893693616,scr2010,avaConv,runOfRiver
FR,h4793,0.30210224893693616,scr2010,avaConv,runOfRiver
FR,h4794,0.30210224893693616,scr2010,avaConv,runOfRiver
FR,h4795,0.30210224893693616,scr2010,avaConv,runOfRiver
FR,h4796,0.30210224893693616,scr2010,avaConv,runOfRiver
FR,h4797,0.30210224893693616,scr2010,avaConv,runOfRiver
FR,h4798,0.30210224893693616,scr2010,avaConv,runOfRiver
FR,h4799,0.30210224893693616,scr2010,avaConv,runOfRiver
FR,h4800,0.30210224893693616,scr2010,avaConv,runOfRiver
FR,h4801,0.3011852879321403,scr2010,avaConv,runOfRiver
FR,h4802,0.3002683272065116,scr2010,avaConv,runOfRiver
FR,h4803,0.2993513667609025,scr2010,avaConv,runOfRiver
FR,h4804,0.2993513667609025,scr2010,avaConv,runOfRiver
FR,h4805,0.2993513667609025,scr2010,avaConv,runOfRiver
FR,h4806,0.2993513667609025,scr2010,avaConv,runOfRiver
FR,h4807,0.2993513667609025,scr2010,avaConv,runOfRiver
FR,h4808,0.2993513667609025,scr2010,avaConv,runOfRiver
FR,h4809,0.2993513667609025,scr2010,avaConv,runOfRiver
FR,h4810,0.2993513667609025,scr2010,avaConv,runOfRiver
FR,h4811,0.2993513667609025,scr2010,avaConv,runOfRiver
FR,h4812,0.2993513667609025,scr2010,avaConv,runOfRiver
FR,h4813,0.2993513667609025,scr2010,avaConv,runOfRiver
FR,h4814,0.2993513667609025,scr2010,avaConv,runOfRiver
FR,h4815,0.2993513667609025,scr2010,avaConv,runOfRiver
FR,h4816,0.2993513667609025,scr2010,avaConv,runOfRiver
FR,h4817,0.2993513667609025,scr2010,avaConv,runOfRiver
FR,h4818,0.2993513667609025,scr2010,avaConv,runOfRiver
FR,h4819,0.2993513667609025,scr2010,avaConv,runOfRiver
FR,h4820,0.2993513667609025,scr2010,avaConv,runOfRiver
FR,h4821,0.2993513667609025,scr2010,avaConv,runOfRiver
FR,h4822,0.2993513667609025,scr2010,avaConv,runOfRiver
FR,h4823,0.2993513667609025,scr2010,avaConv,runOfRiver
FR,h4824,0.2993513667609025,scr2010,avaConv,runOfRiver
FR,h4825,0.2989676687384919,scr2010,avaConv,runOfRiver
FR,h4826,0.29858397076532495,scr2010,avaConv,runOfRiver
FR,h4827,0.2982002728414651,scr2010,avaConv,runOfRiver
FR,h4828,0.2982002728414651,scr2010,avaConv,runOfRiver
FR,h4829,0.2982002728414651,scr2010,avaConv,runOfRiver
FR,h4830,0.2982002728414651,scr2010,avaConv,runOfRiver
FR,h4831,0.2982002728414651,scr2010,avaConv,runOfRiver
FR,h4832,0.2982002728414651,scr2010,avaConv,runOfRiver
FR,h4833,0.2982002728414651,scr2010,avaConv,runOfRiver
FR,h4834,0.2982002728414651,scr2010,avaConv,runOfRiver
FR,h4835,0.2982002728414651,scr2010,avaConv,runOfRiver
FR,h4836,0.2982002728414651,scr2010,avaConv,runOfRiver
FR,h4837,0.2982002728414651,scr2010,avaConv,runOfRiver
FR,h4838,0.2982002728414651,scr2010,avaConv,runOfRiver
FR,h4839,0.2982002728414651,scr2010,avaConv,runOfRiver
FR,h4840,0.2982002728414651,scr2010,avaConv,runOfRiver
FR,h4841,0.2982002728414651,scr2010,avaConv,runOfRiver
FR,h4842,0.2982002728414651,scr2010,avaConv,runOfRiver
FR,h4843,0.2982002728414651,scr2010,avaConv,runOfRiver
FR,h4844,0.2982002728414651,scr2010,avaConv,runOfRiver
FR,h4845,0.2982002728414651,scr2010,avaConv,runOfRiver
FR,h4846,0.2982002728414651,scr2010,avaConv,runOfRiver
FR,h4847,0.2982002728414651,scr2010,avaConv,runOfRiver
FR,h4848,0.2982002728414651,scr2010,avaConv,runOfRiver
FR,h4849,0.29644818542366097,scr2010,avaConv,runOfRiver
FR,h4850,0.2946960990413841,scr2010,avaConv,runOfRiver
FR,h4851,0.2929440137007906,scr2010,avaConv,runOfRiver
FR,h4852,0.2929440137007906,scr2010,avaConv,runOfRiver
FR,h4853,0.2929440137007906,scr2010,avaConv,runOfRiver
FR,h4854,0.2929440137007906,scr2010,avaConv,runOfRiver
FR,h4855,0.2929440137007906,scr2010,avaConv,runOfRiver
FR,h4856,0.2929440137007906,scr2010,avaConv,runOfRiver
FR,h4857,0.2929440137007906,scr2010,avaConv,runOfRiver
FR,h4858,0.2929440137007906,scr2010,avaConv,runOfRiver
FR,h4859,0.2929440137007906,scr2010,avaConv,runOfRiver
FR,h4860,0.2929440137007906,scr2010,avaConv,runOfRiver
FR,h4861,0.2929440137007906,scr2010,avaConv,runOfRiver
FR,h4862,0.2929440137007906,scr2010,avaConv,runOfRiver
FR,h4863,0.2929440137007906,scr2010,avaConv,runOfRiver
FR,h4864,0.2929440137007906,scr2010,avaConv,runOfRiver
FR,h4865,0.2929440137007906,scr2010,avaConv,runOfRiver
FR,h4866,0.2929440137007906,scr2010,avaConv,runOfRiver
FR,h4867,0.2929440137007906,scr2010,avaConv,runOfRiver
FR,h4868,0.2929440137007906,scr2010,avaConv,runOfRiver
FR,h4869,0.2929440137007906,scr2010,avaConv,runOfRiver
FR,h4870,0.2929440137007906,scr2010,avaConv,runOfRiver
FR,h4871,0.2929440137007906,scr2010,avaConv,runOfRiver
FR,h4872,0.2929440137007906,scr2010,avaConv,runOfRiver
FR,h4873,0.29035694199123485,scr2010,avaConv,runOfRiver
FR,h4874,0.2877698725867667,scr2010,avaConv,runOfRiver
FR,h4875,0.2851828055081075,scr2010,avaConv,runOfRiver
FR,h4876,0.2851828055081075,scr2010,avaConv,runOfRiver
FR,h4877,0.2851828055081075,scr2010,avaConv,runOfRiver
FR,h4878,0.2851828055081075,scr2010,avaConv,runOfRiver
FR,h4879,0.2851828055081075,scr2010,avaConv,runOfRiver
FR,h4880,0.2851828055081075,scr2010,avaConv,runOfRiver
FR,h4881,0.2851828055081075,scr2010,avaConv,runOfRiver
FR,h4882,0.2851828055081075,scr2010,avaConv,runOfRiver
FR,h4883,0.2851828055081075,scr2010,avaConv,runOfRiver
FR,h4884,0.2851828055081075,scr2010,avaConv,runOfRiver
FR,h4885,0.2851828055081075,scr2010,avaConv,runOfRiver
FR,h4886,0.2851828055081075,scr2010,avaConv,runOfRiver
FR,h4887,0.2851828055081075,scr2010,avaConv,runOfRiver
FR,h4888,0.2851828055081075,scr2010,avaConv,runOfRiver
FR,h4889,0.2851828055081075,scr2010,avaConv,runOfRiver
FR,h4890,0.2851828055081075,scr2010,avaConv,runOfRiver
FR,h4891,0.2851828055081075,scr2010,avaConv,runOfRiver
FR,h4892,0.2851828055081075,scr2010,avaConv,runOfRiver
FR,h4893,0.2851828055081075,scr2010,avaConv,runOfRiver
FR,h4894,0.2851828055081075,scr2010,avaConv,runOfRiver
FR,h4895,0.2851828055081075,scr2010,avaConv,runOfRiver
FR,h4896,0.2851828055081075,scr2010,avaConv,runOfRiver
FR,h4897,0.2835495953064047,scr2010,avaConv,runOfRiver
FR,h4898,0.2819163860454117,scr2010,avaConv,runOfRiver
FR,h4899,0.28028317773057754,scr2010,avaConv,runOfRiver
FR,h4900,0.28028317773057754,scr2010,avaConv,runOfRiver
FR,h4901,0.28028317773057754,scr2010,avaConv,runOfRiver
FR,h4902,0.28028317773057754,scr2010,avaConv,runOfRiver
FR,h4903,0.28028317773057754,scr2010,avaConv,runOfRiver
FR,h4904,0.28028317773057754,scr2010,avaConv,runOfRiver
FR,h4905,0.28028317773057754,scr2010,avaConv,runOfRiver
FR,h4906,0.28028317773057754,scr2010,avaConv,runOfRiver
FR,h4907,0.28028317773057754,scr2010,avaConv,runOfRiver
FR,h4908,0.28028317773057754,scr2010,avaConv,runOfRiver
FR,h4909,0.28028317773057754,scr2010,avaConv,runOfRiver
FR,h4910,0.28028317773057754,scr2010,avaConv,runOfRiver
FR,h4911,0.28028317773057754,scr2010,avaConv,runOfRiver
FR,h4912,0.28028317773057754,scr2010,avaConv,runOfRiver
FR,h4913,0.28028317773057754,scr2010,avaConv,runOfRiver
FR,h4914,0.28028317773057754,scr2010,avaConv,runOfRiver
FR,h4915,0.28028317773057754,scr2010,avaConv,runOfRiver
FR,h4916,0.28028317773057754,scr2010,avaConv,runOfRiver
FR,h4917,0.28028317773057754,scr2010,avaConv,runOfRiver
FR,h4918,0.28028317773057754,scr2010,avaConv,runOfRiver
FR,h4919,0.28028317773057754,scr2010,avaConv,runOfRiver
FR,h4920,0.28028317773057754,scr2010,avaConv,runOfRiver
FR,h4921,0.278924047263261,scr2010,avaConv,runOfRiver
FR,h4922,0.27756491745821715,scr2010,avaConv,runOfRiver
FR,h4923,0.2762057883186887,scr2010,avaConv,runOfRiver
FR,h4924,0.2762057883186887,scr2010,avaConv,runOfRiver
FR,h4925,0.2762057883186887,scr2010,avaConv,runOfRiver
FR,h4926,0.2762057883186887,scr2010,avaConv,runOfRiver
FR,h4927,0.2762057883186887,scr2010,avaConv,runOfRiver
FR,h4928,0.2762057883186887,scr2010,avaConv,runOfRiver
FR,h4929,0.2762057883186887,scr2010,avaConv,runOfRiver
FR,h4930,0.2762057883186887,scr2010,avaConv,runOfRiver
FR,h4931,0.2762057883186887,scr2010,avaConv,runOfRiver
FR,h4932,0.2762057883186887,scr2010,avaConv,runOfRiver
FR,h4933,0.2762057883186887,scr2010,avaConv,runOfRiver
FR,h4934,0.2762057883186887,scr2010,avaConv,runOfRiver
FR,h4935,0.2762057883186887,scr2010,avaConv,runOfRiver
FR,h4936,0.2762057883186887,scr2010,avaConv,runOfRiver
FR,h4937,0.2762057883186887,scr2010,avaConv,runOfRiver
FR,h4938,0.2762057883186887,scr2010,avaConv,runOfRiver
FR,h4939,0.2762057883186887,scr2010,avaConv,runOfRiver
FR,h4940,0.2762057883186887,scr2010,avaConv,runOfRiver
FR,h4941,0.2762057883186887,scr2010,avaConv,runOfRiver
FR,h4942,0.2762057883186887,scr2010,avaConv,runOfRiver
FR,h4943,0.2762057883186887,scr2010,avaConv,runOfRiver
FR,h4944,0.2762057883186887,scr2010,avaConv,runOfRiver
FR,h4945,0.2753687060614551,scr2010,avaConv,runOfRiver
FR,h4946,0.2745316240586828,scr2010,avaConv,runOfRiver
FR,h4947,0.2736945423111478,scr2010,avaConv,runOfRiver
FR,h4948,0.2736945423111478,scr2010,avaConv,runOfRiver
FR,h4949,0.2736945423111478,scr2010,avaConv,runOfRiver
FR,h4950,0.2736945423111478,scr2010,avaConv,runOfRiver
FR,h4951,0.2736945423111478,scr2010,avaConv,runOfRiver
FR,h4952,0.2736945423111478,scr2010,avaConv,runOfRiver
FR,h4953,0.2736945423111478,scr2010,avaConv,runOfRiver
FR,h4954,0.2736945423111478,scr2010,avaConv,runOfRiver
FR,h4955,0.2736945423111478,scr2010,avaConv,runOfRiver
FR,h4956,0.2736945423111478,scr2010,avaConv,runOfRiver
FR,h4957,0.2736945423111478,scr2010,avaConv,runOfRiver
FR,h4958,0.2736945423111478,scr2010,avaConv,runOfRiver
FR,h4959,0.2736945423111478,scr2010,avaConv,runOfRiver
FR,h4960,0.2736945423111478,scr2010,avaConv,runOfRiver
FR,h4961,0.2736945423111478,scr2010,avaConv,runOfRiver
FR,h4962,0.2736945423111478,scr2010,avaConv,runOfRiver
FR,h4963,0.2736945423111478,scr2010,avaConv,runOfRiver
FR,h4964,0.2736945423111478,scr2010,avaConv,runOfRiver
FR,h4965,0.2736945423111478,scr2010,avaConv,runOfRiver
FR,h4966,0.2736945423111478,scr2010,avaConv,runOfRiver
FR,h4967,0.2736945423111478,scr2010,avaConv,runOfRiver
FR,h4968,0.2736945423111478,scr2010,avaConv,runOfRiver
FR,h4969,0.2723188919752176,scr2010,avaConv,runOfRiver
FR,h4970,0.2709432423342157,scr2010,avaConv,runOfRiver
FR,h4971,0.2695675933916702,scr2010,avaConv,runOfRiver
FR,h4972,0.2695675933916702,scr2010,avaConv,runOfRiver
FR,h4973,0.2695675933916702,scr2010,avaConv,runOfRiver
FR,h4974,0.2695675933916702,scr2010,avaConv,runOfRiver
FR,h4975,0.2695675933916702,scr2010,avaConv,runOfRiver
FR,h4976,0.2695675933916702,scr2010,avaConv,runOfRiver
FR,h4977,0.2695675933916702,scr2010,avaConv,runOfRiver
FR,h4978,0.2695675933916702,scr2010,avaConv,runOfRiver
FR,h4979,0.2695675933916702,scr2010,avaConv,runOfRiver
FR,h4980,0.2695675933916702,scr2010,avaConv,runOfRiver
FR,h4981,0.2695675933916702,scr2010,avaConv,runOfRiver
FR,h4982,0.2695675933916702,scr2010,avaConv,runOfRiver
FR,h4983,0.2695675933916702,scr2010,avaConv,runOfRiver
FR,h4984,0.2695675933916702,scr2010,avaConv,runOfRiver
FR,h4985,0.2695675933916702,scr2010,avaConv,runOfRiver
FR,h4986,0.2695675933916702,scr2010,avaConv,runOfRiver
FR,h4987,0.2695675933916702,scr2010,avaConv,runOfRiver
FR,h4988,0.2695675933916702,scr2010,avaConv,runOfRiver
FR,h4989,0.2695675933916702,scr2010,avaConv,runOfRiver
FR,h4990,0.2695675933916702,scr2010,avaConv,runOfRiver
FR,h4991,0.2695675933916702,scr2010,avaConv,runOfRiver
FR,h4992,0.2695675933916702,scr2010,avaConv,runOfRiver
FR,h4993,0.26771581796943494,scr2010,avaConv,runOfRiver
FR,h4994,0.26586404382807416,scr2010,avaConv,runOfRiver
FR,h4995,0.2640122709765087,scr2010,avaConv,runOfRiver
FR,h4996,0.2640122709765087,scr2010,avaConv,runOfRiver
FR,h4997,0.2640122709765087,scr2010,avaConv,runOfRiver
FR,h4998,0.2640122709765087,scr2010,avaConv,runOfRiver
FR,h4999,0.2640122709765087,scr2010,avaConv,runOfRiver
FR,h5000,0.2640122709765087,scr2010,avaConv,runOfRiver
FR,h5001,0.2640122709765087,scr2010,avaConv,runOfRiver
FR,h5002,0.2640122709765087,scr2010,avaConv,runOfRiver
FR,h5003,0.2640122709765087,scr2010,avaConv,runOfRiver
FR,h5004,0.2640122709765087,scr2010,avaConv,runOfRiver
FR,h5005,0.2640122709765087,scr2010,avaConv,runOfRiver
FR,h5006,0.2640122709765087,scr2010,avaConv,runOfRiver
FR,h5007,0.2640122709765087,scr2010,avaConv,runOfRiver
FR,h5008,0.2640122709765087,scr2010,avaConv,runOfRiver
FR,h5009,0.2640122709765087,scr2010,avaConv,runOfRiver
FR,h5010,0.2640122709765087,scr2010,avaConv,runOfRiver
FR,h5011,0.2640122709765087,scr2010,avaConv,runOfRiver
FR,h5012,0.2640122709765087,scr2010,avaConv,runOfRiver
FR,h5013,0.2640122709765087,scr2010,avaConv,runOfRiver
FR,h5014,0.2640122709765087,scr2010,avaConv,runOfRiver
FR,h5015,0.2640122709765087,scr2010,avaConv,runOfRiver
FR,h5016,0.2640122709765087,scr2010,avaConv,runOfRiver
FR,h5017,0.26209913733831247,scr2010,avaConv,runOfRiver
FR,h5018,0.26018600509658213,scr2010,avaConv,runOfRiver
FR,h5019,0.25827287426158496,scr2010,avaConv,runOfRiver
FR,h5020,0.25827287426158496,scr2010,avaConv,runOfRiver
FR,h5021,0.25827287426158496,scr2010,avaConv,runOfRiver
FR,h5022,0.25827287426158496,scr2010,avaConv,runOfRiver
FR,h5023,0.25827287426158496,scr2010,avaConv,runOfRiver
FR,h5024,0.25827287426158496,scr2010,avaConv,runOfRiver
FR,h5025,0.25827287426158496,scr2010,avaConv,runOfRiver
FR,h5026,0.25827287426158496,scr2010,avaConv,runOfRiver
FR,h5027,0.25827287426158496,scr2010,avaConv,runOfRiver
FR,h5028,0.25827287426158496,scr2010,avaConv,runOfRiver
FR,h5029,0.25827287426158496,scr2010,avaConv,runOfRiver
FR,h5030,0.25827287426158496,scr2010,avaConv,runOfRiver
FR,h5031,0.25827287426158496,scr2010,avaConv,runOfRiver
FR,h5032,0.25827287426158496,scr2010,avaConv,runOfRiver
FR,h5033,0.25827287426158496,scr2010,avaConv,runOfRiver
FR,h5034,0.25827287426158496,scr2010,avaConv,runOfRiver
FR,h5035,0.25827287426158496,scr2010,avaConv,runOfRiver
FR,h5036,0.25827287426158496,scr2010,avaConv,runOfRiver
FR,h5037,0.25827287426158496,scr2010,avaConv,runOfRiver
FR,h5038,0.25827287426158496,scr2010,avaConv,runOfRiver
FR,h5039,0.25827287426158496,scr2010,avaConv,runOfRiver
FR,h5040,0.25827287426158496,scr2010,avaConv,runOfRiver
FR,h5041,0.25760972064487175,scr2010,avaConv,runOfRiver
FR,h5042,0.25694656719887254,scr2010,avaConv,runOfRiver
FR,h5043,0.2562834139240277,scr2010,avaConv,runOfRiver
FR,h5044,0.2562834139240277,scr2010,avaConv,runOfRiver
FR,h5045,0.2562834139240277,scr2010,avaConv,runOfRiver
FR,h5046,0.2562834139240277,scr2010,avaConv,runOfRiver
FR,h5047,0.2562834139240277,scr2010,avaConv,runOfRiver
FR,h5048,0.2562834139240277,scr2010,avaConv,runOfRiver
FR,h5049,0.2562834139240277,scr2010,avaConv,runOfRiver
FR,h5050,0.2562834139240277,scr2010,avaConv,runOfRiver
FR,h5051,0.2562834139240277,scr2010,avaConv,runOfRiver
FR,h5052,0.2562834139240277,scr2010,avaConv,runOfRiver
FR,h5053,0.2562834139240277,scr2010,avaConv,runOfRiver
FR,h5054,0.2562834139240277,scr2010,avaConv,runOfRiver
FR,h5055,0.2562834139240277,scr2010,avaConv,runOfRiver
FR,h5056,0.2562834139240277,scr2010,avaConv,runOfRiver
FR,h5057,0.2562834139240277,scr2010,avaConv,runOfRiver
FR,h5058,0.2562834139240277,scr2010,avaConv,runOfRiver
FR,h5059,0.2562834139240277,scr2010,avaConv,runOfRiver
FR,h5060,0.2562834139240277,scr2010,avaConv,runOfRiver
FR,h5061,0.2562834139240277,scr2010,avaConv,runOfRiver
FR,h5062,0.2562834139240277,scr2010,avaConv,runOfRiver
FR,h5063,0.2562834139240277,scr2010,avaConv,runOfRiver
FR,h5064,0.2562834139240277,scr2010,avaConv,runOfRiver
FR,h5065,0.2556062503144257,scr2010,avaConv,runOfRiver
FR,h5066,0.2549290868842223,scr2010,avaConv,runOfRiver
FR,h5067,0.25425192363389393,scr2010,avaConv,runOfRiver
FR,h5068,0.25425192363389393,scr2010,avaConv,runOfRiver
FR,h5069,0.25425192363389393,scr2010,avaConv,runOfRiver
FR,h5070,0.25425192363389393,scr2010,avaConv,runOfRiver
FR,h5071,0.25425192363389393,scr2010,avaConv,runOfRiver
FR,h5072,0.25425192363389393,scr2010,avaConv,runOfRiver
FR,h5073,0.25425192363389393,scr2010,avaConv,runOfRiver
FR,h5074,0.25425192363389393,scr2010,avaConv,runOfRiver
FR,h5075,0.25425192363389393,scr2010,avaConv,runOfRiver
FR,h5076,0.25425192363389393,scr2010,avaConv,runOfRiver
FR,h5077,0.25425192363389393,scr2010,avaConv,runOfRiver
FR,h5078,0.25425192363389393,scr2010,avaConv,runOfRiver
FR,h5079,0.25425192363389393,scr2010,avaConv,runOfRiver
FR,h5080,0.25425192363389393,scr2010,avaConv,runOfRiver
FR,h5081,0.25425192363389393,scr2010,avaConv,runOfRiver
FR,h5082,0.25425192363389393,scr2010,avaConv,runOfRiver
FR,h5083,0.25425192363389393,scr2010,avaConv,runOfRiver
FR,h5084,0.25425192363389393,scr2010,avaConv,runOfRiver
FR,h5085,0.25425192363389393,scr2010,avaConv,runOfRiver
FR,h5086,0.25425192363389393,scr2010,avaConv,runOfRiver
FR,h5087,0.25425192363389393,scr2010,avaConv,runOfRiver
FR,h5088,0.25425192363389393,scr2010,avaConv,runOfRiver
FR,h5089,0.25288050510602555,scr2010,avaConv,runOfRiver
FR,h5090,0.2515090873219124,scr2010,avaConv,runOfRiver
FR,h5091,0.2501376702856095,scr2010,avaConv,runOfRiver
FR,h5092,0.2501376702856095,scr2010,avaConv,runOfRiver
FR,h5093,0.2501376702856095,scr2010,avaConv,runOfRiver
FR,h5094,0.2501376702856095,scr2010,avaConv,runOfRiver
FR,h5095,0.2501376702856095,scr2010,avaConv,runOfRiver
FR,h5096,0.2501376702856095,scr2010,avaConv,runOfRiver
FR,h5097,0.2501376702856095,scr2010,avaConv,runOfRiver
FR,h5098,0.2501376702856095,scr2010,avaConv,runOfRiver
FR,h5099,0.2501376702856095,scr2010,avaConv,runOfRiver
FR,h5100,0.2501376702856095,scr2010,avaConv,runOfRiver
FR,h5101,0.2501376702856095,scr2010,avaConv,runOfRiver
FR,h5102,0.2501376702856095,scr2010,avaConv,runOfRiver
FR,h5103,0.2501376702856095,scr2010,avaConv,runOfRiver
FR,h5104,0.2501376702856095,scr2010,avaConv,runOfRiver
FR,h5105,0.2501376702856095,scr2010,avaConv,runOfRiver
FR,h5106,0.2501376702856095,scr2010,avaConv,runOfRiver
FR,h5107,0.2501376702856095,scr2010,avaConv,runOfRiver
FR,h5108,0.2501376702856095,scr2010,avaConv,runOfRiver
FR,h5109,0.2501376702856095,scr2010,avaConv,runOfRiver
FR,h5110,0.2501376702856095,scr2010,avaConv,runOfRiver
FR,h5111,0.2501376702856095,scr2010,avaConv,runOfRiver
FR,h5112,0.2501376702856095,scr2010,avaConv,runOfRiver
FR,h5113,0.24885326868450464,scr2010,avaConv,runOfRiver
FR,h5114,0.2475688677463244,scr2010,avaConv,runOfRiver
FR,h5115,0.24628446747450788,scr2010,avaConv,runOfRiver
FR,h5116,0.24628446747450788,scr2010,avaConv,runOfRiver
FR,h5117,0.24628446747450788,scr2010,avaConv,runOfRiver
FR,h5118,0.24628446747450788,scr2010,avaConv,runOfRiver
FR,h5119,0.24628446747450788,scr2010,avaConv,runOfRiver
FR,h5120,0.24628446747450788,scr2010,avaConv,runOfRiver
FR,h5121,0.24628446747450788,scr2010,avaConv,runOfRiver
FR,h5122,0.24628446747450788,scr2010,avaConv,runOfRiver
FR,h5123,0.24628446747450788,scr2010,avaConv,runOfRiver
FR,h5124,0.24628446747450788,scr2010,avaConv,runOfRiver
FR,h5125,0.24628446747450788,scr2010,avaConv,runOfRiver
FR,h5126,0.24628446747450788,scr2010,avaConv,runOfRiver
FR,h5127,0.24628446747450788,scr2010,avaConv,runOfRiver
FR,h5128,0.24628446747450788,scr2010,avaConv,runOfRiver
FR,h5129,0.24628446747450788,scr2010,avaConv,runOfRiver
FR,h5130,0.24628446747450788,scr2010,avaConv,runOfRiver
FR,h5131,0.24628446747450788,scr2010,avaConv,runOfRiver
FR,h5132,0.24628446747450788,scr2010,avaConv,runOfRiver
FR,h5133,0.24628446747450788,scr2010,avaConv,runOfRiver
FR,h5134,0.24628446747450788,scr2010,avaConv,runOfRiver
FR,h5135,0.24628446747450788,scr2010,avaConv,runOfRiver
FR,h5136,0.24628446747450788,scr2010,avaConv,runOfRiver
FR,h5137,0.2446094968573903,scr2010,avaConv,runOfRiver
FR,h5138,0.24293452738723506,scr2010,avaConv,runOfRiver
FR,h5139,0.24125955907194963,scr2010,avaConv,runOfRiver
FR,h5140,0.24125955907194963,scr2010,avaConv,runOfRiver
FR,h5141,0.24125955907194963,scr2010,avaConv,runOfRiver
FR,h5142,0.24125955907194963,scr2010,avaConv,runOfRiver
FR,h5143,0.24125955907194963,scr2010,avaConv,runOfRiver
FR,h5144,0.24125955907194963,scr2010,avaConv,runOfRiver
FR,h5145,0.24125955907194963,scr2010,avaConv,runOfRiver
FR,h5146,0.24125955907194963,scr2010,avaConv,runOfRiver
FR,h5147,0.24125955907194963,scr2010,avaConv,runOfRiver
FR,h5148,0.24125955907194963,scr2010,avaConv,runOfRiver
FR,h5149,0.24125955907194963,scr2010,avaConv,runOfRiver
FR,h5150,0.24125955907194963,scr2010,avaConv,runOfRiver
FR,h5151,0.24125955907194963,scr2010,avaConv,runOfRiver
FR,h5152,0.24125955907194963,scr2010,avaConv,runOfRiver
FR,h5153,0.24125955907194963,scr2010,avaConv,runOfRiver
FR,h5154,0.24125955907194963,scr2010,avaConv,runOfRiver
FR,h5155,0.24125955907194963,scr2010,avaConv,runOfRiver
FR,h5156,0.24125955907194963,scr2010,avaConv,runOfRiver
FR,h5157,0.24125955907194963,scr2010,avaConv,runOfRiver
FR,h5158,0.24125955907194963,scr2010,avaConv,runOfRiver
FR,h5159,0.24125955907194963,scr2010,avaConv,runOfRiver
FR,h5160,0.24125955907194963,scr2010,avaConv,runOfRiver
FR,h5161,0.24003070193976286,scr2010,avaConv,runOfRiver
FR,h5162,0.23880184543671076,scr2010,avaConv,runOfRiver
FR,h5163,0.23757298956603054,scr2010,avaConv,runOfRiver
FR,h5164,0.23757298956603054,scr2010,avaConv,runOfRiver
FR,h5165,0.23757298956603054,scr2010,avaConv,runOfRiver
FR,h5166,0.23757298956603054,scr2010,avaConv,runOfRiver
FR,h5167,0.23757298956603054,scr2010,avaConv,runOfRiver
FR,h5168,0.23757298956603054,scr2010,avaConv,runOfRiver
FR,h5169,0.23757298956603054,scr2010,avaConv,runOfRiver
FR,h5170,0.23757298956603054,scr2010,avaConv,runOfRiver
FR,h5171,0.23757298956603054,scr2010,avaConv,runOfRiver
FR,h5172,0.23757298956603054,scr2010,avaConv,runOfRiver
FR,h5173,0.23757298956603054,scr2010,avaConv,runOfRiver
FR,h5174,0.23757298956603054,scr2010,avaConv,runOfRiver
FR,h5175,0.23757298956603054,scr2010,avaConv,runOfRiver
FR,h5176,0.23757298956603054,scr2010,avaConv,runOfRiver
FR,h5177,0.23757298956603054,scr2010,avaConv,runOfRiver
FR,h5178,0.23757298956603054,scr2010,avaConv,runOfRiver
FR,h5179,0.23757298956603054,scr2010,avaConv,runOfRiver
FR,h5180,0.23757298956603054,scr2010,avaConv,runOfRiver
FR,h5181,0.23757298956603054,scr2010,avaConv,runOfRiver
FR,h5182,0.23757298956603054,scr2010,avaConv,runOfRiver
FR,h5183,0.23757298956603054,scr2010,avaConv,runOfRiver
FR,h5184,0.23757298956603054,scr2010,avaConv,runOfRiver
FR,h5185,0.23640798388407613,scr2010,avaConv,runOfRiver
FR,h5186,0.23524297877624104,scr2010,avaConv,runOfRiver
FR,h5187,0.23407797424536828,scr2010,avaConv,runOfRiver
FR,h5188,0.23407797424536828,scr2010,avaConv,runOfRiver
FR,h5189,0.23407797424536828,scr2010,avaConv,runOfRiver
FR,h5190,0.23407797424536828,scr2010,avaConv,runOfRiver
FR,h5191,0.23407797424536828,scr2010,avaConv,runOfRiver
FR,h5192,0.23407797424536828,scr2010,avaConv,runOfRiver
FR,h5193,0.23407797424536828,scr2010,avaConv,runOfRiver
FR,h5194,0.23407797424536828,scr2010,avaConv,runOfRiver
FR,h5195,0.23407797424536828,scr2010,avaConv,runOfRiver
FR,h5196,0.23407797424536828,scr2010,avaConv,runOfRiver
FR,h5197,0.23407797424536828,scr2010,avaConv,runOfRiver
FR,h5198,0.23407797424536828,scr2010,avaConv,runOfRiver
FR,h5199,0.23407797424536828,scr2010,avaConv,runOfRiver
FR,h5200,0.23407797424536828,scr2010,avaConv,runOfRiver
FR,h5201,0.23407797424536828,scr2010,avaConv,runOfRiver
FR,h5202,0.23407797424536828,scr2010,avaConv,runOfRiver
FR,h5203,0.23407797424536828,scr2010,avaConv,runOfRiver
FR,h5204,0.23407797424536828,scr2010,avaConv,runOfRiver
FR,h5205,0.23407797424536828,scr2010,avaConv,runOfRiver
FR,h5206,0.23407797424536828,scr2010,avaConv,runOfRiver
FR,h5207,0.23407797424536828,scr2010,avaConv,runOfRiver
FR,h5208,0.23407797424536828,scr2010,avaConv,runOfRiver
FR,h5209,0.23280525748799302,scr2010,avaConv,runOfRiver
FR,h5210,0.2315325414264109,scr2010,avaConv,runOfRiver
FR,h5211,0.2302598260644463,scr2010,avaConv,runOfRiver
FR,h5212,0.2302598260644463,scr2010,avaConv,runOfRiver
FR,h5213,0.2302598260644463,scr2010,avaConv,runOfRiver
FR,h5214,0.2302598260644463,scr2010,avaConv,runOfRiver
FR,h5215,0.2302598260644463,scr2010,avaConv,runOfRiver
FR,h5216,0.2302598260644463,scr2010,avaConv,runOfRiver
FR,h5217,0.2302598260644463,scr2010,avaConv,runOfRiver
FR,h5218,0.2302598260644463,scr2010,avaConv,runOfRiver
FR,h5219,0.2302598260644463,scr2010,avaConv,runOfRiver
FR,h5220,0.2302598260644463,scr2010,avaConv,runOfRiver
FR,h5221,0.2302598260644463,scr2010,avaConv,runOfRiver
FR,h5222,0.2302598260644463,scr2010,avaConv,runOfRiver
FR,h5223,0.2302598260644463,scr2010,avaConv,runOfRiver
FR,h5224,0.2302598260644463,scr2010,avaConv,runOfRiver
FR,h5225,0.2302598260644463,scr2010,avaConv,runOfRiver
FR,h5226,0.2302598260644463,scr2010,avaConv,runOfRiver
FR,h5227,0.2302598260644463,scr2010,avaConv,runOfRiver
FR,h5228,0.2302598260644463,scr2010,avaConv,runOfRiver
FR,h5229,0.2302598260644463,scr2010,avaConv,runOfRiver
FR,h5230,0.2302598260644463,scr2010,avaConv,runOfRiver
FR,h5231,0.2302598260644463,scr2010,avaConv,runOfRiver
FR,h5232,0.2302598260644463,scr2010,avaConv,runOfRiver
FR,h5233,0.22878662120556983,scr2010,avaConv,runOfRiver
FR,h5234,0.22731341729534496,scr2010,avaConv,runOfRiver
FR,h5235,0.22584021433991938,scr2010,avaConv,runOfRiver
FR,h5236,0.22584021433991938,scr2010,avaConv,runOfRiver
FR,h5237,0.22584021433991938,scr2010,avaConv,runOfRiver
FR,h5238,0.22584021433991938,scr2010,avaConv,runOfRiver
FR,h5239,0.22584021433991938,scr2010,avaConv,runOfRiver
FR,h5240,0.22584021433991938,scr2010,avaConv,runOfRiver
FR,h5241,0.22584021433991938,scr2010,avaConv,runOfRiver
FR,h5242,0.22584021433991938,scr2010,avaConv,runOfRiver
FR,h5243,0.22584021433991938,scr2010,avaConv,runOfRiver
FR,h5244,0.22584021433991938,scr2010,avaConv,runOfRiver
FR,h5245,0.22584021433991938,scr2010,avaConv,runOfRiver
FR,h5246,0.22584021433991938,scr2010,avaConv,runOfRiver
FR,h5247,0.22584021433991938,scr2010,avaConv,runOfRiver
FR,h5248,0.22584021433991938,scr2010,avaConv,runOfRiver
FR,h5249,0.22584021433991938,scr2010,avaConv,runOfRiver
FR,h5250,0.22584021433991938,scr2010,avaConv,runOfRiver
FR,h5251,0.22584021433991938,scr2010,avaConv,runOfRiver
FR,h5252,0.22584021433991938,scr2010,avaConv,runOfRiver
FR,h5253,0.22584021433991938,scr2010,avaConv,runOfRiver
FR,h5254,0.22584021433991938,scr2010,avaConv,runOfRiver
FR,h5255,0.22584021433991938,scr2010,avaConv,runOfRiver
FR,h5256,0.22584021433991938,scr2010,avaConv,runOfRiver
FR,h5257,0.2248821269662441,scr2010,avaConv,runOfRiver
FR,h5258,0.22392404000076196,scr2010,avaConv,runOfRiver
FR,h5259,0.2229659534452193,scr2010,avaConv,runOfRiver
FR,h5260,0.2229659534452193,scr2010,avaConv,runOfRiver
FR,h5261,0.2229659534452193,scr2010,avaConv,runOfRiver
FR,h5262,0.2229659534452193,scr2010,avaConv,runOfRiver
FR,h5263,0.2229659534452193,scr2010,avaConv,runOfRiver
FR,h5264,0.2229659534452193,scr2010,avaConv,runOfRiver
FR,h5265,0.2229659534452193,scr2010,avaConv,runOfRiver
FR,h5266,0.2229659534452193,scr2010,avaConv,runOfRiver
FR,h5267,0.2229659534452193,scr2010,avaConv,runOfRiver
FR,h5268,0.2229659534452193,scr2010,avaConv,runOfRiver
FR,h5269,0.2229659534452193,scr2010,avaConv,runOfRiver
FR,h5270,0.2229659534452193,scr2010,avaConv,runOfRiver
FR,h5271,0.2229659534452193,scr2010,avaConv,runOfRiver
FR,h5272,0.2229659534452193,scr2010,avaConv,runOfRiver
FR,h5273,0.2229659534452193,scr2010,avaConv,runOfRiver
FR,h5274,0.2229659534452193,scr2010,avaConv,runOfRiver
FR,h5275,0.2229659534452193,scr2010,avaConv,runOfRiver
FR,h5276,0.2229659534452193,scr2010,avaConv,runOfRiver
FR,h5277,0.2229659534452193,scr2010,avaConv,runOfRiver
FR,h5278,0.2229659534452193,scr2010,avaConv,runOfRiver
FR,h5279,0.2229659534452193,scr2010,avaConv,runOfRiver
FR,h5280,0.2229659534452193,scr2010,avaConv,runOfRiver
FR,h5281,0.2223458308365928,scr2010,avaConv,runOfRiver
FR,h5282,0.2217257084009226,scr2010,avaConv,runOfRiver
FR,h5283,0.22110558613869236,scr2010,avaConv,runOfRiver
FR,h5284,0.22110558613869236,scr2010,avaConv,runOfRiver
FR,h5285,0.22110558613869236,scr2010,avaConv,runOfRiver
FR,h5286,0.22110558613869236,scr2010,avaConv,runOfRiver
FR,h5287,0.22110558613869236,scr2010,avaConv,runOfRiver
FR,h5288,0.22110558613869236,scr2010,avaConv,runOfRiver
FR,h5289,0.22110558613869236,scr2010,avaConv,runOfRiver
FR,h5290,0.22110558613869236,scr2010,avaConv,runOfRiver
FR,h5291,0.22110558613869236,scr2010,avaConv,runOfRiver
FR,h5292,0.22110558613869236,scr2010,avaConv,runOfRiver
FR,h5293,0.22110558613869236,scr2010,avaConv,runOfRiver
FR,h5294,0.22110558613869236,scr2010,avaConv,runOfRiver
FR,h5295,0.22110558613869236,scr2010,avaConv,runOfRiver
FR,h5296,0.22110558613869236,scr2010,avaConv,runOfRiver
FR,h5297,0.22110558613869236,scr2010,avaConv,runOfRiver
FR,h5298,0.22110558613869236,scr2010,avaConv,runOfRiver
FR,h5299,0.22110558613869236,scr2010,avaConv,runOfRiver
FR,h5300,0.22110558613869236,scr2010,avaConv,runOfRiver
FR,h5301,0.22110558613869236,scr2010,avaConv,runOfRiver
FR,h5302,0.22110558613869236,scr2010,avaConv,runOfRiver
FR,h5303,0.22110558613869236,scr2010,avaConv,runOfRiver
FR,h5304,0.22110558613869236,scr2010,avaConv,runOfRiver
FR,h5305,0.2198713522637326,scr2010,avaConv,runOfRiver
FR,h5306,0.21863711908162212,scr2010,avaConv,runOfRiver
FR,h5307,0.21740288659627183,scr2010,avaConv,runOfRiver
FR,h5308,0.21740288659627183,scr2010,avaConv,runOfRiver
FR,h5309,0.21740288659627183,scr2010,avaConv,runOfRiver
FR,h5310,0.21740288659627183,scr2010,avaConv,runOfRiver
FR,h5311,0.21740288659627183,scr2010,avaConv,runOfRiver
FR,h5312,0.21740288659627183,scr2010,avaConv,runOfRiver
FR,h5313,0.21740288659627183,scr2010,avaConv,runOfRiver
FR,h5314,0.21740288659627183,scr2010,avaConv,runOfRiver
FR,h5315,0.21740288659627183,scr2010,avaConv,runOfRiver
FR,h5316,0.21740288659627183,scr2010,avaConv,runOfRiver
FR,h5317,0.21740288659627183,scr2010,avaConv,runOfRiver
FR,h5318,0.21740288659627183,scr2010,avaConv,runOfRiver
FR,h5319,0.21740288659627183,scr2010,avaConv,runOfRiver
FR,h5320,0.21740288659627183,scr2010,avaConv,runOfRiver
FR,h5321,0.21740288659627183,scr2010,avaConv,runOfRiver
FR,h5322,0.21740288659627183,scr2010,avaConv,runOfRiver
FR,h5323,0.21740288659627183,scr2010,avaConv,runOfRiver
FR,h5324,0.21740288659627183,scr2010,avaConv,runOfRiver
FR,h5325,0.21740288659627183,scr2010,avaConv,runOfRiver
FR,h5326,0.21740288659627183,scr2010,avaConv,runOfRiver
FR,h5327,0.21740288659627183,scr2010,avaConv,runOfRiver
FR,h5328,0.21740288659627183,scr2010,avaConv,runOfRiver
FR,h5329,0.21643535224290725,scr2010,avaConv,runOfRiver
FR,h5330,0.21546781832207362,scr2010,avaConv,runOfRiver
FR,h5331,0.21450028483571296,scr2010,avaConv,runOfRiver
FR,h5332,0.21450028483571296,scr2010,avaConv,runOfRiver
FR,h5333,0.21450028483571296,scr2010,avaConv,runOfRiver
FR,h5334,0.21450028483571296,scr2010,avaConv,runOfRiver
FR,h5335,0.21450028483571296,scr2010,avaConv,runOfRiver
FR,h5336,0.21450028483571296,scr2010,avaConv,runOfRiver
FR,h5337,0.21450028483571296,scr2010,avaConv,runOfRiver
FR,h5338,0.21450028483571296,scr2010,avaConv,runOfRiver
FR,h5339,0.21450028483571296,scr2010,avaConv,runOfRiver
FR,h5340,0.21450028483571296,scr2010,avaConv,runOfRiver
FR,h5341,0.21450028483571296,scr2010,avaConv,runOfRiver
FR,h5342,0.21450028483571296,scr2010,avaConv,runOfRiver
FR,h5343,0.21450028483571296,scr2010,avaConv,runOfRiver
FR,h5344,0.21450028483571296,scr2010,avaConv,runOfRiver
FR,h5345,0.21450028483571296,scr2010,avaConv,runOfRiver
FR,h5346,0.21450028483571296,scr2010,avaConv,runOfRiver
FR,h5347,0.21450028483571296,scr2010,avaConv,runOfRiver
FR,h5348,0.21450028483571296,scr2010,avaConv,runOfRiver
FR,h5349,0.21450028483571296,scr2010,avaConv,runOfRiver
FR,h5350,0.21450028483571296,scr2010,avaConv,runOfRiver
FR,h5351,0.21450028483571296,scr2010,avaConv,runOfRiver
FR,h5352,0.21450028483571296,scr2010,avaConv,runOfRiver
FR,h5353,0.2145978851376402,scr2010,avaConv,runOfRiver
FR,h5354,0.21469548544400655,scr2010,avaConv,runOfRiver
FR,h5355,0.21479308575480985,scr2010,avaConv,runOfRiver
FR,h5356,0.21479308575480985,scr2010,avaConv,runOfRiver
FR,h5357,0.21479308575480985,scr2010,avaConv,runOfRiver
FR,h5358,0.21479308575480985,scr2010,avaConv,runOfRiver
FR,h5359,0.21479308575480985,scr2010,avaConv,runOfRiver
FR,h5360,0.21479308575480985,scr2010,avaConv,runOfRiver
FR,h5361,0.21479308575480985,scr2010,avaConv,runOfRiver
FR,h5362,0.21479308575480985,scr2010,avaConv,runOfRiver
FR,h5363,0.21479308575480985,scr2010,avaConv,runOfRiver
FR,h5364,0.21479308575480985,scr2010,avaConv,runOfRiver
FR,h5365,0.21479308575480985,scr2010,avaConv,runOfRiver
FR,h5366,0.21479308575480985,scr2010,avaConv,runOfRiver
FR,h5367,0.21479308575480985,scr2010,avaConv,runOfRiver
FR,h5368,0.21479308575480985,scr2010,avaConv,runOfRiver
FR,h5369,0.21479308575480985,scr2010,avaConv,runOfRiver
FR,h5370,0.21479308575480985,scr2010,avaConv,runOfRiver
FR,h5371,0.21479308575480985,scr2010,avaConv,runOfRiver
FR,h5372,0.21479308575480985,scr2010,avaConv,runOfRiver
FR,h5373,0.21479308575480985,scr2010,avaConv,runOfRiver
FR,h5374,0.21479308575480985,scr2010,avaConv,runOfRiver
FR,h5375,0.21479308575480985,scr2010,avaConv,runOfRiver
FR,h5376,0.21479308575480985,scr2010,avaConv,runOfRiver
FR,h5377,0.21458825423649458,scr2010,avaConv,runOfRiver
FR,h5378,0.21438342273773173,scr2010,avaConv,runOfRiver
FR,h5379,0.21417859125853989,scr2010,avaConv,runOfRiver
FR,h5380,0.21417859125853989,scr2010,avaConv,runOfRiver
FR,h5381,0.21417859125853989,scr2010,avaConv,runOfRiver
FR,h5382,0.21417859125853989,scr2010,avaConv,runOfRiver
FR,h5383,0.21417859125853989,scr2010,avaConv,runOfRiver
FR,h5384,0.21417859125853989,scr2010,avaConv,runOfRiver
FR,h5385,0.21417859125853989,scr2010,avaConv,runOfRiver
FR,h5386,0.21417859125853989,scr2010,avaConv,runOfRiver
FR,h5387,0.21417859125853989,scr2010,avaConv,runOfRiver
FR,h5388,0.21417859125853989,scr2010,avaConv,runOfRiver
FR,h5389,0.21417859125853989,scr2010,avaConv,runOfRiver
FR,h5390,0.21417859125853989,scr2010,avaConv,runOfRiver
FR,h5391,0.21417859125853989,scr2010,avaConv,runOfRiver
FR,h5392,0.21417859125853989,scr2010,avaConv,runOfRiver
FR,h5393,0.21417859125853989,scr2010,avaConv,runOfRiver
FR,h5394,0.21417859125853989,scr2010,avaConv,runOfRiver
FR,h5395,0.21417859125853989,scr2010,avaConv,runOfRiver
FR,h5396,0.21417859125853989,scr2010,avaConv,runOfRiver
FR,h5397,0.21417859125853989,scr2010,avaConv,runOfRiver
FR,h5398,0.21417859125853989,scr2010,avaConv,runOfRiver
FR,h5399,0.21417859125853989,scr2010,avaConv,runOfRiver
FR,h5400,0.21417859125853989,scr2010,avaConv,runOfRiver
FR,h5401,0.2139218845306306,scr2010,avaConv,runOfRiver
FR,h5402,0.21366517783352695,scr2010,avaConv,runOfRiver
FR,h5403,0.21340847116726605,scr2010,avaConv,runOfRiver
FR,h5404,0.21340847116726605,scr2010,avaConv,runOfRiver
FR,h5405,0.21340847116726605,scr2010,avaConv,runOfRiver
FR,h5406,0.21340847116726605,scr2010,avaConv,runOfRiver
FR,h5407,0.21340847116726605,scr2010,avaConv,runOfRiver
FR,h5408,0.21340847116726605,scr2010,avaConv,runOfRiver
FR,h5409,0.21340847116726605,scr2010,avaConv,runOfRiver
FR,h5410,0.21340847116726605,scr2010,avaConv,runOfRiver
FR,h5411,0.21340847116726605,scr2010,avaConv,runOfRiver
FR,h5412,0.21340847116726605,scr2010,avaConv,runOfRiver
FR,h5413,0.21340847116726605,scr2010,avaConv,runOfRiver
FR,h5414,0.21340847116726605,scr2010,avaConv,runOfRiver
FR,h5415,0.21340847116726605,scr2010,avaConv,runOfRiver
FR,h5416,0.21340847116726605,scr2010,avaConv,runOfRiver
FR,h5417,0.21340847116726605,scr2010,avaConv,runOfRiver
FR,h5418,0.21340847116726605,scr2010,avaConv,runOfRiver
FR,h5419,0.21340847116726605,scr2010,avaConv,runOfRiver
FR,h5420,0.21340847116726605,scr2010,avaConv,runOfRiver
FR,h5421,0.21340847116726605,scr2010,avaConv,runOfRiver
FR,h5422,0.21340847116726605,scr2010,avaConv,runOfRiver
FR,h5423,0.21340847116726605,scr2010,avaConv,runOfRiver
FR,h5424,0.21340847116726605,scr2010,avaConv,runOfRiver
FR,h5425,0.21390206674777995,scr2010,avaConv,runOfRiver
FR,h5426,0.21439566244219813,scr2010,avaConv,runOfRiver
FR,h5427,0.2148892582502583,scr2010,avaConv,runOfRiver
FR,h5428,0.2148892582502583,scr2010,avaConv,runOfRiver
FR,h5429,0.2148892582502583,scr2010,avaConv,runOfRiver
FR,h5430,0.2148892582502583,scr2010,avaConv,runOfRiver
FR,h5431,0.2148892582502583,scr2010,avaConv,runOfRiver
FR,h5432,0.2148892582502583,scr2010,avaConv,runOfRiver
FR,h5433,0.2148892582502583,scr2010,avaConv,runOfRiver
FR,h5434,0.2148892582502583,scr2010,avaConv,runOfRiver
FR,h5435,0.2148892582502583,scr2010,avaConv,runOfRiver
FR,h5436,0.2148892582502583,scr2010,avaConv,runOfRiver
FR,h5437,0.2148892582502583,scr2010,avaConv,runOfRiver
FR,h5438,0.2148892582502583,scr2010,avaConv,runOfRiver
FR,h5439,0.2148892582502583,scr2010,avaConv,runOfRiver
FR,h5440,0.2148892582502583,scr2010,avaConv,runOfRiver
FR,h5441,0.2148892582502583,scr2010,avaConv,runOfRiver
FR,h5442,0.2148892582502583,scr2010,avaConv,runOfRiver
FR,h5443,0.2148892582502583,scr2010,avaConv,runOfRiver
FR,h5444,0.2148892582502583,scr2010,avaConv,runOfRiver
FR,h5445,0.2148892582502583,scr2010,avaConv,runOfRiver
FR,h5446,0.2148892582502583,scr2010,avaConv,runOfRiver
FR,h5447,0.2148892582502583,scr2010,avaConv,runOfRiver
FR,h5448,0.2148892582502583,scr2010,avaConv,runOfRiver
FR,h5449,0.21498770630878528,scr2010,avaConv,runOfRiver
FR,h5450,0.21508615437182046,scr2010,avaConv,runOfRiver
FR,h5451,0.2151846024393619,scr2010,avaConv,runOfRiver
FR,h5452,0.2151846024393619,scr2010,avaConv,runOfRiver
FR,h5453,0.2151846024393619,scr2010,avaConv,runOfRiver
FR,h5454,0.2151846024393619,scr2010,avaConv,runOfRiver
FR,h5455,0.2151846024393619,scr2010,avaConv,runOfRiver
FR,h5456,0.2151846024393619,scr2010,avaConv,runOfRiver
FR,h5457,0.2151846024393619,scr2010,avaConv,runOfRiver
FR,h5458,0.2151846024393619,scr2010,avaConv,runOfRiver
FR,h5459,0.2151846024393619,scr2010,avaConv,runOfRiver
FR,h5460,0.2151846024393619,scr2010,avaConv,runOfRiver
FR,h5461,0.2151846024393619,scr2010,avaConv,runOfRiver
FR,h5462,0.2151846024393619,scr2010,avaConv,runOfRiver
FR,h5463,0.2151846024393619,scr2010,avaConv,runOfRiver
FR,h5464,0.2151846024393619,scr2010,avaConv,runOfRiver
FR,h5465,0.2151846024393619,scr2010,avaConv,runOfRiver
FR,h5466,0.2151846024393619,scr2010,avaConv,runOfRiver
FR,h5467,0.2151846024393619,scr2010,avaConv,runOfRiver
FR,h5468,0.2151846024393619,scr2010,avaConv,runOfRiver
FR,h5469,0.2151846024393619,scr2010,avaConv,runOfRiver
FR,h5470,0.2151846024393619,scr2010,avaConv,runOfRiver
FR,h5471,0.2151846024393619,scr2010,avaConv,runOfRiver
FR,h5472,0.2151846024393619,scr2010,avaConv,runOfRiver
FR,h5473,0.21547964889228285,scr2010,avaConv,runOfRiver
FR,h5474,0.21577469538560423,scr2010,avaConv,runOfRiver
FR,h5475,0.21606974191927084,scr2010,avaConv,runOfRiver
FR,h5476,0.21606974191927084,scr2010,avaConv,runOfRiver
FR,h5477,0.21606974191927084,scr2010,avaConv,runOfRiver
FR,h5478,0.21606974191927084,scr2010,avaConv,runOfRiver
FR,h5479,0.21606974191927084,scr2010,avaConv,runOfRiver
FR,h5480,0.21606974191927084,scr2010,avaConv,runOfRiver
FR,h5481,0.21606974191927084,scr2010,avaConv,runOfRiver
FR,h5482,0.21606974191927084,scr2010,avaConv,runOfRiver
FR,h5483,0.21606974191927084,scr2010,avaConv,runOfRiver
FR,h5484,0.21606974191927084,scr2010,avaConv,runOfRiver
FR,h5485,0.21606974191927084,scr2010,avaConv,runOfRiver
FR,h5486,0.21606974191927084,scr2010,avaConv,runOfRiver
FR,h5487,0.21606974191927084,scr2010,avaConv,runOfRiver
FR,h5488,0.21606974191927084,scr2010,avaConv,runOfRiver
FR,h5489,0.21606974191927084,scr2010,avaConv,runOfRiver
FR,h5490,0.21606974191927084,scr2010,avaConv,runOfRiver
FR,h5491,0.21606974191927084,scr2010,avaConv,runOfRiver
FR,h5492,0.21606974191927084,scr2010,avaConv,runOfRiver
FR,h5493,0.21606974191927084,scr2010,avaConv,runOfRiver
FR,h5494,0.21606974191927084,scr2010,avaConv,runOfRiver
FR,h5495,0.21606974191927084,scr2010,avaConv,runOfRiver
FR,h5496,0.21606974191927084,scr2010,avaConv,runOfRiver
FR,h5497,0.21642804043525113,scr2010,avaConv,runOfRiver
FR,h5498,0.21678633901054958,scr2010,avaConv,runOfRiver
FR,h5499,0.21714463764506825,scr2010,avaConv,runOfRiver
FR,h5500,0.21714463764506825,scr2010,avaConv,runOfRiver
FR,h5501,0.21714463764506825,scr2010,avaConv,runOfRiver
FR,h5502,0.21714463764506825,scr2010,avaConv,runOfRiver
FR,h5503,0.21714463764506825,scr2010,avaConv,runOfRiver
FR,h5504,0.21714463764506825,scr2010,avaConv,runOfRiver
FR,h5505,0.21714463764506825,scr2010,avaConv,runOfRiver
FR,h5506,0.21714463764506825,scr2010,avaConv,runOfRiver
FR,h5507,0.21714463764506825,scr2010,avaConv,runOfRiver
FR,h5508,0.21714463764506825,scr2010,avaConv,runOfRiver
FR,h5509,0.21714463764506825,scr2010,avaConv,runOfRiver
FR,h5510,0.21714463764506825,scr2010,avaConv,runOfRiver
FR,h5511,0.21714463764506825,scr2010,avaConv,runOfRiver
FR,h5512,0.21714463764506825,scr2010,avaConv,runOfRiver
FR,h5513,0.21714463764506825,scr2010,avaConv,runOfRiver
FR,h5514,0.21714463764506825,scr2010,avaConv,runOfRiver
FR,h5515,0.21714463764506825,scr2010,avaConv,runOfRiver
FR,h5516,0.21714463764506825,scr2010,avaConv,runOfRiver
FR,h5517,0.21714463764506825,scr2010,avaConv,runOfRiver
FR,h5518,0.21714463764506825,scr2010,avaConv,runOfRiver
FR,h5519,0.21714463764506825,scr2010,avaConv,runOfRiver
FR,h5520,0.21714463764506825,scr2010,avaConv,runOfRiver
FR,h5521,0.21742584519299576,scr2010,avaConv,runOfRiver
FR,h5522,0.21770705277729413,scr2010,avaConv,runOfRiver
FR,h5523,0.2179882603979164,scr2010,avaConv,runOfRiver
FR,h5524,0.2179882603979164,scr2010,avaConv,runOfRiver
FR,h5525,0.2179882603979164,scr2010,avaConv,runOfRiver
FR,h5526,0.2179882603979164,scr2010,avaConv,runOfRiver
FR,h5527,0.2179882603979164,scr2010,avaConv,runOfRiver
FR,h5528,0.2179882603979164,scr2010,avaConv,runOfRiver
FR,h5529,0.2179882603979164,scr2010,avaConv,runOfRiver
FR,h5530,0.2179882603979164,scr2010,avaConv,runOfRiver
FR,h5531,0.2179882603979164,scr2010,avaConv,runOfRiver
FR,h5532,0.2179882603979164,scr2010,avaConv,runOfRiver
FR,h5533,0.2179882603979164,scr2010,avaConv,runOfRiver
FR,h5534,0.2179882603979164,scr2010,avaConv,runOfRiver
FR,h5535,0.2179882603979164,scr2010,avaConv,runOfRiver
FR,h5536,0.2179882603979164,scr2010,avaConv,runOfRiver
FR,h5537,0.2179882603979164,scr2010,avaConv,runOfRiver
FR,h5538,0.2179882603979164,scr2010,avaConv,runOfRiver
FR,h5539,0.2179882603979164,scr2010,avaConv,runOfRiver
FR,h5540,0.2179882603979164,scr2010,avaConv,runOfRiver
FR,h5541,0.2179882603979164,scr2010,avaConv,runOfRiver
FR,h5542,0.2179882603979164,scr2010,avaConv,runOfRiver
FR,h5543,0.2179882603979164,scr2010,avaConv,runOfRiver
FR,h5544,0.2179882603979164,scr2010,avaConv,runOfRiver
FR,h5545,0.217572526329663,scr2010,avaConv,runOfRiver
FR,h5546,0.21715679234084942,scr2010,avaConv,runOfRiver
FR,h5547,0.21674105843162775,scr2010,avaConv,runOfRiver
FR,h5548,0.21674105843162775,scr2010,avaConv,runOfRiver
FR,h5549,0.21674105843162775,scr2010,avaConv,runOfRiver
FR,h5550,0.21674105843162775,scr2010,avaConv,runOfRiver
FR,h5551,0.21674105843162775,scr2010,avaConv,runOfRiver
FR,h5552,0.21674105843162775,scr2010,avaConv,runOfRiver
FR,h5553,0.21674105843162775,scr2010,avaConv,runOfRiver
FR,h5554,0.21674105843162775,scr2010,avaConv,runOfRiver
FR,h5555,0.21674105843162775,scr2010,avaConv,runOfRiver
FR,h5556,0.21674105843162775,scr2010,avaConv,runOfRiver
FR,h5557,0.21674105843162775,scr2010,avaConv,runOfRiver
FR,h5558,0.21674105843162775,scr2010,avaConv,runOfRiver
FR,h5559,0.21674105843162775,scr2010,avaConv,runOfRiver
FR,h5560,0.21674105843162775,scr2010,avaConv,runOfRiver
FR,h5561,0.21674105843162775,scr2010,avaConv,runOfRiver
FR,h5562,0.21674105843162775,scr2010,avaConv,runOfRiver
FR,h5563,0.21674105843162775,scr2010,avaConv,runOfRiver
FR,h5564,0.21674105843162775,scr2010,avaConv,runOfRiver
FR,h5565,0.21674105843162775,scr2010,avaConv,runOfRiver
FR,h5566,0.21674105843162775,scr2010,avaConv,runOfRiver
FR,h5567,0.21674105843162775,scr2010,avaConv,runOfRiver
FR,h5568,0.21674105843162775,scr2010,avaConv,runOfRiver
FR,h5569,0.21535724204880563,scr2010,avaConv,runOfRiver
FR,h5570,0.21397342655520865,scr2010,avaConv,runOfRiver
FR,h5571,0.21258961195658732,scr2010,avaConv,runOfRiver
FR,h5572,0.21258961195658732,scr2010,avaConv,runOfRiver
FR,h5573,0.21258961195658732,scr2010,avaConv,runOfRiver
FR,h5574,0.21258961195658732,scr2010,avaConv,runOfRiver
FR,h5575,0.21258961195658732,scr2010,avaConv,runOfRiver
FR,h5576,0.21258961195658732,scr2010,avaConv,runOfRiver
FR,h5577,0.21258961195658732,scr2010,avaConv,runOfRiver
FR,h5578,0.21258961195658732,scr2010,avaConv,runOfRiver
FR,h5579,0.21258961195658732,scr2010,avaConv,runOfRiver
FR,h5580,0.21258961195658732,scr2010,avaConv,runOfRiver
FR,h5581,0.21258961195658732,scr2010,avaConv,runOfRiver
FR,h5582,0.21258961195658732,scr2010,avaConv,runOfRiver
FR,h5583,0.21258961195658732,scr2010,avaConv,runOfRiver
FR,h5584,0.21258961195658732,scr2010,avaConv,runOfRiver
FR,h5585,0.21258961195658732,scr2010,avaConv,runOfRiver
FR,h5586,0.21258961195658732,scr2010,avaConv,runOfRiver
FR,h5587,0.21258961195658732,scr2010,avaConv,runOfRiver
FR,h5588,0.21258961195658732,scr2010,avaConv,runOfRiver
FR,h5589,0.21258961195658732,scr2010,avaConv,runOfRiver
FR,h5590,0.21258961195658732,scr2010,avaConv,runOfRiver
FR,h5591,0.21258961195658732,scr2010,avaConv,runOfRiver
FR,h5592,0.21258961195658732,scr2010,avaConv,runOfRiver
FR,h5593,0.21210333090678393,scr2010,avaConv,runOfRiver
FR,h5594,0.21161704996847158,scr2010,avaConv,runOfRiver
FR,h5595,0.2111307691419064,scr2010,avaConv,runOfRiver
FR,h5596,0.2111307691419064,scr2010,avaConv,runOfRiver
FR,h5597,0.2111307691419064,scr2010,avaConv,runOfRiver
FR,h5598,0.2111307691419064,scr2010,avaConv,runOfRiver
FR,h5599,0.2111307691419064,scr2010,avaConv,runOfRiver
FR,h5600,0.2111307691419064,scr2010,avaConv,runOfRiver
FR,h5601,0.2111307691419064,scr2010,avaConv,runOfRiver
FR,h5602,0.2111307691419064,scr2010,avaConv,runOfRiver
FR,h5603,0.2111307691419064,scr2010,avaConv,runOfRiver
FR,h5604,0.2111307691419064,scr2010,avaConv,runOfRiver
FR,h5605,0.2111307691419064,scr2010,avaConv,runOfRiver
FR,h5606,0.2111307691419064,scr2010,avaConv,runOfRiver
FR,h5607,0.2111307691419064,scr2010,avaConv,runOfRiver
FR,h5608,0.2111307691419064,scr2010,avaConv,runOfRiver
FR,h5609,0.2111307691419064,scr2010,avaConv,runOfRiver
FR,h5610,0.2111307691419064,scr2010,avaConv,runOfRiver
FR,h5611,0.2111307691419064,scr2010,avaConv,runOfRiver
FR,h5612,0.2111307691419064,scr2010,avaConv,runOfRiver
FR,h5613,0.2111307691419064,scr2010,avaConv,runOfRiver
FR,h5614,0.2111307691419064,scr2010,avaConv,runOfRiver
FR,h5615,0.2111307691419064,scr2010,avaConv,runOfRiver
FR,h5616,0.2111307691419064,scr2010,avaConv,runOfRiver
FR,h5617,0.21077876884549435,scr2010,avaConv,runOfRiver
FR,h5618,0.21042676860786805,scr2010,avaConv,runOfRiver
FR,h5619,0.21007476842912584,scr2010,avaConv,runOfRiver
FR,h5620,0.21007476842912584,scr2010,avaConv,runOfRiver
FR,h5621,0.21007476842912584,scr2010,avaConv,runOfRiver
FR,h5622,0.21007476842912584,scr2010,avaConv,runOfRiver
FR,h5623,0.21007476842912584,scr2010,avaConv,runOfRiver
FR,h5624,0.21007476842912584,scr2010,avaConv,runOfRiver
FR,h5625,0.21007476842912584,scr2010,avaConv,runOfRiver
FR,h5626,0.21007476842912584,scr2010,avaConv,runOfRiver
FR,h5627,0.21007476842912584,scr2010,avaConv,runOfRiver
FR,h5628,0.21007476842912584,scr2010,avaConv,runOfRiver
FR,h5629,0.21007476842912584,scr2010,avaConv,runOfRiver
FR,h5630,0.21007476842912584,scr2010,avaConv,runOfRiver
FR,h5631,0.21007476842912584,scr2010,avaConv,runOfRiver
FR,h5632,0.21007476842912584,scr2010,avaConv,runOfRiver
FR,h5633,0.21007476842912584,scr2010,avaConv,runOfRiver
FR,h5634,0.21007476842912584,scr2010,avaConv,runOfRiver
FR,h5635,0.21007476842912584,scr2010,avaConv,runOfRiver
FR,h5636,0.21007476842912584,scr2010,avaConv,runOfRiver
FR,h5637,0.21007476842912584,scr2010,avaConv,runOfRiver
FR,h5638,0.21007476842912584,scr2010,avaConv,runOfRiver
FR,h5639,0.21007476842912584,scr2010,avaConv,runOfRiver
FR,h5640,0.21007476842912584,scr2010,avaConv,runOfRiver
FR,h5641,0.2094449240161088,scr2010,avaConv,runOfRiver
FR,h5642,0.20881507979250502,scr2010,avaConv,runOfRiver
FR,h5643,0.2081852357588858,scr2010,avaConv,runOfRiver
FR,h5644,0.2081852357588858,scr2010,avaConv,runOfRiver
FR,h5645,0.2081852357588858,scr2010,avaConv,runOfRiver
FR,h5646,0.2081852357588858,scr2010,avaConv,runOfRiver
FR,h5647,0.2081852357588858,scr2010,avaConv,runOfRiver
FR,h5648,0.2081852357588858,scr2010,avaConv,runOfRiver
FR,h5649,0.2081852357588858,scr2010,avaConv,runOfRiver
FR,h5650,0.2081852357588858,scr2010,avaConv,runOfRiver
FR,h5651,0.2081852357588858,scr2010,avaConv,runOfRiver
FR,h5652,0.2081852357588858,scr2010,avaConv,runOfRiver
FR,h5653,0.2081852357588858,scr2010,avaConv,runOfRiver
FR,h5654,0.2081852357588858,scr2010,avaConv,runOfRiver
FR,h5655,0.2081852357588858,scr2010,avaConv,runOfRiver
FR,h5656,0.2081852357588858,scr2010,avaConv,runOfRiver
FR,h5657,0.2081852357588858,scr2010,avaConv,runOfRiver
FR,h5658,0.2081852357588858,scr2010,avaConv,runOfRiver
FR,h5659,0.2081852357588858,scr2010,avaConv,runOfRiver
FR,h5660,0.2081852357588858,scr2010,avaConv,runOfRiver
FR,h5661,0.2081852357588858,scr2010,avaConv,runOfRiver
FR,h5662,0.2081852357588858,scr2010,avaConv,runOfRiver
FR,h5663,0.2081852357588858,scr2010,avaConv,runOfRiver
FR,h5664,0.2081852357588858,scr2010,avaConv,runOfRiver
FR,h5665,0.20793831596884704,scr2010,avaConv,runOfRiver
FR,h5666,0.20769139620813004,scr2010,avaConv,runOfRiver
FR,h5667,0.20744447647676978,scr2010,avaConv,runOfRiver
FR,h5668,0.20744447647676978,scr2010,avaConv,runOfRiver
FR,h5669,0.20744447647676978,scr2010,avaConv,runOfRiver
FR,h5670,0.20744447647676978,scr2010,avaConv,runOfRiver
FR,h5671,0.20744447647676978,scr2010,avaConv,runOfRiver
FR,h5672,0.20744447647676978,scr2010,avaConv,runOfRiver
FR,h5673,0.20744447647676978,scr2010,avaConv,runOfRiver
FR,h5674,0.20744447647676978,scr2010,avaConv,runOfRiver
FR,h5675,0.20744447647676978,scr2010,avaConv,runOfRiver
FR,h5676,0.20744447647676978,scr2010,avaConv,runOfRiver
FR,h5677,0.20744447647676978,scr2010,avaConv,runOfRiver
FR,h5678,0.20744447647676978,scr2010,avaConv,runOfRiver
FR,h5679,0.20744447647676978,scr2010,avaConv,runOfRiver
FR,h5680,0.20744447647676978,scr2010,avaConv,runOfRiver
FR,h5681,0.20744447647676978,scr2010,avaConv,runOfRiver
FR,h5682,0.20744447647676978,scr2010,avaConv,runOfRiver
FR,h5683,0.20744447647676978,scr2010,avaConv,runOfRiver
FR,h5684,0.20744447647676978,scr2010,avaConv,runOfRiver
FR,h5685,0.20744447647676978,scr2010,avaConv,runOfRiver
FR,h5686,0.20744447647676978,scr2010,avaConv,runOfRiver
FR,h5687,0.20744447647676978,scr2010,avaConv,runOfRiver
FR,h5688,0.20744447647676978,scr2010,avaConv,runOfRiver
FR,h5689,0.20652726614224334,scr2010,avaConv,runOfRiver
FR,h5690,0.20561005621507428,scr2010,avaConv,runOfRiver
FR,h5691,0.20469284669707977,scr2010,avaConv,runOfRiver
FR,h5692,0.20469284669707977,scr2010,avaConv,runOfRiver
FR,h5693,0.20469284669707977,scr2010,avaConv,runOfRiver
FR,h5694,0.20469284669707977,scr2010,avaConv,runOfRiver
FR,h5695,0.20469284669707977,scr2010,avaConv,runOfRiver
FR,h5696,0.20469284669707977,scr2010,avaConv,runOfRiver
FR,h5697,0.20469284669707977,scr2010,avaConv,runOfRiver
FR,h5698,0.20469284669707977,scr2010,avaConv,runOfRiver
FR,h5699,0.20469284669707977,scr2010,avaConv,runOfRiver
FR,h5700,0.20469284669707977,scr2010,avaConv,runOfRiver
FR,h5701,0.20469284669707977,scr2010,avaConv,runOfRiver
FR,h5702,0.20469284669707977,scr2010,avaConv,runOfRiver
FR,h5703,0.20469284669707977,scr2010,avaConv,runOfRiver
FR,h5704,0.20469284669707977,scr2010,avaConv,runOfRiver
FR,h5705,0.20469284669707977,scr2010,avaConv,runOfRiver
FR,h5706,0.20469284669707977,scr2010,avaConv,runOfRiver
FR,h5707,0.20469284669707977,scr2010,avaConv,runOfRiver
FR,h5708,0.20469284669707977,scr2010,avaConv,runOfRiver
FR,h5709,0.20469284669707977,scr2010,avaConv,runOfRiver
FR,h5710,0.20469284669707977,scr2010,avaConv,runOfRiver
FR,h5711,0.20469284669707977,scr2010,avaConv,runOfRiver
FR,h5712,0.20469284669707977,scr2010,avaConv,runOfRiver
FR,h5713,0.20341574681801536,scr2010,avaConv,runOfRiver
FR,h5714,0.20213864774078133,scr2010,avaConv,runOfRiver
FR,h5715,0.2008615494704434,scr2010,avaConv,runOfRiver
FR,h5716,0.2008615494704434,scr2010,avaConv,runOfRiver
FR,h5717,0.2008615494704434,scr2010,avaConv,runOfRiver
FR,h5718,0.2008615494704434,scr2010,avaConv,runOfRiver
FR,h5719,0.2008615494704434,scr2010,avaConv,runOfRiver
FR,h5720,0.2008615494704434,scr2010,avaConv,runOfRiver
FR,h5721,0.2008615494704434,scr2010,avaConv,runOfRiver
FR,h5722,0.2008615494704434,scr2010,avaConv,runOfRiver
FR,h5723,0.2008615494704434,scr2010,avaConv,runOfRiver
FR,h5724,0.2008615494704434,scr2010,avaConv,runOfRiver
FR,h5725,0.2008615494704434,scr2010,avaConv,runOfRiver
FR,h5726,0.2008615494704434,scr2010,avaConv,runOfRiver
FR,h5727,0.2008615494704434,scr2010,avaConv,runOfRiver
FR,h5728,0.2008615494704434,scr2010,avaConv,runOfRiver
FR,h5729,0.2008615494704434,scr2010,avaConv,runOfRiver
FR,h5730,0.2008615494704434,scr2010,avaConv,runOfRiver
FR,h5731,0.2008615494704434,scr2010,avaConv,runOfRiver
FR,h5732,0.2008615494704434,scr2010,avaConv,runOfRiver
FR,h5733,0.2008615494704434,scr2010,avaConv,runOfRiver
FR,h5734,0.2008615494704434,scr2010,avaConv,runOfRiver
FR,h5735,0.2008615494704434,scr2010,avaConv,runOfRiver
FR,h5736,0.2008615494704434,scr2010,avaConv,runOfRiver
FR,h5737,0.19974988137976,scr2010,avaConv,runOfRiver
FR,h5738,0.19863821390777875,scr2010,avaConv,runOfRiver
FR,h5739,0.19752654705796197,scr2010,avaConv,runOfRiver
FR,h5740,0.19752654705796197,scr2010,avaConv,runOfRiver
FR,h5741,0.19752654705796197,scr2010,avaConv,runOfRiver
FR,h5742,0.19752654705796197,scr2010,avaConv,runOfRiver
FR,h5743,0.19752654705796197,scr2010,avaConv,runOfRiver
FR,h5744,0.19752654705796197,scr2010,avaConv,runOfRiver
FR,h5745,0.19752654705796197,scr2010,avaConv,runOfRiver
FR,h5746,0.19752654705796197,scr2010,avaConv,runOfRiver
FR,h5747,0.19752654705796197,scr2010,avaConv,runOfRiver
FR,h5748,0.19752654705796197,scr2010,avaConv,runOfRiver
FR,h5749,0.19752654705796197,scr2010,avaConv,runOfRiver
FR,h5750,0.19752654705796197,scr2010,avaConv,runOfRiver
FR,h5751,0.19752654705796197,scr2010,avaConv,runOfRiver
FR,h5752,0.19752654705796197,scr2010,avaConv,runOfRiver
FR,h5753,0.19752654705796197,scr2010,avaConv,runOfRiver
FR,h5754,0.19752654705796197,scr2010,avaConv,runOfRiver
FR,h5755,0.19752654705796197,scr2010,avaConv,runOfRiver
FR,h5756,0.19752654705796197,scr2010,avaConv,runOfRiver
FR,h5757,0.19752654705796197,scr2010,avaConv,runOfRiver
FR,h5758,0.19752654705796197,scr2010,avaConv,runOfRiver
FR,h5759,0.19752654705796197,scr2010,avaConv,runOfRiver
FR,h5760,0.19752654705796197,scr2010,avaConv,runOfRiver
FR,h5761,0.19640945954735206,scr2010,avaConv,runOfRiver
FR,h5762,0.19529237267211844,scr2010,avaConv,runOfRiver
FR,h5763,0.19417528643589524,scr2010,avaConv,runOfRiver
FR,h5764,0.19417528643589524,scr2010,avaConv,runOfRiver
FR,h5765,0.19417528643589524,scr2010,avaConv,runOfRiver
FR,h5766,0.19417528643589524,scr2010,avaConv,runOfRiver
FR,h5767,0.19417528643589524,scr2010,avaConv,runOfRiver
FR,h5768,0.19417528643589524,scr2010,avaConv,runOfRiver
FR,h5769,0.19417528643589524,scr2010,avaConv,runOfRiver
FR,h5770,0.19417528643589524,scr2010,avaConv,runOfRiver
FR,h5771,0.19417528643589524,scr2010,avaConv,runOfRiver
FR,h5772,0.19417528643589524,scr2010,avaConv,runOfRiver
FR,h5773,0.19417528643589524,scr2010,avaConv,runOfRiver
FR,h5774,0.19417528643589524,scr2010,avaConv,runOfRiver
FR,h5775,0.19417528643589524,scr2010,avaConv,runOfRiver
FR,h5776,0.19417528643589524,scr2010,avaConv,runOfRiver
FR,h5777,0.19417528643589524,scr2010,avaConv,runOfRiver
FR,h5778,0.19417528643589524,scr2010,avaConv,runOfRiver
FR,h5779,0.19417528643589524,scr2010,avaConv,runOfRiver
FR,h5780,0.19417528643589524,scr2010,avaConv,runOfRiver
FR,h5781,0.19417528643589524,scr2010,avaConv,runOfRiver
FR,h5782,0.19417528643589524,scr2010,avaConv,runOfRiver
FR,h5783,0.19417528643589524,scr2010,avaConv,runOfRiver
FR,h5784,0.19417528643589524,scr2010,avaConv,runOfRiver
FR,h5785,0.1926337396725859,scr2010,avaConv,runOfRiver
FR,h5786,0.19109219414295908,scr2010,avaConv,runOfRiver
FR,h5787,0.1895506498569665,scr2010,avaConv,runOfRiver
FR,h5788,0.1895506498569665,scr2010,avaConv,runOfRiver
FR,h5789,0.1895506498569665,scr2010,avaConv,runOfRiver
FR,h5790,0.1895506498569665,scr2010,avaConv,runOfRiver
FR,h5791,0.1895506498569665,scr2010,avaConv,runOfRiver
FR,h5792,0.1895506498569665,scr2010,avaConv,runOfRiver
FR,h5793,0.1895506498569665,scr2010,avaConv,runOfRiver
FR,h5794,0.1895506498569665,scr2010,avaConv,runOfRiver
FR,h5795,0.1895506498569665,scr2010,avaConv,runOfRiver
FR,h5796,0.1895506498569665,scr2010,avaConv,runOfRiver
FR,h5797,0.1895506498569665,scr2010,avaConv,runOfRiver
FR,h5798,0.1895506498569665,scr2010,avaConv,runOfRiver
FR,h5799,0.1895506498569665,scr2010,avaConv,runOfRiver
FR,h5800,0.1895506498569665,scr2010,avaConv,runOfRiver
FR,h5801,0.1895506498569665,scr2010,avaConv,runOfRiver
FR,h5802,0.1895506498569665,scr2010,avaConv,runOfRiver
FR,h5803,0.1895506498569665,scr2010,avaConv,runOfRiver
FR,h5804,0.1895506498569665,scr2010,avaConv,runOfRiver
FR,h5805,0.1895506498569665,scr2010,avaConv,runOfRiver
FR,h5806,0.1895506498569665,scr2010,avaConv,runOfRiver
FR,h5807,0.1895506498569665,scr2010,avaConv,runOfRiver
FR,h5808,0.1895506498569665,scr2010,avaConv,runOfRiver
FR,h5809,0.1889455620901505,scr2010,avaConv,runOfRiver
FR,h5810,0.18834047451711933,scr2010,avaConv,runOfRiver
FR,h5811,0.1877353871384956,scr2010,avaConv,runOfRiver
FR,h5812,0.1877353871384956,scr2010,avaConv,runOfRiver
FR,h5813,0.1877353871384956,scr2010,avaConv,runOfRiver
FR,h5814,0.1877353871384956,scr2010,avaConv,runOfRiver
FR,h5815,0.1877353871384956,scr2010,avaConv,runOfRiver
FR,h5816,0.1877353871384956,scr2010,avaConv,runOfRiver
FR,h5817,0.1877353871384956,scr2010,avaConv,runOfRiver
FR,h5818,0.1877353871384956,scr2010,avaConv,runOfRiver
FR,h5819,0.1877353871384956,scr2010,avaConv,runOfRiver
FR,h5820,0.1877353871384956,scr2010,avaConv,runOfRiver
FR,h5821,0.1877353871384956,scr2010,avaConv,runOfRiver
FR,h5822,0.1877353871384956,scr2010,avaConv,runOfRiver
FR,h5823,0.1877353871384956,scr2010,avaConv,runOfRiver
FR,h5824,0.1877353871384956,scr2010,avaConv,runOfRiver
FR,h5825,0.1877353871384956,scr2010,avaConv,runOfRiver
FR,h5826,0.1877353871384956,scr2010,avaConv,runOfRiver
FR,h5827,0.1877353871384956,scr2010,avaConv,runOfRiver
FR,h5828,0.1877353871384956,scr2010,avaConv,runOfRiver
FR,h5829,0.1877353871384956,scr2010,avaConv,runOfRiver
FR,h5830,0.1877353871384956,scr2010,avaConv,runOfRiver
FR,h5831,0.1877353871384956,scr2010,avaConv,runOfRiver
FR,h5832,0.1877353871384956,scr2010,avaConv,runOfRiver
FR,h5833,0.18654405165007532,scr2010,avaConv,runOfRiver
FR,h5834,0.1853527169225233,scr2010,avaConv,runOfRiver
FR,h5835,0.18416138296072984,scr2010,avaConv,runOfRiver
FR,h5836,0.18416138296072984,scr2010,avaConv,runOfRiver
FR,h5837,0.18416138296072984,scr2010,avaConv,runOfRiver
FR,h5838,0.18416138296072984,scr2010,avaConv,runOfRiver
FR,h5839,0.18416138296072984,scr2010,avaConv,runOfRiver
FR,h5840,0.18416138296072984,scr2010,avaConv,runOfRiver
FR,h5841,0.18416138296072984,scr2010,avaConv,runOfRiver
FR,h5842,0.18416138296072984,scr2010,avaConv,runOfRiver
FR,h5843,0.18416138296072984,scr2010,avaConv,runOfRiver
FR,h5844,0.18416138296072984,scr2010,avaConv,runOfRiver
FR,h5845,0.18416138296072984,scr2010,avaConv,runOfRiver
FR,h5846,0.18416138296072984,scr2010,avaConv,runOfRiver
FR,h5847,0.18416138296072984,scr2010,avaConv,runOfRiver
FR,h5848,0.18416138296072984,scr2010,avaConv,runOfRiver
FR,h5849,0.18416138296072984,scr2010,avaConv,runOfRiver
FR,h5850,0.18416138296072984,scr2010,avaConv,runOfRiver
FR,h5851,0.18416138296072984,scr2010,avaConv,runOfRiver
FR,h5852,0.18416138296072984,scr2010,avaConv,runOfRiver
FR,h5853,0.18416138296072984,scr2010,avaConv,runOfRiver
FR,h5854,0.18416138296072984,scr2010,avaConv,runOfRiver
FR,h5855,0.18416138296072984,scr2010,avaConv,runOfRiver
FR,h5856,0.18416138296072984,scr2010,avaConv,runOfRiver
FR,h5857,0.18323643635622366,scr2010,avaConv,runOfRiver
FR,h5858,0.18231149021863943,scr2010,avaConv,runOfRiver
FR,h5859,0.18138654455034603,scr2010,avaConv,runOfRiver
FR,h5860,0.18138654455034603,scr2010,avaConv,runOfRiver
FR,h5861,0.18138654455034603,scr2010,avaConv,runOfRiver
FR,h5862,0.18138654455034603,scr2010,avaConv,runOfRiver
FR,h5863,0.18138654455034603,scr2010,avaConv,runOfRiver
FR,h5864,0.18138654455034603,scr2010,avaConv,runOfRiver
FR,h5865,0.18138654455034603,scr2010,avaConv,runOfRiver
FR,h5866,0.18138654455034603,scr2010,avaConv,runOfRiver
FR,h5867,0.18138654455034603,scr2010,avaConv,runOfRiver
FR,h5868,0.18138654455034603,scr2010,avaConv,runOfRiver
FR,h5869,0.18138654455034603,scr2010,avaConv,runOfRiver
FR,h5870,0.18138654455034603,scr2010,avaConv,runOfRiver
FR,h5871,0.18138654455034603,scr2010,avaConv,runOfRiver
FR,h5872,0.18138654455034603,scr2010,avaConv,runOfRiver
FR,h5873,0.18138654455034603,scr2010,avaConv,runOfRiver
FR,h5874,0.18138654455034603,scr2010,avaConv,runOfRiver
FR,h5875,0.18138654455034603,scr2010,avaConv,runOfRiver
FR,h5876,0.18138654455034603,scr2010,avaConv,runOfRiver
FR,h5877,0.18138654455034603,scr2010,avaConv,runOfRiver
FR,h5878,0.18138654455034603,scr2010,avaConv,runOfRiver
FR,h5879,0.18138654455034603,scr2010,avaConv,runOfRiver
FR,h5880,0.18138654455034603,scr2010,avaConv,runOfRiver
FR,h5881,0.1814586569729922,scr2010,avaConv,runOfRiver
FR,h5882,0.18153076939850432,scr2010,avaConv,runOfRiver
FR,h5883,0.18160288182688117,scr2010,avaConv,runOfRiver
FR,h5884,0.18160288182688117,scr2010,avaConv,runOfRiver
FR,h5885,0.18160288182688117,scr2010,avaConv,runOfRiver
FR,h5886,0.18160288182688117,scr2010,avaConv,runOfRiver
FR,h5887,0.18160288182688117,scr2010,avaConv,runOfRiver
FR,h5888,0.18160288182688117,scr2010,avaConv,runOfRiver
FR,h5889,0.18160288182688117,scr2010,avaConv,runOfRiver
FR,h5890,0.18160288182688117,scr2010,avaConv,runOfRiver
FR,h5891,0.18160288182688117,scr2010,avaConv,runOfRiver
FR,h5892,0.18160288182688117,scr2010,avaConv,runOfRiver
FR,h5893,0.18160288182688117,scr2010,avaConv,runOfRiver
FR,h5894,0.18160288182688117,scr2010,avaConv,runOfRiver
FR,h5895,0.18160288182688117,scr2010,avaConv,runOfRiver
FR,h5896,0.18160288182688117,scr2010,avaConv,runOfRiver
FR,h5897,0.18160288182688117,scr2010,avaConv,runOfRiver
FR,h5898,0.18160288182688117,scr2010,avaConv,runOfRiver
FR,h5899,0.18160288182688117,scr2010,avaConv,runOfRiver
FR,h5900,0.18160288182688117,scr2010,avaConv,runOfRiver
FR,h5901,0.18160288182688117,scr2010,avaConv,runOfRiver
FR,h5902,0.18160288182688117,scr2010,avaConv,runOfRiver
FR,h5903,0.18160288182688117,scr2010,avaConv,runOfRiver
FR,h5904,0.18160288182688117,scr2010,avaConv,runOfRiver
FR,h5905,0.1818199783051847,scr2010,avaConv,runOfRiver
FR,h5906,0.1820370748094113,scr2010,avaConv,runOfRiver
FR,h5907,0.18225417133953004,scr2010,avaConv,runOfRiver
FR,h5908,0.18225417133953004,scr2010,avaConv,runOfRiver
FR,h5909,0.18225417133953004,scr2010,avaConv,runOfRiver
FR,h5910,0.18225417133953004,scr2010,avaConv,runOfRiver
FR,h5911,0.18225417133953004,scr2010,avaConv,runOfRiver
FR,h5912,0.18225417133953004,scr2010,avaConv,runOfRiver
FR,h5913,0.18225417133953004,scr2010,avaConv,runOfRiver
FR,h5914,0.18225417133953004,scr2010,avaConv,runOfRiver
FR,h5915,0.18225417133953004,scr2010,avaConv,runOfRiver
FR,h5916,0.18225417133953004,scr2010,avaConv,runOfRiver
FR,h5917,0.18225417133953004,scr2010,avaConv,runOfRiver
FR,h5918,0.18225417133953004,scr2010,avaConv,runOfRiver
FR,h5919,0.18225417133953004,scr2010,avaConv,runOfRiver
FR,h5920,0.18225417133953004,scr2010,avaConv,runOfRiver
FR,h5921,0.18225417133953004,scr2010,avaConv,runOfRiver
FR,h5922,0.18225417133953004,scr2010,avaConv,runOfRiver
FR,h5923,0.18225417133953004,scr2010,avaConv,runOfRiver
FR,h5924,0.18225417133953004,scr2010,avaConv,runOfRiver
FR,h5925,0.18225417133953004,scr2010,avaConv,runOfRiver
FR,h5926,0.18225417133953004,scr2010,avaConv,runOfRiver
FR,h5927,0.18225417133953004,scr2010,avaConv,runOfRiver
FR,h5928,0.18225417133953004,scr2010,avaConv,runOfRiver
FR,h5929,0.1820256429573844,scr2010,avaConv,runOfRiver
FR,h5930,0.1817971146039314,scr2010,avaConv,runOfRiver
FR,h5931,0.18156858627920697,scr2010,avaConv,runOfRiver
FR,h5932,0.18156858627920697,scr2010,avaConv,runOfRiver
FR,h5933,0.18156858627920697,scr2010,avaConv,runOfRiver
FR,h5934,0.18156858627920697,scr2010,avaConv,runOfRiver
FR,h5935,0.18156858627920697,scr2010,avaConv,runOfRiver
FR,h5936,0.18156858627920697,scr2010,avaConv,runOfRiver
FR,h5937,0.18156858627920697,scr2010,avaConv,runOfRiver
FR,h5938,0.18156858627920697,scr2010,avaConv,runOfRiver
FR,h5939,0.18156858627920697,scr2010,avaConv,runOfRiver
FR,h5940,0.18156858627920697,scr2010,avaConv,runOfRiver
FR,h5941,0.18156858627920697,scr2010,avaConv,runOfRiver
FR,h5942,0.18156858627920697,scr2010,avaConv,runOfRiver
FR,h5943,0.18156858627920697,scr2010,avaConv,runOfRiver
FR,h5944,0.18156858627920697,scr2010,avaConv,runOfRiver
FR,h5945,0.18156858627920697,scr2010,avaConv,runOfRiver
FR,h5946,0.18156858627920697,scr2010,avaConv,runOfRiver
FR,h5947,0.18156858627920697,scr2010,avaConv,runOfRiver
FR,h5948,0.18156858627920697,scr2010,avaConv,runOfRiver
FR,h5949,0.18156858627920697,scr2010,avaConv,runOfRiver
FR,h5950,0.18156858627920697,scr2010,avaConv,runOfRiver
FR,h5951,0.18156858627920697,scr2010,avaConv,runOfRiver
FR,h5952,0.18156858627920697,scr2010,avaConv,runOfRiver
FR,h5953,0.18116428025232634,scr2010,avaConv,runOfRiver
FR,h5954,0.1807599743156796,scr2010,avaConv,runOfRiver
FR,h5955,0.18035566846946874,scr2010,avaConv,runOfRiver
FR,h5956,0.18035566846946874,scr2010,avaConv,runOfRiver
FR,h5957,0.18035566846946874,scr2010,avaConv,runOfRiver
FR,h5958,0.18035566846946874,scr2010,avaConv,runOfRiver
FR,h5959,0.18035566846946874,scr2010,avaConv,runOfRiver
FR,h5960,0.18035566846946874,scr2010,avaConv,runOfRiver
FR,h5961,0.18035566846946874,scr2010,avaConv,runOfRiver
FR,h5962,0.18035566846946874,scr2010,avaConv,runOfRiver
FR,h5963,0.18035566846946874,scr2010,avaConv,runOfRiver
FR,h5964,0.18035566846946874,scr2010,avaConv,runOfRiver
FR,h5965,0.18035566846946874,scr2010,avaConv,runOfRiver
FR,h5966,0.18035566846946874,scr2010,avaConv,runOfRiver
FR,h5967,0.18035566846946874,scr2010,avaConv,runOfRiver
FR,h5968,0.18035566846946874,scr2010,avaConv,runOfRiver
FR,h5969,0.18035566846946874,scr2010,avaConv,runOfRiver
FR,h5970,0.18035566846946874,scr2010,avaConv,runOfRiver
FR,h5971,0.18035566846946874,scr2010,avaConv,runOfRiver
FR,h5972,0.18035566846946874,scr2010,avaConv,runOfRiver
FR,h5973,0.18035566846946874,scr2010,avaConv,runOfRiver
FR,h5974,0.18035566846946874,scr2010,avaConv,runOfRiver
FR,h5975,0.18035566846946874,scr2010,avaConv,runOfRiver
FR,h5976,0.18035566846946874,scr2010,avaConv,runOfRiver
FR,h5977,0.17956117103569919,scr2010,avaConv,runOfRiver
FR,h5978,0.1787666739534871,scr2010,avaConv,runOfRiver
FR,h5979,0.17797217722439485,scr2010,avaConv,runOfRiver
FR,h5980,0.17797217722439485,scr2010,avaConv,runOfRiver
FR,h5981,0.17797217722439485,scr2010,avaConv,runOfRiver
FR,h5982,0.17797217722439485,scr2010,avaConv,runOfRiver
FR,h5983,0.17797217722439485,scr2010,avaConv,runOfRiver
FR,h5984,0.17797217722439485,scr2010,avaConv,runOfRiver
FR,h5985,0.17797217722439485,scr2010,avaConv,runOfRiver
FR,h5986,0.17797217722439485,scr2010,avaConv,runOfRiver
FR,h5987,0.17797217722439485,scr2010,avaConv,runOfRiver
FR,h5988,0.17797217722439485,scr2010,avaConv,runOfRiver
FR,h5989,0.17797217722439485,scr2010,avaConv,runOfRiver
FR,h5990,0.17797217722439485,scr2010,avaConv,runOfRiver
FR,h5991,0.17797217722439485,scr2010,avaConv,runOfRiver
FR,h5992,0.17797217722439485,scr2010,avaConv,runOfRiver
FR,h5993,0.17797217722439485,scr2010,avaConv,runOfRiver
FR,h5994,0.17797217722439485,scr2010,avaConv,runOfRiver
FR,h5995,0.17797217722439485,scr2010,avaConv,runOfRiver
FR,h5996,0.17797217722439485,scr2010,avaConv,runOfRiver
FR,h5997,0.17797217722439485,scr2010,avaConv,runOfRiver
FR,h5998,0.17797217722439485,scr2010,avaConv,runOfRiver
FR,h5999,0.17797217722439485,scr2010,avaConv,runOfRiver
FR,h6000,0.17797217722439485,scr2010,avaConv,runOfRiver
FR,h6001,0.17711548055181991,scr2010,avaConv,runOfRiver
FR,h6002,0.1762587842936477,scr2010,avaConv,runOfRiver
FR,h6003,0.17540208845189226,scr2010,avaConv,runOfRiver
FR,h6004,0.17540208845189226,scr2010,avaConv,runOfRiver
FR,h6005,0.17540208845189226,scr2010,avaConv,runOfRiver
FR,h6006,0.17540208845189226,scr2010,avaConv,runOfRiver
FR,h6007,0.17540208845189226,scr2010,avaConv,runOfRiver
FR,h6008,0.17540208845189226,scr2010,avaConv,runOfRiver
FR,h6009,0.17540208845189226,scr2010,avaConv,runOfRiver
FR,h6010,0.17540208845189226,scr2010,avaConv,runOfRiver
FR,h6011,0.17540208845189226,scr2010,avaConv,runOfRiver
FR,h6012,0.17540208845189226,scr2010,avaConv,runOfRiver
FR,h6013,0.17540208845189226,scr2010,avaConv,runOfRiver
FR,h6014,0.17540208845189226,scr2010,avaConv,runOfRiver
FR,h6015,0.17540208845189226,scr2010,avaConv,runOfRiver
FR,h6016,0.17540208845189226,scr2010,avaConv,runOfRiver
FR,h6017,0.17540208845189226,scr2010,avaConv,runOfRiver
FR,h6018,0.17540208845189226,scr2010,avaConv,runOfRiver
FR,h6019,0.17540208845189226,scr2010,avaConv,runOfRiver
FR,h6020,0.17540208845189226,scr2010,avaConv,runOfRiver
FR,h6021,0.17540208845189226,scr2010,avaConv,runOfRiver
FR,h6022,0.17540208845189226,scr2010,avaConv,runOfRiver
FR,h6023,0.17540208845189226,scr2010,avaConv,runOfRiver
FR,h6024,0.17540208845189226,scr2010,avaConv,runOfRiver
FR,h6025,0.17413042286463315,scr2010,avaConv,runOfRiver
FR,h6026,0.1728587582061251,scr2010,avaConv,runOfRiver
FR,h6027,0.17158709448320048,scr2010,avaConv,runOfRiver
FR,h6028,0.17158709448320048,scr2010,avaConv,runOfRiver
FR,h6029,0.17158709448320048,scr2010,avaConv,runOfRiver
FR,h6030,0.17158709448320048,scr2010,avaConv,runOfRiver
FR,h6031,0.17158709448320048,scr2010,avaConv,runOfRiver
FR,h6032,0.17158709448320048,scr2010,avaConv,runOfRiver
FR,h6033,0.17158709448320048,scr2010,avaConv,runOfRiver
FR,h6034,0.17158709448320048,scr2010,avaConv,runOfRiver
FR,h6035,0.17158709448320048,scr2010,avaConv,runOfRiver
FR,h6036,0.17158709448320048,scr2010,avaConv,runOfRiver
FR,h6037,0.17158709448320048,scr2010,avaConv,runOfRiver
FR,h6038,0.17158709448320048,scr2010,avaConv,runOfRiver
FR,h6039,0.17158709448320048,scr2010,avaConv,runOfRiver
FR,h6040,0.17158709448320048,scr2010,avaConv,runOfRiver
FR,h6041,0.17158709448320048,scr2010,avaConv,runOfRiver
FR,h6042,0.17158709448320048,scr2010,avaConv,runOfRiver
FR,h6043,0.17158709448320048,scr2010,avaConv,runOfRiver
FR,h6044,0.17158709448320048,scr2010,avaConv,runOfRiver
FR,h6045,0.17158709448320048,scr2010,avaConv,runOfRiver
FR,h6046,0.17158709448320048,scr2010,avaConv,runOfRiver
FR,h6047,0.17158709448320048,scr2010,avaConv,runOfRiver
FR,h6048,0.17158709448320048,scr2010,avaConv,runOfRiver
FR,h6049,0.17062850469338264,scr2010,avaConv,runOfRiver
FR,h6050,0.16966991544213475,scr2010,avaConv,runOfRiver
FR,h6051,0.16871132673249933,scr2010,avaConv,runOfRiver
FR,h6052,0.16871132673249933,scr2010,avaConv,runOfRiver
FR,h6053,0.16871132673249933,scr2010,avaConv,runOfRiver
FR,h6054,0.16871132673249933,scr2010,avaConv,runOfRiver
FR,h6055,0.16871132673249933,scr2010,avaConv,runOfRiver
FR,h6056,0.16871132673249933,scr2010,avaConv,runOfRiver
FR,h6057,0.16871132673249933,scr2010,avaConv,runOfRiver
FR,h6058,0.16871132673249933,scr2010,avaConv,runOfRiver
FR,h6059,0.16871132673249933,scr2010,avaConv,runOfRiver
FR,h6060,0.16871132673249933,scr2010,avaConv,runOfRiver
FR,h6061,0.16871132673249933,scr2010,avaConv,runOfRiver
FR,h6062,0.16871132673249933,scr2010,avaConv,runOfRiver
FR,h6063,0.16871132673249933,scr2010,avaConv,runOfRiver
FR,h6064,0.16871132673249933,scr2010,avaConv,runOfRiver
FR,h6065,0.16871132673249933,scr2010,avaConv,runOfRiver
FR,h6066,0.16871132673249933,scr2010,avaConv,runOfRiver
FR,h6067,0.16871132673249933,scr2010,avaConv,runOfRiver
FR,h6068,0.16871132673249933,scr2010,avaConv,runOfRiver
FR,h6069,0.16871132673249933,scr2010,avaConv,runOfRiver
FR,h6070,0.16871132673249933,scr2010,avaConv,runOfRiver
FR,h6071,0.16871132673249933,scr2010,avaConv,runOfRiver
FR,h6072,0.16871132673249933,scr2010,avaConv,runOfRiver
FR,h6073,0.16862323180349392,scr2010,avaConv,runOfRiver
FR,h6074,0.16853513687909116,scr2010,avaConv,runOfRiver
FR,h6075,0.1684470419592935,scr2010,avaConv,runOfRiver
FR,h6076,0.1684470419592935,scr2010,avaConv,runOfRiver
FR,h6077,0.1684470419592935,scr2010,avaConv,runOfRiver
FR,h6078,0.1684470419592935,scr2010,avaConv,runOfRiver
FR,h6079,0.1684470419592935,scr2010,avaConv,runOfRiver
FR,h6080,0.1684470419592935,scr2010,avaConv,runOfRiver
FR,h6081,0.1684470419592935,scr2010,avaConv,runOfRiver
FR,h6082,0.1684470419592935,scr2010,avaConv,runOfRiver
FR,h6083,0.1684470419592935,scr2010,avaConv,runOfRiver
FR,h6084,0.1684470419592935,scr2010,avaConv,runOfRiver
FR,h6085,0.1684470419592935,scr2010,avaConv,runOfRiver
FR,h6086,0.1684470419592935,scr2010,avaConv,runOfRiver
FR,h6087,0.1684470419592935,scr2010,avaConv,runOfRiver
FR,h6088,0.1684470419592935,scr2010,avaConv,runOfRiver
FR,h6089,0.1684470419592935,scr2010,avaConv,runOfRiver
FR,h6090,0.1684470419592935,scr2010,avaConv,runOfRiver
FR,h6091,0.1684470419592935,scr2010,avaConv,runOfRiver
FR,h6092,0.1684470419592935,scr2010,avaConv,runOfRiver
FR,h6093,0.1684470419592935,scr2010,avaConv,runOfRiver
FR,h6094,0.1684470419592935,scr2010,avaConv,runOfRiver
FR,h6095,0.1684470419592935,scr2010,avaConv,runOfRiver
FR,h6096,0.1684470419592935,scr2010,avaConv,runOfRiver
FR,h6097,0.16794884879620847,scr2010,avaConv,runOfRiver
FR,h6098,0.1674506557809138,scr2010,avaConv,runOfRiver
FR,h6099,0.1669524629138491,scr2010,avaConv,runOfRiver
FR,h6100,0.1669524629138491,scr2010,avaConv,runOfRiver
FR,h6101,0.1669524629138491,scr2010,avaConv,runOfRiver
FR,h6102,0.1669524629138491,scr2010,avaConv,runOfRiver
FR,h6103,0.1669524629138491,scr2010,avaConv,runOfRiver
FR,h6104,0.1669524629138491,scr2010,avaConv,runOfRiver
FR,h6105,0.1669524629138491,scr2010,avaConv,runOfRiver
FR,h6106,0.1669524629138491,scr2010,avaConv,runOfRiver
FR,h6107,0.1669524629138491,scr2010,avaConv,runOfRiver
FR,h6108,0.1669524629138491,scr2010,avaConv,runOfRiver
FR,h6109,0.1669524629138491,scr2010,avaConv,runOfRiver
FR,h6110,0.1669524629138491,scr2010,avaConv,runOfRiver
FR,h6111,0.1669524629138491,scr2010,avaConv,runOfRiver
FR,h6112,0.1669524629138491,scr2010,avaConv,runOfRiver
FR,h6113,0.1669524629138491,scr2010,avaConv,runOfRiver
FR,h6114,0.1669524629138491,scr2010,avaConv,runOfRiver
FR,h6115,0.1669524629138491,scr2010,avaConv,runOfRiver
FR,h6116,0.1669524629138491,scr2010,avaConv,runOfRiver
FR,h6117,0.1669524629138491,scr2010,avaConv,runOfRiver
FR,h6118,0.1669524629138491,scr2010,avaConv,runOfRiver
FR,h6119,0.1669524629138491,scr2010,avaConv,runOfRiver
FR,h6120,0.1669524629138491,scr2010,avaConv,runOfRiver
FR,h6121,0.1673234037303943,scr2010,avaConv,runOfRiver
FR,h6122,0.167694344629179,scr2010,avaConv,runOfRiver
FR,h6123,0.1680652856100212,scr2010,avaConv,runOfRiver
FR,h6124,0.1680652856100212,scr2010,avaConv,runOfRiver
FR,h6125,0.1680652856100212,scr2010,avaConv,runOfRiver
FR,h6126,0.1680652856100212,scr2010,avaConv,runOfRiver
FR,h6127,0.1680652856100212,scr2010,avaConv,runOfRiver
FR,h6128,0.1680652856100212,scr2010,avaConv,runOfRiver
FR,h6129,0.1680652856100212,scr2010,avaConv,runOfRiver
FR,h6130,0.1680652856100212,scr2010,avaConv,runOfRiver
FR,h6131,0.1680652856100212,scr2010,avaConv,runOfRiver
FR,h6132,0.1680652856100212,scr2010,avaConv,runOfRiver
FR,h6133,0.1680652856100212,scr2010,avaConv,runOfRiver
FR,h6134,0.1680652856100212,scr2010,avaConv,runOfRiver
FR,h6135,0.1680652856100212,scr2010,avaConv,runOfRiver
FR,h6136,0.1680652856100212,scr2010,avaConv,runOfRiver
FR,h6137,0.1680652856100212,scr2010,avaConv,runOfRiver
FR,h6138,0.1680652856100212,scr2010,avaConv,runOfRiver
FR,h6139,0.1680652856100212,scr2010,avaConv,runOfRiver
FR,h6140,0.1680652856100212,scr2010,avaConv,runOfRiver
FR,h6141,0.1680652856100212,scr2010,avaConv,runOfRiver
FR,h6142,0.1680652856100212,scr2010,avaConv,runOfRiver
FR,h6143,0.1680652856100212,scr2010,avaConv,runOfRiver
FR,h6144,0.1680652856100212,scr2010,avaConv,runOfRiver
FR,h6145,0.16791921063946455,scr2010,avaConv,runOfRiver
FR,h6146,0.1677731356816159,scr2010,avaConv,runOfRiver
FR,h6147,0.1676270607364864,scr2010,avaConv,runOfRiver
FR,h6148,0.1676270607364864,scr2010,avaConv,runOfRiver
FR,h6149,0.1676270607364864,scr2010,avaConv,runOfRiver
FR,h6150,0.1676270607364864,scr2010,avaConv,runOfRiver
FR,h6151,0.1676270607364864,scr2010,avaConv,runOfRiver
FR,h6152,0.1676270607364864,scr2010,avaConv,runOfRiver
FR,h6153,0.1676270607364864,scr2010,avaConv,runOfRiver
FR,h6154,0.1676270607364864,scr2010,avaConv,runOfRiver
FR,h6155,0.1676270607364864,scr2010,avaConv,runOfRiver
FR,h6156,0.1676270607364864,scr2010,avaConv,runOfRiver
FR,h6157,0.1676270607364864,scr2010,avaConv,runOfRiver
FR,h6158,0.1676270607364864,scr2010,avaConv,runOfRiver
FR,h6159,0.1676270607364864,scr2010,avaConv,runOfRiver
FR,h6160,0.1676270607364864,scr2010,avaConv,runOfRiver
FR,h6161,0.1676270607364864,scr2010,avaConv,runOfRiver
FR,h6162,0.1676270607364864,scr2010,avaConv,runOfRiver
FR,h6163,0.1676270607364864,scr2010,avaConv,runOfRiver
FR,h6164,0.1676270607364864,scr2010,avaConv,runOfRiver
FR,h6165,0.1676270607364864,scr2010,avaConv,runOfRiver
FR,h6166,0.1676270607364864,scr2010,avaConv,runOfRiver
FR,h6167,0.1676270607364864,scr2010,avaConv,runOfRiver
FR,h6168,0.1676270607364864,scr2010,avaConv,runOfRiver
FR,h6169,0.1667553945687853,scr2010,avaConv,runOfRiver
FR,h6170,0.16588372885675362,scr2010,avaConv,runOfRiver
FR,h6171,0.1650120636027856,scr2010,avaConv,runOfRiver
FR,h6172,0.1650120636027856,scr2010,avaConv,runOfRiver
FR,h6173,0.1650120636027856,scr2010,avaConv,runOfRiver
FR,h6174,0.1650120636027856,scr2010,avaConv,runOfRiver
FR,h6175,0.1650120636027856,scr2010,avaConv,runOfRiver
FR,h6176,0.1650120636027856,scr2010,avaConv,runOfRiver
FR,h6177,0.1650120636027856,scr2010,avaConv,runOfRiver
FR,h6178,0.1650120636027856,scr2010,avaConv,runOfRiver
FR,h6179,0.1650120636027856,scr2010,avaConv,runOfRiver
FR,h6180,0.1650120636027856,scr2010,avaConv,runOfRiver
FR,h6181,0.1650120636027856,scr2010,avaConv,runOfRiver
FR,h6182,0.1650120636027856,scr2010,avaConv,runOfRiver
FR,h6183,0.1650120636027856,scr2010,avaConv,runOfRiver
FR,h6184,0.1650120636027856,scr2010,avaConv,runOfRiver
FR,h6185,0.1650120636027856,scr2010,avaConv,runOfRiver
FR,h6186,0.1650120636027856,scr2010,avaConv,runOfRiver
FR,h6187,0.1650120636027856,scr2010,avaConv,runOfRiver
FR,h6188,0.1650120636027856,scr2010,avaConv,runOfRiver
FR,h6189,0.1650120636027856,scr2010,avaConv,runOfRiver
FR,h6190,0.1650120636027856,scr2010,avaConv,runOfRiver
FR,h6191,0.1650120636027856,scr2010,avaConv,runOfRiver
FR,h6192,0.1650120636027856,scr2010,avaConv,runOfRiver
FR,h6193,0.16502695989211597,scr2010,avaConv,runOfRiver
FR,h6194,0.16504185618158082,scr2010,avaConv,runOfRiver
FR,h6195,0.16505675247118012,scr2010,avaConv,runOfRiver
FR,h6196,0.16505675247118012,scr2010,avaConv,runOfRiver
FR,h6197,0.16505675247118012,scr2010,avaConv,runOfRiver
FR,h6198,0.16505675247118012,scr2010,avaConv,runOfRiver
FR,h6199,0.16505675247118012,scr2010,avaConv,runOfRiver
FR,h6200,0.16505675247118012,scr2010,avaConv,runOfRiver
FR,h6201,0.16505675247118012,scr2010,avaConv,runOfRiver
FR,h6202,0.16505675247118012,scr2010,avaConv,runOfRiver
FR,h6203,0.16505675247118012,scr2010,avaConv,runOfRiver
FR,h6204,0.16505675247118012,scr2010,avaConv,runOfRiver
FR,h6205,0.16505675247118012,scr2010,avaConv,runOfRiver
FR,h6206,0.16505675247118012,scr2010,avaConv,runOfRiver
FR,h6207,0.16505675247118012,scr2010,avaConv,runOfRiver
FR,h6208,0.16505675247118012,scr2010,avaConv,runOfRiver
FR,h6209,0.16505675247118012,scr2010,avaConv,runOfRiver
FR,h6210,0.16505675247118012,scr2010,avaConv,runOfRiver
FR,h6211,0.16505675247118012,scr2010,avaConv,runOfRiver
FR,h6212,0.16505675247118012,scr2010,avaConv,runOfRiver
FR,h6213,0.16505675247118012,scr2010,avaConv,runOfRiver
FR,h6214,0.16505675247118012,scr2010,avaConv,runOfRiver
FR,h6215,0.16505675247118012,scr2010,avaConv,runOfRiver
FR,h6216,0.16505675247118012,scr2010,avaConv,runOfRiver
FR,h6217,0.16547381965842176,scr2010,avaConv,runOfRiver
FR,h6218,0.16589088695078974,scr2010,avaConv,runOfRiver
FR,h6219,0.16630795434801976,scr2010,avaConv,runOfRiver
FR,h6220,0.16630795434801976,scr2010,avaConv,runOfRiver
FR,h6221,0.16630795434801976,scr2010,avaConv,runOfRiver
FR,h6222,0.16630795434801976,scr2010,avaConv,runOfRiver
FR,h6223,0.16630795434801976,scr2010,avaConv,runOfRiver
FR,h6224,0.16630795434801976,scr2010,avaConv,runOfRiver
FR,h6225,0.16630795434801976,scr2010,avaConv,runOfRiver
FR,h6226,0.16630795434801976,scr2010,avaConv,runOfRiver
FR,h6227,0.16630795434801976,scr2010,avaConv,runOfRiver
FR,h6228,0.16630795434801976,scr2010,avaConv,runOfRiver
FR,h6229,0.16630795434801976,scr2010,avaConv,runOfRiver
FR,h6230,0.16630795434801976,scr2010,avaConv,runOfRiver
FR,h6231,0.16630795434801976,scr2010,avaConv,runOfRiver
FR,h6232,0.16630795434801976,scr2010,avaConv,runOfRiver
FR,h6233,0.16630795434801976,scr2010,avaConv,runOfRiver
FR,h6234,0.16630795434801976,scr2010,avaConv,runOfRiver
FR,h6235,0.16630795434801976,scr2010,avaConv,runOfRiver
FR,h6236,0.16630795434801976,scr2010,avaConv,runOfRiver
FR,h6237,0.16630795434801976,scr2010,avaConv,runOfRiver
FR,h6238,0.16630795434801976,scr2010,avaConv,runOfRiver
FR,h6239,0.16630795434801976,scr2010,avaConv,runOfRiver
FR,h6240,0.16630795434801976,scr2010,avaConv,runOfRiver
FR,h6241,0.16711854822735184,scr2010,avaConv,runOfRiver
FR,h6242,0.16792914249988194,scr2010,avaConv,runOfRiver
FR,h6243,0.16873973716371218,scr2010,avaConv,runOfRiver
FR,h6244,0.16873973716371218,scr2010,avaConv,runOfRiver
FR,h6245,0.16873973716371218,scr2010,avaConv,runOfRiver
FR,h6246,0.16873973716371218,scr2010,avaConv,runOfRiver
FR,h6247,0.16873973716371218,scr2010,avaConv,runOfRiver
FR,h6248,0.16873973716371218,scr2010,avaConv,runOfRiver
FR,h6249,0.16873973716371218,scr2010,avaConv,runOfRiver
FR,h6250,0.16873973716371218,scr2010,avaConv,runOfRiver
FR,h6251,0.16873973716371218,scr2010,avaConv,runOfRiver
FR,h6252,0.16873973716371218,scr2010,avaConv,runOfRiver
FR,h6253,0.16873973716371218,scr2010,avaConv,runOfRiver
FR,h6254,0.16873973716371218,scr2010,avaConv,runOfRiver
FR,h6255,0.16873973716371218,scr2010,avaConv,runOfRiver
FR,h6256,0.16873973716371218,scr2010,avaConv,runOfRiver
FR,h6257,0.16873973716371218,scr2010,avaConv,runOfRiver
FR,h6258,0.16873973716371218,scr2010,avaConv,runOfRiver
FR,h6259,0.16873973716371218,scr2010,avaConv,runOfRiver
FR,h6260,0.16873973716371218,scr2010,avaConv,runOfRiver
FR,h6261,0.16873973716371218,scr2010,avaConv,runOfRiver
FR,h6262,0.16873973716371218,scr2010,avaConv,runOfRiver
FR,h6263,0.16873973716371218,scr2010,avaConv,runOfRiver
FR,h6264,0.16873973716371218,scr2010,avaConv,runOfRiver
FR,h6265,0.17015247867775116,scr2010,avaConv,runOfRiver
FR,h6266,0.1715652213648459,scr2010,avaConv,runOfRiver
FR,h6267,0.1729779652153372,scr2010,avaConv,runOfRiver
FR,h6268,0.1729779652153372,scr2010,avaConv,runOfRiver
FR,h6269,0.1729779652153372,scr2010,avaConv,runOfRiver
FR,h6270,0.1729779652153372,scr2010,avaConv,runOfRiver
FR,h6271,0.1729779652153372,scr2010,avaConv,runOfRiver
FR,h6272,0.1729779652153372,scr2010,avaConv,runOfRiver
FR,h6273,0.1729779652153372,scr2010,avaConv,runOfRiver
FR,h6274,0.1729779652153372,scr2010,avaConv,runOfRiver
FR,h6275,0.1729779652153372,scr2010,avaConv,runOfRiver
FR,h6276,0.1729779652153372,scr2010,avaConv,runOfRiver
FR,h6277,0.1729779652153372,scr2010,avaConv,runOfRiver
FR,h6278,0.1729779652153372,scr2010,avaConv,runOfRiver
FR,h6279,0.1729779652153372,scr2010,avaConv,runOfRiver
FR,h6280,0.1729779652153372,scr2010,avaConv,runOfRiver
FR,h6281,0.1729779652153372,scr2010,avaConv,runOfRiver
FR,h6282,0.1729779652153372,scr2010,avaConv,runOfRiver
FR,h6283,0.1729779652153372,scr2010,avaConv,runOfRiver
FR,h6284,0.1729779652153372,scr2010,avaConv,runOfRiver
FR,h6285,0.1729779652153372,scr2010,avaConv,runOfRiver
FR,h6286,0.1729779652153372,scr2010,avaConv,runOfRiver
FR,h6287,0.1729779652153372,scr2010,avaConv,runOfRiver
FR,h6288,0.1729779652153372,scr2010,avaConv,runOfRiver
FR,h6289,0.17451818633804164,scr2010,avaConv,runOfRiver
FR,h6290,0.17605840882017326,scr2010,avaConv,runOfRiver
FR,h6291,0.17759863264983944,scr2010,avaConv,runOfRiver
FR,h6292,0.17759863264983944,scr2010,avaConv,runOfRiver
FR,h6293,0.17759863264983944,scr2010,avaConv,runOfRiver
FR,h6294,0.17759863264983944,scr2010,avaConv,runOfRiver
FR,h6295,0.17759863264983944,scr2010,avaConv,runOfRiver
FR,h6296,0.17759863264983944,scr2010,avaConv,runOfRiver
FR,h6297,0.17759863264983944,scr2010,avaConv,runOfRiver
FR,h6298,0.17759863264983944,scr2010,avaConv,runOfRiver
FR,h6299,0.17759863264983944,scr2010,avaConv,runOfRiver
FR,h6300,0.17759863264983944,scr2010,avaConv,runOfRiver
FR,h6301,0.17759863264983944,scr2010,avaConv,runOfRiver
FR,h6302,0.17759863264983944,scr2010,avaConv,runOfRiver
FR,h6303,0.17759863264983944,scr2010,avaConv,runOfRiver
FR,h6304,0.17759863264983944,scr2010,avaConv,runOfRiver
FR,h6305,0.17759863264983944,scr2010,avaConv,runOfRiver
FR,h6306,0.17759863264983944,scr2010,avaConv,runOfRiver
FR,h6307,0.17759863264983944,scr2010,avaConv,runOfRiver
FR,h6308,0.17759863264983944,scr2010,avaConv,runOfRiver
FR,h6309,0.17759863264983944,scr2010,avaConv,runOfRiver
FR,h6310,0.17759863264983944,scr2010,avaConv,runOfRiver
FR,h6311,0.17759863264983944,scr2010,avaConv,runOfRiver
FR,h6312,0.17759863264983944,scr2010,avaConv,runOfRiver
FR,h6313,0.17851960744118733,scr2010,avaConv,runOfRiver
FR,h6314,0.17944058270768956,scr2010,avaConv,runOfRiver
FR,h6315,0.18036155844690743,scr2010,avaConv,runOfRiver
FR,h6316,0.18036155844690743,scr2010,avaConv,runOfRiver
FR,h6317,0.18036155844690743,scr2010,avaConv,runOfRiver
FR,h6318,0.18036155844690743,scr2010,avaConv,runOfRiver
FR,h6319,0.18036155844690743,scr2010,avaConv,runOfRiver
FR,h6320,0.18036155844690743,scr2010,avaConv,runOfRiver
FR,h6321,0.18036155844690743,scr2010,avaConv,runOfRiver
FR,h6322,0.18036155844690743,scr2010,avaConv,runOfRiver
FR,h6323,0.18036155844690743,scr2010,avaConv,runOfRiver
FR,h6324,0.18036155844690743,scr2010,avaConv,runOfRiver
FR,h6325,0.18036155844690743,scr2010,avaConv,runOfRiver
FR,h6326,0.18036155844690743,scr2010,avaConv,runOfRiver
FR,h6327,0.18036155844690743,scr2010,avaConv,runOfRiver
FR,h6328,0.18036155844690743,scr2010,avaConv,runOfRiver
FR,h6329,0.18036155844690743,scr2010,avaConv,runOfRiver
FR,h6330,0.18036155844690743,scr2010,avaConv,runOfRiver
FR,h6331,0.18036155844690743,scr2010,avaConv,runOfRiver
FR,h6332,0.18036155844690743,scr2010,avaConv,runOfRiver
FR,h6333,0.18036155844690743,scr2010,avaConv,runOfRiver
FR,h6334,0.18036155844690743,scr2010,avaConv,runOfRiver
FR,h6335,0.18036155844690743,scr2010,avaConv,runOfRiver
FR,h6336,0.18036155844690743,scr2010,avaConv,runOfRiver
FR,h6337,0.1809871640494632,scr2010,avaConv,runOfRiver
FR,h6338,0.18161276986827915,scr2010,avaConv,runOfRiver
FR,h6339,0.1822383759026103,scr2010,avaConv,runOfRiver
FR,h6340,0.1822383759026103,scr2010,avaConv,runOfRiver
FR,h6341,0.1822383759026103,scr2010,avaConv,runOfRiver
FR,h6342,0.1822383759026103,scr2010,avaConv,runOfRiver
FR,h6343,0.1822383759026103,scr2010,avaConv,runOfRiver
FR,h6344,0.1822383759026103,scr2010,avaConv,runOfRiver
FR,h6345,0.1822383759026103,scr2010,avaConv,runOfRiver
FR,h6346,0.1822383759026103,scr2010,avaConv,runOfRiver
FR,h6347,0.1822383759026103,scr2010,avaConv,runOfRiver
FR,h6348,0.1822383759026103,scr2010,avaConv,runOfRiver
FR,h6349,0.1822383759026103,scr2010,avaConv,runOfRiver
FR,h6350,0.1822383759026103,scr2010,avaConv,runOfRiver
FR,h6351,0.1822383759026103,scr2010,avaConv,runOfRiver
FR,h6352,0.1822383759026103,scr2010,avaConv,runOfRiver
FR,h6353,0.1822383759026103,scr2010,avaConv,runOfRiver
FR,h6354,0.1822383759026103,scr2010,avaConv,runOfRiver
FR,h6355,0.1822383759026103,scr2010,avaConv,runOfRiver
FR,h6356,0.1822383759026103,scr2010,avaConv,runOfRiver
FR,h6357,0.1822383759026103,scr2010,avaConv,runOfRiver
FR,h6358,0.1822383759026103,scr2010,avaConv,runOfRiver
FR,h6359,0.1822383759026103,scr2010,avaConv,runOfRiver
FR,h6360,0.1822383759026103,scr2010,avaConv,runOfRiver
FR,h6361,0.18236342489186075,scr2010,avaConv,runOfRiver
FR,h6362,0.18248847388968634,scr2010,avaConv,runOfRiver
FR,h6363,0.18261352289608124,scr2010,avaConv,runOfRiver
FR,h6364,0.18261352289608124,scr2010,avaConv,runOfRiver
FR,h6365,0.18261352289608124,scr2010,avaConv,runOfRiver
FR,h6366,0.18261352289608124,scr2010,avaConv,runOfRiver
FR,h6367,0.18261352289608124,scr2010,avaConv,runOfRiver
FR,h6368,0.18261352289608124,scr2010,avaConv,runOfRiver
FR,h6369,0.18261352289608124,scr2010,avaConv,runOfRiver
FR,h6370,0.18261352289608124,scr2010,avaConv,runOfRiver
FR,h6371,0.18261352289608124,scr2010,avaConv,runOfRiver
FR,h6372,0.18261352289608124,scr2010,avaConv,runOfRiver
FR,h6373,0.18261352289608124,scr2010,avaConv,runOfRiver
FR,h6374,0.18261352289608124,scr2010,avaConv,runOfRiver
FR,h6375,0.18261352289608124,scr2010,avaConv,runOfRiver
FR,h6376,0.18261352289608124,scr2010,avaConv,runOfRiver
FR,h6377,0.18261352289608124,scr2010,avaConv,runOfRiver
FR,h6378,0.18261352289608124,scr2010,avaConv,runOfRiver
FR,h6379,0.18261352289608124,scr2010,avaConv,runOfRiver
FR,h6380,0.18261352289608124,scr2010,avaConv,runOfRiver
FR,h6381,0.18261352289608124,scr2010,avaConv,runOfRiver
FR,h6382,0.18261352289608124,scr2010,avaConv,runOfRiver
FR,h6383,0.18261352289608124,scr2010,avaConv,runOfRiver
FR,h6384,0.18261352289608124,scr2010,avaConv,runOfRiver
FR,h6385,0.18224627340475372,scr2010,avaConv,runOfRiver
FR,h6386,0.18187902398743536,scr2010,avaConv,runOfRiver
FR,h6387,0.18151177464427556,scr2010,avaConv,runOfRiver
FR,h6388,0.18151177464427556,scr2010,avaConv,runOfRiver
FR,h6389,0.18151177464427556,scr2010,avaConv,runOfRiver
FR,h6390,0.18151177464427556,scr2010,avaConv,runOfRiver
FR,h6391,0.18151177464427556,scr2010,avaConv,runOfRiver
FR,h6392,0.18151177464427556,scr2010,avaConv,runOfRiver
FR,h6393,0.18151177464427556,scr2010,avaConv,runOfRiver
FR,h6394,0.18151177464427556,scr2010,avaConv,runOfRiver
FR,h6395,0.18151177464427556,scr2010,avaConv,runOfRiver
FR,h6396,0.18151177464427556,scr2010,avaConv,runOfRiver
FR,h6397,0.18151177464427556,scr2010,avaConv,runOfRiver
FR,h6398,0.18151177464427556,scr2010,avaConv,runOfRiver
FR,h6399,0.18151177464427556,scr2010,avaConv,runOfRiver
FR,h6400,0.18151177464427556,scr2010,avaConv,runOfRiver
FR,h6401,0.18151177464427556,scr2010,avaConv,runOfRiver
FR,h6402,0.18151177464427556,scr2010,avaConv,runOfRiver
FR,h6403,0.18151177464427556,scr2010,avaConv,runOfRiver
FR,h6404,0.18151177464427556,scr2010,avaConv,runOfRiver
FR,h6405,0.18151177464427556,scr2010,avaConv,runOfRiver
FR,h6406,0.18151177464427556,scr2010,avaConv,runOfRiver
FR,h6407,0.18151177464427556,scr2010,avaConv,runOfRiver
FR,h6408,0.18151177464427556,scr2010,avaConv,runOfRiver
FR,h6409,0.18199970700654902,scr2010,avaConv,runOfRiver
FR,h6410,0.18248763949964142,scr2010,avaConv,runOfRiver
FR,h6411,0.1829755721232031,scr2010,avaConv,runOfRiver
FR,h6412,0.1829755721232031,scr2010,avaConv,runOfRiver
FR,h6413,0.1829755721232031,scr2010,avaConv,runOfRiver
FR,h6414,0.1829755721232031,scr2010,avaConv,runOfRiver
FR,h6415,0.1829755721232031,scr2010,avaConv,runOfRiver
FR,h6416,0.1829755721232031,scr2010,avaConv,runOfRiver
FR,h6417,0.1829755721232031,scr2010,avaConv,runOfRiver
FR,h6418,0.1829755721232031,scr2010,avaConv,runOfRiver
FR,h6419,0.1829755721232031,scr2010,avaConv,runOfRiver
FR,h6420,0.1829755721232031,scr2010,avaConv,runOfRiver
FR,h6421,0.1829755721232031,scr2010,avaConv,runOfRiver
FR,h6422,0.1829755721232031,scr2010,avaConv,runOfRiver
FR,h6423,0.1829755721232031,scr2010,avaConv,runOfRiver
FR,h6424,0.1829755721232031,scr2010,avaConv,runOfRiver
FR,h6425,0.1829755721232031,scr2010,avaConv,runOfRiver
FR,h6426,0.1829755721232031,scr2010,avaConv,runOfRiver
FR,h6427,0.1829755721232031,scr2010,avaConv,runOfRiver
FR,h6428,0.1829755721232031,scr2010,avaConv,runOfRiver
FR,h6429,0.1829755721232031,scr2010,avaConv,runOfRiver
FR,h6430,0.1829755721232031,scr2010,avaConv,runOfRiver
FR,h6431,0.1829755721232031,scr2010,avaConv,runOfRiver
FR,h6432,0.1829755721232031,scr2010,avaConv,runOfRiver
FR,h6433,0.18324783513914794,scr2010,avaConv,runOfRiver
FR,h6434,0.18352009819554665,scr2010,avaConv,runOfRiver
FR,h6435,0.18379236129233914,scr2010,avaConv,runOfRiver
FR,h6436,0.18379236129233914,scr2010,avaConv,runOfRiver
FR,h6437,0.18379236129233914,scr2010,avaConv,runOfRiver
FR,h6438,0.18379236129233914,scr2010,avaConv,runOfRiver
FR,h6439,0.18379236129233914,scr2010,avaConv,runOfRiver
FR,h6440,0.18379236129233914,scr2010,avaConv,runOfRiver
FR,h6441,0.18379236129233914,scr2010,avaConv,runOfRiver
FR,h6442,0.18379236129233914,scr2010,avaConv,runOfRiver
FR,h6443,0.18379236129233914,scr2010,avaConv,runOfRiver
FR,h6444,0.18379236129233914,scr2010,avaConv,runOfRiver
FR,h6445,0.18379236129233914,scr2010,avaConv,runOfRiver
FR,h6446,0.18379236129233914,scr2010,avaConv,runOfRiver
FR,h6447,0.18379236129233914,scr2010,avaConv,runOfRiver
FR,h6448,0.18379236129233914,scr2010,avaConv,runOfRiver
FR,h6449,0.18379236129233914,scr2010,avaConv,runOfRiver
FR,h6450,0.18379236129233914,scr2010,avaConv,runOfRiver
FR,h6451,0.18379236129233914,scr2010,avaConv,runOfRiver
FR,h6452,0.18379236129233914,scr2010,avaConv,runOfRiver
FR,h6453,0.18379236129233914,scr2010,avaConv,runOfRiver
FR,h6454,0.18379236129233914,scr2010,avaConv,runOfRiver
FR,h6455,0.18379236129233914,scr2010,avaConv,runOfRiver
FR,h6456,0.18379236129233914,scr2010,avaConv,runOfRiver
FR,h6457,0.18381411018154883,scr2010,avaConv,runOfRiver
FR,h6458,0.18383585907101585,scr2010,avaConv,runOfRiver
FR,h6459,0.1838576079607402,scr2010,avaConv,runOfRiver
FR,h6460,0.1838576079607402,scr2010,avaConv,runOfRiver
FR,h6461,0.1838576079607402,scr2010,avaConv,runOfRiver
FR,h6462,0.1838576079607402,scr2010,avaConv,runOfRiver
FR,h6463,0.1838576079607402,scr2010,avaConv,runOfRiver
FR,h6464,0.1838576079607402,scr2010,avaConv,runOfRiver
FR,h6465,0.1838576079607402,scr2010,avaConv,runOfRiver
FR,h6466,0.1838576079607402,scr2010,avaConv,runOfRiver
FR,h6467,0.1838576079607402,scr2010,avaConv,runOfRiver
FR,h6468,0.1838576079607402,scr2010,avaConv,runOfRiver
FR,h6469,0.1838576079607402,scr2010,avaConv,runOfRiver
FR,h6470,0.1838576079607402,scr2010,avaConv,runOfRiver
FR,h6471,0.1838576079607402,scr2010,avaConv,runOfRiver
FR,h6472,0.1838576079607402,scr2010,avaConv,runOfRiver
FR,h6473,0.1838576079607402,scr2010,avaConv,runOfRiver
FR,h6474,0.1838576079607402,scr2010,avaConv,runOfRiver
FR,h6475,0.1838576079607402,scr2010,avaConv,runOfRiver
FR,h6476,0.1838576079607402,scr2010,avaConv,runOfRiver
FR,h6477,0.1838576079607402,scr2010,avaConv,runOfRiver
FR,h6478,0.1838576079607402,scr2010,avaConv,runOfRiver
FR,h6479,0.1838576079607402,scr2010,avaConv,runOfRiver
FR,h6480,0.1838576079607402,scr2010,avaConv,runOfRiver
FR,h6481,0.1841994858894699,scr2010,avaConv,runOfRiver
FR,h6482,0.18454136388165593,scr2010,avaConv,runOfRiver
FR,h6483,0.18488324193718073,scr2010,avaConv,runOfRiver
FR,h6484,0.18488324193718073,scr2010,avaConv,runOfRiver
FR,h6485,0.18488324193718073,scr2010,avaConv,runOfRiver
FR,h6486,0.18488324193718073,scr2010,avaConv,runOfRiver
FR,h6487,0.18488324193718073,scr2010,avaConv,runOfRiver
FR,h6488,0.18488324193718073,scr2010,avaConv,runOfRiver
FR,h6489,0.18488324193718073,scr2010,avaConv,runOfRiver
FR,h6490,0.18488324193718073,scr2010,avaConv,runOfRiver
FR,h6491,0.18488324193718073,scr2010,avaConv,runOfRiver
FR,h6492,0.18488324193718073,scr2010,avaConv,runOfRiver
FR,h6493,0.18488324193718073,scr2010,avaConv,runOfRiver
FR,h6494,0.18488324193718073,scr2010,avaConv,runOfRiver
FR,h6495,0.18488324193718073,scr2010,avaConv,runOfRiver
FR,h6496,0.18488324193718073,scr2010,avaConv,runOfRiver
FR,h6497,0.18488324193718073,scr2010,avaConv,runOfRiver
FR,h6498,0.18488324193718073,scr2010,avaConv,runOfRiver
FR,h6499,0.18488324193718073,scr2010,avaConv,runOfRiver
FR,h6500,0.18488324193718073,scr2010,avaConv,runOfRiver
FR,h6501,0.18488324193718073,scr2010,avaConv,runOfRiver
FR,h6502,0.18488324193718073,scr2010,avaConv,runOfRiver
FR,h6503,0.18488324193718073,scr2010,avaConv,runOfRiver
FR,h6504,0.18488324193718073,scr2010,avaConv,runOfRiver
FR,h6505,0.18552481146864505,scr2010,avaConv,runOfRiver
FR,h6506,0.18616638122198367,scr2010,avaConv,runOfRiver
FR,h6507,0.18680795119643195,scr2010,avaConv,runOfRiver
FR,h6508,0.18680795119643195,scr2010,avaConv,runOfRiver
FR,h6509,0.18680795119643195,scr2010,avaConv,runOfRiver
FR,h6510,0.18680795119643195,scr2010,avaConv,runOfRiver
FR,h6511,0.18680795119643195,scr2010,avaConv,runOfRiver
FR,h6512,0.18680795119643195,scr2010,avaConv,runOfRiver
FR,h6513,0.18680795119643195,scr2010,avaConv,runOfRiver
FR,h6514,0.18680795119643195,scr2010,avaConv,runOfRiver
FR,h6515,0.18680795119643195,scr2010,avaConv,runOfRiver
FR,h6516,0.18680795119643195,scr2010,avaConv,runOfRiver
FR,h6517,0.18680795119643195,scr2010,avaConv,runOfRiver
FR,h6518,0.18680795119643195,scr2010,avaConv,runOfRiver
FR,h6519,0.18680795119643195,scr2010,avaConv,runOfRiver
FR,h6520,0.18680795119643195,scr2010,avaConv,runOfRiver
FR,h6521,0.18680795119643195,scr2010,avaConv,runOfRiver
FR,h6522,0.18680795119643195,scr2010,avaConv,runOfRiver
FR,h6523,0.18680795119643195,scr2010,avaConv,runOfRiver
FR,h6524,0.18680795119643195,scr2010,avaConv,runOfRiver
FR,h6525,0.18680795119643195,scr2010,avaConv,runOfRiver
FR,h6526,0.18680795119643195,scr2010,avaConv,runOfRiver
FR,h6527,0.18680795119643195,scr2010,avaConv,runOfRiver
FR,h6528,0.18680795119643195,scr2010,avaConv,runOfRiver
FR,h6529,0.1878693592047188,scr2010,avaConv,runOfRiver
FR,h6530,0.18893076781270143,scr2010,avaConv,runOfRiver
FR,h6531,0.18999217701701088,scr2010,avaConv,runOfRiver
FR,h6532,0.18999217701701088,scr2010,avaConv,runOfRiver
FR,h6533,0.18999217701701088,scr2010,avaConv,runOfRiver
FR,h6534,0.18999217701701088,scr2010,avaConv,runOfRiver
FR,h6535,0.18999217701701088,scr2010,avaConv,runOfRiver
FR,h6536,0.18999217701701088,scr2010,avaConv,runOfRiver
FR,h6537,0.18999217701701088,scr2010,avaConv,runOfRiver
FR,h6538,0.18999217701701088,scr2010,avaConv,runOfRiver
FR,h6539,0.18999217701701088,scr2010,avaConv,runOfRiver
FR,h6540,0.18999217701701088,scr2010,avaConv,runOfRiver
FR,h6541,0.18999217701701088,scr2010,avaConv,runOfRiver
FR,h6542,0.18999217701701088,scr2010,avaConv,runOfRiver
FR,h6543,0.18999217701701088,scr2010,avaConv,runOfRiver
FR,h6544,0.18999217701701088,scr2010,avaConv,runOfRiver
FR,h6545,0.18999217701701088,scr2010,avaConv,runOfRiver
FR,h6546,0.18999217701701088,scr2010,avaConv,runOfRiver
FR,h6547,0.18999217701701088,scr2010,avaConv,runOfRiver
FR,h6548,0.18999217701701088,scr2010,avaConv,runOfRiver
FR,h6549,0.18999217701701088,scr2010,avaConv,runOfRiver
FR,h6550,0.18999217701701088,scr2010,avaConv,runOfRiver
FR,h6551,0.18999217701701088,scr2010,avaConv,runOfRiver
FR,h6552,0.18999217701701088,scr2010,avaConv,runOfRiver
FR,h6553,0.19075436769929743,scr2010,avaConv,runOfRiver
FR,h6554,0.19151655868614398,scr2010,avaConv,runOfRiver
FR,h6555,0.1922787499763384,scr2010,avaConv,runOfRiver
FR,h6556,0.1922787499763384,scr2010,avaConv,runOfRiver
FR,h6557,0.1922787499763384,scr2010,avaConv,runOfRiver
FR,h6558,0.1922787499763384,scr2010,avaConv,runOfRiver
FR,h6559,0.1922787499763384,scr2010,avaConv,runOfRiver
FR,h6560,0.1922787499763384,scr2010,avaConv,runOfRiver
FR,h6561,0.1922787499763384,scr2010,avaConv,runOfRiver
FR,h6562,0.1922787499763384,scr2010,avaConv,runOfRiver
FR,h6563,0.1922787499763384,scr2010,avaConv,runOfRiver
FR,h6564,0.1922787499763384,scr2010,avaConv,runOfRiver
FR,h6565,0.1922787499763384,scr2010,avaConv,runOfRiver
FR,h6566,0.1922787499763384,scr2010,avaConv,runOfRiver
FR,h6567,0.1922787499763384,scr2010,avaConv,runOfRiver
FR,h6568,0.1922787499763384,scr2010,avaConv,runOfRiver
FR,h6569,0.1922787499763384,scr2010,avaConv,runOfRiver
FR,h6570,0.1922787499763384,scr2010,avaConv,runOfRiver
FR,h6571,0.1922787499763384,scr2010,avaConv,runOfRiver
FR,h6572,0.1922787499763384,scr2010,avaConv,runOfRiver
FR,h6573,0.1922787499763384,scr2010,avaConv,runOfRiver
FR,h6574,0.1922787499763384,scr2010,avaConv,runOfRiver
FR,h6575,0.1922787499763384,scr2010,avaConv,runOfRiver
FR,h6576,0.1922787499763384,scr2010,avaConv,runOfRiver
IT,h4369,0.2921960846110912,scr2010,avaConv,runOfRiver
IT,h4370,0.2938746660072089,scr2010,avaConv,runOfRiver
IT,h4371,0.2955532483621187,scr2010,avaConv,runOfRiver
IT,h4372,0.2955532483621187,scr2010,avaConv,runOfRiver
IT,h4373,0.2955532483621187,scr2010,avaConv,runOfRiver
IT,h4374,0.2955532483621187,scr2010,avaConv,runOfRiver
IT,h4375,0.2955532483621187,scr2010,avaConv,runOfRiver
IT,h4376,0.2955532483621187,scr2010,avaConv,runOfRiver
IT,h4377,0.2955532483621187,scr2010,avaConv,runOfRiver
IT,h4378,0.2955532483621187,scr2010,avaConv,runOfRiver
IT,h4379,0.2955532483621187,scr2010,avaConv,runOfRiver
IT,h4380,0.2955532483621187,scr2010,avaConv,runOfRiver
IT,h4381,0.2955532483621187,scr2010,avaConv,runOfRiver
IT,h4382,0.2955532483621187,scr2010,avaConv,runOfRiver
IT,h4383,0.2955532483621187,scr2010,avaConv,runOfRiver
IT,h4384,0.2955532483621187,scr2010,avaConv,runOfRiver
IT,h4385,0.2955532483621187,scr2010,avaConv,runOfRiver
IT,h4386,0.2955532483621187,scr2010,avaConv,runOfRiver
IT,h4387,0.2955532483621187,scr2010,avaConv,runOfRiver
IT,h4388,0.2955532483621187,scr2010,avaConv,runOfRiver
IT,h4389,0.2955532483621187,scr2010,avaConv,runOfRiver
IT,h4390,0.2955532483621187,scr2010,avaConv,runOfRiver
IT,h4391,0.2955532483621187,scr2010,avaConv,runOfRiver
IT,h4392,0.2955532483621187,scr2010,avaConv,runOfRiver
IT,h4393,0.29506077311116435,scr2010,avaConv,runOfRiver
IT,h4394,0.29456829794240713,scr2010,avaConv,runOfRiver
IT,h4395,0.2940758228559843,scr2010,avaConv,runOfRiver
IT,h4396,0.2940758228559843,scr2010,avaConv,runOfRiver
IT,h4397,0.2940758228559843,scr2010,avaConv,runOfRiver
IT,h4398,0.2940758228559843,scr2010,avaConv,runOfRiver
IT,h4399,0.2940758228559843,scr2010,avaConv,runOfRiver
IT,h4400,0.2940758228559843,scr2010,avaConv,runOfRiver
IT,h4401,0.2940758228559843,scr2010,avaConv,runOfRiver
IT,h4402,0.2940758228559843,scr2010,avaConv,runOfRiver
IT,h4403,0.2940758228559843,scr2010,avaConv,runOfRiver
IT,h4404,0.2940758228559843,scr2010,avaConv,runOfRiver
IT,h4405,0.2940758228559843,scr2010,avaConv,runOfRiver
IT,h4406,0.2940758228559843,scr2010,avaConv,runOfRiver
IT,h4407,0.2940758228559843,scr2010,avaConv,runOfRiver
IT,h4408,0.2940758228559843,scr2010,avaConv,runOfRiver
IT,h4409,0.2940758228559843,scr2010,avaConv,runOfRiver
IT,h4410,0.2940758228559843,scr2010,avaConv,runOfRiver
IT,h4411,0.2940758228559843,scr2010,avaConv,runOfRiver
IT,h4412,0.2940758228559843,scr2010,avaConv,runOfRiver
IT,h4413,0.2940758228559843,scr2010,avaConv,runOfRiver
IT,h4414,0.2940758228559843,scr2010,avaConv,runOfRiver
IT,h4415,0.2940758228559843,scr2010,avaConv,runOfRiver
IT,h4416,0.2940758228559843,scr2010,avaConv,runOfRiver
IT,h4417,0.2929014621778763,scr2010,avaConv,runOfRiver
IT,h4418,0.2917271019706173,scr2010,avaConv,runOfRiver
IT,h4419,0.2905527422361027,scr2010,avaConv,runOfRiver
IT,h4420,0.2905527422361027,scr2010,avaConv,runOfRiver
IT,h4421,0.2905527422361027,scr2010,avaConv,runOfRiver
IT,h4422,0.2905527422361027,scr2010,avaConv,runOfRiver
IT,h4423,0.2905527422361027,scr2010,avaConv,runOfRiver
IT,h4424,0.2905527422361027,scr2010,avaConv,runOfRiver
IT,h4425,0.2905527422361027,scr2010,avaConv,runOfRiver
IT,h4426,0.2905527422361027,scr2010,avaConv,runOfRiver
IT,h4427,0.2905527422361027,scr2010,avaConv,runOfRiver
IT,h4428,0.2905527422361027,scr2010,avaConv,runOfRiver
IT,h4429,0.2905527422361027,scr2010,avaConv,runOfRiver
IT,h4430,0.2905527422361027,scr2010,avaConv,runOfRiver
IT,h4431,0.2905527422361027,scr2010,avaConv,runOfRiver
IT,h4432,0.2905527422361027,scr2010,avaConv,runOfRiver
IT,h4433,0.2905527422361027,scr2010,avaConv,runOfRiver
IT,h4434,0.2905527422361027,scr2010,avaConv,runOfRiver
IT,h4435,0.2905527422361027,scr2010,avaConv,runOfRiver
IT,h4436,0.2905527422361027,scr2010,avaConv,runOfRiver
IT,h4437,0.2905527422361027,scr2010,avaConv,runOfRiver
IT,h4438,0.2905527422361027,scr2010,avaConv,runOfRiver
IT,h4439,0.2905527422361027,scr2010,avaConv,runOfRiver
IT,h4440,0.2905527422361027,scr2010,avaConv,runOfRiver
IT,h4441,0.2893167455700325,scr2010,avaConv,runOfRiver
IT,h4442,0.28808074943199646,scr2010,avaConv,runOfRiver
IT,h4443,0.2868447538242599,scr2010,avaConv,runOfRiver
IT,h4444,0.2868447538242599,scr2010,avaConv,runOfRiver
IT,h4445,0.2868447538242599,scr2010,avaConv,runOfRiver
IT,h4446,0.2868447538242599,scr2010,avaConv,runOfRiver
IT,h4447,0.2868447538242599,scr2010,avaConv,runOfRiver
IT,h4448,0.2868447538242599,scr2010,avaConv,runOfRiver
IT,h4449,0.2868447538242599,scr2010,avaConv,runOfRiver
IT,h4450,0.2868447538242599,scr2010,avaConv,runOfRiver
IT,h4451,0.2868447538242599,scr2010,avaConv,runOfRiver
IT,h4452,0.2868447538242599,scr2010,avaConv,runOfRiver
IT,h4453,0.2868447538242599,scr2010,avaConv,runOfRiver
IT,h4454,0.2868447538242599,scr2010,avaConv,runOfRiver
IT,h4455,0.2868447538242599,scr2010,avaConv,runOfRiver
IT,h4456,0.2868447538242599,scr2010,avaConv,runOfRiver
IT,h4457,0.2868447538242599,scr2010,avaConv,runOfRiver
IT,h4458,0.2868447538242599,scr2010,avaConv,runOfRiver
IT,h4459,0.2868447538242599,scr2010,avaConv,runOfRiver
IT,h4460,0.2868447538242599,scr2010,avaConv,runOfRiver
IT,h4461,0.2868447538242599,scr2010,avaConv,runOfRiver
IT,h4462,0.2868447538242599,scr2010,avaConv,runOfRiver
IT,h4463,0.2868447538242599,scr2010,avaConv,runOfRiver
IT,h4464,0.2868447538242599,scr2010,avaConv,runOfRiver
IT,h4465,0.28653609959983406,scr2010,avaConv,runOfRiver
IT,h4466,0.2862274454086562,scr2010,avaConv,runOfRiver
IT,h4467,0.28591879125076214,scr2010,avaConv,runOfRiver
IT,h4468,0.28591879125076214,scr2010,avaConv,runOfRiver
IT,h4469,0.28591879125076214,scr2010,avaConv,runOfRiver
IT,h4470,0.28591879125076214,scr2010,avaConv,runOfRiver
IT,h4471,0.28591879125076214,scr2010,avaConv,runOfRiver
IT,h4472,0.28591879125076214,scr2010,avaConv,runOfRiver
IT,h4473,0.28591879125076214,scr2010,avaConv,runOfRiver
IT,h4474,0.28591879125076214,scr2010,avaConv,runOfRiver
IT,h4475,0.28591879125076214,scr2010,avaConv,runOfRiver
IT,h4476,0.28591879125076214,scr2010,avaConv,runOfRiver
IT,h4477,0.28591879125076214,scr2010,avaConv,runOfRiver
IT,h4478,0.28591879125076214,scr2010,avaConv,runOfRiver
IT,h4479,0.28591879125076214,scr2010,avaConv,runOfRiver
IT,h4480,0.28591879125076214,scr2010,avaConv,runOfRiver
IT,h4481,0.28591879125076214,scr2010,avaConv,runOfRiver
IT,h4482,0.28591879125076214,scr2010,avaConv,runOfRiver
IT,h4483,0.28591879125076214,scr2010,avaConv,runOfRiver
IT,h4484,0.28591879125076214,scr2010,avaConv,runOfRiver
IT,h4485,0.28591879125076214,scr2010,avaConv,runOfRiver
IT,h4486,0.28591879125076214,scr2010,avaConv,runOfRiver
IT,h4487,0.28591879125076214,scr2010,avaConv,runOfRiver
IT,h4488,0.28591879125076214,scr2010,avaConv,runOfRiver
IT,h4489,0.2853730533456923,scr2010,avaConv,runOfRiver
IT,h4490,0.28482731554498775,scr2010,avaConv,runOfRiver
IT,h4491,0.28428157784884833,scr2010,avaConv,runOfRiver
IT,h4492,0.28428157784884833,scr2010,avaConv,runOfRiver
IT,h4493,0.28428157784884833,scr2010,avaConv,runOfRiver
IT,h4494,0.28428157784884833,scr2010,avaConv,runOfRiver
IT,h4495,0.28428157784884833,scr2010,avaConv,runOfRiver
IT,h4496,0.28428157784884833,scr2010,avaConv,runOfRiver
IT,h4497,0.28428157784884833,scr2010,avaConv,runOfRiver
IT,h4498,0.28428157784884833,scr2010,avaConv,runOfRiver
IT,h4499,0.28428157784884833,scr2010,avaConv,runOfRiver
IT,h4500,0.28428157784884833,scr2010,avaConv,runOfRiver
IT,h4501,0.28428157784884833,scr2010,avaConv,runOfRiver
IT,h4502,0.28428157784884833,scr2010,avaConv,runOfRiver
IT,h4503,0.28428157784884833,scr2010,avaConv,runOfRiver
IT,h4504,0.28428157784884833,scr2010,avaConv,runOfRiver
IT,h4505,0.28428157784884833,scr2010,avaConv,runOfRiver
IT,h4506,0.28428157784884833,scr2010,avaConv,runOfRiver
IT,h4507,0.28428157784884833,scr2010,avaConv,runOfRiver
IT,h4508,0.28428157784884833,scr2010,avaConv,runOfRiver
IT,h4509,0.28428157784884833,scr2010,avaConv,runOfRiver
IT,h4510,0.28428157784884833,scr2010,avaConv,runOfRiver
IT,h4511,0.28428157784884833,scr2010,avaConv,runOfRiver
IT,h4512,0.28428157784884833,scr2010,avaConv,runOfRiver
IT,h4513,0.28267803368951383,scr2010,avaConv,runOfRiver
IT,h4514,0.2810744904398261,scr2010,avaConv,runOfRiver
IT,h4515,0.279470948104974,scr2010,avaConv,runOfRiver
IT,h4516,0.279470948104974,scr2010,avaConv,runOfRiver
IT,h4517,0.279470948104974,scr2010,avaConv,runOfRiver
IT,h4518,0.279470948104974,scr2010,avaConv,runOfRiver
IT,h4519,0.279470948104974,scr2010,avaConv,runOfRiver
IT,h4520,0.279470948104974,scr2010,avaConv,runOfRiver
IT,h4521,0.279470948104974,scr2010,avaConv,runOfRiver
IT,h4522,0.279470948104974,scr2010,avaConv,runOfRiver
IT,h4523,0.279470948104974,scr2010,avaConv,runOfRiver
IT,h4524,0.279470948104974,scr2010,avaConv,runOfRiver
IT,h4525,0.279470948104974,scr2010,avaConv,runOfRiver
IT,h4526,0.279470948104974,scr2010,avaConv,runOfRiver
IT,h4527,0.279470948104974,scr2010,avaConv,runOfRiver
IT,h4528,0.279470948104974,scr2010,avaConv,runOfRiver
IT,h4529,0.279470948104974,scr2010,avaConv,runOfRiver
IT,h4530,0.279470948104974,scr2010,avaConv,runOfRiver
IT,h4531,0.279470948104974,scr2010,avaConv,runOfRiver
IT,h4532,0.279470948104974,scr2010,avaConv,runOfRiver
IT,h4533,0.279470948104974,scr2010,avaConv,runOfRiver
IT,h4534,0.279470948104974,scr2010,avaConv,runOfRiver
IT,h4535,0.279470948104974,scr2010,avaConv,runOfRiver
IT,h4536,0.279470948104974,scr2010,avaConv,runOfRiver
IT,h4537,0.2766660527225187,scr2010,avaConv,runOfRiver
IT,h4538,0.27386116018377976,scr2010,avaConv,runOfRiver
IT,h4539,0.27105627051788084,scr2010,avaConv,runOfRiver
IT,h4540,0.27105627051788084,scr2010,avaConv,runOfRiver
IT,h4541,0.27105627051788084,scr2010,avaConv,runOfRiver
IT,h4542,0.27105627051788084,scr2010,avaConv,runOfRiver
IT,h4543,0.27105627051788084,scr2010,avaConv,runOfRiver
IT,h4544,0.27105627051788084,scr2010,avaConv,runOfRiver
IT,h4545,0.27105627051788084,scr2010,avaConv,runOfRiver
IT,h4546,0.27105627051788084,scr2010,avaConv,runOfRiver
IT,h4547,0.27105627051788084,scr2010,avaConv,runOfRiver
IT,h4548,0.27105627051788084,scr2010,avaConv,runOfRiver
IT,h4549,0.27105627051788084,scr2010,avaConv,runOfRiver
IT,h4550,0.27105627051788084,scr2010,avaConv,runOfRiver
IT,h4551,0.27105627051788084,scr2010,avaConv,runOfRiver
IT,h4552,0.27105627051788084,scr2010,avaConv,runOfRiver
IT,h4553,0.27105627051788084,scr2010,avaConv,runOfRiver
IT,h4554,0.27105627051788084,scr2010,avaConv,runOfRiver
IT,h4555,0.27105627051788084,scr2010,avaConv,runOfRiver
IT,h4556,0.27105627051788084,scr2010,avaConv,runOfRiver
IT,h4557,0.27105627051788084,scr2010,avaConv,runOfRiver
IT,h4558,0.27105627051788084,scr2010,avaConv,runOfRiver
IT,h4559,0.27105627051788084,scr2010,avaConv,runOfRiver
IT,h4560,0.27105627051788084,scr2010,avaConv,runOfRiver
IT,h4561,0.2682623003213153,scr2010,avaConv,runOfRiver
IT,h4562,0.2654683330347602,scr2010,avaConv,runOfRiver
IT,h4563,0.2626743686888405,scr2010,avaConv,runOfRiver
IT,h4564,0.2626743686888405,scr2010,avaConv,runOfRiver
IT,h4565,0.2626743686888405,scr2010,avaConv,runOfRiver
IT,h4566,0.2626743686888405,scr2010,avaConv,runOfRiver
IT,h4567,0.2626743686888405,scr2010,avaConv,runOfRiver
IT,h4568,0.2626743686888405,scr2010,avaConv,runOfRiver
IT,h4569,0.2626743686888405,scr2010,avaConv,runOfRiver
IT,h4570,0.2626743686888405,scr2010,avaConv,runOfRiver
IT,h4571,0.2626743686888405,scr2010,avaConv,runOfRiver
IT,h4572,0.2626743686888405,scr2010,avaConv,runOfRiver
IT,h4573,0.2626743686888405,scr2010,avaConv,runOfRiver
IT,h4574,0.2626743686888405,scr2010,avaConv,runOfRiver
IT,h4575,0.2626743686888405,scr2010,avaConv,runOfRiver
IT,h4576,0.2626743686888405,scr2010,avaConv,runOfRiver
IT,h4577,0.2626743686888405,scr2010,avaConv,runOfRiver
IT,h4578,0.2626743686888405,scr2010,avaConv,runOfRiver
IT,h4579,0.2626743686888405,scr2010,avaConv,runOfRiver
IT,h4580,0.2626743686888405,scr2010,avaConv,runOfRiver
IT,h4581,0.2626743686888405,scr2010,avaConv,runOfRiver
IT,h4582,0.2626743686888405,scr2010,avaConv,runOfRiver
IT,h4583,0.2626743686888405,scr2010,avaConv,runOfRiver
IT,h4584,0.2626743686888405,scr2010,avaConv,runOfRiver
IT,h4585,0.2603629973412109,scr2010,avaConv,runOfRiver
IT,h4586,0.25805162804554727,scr2010,avaConv,runOfRiver
IT,h4587,0.25574026082022794,scr2010,avaConv,runOfRiver
IT,h4588,0.25574026082022794,scr2010,avaConv,runOfRiver
IT,h4589,0.25574026082022794,scr2010,avaConv,runOfRiver
IT,h4590,0.25574026082022794,scr2010,avaConv,runOfRiver
IT,h4591,0.25574026082022794,scr2010,avaConv,runOfRiver
IT,h4592,0.25574026082022794,scr2010,avaConv,runOfRiver
IT,h4593,0.25574026082022794,scr2010,avaConv,runOfRiver
IT,h4594,0.25574026082022794,scr2010,avaConv,runOfRiver
IT,h4595,0.25574026082022794,scr2010,avaConv,runOfRiver
IT,h4596,0.25574026082022794,scr2010,avaConv,runOfRiver
IT,h4597,0.25574026082022794,scr2010,avaConv,runOfRiver
IT,h4598,0.25574026082022794,scr2010,avaConv,runOfRiver
IT,h4599,0.25574026082022794,scr2010,avaConv,runOfRiver
IT,h4600,0.25574026082022794,scr2010,avaConv,runOfRiver
IT,h4601,0.25574026082022794,scr2010,avaConv,runOfRiver
IT,h4602,0.25574026082022794,scr2010,avaConv,runOfRiver
IT,h4603,0.25574026082022794,scr2010,avaConv,runOfRiver
IT,h4604,0.25574026082022794,scr2010,avaConv,runOfRiver
IT,h4605,0.25574026082022794,scr2010,avaConv,runOfRiver
IT,h4606,0.25574026082022794,scr2010,avaConv,runOfRiver
IT,h4607,0.25574026082022794,scr2010,avaConv,runOfRiver
IT,h4608,0.25574026082022794,scr2010,avaConv,runOfRiver
IT,h4609,0.2551027264928642,scr2010,avaConv,runOfRiver
IT,h4610,0.2544651923248306,scr2010,avaConv,runOfRiver
IT,h4611,0.2538276583165263,scr2010,avaConv,runOfRiver
IT,h4612,0.2538276583165263,scr2010,avaConv,runOfRiver
IT,h4613,0.2538276583165263,scr2010,avaConv,runOfRiver
IT,h4614,0.2538276583165263,scr2010,avaConv,runOfRiver
IT,h4615,0.2538276583165263,scr2010,avaConv,runOfRiver
IT,h4616,0.2538276583165263,scr2010,avaConv,runOfRiver
IT,h4617,0.2538276583165263,scr2010,avaConv,runOfRiver
IT,h4618,0.2538276583165263,scr2010,avaConv,runOfRiver
IT,h4619,0.2538276583165263,scr2010,avaConv,runOfRiver
IT,h4620,0.2538276583165263,scr2010,avaConv,runOfRiver
IT,h4621,0.2538276583165263,scr2010,avaConv,runOfRiver
IT,h4622,0.2538276583165263,scr2010,avaConv,runOfRiver
IT,h4623,0.2538276583165263,scr2010,avaConv,runOfRiver
IT,h4624,0.2538276583165263,scr2010,avaConv,runOfRiver
IT,h4625,0.2538276583165263,scr2010,avaConv,runOfRiver
IT,h4626,0.2538276583165263,scr2010,avaConv,runOfRiver
IT,h4627,0.2538276583165263,scr2010,avaConv,runOfRiver
IT,h4628,0.2538276583165263,scr2010,avaConv,runOfRiver
IT,h4629,0.2538276583165263,scr2010,avaConv,runOfRiver
IT,h4630,0.2538276583165263,scr2010,avaConv,runOfRiver
IT,h4631,0.2538276583165263,scr2010,avaConv,runOfRiver
IT,h4632,0.2538276583165263,scr2010,avaConv,runOfRiver
IT,h4633,0.25316800798618716,scr2010,avaConv,runOfRiver
IT,h4634,0.25250835782772785,scr2010,avaConv,runOfRiver
IT,h4635,0.2518487078415975,scr2010,avaConv,runOfRiver
IT,h4636,0.2518487078415975,scr2010,avaConv,runOfRiver
IT,h4637,0.2518487078415975,scr2010,avaConv,runOfRiver
IT,h4638,0.2518487078415975,scr2010,avaConv,runOfRiver
IT,h4639,0.2518487078415975,scr2010,avaConv,runOfRiver
IT,h4640,0.2518487078415975,scr2010,avaConv,runOfRiver
IT,h4641,0.2518487078415975,scr2010,avaConv,runOfRiver
IT,h4642,0.2518487078415975,scr2010,avaConv,runOfRiver
IT,h4643,0.2518487078415975,scr2010,avaConv,runOfRiver
IT,h4644,0.2518487078415975,scr2010,avaConv,runOfRiver
IT,h4645,0.2518487078415975,scr2010,avaConv,runOfRiver
IT,h4646,0.2518487078415975,scr2010,avaConv,runOfRiver
IT,h4647,0.2518487078415975,scr2010,avaConv,runOfRiver
IT,h4648,0.2518487078415975,scr2010,avaConv,runOfRiver
IT,h4649,0.2518487078415975,scr2010,avaConv,runOfRiver
IT,h4650,0.2518487078415975,scr2010,avaConv,runOfRiver
IT,h4651,0.2518487078415975,scr2010,avaConv,runOfRiver
IT,h4652,0.2518487078415975,scr2010,avaConv,runOfRiver
IT,h4653,0.2518487078415975,scr2010,avaConv,runOfRiver
IT,h4654,0.2518487078415975,scr2010,avaConv,runOfRiver
IT,h4655,0.2518487078415975,scr2010,avaConv,runOfRiver
IT,h4656,0.2518487078415975,scr2010,avaConv,runOfRiver
IT,h4657,0.25098744620284563,scr2010,avaConv,runOfRiver
IT,h4658,0.25012618485963994,scr2010,avaConv,runOfRiver
IT,h4659,0.24926492381299808,scr2010,avaConv,runOfRiver
IT,h4660,0.24926492381299808,scr2010,avaConv,runOfRiver
IT,h4661,0.24926492381299808,scr2010,avaConv,runOfRiver
IT,h4662,0.24926492381299808,scr2010,avaConv,runOfRiver
IT,h4663,0.24926492381299808,scr2010,avaConv,runOfRiver
IT,h4664,0.24926492381299808,scr2010,avaConv,runOfRiver
IT,h4665,0.24926492381299808,scr2010,avaConv,runOfRiver
IT,h4666,0.24926492381299808,scr2010,avaConv,runOfRiver
IT,h4667,0.24926492381299808,scr2010,avaConv,runOfRiver
IT,h4668,0.24926492381299808,scr2010,avaConv,runOfRiver
IT,h4669,0.24926492381299808,scr2010,avaConv,runOfRiver
IT,h4670,0.24926492381299808,scr2010,avaConv,runOfRiver
IT,h4671,0.24926492381299808,scr2010,avaConv,runOfRiver
IT,h4672,0.24926492381299808,scr2010,avaConv,runOfRiver
IT,h4673,0.24926492381299808,scr2010,avaConv,runOfRiver
IT,h4674,0.24926492381299808,scr2010,avaConv,runOfRiver
IT,h4675,0.24926492381299808,scr2010,avaConv,runOfRiver
IT,h4676,0.24926492381299808,scr2010,avaConv,runOfRiver
IT,h4677,0.24926492381299808,scr2010,avaConv,runOfRiver
IT,h4678,0.24926492381299808,scr2010,avaConv,runOfRiver
IT,h4679,0.24926492381299808,scr2010,avaConv,runOfRiver
IT,h4680,0.24926492381299808,scr2010,avaConv,runOfRiver
IT,h4681,0.24887983566273528,scr2010,avaConv,runOfRiver
IT,h4682,0.2484947475720576,scr2010,avaConv,runOfRiver
IT,h4683,0.24810965954105738,scr2010,avaConv,runOfRiver
IT,h4684,0.24810965954105738,scr2010,avaConv,runOfRiver
IT,h4685,0.24810965954105738,scr2010,avaConv,runOfRiver
IT,h4686,0.24810965954105738,scr2010,avaConv,runOfRiver
IT,h4687,0.24810965954105738,scr2010,avaConv,runOfRiver
IT,h4688,0.24810965954105738,scr2010,avaConv,runOfRiver
IT,h4689,0.24810965954105738,scr2010,avaConv,runOfRiver
IT,h4690,0.24810965954105738,scr2010,avaConv,runOfRiver
IT,h4691,0.24810965954105738,scr2010,avaConv,runOfRiver
IT,h4692,0.24810965954105738,scr2010,avaConv,runOfRiver
IT,h4693,0.24810965954105738,scr2010,avaConv,runOfRiver
IT,h4694,0.24810965954105738,scr2010,avaConv,runOfRiver
IT,h4695,0.24810965954105738,scr2010,avaConv,runOfRiver
IT,h4696,0.24810965954105738,scr2010,avaConv,runOfRiver
IT,h4697,0.24810965954105738,scr2010,avaConv,runOfRiver
IT,h4698,0.24810965954105738,scr2010,avaConv,runOfRiver
IT,h4699,0.24810965954105738,scr2010,avaConv,runOfRiver
IT,h4700,0.24810965954105738,scr2010,avaConv,runOfRiver
IT,h4701,0.24810965954105738,scr2010,avaConv,runOfRiver
IT,h4702,0.24810965954105738,scr2010,avaConv,runOfRiver
IT,h4703,0.24810965954105738,scr2010,avaConv,runOfRiver
IT,h4704,0.24810965954105738,scr2010,avaConv,runOfRiver
IT,h4705,0.24742274346613793,scr2010,avaConv,runOfRiver
IT,h4706,0.24673582758192936,scr2010,avaConv,runOfRiver
IT,h4707,0.24604891188896247,scr2010,avaConv,runOfRiver
IT,h4708,0.24604891188896247,scr2010,avaConv,runOfRiver
IT,h4709,0.24604891188896247,scr2010,avaConv,runOfRiver
IT,h4710,0.24604891188896247,scr2010,avaConv,runOfRiver
IT,h4711,0.24604891188896247,scr2010,avaConv,runOfRiver
IT,h4712,0.24604891188896247,scr2010,avaConv,runOfRiver
IT,h4713,0.24604891188896247,scr2010,avaConv,runOfRiver
IT,h4714,0.24604891188896247,scr2010,avaConv,runOfRiver
IT,h4715,0.24604891188896247,scr2010,avaConv,runOfRiver
IT,h4716,0.24604891188896247,scr2010,avaConv,runOfRiver
IT,h4717,0.24604891188896247,scr2010,avaConv,runOfRiver
IT,h4718,0.24604891188896247,scr2010,avaConv,runOfRiver
IT,h4719,0.24604891188896247,scr2010,avaConv,runOfRiver
IT,h4720,0.24604891188896247,scr2010,avaConv,runOfRiver
IT,h4721,0.24604891188896247,scr2010,avaConv,runOfRiver
IT,h4722,0.24604891188896247,scr2010,avaConv,runOfRiver
IT,h4723,0.24604891188896247,scr2010,avaConv,runOfRiver
IT,h4724,0.24604891188896247,scr2010,avaConv,runOfRiver
IT,h4725,0.24604891188896247,scr2010,avaConv,runOfRiver
IT,h4726,0.24604891188896247,scr2010,avaConv,runOfRiver
IT,h4727,0.24604891188896247,scr2010,avaConv,runOfRiver
IT,h4728,0.24604891188896247,scr2010,avaConv,runOfRiver
IT,h4729,0.2457211891975061,scr2010,avaConv,runOfRiver
IT,h4730,0.2453934665497594,scr2010,avaConv,runOfRiver
IT,h4731,0.24506574394578082,scr2010,avaConv,runOfRiver
IT,h4732,0.24506574394578082,scr2010,avaConv,runOfRiver
IT,h4733,0.24506574394578082,scr2010,avaConv,runOfRiver
IT,h4734,0.24506574394578082,scr2010,avaConv,runOfRiver
IT,h4735,0.24506574394578082,scr2010,avaConv,runOfRiver
IT,h4736,0.24506574394578082,scr2010,avaConv,runOfRiver
IT,h4737,0.24506574394578082,scr2010,avaConv,runOfRiver
IT,h4738,0.24506574394578082,scr2010,avaConv,runOfRiver
IT,h4739,0.24506574394578082,scr2010,avaConv,runOfRiver
IT,h4740,0.24506574394578082,scr2010,avaConv,runOfRiver
IT,h4741,0.24506574394578082,scr2010,avaConv,runOfRiver
IT,h4742,0.24506574394578082,scr2010,avaConv,runOfRiver
IT,h4743,0.24506574394578082,scr2010,avaConv,runOfRiver
IT,h4744,0.24506574394578082,scr2010,avaConv,runOfRiver
IT,h4745,0.24506574394578082,scr2010,avaConv,runOfRiver
IT,h4746,0.24506574394578082,scr2010,avaConv,runOfRiver
IT,h4747,0.24506574394578082,scr2010,avaConv,runOfRiver
IT,h4748,0.24506574394578082,scr2010,avaConv,runOfRiver
IT,h4749,0.24506574394578082,scr2010,avaConv,runOfRiver
IT,h4750,0.24506574394578082,scr2010,avaConv,runOfRiver
IT,h4751,0.24506574394578082,scr2010,avaConv,runOfRiver
IT,h4752,0.24506574394578082,scr2010,avaConv,runOfRiver
IT,h4753,0.24341789222359603,scr2010,avaConv,runOfRiver
IT,h4754,0.241770041616976,scr2010,avaConv,runOfRiver
IT,h4755,0.24012219213352365,scr2010,avaConv,runOfRiver
IT,h4756,0.24012219213352365,scr2010,avaConv,runOfRiver
IT,h4757,0.24012219213352365,scr2010,avaConv,runOfRiver
IT,h4758,0.24012219213352365,scr2010,avaConv,runOfRiver
IT,h4759,0.24012219213352365,scr2010,avaConv,runOfRiver
IT,h4760,0.24012219213352365,scr2010,avaConv,runOfRiver
IT,h4761,0.24012219213352365,scr2010,avaConv,runOfRiver
IT,h4762,0.24012219213352365,scr2010,avaConv,runOfRiver
IT,h4763,0.24012219213352365,scr2010,avaConv,runOfRiver
IT,h4764,0.24012219213352365,scr2010,avaConv,runOfRiver
IT,h4765,0.24012219213352365,scr2010,avaConv,runOfRiver
IT,h4766,0.24012219213352365,scr2010,avaConv,runOfRiver
IT,h4767,0.24012219213352365,scr2010,avaConv,runOfRiver
IT,h4768,0.24012219213352365,scr2010,avaConv,runOfRiver
IT,h4769,0.24012219213352365,scr2010,avaConv,runOfRiver
IT,h4770,0.24012219213352365,scr2010,avaConv,runOfRiver
IT,h4771,0.24012219213352365,scr2010,avaConv,runOfRiver
IT,h4772,0.24012219213352365,scr2010,avaConv,runOfRiver
IT,h4773,0.24012219213352365,scr2010,avaConv,runOfRiver
IT,h4774,0.24012219213352365,scr2010,avaConv,runOfRiver
IT,h4775,0.24012219213352365,scr2010,avaConv,runOfRiver
IT,h4776,0.24012219213352365,scr2010,avaConv,runOfRiver
IT,h4777,0.2371454029670558,scr2010,avaConv,runOfRiver
IT,h4778,0.2341686175374036,scr2010,avaConv,runOfRiver
IT,h4779,0.23119183589206868,scr2010,avaConv,runOfRiver
IT,h4780,0.23119183589206868,scr2010,avaConv,runOfRiver
IT,h4781,0.23119183589206868,scr2010,avaConv,runOfRiver
IT,h4782,0.23119183589206868,scr2010,avaConv,runOfRiver
IT,h4783,0.23119183589206868,scr2010,avaConv,runOfRiver
IT,h4784,0.23119183589206868,scr2010,avaConv,runOfRiver
IT,h4785,0.23119183589206868,scr2010,avaConv,runOfRiver
IT,h4786,0.23119183589206868,scr2010,avaConv,runOfRiver
IT,h4787,0.23119183589206868,scr2010,avaConv,runOfRiver
IT,h4788,0.23119183589206868,scr2010,avaConv,runOfRiver
IT,h4789,0.23119183589206868,scr2010,avaConv,runOfRiver
IT,h4790,0.23119183589206868,scr2010,avaConv,runOfRiver
IT,h4791,0.23119183589206868,scr2010,avaConv,runOfRiver
IT,h4792,0.23119183589206868,scr2010,avaConv,runOfRiver
IT,h4793,0.23119183589206868,scr2010,avaConv,runOfRiver
IT,h4794,0.23119183589206868,scr2010,avaConv,runOfRiver
IT,h4795,0.23119183589206868,scr2010,avaConv,runOfRiver
IT,h4796,0.23119183589206868,scr2010,avaConv,runOfRiver
IT,h4797,0.23119183589206868,scr2010,avaConv,runOfRiver
IT,h4798,0.23119183589206868,scr2010,avaConv,runOfRiver
IT,h4799,0.23119183589206868,scr2010,avaConv,runOfRiver
IT,h4800,0.23119183589206868,scr2010,avaConv,runOfRiver
IT,h4801,0.2298682847151711,scr2010,avaConv,runOfRiver
IT,h4802,0.22854473430037994,scr2010,avaConv,runOfRiver
IT,h4803,0.2272211846521084,scr2010,avaConv,runOfRiver
IT,h4804,0.2272211846521084,scr2010,avaConv,runOfRiver
IT,h4805,0.2272211846521084,scr2010,avaConv,runOfRiver
IT,h4806,0.2272211846521084,scr2010,avaConv,runOfRiver
IT,h4807,0.2272211846521084,scr2010,avaConv,runOfRiver
IT,h4808,0.2272211846521084,scr2010,avaConv,runOfRiver
IT,h4809,0.2272211846521084,scr2010,avaConv,runOfRiver
IT,h4810,0.2272211846521084,scr2010,avaConv,runOfRiver
IT,h4811,0.2272211846521084,scr2010,avaConv,runOfRiver
IT,h4812,0.2272211846521084,scr2010,avaConv,runOfRiver
IT,h4813,0.2272211846521084,scr2010,avaConv,runOfRiver
IT,h4814,0.2272211846521084,scr2010,avaConv,runOfRiver
IT,h4815,0.2272211846521084,scr2010,avaConv,runOfRiver
IT,h4816,0.2272211846521084,scr2010,avaConv,runOfRiver
IT,h4817,0.2272211846521084,scr2010,avaConv,runOfRiver
IT,h4818,0.2272211846521084,scr2010,avaConv,runOfRiver
IT,h4819,0.2272211846521084,scr2010,avaConv,runOfRiver
IT,h4820,0.2272211846521084,scr2010,avaConv,runOfRiver
IT,h4821,0.2272211846521084,scr2010,avaConv,runOfRiver
IT,h4822,0.2272211846521084,scr2010,avaConv,runOfRiver
IT,h4823,0.2272211846521084,scr2010,avaConv,runOfRiver
IT,h4824,0.2272211846521084,scr2010,avaConv,runOfRiver
IT,h4825,0.22663649732038696,scr2010,avaConv,runOfRiver
IT,h4826,0.22605181013951006,scr2010,avaConv,runOfRiver
IT,h4827,0.22546712310986788,scr2010,avaConv,runOfRiver
IT,h4828,0.22546712310986788,scr2010,avaConv,runOfRiver
IT,h4829,0.22546712310986788,scr2010,avaConv,runOfRiver
IT,h4830,0.22546712310986788,scr2010,avaConv,runOfRiver
IT,h4831,0.22546712310986788,scr2010,avaConv,runOfRiver
IT,h4832,0.22546712310986788,scr2010,avaConv,runOfRiver
IT,h4833,0.22546712310986788,scr2010,avaConv,runOfRiver
IT,h4834,0.22546712310986788,scr2010,avaConv,runOfRiver
IT,h4835,0.22546712310986788,scr2010,avaConv,runOfRiver
IT,h4836,0.22546712310986788,scr2010,avaConv,runOfRiver
IT,h4837,0.22546712310986788,scr2010,avaConv,runOfRiver
IT,h4838,0.22546712310986788,scr2010,avaConv,runOfRiver
IT,h4839,0.22546712310986788,scr2010,avaConv,runOfRiver
IT,h4840,0.22546712310986788,scr2010,avaConv,runOfRiver
IT,h4841,0.22546712310986788,scr2010,avaConv,runOfRiver
IT,h4842,0.22546712310986788,scr2010,avaConv,runOfRiver
IT,h4843,0.22546712310986788,scr2010,avaConv,runOfRiver
IT,h4844,0.22546712310986788,scr2010,avaConv,runOfRiver
IT,h4845,0.22546712310986788,scr2010,avaConv,runOfRiver
IT,h4846,0.22546712310986788,scr2010,avaConv,runOfRiver
IT,h4847,0.22546712310986788,scr2010,avaConv,runOfRiver
IT,h4848,0.22546712310986788,scr2010,avaConv,runOfRiver
IT,h4849,0.22413106265293845,scr2010,avaConv,runOfRiver
IT,h4850,0.2227950029924707,scr2010,avaConv,runOfRiver
IT,h4851,0.22145894413324066,scr2010,avaConv,runOfRiver
IT,h4852,0.22145894413324066,scr2010,avaConv,runOfRiver
IT,h4853,0.22145894413324066,scr2010,avaConv,runOfRiver
IT,h4854,0.22145894413324066,scr2010,avaConv,runOfRiver
IT,h4855,0.22145894413324066,scr2010,avaConv,runOfRiver
IT,h4856,0.22145894413324066,scr2010,avaConv,runOfRiver
IT,h4857,0.22145894413324066,scr2010,avaConv,runOfRiver
IT,h4858,0.22145894413324066,scr2010,avaConv,runOfRiver
IT,h4859,0.22145894413324066,scr2010,avaConv,runOfRiver
IT,h4860,0.22145894413324066,scr2010,avaConv,runOfRiver
IT,h4861,0.22145894413324066,scr2010,avaConv,runOfRiver
IT,h4862,0.22145894413324066,scr2010,avaConv,runOfRiver
IT,h4863,0.22145894413324066,scr2010,avaConv,runOfRiver
IT,h4864,0.22145894413324066,scr2010,avaConv,runOfRiver
IT,h4865,0.22145894413324066,scr2010,avaConv,runOfRiver
IT,h4866,0.22145894413324066,scr2010,avaConv,runOfRiver
IT,h4867,0.22145894413324066,scr2010,avaConv,runOfRiver
IT,h4868,0.22145894413324066,scr2010,avaConv,runOfRiver
IT,h4869,0.22145894413324066,scr2010,avaConv,runOfRiver
IT,h4870,0.22145894413324066,scr2010,avaConv,runOfRiver
IT,h4871,0.22145894413324066,scr2010,avaConv,runOfRiver
IT,h4872,0.22145894413324066,scr2010,avaConv,runOfRiver
IT,h4873,0.2188141701883066,scr2010,avaConv,runOfRiver
IT,h4874,0.21616939944024643,scr2010,avaConv,runOfRiver
IT,h4875,0.21352463192817236,scr2010,avaConv,runOfRiver
IT,h4876,0.21352463192817236,scr2010,avaConv,runOfRiver
IT,h4877,0.21352463192817236,scr2010,avaConv,runOfRiver
IT,h4878,0.21352463192817236,scr2010,avaConv,runOfRiver
IT,h4879,0.21352463192817236,scr2010,avaConv,runOfRiver
IT,h4880,0.21352463192817236,scr2010,avaConv,runOfRiver
IT,h4881,0.21352463192817236,scr2010,avaConv,runOfRiver
IT,h4882,0.21352463192817236,scr2010,avaConv,runOfRiver
IT,h4883,0.21352463192817236,scr2010,avaConv,runOfRiver
IT,h4884,0.21352463192817236,scr2010,avaConv,runOfRiver
IT,h4885,0.21352463192817236,scr2010,avaConv,runOfRiver
IT,h4886,0.21352463192817236,scr2010,avaConv,runOfRiver
IT,h4887,0.21352463192817236,scr2010,avaConv,runOfRiver
IT,h4888,0.21352463192817236,scr2010,avaConv,runOfRiver
IT,h4889,0.21352463192817236,scr2010,avaConv,runOfRiver
IT,h4890,0.21352463192817236,scr2010,avaConv,runOfRiver
IT,h4891,0.21352463192817236,scr2010,avaConv,runOfRiver
IT,h4892,0.21352463192817236,scr2010,avaConv,runOfRiver
IT,h4893,0.21352463192817236,scr2010,avaConv,runOfRiver
IT,h4894,0.21352463192817236,scr2010,avaConv,runOfRiver
IT,h4895,0.21352463192817236,scr2010,avaConv,runOfRiver
IT,h4896,0.21352463192817236,scr2010,avaConv,runOfRiver
IT,h4897,0.21248300246171456,scr2010,avaConv,runOfRiver
IT,h4898,0.21144137350590203,scr2010,avaConv,runOfRiver
IT,h4899,0.2103997450632503,scr2010,avaConv,runOfRiver
IT,h4900,0.2103997450632503,scr2010,avaConv,runOfRiver
IT,h4901,0.2103997450632503,scr2010,avaConv,runOfRiver
IT,h4902,0.2103997450632503,scr2010,avaConv,runOfRiver
IT,h4903,0.2103997450632503,scr2010,avaConv,runOfRiver
IT,h4904,0.2103997450632503,scr2010,avaConv,runOfRiver
IT,h4905,0.2103997450632503,scr2010,avaConv,runOfRiver
IT,h4906,0.2103997450632503,scr2010,avaConv,runOfRiver
IT,h4907,0.2103997450632503,scr2010,avaConv,runOfRiver
IT,h4908,0.2103997450632503,scr2010,avaConv,runOfRiver
IT,h4909,0.2103997450632503,scr2010,avaConv,runOfRiver
IT,h4910,0.2103997450632503,scr2010,avaConv,runOfRiver
IT,h4911,0.2103997450632503,scr2010,avaConv,runOfRiver
IT,h4912,0.2103997450632503,scr2010,avaConv,runOfRiver
IT,h4913,0.2103997450632503,scr2010,avaConv,runOfRiver
IT,h4914,0.2103997450632503,scr2010,avaConv,runOfRiver
IT,h4915,0.2103997450632503,scr2010,avaConv,runOfRiver
IT,h4916,0.2103997450632503,scr2010,avaConv,runOfRiver
IT,h4917,0.2103997450632503,scr2010,avaConv,runOfRiver
IT,h4918,0.2103997450632503,scr2010,avaConv,runOfRiver
IT,h4919,0.2103997450632503,scr2010,avaConv,runOfRiver
IT,h4920,0.2103997450632503,scr2010,avaConv,runOfRiver
IT,h4921,0.2097830190324119,scr2010,avaConv,runOfRiver
IT,h4922,0.20916629318288735,scr2010,avaConv,runOfRiver
IT,h4923,0.2085495675152112,scr2010,avaConv,runOfRiver
IT,h4924,0.2085495675152112,scr2010,avaConv,runOfRiver
IT,h4925,0.2085495675152112,scr2010,avaConv,runOfRiver
IT,h4926,0.2085495675152112,scr2010,avaConv,runOfRiver
IT,h4927,0.2085495675152112,scr2010,avaConv,runOfRiver
IT,h4928,0.2085495675152112,scr2010,avaConv,runOfRiver
IT,h4929,0.2085495675152112,scr2010,avaConv,runOfRiver
IT,h4930,0.2085495675152112,scr2010,avaConv,runOfRiver
IT,h4931,0.2085495675152112,scr2010,avaConv,runOfRiver
IT,h4932,0.2085495675152112,scr2010,avaConv,runOfRiver
IT,h4933,0.2085495675152112,scr2010,avaConv,runOfRiver
IT,h4934,0.2085495675152112,scr2010,avaConv,runOfRiver
IT,h4935,0.2085495675152112,scr2010,avaConv,runOfRiver
IT,h4936,0.2085495675152112,scr2010,avaConv,runOfRiver
IT,h4937,0.2085495675152112,scr2010,avaConv,runOfRiver
IT,h4938,0.2085495675152112,scr2010,avaConv,runOfRiver
IT,h4939,0.2085495675152112,scr2010,avaConv,runOfRiver
IT,h4940,0.2085495675152112,scr2010,avaConv,runOfRiver
IT,h4941,0.2085495675152112,scr2010,avaConv,runOfRiver
IT,h4942,0.2085495675152112,scr2010,avaConv,runOfRiver
IT,h4943,0.2085495675152112,scr2010,avaConv,runOfRiver
IT,h4944,0.2085495675152112,scr2010,avaConv,runOfRiver
IT,h4945,0.20859869357615876,scr2010,avaConv,runOfRiver
IT,h4946,0.20864781963826334,scr2010,avaConv,runOfRiver
IT,h4947,0.2086969457015246,scr2010,avaConv,runOfRiver
IT,h4948,0.2086969457015246,scr2010,avaConv,runOfRiver
IT,h4949,0.2086969457015246,scr2010,avaConv,runOfRiver
IT,h4950,0.2086969457015246,scr2010,avaConv,runOfRiver
IT,h4951,0.2086969457015246,scr2010,avaConv,runOfRiver
IT,h4952,0.2086969457015246,scr2010,avaConv,runOfRiver
IT,h4953,0.2086969457015246,scr2010,avaConv,runOfRiver
IT,h4954,0.2086969457015246,scr2010,avaConv,runOfRiver
IT,h4955,0.2086969457015246,scr2010,avaConv,runOfRiver
IT,h4956,0.2086969457015246,scr2010,avaConv,runOfRiver
IT,h4957,0.2086969457015246,scr2010,avaConv,runOfRiver
IT,h4958,0.2086969457015246,scr2010,avaConv,runOfRiver
IT,h4959,0.2086969457015246,scr2010,avaConv,runOfRiver
IT,h4960,0.2086969457015246,scr2010,avaConv,runOfRiver
IT,h4961,0.2086969457015246,scr2010,avaConv,runOfRiver
IT,h4962,0.2086969457015246,scr2010,avaConv,runOfRiver
IT,h4963,0.2086969457015246,scr2010,avaConv,runOfRiver
IT,h4964,0.2086969457015246,scr2010,avaConv,runOfRiver
IT,h4965,0.2086969457015246,scr2010,avaConv,runOfRiver
IT,h4966,0.2086969457015246,scr2010,avaConv,runOfRiver
IT,h4967,0.2086969457015246,scr2010,avaConv,runOfRiver
IT,h4968,0.2086969457015246,scr2010,avaConv,runOfRiver
IT,h4969,0.208022305992342,scr2010,avaConv,runOfRiver
IT,h4970,0.20734766650196143,scr2010,avaConv,runOfRiver
IT,h4971,0.20667302723109465,scr2010,avaConv,runOfRiver
IT,h4972,0.20667302723109465,scr2010,avaConv,runOfRiver
IT,h4973,0.20667302723109465,scr2010,avaConv,runOfRiver
IT,h4974,0.20667302723109465,scr2010,avaConv,runOfRiver
IT,h4975,0.20667302723109465,scr2010,avaConv,runOfRiver
IT,h4976,0.20667302723109465,scr2010,avaConv,runOfRiver
IT,h4977,0.20667302723109465,scr2010,avaConv,runOfRiver
IT,h4978,0.20667302723109465,scr2010,avaConv,runOfRiver
IT,h4979,0.20667302723109465,scr2010,avaConv,runOfRiver
IT,h4980,0.20667302723109465,scr2010,avaConv,runOfRiver
IT,h4981,0.20667302723109465,scr2010,avaConv,runOfRiver
IT,h4982,0.20667302723109465,scr2010,avaConv,runOfRiver
IT,h4983,0.20667302723109465,scr2010,avaConv,runOfRiver
IT,h4984,0.20667302723109465,scr2010,avaConv,runOfRiver
IT,h4985,0.20667302723109465,scr2010,avaConv,runOfRiver
IT,h4986,0.20667302723109465,scr2010,avaConv,runOfRiver
IT,h4987,0.20667302723109465,scr2010,avaConv,runOfRiver
IT,h4988,0.20667302723109465,scr2010,avaConv,runOfRiver
IT,h4989,0.20667302723109465,scr2010,avaConv,runOfRiver
IT,h4990,0.20667302723109465,scr2010,avaConv,runOfRiver
IT,h4991,0.20667302723109465,scr2010,avaConv,runOfRiver
IT,h4992,0.20667302723109465,scr2010,avaConv,runOfRiver
IT,h4993,0.20528984080342025,scr2010,avaConv,runOfRiver
IT,h4994,0.20390665530774288,scr2010,avaConv,runOfRiver
IT,h4995,0.2025234707503844,scr2010,avaConv,runOfRiver
IT,h4996,0.2025234707503844,scr2010,avaConv,runOfRiver
IT,h4997,0.2025234707503844,scr2010,avaConv,runOfRiver
IT,h4998,0.2025234707503844,scr2010,avaConv,runOfRiver
IT,h4999,0.2025234707503844,scr2010,avaConv,runOfRiver
IT,h5000,0.2025234707503844,scr2010,avaConv,runOfRiver
IT,h5001,0.2025234707503844,scr2010,avaConv,runOfRiver
IT,h5002,0.2025234707503844,scr2010,avaConv,runOfRiver
IT,h5003,0.2025234707503844,scr2010,avaConv,runOfRiver
IT,h5004,0.2025234707503844,scr2010,avaConv,runOfRiver
IT,h5005,0.2025234707503844,scr2010,avaConv,runOfRiver
IT,h5006,0.2025234707503844,scr2010,avaConv,runOfRiver
IT,h5007,0.2025234707503844,scr2010,avaConv,runOfRiver
IT,h5008,0.2025234707503844,scr2010,avaConv,runOfRiver
IT,h5009,0.2025234707503844,scr2010,avaConv,runOfRiver
IT,h5010,0.2025234707503844,scr2010,avaConv,runOfRiver
IT,h5011,0.2025234707503844,scr2010,avaConv,runOfRiver
IT,h5012,0.2025234707503844,scr2010,avaConv,runOfRiver
IT,h5013,0.2025234707503844,scr2010,avaConv,runOfRiver
IT,h5014,0.2025234707503844,scr2010,avaConv,runOfRiver
IT,h5015,0.2025234707503844,scr2010,avaConv,runOfRiver
IT,h5016,0.2025234707503844,scr2010,avaConv,runOfRiver
IT,h5017,0.2010412372119706,scr2010,avaConv,runOfRiver
IT,h5018,0.19955900476643204,scr2010,avaConv,runOfRiver
IT,h5019,0.19807677342188582,scr2010,avaConv,runOfRiver
IT,h5020,0.19807677342188582,scr2010,avaConv,runOfRiver
IT,h5021,0.19807677342188582,scr2010,avaConv,runOfRiver
IT,h5022,0.19807677342188582,scr2010,avaConv,runOfRiver
IT,h5023,0.19807677342188582,scr2010,avaConv,runOfRiver
IT,h5024,0.19807677342188582,scr2010,avaConv,runOfRiver
IT,h5025,0.19807677342188582,scr2010,avaConv,runOfRiver
IT,h5026,0.19807677342188582,scr2010,avaConv,runOfRiver
IT,h5027,0.19807677342188582,scr2010,avaConv,runOfRiver
IT,h5028,0.19807677342188582,scr2010,avaConv,runOfRiver
IT,h5029,0.19807677342188582,scr2010,avaConv,runOfRiver
IT,h5030,0.19807677342188582,scr2010,avaConv,runOfRiver
IT,h5031,0.19807677342188582,scr2010,avaConv,runOfRiver
IT,h5032,0.19807677342188582,scr2010,avaConv,runOfRiver
IT,h5033,0.19807677342188582,scr2010,avaConv,runOfRiver
IT,h5034,0.19807677342188582,scr2010,avaConv,runOfRiver
IT,h5035,0.19807677342188582,scr2010,avaConv,runOfRiver
IT,h5036,0.19807677342188582,scr2010,avaConv,runOfRiver
IT,h5037,0.19807677342188582,scr2010,avaConv,runOfRiver
IT,h5038,0.19807677342188582,scr2010,avaConv,runOfRiver
IT,h5039,0.19807677342188582,scr2010,avaConv,runOfRiver
IT,h5040,0.19807677342188582,scr2010,avaConv,runOfRiver
IT,h5041,0.1984346244532565,scr2010,avaConv,runOfRiver
IT,h5042,0.1987924755491639,scr2010,avaConv,runOfRiver
IT,h5043,0.19915032670949193,scr2010,avaConv,runOfRiver
IT,h5044,0.19915032670949193,scr2010,avaConv,runOfRiver
IT,h5045,0.19915032670949193,scr2010,avaConv,runOfRiver
IT,h5046,0.19915032670949193,scr2010,avaConv,runOfRiver
IT,h5047,0.19915032670949193,scr2010,avaConv,runOfRiver
IT,h5048,0.19915032670949193,scr2010,avaConv,runOfRiver
IT,h5049,0.19915032670949193,scr2010,avaConv,runOfRiver
IT,h5050,0.19915032670949193,scr2010,avaConv,runOfRiver
IT,h5051,0.19915032670949193,scr2010,avaConv,runOfRiver
IT,h5052,0.19915032670949193,scr2010,avaConv,runOfRiver
IT,h5053,0.19915032670949193,scr2010,avaConv,runOfRiver
IT,h5054,0.19915032670949193,scr2010,avaConv,runOfRiver
IT,h5055,0.19915032670949193,scr2010,avaConv,runOfRiver
IT,h5056,0.19915032670949193,scr2010,avaConv,runOfRiver
IT,h5057,0.19915032670949193,scr2010,avaConv,runOfRiver
IT,h5058,0.19915032670949193,scr2010,avaConv,runOfRiver
IT,h5059,0.19915032670949193,scr2010,avaConv,runOfRiver
IT,h5060,0.19915032670949193,scr2010,avaConv,runOfRiver
IT,h5061,0.19915032670949193,scr2010,avaConv,runOfRiver
IT,h5062,0.19915032670949193,scr2010,avaConv,runOfRiver
IT,h5063,0.19915032670949193,scr2010,avaConv,runOfRiver
IT,h5064,0.19915032670949193,scr2010,avaConv,runOfRiver
IT,h5065,0.19949590347703489,scr2010,avaConv,runOfRiver
IT,h5066,0.19984148030444313,scr2010,avaConv,runOfRiver
IT,h5067,0.20018705719161303,scr2010,avaConv,runOfRiver
IT,h5068,0.20018705719161303,scr2010,avaConv,runOfRiver
IT,h5069,0.20018705719161303,scr2010,avaConv,runOfRiver
IT,h5070,0.20018705719161303,scr2010,avaConv,runOfRiver
IT,h5071,0.20018705719161303,scr2010,avaConv,runOfRiver
IT,h5072,0.20018705719161303,scr2010,avaConv,runOfRiver
IT,h5073,0.20018705719161303,scr2010,avaConv,runOfRiver
IT,h5074,0.20018705719161303,scr2010,avaConv,runOfRiver
IT,h5075,0.20018705719161303,scr2010,avaConv,runOfRiver
IT,h5076,0.20018705719161303,scr2010,avaConv,runOfRiver
IT,h5077,0.20018705719161303,scr2010,avaConv,runOfRiver
IT,h5078,0.20018705719161303,scr2010,avaConv,runOfRiver
IT,h5079,0.20018705719161303,scr2010,avaConv,runOfRiver
IT,h5080,0.20018705719161303,scr2010,avaConv,runOfRiver
IT,h5081,0.20018705719161303,scr2010,avaConv,runOfRiver
IT,h5082,0.20018705719161303,scr2010,avaConv,runOfRiver
IT,h5083,0.20018705719161303,scr2010,avaConv,runOfRiver
IT,h5084,0.20018705719161303,scr2010,avaConv,runOfRiver
IT,h5085,0.20018705719161303,scr2010,avaConv,runOfRiver
IT,h5086,0.20018705719161303,scr2010,avaConv,runOfRiver
IT,h5087,0.20018705719161303,scr2010,avaConv,runOfRiver
IT,h5088,0.20018705719161303,scr2010,avaConv,runOfRiver
IT,h5089,0.19951350937732926,scr2010,avaConv,runOfRiver
IT,h5090,0.1988399617904424,scr2010,avaConv,runOfRiver
IT,h5091,0.1981664144317227,scr2010,avaConv,runOfRiver
IT,h5092,0.1981664144317227,scr2010,avaConv,runOfRiver
IT,h5093,0.1981664144317227,scr2010,avaConv,runOfRiver
IT,h5094,0.1981664144317227,scr2010,avaConv,runOfRiver
IT,h5095,0.1981664144317227,scr2010,avaConv,runOfRiver
IT,h5096,0.1981664144317227,scr2010,avaConv,runOfRiver
IT,h5097,0.1981664144317227,scr2010,avaConv,runOfRiver
IT,h5098,0.1981664144317227,scr2010,avaConv,runOfRiver
IT,h5099,0.1981664144317227,scr2010,avaConv,runOfRiver
IT,h5100,0.1981664144317227,scr2010,avaConv,runOfRiver
IT,h5101,0.1981664144317227,scr2010,avaConv,runOfRiver
IT,h5102,0.1981664144317227,scr2010,avaConv,runOfRiver
IT,h5103,0.1981664144317227,scr2010,avaConv,runOfRiver
IT,h5104,0.1981664144317227,scr2010,avaConv,runOfRiver
IT,h5105,0.1981664144317227,scr2010,avaConv,runOfRiver
IT,h5106,0.1981664144317227,scr2010,avaConv,runOfRiver
IT,h5107,0.1981664144317227,scr2010,avaConv,runOfRiver
IT,h5108,0.1981664144317227,scr2010,avaConv,runOfRiver
IT,h5109,0.1981664144317227,scr2010,avaConv,runOfRiver
IT,h5110,0.1981664144317227,scr2010,avaConv,runOfRiver
IT,h5111,0.1981664144317227,scr2010,avaConv,runOfRiver
IT,h5112,0.1981664144317227,scr2010,avaConv,runOfRiver
IT,h5113,0.19764058872272564,scr2010,avaConv,runOfRiver
IT,h5114,0.19711476315363188,scr2010,avaConv,runOfRiver
IT,h5115,0.19658893772481453,scr2010,avaConv,runOfRiver
IT,h5116,0.19658893772481453,scr2010,avaConv,runOfRiver
IT,h5117,0.19658893772481453,scr2010,avaConv,runOfRiver
IT,h5118,0.19658893772481453,scr2010,avaConv,runOfRiver
IT,h5119,0.19658893772481453,scr2010,avaConv,runOfRiver
IT,h5120,0.19658893772481453,scr2010,avaConv,runOfRiver
IT,h5121,0.19658893772481453,scr2010,avaConv,runOfRiver
IT,h5122,0.19658893772481453,scr2010,avaConv,runOfRiver
IT,h5123,0.19658893772481453,scr2010,avaConv,runOfRiver
IT,h5124,0.19658893772481453,scr2010,avaConv,runOfRiver
IT,h5125,0.19658893772481453,scr2010,avaConv,runOfRiver
IT,h5126,0.19658893772481453,scr2010,avaConv,runOfRiver
IT,h5127,0.19658893772481453,scr2010,avaConv,runOfRiver
IT,h5128,0.19658893772481453,scr2010,avaConv,runOfRiver
IT,h5129,0.19658893772481453,scr2010,avaConv,runOfRiver
IT,h5130,0.19658893772481453,scr2010,avaConv,runOfRiver
IT,h5131,0.19658893772481453,scr2010,avaConv,runOfRiver
IT,h5132,0.19658893772481453,scr2010,avaConv,runOfRiver
IT,h5133,0.19658893772481453,scr2010,avaConv,runOfRiver
IT,h5134,0.19658893772481453,scr2010,avaConv,runOfRiver
IT,h5135,0.19658893772481453,scr2010,avaConv,runOfRiver
IT,h5136,0.19658893772481453,scr2010,avaConv,runOfRiver
IT,h5137,0.1955056058460686,scr2010,avaConv,runOfRiver
IT,h5138,0.19442227456764766,scr2010,avaConv,runOfRiver
IT,h5139,0.1933389438928966,scr2010,avaConv,runOfRiver
IT,h5140,0.1933389438928966,scr2010,avaConv,runOfRiver
IT,h5141,0.1933389438928966,scr2010,avaConv,runOfRiver
IT,h5142,0.1933389438928966,scr2010,avaConv,runOfRiver
IT,h5143,0.1933389438928966,scr2010,avaConv,runOfRiver
IT,h5144,0.1933389438928966,scr2010,avaConv,runOfRiver
IT,h5145,0.1933389438928966,scr2010,avaConv,runOfRiver
IT,h5146,0.1933389438928966,scr2010,avaConv,runOfRiver
IT,h5147,0.1933389438928966,scr2010,avaConv,runOfRiver
IT,h5148,0.1933389438928966,scr2010,avaConv,runOfRiver
IT,h5149,0.1933389438928966,scr2010,avaConv,runOfRiver
IT,h5150,0.1933389438928966,scr2010,avaConv,runOfRiver
IT,h5151,0.1933389438928966,scr2010,avaConv,runOfRiver
IT,h5152,0.1933389438928966,scr2010,avaConv,runOfRiver
IT,h5153,0.1933389438928966,scr2010,avaConv,runOfRiver
IT,h5154,0.1933389438928966,scr2010,avaConv,runOfRiver
IT,h5155,0.1933389438928966,scr2010,avaConv,runOfRiver
IT,h5156,0.1933389438928966,scr2010,avaConv,runOfRiver
IT,h5157,0.1933389438928966,scr2010,avaConv,runOfRiver
IT,h5158,0.1933389438928966,scr2010,avaConv,runOfRiver
IT,h5159,0.1933389438928966,scr2010,avaConv,runOfRiver
IT,h5160,0.1933389438928966,scr2010,avaConv,runOfRiver
IT,h5161,0.19289918238352383,scr2010,avaConv,runOfRiver
IT,h5162,0.19245942097441063,scr2010,avaConv,runOfRiver
IT,h5163,0.19201965966578605,scr2010,avaConv,runOfRiver
IT,h5164,0.19201965966578605,scr2010,avaConv,runOfRiver
IT,h5165,0.19201965966578605,scr2010,avaConv,runOfRiver
IT,h5166,0.19201965966578605,scr2010,avaConv,runOfRiver
IT,h5167,0.19201965966578605,scr2010,avaConv,runOfRiver
IT,h5168,0.19201965966578605,scr2010,avaConv,runOfRiver
IT,h5169,0.19201965966578605,scr2010,avaConv,runOfRiver
IT,h5170,0.19201965966578605,scr2010,avaConv,runOfRiver
IT,h5171,0.19201965966578605,scr2010,avaConv,runOfRiver
IT,h5172,0.19201965966578605,scr2010,avaConv,runOfRiver
IT,h5173,0.19201965966578605,scr2010,avaConv,runOfRiver
IT,h5174,0.19201965966578605,scr2010,avaConv,runOfRiver
IT,h5175,0.19201965966578605,scr2010,avaConv,runOfRiver
IT,h5176,0.19201965966578605,scr2010,avaConv,runOfRiver
IT,h5177,0.19201965966578605,scr2010,avaConv,runOfRiver
IT,h5178,0.19201965966578605,scr2010,avaConv,runOfRiver
IT,h5179,0.19201965966578605,scr2010,avaConv,runOfRiver
IT,h5180,0.19201965966578605,scr2010,avaConv,runOfRiver
IT,h5181,0.19201965966578605,scr2010,avaConv,runOfRiver
IT,h5182,0.19201965966578605,scr2010,avaConv,runOfRiver
IT,h5183,0.19201965966578605,scr2010,avaConv,runOfRiver
IT,h5184,0.19201965966578605,scr2010,avaConv,runOfRiver
IT,h5185,0.1916519828609573,scr2010,avaConv,runOfRiver
IT,h5186,0.19128430612666947,scr2010,avaConv,runOfRiver
IT,h5187,0.1909166294630581,scr2010,avaConv,runOfRiver
IT,h5188,0.1909166294630581,scr2010,avaConv,runOfRiver
IT,h5189,0.1909166294630581,scr2010,avaConv,runOfRiver
IT,h5190,0.1909166294630581,scr2010,avaConv,runOfRiver
IT,h5191,0.1909166294630581,scr2010,avaConv,runOfRiver
IT,h5192,0.1909166294630581,scr2010,avaConv,runOfRiver
IT,h5193,0.1909166294630581,scr2010,avaConv,runOfRiver
IT,h5194,0.1909166294630581,scr2010,avaConv,runOfRiver
IT,h5195,0.1909166294630581,scr2010,avaConv,runOfRiver
IT,h5196,0.1909166294630581,scr2010,avaConv,runOfRiver
IT,h5197,0.1909166294630581,scr2010,avaConv,runOfRiver
IT,h5198,0.1909166294630581,scr2010,avaConv,runOfRiver
IT,h5199,0.1909166294630581,scr2010,avaConv,runOfRiver
IT,h5200,0.1909166294630581,scr2010,avaConv,runOfRiver
IT,h5201,0.1909166294630581,scr2010,avaConv,runOfRiver
IT,h5202,0.1909166294630581,scr2010,avaConv,runOfRiver
IT,h5203,0.1909166294630581,scr2010,avaConv,runOfRiver
IT,h5204,0.1909166294630581,scr2010,avaConv,runOfRiver
IT,h5205,0.1909166294630581,scr2010,avaConv,runOfRiver
IT,h5206,0.1909166294630581,scr2010,avaConv,runOfRiver
IT,h5207,0.1909166294630581,scr2010,avaConv,runOfRiver
IT,h5208,0.1909166294630581,scr2010,avaConv,runOfRiver
IT,h5209,0.1904045946182001,scr2010,avaConv,runOfRiver
IT,h5210,0.18989255991104542,scr2010,avaConv,runOfRiver
IT,h5211,0.1893805253419653,scr2010,avaConv,runOfRiver
IT,h5212,0.1893805253419653,scr2010,avaConv,runOfRiver
IT,h5213,0.1893805253419653,scr2010,avaConv,runOfRiver
IT,h5214,0.1893805253419653,scr2010,avaConv,runOfRiver
IT,h5215,0.1893805253419653,scr2010,avaConv,runOfRiver
IT,h5216,0.1893805253419653,scr2010,avaConv,runOfRiver
IT,h5217,0.1893805253419653,scr2010,avaConv,runOfRiver
IT,h5218,0.1893805253419653,scr2010,avaConv,runOfRiver
IT,h5219,0.1893805253419653,scr2010,avaConv,runOfRiver
IT,h5220,0.1893805253419653,scr2010,avaConv,runOfRiver
IT,h5221,0.1893805253419653,scr2010,avaConv,runOfRiver
IT,h5222,0.1893805253419653,scr2010,avaConv,runOfRiver
IT,h5223,0.1893805253419653,scr2010,avaConv,runOfRiver
IT,h5224,0.1893805253419653,scr2010,avaConv,runOfRiver
IT,h5225,0.1893805253419653,scr2010,avaConv,runOfRiver
IT,h5226,0.1893805253419653,scr2010,avaConv,runOfRiver
IT,h5227,0.1893805253419653,scr2010,avaConv,runOfRiver
IT,h5228,0.1893805253419653,scr2010,avaConv,runOfRiver
IT,h5229,0.1893805253419653,scr2010,avaConv,runOfRiver
IT,h5230,0.1893805253419653,scr2010,avaConv,runOfRiver
IT,h5231,0.1893805253419653,scr2010,avaConv,runOfRiver
IT,h5232,0.1893805253419653,scr2010,avaConv,runOfRiver
IT,h5233,0.18859181424341293,scr2010,avaConv,runOfRiver
IT,h5234,0.18780310347472623,scr2010,avaConv,runOfRiver
IT,h5235,0.18701439303729045,scr2010,avaConv,runOfRiver
IT,h5236,0.18701439303729045,scr2010,avaConv,runOfRiver
IT,h5237,0.18701439303729045,scr2010,avaConv,runOfRiver
IT,h5238,0.18701439303729045,scr2010,avaConv,runOfRiver
IT,h5239,0.18701439303729045,scr2010,avaConv,runOfRiver
IT,h5240,0.18701439303729045,scr2010,avaConv,runOfRiver
IT,h5241,0.18701439303729045,scr2010,avaConv,runOfRiver
IT,h5242,0.18701439303729045,scr2010,avaConv,runOfRiver
IT,h5243,0.18701439303729045,scr2010,avaConv,runOfRiver
IT,h5244,0.18701439303729045,scr2010,avaConv,runOfRiver
IT,h5245,0.18701439303729045,scr2010,avaConv,runOfRiver
IT,h5246,0.18701439303729045,scr2010,avaConv,runOfRiver
IT,h5247,0.18701439303729045,scr2010,avaConv,runOfRiver
IT,h5248,0.18701439303729045,scr2010,avaConv,runOfRiver
IT,h5249,0.18701439303729045,scr2010,avaConv,runOfRiver
IT,h5250,0.18701439303729045,scr2010,avaConv,runOfRiver
IT,h5251,0.18701439303729045,scr2010,avaConv,runOfRiver
IT,h5252,0.18701439303729045,scr2010,avaConv,runOfRiver
IT,h5253,0.18701439303729045,scr2010,avaConv,runOfRiver
IT,h5254,0.18701439303729045,scr2010,avaConv,runOfRiver
IT,h5255,0.18701439303729045,scr2010,avaConv,runOfRiver
IT,h5256,0.18701439303729045,scr2010,avaConv,runOfRiver
IT,h5257,0.18685781061686854,scr2010,avaConv,runOfRiver
IT,h5258,0.18670122820956855,scr2010,avaConv,runOfRiver
IT,h5259,0.18654464581540153,scr2010,avaConv,runOfRiver
IT,h5260,0.18654464581540153,scr2010,avaConv,runOfRiver
IT,h5261,0.18654464581540153,scr2010,avaConv,runOfRiver
IT,h5262,0.18654464581540153,scr2010,avaConv,runOfRiver
IT,h5263,0.18654464581540153,scr2010,avaConv,runOfRiver
IT,h5264,0.18654464581540153,scr2010,avaConv,runOfRiver
IT,h5265,0.18654464581540153,scr2010,avaConv,runOfRiver
IT,h5266,0.18654464581540153,scr2010,avaConv,runOfRiver
IT,h5267,0.18654464581540153,scr2010,avaConv,runOfRiver
IT,h5268,0.18654464581540153,scr2010,avaConv,runOfRiver
IT,h5269,0.18654464581540153,scr2010,avaConv,runOfRiver
IT,h5270,0.18654464581540153,scr2010,avaConv,runOfRiver
IT,h5271,0.18654464581540153,scr2010,avaConv,runOfRiver
IT,h5272,0.18654464581540153,scr2010,avaConv,runOfRiver
IT,h5273,0.18654464581540153,scr2010,avaConv,runOfRiver
IT,h5274,0.18654464581540153,scr2010,avaConv,runOfRiver
IT,h5275,0.18654464581540153,scr2010,avaConv,runOfRiver
IT,h5276,0.18654464581540153,scr2010,avaConv,runOfRiver
IT,h5277,0.18654464581540153,scr2010,avaConv,runOfRiver
IT,h5278,0.18654464581540153,scr2010,avaConv,runOfRiver
IT,h5279,0.18654464581540153,scr2010,avaConv,runOfRiver
IT,h5280,0.18654464581540153,scr2010,avaConv,runOfRiver
IT,h5281,0.18684245674850603,scr2010,avaConv,runOfRiver
IT,h5282,0.18714026772908163,scr2010,avaConv,runOfRiver
IT,h5283,0.1874380787570528,scr2010,avaConv,runOfRiver
IT,h5284,0.1874380787570528,scr2010,avaConv,runOfRiver
IT,h5285,0.1874380787570528,scr2010,avaConv,runOfRiver
IT,h5286,0.1874380787570528,scr2010,avaConv,runOfRiver
IT,h5287,0.1874380787570528,scr2010,avaConv,runOfRiver
IT,h5288,0.1874380787570528,scr2010,avaConv,runOfRiver
IT,h5289,0.1874380787570528,scr2010,avaConv,runOfRiver
IT,h5290,0.1874380787570528,scr2010,avaConv,runOfRiver
IT,h5291,0.1874380787570528,scr2010,avaConv,runOfRiver
IT,h5292,0.1874380787570528,scr2010,avaConv,runOfRiver
IT,h5293,0.1874380787570528,scr2010,avaConv,runOfRiver
IT,h5294,0.1874380787570528,scr2010,avaConv,runOfRiver
IT,h5295,0.1874380787570528,scr2010,avaConv,runOfRiver
IT,h5296,0.1874380787570528,scr2010,avaConv,runOfRiver
IT,h5297,0.1874380787570528,scr2010,avaConv,runOfRiver
IT,h5298,0.1874380787570528,scr2010,avaConv,runOfRiver
IT,h5299,0.1874380787570528,scr2010,avaConv,runOfRiver
IT,h5300,0.1874380787570528,scr2010,avaConv,runOfRiver
IT,h5301,0.1874380787570528,scr2010,avaConv,runOfRiver
IT,h5302,0.1874380787570528,scr2010,avaConv,runOfRiver
IT,h5303,0.1874380787570528,scr2010,avaConv,runOfRiver
IT,h5304,0.1874380787570528,scr2010,avaConv,runOfRiver
IT,h5305,0.1869754622864769,scr2010,avaConv,runOfRiver
IT,h5306,0.18651284593036832,scr2010,avaConv,runOfRiver
IT,h5307,0.1860502296890109,scr2010,avaConv,runOfRiver
IT,h5308,0.1860502296890109,scr2010,avaConv,runOfRiver
IT,h5309,0.1860502296890109,scr2010,avaConv,runOfRiver
IT,h5310,0.1860502296890109,scr2010,avaConv,runOfRiver
IT,h5311,0.1860502296890109,scr2010,avaConv,runOfRiver
IT,h5312,0.1860502296890109,scr2010,avaConv,runOfRiver
IT,h5313,0.1860502296890109,scr2010,avaConv,runOfRiver
IT,h5314,0.1860502296890109,scr2010,avaConv,runOfRiver
IT,h5315,0.1860502296890109,scr2010,avaConv,runOfRiver
IT,h5316,0.1860502296890109,scr2010,avaConv,runOfRiver
IT,h5317,0.1860502296890109,scr2010,avaConv,runOfRiver
IT,h5318,0.1860502296890109,scr2010,avaConv,runOfRiver
IT,h5319,0.1860502296890109,scr2010,avaConv,runOfRiver
IT,h5320,0.1860502296890109,scr2010,avaConv,runOfRiver
IT,h5321,0.1860502296890109,scr2010,avaConv,runOfRiver
IT,h5322,0.1860502296890109,scr2010,avaConv,runOfRiver
IT,h5323,0.1860502296890109,scr2010,avaConv,runOfRiver
IT,h5324,0.1860502296890109,scr2010,avaConv,runOfRiver
IT,h5325,0.1860502296890109,scr2010,avaConv,runOfRiver
IT,h5326,0.1860502296890109,scr2010,avaConv,runOfRiver
IT,h5327,0.1860502296890109,scr2010,avaConv,runOfRiver
IT,h5328,0.1860502296890109,scr2010,avaConv,runOfRiver
IT,h5329,0.18595840562343965,scr2010,avaConv,runOfRiver
IT,h5330,0.1858665815624029,scr2010,avaConv,runOfRiver
IT,h5331,0.18577475750590272,scr2010,avaConv,runOfRiver
IT,h5332,0.18577475750590272,scr2010,avaConv,runOfRiver
IT,h5333,0.18577475750590272,scr2010,avaConv,runOfRiver
IT,h5334,0.18577475750590272,scr2010,avaConv,runOfRiver
IT,h5335,0.18577475750590272,scr2010,avaConv,runOfRiver
IT,h5336,0.18577475750590272,scr2010,avaConv,runOfRiver
IT,h5337,0.18577475750590272,scr2010,avaConv,runOfRiver
IT,h5338,0.18577475750590272,scr2010,avaConv,runOfRiver
IT,h5339,0.18577475750590272,scr2010,avaConv,runOfRiver
IT,h5340,0.18577475750590272,scr2010,avaConv,runOfRiver
IT,h5341,0.18577475750590272,scr2010,avaConv,runOfRiver
IT,h5342,0.18577475750590272,scr2010,avaConv,runOfRiver
IT,h5343,0.18577475750590272,scr2010,avaConv,runOfRiver
IT,h5344,0.18577475750590272,scr2010,avaConv,runOfRiver
IT,h5345,0.18577475750590272,scr2010,avaConv,runOfRiver
IT,h5346,0.18577475750590272,scr2010,avaConv,runOfRiver
IT,h5347,0.18577475750590272,scr2010,avaConv,runOfRiver
IT,h5348,0.18577475750590272,scr2010,avaConv,runOfRiver
IT,h5349,0.18577475750590272,scr2010,avaConv,runOfRiver
IT,h5350,0.18577475750590272,scr2010,avaConv,runOfRiver
IT,h5351,0.18577475750590272,scr2010,avaConv,runOfRiver
IT,h5352,0.18577475750590272,scr2010,avaConv,runOfRiver
IT,h5353,0.18592641123001996,scr2010,avaConv,runOfRiver
IT,h5354,0.18607806496650775,scr2010,avaConv,runOfRiver
IT,h5355,0.18622971871535604,scr2010,avaConv,runOfRiver
IT,h5356,0.18622971871535604,scr2010,avaConv,runOfRiver
IT,h5357,0.18622971871535604,scr2010,avaConv,runOfRiver
IT,h5358,0.18622971871535604,scr2010,avaConv,runOfRiver
IT,h5359,0.18622971871535604,scr2010,avaConv,runOfRiver
IT,h5360,0.18622971871535604,scr2010,avaConv,runOfRiver
IT,h5361,0.18622971871535604,scr2010,avaConv,runOfRiver
IT,h5362,0.18622971871535604,scr2010,avaConv,runOfRiver
IT,h5363,0.18622971871535604,scr2010,avaConv,runOfRiver
IT,h5364,0.18622971871535604,scr2010,avaConv,runOfRiver
IT,h5365,0.18622971871535604,scr2010,avaConv,runOfRiver
IT,h5366,0.18622971871535604,scr2010,avaConv,runOfRiver
IT,h5367,0.18622971871535604,scr2010,avaConv,runOfRiver
IT,h5368,0.18622971871535604,scr2010,avaConv,runOfRiver
IT,h5369,0.18622971871535604,scr2010,avaConv,runOfRiver
IT,h5370,0.18622971871535604,scr2010,avaConv,runOfRiver
IT,h5371,0.18622971871535604,scr2010,avaConv,runOfRiver
IT,h5372,0.18622971871535604,scr2010,avaConv,runOfRiver
IT,h5373,0.18622971871535604,scr2010,avaConv,runOfRiver
IT,h5374,0.18622971871535604,scr2010,avaConv,runOfRiver
IT,h5375,0.18622971871535604,scr2010,avaConv,runOfRiver
IT,h5376,0.18622971871535604,scr2010,avaConv,runOfRiver
IT,h5377,0.18595594986306307,scr2010,avaConv,runOfRiver
IT,h5378,0.18568218105107726,scr2010,avaConv,runOfRiver
IT,h5379,0.18540841227945798,scr2010,avaConv,runOfRiver
IT,h5380,0.18540841227945798,scr2010,avaConv,runOfRiver
IT,h5381,0.18540841227945798,scr2010,avaConv,runOfRiver
IT,h5382,0.18540841227945798,scr2010,avaConv,runOfRiver
IT,h5383,0.18540841227945798,scr2010,avaConv,runOfRiver
IT,h5384,0.18540841227945798,scr2010,avaConv,runOfRiver
IT,h5385,0.18540841227945798,scr2010,avaConv,runOfRiver
IT,h5386,0.18540841227945798,scr2010,avaConv,runOfRiver
IT,h5387,0.18540841227945798,scr2010,avaConv,runOfRiver
IT,h5388,0.18540841227945798,scr2010,avaConv,runOfRiver
IT,h5389,0.18540841227945798,scr2010,avaConv,runOfRiver
IT,h5390,0.18540841227945798,scr2010,avaConv,runOfRiver
IT,h5391,0.18540841227945798,scr2010,avaConv,runOfRiver
IT,h5392,0.18540841227945798,scr2010,avaConv,runOfRiver
IT,h5393,0.18540841227945798,scr2010,avaConv,runOfRiver
IT,h5394,0.18540841227945798,scr2010,avaConv,runOfRiver
IT,h5395,0.18540841227945798,scr2010,avaConv,runOfRiver
IT,h5396,0.18540841227945798,scr2010,avaConv,runOfRiver
IT,h5397,0.18540841227945798,scr2010,avaConv,runOfRiver
IT,h5398,0.18540841227945798,scr2010,avaConv,runOfRiver
IT,h5399,0.18540841227945798,scr2010,avaConv,runOfRiver
IT,h5400,0.18540841227945798,scr2010,avaConv,runOfRiver
IT,h5401,0.18508251884443383,scr2010,avaConv,runOfRiver
IT,h5402,0.1847566254667962,scr2010,avaConv,runOfRiver
IT,h5403,0.1844307321466464,scr2010,avaConv,runOfRiver
IT,h5404,0.1844307321466464,scr2010,avaConv,runOfRiver
IT,h5405,0.1844307321466464,scr2010,avaConv,runOfRiver
IT,h5406,0.1844307321466464,scr2010,avaConv,runOfRiver
IT,h5407,0.1844307321466464,scr2010,avaConv,runOfRiver
IT,h5408,0.1844307321466464,scr2010,avaConv,runOfRiver
IT,h5409,0.1844307321466464,scr2010,avaConv,runOfRiver
IT,h5410,0.1844307321466464,scr2010,avaConv,runOfRiver
IT,h5411,0.1844307321466464,scr2010,avaConv,runOfRiver
IT,h5412,0.1844307321466464,scr2010,avaConv,runOfRiver
IT,h5413,0.1844307321466464,scr2010,avaConv,runOfRiver
IT,h5414,0.1844307321466464,scr2010,avaConv,runOfRiver
IT,h5415,0.1844307321466464,scr2010,avaConv,runOfRiver
IT,h5416,0.1844307321466464,scr2010,avaConv,runOfRiver
IT,h5417,0.1844307321466464,scr2010,avaConv,runOfRiver
IT,h5418,0.1844307321466464,scr2010,avaConv,runOfRiver
IT,h5419,0.1844307321466464,scr2010,avaConv,runOfRiver
IT,h5420,0.1844307321466464,scr2010,avaConv,runOfRiver
IT,h5421,0.1844307321466464,scr2010,avaConv,runOfRiver
IT,h5422,0.1844307321466464,scr2010,avaConv,runOfRiver
IT,h5423,0.1844307321466464,scr2010,avaConv,runOfRiver
IT,h5424,0.1844307321466464,scr2010,avaConv,runOfRiver
IT,h5425,0.18506898236293648,scr2010,avaConv,runOfRiver
IT,h5426,0.18570723279935372,scr2010,avaConv,runOfRiver
IT,h5427,0.18634548345514157,scr2010,avaConv,runOfRiver
IT,h5428,0.18634548345514157,scr2010,avaConv,runOfRiver
IT,h5429,0.18634548345514157,scr2010,avaConv,runOfRiver
IT,h5430,0.18634548345514157,scr2010,avaConv,runOfRiver
IT,h5431,0.18634548345514157,scr2010,avaConv,runOfRiver
IT,h5432,0.18634548345514157,scr2010,avaConv,runOfRiver
IT,h5433,0.18634548345514157,scr2010,avaConv,runOfRiver
IT,h5434,0.18634548345514157,scr2010,avaConv,runOfRiver
IT,h5435,0.18634548345514157,scr2010,avaConv,runOfRiver
IT,h5436,0.18634548345514157,scr2010,avaConv,runOfRiver
IT,h5437,0.18634548345514157,scr2010,avaConv,runOfRiver
IT,h5438,0.18634548345514157,scr2010,avaConv,runOfRiver
IT,h5439,0.18634548345514157,scr2010,avaConv,runOfRiver
IT,h5440,0.18634548345514157,scr2010,avaConv,runOfRiver
IT,h5441,0.18634548345514157,scr2010,avaConv,runOfRiver
IT,h5442,0.18634548345514157,scr2010,avaConv,runOfRiver
IT,h5443,0.18634548345514157,scr2010,avaConv,runOfRiver
IT,h5444,0.18634548345514157,scr2010,avaConv,runOfRiver
IT,h5445,0.18634548345514157,scr2010,avaConv,runOfRiver
IT,h5446,0.18634548345514157,scr2010,avaConv,runOfRiver
IT,h5447,0.18634548345514157,scr2010,avaConv,runOfRiver
IT,h5448,0.18634548345514157,scr2010,avaConv,runOfRiver
IT,h5449,0.18647171831417708,scr2010,avaConv,runOfRiver
IT,h5450,0.18659795318175876,scr2010,avaConv,runOfRiver
IT,h5451,0.18672418805788077,scr2010,avaConv,runOfRiver
IT,h5452,0.18672418805788077,scr2010,avaConv,runOfRiver
IT,h5453,0.18672418805788077,scr2010,avaConv,runOfRiver
IT,h5454,0.18672418805788077,scr2010,avaConv,runOfRiver
IT,h5455,0.18672418805788077,scr2010,avaConv,runOfRiver
IT,h5456,0.18672418805788077,scr2010,avaConv,runOfRiver
IT,h5457,0.18672418805788077,scr2010,avaConv,runOfRiver
IT,h5458,0.18672418805788077,scr2010,avaConv,runOfRiver
IT,h5459,0.18672418805788077,scr2010,avaConv,runOfRiver
IT,h5460,0.18672418805788077,scr2010,avaConv,runOfRiver
IT,h5461,0.18672418805788077,scr2010,avaConv,runOfRiver
IT,h5462,0.18672418805788077,scr2010,avaConv,runOfRiver
IT,h5463,0.18672418805788077,scr2010,avaConv,runOfRiver
IT,h5464,0.18672418805788077,scr2010,avaConv,runOfRiver
IT,h5465,0.18672418805788077,scr2010,avaConv,runOfRiver
IT,h5466,0.18672418805788077,scr2010,avaConv,runOfRiver
IT,h5467,0.18672418805788077,scr2010,avaConv,runOfRiver
IT,h5468,0.18672418805788077,scr2010,avaConv,runOfRiver
IT,h5469,0.18672418805788077,scr2010,avaConv,runOfRiver
IT,h5470,0.18672418805788077,scr2010,avaConv,runOfRiver
IT,h5471,0.18672418805788077,scr2010,avaConv,runOfRiver
IT,h5472,0.18672418805788077,scr2010,avaConv,runOfRiver
IT,h5473,0.1871556502982386,scr2010,avaConv,runOfRiver
IT,h5474,0.1875871126380698,scr2010,avaConv,runOfRiver
IT,h5475,0.1880185750771455,scr2010,avaConv,runOfRiver
IT,h5476,0.1880185750771455,scr2010,avaConv,runOfRiver
IT,h5477,0.1880185750771455,scr2010,avaConv,runOfRiver
IT,h5478,0.1880185750771455,scr2010,avaConv,runOfRiver
IT,h5479,0.1880185750771455,scr2010,avaConv,runOfRiver
IT,h5480,0.1880185750771455,scr2010,avaConv,runOfRiver
IT,h5481,0.1880185750771455,scr2010,avaConv,runOfRiver
IT,h5482,0.1880185750771455,scr2010,avaConv,runOfRiver
IT,h5483,0.1880185750771455,scr2010,avaConv,runOfRiver
IT,h5484,0.1880185750771455,scr2010,avaConv,runOfRiver
IT,h5485,0.1880185750771455,scr2010,avaConv,runOfRiver
IT,h5486,0.1880185750771455,scr2010,avaConv,runOfRiver
IT,h5487,0.1880185750771455,scr2010,avaConv,runOfRiver
IT,h5488,0.1880185750771455,scr2010,avaConv,runOfRiver
IT,h5489,0.1880185750771455,scr2010,avaConv,runOfRiver
IT,h5490,0.1880185750771455,scr2010,avaConv,runOfRiver
IT,h5491,0.1880185750771455,scr2010,avaConv,runOfRiver
IT,h5492,0.1880185750771455,scr2010,avaConv,runOfRiver
IT,h5493,0.1880185750771455,scr2010,avaConv,runOfRiver
IT,h5494,0.1880185750771455,scr2010,avaConv,runOfRiver
IT,h5495,0.1880185750771455,scr2010,avaConv,runOfRiver
IT,h5496,0.1880185750771455,scr2010,avaConv,runOfRiver
IT,h5497,0.1885031154299215,scr2010,avaConv,runOfRiver
IT,h5498,0.18898765590725355,scr2010,avaConv,runOfRiver
IT,h5499,0.18947219650882233,scr2010,avaConv,runOfRiver
IT,h5500,0.18947219650882233,scr2010,avaConv,runOfRiver
IT,h5501,0.18947219650882233,scr2010,avaConv,runOfRiver
IT,h5502,0.18947219650882233,scr2010,avaConv,runOfRiver
IT,h5503,0.18947219650882233,scr2010,avaConv,runOfRiver
IT,h5504,0.18947219650882233,scr2010,avaConv,runOfRiver
IT,h5505,0.18947219650882233,scr2010,avaConv,runOfRiver
IT,h5506,0.18947219650882233,scr2010,avaConv,runOfRiver
IT,h5507,0.18947219650882233,scr2010,avaConv,runOfRiver
IT,h5508,0.18947219650882233,scr2010,avaConv,runOfRiver
IT,h5509,0.18947219650882233,scr2010,avaConv,runOfRiver
IT,h5510,0.18947219650882233,scr2010,avaConv,runOfRiver
IT,h5511,0.18947219650882233,scr2010,avaConv,runOfRiver
IT,h5512,0.18947219650882233,scr2010,avaConv,runOfRiver
IT,h5513,0.18947219650882233,scr2010,avaConv,runOfRiver
IT,h5514,0.18947219650882233,scr2010,avaConv,runOfRiver
IT,h5515,0.18947219650882233,scr2010,avaConv,runOfRiver
IT,h5516,0.18947219650882233,scr2010,avaConv,runOfRiver
IT,h5517,0.18947219650882233,scr2010,avaConv,runOfRiver
IT,h5518,0.18947219650882233,scr2010,avaConv,runOfRiver
IT,h5519,0.18947219650882233,scr2010,avaConv,runOfRiver
IT,h5520,0.18947219650882233,scr2010,avaConv,runOfRiver
IT,h5521,0.18984570608210885,scr2010,avaConv,runOfRiver
IT,h5522,0.1902192157288849,scr2010,avaConv,runOfRiver
IT,h5523,0.19059272544900624,scr2010,avaConv,runOfRiver
IT,h5524,0.19059272544900624,scr2010,avaConv,runOfRiver
IT,h5525,0.19059272544900624,scr2010,avaConv,runOfRiver
IT,h5526,0.19059272544900624,scr2010,avaConv,runOfRiver
IT,h5527,0.19059272544900624,scr2010,avaConv,runOfRiver
IT,h5528,0.19059272544900624,scr2010,avaConv,runOfRiver
IT,h5529,0.19059272544900624,scr2010,avaConv,runOfRiver
IT,h5530,0.19059272544900624,scr2010,avaConv,runOfRiver
IT,h5531,0.19059272544900624,scr2010,avaConv,runOfRiver
IT,h5532,0.19059272544900624,scr2010,avaConv,runOfRiver
IT,h5533,0.19059272544900624,scr2010,avaConv,runOfRiver
IT,h5534,0.19059272544900624,scr2010,avaConv,runOfRiver
IT,h5535,0.19059272544900624,scr2010,avaConv,runOfRiver
IT,h5536,0.19059272544900624,scr2010,avaConv,runOfRiver
IT,h5537,0.19059272544900624,scr2010,avaConv,runOfRiver
IT,h5538,0.19059272544900624,scr2010,avaConv,runOfRiver
IT,h5539,0.19059272544900624,scr2010,avaConv,runOfRiver
IT,h5540,0.19059272544900624,scr2010,avaConv,runOfRiver
IT,h5541,0.19059272544900624,scr2010,avaConv,runOfRiver
IT,h5542,0.19059272544900624,scr2010,avaConv,runOfRiver
IT,h5543,0.19059272544900624,scr2010,avaConv,runOfRiver
IT,h5544,0.19059272544900624,scr2010,avaConv,runOfRiver
IT,h5545,0.1899771786915185,scr2010,avaConv,runOfRiver
IT,h5546,0.18936163213348522,scr2010,avaConv,runOfRiver
IT,h5547,0.18874608577555468,scr2010,avaConv,runOfRiver
IT,h5548,0.18874608577555468,scr2010,avaConv,runOfRiver
IT,h5549,0.18874608577555468,scr2010,avaConv,runOfRiver
IT,h5550,0.18874608577555468,scr2010,avaConv,runOfRiver
IT,h5551,0.18874608577555468,scr2010,avaConv,runOfRiver
IT,h5552,0.18874608577555468,scr2010,avaConv,runOfRiver
IT,h5553,0.18874608577555468,scr2010,avaConv,runOfRiver
IT,h5554,0.18874608577555468,scr2010,avaConv,runOfRiver
IT,h5555,0.18874608577555468,scr2010,avaConv,runOfRiver
IT,h5556,0.18874608577555468,scr2010,avaConv,runOfRiver
IT,h5557,0.18874608577555468,scr2010,avaConv,runOfRiver
IT,h5558,0.18874608577555468,scr2010,avaConv,runOfRiver
IT,h5559,0.18874608577555468,scr2010,avaConv,runOfRiver
IT,h5560,0.18874608577555468,scr2010,avaConv,runOfRiver
IT,h5561,0.18874608577555468,scr2010,avaConv,runOfRiver
IT,h5562,0.18874608577555468,scr2010,avaConv,runOfRiver
IT,h5563,0.18874608577555468,scr2010,avaConv,runOfRiver
IT,h5564,0.18874608577555468,scr2010,avaConv,runOfRiver
IT,h5565,0.18874608577555468,scr2010,avaConv,runOfRiver
IT,h5566,0.18874608577555468,scr2010,avaConv,runOfRiver
IT,h5567,0.18874608577555468,scr2010,avaConv,runOfRiver
IT,h5568,0.18874608577555468,scr2010,avaConv,runOfRiver
IT,h5569,0.18749589087942398,scr2010,avaConv,runOfRiver
IT,h5570,0.18624569681695521,scr2010,avaConv,runOfRiver
IT,h5571,0.18499550359374423,scr2010,avaConv,runOfRiver
IT,h5572,0.18499550359374423,scr2010,avaConv,runOfRiver
IT,h5573,0.18499550359374423,scr2010,avaConv,runOfRiver
IT,h5574,0.18499550359374423,scr2010,avaConv,runOfRiver
IT,h5575,0.18499550359374423,scr2010,avaConv,runOfRiver
IT,h5576,0.18499550359374423,scr2010,avaConv,runOfRiver
IT,h5577,0.18499550359374423,scr2010,avaConv,runOfRiver
IT,h5578,0.18499550359374423,scr2010,avaConv,runOfRiver
IT,h5579,0.18499550359374423,scr2010,avaConv,runOfRiver
IT,h5580,0.18499550359374423,scr2010,avaConv,runOfRiver
IT,h5581,0.18499550359374423,scr2010,avaConv,runOfRiver
IT,h5582,0.18499550359374423,scr2010,avaConv,runOfRiver
IT,h5583,0.18499550359374423,scr2010,avaConv,runOfRiver
IT,h5584,0.18499550359374423,scr2010,avaConv,runOfRiver
IT,h5585,0.18499550359374423,scr2010,avaConv,runOfRiver
IT,h5586,0.18499550359374423,scr2010,avaConv,runOfRiver
IT,h5587,0.18499550359374423,scr2010,avaConv,runOfRiver
IT,h5588,0.18499550359374423,scr2010,avaConv,runOfRiver
IT,h5589,0.18499550359374423,scr2010,avaConv,runOfRiver
IT,h5590,0.18499550359374423,scr2010,avaConv,runOfRiver
IT,h5591,0.18499550359374423,scr2010,avaConv,runOfRiver
IT,h5592,0.18499550359374423,scr2010,avaConv,runOfRiver
IT,h5593,0.18507615159735566,scr2010,avaConv,runOfRiver
IT,h5594,0.18515679960448156,scr2010,avaConv,runOfRiver
IT,h5595,0.18523744761512043,scr2010,avaConv,runOfRiver
IT,h5596,0.18523744761512043,scr2010,avaConv,runOfRiver
IT,h5597,0.18523744761512043,scr2010,avaConv,runOfRiver
IT,h5598,0.18523744761512043,scr2010,avaConv,runOfRiver
IT,h5599,0.18523744761512043,scr2010,avaConv,runOfRiver
IT,h5600,0.18523744761512043,scr2010,avaConv,runOfRiver
IT,h5601,0.18523744761512043,scr2010,avaConv,runOfRiver
IT,h5602,0.18523744761512043,scr2010,avaConv,runOfRiver
IT,h5603,0.18523744761512043,scr2010,avaConv,runOfRiver
IT,h5604,0.18523744761512043,scr2010,avaConv,runOfRiver
IT,h5605,0.18523744761512043,scr2010,avaConv,runOfRiver
IT,h5606,0.18523744761512043,scr2010,avaConv,runOfRiver
IT,h5607,0.18523744761512043,scr2010,avaConv,runOfRiver
IT,h5608,0.18523744761512043,scr2010,avaConv,runOfRiver
IT,h5609,0.18523744761512043,scr2010,avaConv,runOfRiver
IT,h5610,0.18523744761512043,scr2010,avaConv,runOfRiver
IT,h5611,0.18523744761512043,scr2010,avaConv,runOfRiver
IT,h5612,0.18523744761512043,scr2010,avaConv,runOfRiver
IT,h5613,0.18523744761512043,scr2010,avaConv,runOfRiver
IT,h5614,0.18523744761512043,scr2010,avaConv,runOfRiver
IT,h5615,0.18523744761512043,scr2010,avaConv,runOfRiver
IT,h5616,0.18523744761512043,scr2010,avaConv,runOfRiver
IT,h5617,0.18542818601232264,scr2010,avaConv,runOfRiver
IT,h5618,0.18561892442914593,scr2010,avaConv,runOfRiver
IT,h5619,0.18580966286557027,scr2010,avaConv,runOfRiver
IT,h5620,0.18580966286557027,scr2010,avaConv,runOfRiver
IT,h5621,0.18580966286557027,scr2010,avaConv,runOfRiver
IT,h5622,0.18580966286557027,scr2010,avaConv,runOfRiver
IT,h5623,0.18580966286557027,scr2010,avaConv,runOfRiver
IT,h5624,0.18580966286557027,scr2010,avaConv,runOfRiver
IT,h5625,0.18580966286557027,scr2010,avaConv,runOfRiver
IT,h5626,0.18580966286557027,scr2010,avaConv,runOfRiver
IT,h5627,0.18580966286557027,scr2010,avaConv,runOfRiver
IT,h5628,0.18580966286557027,scr2010,avaConv,runOfRiver
IT,h5629,0.18580966286557027,scr2010,avaConv,runOfRiver
IT,h5630,0.18580966286557027,scr2010,avaConv,runOfRiver
IT,h5631,0.18580966286557027,scr2010,avaConv,runOfRiver
IT,h5632,0.18580966286557027,scr2010,avaConv,runOfRiver
IT,h5633,0.18580966286557027,scr2010,avaConv,runOfRiver
IT,h5634,0.18580966286557027,scr2010,avaConv,runOfRiver
IT,h5635,0.18580966286557027,scr2010,avaConv,runOfRiver
IT,h5636,0.18580966286557027,scr2010,avaConv,runOfRiver
IT,h5637,0.18580966286557027,scr2010,avaConv,runOfRiver
IT,h5638,0.18580966286557027,scr2010,avaConv,runOfRiver
IT,h5639,0.18580966286557027,scr2010,avaConv,runOfRiver
IT,h5640,0.18580966286557027,scr2010,avaConv,runOfRiver
IT,h5641,0.1856283903901796,scr2010,avaConv,runOfRiver
IT,h5642,0.18544711793249175,scr2010,avaConv,runOfRiver
IT,h5643,0.18526584549252403,scr2010,avaConv,runOfRiver
IT,h5644,0.18526584549252403,scr2010,avaConv,runOfRiver
IT,h5645,0.18526584549252403,scr2010,avaConv,runOfRiver
IT,h5646,0.18526584549252403,scr2010,avaConv,runOfRiver
IT,h5647,0.18526584549252403,scr2010,avaConv,runOfRiver
IT,h5648,0.18526584549252403,scr2010,avaConv,runOfRiver
IT,h5649,0.18526584549252403,scr2010,avaConv,runOfRiver
IT,h5650,0.18526584549252403,scr2010,avaConv,runOfRiver
IT,h5651,0.18526584549252403,scr2010,avaConv,runOfRiver
IT,h5652,0.18526584549252403,scr2010,avaConv,runOfRiver
IT,h5653,0.18526584549252403,scr2010,avaConv,runOfRiver
IT,h5654,0.18526584549252403,scr2010,avaConv,runOfRiver
IT,h5655,0.18526584549252403,scr2010,avaConv,runOfRiver
IT,h5656,0.18526584549252403,scr2010,avaConv,runOfRiver
IT,h5657,0.18526584549252403,scr2010,avaConv,runOfRiver
IT,h5658,0.18526584549252403,scr2010,avaConv,runOfRiver
IT,h5659,0.18526584549252403,scr2010,avaConv,runOfRiver
IT,h5660,0.18526584549252403,scr2010,avaConv,runOfRiver
IT,h5661,0.18526584549252403,scr2010,avaConv,runOfRiver
IT,h5662,0.18526584549252403,scr2010,avaConv,runOfRiver
IT,h5663,0.18526584549252403,scr2010,avaConv,runOfRiver
IT,h5664,0.18526584549252403,scr2010,avaConv,runOfRiver
IT,h5665,0.1856022422352326,scr2010,avaConv,runOfRiver
IT,h5666,0.18593863903891525,scr2010,avaConv,runOfRiver
IT,h5667,0.18627503590346153,scr2010,avaConv,runOfRiver
IT,h5668,0.18627503590346153,scr2010,avaConv,runOfRiver
IT,h5669,0.18627503590346153,scr2010,avaConv,runOfRiver
IT,h5670,0.18627503590346153,scr2010,avaConv,runOfRiver
IT,h5671,0.18627503590346153,scr2010,avaConv,runOfRiver
IT,h5672,0.18627503590346153,scr2010,avaConv,runOfRiver
IT,h5673,0.18627503590346153,scr2010,avaConv,runOfRiver
IT,h5674,0.18627503590346153,scr2010,avaConv,runOfRiver
IT,h5675,0.18627503590346153,scr2010,avaConv,runOfRiver
IT,h5676,0.18627503590346153,scr2010,avaConv,runOfRiver
IT,h5677,0.18627503590346153,scr2010,avaConv,runOfRiver
IT,h5678,0.18627503590346153,scr2010,avaConv,runOfRiver
IT,h5679,0.18627503590346153,scr2010,avaConv,runOfRiver
IT,h5680,0.18627503590346153,scr2010,avaConv,runOfRiver
IT,h5681,0.18627503590346153,scr2010,avaConv,runOfRiver
IT,h5682,0.18627503590346153,scr2010,avaConv,runOfRiver
IT,h5683,0.18627503590346153,scr2010,avaConv,runOfRiver
IT,h5684,0.18627503590346153,scr2010,avaConv,runOfRiver
IT,h5685,0.18627503590346153,scr2010,avaConv,runOfRiver
IT,h5686,0.18627503590346153,scr2010,avaConv,runOfRiver
IT,h5687,0.18627503590346153,scr2010,avaConv,runOfRiver
IT,h5688,0.18627503590346153,scr2010,avaConv,runOfRiver
IT,h5689,0.18570840300685892,scr2010,avaConv,runOfRiver
IT,h5690,0.18514177028315698,scr2010,avaConv,runOfRiver
IT,h5691,0.18457513773288478,scr2010,avaConv,runOfRiver
IT,h5692,0.18457513773288478,scr2010,avaConv,runOfRiver
IT,h5693,0.18457513773288478,scr2010,avaConv,runOfRiver
IT,h5694,0.18457513773288478,scr2010,avaConv,runOfRiver
IT,h5695,0.18457513773288478,scr2010,avaConv,runOfRiver
IT,h5696,0.18457513773288478,scr2010,avaConv,runOfRiver
IT,h5697,0.18457513773288478,scr2010,avaConv,runOfRiver
IT,h5698,0.18457513773288478,scr2010,avaConv,runOfRiver
IT,h5699,0.18457513773288478,scr2010,avaConv,runOfRiver
IT,h5700,0.18457513773288478,scr2010,avaConv,runOfRiver
IT,h5701,0.18457513773288478,scr2010,avaConv,runOfRiver
IT,h5702,0.18457513773288478,scr2010,avaConv,runOfRiver
IT,h5703,0.18457513773288478,scr2010,avaConv,runOfRiver
IT,h5704,0.18457513773288478,scr2010,avaConv,runOfRiver
IT,h5705,0.18457513773288478,scr2010,avaConv,runOfRiver
IT,h5706,0.18457513773288478,scr2010,avaConv,runOfRiver
IT,h5707,0.18457513773288478,scr2010,avaConv,runOfRiver
IT,h5708,0.18457513773288478,scr2010,avaConv,runOfRiver
IT,h5709,0.18457513773288478,scr2010,avaConv,runOfRiver
IT,h5710,0.18457513773288478,scr2010,avaConv,runOfRiver
IT,h5711,0.18457513773288478,scr2010,avaConv,runOfRiver
IT,h5712,0.18457513773288478,scr2010,avaConv,runOfRiver
IT,h5713,0.18360506163609702,scr2010,avaConv,runOfRiver
IT,h5714,0.18263498605187967,scr2010,avaConv,runOfRiver
IT,h5715,0.18166491098295512,scr2010,avaConv,runOfRiver
IT,h5716,0.18166491098295512,scr2010,avaConv,runOfRiver
IT,h5717,0.18166491098295512,scr2010,avaConv,runOfRiver
IT,h5718,0.18166491098295512,scr2010,avaConv,runOfRiver
IT,h5719,0.18166491098295512,scr2010,avaConv,runOfRiver
IT,h5720,0.18166491098295512,scr2010,avaConv,runOfRiver
IT,h5721,0.18166491098295512,scr2010,avaConv,runOfRiver
IT,h5722,0.18166491098295512,scr2010,avaConv,runOfRiver
IT,h5723,0.18166491098295512,scr2010,avaConv,runOfRiver
IT,h5724,0.18166491098295512,scr2010,avaConv,runOfRiver
IT,h5725,0.18166491098295512,scr2010,avaConv,runOfRiver
IT,h5726,0.18166491098295512,scr2010,avaConv,runOfRiver
IT,h5727,0.18166491098295512,scr2010,avaConv,runOfRiver
IT,h5728,0.18166491098295512,scr2010,avaConv,runOfRiver
IT,h5729,0.18166491098295512,scr2010,avaConv,runOfRiver
IT,h5730,0.18166491098295512,scr2010,avaConv,runOfRiver
IT,h5731,0.18166491098295512,scr2010,avaConv,runOfRiver
IT,h5732,0.18166491098295512,scr2010,avaConv,runOfRiver
IT,h5733,0.18166491098295512,scr2010,avaConv,runOfRiver
IT,h5734,0.18166491098295512,scr2010,avaConv,runOfRiver
IT,h5735,0.18166491098295512,scr2010,avaConv,runOfRiver
IT,h5736,0.18166491098295512,scr2010,avaConv,runOfRiver
IT,h5737,0.18091561669719966,scr2010,avaConv,runOfRiver
IT,h5738,0.18016632272179695,scr2010,avaConv,runOfRiver
IT,h5739,0.1794170290580377,scr2010,avaConv,runOfRiver
IT,h5740,0.1794170290580377,scr2010,avaConv,runOfRiver
IT,h5741,0.1794170290580377,scr2010,avaConv,runOfRiver
IT,h5742,0.1794170290580377,scr2010,avaConv,runOfRiver
IT,h5743,0.1794170290580377,scr2010,avaConv,runOfRiver
IT,h5744,0.1794170290580377,scr2010,avaConv,runOfRiver
IT,h5745,0.1794170290580377,scr2010,avaConv,runOfRiver
IT,h5746,0.1794170290580377,scr2010,avaConv,runOfRiver
IT,h5747,0.1794170290580377,scr2010,avaConv,runOfRiver
IT,h5748,0.1794170290580377,scr2010,avaConv,runOfRiver
IT,h5749,0.1794170290580377,scr2010,avaConv,runOfRiver
IT,h5750,0.1794170290580377,scr2010,avaConv,runOfRiver
IT,h5751,0.1794170290580377,scr2010,avaConv,runOfRiver
IT,h5752,0.1794170290580377,scr2010,avaConv,runOfRiver
IT,h5753,0.1794170290580377,scr2010,avaConv,runOfRiver
IT,h5754,0.1794170290580377,scr2010,avaConv,runOfRiver
IT,h5755,0.1794170290580377,scr2010,avaConv,runOfRiver
IT,h5756,0.1794170290580377,scr2010,avaConv,runOfRiver
IT,h5757,0.1794170290580377,scr2010,avaConv,runOfRiver
IT,h5758,0.1794170290580377,scr2010,avaConv,runOfRiver
IT,h5759,0.1794170290580377,scr2010,avaConv,runOfRiver
IT,h5760,0.1794170290580377,scr2010,avaConv,runOfRiver
IT,h5761,0.17867033482486006,scr2010,avaConv,runOfRiver
IT,h5762,0.1779236409037588,scr2010,avaConv,runOfRiver
IT,h5763,0.17717694729604355,scr2010,avaConv,runOfRiver
IT,h5764,0.17717694729604355,scr2010,avaConv,runOfRiver
IT,h5765,0.17717694729604355,scr2010,avaConv,runOfRiver
IT,h5766,0.17717694729604355,scr2010,avaConv,runOfRiver
IT,h5767,0.17717694729604355,scr2010,avaConv,runOfRiver
IT,h5768,0.17717694729604355,scr2010,avaConv,runOfRiver
IT,h5769,0.17717694729604355,scr2010,avaConv,runOfRiver
IT,h5770,0.17717694729604355,scr2010,avaConv,runOfRiver
IT,h5771,0.17717694729604355,scr2010,avaConv,runOfRiver
IT,h5772,0.17717694729604355,scr2010,avaConv,runOfRiver
IT,h5773,0.17717694729604355,scr2010,avaConv,runOfRiver
IT,h5774,0.17717694729604355,scr2010,avaConv,runOfRiver
IT,h5775,0.17717694729604355,scr2010,avaConv,runOfRiver
IT,h5776,0.17717694729604355,scr2010,avaConv,runOfRiver
IT,h5777,0.17717694729604355,scr2010,avaConv,runOfRiver
IT,h5778,0.17717694729604355,scr2010,avaConv,runOfRiver
IT,h5779,0.17717694729604355,scr2010,avaConv,runOfRiver
IT,h5780,0.17717694729604355,scr2010,avaConv,runOfRiver
IT,h5781,0.17717694729604355,scr2010,avaConv,runOfRiver
IT,h5782,0.17717694729604355,scr2010,avaConv,runOfRiver
IT,h5783,0.17717694729604355,scr2010,avaConv,runOfRiver
IT,h5784,0.17717694729604355,scr2010,avaConv,runOfRiver
IT,h5785,0.17588339427837782,scr2010,avaConv,runOfRiver
IT,h5786,0.17458984221213805,scr2010,avaConv,runOfRiver
IT,h5787,0.17329629110437325,scr2010,avaConv,runOfRiver
IT,h5788,0.17329629110437325,scr2010,avaConv,runOfRiver
IT,h5789,0.17329629110437325,scr2010,avaConv,runOfRiver
IT,h5790,0.17329629110437325,scr2010,avaConv,runOfRiver
IT,h5791,0.17329629110437325,scr2010,avaConv,runOfRiver
IT,h5792,0.17329629110437325,scr2010,avaConv,runOfRiver
IT,h5793,0.17329629110437325,scr2010,avaConv,runOfRiver
IT,h5794,0.17329629110437325,scr2010,avaConv,runOfRiver
IT,h5795,0.17329629110437325,scr2010,avaConv,runOfRiver
IT,h5796,0.17329629110437325,scr2010,avaConv,runOfRiver
IT,h5797,0.17329629110437325,scr2010,avaConv,runOfRiver
IT,h5798,0.17329629110437325,scr2010,avaConv,runOfRiver
IT,h5799,0.17329629110437325,scr2010,avaConv,runOfRiver
IT,h5800,0.17329629110437325,scr2010,avaConv,runOfRiver
IT,h5801,0.17329629110437325,scr2010,avaConv,runOfRiver
IT,h5802,0.17329629110437325,scr2010,avaConv,runOfRiver
IT,h5803,0.17329629110437325,scr2010,avaConv,runOfRiver
IT,h5804,0.17329629110437325,scr2010,avaConv,runOfRiver
IT,h5805,0.17329629110437325,scr2010,avaConv,runOfRiver
IT,h5806,0.17329629110437325,scr2010,avaConv,runOfRiver
IT,h5807,0.17329629110437325,scr2010,avaConv,runOfRiver
IT,h5808,0.17329629110437325,scr2010,avaConv,runOfRiver
IT,h5809,0.17313498750427034,scr2010,avaConv,runOfRiver
IT,h5810,0.17297368391919649,scr2010,avaConv,runOfRiver
IT,h5811,0.1728123803491657,scr2010,avaConv,runOfRiver
IT,h5812,0.1728123803491657,scr2010,avaConv,runOfRiver
IT,h5813,0.1728123803491657,scr2010,avaConv,runOfRiver
IT,h5814,0.1728123803491657,scr2010,avaConv,runOfRiver
IT,h5815,0.1728123803491657,scr2010,avaConv,runOfRiver
IT,h5816,0.1728123803491657,scr2010,avaConv,runOfRiver
IT,h5817,0.1728123803491657,scr2010,avaConv,runOfRiver
IT,h5818,0.1728123803491657,scr2010,avaConv,runOfRiver
IT,h5819,0.1728123803491657,scr2010,avaConv,runOfRiver
IT,h5820,0.1728123803491657,scr2010,avaConv,runOfRiver
IT,h5821,0.1728123803491657,scr2010,avaConv,runOfRiver
IT,h5822,0.1728123803491657,scr2010,avaConv,runOfRiver
IT,h5823,0.1728123803491657,scr2010,avaConv,runOfRiver
IT,h5824,0.1728123803491657,scr2010,avaConv,runOfRiver
IT,h5825,0.1728123803491657,scr2010,avaConv,runOfRiver
IT,h5826,0.1728123803491657,scr2010,avaConv,runOfRiver
IT,h5827,0.1728123803491657,scr2010,avaConv,runOfRiver
IT,h5828,0.1728123803491657,scr2010,avaConv,runOfRiver
IT,h5829,0.1728123803491657,scr2010,avaConv,runOfRiver
IT,h5830,0.1728123803491657,scr2010,avaConv,runOfRiver
IT,h5831,0.1728123803491657,scr2010,avaConv,runOfRiver
IT,h5832,0.1728123803491657,scr2010,avaConv,runOfRiver
IT,h5833,0.17186980739793462,scr2010,avaConv,runOfRiver
IT,h5834,0.17092723496366918,scr2010,avaConv,runOfRiver
IT,h5835,0.16998466304922016,scr2010,avaConv,runOfRiver
IT,h5836,0.16998466304922016,scr2010,avaConv,runOfRiver
IT,h5837,0.16998466304922016,scr2010,avaConv,runOfRiver
IT,h5838,0.16998466304922016,scr2010,avaConv,runOfRiver
IT,h5839,0.16998466304922016,scr2010,avaConv,runOfRiver
IT,h5840,0.16998466304922016,scr2010,avaConv,runOfRiver
IT,h5841,0.16998466304922016,scr2010,avaConv,runOfRiver
IT,h5842,0.16998466304922016,scr2010,avaConv,runOfRiver
IT,h5843,0.16998466304922016,scr2010,avaConv,runOfRiver
IT,h5844,0.16998466304922016,scr2010,avaConv,runOfRiver
IT,h5845,0.16998466304922016,scr2010,avaConv,runOfRiver
IT,h5846,0.16998466304922016,scr2010,avaConv,runOfRiver
IT,h5847,0.16998466304922016,scr2010,avaConv,runOfRiver
IT,h5848,0.16998466304922016,scr2010,avaConv,runOfRiver
IT,h5849,0.16998466304922016,scr2010,avaConv,runOfRiver
IT,h5850,0.16998466304922016,scr2010,avaConv,runOfRiver
IT,h5851,0.16998466304922016,scr2010,avaConv,runOfRiver
IT,h5852,0.16998466304922016,scr2010,avaConv,runOfRiver
IT,h5853,0.16998466304922016,scr2010,avaConv,runOfRiver
IT,h5854,0.16998466304922016,scr2010,avaConv,runOfRiver
IT,h5855,0.16998466304922016,scr2010,avaConv,runOfRiver
IT,h5856,0.16998466304922016,scr2010,avaConv,runOfRiver
IT,h5857,0.16938616558425673,scr2010,avaConv,runOfRiver
IT,h5858,0.16878766833077755,scr2010,avaConv,runOfRiver
IT,h5859,0.1681891712895324,scr2010,avaConv,runOfRiver
IT,h5860,0.1681891712895324,scr2010,avaConv,runOfRiver
IT,h5861,0.1681891712895324,scr2010,avaConv,runOfRiver
IT,h5862,0.1681891712895324,scr2010,avaConv,runOfRiver
IT,h5863,0.1681891712895324,scr2010,avaConv,runOfRiver
IT,h5864,0.1681891712895324,scr2010,avaConv,runOfRiver
IT,h5865,0.1681891712895324,scr2010,avaConv,runOfRiver
IT,h5866,0.1681891712895324,scr2010,avaConv,runOfRiver
IT,h5867,0.1681891712895324,scr2010,avaConv,runOfRiver
IT,h5868,0.1681891712895324,scr2010,avaConv,runOfRiver
IT,h5869,0.1681891712895324,scr2010,avaConv,runOfRiver
IT,h5870,0.1681891712895324,scr2010,avaConv,runOfRiver
IT,h5871,0.1681891712895324,scr2010,avaConv,runOfRiver
IT,h5872,0.1681891712895324,scr2010,avaConv,runOfRiver
IT,h5873,0.1681891712895324,scr2010,avaConv,runOfRiver
IT,h5874,0.1681891712895324,scr2010,avaConv,runOfRiver
IT,h5875,0.1681891712895324,scr2010,avaConv,runOfRiver
IT,h5876,0.1681891712895324,scr2010,avaConv,runOfRiver
IT,h5877,0.1681891712895324,scr2010,avaConv,runOfRiver
IT,h5878,0.1681891712895324,scr2010,avaConv,runOfRiver
IT,h5879,0.1681891712895324,scr2010,avaConv,runOfRiver
IT,h5880,0.1681891712895324,scr2010,avaConv,runOfRiver
IT,h5881,0.16918581175714725,scr2010,avaConv,runOfRiver
IT,h5882,0.1701824528119086,scr2010,avaConv,runOfRiver
IT,h5883,0.17117909445037796,scr2010,avaConv,runOfRiver
IT,h5884,0.17117909445037796,scr2010,avaConv,runOfRiver
IT,h5885,0.17117909445037796,scr2010,avaConv,runOfRiver
IT,h5886,0.17117909445037796,scr2010,avaConv,runOfRiver
IT,h5887,0.17117909445037796,scr2010,avaConv,runOfRiver
IT,h5888,0.17117909445037796,scr2010,avaConv,runOfRiver
IT,h5889,0.17117909445037796,scr2010,avaConv,runOfRiver
IT,h5890,0.17117909445037796,scr2010,avaConv,runOfRiver
IT,h5891,0.17117909445037796,scr2010,avaConv,runOfRiver
IT,h5892,0.17117909445037796,scr2010,avaConv,runOfRiver
IT,h5893,0.17117909445037796,scr2010,avaConv,runOfRiver
IT,h5894,0.17117909445037796,scr2010,avaConv,runOfRiver
IT,h5895,0.17117909445037796,scr2010,avaConv,runOfRiver
IT,h5896,0.17117909445037796,scr2010,avaConv,runOfRiver
IT,h5897,0.17117909445037796,scr2010,avaConv,runOfRiver
IT,h5898,0.17117909445037796,scr2010,avaConv,runOfRiver
IT,h5899,0.17117909445037796,scr2010,avaConv,runOfRiver
IT,h5900,0.17117909445037796,scr2010,avaConv,runOfRiver
IT,h5901,0.17117909445037796,scr2010,avaConv,runOfRiver
IT,h5902,0.17117909445037796,scr2010,avaConv,runOfRiver
IT,h5903,0.17117909445037796,scr2010,avaConv,runOfRiver
IT,h5904,0.17117909445037796,scr2010,avaConv,runOfRiver
IT,h5905,0.17229701987806653,scr2010,avaConv,runOfRiver
IT,h5906,0.17341494603115995,scr2010,avaConv,runOfRiver
IT,h5907,0.174532872904982,scr2010,avaConv,runOfRiver
IT,h5908,0.174532872904982,scr2010,avaConv,runOfRiver
IT,h5909,0.174532872904982,scr2010,avaConv,runOfRiver
IT,h5910,0.174532872904982,scr2010,avaConv,runOfRiver
IT,h5911,0.174532872904982,scr2010,avaConv,runOfRiver
IT,h5912,0.174532872904982,scr2010,avaConv,runOfRiver
IT,h5913,0.174532872904982,scr2010,avaConv,runOfRiver
IT,h5914,0.174532872904982,scr2010,avaConv,runOfRiver
IT,h5915,0.174532872904982,scr2010,avaConv,runOfRiver
IT,h5916,0.174532872904982,scr2010,avaConv,runOfRiver
IT,h5917,0.174532872904982,scr2010,avaConv,runOfRiver
IT,h5918,0.174532872904982,scr2010,avaConv,runOfRiver
IT,h5919,0.174532872904982,scr2010,avaConv,runOfRiver
IT,h5920,0.174532872904982,scr2010,avaConv,runOfRiver
IT,h5921,0.174532872904982,scr2010,avaConv,runOfRiver
IT,h5922,0.174532872904982,scr2010,avaConv,runOfRiver
IT,h5923,0.174532872904982,scr2010,avaConv,runOfRiver
IT,h5924,0.174532872904982,scr2010,avaConv,runOfRiver
IT,h5925,0.174532872904982,scr2010,avaConv,runOfRiver
IT,h5926,0.174532872904982,scr2010,avaConv,runOfRiver
IT,h5927,0.174532872904982,scr2010,avaConv,runOfRiver
IT,h5928,0.174532872904982,scr2010,avaConv,runOfRiver
IT,h5929,0.1751274268293534,scr2010,avaConv,runOfRiver
IT,h5930,0.17572198095558814,scr2010,avaConv,runOfRiver
IT,h5931,0.17631653528300315,scr2010,avaConv,runOfRiver
IT,h5932,0.17631653528300315,scr2010,avaConv,runOfRiver
IT,h5933,0.17631653528300315,scr2010,avaConv,runOfRiver
IT,h5934,0.17631653528300315,scr2010,avaConv,runOfRiver
IT,h5935,0.17631653528300315,scr2010,avaConv,runOfRiver
IT,h5936,0.17631653528300315,scr2010,avaConv,runOfRiver
IT,h5937,0.17631653528300315,scr2010,avaConv,runOfRiver
IT,h5938,0.17631653528300315,scr2010,avaConv,runOfRiver
IT,h5939,0.17631653528300315,scr2010,avaConv,runOfRiver
IT,h5940,0.17631653528300315,scr2010,avaConv,runOfRiver
IT,h5941,0.17631653528300315,scr2010,avaConv,runOfRiver
IT,h5942,0.17631653528300315,scr2010,avaConv,runOfRiver
IT,h5943,0.17631653528300315,scr2010,avaConv,runOfRiver
IT,h5944,0.17631653528300315,scr2010,avaConv,runOfRiver
IT,h5945,0.17631653528300315,scr2010,avaConv,runOfRiver
IT,h5946,0.17631653528300315,scr2010,avaConv,runOfRiver
IT,h5947,0.17631653528300315,scr2010,avaConv,runOfRiver
IT,h5948,0.17631653528300315,scr2010,avaConv,runOfRiver
IT,h5949,0.17631653528300315,scr2010,avaConv,runOfRiver
IT,h5950,0.17631653528300315,scr2010,avaConv,runOfRiver
IT,h5951,0.17631653528300315,scr2010,avaConv,runOfRiver
IT,h5952,0.17631653528300315,scr2010,avaConv,runOfRiver
IT,h5953,0.17655757247893,scr2010,avaConv,runOfRiver
IT,h5954,0.17679860970776554,scr2010,avaConv,runOfRiver
IT,h5955,0.17703964696946475,scr2010,avaConv,runOfRiver
IT,h5956,0.17703964696946475,scr2010,avaConv,runOfRiver
IT,h5957,0.17703964696946475,scr2010,avaConv,runOfRiver
IT,h5958,0.17703964696946475,scr2010,avaConv,runOfRiver
IT,h5959,0.17703964696946475,scr2010,avaConv,runOfRiver
IT,h5960,0.17703964696946475,scr2010,avaConv,runOfRiver
IT,h5961,0.17703964696946475,scr2010,avaConv,runOfRiver
IT,h5962,0.17703964696946475,scr2010,avaConv,runOfRiver
IT,h5963,0.17703964696946475,scr2010,avaConv,runOfRiver
IT,h5964,0.17703964696946475,scr2010,avaConv,runOfRiver
IT,h5965,0.17703964696946475,scr2010,avaConv,runOfRiver
IT,h5966,0.17703964696946475,scr2010,avaConv,runOfRiver
IT,h5967,0.17703964696946475,scr2010,avaConv,runOfRiver
IT,h5968,0.17703964696946475,scr2010,avaConv,runOfRiver
IT,h5969,0.17703964696946475,scr2010,avaConv,runOfRiver
IT,h5970,0.17703964696946475,scr2010,avaConv,runOfRiver
IT,h5971,0.17703964696946475,scr2010,avaConv,runOfRiver
IT,h5972,0.17703964696946475,scr2010,avaConv,runOfRiver
IT,h5973,0.17703964696946475,scr2010,avaConv,runOfRiver
IT,h5974,0.17703964696946475,scr2010,avaConv,runOfRiver
IT,h5975,0.17703964696946475,scr2010,avaConv,runOfRiver
IT,h5976,0.17703964696946475,scr2010,avaConv,runOfRiver
IT,h5977,0.1766514981126105,scr2010,avaConv,runOfRiver
IT,h5978,0.17626334934104804,scr2010,avaConv,runOfRiver
IT,h5979,0.1758752006549651,scr2010,avaConv,runOfRiver
IT,h5980,0.1758752006549651,scr2010,avaConv,runOfRiver
IT,h5981,0.1758752006549651,scr2010,avaConv,runOfRiver
IT,h5982,0.1758752006549651,scr2010,avaConv,runOfRiver
IT,h5983,0.1758752006549651,scr2010,avaConv,runOfRiver
IT,h5984,0.1758752006549651,scr2010,avaConv,runOfRiver
IT,h5985,0.1758752006549651,scr2010,avaConv,runOfRiver
IT,h5986,0.1758752006549651,scr2010,avaConv,runOfRiver
IT,h5987,0.1758752006549651,scr2010,avaConv,runOfRiver
IT,h5988,0.1758752006549651,scr2010,avaConv,runOfRiver
IT,h5989,0.1758752006549651,scr2010,avaConv,runOfRiver
IT,h5990,0.1758752006549651,scr2010,avaConv,runOfRiver
IT,h5991,0.1758752006549651,scr2010,avaConv,runOfRiver
IT,h5992,0.1758752006549651,scr2010,avaConv,runOfRiver
IT,h5993,0.1758752006549651,scr2010,avaConv,runOfRiver
IT,h5994,0.1758752006549651,scr2010,avaConv,runOfRiver
IT,h5995,0.1758752006549651,scr2010,avaConv,runOfRiver
IT,h5996,0.1758752006549651,scr2010,avaConv,runOfRiver
IT,h5997,0.1758752006549651,scr2010,avaConv,runOfRiver
IT,h5998,0.1758752006549651,scr2010,avaConv,runOfRiver
IT,h5999,0.1758752006549651,scr2010,avaConv,runOfRiver
IT,h6000,0.1758752006549651,scr2010,avaConv,runOfRiver
IT,h6001,0.17537951348822256,scr2010,avaConv,runOfRiver
IT,h6002,0.1748838264615887,scr2010,avaConv,runOfRiver
IT,h6003,0.17438813957546062,scr2010,avaConv,runOfRiver
IT,h6004,0.17438813957546062,scr2010,avaConv,runOfRiver
IT,h6005,0.17438813957546062,scr2010,avaConv,runOfRiver
IT,h6006,0.17438813957546062,scr2010,avaConv,runOfRiver
IT,h6007,0.17438813957546062,scr2010,avaConv,runOfRiver
IT,h6008,0.17438813957546062,scr2010,avaConv,runOfRiver
IT,h6009,0.17438813957546062,scr2010,avaConv,runOfRiver
IT,h6010,0.17438813957546062,scr2010,avaConv,runOfRiver
IT,h6011,0.17438813957546062,scr2010,avaConv,runOfRiver
IT,h6012,0.17438813957546062,scr2010,avaConv,runOfRiver
IT,h6013,0.17438813957546062,scr2010,avaConv,runOfRiver
IT,h6014,0.17438813957546062,scr2010,avaConv,runOfRiver
IT,h6015,0.17438813957546062,scr2010,avaConv,runOfRiver
IT,h6016,0.17438813957546062,scr2010,avaConv,runOfRiver
IT,h6017,0.17438813957546062,scr2010,avaConv,runOfRiver
IT,h6018,0.17438813957546062,scr2010,avaConv,runOfRiver
IT,h6019,0.17438813957546062,scr2010,avaConv,runOfRiver
IT,h6020,0.17438813957546062,scr2010,avaConv,runOfRiver
IT,h6021,0.17438813957546062,scr2010,avaConv,runOfRiver
IT,h6022,0.17438813957546062,scr2010,avaConv,runOfRiver
IT,h6023,0.17438813957546062,scr2010,avaConv,runOfRiver
IT,h6024,0.17438813957546062,scr2010,avaConv,runOfRiver
IT,h6025,0.17339914121086997,scr2010,avaConv,runOfRiver
IT,h6026,0.17241014341040406,scr2010,avaConv,runOfRiver
IT,h6027,0.17142114617729873,scr2010,avaConv,runOfRiver
IT,h6028,0.17142114617729873,scr2010,avaConv,runOfRiver
IT,h6029,0.17142114617729873,scr2010,avaConv,runOfRiver
IT,h6030,0.17142114617729873,scr2010,avaConv,runOfRiver
IT,h6031,0.17142114617729873,scr2010,avaConv,runOfRiver
IT,h6032,0.17142114617729873,scr2010,avaConv,runOfRiver
IT,h6033,0.17142114617729873,scr2010,avaConv,runOfRiver
IT,h6034,0.17142114617729873,scr2010,avaConv,runOfRiver
IT,h6035,0.17142114617729873,scr2010,avaConv,runOfRiver
IT,h6036,0.17142114617729873,scr2010,avaConv,runOfRiver
IT,h6037,0.17142114617729873,scr2010,avaConv,runOfRiver
IT,h6038,0.17142114617729873,scr2010,avaConv,runOfRiver
IT,h6039,0.17142114617729873,scr2010,avaConv,runOfRiver
IT,h6040,0.17142114617729873,scr2010,avaConv,runOfRiver
IT,h6041,0.17142114617729873,scr2010,avaConv,runOfRiver
IT,h6042,0.17142114617729873,scr2010,avaConv,runOfRiver
IT,h6043,0.17142114617729873,scr2010,avaConv,runOfRiver
IT,h6044,0.17142114617729873,scr2010,avaConv,runOfRiver
IT,h6045,0.17142114617729873,scr2010,avaConv,runOfRiver
IT,h6046,0.17142114617729873,scr2010,avaConv,runOfRiver
IT,h6047,0.17142114617729873,scr2010,avaConv,runOfRiver
IT,h6048,0.17142114617729873,scr2010,avaConv,runOfRiver
IT,h6049,0.17080080960200045,scr2010,avaConv,runOfRiver
IT,h6050,0.17018047325202001,scr2010,avaConv,runOfRiver
IT,h6051,0.1695601371281787,scr2010,avaConv,runOfRiver
IT,h6052,0.1695601371281787,scr2010,avaConv,runOfRiver
IT,h6053,0.1695601371281787,scr2010,avaConv,runOfRiver
IT,h6054,0.1695601371281787,scr2010,avaConv,runOfRiver
IT,h6055,0.1695601371281787,scr2010,avaConv,runOfRiver
IT,h6056,0.1695601371281787,scr2010,avaConv,runOfRiver
IT,h6057,0.1695601371281787,scr2010,avaConv,runOfRiver
IT,h6058,0.1695601371281787,scr2010,avaConv,runOfRiver
IT,h6059,0.1695601371281787,scr2010,avaConv,runOfRiver
IT,h6060,0.1695601371281787,scr2010,avaConv,runOfRiver
IT,h6061,0.1695601371281787,scr2010,avaConv,runOfRiver
IT,h6062,0.1695601371281787,scr2010,avaConv,runOfRiver
IT,h6063,0.1695601371281787,scr2010,avaConv,runOfRiver
IT,h6064,0.1695601371281787,scr2010,avaConv,runOfRiver
IT,h6065,0.1695601371281787,scr2010,avaConv,runOfRiver
IT,h6066,0.1695601371281787,scr2010,avaConv,runOfRiver
IT,h6067,0.1695601371281787,scr2010,avaConv,runOfRiver
IT,h6068,0.1695601371281787,scr2010,avaConv,runOfRiver
IT,h6069,0.1695601371281787,scr2010,avaConv,runOfRiver
IT,h6070,0.1695601371281787,scr2010,avaConv,runOfRiver
IT,h6071,0.1695601371281787,scr2010,avaConv,runOfRiver
IT,h6072,0.1695601371281787,scr2010,avaConv,runOfRiver
IT,h6073,0.1694360749452319,scr2010,avaConv,runOfRiver
IT,h6074,0.1693120127713697,scr2010,avaConv,runOfRiver
IT,h6075,0.16918795060659872,scr2010,avaConv,runOfRiver
IT,h6076,0.16918795060659872,scr2010,avaConv,runOfRiver
IT,h6077,0.16918795060659872,scr2010,avaConv,runOfRiver
IT,h6078,0.16918795060659872,scr2010,avaConv,runOfRiver
IT,h6079,0.16918795060659872,scr2010,avaConv,runOfRiver
IT,h6080,0.16918795060659872,scr2010,avaConv,runOfRiver
IT,h6081,0.16918795060659872,scr2010,avaConv,runOfRiver
IT,h6082,0.16918795060659872,scr2010,avaConv,runOfRiver
IT,h6083,0.16918795060659872,scr2010,avaConv,runOfRiver
IT,h6084,0.16918795060659872,scr2010,avaConv,runOfRiver
IT,h6085,0.16918795060659872,scr2010,avaConv,runOfRiver
IT,h6086,0.16918795060659872,scr2010,avaConv,runOfRiver
IT,h6087,0.16918795060659872,scr2010,avaConv,runOfRiver
IT,h6088,0.16918795060659872,scr2010,avaConv,runOfRiver
IT,h6089,0.16918795060659872,scr2010,avaConv,runOfRiver
IT,h6090,0.16918795060659872,scr2010,avaConv,runOfRiver
IT,h6091,0.16918795060659872,scr2010,avaConv,runOfRiver
IT,h6092,0.16918795060659872,scr2010,avaConv,runOfRiver
IT,h6093,0.16918795060659872,scr2010,avaConv,runOfRiver
IT,h6094,0.16918795060659872,scr2010,avaConv,runOfRiver
IT,h6095,0.16918795060659872,scr2010,avaConv,runOfRiver
IT,h6096,0.16918795060659872,scr2010,avaConv,runOfRiver
IT,h6097,0.1684510307910446,scr2010,avaConv,runOfRiver
IT,h6098,0.16771411129789335,scr2010,avaConv,runOfRiver
IT,h6099,0.16697719212856152,scr2010,avaConv,runOfRiver
IT,h6100,0.16697719212856152,scr2010,avaConv,runOfRiver
IT,h6101,0.16697719212856152,scr2010,avaConv,runOfRiver
IT,h6102,0.16697719212856152,scr2010,avaConv,runOfRiver
IT,h6103,0.16697719212856152,scr2010,avaConv,runOfRiver
IT,h6104,0.16697719212856152,scr2010,avaConv,runOfRiver
IT,h6105,0.16697719212856152,scr2010,avaConv,runOfRiver
IT,h6106,0.16697719212856152,scr2010,avaConv,runOfRiver
IT,h6107,0.16697719212856152,scr2010,avaConv,runOfRiver
IT,h6108,0.16697719212856152,scr2010,avaConv,runOfRiver
IT,h6109,0.16697719212856152,scr2010,avaConv,runOfRiver
IT,h6110,0.16697719212856152,scr2010,avaConv,runOfRiver
IT,h6111,0.16697719212856152,scr2010,avaConv,runOfRiver
IT,h6112,0.16697719212856152,scr2010,avaConv,runOfRiver
IT,h6113,0.16697719212856152,scr2010,avaConv,runOfRiver
IT,h6114,0.16697719212856152,scr2010,avaConv,runOfRiver
IT,h6115,0.16697719212856152,scr2010,avaConv,runOfRiver
IT,h6116,0.16697719212856152,scr2010,avaConv,runOfRiver
IT,h6117,0.16697719212856152,scr2010,avaConv,runOfRiver
IT,h6118,0.16697719212856152,scr2010,avaConv,runOfRiver
IT,h6119,0.16697719212856152,scr2010,avaConv,runOfRiver
IT,h6120,0.16697719212856152,scr2010,avaConv,runOfRiver
IT,h6121,0.16761503684133064,scr2010,avaConv,runOfRiver
IT,h6122,0.16825288179684428,scr2010,avaConv,runOfRiver
IT,h6123,0.1688907269941822,scr2010,avaConv,runOfRiver
IT,h6124,0.1688907269941822,scr2010,avaConv,runOfRiver
IT,h6125,0.1688907269941822,scr2010,avaConv,runOfRiver
IT,h6126,0.1688907269941822,scr2010,avaConv,runOfRiver
IT,h6127,0.1688907269941822,scr2010,avaConv,runOfRiver
IT,h6128,0.1688907269941822,scr2010,avaConv,runOfRiver
IT,h6129,0.1688907269941822,scr2010,avaConv,runOfRiver
IT,h6130,0.1688907269941822,scr2010,avaConv,runOfRiver
IT,h6131,0.1688907269941822,scr2010,avaConv,runOfRiver
IT,h6132,0.1688907269941822,scr2010,avaConv,runOfRiver
IT,h6133,0.1688907269941822,scr2010,avaConv,runOfRiver
IT,h6134,0.1688907269941822,scr2010,avaConv,runOfRiver
IT,h6135,0.1688907269941822,scr2010,avaConv,runOfRiver
IT,h6136,0.1688907269941822,scr2010,avaConv,runOfRiver
IT,h6137,0.1688907269941822,scr2010,avaConv,runOfRiver
IT,h6138,0.1688907269941822,scr2010,avaConv,runOfRiver
IT,h6139,0.1688907269941822,scr2010,avaConv,runOfRiver
IT,h6140,0.1688907269941822,scr2010,avaConv,runOfRiver
IT,h6141,0.1688907269941822,scr2010,avaConv,runOfRiver
IT,h6142,0.1688907269941822,scr2010,avaConv,runOfRiver
IT,h6143,0.1688907269941822,scr2010,avaConv,runOfRiver
IT,h6144,0.1688907269941822,scr2010,avaConv,runOfRiver
IT,h6145,0.16869837400306062,scr2010,avaConv,runOfRiver
IT,h6146,0.16850602103387308,scr2010,avaConv,runOfRiver
IT,h6147,0.16831366808664455,scr2010,avaConv,runOfRiver
IT,h6148,0.16831366808664455,scr2010,avaConv,runOfRiver
IT,h6149,0.16831366808664455,scr2010,avaConv,runOfRiver
IT,h6150,0.16831366808664455,scr2010,avaConv,runOfRiver
IT,h6151,0.16831366808664455,scr2010,avaConv,runOfRiver
IT,h6152,0.16831366808664455,scr2010,avaConv,runOfRiver
IT,h6153,0.16831366808664455,scr2010,avaConv,runOfRiver
IT,h6154,0.16831366808664455,scr2010,avaConv,runOfRiver
IT,h6155,0.16831366808664455,scr2010,avaConv,runOfRiver
IT,h6156,0.16831366808664455,scr2010,avaConv,runOfRiver
IT,h6157,0.16831366808664455,scr2010,avaConv,runOfRiver
IT,h6158,0.16831366808664455,scr2010,avaConv,runOfRiver
IT,h6159,0.16831366808664455,scr2010,avaConv,runOfRiver
IT,h6160,0.16831366808664455,scr2010,avaConv,runOfRiver
IT,h6161,0.16831366808664455,scr2010,avaConv,runOfRiver
IT,h6162,0.16831366808664455,scr2010,avaConv,runOfRiver
IT,h6163,0.16831366808664455,scr2010,avaConv,runOfRiver
IT,h6164,0.16831366808664455,scr2010,avaConv,runOfRiver
IT,h6165,0.16831366808664455,scr2010,avaConv,runOfRiver
IT,h6166,0.16831366808664455,scr2010,avaConv,runOfRiver
IT,h6167,0.16831366808664455,scr2010,avaConv,runOfRiver
IT,h6168,0.16831366808664455,scr2010,avaConv,runOfRiver
IT,h6169,0.16722611437879734,scr2010,avaConv,runOfRiver
IT,h6170,0.16613856137829552,scr2010,avaConv,runOfRiver
IT,h6171,0.1650510090897694,scr2010,avaConv,runOfRiver
IT,h6172,0.1650510090897694,scr2010,avaConv,runOfRiver
IT,h6173,0.1650510090897694,scr2010,avaConv,runOfRiver
IT,h6174,0.1650510090897694,scr2010,avaConv,runOfRiver
IT,h6175,0.1650510090897694,scr2010,avaConv,runOfRiver
IT,h6176,0.1650510090897694,scr2010,avaConv,runOfRiver
IT,h6177,0.1650510090897694,scr2010,avaConv,runOfRiver
IT,h6178,0.1650510090897694,scr2010,avaConv,runOfRiver
IT,h6179,0.1650510090897694,scr2010,avaConv,runOfRiver
IT,h6180,0.1650510090897694,scr2010,avaConv,runOfRiver
IT,h6181,0.1650510090897694,scr2010,avaConv,runOfRiver
IT,h6182,0.1650510090897694,scr2010,avaConv,runOfRiver
IT,h6183,0.1650510090897694,scr2010,avaConv,runOfRiver
IT,h6184,0.1650510090897694,scr2010,avaConv,runOfRiver
IT,h6185,0.1650510090897694,scr2010,avaConv,runOfRiver
IT,h6186,0.1650510090897694,scr2010,avaConv,runOfRiver
IT,h6187,0.1650510090897694,scr2010,avaConv,runOfRiver
IT,h6188,0.1650510090897694,scr2010,avaConv,runOfRiver
IT,h6189,0.1650510090897694,scr2010,avaConv,runOfRiver
IT,h6190,0.1650510090897694,scr2010,avaConv,runOfRiver
IT,h6191,0.1650510090897694,scr2010,avaConv,runOfRiver
IT,h6192,0.1650510090897694,scr2010,avaConv,runOfRiver
IT,h6193,0.1650677258702427,scr2010,avaConv,runOfRiver
IT,h6194,0.1650844426508853,scr2010,avaConv,runOfRiver
IT,h6195,0.16510115943169715,scr2010,avaConv,runOfRiver
IT,h6196,0.16510115943169715,scr2010,avaConv,runOfRiver
IT,h6197,0.16510115943169715,scr2010,avaConv,runOfRiver
IT,h6198,0.16510115943169715,scr2010,avaConv,runOfRiver
IT,h6199,0.16510115943169715,scr2010,avaConv,runOfRiver
IT,h6200,0.16510115943169715,scr2010,avaConv,runOfRiver
IT,h6201,0.16510115943169715,scr2010,avaConv,runOfRiver
IT,h6202,0.16510115943169715,scr2010,avaConv,runOfRiver
IT,h6203,0.16510115943169715,scr2010,avaConv,runOfRiver
IT,h6204,0.16510115943169715,scr2010,avaConv,runOfRiver
IT,h6205,0.16510115943169715,scr2010,avaConv,runOfRiver
IT,h6206,0.16510115943169715,scr2010,avaConv,runOfRiver
IT,h6207,0.16510115943169715,scr2010,avaConv,runOfRiver
IT,h6208,0.16510115943169715,scr2010,avaConv,runOfRiver
IT,h6209,0.16510115943169715,scr2010,avaConv,runOfRiver
IT,h6210,0.16510115943169715,scr2010,avaConv,runOfRiver
IT,h6211,0.16510115943169715,scr2010,avaConv,runOfRiver
IT,h6212,0.16510115943169715,scr2010,avaConv,runOfRiver
IT,h6213,0.16510115943169715,scr2010,avaConv,runOfRiver
IT,h6214,0.16510115943169715,scr2010,avaConv,runOfRiver
IT,h6215,0.16510115943169715,scr2010,avaConv,runOfRiver
IT,h6216,0.16510115943169715,scr2010,avaConv,runOfRiver
IT,h6217,0.16558060984794473,scr2010,avaConv,runOfRiver
IT,h6218,0.16606006040303112,scr2010,avaConv,runOfRiver
IT,h6219,0.1665395110965554,scr2010,avaConv,runOfRiver
IT,h6220,0.1665395110965554,scr2010,avaConv,runOfRiver
IT,h6221,0.1665395110965554,scr2010,avaConv,runOfRiver
IT,h6222,0.1665395110965554,scr2010,avaConv,runOfRiver
IT,h6223,0.1665395110965554,scr2010,avaConv,runOfRiver
IT,h6224,0.1665395110965554,scr2010,avaConv,runOfRiver
IT,h6225,0.1665395110965554,scr2010,avaConv,runOfRiver
IT,h6226,0.1665395110965554,scr2010,avaConv,runOfRiver
IT,h6227,0.1665395110965554,scr2010,avaConv,runOfRiver
IT,h6228,0.1665395110965554,scr2010,avaConv,runOfRiver
IT,h6229,0.1665395110965554,scr2010,avaConv,runOfRiver
IT,h6230,0.1665395110965554,scr2010,avaConv,runOfRiver
IT,h6231,0.1665395110965554,scr2010,avaConv,runOfRiver
IT,h6232,0.1665395110965554,scr2010,avaConv,runOfRiver
IT,h6233,0.1665395110965554,scr2010,avaConv,runOfRiver
IT,h6234,0.1665395110965554,scr2010,avaConv,runOfRiver
IT,h6235,0.1665395110965554,scr2010,avaConv,runOfRiver
IT,h6236,0.1665395110965554,scr2010,avaConv,runOfRiver
IT,h6237,0.1665395110965554,scr2010,avaConv,runOfRiver
IT,h6238,0.1665395110965554,scr2010,avaConv,runOfRiver
IT,h6239,0.1665395110965554,scr2010,avaConv,runOfRiver
IT,h6240,0.1665395110965554,scr2010,avaConv,runOfRiver
IT,h6241,0.16762329967847475,scr2010,avaConv,runOfRiver
IT,h6242,0.16870708896118633,scr2010,avaConv,runOfRiver
IT,h6243,0.16979087894018843,scr2010,avaConv,runOfRiver
IT,h6244,0.16979087894018843,scr2010,avaConv,runOfRiver
IT,h6245,0.16979087894018843,scr2010,avaConv,runOfRiver
IT,h6246,0.16979087894018843,scr2010,avaConv,runOfRiver
IT,h6247,0.16979087894018843,scr2010,avaConv,runOfRiver
IT,h6248,0.16979087894018843,scr2010,avaConv,runOfRiver
IT,h6249,0.16979087894018843,scr2010,avaConv,runOfRiver
IT,h6250,0.16979087894018843,scr2010,avaConv,runOfRiver
IT,h6251,0.16979087894018843,scr2010,avaConv,runOfRiver
IT,h6252,0.16979087894018843,scr2010,avaConv,runOfRiver
IT,h6253,0.16979087894018843,scr2010,avaConv,runOfRiver
IT,h6254,0.16979087894018843,scr2010,avaConv,runOfRiver
IT,h6255,0.16979087894018843,scr2010,avaConv,runOfRiver
IT,h6256,0.16979087894018843,scr2010,avaConv,runOfRiver
IT,h6257,0.16979087894018843,scr2010,avaConv,runOfRiver
IT,h6258,0.16979087894018843,scr2010,avaConv,runOfRiver
IT,h6259,0.16979087894018843,scr2010,avaConv,runOfRiver
IT,h6260,0.16979087894018843,scr2010,avaConv,runOfRiver
IT,h6261,0.16979087894018843,scr2010,avaConv,runOfRiver
IT,h6262,0.16979087894018843,scr2010,avaConv,runOfRiver
IT,h6263,0.16979087894018843,scr2010,avaConv,runOfRiver
IT,h6264,0.16979087894018843,scr2010,avaConv,runOfRiver
IT,h6265,0.17185409536239019,scr2010,avaConv,runOfRiver
IT,h6266,0.1739173142618433,scr2010,avaConv,runOfRiver
IT,h6267,0.17598053560915908,scr2010,avaConv,runOfRiver
IT,h6268,0.17598053560915908,scr2010,avaConv,runOfRiver
IT,h6269,0.17598053560915908,scr2010,avaConv,runOfRiver
IT,h6270,0.17598053560915908,scr2010,avaConv,runOfRiver
IT,h6271,0.17598053560915908,scr2010,avaConv,runOfRiver
IT,h6272,0.17598053560915908,scr2010,avaConv,runOfRiver
IT,h6273,0.17598053560915908,scr2010,avaConv,runOfRiver
IT,h6274,0.17598053560915908,scr2010,avaConv,runOfRiver
IT,h6275,0.17598053560915908,scr2010,avaConv,runOfRiver
IT,h6276,0.17598053560915908,scr2010,avaConv,runOfRiver
IT,h6277,0.17598053560915908,scr2010,avaConv,runOfRiver
IT,h6278,0.17598053560915908,scr2010,avaConv,runOfRiver
IT,h6279,0.17598053560915908,scr2010,avaConv,runOfRiver
IT,h6280,0.17598053560915908,scr2010,avaConv,runOfRiver
IT,h6281,0.17598053560915908,scr2010,avaConv,runOfRiver
IT,h6282,0.17598053560915908,scr2010,avaConv,runOfRiver
IT,h6283,0.17598053560915908,scr2010,avaConv,runOfRiver
IT,h6284,0.17598053560915908,scr2010,avaConv,runOfRiver
IT,h6285,0.17598053560915908,scr2010,avaConv,runOfRiver
IT,h6286,0.17598053560915908,scr2010,avaConv,runOfRiver
IT,h6287,0.17598053560915908,scr2010,avaConv,runOfRiver
IT,h6288,0.17598053560915908,scr2010,avaConv,runOfRiver
IT,h6289,0.1782450714621539,scr2010,avaConv,runOfRiver
IT,h6290,0.18050961019241413,scr2010,avaConv,runOfRiver
IT,h6291,0.18277415176384323,scr2010,avaConv,runOfRiver
IT,h6292,0.18277415176384323,scr2010,avaConv,runOfRiver
IT,h6293,0.18277415176384323,scr2010,avaConv,runOfRiver
IT,h6294,0.18277415176384323,scr2010,avaConv,runOfRiver
IT,h6295,0.18277415176384323,scr2010,avaConv,runOfRiver
IT,h6296,0.18277415176384323,scr2010,avaConv,runOfRiver
IT,h6297,0.18277415176384323,scr2010,avaConv,runOfRiver
IT,h6298,0.18277415176384323,scr2010,avaConv,runOfRiver
IT,h6299,0.18277415176384323,scr2010,avaConv,runOfRiver
IT,h6300,0.18277415176384323,scr2010,avaConv,runOfRiver
IT,h6301,0.18277415176384323,scr2010,avaConv,runOfRiver
IT,h6302,0.18277415176384323,scr2010,avaConv,runOfRiver
IT,h6303,0.18277415176384323,scr2010,avaConv,runOfRiver
IT,h6304,0.18277415176384323,scr2010,avaConv,runOfRiver
IT,h6305,0.18277415176384323,scr2010,avaConv,runOfRiver
IT,h6306,0.18277415176384323,scr2010,avaConv,runOfRiver
IT,h6307,0.18277415176384323,scr2010,avaConv,runOfRiver
IT,h6308,0.18277415176384323,scr2010,avaConv,runOfRiver
IT,h6309,0.18277415176384323,scr2010,avaConv,runOfRiver
IT,h6310,0.18277415176384323,scr2010,avaConv,runOfRiver
IT,h6311,0.18277415176384323,scr2010,avaConv,runOfRiver
IT,h6312,0.18277415176384323,scr2010,avaConv,runOfRiver
IT,h6313,0.18450192693035825,scr2010,avaConv,runOfRiver
IT,h6314,0.18622970371497088,scr2010,avaConv,runOfRiver
IT,h6315,0.1879574821026693,scr2010,avaConv,runOfRiver
IT,h6316,0.1879574821026693,scr2010,avaConv,runOfRiver
IT,h6317,0.1879574821026693,scr2010,avaConv,runOfRiver
IT,h6318,0.1879574821026693,scr2010,avaConv,runOfRiver
IT,h6319,0.1879574821026693,scr2010,avaConv,runOfRiver
IT,h6320,0.1879574821026693,scr2010,avaConv,runOfRiver
IT,h6321,0.1879574821026693,scr2010,avaConv,runOfRiver
IT,h6322,0.1879574821026693,scr2010,avaConv,runOfRiver
IT,h6323,0.1879574821026693,scr2010,avaConv,runOfRiver
IT,h6324,0.1879574821026693,scr2010,avaConv,runOfRiver
IT,h6325,0.1879574821026693,scr2010,avaConv,runOfRiver
IT,h6326,0.1879574821026693,scr2010,avaConv,runOfRiver
IT,h6327,0.1879574821026693,scr2010,avaConv,runOfRiver
IT,h6328,0.1879574821026693,scr2010,avaConv,runOfRiver
IT,h6329,0.1879574821026693,scr2010,avaConv,runOfRiver
IT,h6330,0.1879574821026693,scr2010,avaConv,runOfRiver
IT,h6331,0.1879574821026693,scr2010,avaConv,runOfRiver
IT,h6332,0.1879574821026693,scr2010,avaConv,runOfRiver
IT,h6333,0.1879574821026693,scr2010,avaConv,runOfRiver
IT,h6334,0.1879574821026693,scr2010,avaConv,runOfRiver
IT,h6335,0.1879574821026693,scr2010,avaConv,runOfRiver
IT,h6336,0.1879574821026693,scr2010,avaConv,runOfRiver
IT,h6337,0.18904266821069013,scr2010,avaConv,runOfRiver
IT,h6338,0.19012785494169088,scr2010,avaConv,runOfRiver
IT,h6339,0.1912130422921159,scr2010,avaConv,runOfRiver
IT,h6340,0.1912130422921159,scr2010,avaConv,runOfRiver
IT,h6341,0.1912130422921159,scr2010,avaConv,runOfRiver
IT,h6342,0.1912130422921159,scr2010,avaConv,runOfRiver
IT,h6343,0.1912130422921159,scr2010,avaConv,runOfRiver
IT,h6344,0.1912130422921159,scr2010,avaConv,runOfRiver
IT,h6345,0.1912130422921159,scr2010,avaConv,runOfRiver
IT,h6346,0.1912130422921159,scr2010,avaConv,runOfRiver
IT,h6347,0.1912130422921159,scr2010,avaConv,runOfRiver
IT,h6348,0.1912130422921159,scr2010,avaConv,runOfRiver
IT,h6349,0.1912130422921159,scr2010,avaConv,runOfRiver
IT,h6350,0.1912130422921159,scr2010,avaConv,runOfRiver
IT,h6351,0.1912130422921159,scr2010,avaConv,runOfRiver
IT,h6352,0.1912130422921159,scr2010,avaConv,runOfRiver
IT,h6353,0.1912130422921159,scr2010,avaConv,runOfRiver
IT,h6354,0.1912130422921159,scr2010,avaConv,runOfRiver
IT,h6355,0.1912130422921159,scr2010,avaConv,runOfRiver
IT,h6356,0.1912130422921159,scr2010,avaConv,runOfRiver
IT,h6357,0.1912130422921159,scr2010,avaConv,runOfRiver
IT,h6358,0.1912130422921159,scr2010,avaConv,runOfRiver
IT,h6359,0.1912130422921159,scr2010,avaConv,runOfRiver
IT,h6360,0.1912130422921159,scr2010,avaConv,runOfRiver
IT,h6361,0.1915745208537406,scr2010,avaConv,runOfRiver
IT,h6362,0.19193599948357556,scr2010,avaConv,runOfRiver
IT,h6363,0.19229747818149226,scr2010,avaConv,runOfRiver
IT,h6364,0.19229747818149226,scr2010,avaConv,runOfRiver
IT,h6365,0.19229747818149226,scr2010,avaConv,runOfRiver
IT,h6366,0.19229747818149226,scr2010,avaConv,runOfRiver
IT,h6367,0.19229747818149226,scr2010,avaConv,runOfRiver
IT,h6368,0.19229747818149226,scr2010,avaConv,runOfRiver
IT,h6369,0.19229747818149226,scr2010,avaConv,runOfRiver
IT,h6370,0.19229747818149226,scr2010,avaConv,runOfRiver
IT,h6371,0.19229747818149226,scr2010,avaConv,runOfRiver
IT,h6372,0.19229747818149226,scr2010,avaConv,runOfRiver
IT,h6373,0.19229747818149226,scr2010,avaConv,runOfRiver
IT,h6374,0.19229747818149226,scr2010,avaConv,runOfRiver
IT,h6375,0.19229747818149226,scr2010,avaConv,runOfRiver
IT,h6376,0.19229747818149226,scr2010,avaConv,runOfRiver
IT,h6377,0.19229747818149226,scr2010,avaConv,runOfRiver
IT,h6378,0.19229747818149226,scr2010,avaConv,runOfRiver
IT,h6379,0.19229747818149226,scr2010,avaConv,runOfRiver
IT,h6380,0.19229747818149226,scr2010,avaConv,runOfRiver
IT,h6381,0.19229747818149226,scr2010,avaConv,runOfRiver
IT,h6382,0.19229747818149226,scr2010,avaConv,runOfRiver
IT,h6383,0.19229747818149226,scr2010,avaConv,runOfRiver
IT,h6384,0.19229747818149226,scr2010,avaConv,runOfRiver
IT,h6385,0.19177892766219784,scr2010,avaConv,runOfRiver
IT,h6386,0.1912603772831213,scr2010,avaConv,runOfRiver
IT,h6387,0.19074182704464293,scr2010,avaConv,runOfRiver
IT,h6388,0.19074182704464293,scr2010,avaConv,runOfRiver
IT,h6389,0.19074182704464293,scr2010,avaConv,runOfRiver
IT,h6390,0.19074182704464293,scr2010,avaConv,runOfRiver
IT,h6391,0.19074182704464293,scr2010,avaConv,runOfRiver
IT,h6392,0.19074182704464293,scr2010,avaConv,runOfRiver
IT,h6393,0.19074182704464293,scr2010,avaConv,runOfRiver
IT,h6394,0.19074182704464293,scr2010,avaConv,runOfRiver
IT,h6395,0.19074182704464293,scr2010,avaConv,runOfRiver
IT,h6396,0.19074182704464293,scr2010,avaConv,runOfRiver
IT,h6397,0.19074182704464293,scr2010,avaConv,runOfRiver
IT,h6398,0.19074182704464293,scr2010,avaConv,runOfRiver
IT,h6399,0.19074182704464293,scr2010,avaConv,runOfRiver
IT,h6400,0.19074182704464293,scr2010,avaConv,runOfRiver
IT,h6401,0.19074182704464293,scr2010,avaConv,runOfRiver
IT,h6402,0.19074182704464293,scr2010,avaConv,runOfRiver
IT,h6403,0.19074182704464293,scr2010,avaConv,runOfRiver
IT,h6404,0.19074182704464293,scr2010,avaConv,runOfRiver
IT,h6405,0.19074182704464293,scr2010,avaConv,runOfRiver
IT,h6406,0.19074182704464293,scr2010,avaConv,runOfRiver
IT,h6407,0.19074182704464293,scr2010,avaConv,runOfRiver
IT,h6408,0.19074182704464293,scr2010,avaConv,runOfRiver
IT,h6409,0.1921537070871059,scr2010,avaConv,runOfRiver
IT,h6410,0.1935655881670323,scr2010,avaConv,runOfRiver
IT,h6411,0.194977470276855,scr2010,avaConv,runOfRiver
IT,h6412,0.194977470276855,scr2010,avaConv,runOfRiver
IT,h6413,0.194977470276855,scr2010,avaConv,runOfRiver
IT,h6414,0.194977470276855,scr2010,avaConv,runOfRiver
IT,h6415,0.194977470276855,scr2010,avaConv,runOfRiver
IT,h6416,0.194977470276855,scr2010,avaConv,runOfRiver
IT,h6417,0.194977470276855,scr2010,avaConv,runOfRiver
IT,h6418,0.194977470276855,scr2010,avaConv,runOfRiver
IT,h6419,0.194977470276855,scr2010,avaConv,runOfRiver
IT,h6420,0.194977470276855,scr2010,avaConv,runOfRiver
IT,h6421,0.194977470276855,scr2010,avaConv,runOfRiver
IT,h6422,0.194977470276855,scr2010,avaConv,runOfRiver
IT,h6423,0.194977470276855,scr2010,avaConv,runOfRiver
IT,h6424,0.194977470276855,scr2010,avaConv,runOfRiver
IT,h6425,0.194977470276855,scr2010,avaConv,runOfRiver
IT,h6426,0.194977470276855,scr2010,avaConv,runOfRiver
IT,h6427,0.194977470276855,scr2010,avaConv,runOfRiver
IT,h6428,0.194977470276855,scr2010,avaConv,runOfRiver
IT,h6429,0.194977470276855,scr2010,avaConv,runOfRiver
IT,h6430,0.194977470276855,scr2010,avaConv,runOfRiver
IT,h6431,0.194977470276855,scr2010,avaConv,runOfRiver
IT,h6432,0.194977470276855,scr2010,avaConv,runOfRiver
IT,h6433,0.19588539864496007,scr2010,avaConv,runOfRiver
IT,h6434,0.19679332743391126,scr2010,avaConv,runOfRiver
IT,h6435,0.1977012566417671,scr2010,avaConv,runOfRiver
IT,h6436,0.1977012566417671,scr2010,avaConv,runOfRiver
IT,h6437,0.1977012566417671,scr2010,avaConv,runOfRiver
IT,h6438,0.1977012566417671,scr2010,avaConv,runOfRiver
IT,h6439,0.1977012566417671,scr2010,avaConv,runOfRiver
IT,h6440,0.1977012566417671,scr2010,avaConv,runOfRiver
IT,h6441,0.1977012566417671,scr2010,avaConv,runOfRiver
IT,h6442,0.1977012566417671,scr2010,avaConv,runOfRiver
IT,h6443,0.1977012566417671,scr2010,avaConv,runOfRiver
IT,h6444,0.1977012566417671,scr2010,avaConv,runOfRiver
IT,h6445,0.1977012566417671,scr2010,avaConv,runOfRiver
IT,h6446,0.1977012566417671,scr2010,avaConv,runOfRiver
IT,h6447,0.1977012566417671,scr2010,avaConv,runOfRiver
IT,h6448,0.1977012566417671,scr2010,avaConv,runOfRiver
IT,h6449,0.1977012566417671,scr2010,avaConv,runOfRiver
IT,h6450,0.1977012566417671,scr2010,avaConv,runOfRiver
IT,h6451,0.1977012566417671,scr2010,avaConv,runOfRiver
IT,h6452,0.1977012566417671,scr2010,avaConv,runOfRiver
IT,h6453,0.1977012566417671,scr2010,avaConv,runOfRiver
IT,h6454,0.1977012566417671,scr2010,avaConv,runOfRiver
IT,h6455,0.1977012566417671,scr2010,avaConv,runOfRiver
IT,h6456,0.1977012566417671,scr2010,avaConv,runOfRiver
IT,h6457,0.19791564849047563,scr2010,avaConv,runOfRiver
IT,h6458,0.19813004036240917,scr2010,avaConv,runOfRiver
IT,h6459,0.19834443225754264,scr2010,avaConv,runOfRiver
IT,h6460,0.19834443225754264,scr2010,avaConv,runOfRiver
IT,h6461,0.19834443225754264,scr2010,avaConv,runOfRiver
IT,h6462,0.19834443225754264,scr2010,avaConv,runOfRiver
IT,h6463,0.19834443225754264,scr2010,avaConv,runOfRiver
IT,h6464,0.19834443225754264,scr2010,avaConv,runOfRiver
IT,h6465,0.19834443225754264,scr2010,avaConv,runOfRiver
IT,h6466,0.19834443225754264,scr2010,avaConv,runOfRiver
IT,h6467,0.19834443225754264,scr2010,avaConv,runOfRiver
IT,h6468,0.19834443225754264,scr2010,avaConv,runOfRiver
IT,h6469,0.19834443225754264,scr2010,avaConv,runOfRiver
IT,h6470,0.19834443225754264,scr2010,avaConv,runOfRiver
IT,h6471,0.19834443225754264,scr2010,avaConv,runOfRiver
IT,h6472,0.19834443225754264,scr2010,avaConv,runOfRiver
IT,h6473,0.19834443225754264,scr2010,avaConv,runOfRiver
IT,h6474,0.19834443225754264,scr2010,avaConv,runOfRiver
IT,h6475,0.19834443225754264,scr2010,avaConv,runOfRiver
IT,h6476,0.19834443225754264,scr2010,avaConv,runOfRiver
IT,h6477,0.19834443225754264,scr2010,avaConv,runOfRiver
IT,h6478,0.19834443225754264,scr2010,avaConv,runOfRiver
IT,h6479,0.19834443225754264,scr2010,avaConv,runOfRiver
IT,h6480,0.19834443225754264,scr2010,avaConv,runOfRiver
IT,h6481,0.1992250694239564,scr2010,avaConv,runOfRiver
IT,h6482,0.20010570697965818,scr2010,avaConv,runOfRiver
IT,h6483,0.20098634492293493,scr2010,avaConv,runOfRiver
IT,h6484,0.20098634492293493,scr2010,avaConv,runOfRiver
IT,h6485,0.20098634492293493,scr2010,avaConv,runOfRiver
IT,h6486,0.20098634492293493,scr2010,avaConv,runOfRiver
IT,h6487,0.20098634492293493,scr2010,avaConv,runOfRiver
IT,h6488,0.20098634492293493,scr2010,avaConv,runOfRiver
IT,h6489,0.20098634492293493,scr2010,avaConv,runOfRiver
IT,h6490,0.20098634492293493,scr2010,avaConv,runOfRiver
IT,h6491,0.20098634492293493,scr2010,avaConv,runOfRiver
IT,h6492,0.20098634492293493,scr2010,avaConv,runOfRiver
IT,h6493,0.20098634492293493,scr2010,avaConv,runOfRiver
IT,h6494,0.20098634492293493,scr2010,avaConv,runOfRiver
IT,h6495,0.20098634492293493,scr2010,avaConv,runOfRiver
IT,h6496,0.20098634492293493,scr2010,avaConv,runOfRiver
IT,h6497,0.20098634492293493,scr2010,avaConv,runOfRiver
IT,h6498,0.20098634492293493,scr2010,avaConv,runOfRiver
IT,h6499,0.20098634492293493,scr2010,avaConv,runOfRiver
IT,h6500,0.20098634492293493,scr2010,avaConv,runOfRiver
IT,h6501,0.20098634492293493,scr2010,avaConv,runOfRiver
IT,h6502,0.20098634492293493,scr2010,avaConv,runOfRiver
IT,h6503,0.20098634492293493,scr2010,avaConv,runOfRiver
IT,h6504,0.20098634492293493,scr2010,avaConv,runOfRiver
IT,h6505,0.20238206320131352,scr2010,avaConv,runOfRiver
IT,h6506,0.20377778244229172,scr2010,avaConv,runOfRiver
IT,h6507,0.20517350263927675,scr2010,avaConv,runOfRiver
IT,h6508,0.20517350263927675,scr2010,avaConv,runOfRiver
IT,h6509,0.20517350263927675,scr2010,avaConv,runOfRiver
IT,h6510,0.20517350263927675,scr2010,avaConv,runOfRiver
IT,h6511,0.20517350263927675,scr2010,avaConv,runOfRiver
IT,h6512,0.20517350263927675,scr2010,avaConv,runOfRiver
IT,h6513,0.20517350263927675,scr2010,avaConv,runOfRiver
IT,h6514,0.20517350263927675,scr2010,avaConv,runOfRiver
IT,h6515,0.20517350263927675,scr2010,avaConv,runOfRiver
IT,h6516,0.20517350263927675,scr2010,avaConv,runOfRiver
IT,h6517,0.20517350263927675,scr2010,avaConv,runOfRiver
IT,h6518,0.20517350263927675,scr2010,avaConv,runOfRiver
IT,h6519,0.20517350263927675,scr2010,avaConv,runOfRiver
IT,h6520,0.20517350263927675,scr2010,avaConv,runOfRiver
IT,h6521,0.20517350263927675,scr2010,avaConv,runOfRiver
IT,h6522,0.20517350263927675,scr2010,avaConv,runOfRiver
IT,h6523,0.20517350263927675,scr2010,avaConv,runOfRiver
IT,h6524,0.20517350263927675,scr2010,avaConv,runOfRiver
IT,h6525,0.20517350263927675,scr2010,avaConv,runOfRiver
IT,h6526,0.20517350263927675,scr2010,avaConv,runOfRiver
IT,h6527,0.20517350263927675,scr2010,avaConv,runOfRiver
IT,h6528,0.20517350263927675,scr2010,avaConv,runOfRiver
IT,h6529,0.207033895081121,scr2010,avaConv,runOfRiver
IT,h6530,0.20889428919479078,scr2010,avaConv,runOfRiver
IT,h6531,0.21075468496539757,scr2010,avaConv,runOfRiver
IT,h6532,0.21075468496539757,scr2010,avaConv,runOfRiver
IT,h6533,0.21075468496539757,scr2010,avaConv,runOfRiver
IT,h6534,0.21075468496539757,scr2010,avaConv,runOfRiver
IT,h6535,0.21075468496539757,scr2010,avaConv,runOfRiver
IT,h6536,0.21075468496539757,scr2010,avaConv,runOfRiver
IT,h6537,0.21075468496539757,scr2010,avaConv,runOfRiver
IT,h6538,0.21075468496539757,scr2010,avaConv,runOfRiver
IT,h6539,0.21075468496539757,scr2010,avaConv,runOfRiver
IT,h6540,0.21075468496539757,scr2010,avaConv,runOfRiver
IT,h6541,0.21075468496539757,scr2010,avaConv,runOfRiver
IT,h6542,0.21075468496539757,scr2010,avaConv,runOfRiver
IT,h6543,0.21075468496539757,scr2010,avaConv,runOfRiver
IT,h6544,0.21075468496539757,scr2010,avaConv,runOfRiver
IT,h6545,0.21075468496539757,scr2010,avaConv,runOfRiver
IT,h6546,0.21075468496539757,scr2010,avaConv,runOfRiver
IT,h6547,0.21075468496539757,scr2010,avaConv,runOfRiver
IT,h6548,0.21075468496539757,scr2010,avaConv,runOfRiver
IT,h6549,0.21075468496539757,scr2010,avaConv,runOfRiver
IT,h6550,0.21075468496539757,scr2010,avaConv,runOfRiver
IT,h6551,0.21075468496539757,scr2010,avaConv,runOfRiver
IT,h6552,0.21075468496539757,scr2010,avaConv,runOfRiver
IT,h6553,0.2122105412649707,scr2010,avaConv,runOfRiver
IT,h6554,0.21366639856336864,scr2010,avaConv,runOfRiver
IT,h6555,0.21512225685378614,scr2010,avaConv,runOfRiver
IT,h6556,0.21512225685378614,scr2010,avaConv,runOfRiver
IT,h6557,0.21512225685378614,scr2010,avaConv,runOfRiver
IT,h6558,0.21512225685378614,scr2010,avaConv,runOfRiver
IT,h6559,0.21512225685378614,scr2010,avaConv,runOfRiver
IT,h6560,0.21512225685378614,scr2010,avaConv,runOfRiver
IT,h6561,0.21512225685378614,scr2010,avaConv,runOfRiver
IT,h6562,0.21512225685378614,scr2010,avaConv,runOfRiver
IT,h6563,0.21512225685378614,scr2010,avaConv,runOfRiver
IT,h6564,0.21512225685378614,scr2010,avaConv,runOfRiver
IT,h6565,0.21512225685378614,scr2010,avaConv,runOfRiver
IT,h6566,0.21512225685378614,scr2010,avaConv,runOfRiver
IT,h6567,0.21512225685378614,scr2010,avaConv,runOfRiver
IT,h6568,0.21512225685378614,scr2010,avaConv,runOfRiver
IT,h6569,0.21512225685378614,scr2010,avaConv,runOfRiver
IT,h6570,0.21512225685378614,scr2010,avaConv,runOfRiver
IT,h6571,0.21512225685378614,scr2010,avaConv,runOfRiver
IT,h6572,0.21512225685378614,scr2010,avaConv,runOfRiver
IT,h6573,0.21512225685378614,scr2010,avaConv,runOfRiver
IT,h6574,0.21512225685378614,scr2010,avaConv,runOfRiver
IT,h6575,0.21512225685378614,scr2010,avaConv,runOfRiver
IT,h6576,0.21512225685378614,scr2010,avaConv,runOfRiver
