region_1,timestep_6,value,scenario_1,parameter,technology_3
AT,h7297,0.1718358786554225,scr2081,stInflow,reservoir
AT,h7298,0.1718358786554225,scr2081,stInflow,reservoir
AT,h7299,0.1718358786554225,scr2081,stInflow,reservoir
AT,h7300,0.1718358786554225,scr2081,stInflow,reservoir
AT,h7301,0.1718358786554225,scr2081,stInflow,reservoir
AT,h7302,0.1718358786554225,scr2081,stInflow,reservoir
AT,h7303,0.1718358786554225,scr2081,stInflow,reservoir
AT,h7304,0.1718358786554225,scr2081,stInflow,reservoir
AT,h7305,0.1718358786554225,scr2081,stInflow,reservoir
AT,h7306,0.1718358786554225,scr2081,stInflow,reservoir
AT,h7307,0.1718358786554225,scr2081,stInflow,reservoir
AT,h7308,0.1718358786554225,scr2081,stInflow,reservoir
AT,h7309,0.1718358786554225,scr2081,stInflow,reservoir
AT,h7310,0.1718358786554225,scr2081,stInflow,reservoir
AT,h7311,0.1718358786554225,scr2081,stInflow,reservoir
AT,h7312,0.1718358786554225,scr2081,stInflow,reservoir
AT,h7313,0.1718358786554225,scr2081,stInflow,reservoir
AT,h7314,0.1718358786554225,scr2081,stInflow,reservoir
AT,h7315,0.1718358786554225,scr2081,stInflow,reservoir
AT,h7316,0.1718358786554225,scr2081,stInflow,reservoir
AT,h7317,0.1718358786554225,scr2081,stInflow,reservoir
AT,h7318,0.1718358786554225,scr2081,stInflow,reservoir
AT,h7319,0.1718358786554225,scr2081,stInflow,reservoir
AT,h7320,0.1718358786554225,scr2081,stInflow,reservoir
AT,h7321,0.1718358786554225,scr2081,stInflow,reservoir
AT,h7322,0.1718358786554225,scr2081,stInflow,reservoir
AT,h7323,0.1718358786554225,scr2081,stInflow,reservoir
AT,h7324,0.1718358786554225,scr2081,stInflow,reservoir
AT,h7325,0.1718358786554225,scr2081,stInflow,reservoir
AT,h7326,0.1718358786554225,scr2081,stInflow,reservoir
AT,h7327,0.1718358786554225,scr2081,stInflow,reservoir
AT,h7328,0.1718358786554225,scr2081,stInflow,reservoir
AT,h7329,0.1718358786554225,scr2081,stInflow,reservoir
AT,h7330,0.1718358786554225,scr2081,stInflow,reservoir
AT,h7331,0.1718358786554225,scr2081,stInflow,reservoir
AT,h7332,0.1718358786554225,scr2081,stInflow,reservoir
AT,h7333,0.1718358786554225,scr2081,stInflow,reservoir
AT,h7334,0.1718358786554225,scr2081,stInflow,reservoir
AT,h7335,0.1718358786554225,scr2081,stInflow,reservoir
AT,h7336,0.1718358786554225,scr2081,stInflow,reservoir
AT,h7337,0.1718358786554225,scr2081,stInflow,reservoir
AT,h7338,0.1718358786554225,scr2081,stInflow,reservoir
AT,h7339,0.1718358786554225,scr2081,stInflow,reservoir
AT,h7340,0.1718358786554225,scr2081,stInflow,reservoir
AT,h7341,0.1718358786554225,scr2081,stInflow,reservoir
AT,h7342,0.1718358786554225,scr2081,stInflow,reservoir
AT,h7343,0.1718358786554225,scr2081,stInflow,reservoir
AT,h7344,0.1718358786554225,scr2081,stInflow,reservoir
AT,h7345,0.13037778399342823,scr2081,stInflow,reservoir
AT,h7346,0.08892103061903349,scr2081,stInflow,reservoir
AT,h7347,0.04746628665434156,scr2081,stInflow,reservoir
AT,h7348,0.04746628665434156,scr2081,stInflow,reservoir
AT,h7349,0.04746628665434156,scr2081,stInflow,reservoir
AT,h7350,0.04746628665434156,scr2081,stInflow,reservoir
AT,h7351,0.04746628665434156,scr2081,stInflow,reservoir
AT,h7352,0.04746628665434156,scr2081,stInflow,reservoir
AT,h7353,0.04746628665434156,scr2081,stInflow,reservoir
AT,h7354,0.04746628665434156,scr2081,stInflow,reservoir
AT,h7355,0.04746628665434156,scr2081,stInflow,reservoir
AT,h7356,0.04746628665434156,scr2081,stInflow,reservoir
AT,h7357,0.04746628665434156,scr2081,stInflow,reservoir
AT,h7358,0.04746628665434156,scr2081,stInflow,reservoir
AT,h7359,0.04746628665434156,scr2081,stInflow,reservoir
AT,h7360,0.04746628665434156,scr2081,stInflow,reservoir
AT,h7361,0.04746628665434156,scr2081,stInflow,reservoir
AT,h7362,0.04746628665434156,scr2081,stInflow,reservoir
AT,h7363,0.04746628665434156,scr2081,stInflow,reservoir
AT,h7364,0.04746628665434156,scr2081,stInflow,reservoir
AT,h7365,0.04746628665434156,scr2081,stInflow,reservoir
AT,h7366,0.04746628665434156,scr2081,stInflow,reservoir
AT,h7367,0.04746628665434156,scr2081,stInflow,reservoir
AT,h7368,0.04746628665434156,scr2081,stInflow,reservoir
AT,h7369,0.04746628665434156,scr2081,stInflow,reservoir
AT,h7370,0.04746628665434156,scr2081,stInflow,reservoir
AT,h7371,0.04746628665434156,scr2081,stInflow,reservoir
AT,h7372,0.04746628665434156,scr2081,stInflow,reservoir
AT,h7373,0.04746628665434156,scr2081,stInflow,reservoir
AT,h7374,0.04746628665434156,scr2081,stInflow,reservoir
AT,h7375,0.04746628665434156,scr2081,stInflow,reservoir
AT,h7376,0.04746628665434156,scr2081,stInflow,reservoir
AT,h7377,0.04746628665434156,scr2081,stInflow,reservoir
AT,h7378,0.04746628665434156,scr2081,stInflow,reservoir
AT,h7379,0.04746628665434156,scr2081,stInflow,reservoir
AT,h7380,0.04746628665434156,scr2081,stInflow,reservoir
AT,h7381,0.04746628665434156,scr2081,stInflow,reservoir
AT,h7382,0.04746628665434156,scr2081,stInflow,reservoir
AT,h7383,0.04746628665434156,scr2081,stInflow,reservoir
AT,h7384,0.04746628665434156,scr2081,stInflow,reservoir
AT,h7385,0.04746628665434156,scr2081,stInflow,reservoir
AT,h7386,0.04746628665434156,scr2081,stInflow,reservoir
AT,h7387,0.04746628665434156,scr2081,stInflow,reservoir
AT,h7388,0.04746628665434156,scr2081,stInflow,reservoir
AT,h7389,0.04746628665434156,scr2081,stInflow,reservoir
AT,h7390,0.04746628665434156,scr2081,stInflow,reservoir
AT,h7391,0.04746628665434156,scr2081,stInflow,reservoir
AT,h7392,0.04746628665434156,scr2081,stInflow,reservoir
AT,h7393,0.04746628665434156,scr2081,stInflow,reservoir
AT,h7394,0.04746628665434156,scr2081,stInflow,reservoir
AT,h7395,0.04746628665434156,scr2081,stInflow,reservoir
AT,h7396,0.04746628665434156,scr2081,stInflow,reservoir
AT,h7397,0.04746628665434156,scr2081,stInflow,reservoir
AT,h7398,0.04746628665434156,scr2081,stInflow,reservoir
AT,h7399,0.04746628665434156,scr2081,stInflow,reservoir
AT,h7400,0.04746628665434156,scr2081,stInflow,reservoir
AT,h7401,0.04746628665434156,scr2081,stInflow,reservoir
AT,h7402,0.04746628665434156,scr2081,stInflow,reservoir
AT,h7403,0.04746628665434156,scr2081,stInflow,reservoir
AT,h7404,0.04746628665434156,scr2081,stInflow,reservoir
AT,h7405,0.04746628665434156,scr2081,stInflow,reservoir
AT,h7406,0.04746628665434156,scr2081,stInflow,reservoir
AT,h7407,0.04746628665434156,scr2081,stInflow,reservoir
AT,h7408,0.04746628665434156,scr2081,stInflow,reservoir
AT,h7409,0.04746628665434156,scr2081,stInflow,reservoir
AT,h7410,0.04746628665434156,scr2081,stInflow,reservoir
AT,h7411,0.04746628665434156,scr2081,stInflow,reservoir
AT,h7412,0.04746628665434156,scr2081,stInflow,reservoir
AT,h7413,0.04746628665434156,scr2081,stInflow,reservoir
AT,h7414,0.04746628665434156,scr2081,stInflow,reservoir
AT,h7415,0.04746628665434156,scr2081,stInflow,reservoir
AT,h7416,0.04746628665434156,scr2081,stInflow,reservoir
AT,h7417,0.04746628665434156,scr2081,stInflow,reservoir
AT,h7418,0.04746628665434156,scr2081,stInflow,reservoir
AT,h7419,0.04746628665434156,scr2081,stInflow,reservoir
AT,h7420,0.04746628665434156,scr2081,stInflow,reservoir
AT,h7421,0.04746628665434156,scr2081,stInflow,reservoir
AT,h7422,0.04746628665434156,scr2081,stInflow,reservoir
AT,h7423,0.04746628665434156,scr2081,stInflow,reservoir
AT,h7424,0.04746628665434156,scr2081,stInflow,reservoir
AT,h7425,0.04746628665434156,scr2081,stInflow,reservoir
AT,h7426,0.04746628665434156,scr2081,stInflow,reservoir
AT,h7427,0.04746628665434156,scr2081,stInflow,reservoir
AT,h7428,0.04746628665434156,scr2081,stInflow,reservoir
AT,h7429,0.04746628665434156,scr2081,stInflow,reservoir
AT,h7430,0.04746628665434156,scr2081,stInflow,reservoir
AT,h7431,0.04746628665434156,scr2081,stInflow,reservoir
AT,h7432,0.04746628665434156,scr2081,stInflow,reservoir
AT,h7433,0.04746628665434156,scr2081,stInflow,reservoir
AT,h7434,0.04746628665434156,scr2081,stInflow,reservoir
AT,h7435,0.04746628665434156,scr2081,stInflow,reservoir
AT,h7436,0.04746628665434156,scr2081,stInflow,reservoir
AT,h7437,0.04746628665434156,scr2081,stInflow,reservoir
AT,h7438,0.04746628665434156,scr2081,stInflow,reservoir
AT,h7439,0.04746628665434156,scr2081,stInflow,reservoir
AT,h7440,0.04746628665434156,scr2081,stInflow,reservoir
AT,h7441,0.04746628665434156,scr2081,stInflow,reservoir
AT,h7442,0.04746628665434156,scr2081,stInflow,reservoir
AT,h7443,0.04746628665434156,scr2081,stInflow,reservoir
AT,h7444,0.04746628665434156,scr2081,stInflow,reservoir
AT,h7445,0.04746628665434156,scr2081,stInflow,reservoir
AT,h7446,0.04746628665434156,scr2081,stInflow,reservoir
AT,h7447,0.04746628665434156,scr2081,stInflow,reservoir
AT,h7448,0.04746628665434156,scr2081,stInflow,reservoir
AT,h7449,0.04746628665434156,scr2081,stInflow,reservoir
AT,h7450,0.04746628665434156,scr2081,stInflow,reservoir
AT,h7451,0.04746628665434156,scr2081,stInflow,reservoir
AT,h7452,0.04746628665434156,scr2081,stInflow,reservoir
AT,h7453,0.04746628665434156,scr2081,stInflow,reservoir
AT,h7454,0.04746628665434156,scr2081,stInflow,reservoir
AT,h7455,0.04746628665434156,scr2081,stInflow,reservoir
AT,h7456,0.04746628665434156,scr2081,stInflow,reservoir
AT,h7457,0.04746628665434156,scr2081,stInflow,reservoir
AT,h7458,0.04746628665434156,scr2081,stInflow,reservoir
AT,h7459,0.04746628665434156,scr2081,stInflow,reservoir
AT,h7460,0.04746628665434156,scr2081,stInflow,reservoir
AT,h7461,0.04746628665434156,scr2081,stInflow,reservoir
AT,h7462,0.04746628665434156,scr2081,stInflow,reservoir
AT,h7463,0.04746628665434156,scr2081,stInflow,reservoir
AT,h7464,0.04746628665434156,scr2081,stInflow,reservoir
AT,h7465,0.04746628665434156,scr2081,stInflow,reservoir
AT,h7466,0.04746628665434156,scr2081,stInflow,reservoir
AT,h7467,0.04746628665434156,scr2081,stInflow,reservoir
AT,h7468,0.04746628665434156,scr2081,stInflow,reservoir
AT,h7469,0.04746628665434156,scr2081,stInflow,reservoir
AT,h7470,0.04746628665434156,scr2081,stInflow,reservoir
AT,h7471,0.04746628665434156,scr2081,stInflow,reservoir
AT,h7472,0.04746628665434156,scr2081,stInflow,reservoir
AT,h7473,0.04746628665434156,scr2081,stInflow,reservoir
AT,h7474,0.04746628665434156,scr2081,stInflow,reservoir
AT,h7475,0.04746628665434156,scr2081,stInflow,reservoir
AT,h7476,0.04746628665434156,scr2081,stInflow,reservoir
AT,h7477,0.04746628665434156,scr2081,stInflow,reservoir
AT,h7478,0.04746628665434156,scr2081,stInflow,reservoir
AT,h7479,0.04746628665434156,scr2081,stInflow,reservoir
AT,h7480,0.04746628665434156,scr2081,stInflow,reservoir
AT,h7481,0.04746628665434156,scr2081,stInflow,reservoir
AT,h7482,0.04746628665434156,scr2081,stInflow,reservoir
AT,h7483,0.04746628665434156,scr2081,stInflow,reservoir
AT,h7484,0.04746628665434156,scr2081,stInflow,reservoir
AT,h7485,0.04746628665434156,scr2081,stInflow,reservoir
AT,h7486,0.04746628665434156,scr2081,stInflow,reservoir
AT,h7487,0.04746628665434156,scr2081,stInflow,reservoir
AT,h7488,0.04746628665434156,scr2081,stInflow,reservoir
AT,h7489,0.04746628665434156,scr2081,stInflow,reservoir
AT,h7490,0.04746628665434156,scr2081,stInflow,reservoir
AT,h7491,0.04746628665434156,scr2081,stInflow,reservoir
AT,h7492,0.04746628665434156,scr2081,stInflow,reservoir
AT,h7493,0.04746628665434156,scr2081,stInflow,reservoir
AT,h7494,0.04746628665434156,scr2081,stInflow,reservoir
AT,h7495,0.04746628665434156,scr2081,stInflow,reservoir
AT,h7496,0.04746628665434156,scr2081,stInflow,reservoir
AT,h7497,0.04746628665434156,scr2081,stInflow,reservoir
AT,h7498,0.04746628665434156,scr2081,stInflow,reservoir
AT,h7499,0.04746628665434156,scr2081,stInflow,reservoir
AT,h7500,0.04746628665434156,scr2081,stInflow,reservoir
AT,h7501,0.04746628665434156,scr2081,stInflow,reservoir
AT,h7502,0.04746628665434156,scr2081,stInflow,reservoir
AT,h7503,0.04746628665434156,scr2081,stInflow,reservoir
AT,h7504,0.04746628665434156,scr2081,stInflow,reservoir
AT,h7505,0.04746628665434156,scr2081,stInflow,reservoir
AT,h7506,0.04746628665434156,scr2081,stInflow,reservoir
AT,h7507,0.04746628665434156,scr2081,stInflow,reservoir
AT,h7508,0.04746628665434156,scr2081,stInflow,reservoir
AT,h7509,0.04746628665434156,scr2081,stInflow,reservoir
AT,h7510,0.04746628665434156,scr2081,stInflow,reservoir
AT,h7511,0.04746628665434156,scr2081,stInflow,reservoir
AT,h7512,0.04746628665434156,scr2081,stInflow,reservoir
AT,h7513,0.04056735654995044,scr2081,stInflow,reservoir
AT,h7514,0.03366854432780042,scr2081,stInflow,reservoir
AT,h7515,0.026769874453749204,scr2081,stInflow,reservoir
AT,h7516,0.026769874453749204,scr2081,stInflow,reservoir
AT,h7517,0.026769874453749204,scr2081,stInflow,reservoir
AT,h7518,0.026769874453749204,scr2081,stInflow,reservoir
AT,h7519,0.026769874453749204,scr2081,stInflow,reservoir
AT,h7520,0.026769874453749204,scr2081,stInflow,reservoir
AT,h7521,0.026769874453749204,scr2081,stInflow,reservoir
AT,h7522,0.026769874453749204,scr2081,stInflow,reservoir
AT,h7523,0.026769874453749204,scr2081,stInflow,reservoir
AT,h7524,0.026769874453749204,scr2081,stInflow,reservoir
AT,h7525,0.026769874453749204,scr2081,stInflow,reservoir
AT,h7526,0.026769874453749204,scr2081,stInflow,reservoir
AT,h7527,0.026769874453749204,scr2081,stInflow,reservoir
AT,h7528,0.026769874453749204,scr2081,stInflow,reservoir
AT,h7529,0.026769874453749204,scr2081,stInflow,reservoir
AT,h7530,0.026769874453749204,scr2081,stInflow,reservoir
AT,h7531,0.026769874453749204,scr2081,stInflow,reservoir
AT,h7532,0.026769874453749204,scr2081,stInflow,reservoir
AT,h7533,0.026769874453749204,scr2081,stInflow,reservoir
AT,h7534,0.026769874453749204,scr2081,stInflow,reservoir
AT,h7535,0.026769874453749204,scr2081,stInflow,reservoir
AT,h7536,0.026769874453749204,scr2081,stInflow,reservoir
AT,h7537,0.026769874453749204,scr2081,stInflow,reservoir
AT,h7538,0.026769874453749204,scr2081,stInflow,reservoir
AT,h7539,0.026769874453749204,scr2081,stInflow,reservoir
AT,h7540,0.026769874453749204,scr2081,stInflow,reservoir
AT,h7541,0.026769874453749204,scr2081,stInflow,reservoir
AT,h7542,0.026769874453749204,scr2081,stInflow,reservoir
AT,h7543,0.026769874453749204,scr2081,stInflow,reservoir
AT,h7544,0.026769874453749204,scr2081,stInflow,reservoir
AT,h7545,0.026769874453749204,scr2081,stInflow,reservoir
AT,h7546,0.026769874453749204,scr2081,stInflow,reservoir
AT,h7547,0.026769874453749204,scr2081,stInflow,reservoir
AT,h7548,0.026769874453749204,scr2081,stInflow,reservoir
AT,h7549,0.026769874453749204,scr2081,stInflow,reservoir
AT,h7550,0.026769874453749204,scr2081,stInflow,reservoir
AT,h7551,0.026769874453749204,scr2081,stInflow,reservoir
AT,h7552,0.026769874453749204,scr2081,stInflow,reservoir
AT,h7553,0.026769874453749204,scr2081,stInflow,reservoir
AT,h7554,0.026769874453749204,scr2081,stInflow,reservoir
AT,h7555,0.026769874453749204,scr2081,stInflow,reservoir
AT,h7556,0.026769874453749204,scr2081,stInflow,reservoir
AT,h7557,0.026769874453749204,scr2081,stInflow,reservoir
AT,h7558,0.026769874453749204,scr2081,stInflow,reservoir
AT,h7559,0.026769874453749204,scr2081,stInflow,reservoir
AT,h7560,0.026769874453749204,scr2081,stInflow,reservoir
AT,h7561,0.026769874453749204,scr2081,stInflow,reservoir
AT,h7562,0.026769874453749204,scr2081,stInflow,reservoir
AT,h7563,0.026769874453749204,scr2081,stInflow,reservoir
AT,h7564,0.026769874453749204,scr2081,stInflow,reservoir
AT,h7565,0.026769874453749204,scr2081,stInflow,reservoir
AT,h7566,0.026769874453749204,scr2081,stInflow,reservoir
AT,h7567,0.026769874453749204,scr2081,stInflow,reservoir
AT,h7568,0.026769874453749204,scr2081,stInflow,reservoir
AT,h7569,0.026769874453749204,scr2081,stInflow,reservoir
AT,h7570,0.026769874453749204,scr2081,stInflow,reservoir
AT,h7571,0.026769874453749204,scr2081,stInflow,reservoir
AT,h7572,0.026769874453749204,scr2081,stInflow,reservoir
AT,h7573,0.026769874453749204,scr2081,stInflow,reservoir
AT,h7574,0.026769874453749204,scr2081,stInflow,reservoir
AT,h7575,0.026769874453749204,scr2081,stInflow,reservoir
AT,h7576,0.026769874453749204,scr2081,stInflow,reservoir
AT,h7577,0.026769874453749204,scr2081,stInflow,reservoir
AT,h7578,0.026769874453749204,scr2081,stInflow,reservoir
AT,h7579,0.026769874453749204,scr2081,stInflow,reservoir
AT,h7580,0.026769874453749204,scr2081,stInflow,reservoir
AT,h7581,0.026769874453749204,scr2081,stInflow,reservoir
AT,h7582,0.026769874453749204,scr2081,stInflow,reservoir
AT,h7583,0.026769874453749204,scr2081,stInflow,reservoir
AT,h7584,0.026769874453749204,scr2081,stInflow,reservoir
AT,h7585,0.026769874453749204,scr2081,stInflow,reservoir
AT,h7586,0.026769874453749204,scr2081,stInflow,reservoir
AT,h7587,0.026769874453749204,scr2081,stInflow,reservoir
AT,h7588,0.026769874453749204,scr2081,stInflow,reservoir
AT,h7589,0.026769874453749204,scr2081,stInflow,reservoir
AT,h7590,0.026769874453749204,scr2081,stInflow,reservoir
AT,h7591,0.026769874453749204,scr2081,stInflow,reservoir
AT,h7592,0.026769874453749204,scr2081,stInflow,reservoir
AT,h7593,0.026769874453749204,scr2081,stInflow,reservoir
AT,h7594,0.026769874453749204,scr2081,stInflow,reservoir
AT,h7595,0.026769874453749204,scr2081,stInflow,reservoir
AT,h7596,0.026769874453749204,scr2081,stInflow,reservoir
AT,h7597,0.026769874453749204,scr2081,stInflow,reservoir
AT,h7598,0.026769874453749204,scr2081,stInflow,reservoir
AT,h7599,0.026769874453749204,scr2081,stInflow,reservoir
AT,h7600,0.026769874453749204,scr2081,stInflow,reservoir
AT,h7601,0.026769874453749204,scr2081,stInflow,reservoir
AT,h7602,0.026769874453749204,scr2081,stInflow,reservoir
AT,h7603,0.026769874453749204,scr2081,stInflow,reservoir
AT,h7604,0.026769874453749204,scr2081,stInflow,reservoir
AT,h7605,0.026769874453749204,scr2081,stInflow,reservoir
AT,h7606,0.026769874453749204,scr2081,stInflow,reservoir
AT,h7607,0.026769874453749204,scr2081,stInflow,reservoir
AT,h7608,0.026769874453749204,scr2081,stInflow,reservoir
AT,h7609,0.026769874453749204,scr2081,stInflow,reservoir
AT,h7610,0.026769874453749204,scr2081,stInflow,reservoir
AT,h7611,0.026769874453749204,scr2081,stInflow,reservoir
AT,h7612,0.026769874453749204,scr2081,stInflow,reservoir
AT,h7613,0.026769874453749204,scr2081,stInflow,reservoir
AT,h7614,0.026769874453749204,scr2081,stInflow,reservoir
AT,h7615,0.026769874453749204,scr2081,stInflow,reservoir
AT,h7616,0.026769874453749204,scr2081,stInflow,reservoir
AT,h7617,0.026769874453749204,scr2081,stInflow,reservoir
AT,h7618,0.026769874453749204,scr2081,stInflow,reservoir
AT,h7619,0.026769874453749204,scr2081,stInflow,reservoir
AT,h7620,0.026769874453749204,scr2081,stInflow,reservoir
AT,h7621,0.026769874453749204,scr2081,stInflow,reservoir
AT,h7622,0.026769874453749204,scr2081,stInflow,reservoir
AT,h7623,0.026769874453749204,scr2081,stInflow,reservoir
AT,h7624,0.026769874453749204,scr2081,stInflow,reservoir
AT,h7625,0.026769874453749204,scr2081,stInflow,reservoir
AT,h7626,0.026769874453749204,scr2081,stInflow,reservoir
AT,h7627,0.026769874453749204,scr2081,stInflow,reservoir
AT,h7628,0.026769874453749204,scr2081,stInflow,reservoir
AT,h7629,0.026769874453749204,scr2081,stInflow,reservoir
AT,h7630,0.026769874453749204,scr2081,stInflow,reservoir
AT,h7631,0.026769874453749204,scr2081,stInflow,reservoir
AT,h7632,0.026769874453749204,scr2081,stInflow,reservoir
AT,h7633,0.026769874453749204,scr2081,stInflow,reservoir
AT,h7634,0.026769874453749204,scr2081,stInflow,reservoir
AT,h7635,0.026769874453749204,scr2081,stInflow,reservoir
AT,h7636,0.026769874453749204,scr2081,stInflow,reservoir
AT,h7637,0.026769874453749204,scr2081,stInflow,reservoir
AT,h7638,0.026769874453749204,scr2081,stInflow,reservoir
AT,h7639,0.026769874453749204,scr2081,stInflow,reservoir
AT,h7640,0.026769874453749204,scr2081,stInflow,reservoir
AT,h7641,0.026769874453749204,scr2081,stInflow,reservoir
AT,h7642,0.026769874453749204,scr2081,stInflow,reservoir
AT,h7643,0.026769874453749204,scr2081,stInflow,reservoir
AT,h7644,0.026769874453749204,scr2081,stInflow,reservoir
AT,h7645,0.026769874453749204,scr2081,stInflow,reservoir
AT,h7646,0.026769874453749204,scr2081,stInflow,reservoir
AT,h7647,0.026769874453749204,scr2081,stInflow,reservoir
AT,h7648,0.026769874453749204,scr2081,stInflow,reservoir
AT,h7649,0.026769874453749204,scr2081,stInflow,reservoir
AT,h7650,0.026769874453749204,scr2081,stInflow,reservoir
AT,h7651,0.026769874453749204,scr2081,stInflow,reservoir
AT,h7652,0.026769874453749204,scr2081,stInflow,reservoir
AT,h7653,0.026769874453749204,scr2081,stInflow,reservoir
AT,h7654,0.026769874453749204,scr2081,stInflow,reservoir
AT,h7655,0.026769874453749204,scr2081,stInflow,reservoir
AT,h7656,0.026769874453749204,scr2081,stInflow,reservoir
AT,h7657,0.026769874453749204,scr2081,stInflow,reservoir
AT,h7658,0.026769874453749204,scr2081,stInflow,reservoir
AT,h7659,0.026769874453749204,scr2081,stInflow,reservoir
AT,h7660,0.026769874453749204,scr2081,stInflow,reservoir
AT,h7661,0.026769874453749204,scr2081,stInflow,reservoir
AT,h7662,0.026769874453749204,scr2081,stInflow,reservoir
AT,h7663,0.026769874453749204,scr2081,stInflow,reservoir
AT,h7664,0.026769874453749204,scr2081,stInflow,reservoir
AT,h7665,0.026769874453749204,scr2081,stInflow,reservoir
AT,h7666,0.026769874453749204,scr2081,stInflow,reservoir
AT,h7667,0.026769874453749204,scr2081,stInflow,reservoir
AT,h7668,0.026769874453749204,scr2081,stInflow,reservoir
AT,h7669,0.026769874453749204,scr2081,stInflow,reservoir
AT,h7670,0.026769874453749204,scr2081,stInflow,reservoir
AT,h7671,0.026769874453749204,scr2081,stInflow,reservoir
AT,h7672,0.026769874453749204,scr2081,stInflow,reservoir
AT,h7673,0.026769874453749204,scr2081,stInflow,reservoir
AT,h7674,0.026769874453749204,scr2081,stInflow,reservoir
AT,h7675,0.026769874453749204,scr2081,stInflow,reservoir
AT,h7676,0.026769874453749204,scr2081,stInflow,reservoir
AT,h7677,0.026769874453749204,scr2081,stInflow,reservoir
AT,h7678,0.026769874453749204,scr2081,stInflow,reservoir
AT,h7679,0.026769874453749204,scr2081,stInflow,reservoir
AT,h7680,0.026769874453749204,scr2081,stInflow,reservoir
AT,h7681,0.03285099414682466,scr2081,stInflow,reservoir
AT,h7682,0.03893222705141078,scr2081,stInflow,reservoir
AT,h7683,0.04501355532714483,scr2081,stInflow,reservoir
AT,h7684,0.04501355532714483,scr2081,stInflow,reservoir
AT,h7685,0.04501355532714483,scr2081,stInflow,reservoir
AT,h7686,0.04501355532714483,scr2081,stInflow,reservoir
AT,h7687,0.04501355532714483,scr2081,stInflow,reservoir
AT,h7688,0.04501355532714483,scr2081,stInflow,reservoir
AT,h7689,0.04501355532714483,scr2081,stInflow,reservoir
AT,h7690,0.04501355532714483,scr2081,stInflow,reservoir
AT,h7691,0.04501355532714483,scr2081,stInflow,reservoir
AT,h7692,0.04501355532714483,scr2081,stInflow,reservoir
AT,h7693,0.04501355532714483,scr2081,stInflow,reservoir
AT,h7694,0.04501355532714483,scr2081,stInflow,reservoir
AT,h7695,0.04501355532714483,scr2081,stInflow,reservoir
AT,h7696,0.04501355532714483,scr2081,stInflow,reservoir
AT,h7697,0.04501355532714483,scr2081,stInflow,reservoir
AT,h7698,0.04501355532714483,scr2081,stInflow,reservoir
AT,h7699,0.04501355532714483,scr2081,stInflow,reservoir
AT,h7700,0.04501355532714483,scr2081,stInflow,reservoir
AT,h7701,0.04501355532714483,scr2081,stInflow,reservoir
AT,h7702,0.04501355532714483,scr2081,stInflow,reservoir
AT,h7703,0.04501355532714483,scr2081,stInflow,reservoir
AT,h7704,0.04501355532714483,scr2081,stInflow,reservoir
AT,h7705,0.04501355532714483,scr2081,stInflow,reservoir
AT,h7706,0.04501355532714483,scr2081,stInflow,reservoir
AT,h7707,0.04501355532714483,scr2081,stInflow,reservoir
AT,h7708,0.04501355532714483,scr2081,stInflow,reservoir
AT,h7709,0.04501355532714483,scr2081,stInflow,reservoir
AT,h7710,0.04501355532714483,scr2081,stInflow,reservoir
AT,h7711,0.04501355532714483,scr2081,stInflow,reservoir
AT,h7712,0.04501355532714483,scr2081,stInflow,reservoir
AT,h7713,0.04501355532714483,scr2081,stInflow,reservoir
AT,h7714,0.04501355532714483,scr2081,stInflow,reservoir
AT,h7715,0.04501355532714483,scr2081,stInflow,reservoir
AT,h7716,0.04501355532714483,scr2081,stInflow,reservoir
AT,h7717,0.04501355532714483,scr2081,stInflow,reservoir
AT,h7718,0.04501355532714483,scr2081,stInflow,reservoir
AT,h7719,0.04501355532714483,scr2081,stInflow,reservoir
AT,h7720,0.04501355532714483,scr2081,stInflow,reservoir
AT,h7721,0.04501355532714483,scr2081,stInflow,reservoir
AT,h7722,0.04501355532714483,scr2081,stInflow,reservoir
AT,h7723,0.04501355532714483,scr2081,stInflow,reservoir
AT,h7724,0.04501355532714483,scr2081,stInflow,reservoir
AT,h7725,0.04501355532714483,scr2081,stInflow,reservoir
AT,h7726,0.04501355532714483,scr2081,stInflow,reservoir
AT,h7727,0.04501355532714483,scr2081,stInflow,reservoir
AT,h7728,0.04501355532714483,scr2081,stInflow,reservoir
AT,h7729,0.04501355532714483,scr2081,stInflow,reservoir
AT,h7730,0.04501355532714483,scr2081,stInflow,reservoir
AT,h7731,0.04501355532714483,scr2081,stInflow,reservoir
AT,h7732,0.04501355532714483,scr2081,stInflow,reservoir
AT,h7733,0.04501355532714483,scr2081,stInflow,reservoir
AT,h7734,0.04501355532714483,scr2081,stInflow,reservoir
AT,h7735,0.04501355532714483,scr2081,stInflow,reservoir
AT,h7736,0.04501355532714483,scr2081,stInflow,reservoir
AT,h7737,0.04501355532714483,scr2081,stInflow,reservoir
AT,h7738,0.04501355532714483,scr2081,stInflow,reservoir
AT,h7739,0.04501355532714483,scr2081,stInflow,reservoir
AT,h7740,0.04501355532714483,scr2081,stInflow,reservoir
AT,h7741,0.04501355532714483,scr2081,stInflow,reservoir
AT,h7742,0.04501355532714483,scr2081,stInflow,reservoir
AT,h7743,0.04501355532714483,scr2081,stInflow,reservoir
AT,h7744,0.04501355532714483,scr2081,stInflow,reservoir
AT,h7745,0.04501355532714483,scr2081,stInflow,reservoir
AT,h7746,0.04501355532714483,scr2081,stInflow,reservoir
AT,h7747,0.04501355532714483,scr2081,stInflow,reservoir
AT,h7748,0.04501355532714483,scr2081,stInflow,reservoir
AT,h7749,0.04501355532714483,scr2081,stInflow,reservoir
AT,h7750,0.04501355532714483,scr2081,stInflow,reservoir
AT,h7751,0.04501355532714483,scr2081,stInflow,reservoir
AT,h7752,0.04501355532714483,scr2081,stInflow,reservoir
AT,h7753,0.04501355532714483,scr2081,stInflow,reservoir
AT,h7754,0.04501355532714483,scr2081,stInflow,reservoir
AT,h7755,0.04501355532714483,scr2081,stInflow,reservoir
AT,h7756,0.04501355532714483,scr2081,stInflow,reservoir
AT,h7757,0.04501355532714483,scr2081,stInflow,reservoir
AT,h7758,0.04501355532714483,scr2081,stInflow,reservoir
AT,h7759,0.04501355532714483,scr2081,stInflow,reservoir
AT,h7760,0.04501355532714483,scr2081,stInflow,reservoir
AT,h7761,0.04501355532714483,scr2081,stInflow,reservoir
AT,h7762,0.04501355532714483,scr2081,stInflow,reservoir
AT,h7763,0.04501355532714483,scr2081,stInflow,reservoir
AT,h7764,0.04501355532714483,scr2081,stInflow,reservoir
AT,h7765,0.04501355532714483,scr2081,stInflow,reservoir
AT,h7766,0.04501355532714483,scr2081,stInflow,reservoir
AT,h7767,0.04501355532714483,scr2081,stInflow,reservoir
AT,h7768,0.04501355532714483,scr2081,stInflow,reservoir
AT,h7769,0.04501355532714483,scr2081,stInflow,reservoir
AT,h7770,0.04501355532714483,scr2081,stInflow,reservoir
AT,h7771,0.04501355532714483,scr2081,stInflow,reservoir
AT,h7772,0.04501355532714483,scr2081,stInflow,reservoir
AT,h7773,0.04501355532714483,scr2081,stInflow,reservoir
AT,h7774,0.04501355532714483,scr2081,stInflow,reservoir
AT,h7775,0.04501355532714483,scr2081,stInflow,reservoir
AT,h7776,0.04501355532714483,scr2081,stInflow,reservoir
AT,h7777,0.04501355532714483,scr2081,stInflow,reservoir
AT,h7778,0.04501355532714483,scr2081,stInflow,reservoir
AT,h7779,0.04501355532714483,scr2081,stInflow,reservoir
AT,h7780,0.04501355532714483,scr2081,stInflow,reservoir
AT,h7781,0.04501355532714483,scr2081,stInflow,reservoir
AT,h7782,0.04501355532714483,scr2081,stInflow,reservoir
AT,h7783,0.04501355532714483,scr2081,stInflow,reservoir
AT,h7784,0.04501355532714483,scr2081,stInflow,reservoir
AT,h7785,0.04501355532714483,scr2081,stInflow,reservoir
AT,h7786,0.04501355532714483,scr2081,stInflow,reservoir
AT,h7787,0.04501355532714483,scr2081,stInflow,reservoir
AT,h7788,0.04501355532714483,scr2081,stInflow,reservoir
AT,h7789,0.04501355532714483,scr2081,stInflow,reservoir
AT,h7790,0.04501355532714483,scr2081,stInflow,reservoir
AT,h7791,0.04501355532714483,scr2081,stInflow,reservoir
AT,h7792,0.04501355532714483,scr2081,stInflow,reservoir
AT,h7793,0.04501355532714483,scr2081,stInflow,reservoir
AT,h7794,0.04501355532714483,scr2081,stInflow,reservoir
AT,h7795,0.04501355532714483,scr2081,stInflow,reservoir
AT,h7796,0.04501355532714483,scr2081,stInflow,reservoir
AT,h7797,0.04501355532714483,scr2081,stInflow,reservoir
AT,h7798,0.04501355532714483,scr2081,stInflow,reservoir
AT,h7799,0.04501355532714483,scr2081,stInflow,reservoir
AT,h7800,0.04501355532714483,scr2081,stInflow,reservoir
AT,h7801,0.04501355532714483,scr2081,stInflow,reservoir
AT,h7802,0.04501355532714483,scr2081,stInflow,reservoir
AT,h7803,0.04501355532714483,scr2081,stInflow,reservoir
AT,h7804,0.04501355532714483,scr2081,stInflow,reservoir
AT,h7805,0.04501355532714483,scr2081,stInflow,reservoir
AT,h7806,0.04501355532714483,scr2081,stInflow,reservoir
AT,h7807,0.04501355532714483,scr2081,stInflow,reservoir
AT,h7808,0.04501355532714483,scr2081,stInflow,reservoir
AT,h7809,0.04501355532714483,scr2081,stInflow,reservoir
AT,h7810,0.04501355532714483,scr2081,stInflow,reservoir
AT,h7811,0.04501355532714483,scr2081,stInflow,reservoir
AT,h7812,0.04501355532714483,scr2081,stInflow,reservoir
AT,h7813,0.04501355532714483,scr2081,stInflow,reservoir
AT,h7814,0.04501355532714483,scr2081,stInflow,reservoir
AT,h7815,0.04501355532714483,scr2081,stInflow,reservoir
AT,h7816,0.04501355532714483,scr2081,stInflow,reservoir
AT,h7817,0.04501355532714483,scr2081,stInflow,reservoir
AT,h7818,0.04501355532714483,scr2081,stInflow,reservoir
AT,h7819,0.04501355532714483,scr2081,stInflow,reservoir
AT,h7820,0.04501355532714483,scr2081,stInflow,reservoir
AT,h7821,0.04501355532714483,scr2081,stInflow,reservoir
AT,h7822,0.04501355532714483,scr2081,stInflow,reservoir
AT,h7823,0.04501355532714483,scr2081,stInflow,reservoir
AT,h7824,0.04501355532714483,scr2081,stInflow,reservoir
AT,h7825,0.04501355532714483,scr2081,stInflow,reservoir
AT,h7826,0.04501355532714483,scr2081,stInflow,reservoir
AT,h7827,0.04501355532714483,scr2081,stInflow,reservoir
AT,h7828,0.04501355532714483,scr2081,stInflow,reservoir
AT,h7829,0.04501355532714483,scr2081,stInflow,reservoir
AT,h7830,0.04501355532714483,scr2081,stInflow,reservoir
AT,h7831,0.04501355532714483,scr2081,stInflow,reservoir
AT,h7832,0.04501355532714483,scr2081,stInflow,reservoir
AT,h7833,0.04501355532714483,scr2081,stInflow,reservoir
AT,h7834,0.04501355532714483,scr2081,stInflow,reservoir
AT,h7835,0.04501355532714483,scr2081,stInflow,reservoir
AT,h7836,0.04501355532714483,scr2081,stInflow,reservoir
AT,h7837,0.04501355532714483,scr2081,stInflow,reservoir
AT,h7838,0.04501355532714483,scr2081,stInflow,reservoir
AT,h7839,0.04501355532714483,scr2081,stInflow,reservoir
AT,h7840,0.04501355532714483,scr2081,stInflow,reservoir
AT,h7841,0.04501355532714483,scr2081,stInflow,reservoir
AT,h7842,0.04501355532714483,scr2081,stInflow,reservoir
AT,h7843,0.04501355532714483,scr2081,stInflow,reservoir
AT,h7844,0.04501355532714483,scr2081,stInflow,reservoir
AT,h7845,0.04501355532714483,scr2081,stInflow,reservoir
AT,h7846,0.04501355532714483,scr2081,stInflow,reservoir
AT,h7847,0.04501355532714483,scr2081,stInflow,reservoir
AT,h7848,0.04501355532714483,scr2081,stInflow,reservoir
AT,h7849,0.08601669925681225,scr2081,stInflow,reservoir
AT,h7850,0.12702187935432588,scr2081,stInflow,reservoir
AT,h7851,0.16802840709410627,scr2081,stInflow,reservoir
AT,h7852,0.16802840709410627,scr2081,stInflow,reservoir
AT,h7853,0.16802840709410627,scr2081,stInflow,reservoir
AT,h7854,0.16802840709410627,scr2081,stInflow,reservoir
AT,h7855,0.16802840709410627,scr2081,stInflow,reservoir
AT,h7856,0.16802840709410627,scr2081,stInflow,reservoir
AT,h7857,0.16802840709410627,scr2081,stInflow,reservoir
AT,h7858,0.16802840709410627,scr2081,stInflow,reservoir
AT,h7859,0.16802840709410627,scr2081,stInflow,reservoir
AT,h7860,0.16802840709410627,scr2081,stInflow,reservoir
AT,h7861,0.16802840709410627,scr2081,stInflow,reservoir
AT,h7862,0.16802840709410627,scr2081,stInflow,reservoir
AT,h7863,0.16802840709410627,scr2081,stInflow,reservoir
AT,h7864,0.16802840709410627,scr2081,stInflow,reservoir
AT,h7865,0.16802840709410627,scr2081,stInflow,reservoir
AT,h7866,0.16802840709410627,scr2081,stInflow,reservoir
AT,h7867,0.16802840709410627,scr2081,stInflow,reservoir
AT,h7868,0.16802840709410627,scr2081,stInflow,reservoir
AT,h7869,0.16802840709410627,scr2081,stInflow,reservoir
AT,h7870,0.16802840709410627,scr2081,stInflow,reservoir
AT,h7871,0.16802840709410627,scr2081,stInflow,reservoir
AT,h7872,0.16802840709410627,scr2081,stInflow,reservoir
AT,h7873,0.16802840709410627,scr2081,stInflow,reservoir
AT,h7874,0.16802840709410627,scr2081,stInflow,reservoir
AT,h7875,0.16802840709410627,scr2081,stInflow,reservoir
AT,h7876,0.16802840709410627,scr2081,stInflow,reservoir
AT,h7877,0.16802840709410627,scr2081,stInflow,reservoir
AT,h7878,0.16802840709410627,scr2081,stInflow,reservoir
AT,h7879,0.16802840709410627,scr2081,stInflow,reservoir
AT,h7880,0.16802840709410627,scr2081,stInflow,reservoir
AT,h7881,0.16802840709410627,scr2081,stInflow,reservoir
AT,h7882,0.16802840709410627,scr2081,stInflow,reservoir
AT,h7883,0.16802840709410627,scr2081,stInflow,reservoir
AT,h7884,0.16802840709410627,scr2081,stInflow,reservoir
AT,h7885,0.16802840709410627,scr2081,stInflow,reservoir
AT,h7886,0.16802840709410627,scr2081,stInflow,reservoir
AT,h7887,0.16802840709410627,scr2081,stInflow,reservoir
AT,h7888,0.16802840709410627,scr2081,stInflow,reservoir
AT,h7889,0.16802840709410627,scr2081,stInflow,reservoir
AT,h7890,0.16802840709410627,scr2081,stInflow,reservoir
AT,h7891,0.16802840709410627,scr2081,stInflow,reservoir
AT,h7892,0.16802840709410627,scr2081,stInflow,reservoir
AT,h7893,0.16802840709410627,scr2081,stInflow,reservoir
AT,h7894,0.16802840709410627,scr2081,stInflow,reservoir
AT,h7895,0.16802840709410627,scr2081,stInflow,reservoir
AT,h7896,0.16802840709410627,scr2081,stInflow,reservoir
AT,h7897,0.16802840709410627,scr2081,stInflow,reservoir
AT,h7898,0.16802840709410627,scr2081,stInflow,reservoir
AT,h7899,0.16802840709410627,scr2081,stInflow,reservoir
AT,h7900,0.16802840709410627,scr2081,stInflow,reservoir
AT,h7901,0.16802840709410627,scr2081,stInflow,reservoir
AT,h7902,0.16802840709410627,scr2081,stInflow,reservoir
AT,h7903,0.16802840709410627,scr2081,stInflow,reservoir
AT,h7904,0.16802840709410627,scr2081,stInflow,reservoir
AT,h7905,0.16802840709410627,scr2081,stInflow,reservoir
AT,h7906,0.16802840709410627,scr2081,stInflow,reservoir
AT,h7907,0.16802840709410627,scr2081,stInflow,reservoir
AT,h7908,0.16802840709410627,scr2081,stInflow,reservoir
AT,h7909,0.16802840709410627,scr2081,stInflow,reservoir
AT,h7910,0.16802840709410627,scr2081,stInflow,reservoir
AT,h7911,0.16802840709410627,scr2081,stInflow,reservoir
AT,h7912,0.16802840709410627,scr2081,stInflow,reservoir
AT,h7913,0.16802840709410627,scr2081,stInflow,reservoir
AT,h7914,0.16802840709410627,scr2081,stInflow,reservoir
AT,h7915,0.16802840709410627,scr2081,stInflow,reservoir
AT,h7916,0.16802840709410627,scr2081,stInflow,reservoir
AT,h7917,0.16802840709410627,scr2081,stInflow,reservoir
AT,h7918,0.16802840709410627,scr2081,stInflow,reservoir
AT,h7919,0.16802840709410627,scr2081,stInflow,reservoir
AT,h7920,0.16802840709410627,scr2081,stInflow,reservoir
AT,h7921,0.16802840709410627,scr2081,stInflow,reservoir
AT,h7922,0.16802840709410627,scr2081,stInflow,reservoir
AT,h7923,0.16802840709410627,scr2081,stInflow,reservoir
AT,h7924,0.16802840709410627,scr2081,stInflow,reservoir
AT,h7925,0.16802840709410627,scr2081,stInflow,reservoir
AT,h7926,0.16802840709410627,scr2081,stInflow,reservoir
AT,h7927,0.16802840709410627,scr2081,stInflow,reservoir
AT,h7928,0.16802840709410627,scr2081,stInflow,reservoir
AT,h7929,0.16802840709410627,scr2081,stInflow,reservoir
AT,h7930,0.16802840709410627,scr2081,stInflow,reservoir
AT,h7931,0.16802840709410627,scr2081,stInflow,reservoir
AT,h7932,0.16802840709410627,scr2081,stInflow,reservoir
AT,h7933,0.16802840709410627,scr2081,stInflow,reservoir
AT,h7934,0.16802840709410627,scr2081,stInflow,reservoir
AT,h7935,0.16802840709410627,scr2081,stInflow,reservoir
AT,h7936,0.16802840709410627,scr2081,stInflow,reservoir
AT,h7937,0.16802840709410627,scr2081,stInflow,reservoir
AT,h7938,0.16802840709410627,scr2081,stInflow,reservoir
AT,h7939,0.16802840709410627,scr2081,stInflow,reservoir
AT,h7940,0.16802840709410627,scr2081,stInflow,reservoir
AT,h7941,0.16802840709410627,scr2081,stInflow,reservoir
AT,h7942,0.16802840709410627,scr2081,stInflow,reservoir
AT,h7943,0.16802840709410627,scr2081,stInflow,reservoir
AT,h7944,0.16802840709410627,scr2081,stInflow,reservoir
AT,h7945,0.16802840709410627,scr2081,stInflow,reservoir
AT,h7946,0.16802840709410627,scr2081,stInflow,reservoir
AT,h7947,0.16802840709410627,scr2081,stInflow,reservoir
AT,h7948,0.16802840709410627,scr2081,stInflow,reservoir
AT,h7949,0.16802840709410627,scr2081,stInflow,reservoir
AT,h7950,0.16802840709410627,scr2081,stInflow,reservoir
AT,h7951,0.16802840709410627,scr2081,stInflow,reservoir
AT,h7952,0.16802840709410627,scr2081,stInflow,reservoir
AT,h7953,0.16802840709410627,scr2081,stInflow,reservoir
AT,h7954,0.16802840709410627,scr2081,stInflow,reservoir
AT,h7955,0.16802840709410627,scr2081,stInflow,reservoir
AT,h7956,0.16802840709410627,scr2081,stInflow,reservoir
AT,h7957,0.16802840709410627,scr2081,stInflow,reservoir
AT,h7958,0.16802840709410627,scr2081,stInflow,reservoir
AT,h7959,0.16802840709410627,scr2081,stInflow,reservoir
AT,h7960,0.16802840709410627,scr2081,stInflow,reservoir
AT,h7961,0.16802840709410627,scr2081,stInflow,reservoir
AT,h7962,0.16802840709410627,scr2081,stInflow,reservoir
AT,h7963,0.16802840709410627,scr2081,stInflow,reservoir
AT,h7964,0.16802840709410627,scr2081,stInflow,reservoir
AT,h7965,0.16802840709410627,scr2081,stInflow,reservoir
AT,h7966,0.16802840709410627,scr2081,stInflow,reservoir
AT,h7967,0.16802840709410627,scr2081,stInflow,reservoir
AT,h7968,0.16802840709410627,scr2081,stInflow,reservoir
AT,h7969,0.16802840709410627,scr2081,stInflow,reservoir
AT,h7970,0.16802840709410627,scr2081,stInflow,reservoir
AT,h7971,0.16802840709410627,scr2081,stInflow,reservoir
AT,h7972,0.16802840709410627,scr2081,stInflow,reservoir
AT,h7973,0.16802840709410627,scr2081,stInflow,reservoir
AT,h7974,0.16802840709410627,scr2081,stInflow,reservoir
AT,h7975,0.16802840709410627,scr2081,stInflow,reservoir
AT,h7976,0.16802840709410627,scr2081,stInflow,reservoir
AT,h7977,0.16802840709410627,scr2081,stInflow,reservoir
AT,h7978,0.16802840709410627,scr2081,stInflow,reservoir
AT,h7979,0.16802840709410627,scr2081,stInflow,reservoir
AT,h7980,0.16802840709410627,scr2081,stInflow,reservoir
AT,h7981,0.16802840709410627,scr2081,stInflow,reservoir
AT,h7982,0.16802840709410627,scr2081,stInflow,reservoir
AT,h7983,0.16802840709410627,scr2081,stInflow,reservoir
AT,h7984,0.16802840709410627,scr2081,stInflow,reservoir
AT,h7985,0.16802840709410627,scr2081,stInflow,reservoir
AT,h7986,0.16802840709410627,scr2081,stInflow,reservoir
AT,h7987,0.16802840709410627,scr2081,stInflow,reservoir
AT,h7988,0.16802840709410627,scr2081,stInflow,reservoir
AT,h7989,0.16802840709410627,scr2081,stInflow,reservoir
AT,h7990,0.16802840709410627,scr2081,stInflow,reservoir
AT,h7991,0.16802840709410627,scr2081,stInflow,reservoir
AT,h7992,0.16802840709410627,scr2081,stInflow,reservoir
AT,h7993,0.16802840709410627,scr2081,stInflow,reservoir
AT,h7994,0.16802840709410627,scr2081,stInflow,reservoir
AT,h7995,0.16802840709410627,scr2081,stInflow,reservoir
AT,h7996,0.16802840709410627,scr2081,stInflow,reservoir
AT,h7997,0.16802840709410627,scr2081,stInflow,reservoir
AT,h7998,0.16802840709410627,scr2081,stInflow,reservoir
AT,h7999,0.16802840709410627,scr2081,stInflow,reservoir
AT,h8000,0.16802840709410627,scr2081,stInflow,reservoir
AT,h8001,0.16802840709410627,scr2081,stInflow,reservoir
AT,h8002,0.16802840709410627,scr2081,stInflow,reservoir
AT,h8003,0.16802840709410627,scr2081,stInflow,reservoir
AT,h8004,0.16802840709410627,scr2081,stInflow,reservoir
AT,h8005,0.16802840709410627,scr2081,stInflow,reservoir
AT,h8006,0.16802840709410627,scr2081,stInflow,reservoir
AT,h8007,0.16802840709410627,scr2081,stInflow,reservoir
AT,h8008,0.16802840709410627,scr2081,stInflow,reservoir
AT,h8009,0.16802840709410627,scr2081,stInflow,reservoir
AT,h8010,0.16802840709410627,scr2081,stInflow,reservoir
AT,h8011,0.16802840709410627,scr2081,stInflow,reservoir
AT,h8012,0.16802840709410627,scr2081,stInflow,reservoir
AT,h8013,0.16802840709410627,scr2081,stInflow,reservoir
AT,h8014,0.16802840709410627,scr2081,stInflow,reservoir
AT,h8015,0.16802840709410627,scr2081,stInflow,reservoir
AT,h8016,0.16802840709410627,scr2081,stInflow,reservoir
AT,h8017,0.202189678595575,scr2081,stInflow,reservoir
AT,h8018,0.23635153000348907,scr2081,stInflow,reservoir
AT,h8019,0.27051387687222384,scr2081,stInflow,reservoir
AT,h8020,0.27051387687222384,scr2081,stInflow,reservoir
AT,h8021,0.27051387687222384,scr2081,stInflow,reservoir
AT,h8022,0.27051387687222384,scr2081,stInflow,reservoir
AT,h8023,0.27051387687222384,scr2081,stInflow,reservoir
AT,h8024,0.27051387687222384,scr2081,stInflow,reservoir
AT,h8025,0.27051387687222384,scr2081,stInflow,reservoir
AT,h8026,0.27051387687222384,scr2081,stInflow,reservoir
AT,h8027,0.27051387687222384,scr2081,stInflow,reservoir
AT,h8028,0.27051387687222384,scr2081,stInflow,reservoir
AT,h8029,0.27051387687222384,scr2081,stInflow,reservoir
AT,h8030,0.27051387687222384,scr2081,stInflow,reservoir
AT,h8031,0.27051387687222384,scr2081,stInflow,reservoir
AT,h8032,0.27051387687222384,scr2081,stInflow,reservoir
AT,h8033,0.27051387687222384,scr2081,stInflow,reservoir
AT,h8034,0.27051387687222384,scr2081,stInflow,reservoir
AT,h8035,0.27051387687222384,scr2081,stInflow,reservoir
AT,h8036,0.27051387687222384,scr2081,stInflow,reservoir
AT,h8037,0.27051387687222384,scr2081,stInflow,reservoir
AT,h8038,0.27051387687222384,scr2081,stInflow,reservoir
AT,h8039,0.27051387687222384,scr2081,stInflow,reservoir
AT,h8040,0.27051387687222384,scr2081,stInflow,reservoir
BG,h7297,0.04395860048852539,scr2081,stInflow,reservoir
BG,h7298,0.04395860048852539,scr2081,stInflow,reservoir
BG,h7299,0.04395860048852539,scr2081,stInflow,reservoir
BG,h7300,0.04395860048852539,scr2081,stInflow,reservoir
BG,h7301,0.04395860048852539,scr2081,stInflow,reservoir
BG,h7302,0.04395860048852539,scr2081,stInflow,reservoir
BG,h7303,0.04395860048852539,scr2081,stInflow,reservoir
BG,h7304,0.04395860048852539,scr2081,stInflow,reservoir
BG,h7305,0.04395860048852539,scr2081,stInflow,reservoir
BG,h7306,0.04395860048852539,scr2081,stInflow,reservoir
BG,h7307,0.04395860048852539,scr2081,stInflow,reservoir
BG,h7308,0.04395860048852539,scr2081,stInflow,reservoir
BG,h7309,0.04395860048852539,scr2081,stInflow,reservoir
BG,h7310,0.04395860048852539,scr2081,stInflow,reservoir
BG,h7311,0.04395860048852539,scr2081,stInflow,reservoir
BG,h7312,0.04395860048852539,scr2081,stInflow,reservoir
BG,h7313,0.04395860048852539,scr2081,stInflow,reservoir
BG,h7314,0.04395860048852539,scr2081,stInflow,reservoir
BG,h7315,0.04395860048852539,scr2081,stInflow,reservoir
BG,h7316,0.04395860048852539,scr2081,stInflow,reservoir
BG,h7317,0.04395860048852539,scr2081,stInflow,reservoir
BG,h7318,0.04395860048852539,scr2081,stInflow,reservoir
BG,h7319,0.04395860048852539,scr2081,stInflow,reservoir
BG,h7320,0.04395860048852539,scr2081,stInflow,reservoir
BG,h7321,0.04395860048852539,scr2081,stInflow,reservoir
BG,h7322,0.04395860048852539,scr2081,stInflow,reservoir
BG,h7323,0.04395860048852539,scr2081,stInflow,reservoir
BG,h7324,0.04395860048852539,scr2081,stInflow,reservoir
BG,h7325,0.04395860048852539,scr2081,stInflow,reservoir
BG,h7326,0.04395860048852539,scr2081,stInflow,reservoir
BG,h7327,0.04395860048852539,scr2081,stInflow,reservoir
BG,h7328,0.04395860048852539,scr2081,stInflow,reservoir
BG,h7329,0.04395860048852539,scr2081,stInflow,reservoir
BG,h7330,0.04395860048852539,scr2081,stInflow,reservoir
BG,h7331,0.04395860048852539,scr2081,stInflow,reservoir
BG,h7332,0.04395860048852539,scr2081,stInflow,reservoir
BG,h7333,0.04395860048852539,scr2081,stInflow,reservoir
BG,h7334,0.04395860048852539,scr2081,stInflow,reservoir
BG,h7335,0.04395860048852539,scr2081,stInflow,reservoir
BG,h7336,0.04395860048852539,scr2081,stInflow,reservoir
BG,h7337,0.04395860048852539,scr2081,stInflow,reservoir
BG,h7338,0.04395860048852539,scr2081,stInflow,reservoir
BG,h7339,0.04395860048852539,scr2081,stInflow,reservoir
BG,h7340,0.04395860048852539,scr2081,stInflow,reservoir
BG,h7341,0.04395860048852539,scr2081,stInflow,reservoir
BG,h7342,0.04395860048852539,scr2081,stInflow,reservoir
BG,h7343,0.04395860048852539,scr2081,stInflow,reservoir
BG,h7344,0.04395860048852539,scr2081,stInflow,reservoir
BG,h7345,0.0352968965888878,scr2081,stInflow,reservoir
BG,h7346,0.026635407402897708,scr2081,stInflow,reservoir
BG,h7347,0.017974205024956252,scr2081,stInflow,reservoir
BG,h7348,0.017974205024956252,scr2081,stInflow,reservoir
BG,h7349,0.017974205024956252,scr2081,stInflow,reservoir
BG,h7350,0.017974205024956252,scr2081,stInflow,reservoir
BG,h7351,0.017974205024956252,scr2081,stInflow,reservoir
BG,h7352,0.017974205024956252,scr2081,stInflow,reservoir
BG,h7353,0.017974205024956252,scr2081,stInflow,reservoir
BG,h7354,0.017974205024956252,scr2081,stInflow,reservoir
BG,h7355,0.017974205024956252,scr2081,stInflow,reservoir
BG,h7356,0.017974205024956252,scr2081,stInflow,reservoir
BG,h7357,0.017974205024956252,scr2081,stInflow,reservoir
BG,h7358,0.017974205024956252,scr2081,stInflow,reservoir
BG,h7359,0.017974205024956252,scr2081,stInflow,reservoir
BG,h7360,0.017974205024956252,scr2081,stInflow,reservoir
BG,h7361,0.017974205024956252,scr2081,stInflow,reservoir
BG,h7362,0.017974205024956252,scr2081,stInflow,reservoir
BG,h7363,0.017974205024956252,scr2081,stInflow,reservoir
BG,h7364,0.017974205024956252,scr2081,stInflow,reservoir
BG,h7365,0.017974205024956252,scr2081,stInflow,reservoir
BG,h7366,0.017974205024956252,scr2081,stInflow,reservoir
BG,h7367,0.017974205024956252,scr2081,stInflow,reservoir
BG,h7368,0.017974205024956252,scr2081,stInflow,reservoir
BG,h7369,0.017974205024956252,scr2081,stInflow,reservoir
BG,h7370,0.017974205024956252,scr2081,stInflow,reservoir
BG,h7371,0.017974205024956252,scr2081,stInflow,reservoir
BG,h7372,0.017974205024956252,scr2081,stInflow,reservoir
BG,h7373,0.017974205024956252,scr2081,stInflow,reservoir
BG,h7374,0.017974205024956252,scr2081,stInflow,reservoir
BG,h7375,0.017974205024956252,scr2081,stInflow,reservoir
BG,h7376,0.017974205024956252,scr2081,stInflow,reservoir
BG,h7377,0.017974205024956252,scr2081,stInflow,reservoir
BG,h7378,0.017974205024956252,scr2081,stInflow,reservoir
BG,h7379,0.017974205024956252,scr2081,stInflow,reservoir
BG,h7380,0.017974205024956252,scr2081,stInflow,reservoir
BG,h7381,0.017974205024956252,scr2081,stInflow,reservoir
BG,h7382,0.017974205024956252,scr2081,stInflow,reservoir
BG,h7383,0.017974205024956252,scr2081,stInflow,reservoir
BG,h7384,0.017974205024956252,scr2081,stInflow,reservoir
BG,h7385,0.017974205024956252,scr2081,stInflow,reservoir
BG,h7386,0.017974205024956252,scr2081,stInflow,reservoir
BG,h7387,0.017974205024956252,scr2081,stInflow,reservoir
BG,h7388,0.017974205024956252,scr2081,stInflow,reservoir
BG,h7389,0.017974205024956252,scr2081,stInflow,reservoir
BG,h7390,0.017974205024956252,scr2081,stInflow,reservoir
BG,h7391,0.017974205024956252,scr2081,stInflow,reservoir
BG,h7392,0.017974205024956252,scr2081,stInflow,reservoir
BG,h7393,0.017974205024956252,scr2081,stInflow,reservoir
BG,h7394,0.017974205024956252,scr2081,stInflow,reservoir
BG,h7395,0.017974205024956252,scr2081,stInflow,reservoir
BG,h7396,0.017974205024956252,scr2081,stInflow,reservoir
BG,h7397,0.017974205024956252,scr2081,stInflow,reservoir
BG,h7398,0.017974205024956252,scr2081,stInflow,reservoir
BG,h7399,0.017974205024956252,scr2081,stInflow,reservoir
BG,h7400,0.017974205024956252,scr2081,stInflow,reservoir
BG,h7401,0.017974205024956252,scr2081,stInflow,reservoir
BG,h7402,0.017974205024956252,scr2081,stInflow,reservoir
BG,h7403,0.017974205024956252,scr2081,stInflow,reservoir
BG,h7404,0.017974205024956252,scr2081,stInflow,reservoir
BG,h7405,0.017974205024956252,scr2081,stInflow,reservoir
BG,h7406,0.017974205024956252,scr2081,stInflow,reservoir
BG,h7407,0.017974205024956252,scr2081,stInflow,reservoir
BG,h7408,0.017974205024956252,scr2081,stInflow,reservoir
BG,h7409,0.017974205024956252,scr2081,stInflow,reservoir
BG,h7410,0.017974205024956252,scr2081,stInflow,reservoir
BG,h7411,0.017974205024956252,scr2081,stInflow,reservoir
BG,h7412,0.017974205024956252,scr2081,stInflow,reservoir
BG,h7413,0.017974205024956252,scr2081,stInflow,reservoir
BG,h7414,0.017974205024956252,scr2081,stInflow,reservoir
BG,h7415,0.017974205024956252,scr2081,stInflow,reservoir
BG,h7416,0.017974205024956252,scr2081,stInflow,reservoir
BG,h7417,0.017974205024956252,scr2081,stInflow,reservoir
BG,h7418,0.017974205024956252,scr2081,stInflow,reservoir
BG,h7419,0.017974205024956252,scr2081,stInflow,reservoir
BG,h7420,0.017974205024956252,scr2081,stInflow,reservoir
BG,h7421,0.017974205024956252,scr2081,stInflow,reservoir
BG,h7422,0.017974205024956252,scr2081,stInflow,reservoir
BG,h7423,0.017974205024956252,scr2081,stInflow,reservoir
BG,h7424,0.017974205024956252,scr2081,stInflow,reservoir
BG,h7425,0.017974205024956252,scr2081,stInflow,reservoir
BG,h7426,0.017974205024956252,scr2081,stInflow,reservoir
BG,h7427,0.017974205024956252,scr2081,stInflow,reservoir
BG,h7428,0.017974205024956252,scr2081,stInflow,reservoir
BG,h7429,0.017974205024956252,scr2081,stInflow,reservoir
BG,h7430,0.017974205024956252,scr2081,stInflow,reservoir
BG,h7431,0.017974205024956252,scr2081,stInflow,reservoir
BG,h7432,0.017974205024956252,scr2081,stInflow,reservoir
BG,h7433,0.017974205024956252,scr2081,stInflow,reservoir
BG,h7434,0.017974205024956252,scr2081,stInflow,reservoir
BG,h7435,0.017974205024956252,scr2081,stInflow,reservoir
BG,h7436,0.017974205024956252,scr2081,stInflow,reservoir
BG,h7437,0.017974205024956252,scr2081,stInflow,reservoir
BG,h7438,0.017974205024956252,scr2081,stInflow,reservoir
BG,h7439,0.017974205024956252,scr2081,stInflow,reservoir
BG,h7440,0.017974205024956252,scr2081,stInflow,reservoir
BG,h7441,0.017974205024956252,scr2081,stInflow,reservoir
BG,h7442,0.017974205024956252,scr2081,stInflow,reservoir
BG,h7443,0.017974205024956252,scr2081,stInflow,reservoir
BG,h7444,0.017974205024956252,scr2081,stInflow,reservoir
BG,h7445,0.017974205024956252,scr2081,stInflow,reservoir
BG,h7446,0.017974205024956252,scr2081,stInflow,reservoir
BG,h7447,0.017974205024956252,scr2081,stInflow,reservoir
BG,h7448,0.017974205024956252,scr2081,stInflow,reservoir
BG,h7449,0.017974205024956252,scr2081,stInflow,reservoir
BG,h7450,0.017974205024956252,scr2081,stInflow,reservoir
BG,h7451,0.017974205024956252,scr2081,stInflow,reservoir
BG,h7452,0.017974205024956252,scr2081,stInflow,reservoir
BG,h7453,0.017974205024956252,scr2081,stInflow,reservoir
BG,h7454,0.017974205024956252,scr2081,stInflow,reservoir
BG,h7455,0.017974205024956252,scr2081,stInflow,reservoir
BG,h7456,0.017974205024956252,scr2081,stInflow,reservoir
BG,h7457,0.017974205024956252,scr2081,stInflow,reservoir
BG,h7458,0.017974205024956252,scr2081,stInflow,reservoir
BG,h7459,0.017974205024956252,scr2081,stInflow,reservoir
BG,h7460,0.017974205024956252,scr2081,stInflow,reservoir
BG,h7461,0.017974205024956252,scr2081,stInflow,reservoir
BG,h7462,0.017974205024956252,scr2081,stInflow,reservoir
BG,h7463,0.017974205024956252,scr2081,stInflow,reservoir
BG,h7464,0.017974205024956252,scr2081,stInflow,reservoir
BG,h7465,0.017974205024956252,scr2081,stInflow,reservoir
BG,h7466,0.017974205024956252,scr2081,stInflow,reservoir
BG,h7467,0.017974205024956252,scr2081,stInflow,reservoir
BG,h7468,0.017974205024956252,scr2081,stInflow,reservoir
BG,h7469,0.017974205024956252,scr2081,stInflow,reservoir
BG,h7470,0.017974205024956252,scr2081,stInflow,reservoir
BG,h7471,0.017974205024956252,scr2081,stInflow,reservoir
BG,h7472,0.017974205024956252,scr2081,stInflow,reservoir
BG,h7473,0.017974205024956252,scr2081,stInflow,reservoir
BG,h7474,0.017974205024956252,scr2081,stInflow,reservoir
BG,h7475,0.017974205024956252,scr2081,stInflow,reservoir
BG,h7476,0.017974205024956252,scr2081,stInflow,reservoir
BG,h7477,0.017974205024956252,scr2081,stInflow,reservoir
BG,h7478,0.017974205024956252,scr2081,stInflow,reservoir
BG,h7479,0.017974205024956252,scr2081,stInflow,reservoir
BG,h7480,0.017974205024956252,scr2081,stInflow,reservoir
BG,h7481,0.017974205024956252,scr2081,stInflow,reservoir
BG,h7482,0.017974205024956252,scr2081,stInflow,reservoir
BG,h7483,0.017974205024956252,scr2081,stInflow,reservoir
BG,h7484,0.017974205024956252,scr2081,stInflow,reservoir
BG,h7485,0.017974205024956252,scr2081,stInflow,reservoir
BG,h7486,0.017974205024956252,scr2081,stInflow,reservoir
BG,h7487,0.017974205024956252,scr2081,stInflow,reservoir
BG,h7488,0.017974205024956252,scr2081,stInflow,reservoir
BG,h7489,0.017974205024956252,scr2081,stInflow,reservoir
BG,h7490,0.017974205024956252,scr2081,stInflow,reservoir
BG,h7491,0.017974205024956252,scr2081,stInflow,reservoir
BG,h7492,0.017974205024956252,scr2081,stInflow,reservoir
BG,h7493,0.017974205024956252,scr2081,stInflow,reservoir
BG,h7494,0.017974205024956252,scr2081,stInflow,reservoir
BG,h7495,0.017974205024956252,scr2081,stInflow,reservoir
BG,h7496,0.017974205024956252,scr2081,stInflow,reservoir
BG,h7497,0.017974205024956252,scr2081,stInflow,reservoir
BG,h7498,0.017974205024956252,scr2081,stInflow,reservoir
BG,h7499,0.017974205024956252,scr2081,stInflow,reservoir
BG,h7500,0.017974205024956252,scr2081,stInflow,reservoir
BG,h7501,0.017974205024956252,scr2081,stInflow,reservoir
BG,h7502,0.017974205024956252,scr2081,stInflow,reservoir
BG,h7503,0.017974205024956252,scr2081,stInflow,reservoir
BG,h7504,0.017974205024956252,scr2081,stInflow,reservoir
BG,h7505,0.017974205024956252,scr2081,stInflow,reservoir
BG,h7506,0.017974205024956252,scr2081,stInflow,reservoir
BG,h7507,0.017974205024956252,scr2081,stInflow,reservoir
BG,h7508,0.017974205024956252,scr2081,stInflow,reservoir
BG,h7509,0.017974205024956252,scr2081,stInflow,reservoir
BG,h7510,0.017974205024956252,scr2081,stInflow,reservoir
BG,h7511,0.017974205024956252,scr2081,stInflow,reservoir
BG,h7512,0.017974205024956252,scr2081,stInflow,reservoir
BG,h7513,0.0181416699205089,scr2081,stInflow,reservoir
BG,h7514,0.018309134970634487,scr2081,stInflow,reservoir
BG,h7515,0.01847660017391944,scr2081,stInflow,reservoir
BG,h7516,0.01847660017391944,scr2081,stInflow,reservoir
BG,h7517,0.01847660017391944,scr2081,stInflow,reservoir
BG,h7518,0.01847660017391944,scr2081,stInflow,reservoir
BG,h7519,0.01847660017391944,scr2081,stInflow,reservoir
BG,h7520,0.01847660017391944,scr2081,stInflow,reservoir
BG,h7521,0.01847660017391944,scr2081,stInflow,reservoir
BG,h7522,0.01847660017391944,scr2081,stInflow,reservoir
BG,h7523,0.01847660017391944,scr2081,stInflow,reservoir
BG,h7524,0.01847660017391944,scr2081,stInflow,reservoir
BG,h7525,0.01847660017391944,scr2081,stInflow,reservoir
BG,h7526,0.01847660017391944,scr2081,stInflow,reservoir
BG,h7527,0.01847660017391944,scr2081,stInflow,reservoir
BG,h7528,0.01847660017391944,scr2081,stInflow,reservoir
BG,h7529,0.01847660017391944,scr2081,stInflow,reservoir
BG,h7530,0.01847660017391944,scr2081,stInflow,reservoir
BG,h7531,0.01847660017391944,scr2081,stInflow,reservoir
BG,h7532,0.01847660017391944,scr2081,stInflow,reservoir
BG,h7533,0.01847660017391944,scr2081,stInflow,reservoir
BG,h7534,0.01847660017391944,scr2081,stInflow,reservoir
BG,h7535,0.01847660017391944,scr2081,stInflow,reservoir
BG,h7536,0.01847660017391944,scr2081,stInflow,reservoir
BG,h7537,0.01847660017391944,scr2081,stInflow,reservoir
BG,h7538,0.01847660017391944,scr2081,stInflow,reservoir
BG,h7539,0.01847660017391944,scr2081,stInflow,reservoir
BG,h7540,0.01847660017391944,scr2081,stInflow,reservoir
BG,h7541,0.01847660017391944,scr2081,stInflow,reservoir
BG,h7542,0.01847660017391944,scr2081,stInflow,reservoir
BG,h7543,0.01847660017391944,scr2081,stInflow,reservoir
BG,h7544,0.01847660017391944,scr2081,stInflow,reservoir
BG,h7545,0.01847660017391944,scr2081,stInflow,reservoir
BG,h7546,0.01847660017391944,scr2081,stInflow,reservoir
BG,h7547,0.01847660017391944,scr2081,stInflow,reservoir
BG,h7548,0.01847660017391944,scr2081,stInflow,reservoir
BG,h7549,0.01847660017391944,scr2081,stInflow,reservoir
BG,h7550,0.01847660017391944,scr2081,stInflow,reservoir
BG,h7551,0.01847660017391944,scr2081,stInflow,reservoir
BG,h7552,0.01847660017391944,scr2081,stInflow,reservoir
BG,h7553,0.01847660017391944,scr2081,stInflow,reservoir
BG,h7554,0.01847660017391944,scr2081,stInflow,reservoir
BG,h7555,0.01847660017391944,scr2081,stInflow,reservoir
BG,h7556,0.01847660017391944,scr2081,stInflow,reservoir
BG,h7557,0.01847660017391944,scr2081,stInflow,reservoir
BG,h7558,0.01847660017391944,scr2081,stInflow,reservoir
BG,h7559,0.01847660017391944,scr2081,stInflow,reservoir
BG,h7560,0.01847660017391944,scr2081,stInflow,reservoir
BG,h7561,0.01847660017391944,scr2081,stInflow,reservoir
BG,h7562,0.01847660017391944,scr2081,stInflow,reservoir
BG,h7563,0.01847660017391944,scr2081,stInflow,reservoir
BG,h7564,0.01847660017391944,scr2081,stInflow,reservoir
BG,h7565,0.01847660017391944,scr2081,stInflow,reservoir
BG,h7566,0.01847660017391944,scr2081,stInflow,reservoir
BG,h7567,0.01847660017391944,scr2081,stInflow,reservoir
BG,h7568,0.01847660017391944,scr2081,stInflow,reservoir
BG,h7569,0.01847660017391944,scr2081,stInflow,reservoir
BG,h7570,0.01847660017391944,scr2081,stInflow,reservoir
BG,h7571,0.01847660017391944,scr2081,stInflow,reservoir
BG,h7572,0.01847660017391944,scr2081,stInflow,reservoir
BG,h7573,0.01847660017391944,scr2081,stInflow,reservoir
BG,h7574,0.01847660017391944,scr2081,stInflow,reservoir
BG,h7575,0.01847660017391944,scr2081,stInflow,reservoir
BG,h7576,0.01847660017391944,scr2081,stInflow,reservoir
BG,h7577,0.01847660017391944,scr2081,stInflow,reservoir
BG,h7578,0.01847660017391944,scr2081,stInflow,reservoir
BG,h7579,0.01847660017391944,scr2081,stInflow,reservoir
BG,h7580,0.01847660017391944,scr2081,stInflow,reservoir
BG,h7581,0.01847660017391944,scr2081,stInflow,reservoir
BG,h7582,0.01847660017391944,scr2081,stInflow,reservoir
BG,h7583,0.01847660017391944,scr2081,stInflow,reservoir
BG,h7584,0.01847660017391944,scr2081,stInflow,reservoir
BG,h7585,0.01847660017391944,scr2081,stInflow,reservoir
BG,h7586,0.01847660017391944,scr2081,stInflow,reservoir
BG,h7587,0.01847660017391944,scr2081,stInflow,reservoir
BG,h7588,0.01847660017391944,scr2081,stInflow,reservoir
BG,h7589,0.01847660017391944,scr2081,stInflow,reservoir
BG,h7590,0.01847660017391944,scr2081,stInflow,reservoir
BG,h7591,0.01847660017391944,scr2081,stInflow,reservoir
BG,h7592,0.01847660017391944,scr2081,stInflow,reservoir
BG,h7593,0.01847660017391944,scr2081,stInflow,reservoir
BG,h7594,0.01847660017391944,scr2081,stInflow,reservoir
BG,h7595,0.01847660017391944,scr2081,stInflow,reservoir
BG,h7596,0.01847660017391944,scr2081,stInflow,reservoir
BG,h7597,0.01847660017391944,scr2081,stInflow,reservoir
BG,h7598,0.01847660017391944,scr2081,stInflow,reservoir
BG,h7599,0.01847660017391944,scr2081,stInflow,reservoir
BG,h7600,0.01847660017391944,scr2081,stInflow,reservoir
BG,h7601,0.01847660017391944,scr2081,stInflow,reservoir
BG,h7602,0.01847660017391944,scr2081,stInflow,reservoir
BG,h7603,0.01847660017391944,scr2081,stInflow,reservoir
BG,h7604,0.01847660017391944,scr2081,stInflow,reservoir
BG,h7605,0.01847660017391944,scr2081,stInflow,reservoir
BG,h7606,0.01847660017391944,scr2081,stInflow,reservoir
BG,h7607,0.01847660017391944,scr2081,stInflow,reservoir
BG,h7608,0.01847660017391944,scr2081,stInflow,reservoir
BG,h7609,0.01847660017391944,scr2081,stInflow,reservoir
BG,h7610,0.01847660017391944,scr2081,stInflow,reservoir
BG,h7611,0.01847660017391944,scr2081,stInflow,reservoir
BG,h7612,0.01847660017391944,scr2081,stInflow,reservoir
BG,h7613,0.01847660017391944,scr2081,stInflow,reservoir
BG,h7614,0.01847660017391944,scr2081,stInflow,reservoir
BG,h7615,0.01847660017391944,scr2081,stInflow,reservoir
BG,h7616,0.01847660017391944,scr2081,stInflow,reservoir
BG,h7617,0.01847660017391944,scr2081,stInflow,reservoir
BG,h7618,0.01847660017391944,scr2081,stInflow,reservoir
BG,h7619,0.01847660017391944,scr2081,stInflow,reservoir
BG,h7620,0.01847660017391944,scr2081,stInflow,reservoir
BG,h7621,0.01847660017391944,scr2081,stInflow,reservoir
BG,h7622,0.01847660017391944,scr2081,stInflow,reservoir
BG,h7623,0.01847660017391944,scr2081,stInflow,reservoir
BG,h7624,0.01847660017391944,scr2081,stInflow,reservoir
BG,h7625,0.01847660017391944,scr2081,stInflow,reservoir
BG,h7626,0.01847660017391944,scr2081,stInflow,reservoir
BG,h7627,0.01847660017391944,scr2081,stInflow,reservoir
BG,h7628,0.01847660017391944,scr2081,stInflow,reservoir
BG,h7629,0.01847660017391944,scr2081,stInflow,reservoir
BG,h7630,0.01847660017391944,scr2081,stInflow,reservoir
BG,h7631,0.01847660017391944,scr2081,stInflow,reservoir
BG,h7632,0.01847660017391944,scr2081,stInflow,reservoir
BG,h7633,0.01847660017391944,scr2081,stInflow,reservoir
BG,h7634,0.01847660017391944,scr2081,stInflow,reservoir
BG,h7635,0.01847660017391944,scr2081,stInflow,reservoir
BG,h7636,0.01847660017391944,scr2081,stInflow,reservoir
BG,h7637,0.01847660017391944,scr2081,stInflow,reservoir
BG,h7638,0.01847660017391944,scr2081,stInflow,reservoir
BG,h7639,0.01847660017391944,scr2081,stInflow,reservoir
BG,h7640,0.01847660017391944,scr2081,stInflow,reservoir
BG,h7641,0.01847660017391944,scr2081,stInflow,reservoir
BG,h7642,0.01847660017391944,scr2081,stInflow,reservoir
BG,h7643,0.01847660017391944,scr2081,stInflow,reservoir
BG,h7644,0.01847660017391944,scr2081,stInflow,reservoir
BG,h7645,0.01847660017391944,scr2081,stInflow,reservoir
BG,h7646,0.01847660017391944,scr2081,stInflow,reservoir
BG,h7647,0.01847660017391944,scr2081,stInflow,reservoir
BG,h7648,0.01847660017391944,scr2081,stInflow,reservoir
BG,h7649,0.01847660017391944,scr2081,stInflow,reservoir
BG,h7650,0.01847660017391944,scr2081,stInflow,reservoir
BG,h7651,0.01847660017391944,scr2081,stInflow,reservoir
BG,h7652,0.01847660017391944,scr2081,stInflow,reservoir
BG,h7653,0.01847660017391944,scr2081,stInflow,reservoir
BG,h7654,0.01847660017391944,scr2081,stInflow,reservoir
BG,h7655,0.01847660017391944,scr2081,stInflow,reservoir
BG,h7656,0.01847660017391944,scr2081,stInflow,reservoir
BG,h7657,0.01847660017391944,scr2081,stInflow,reservoir
BG,h7658,0.01847660017391944,scr2081,stInflow,reservoir
BG,h7659,0.01847660017391944,scr2081,stInflow,reservoir
BG,h7660,0.01847660017391944,scr2081,stInflow,reservoir
BG,h7661,0.01847660017391944,scr2081,stInflow,reservoir
BG,h7662,0.01847660017391944,scr2081,stInflow,reservoir
BG,h7663,0.01847660017391944,scr2081,stInflow,reservoir
BG,h7664,0.01847660017391944,scr2081,stInflow,reservoir
BG,h7665,0.01847660017391944,scr2081,stInflow,reservoir
BG,h7666,0.01847660017391944,scr2081,stInflow,reservoir
BG,h7667,0.01847660017391944,scr2081,stInflow,reservoir
BG,h7668,0.01847660017391944,scr2081,stInflow,reservoir
BG,h7669,0.01847660017391944,scr2081,stInflow,reservoir
BG,h7670,0.01847660017391944,scr2081,stInflow,reservoir
BG,h7671,0.01847660017391944,scr2081,stInflow,reservoir
BG,h7672,0.01847660017391944,scr2081,stInflow,reservoir
BG,h7673,0.01847660017391944,scr2081,stInflow,reservoir
BG,h7674,0.01847660017391944,scr2081,stInflow,reservoir
BG,h7675,0.01847660017391944,scr2081,stInflow,reservoir
BG,h7676,0.01847660017391944,scr2081,stInflow,reservoir
BG,h7677,0.01847660017391944,scr2081,stInflow,reservoir
BG,h7678,0.01847660017391944,scr2081,stInflow,reservoir
BG,h7679,0.01847660017391944,scr2081,stInflow,reservoir
BG,h7680,0.01847660017391944,scr2081,stInflow,reservoir
BG,h7681,0.020542670326930648,scr2081,stInflow,reservoir
BG,h7682,0.0226087612926502,scr2081,stInflow,reservoir
BG,h7683,0.02467487116389076,scr2081,stInflow,reservoir
BG,h7684,0.02467487116389076,scr2081,stInflow,reservoir
BG,h7685,0.02467487116389076,scr2081,stInflow,reservoir
BG,h7686,0.02467487116389076,scr2081,stInflow,reservoir
BG,h7687,0.02467487116389076,scr2081,stInflow,reservoir
BG,h7688,0.02467487116389076,scr2081,stInflow,reservoir
BG,h7689,0.02467487116389076,scr2081,stInflow,reservoir
BG,h7690,0.02467487116389076,scr2081,stInflow,reservoir
BG,h7691,0.02467487116389076,scr2081,stInflow,reservoir
BG,h7692,0.02467487116389076,scr2081,stInflow,reservoir
BG,h7693,0.02467487116389076,scr2081,stInflow,reservoir
BG,h7694,0.02467487116389076,scr2081,stInflow,reservoir
BG,h7695,0.02467487116389076,scr2081,stInflow,reservoir
BG,h7696,0.02467487116389076,scr2081,stInflow,reservoir
BG,h7697,0.02467487116389076,scr2081,stInflow,reservoir
BG,h7698,0.02467487116389076,scr2081,stInflow,reservoir
BG,h7699,0.02467487116389076,scr2081,stInflow,reservoir
BG,h7700,0.02467487116389076,scr2081,stInflow,reservoir
BG,h7701,0.02467487116389076,scr2081,stInflow,reservoir
BG,h7702,0.02467487116389076,scr2081,stInflow,reservoir
BG,h7703,0.02467487116389076,scr2081,stInflow,reservoir
BG,h7704,0.02467487116389076,scr2081,stInflow,reservoir
BG,h7705,0.02467487116389076,scr2081,stInflow,reservoir
BG,h7706,0.02467487116389076,scr2081,stInflow,reservoir
BG,h7707,0.02467487116389076,scr2081,stInflow,reservoir
BG,h7708,0.02467487116389076,scr2081,stInflow,reservoir
BG,h7709,0.02467487116389076,scr2081,stInflow,reservoir
BG,h7710,0.02467487116389076,scr2081,stInflow,reservoir
BG,h7711,0.02467487116389076,scr2081,stInflow,reservoir
BG,h7712,0.02467487116389076,scr2081,stInflow,reservoir
BG,h7713,0.02467487116389076,scr2081,stInflow,reservoir
BG,h7714,0.02467487116389076,scr2081,stInflow,reservoir
BG,h7715,0.02467487116389076,scr2081,stInflow,reservoir
BG,h7716,0.02467487116389076,scr2081,stInflow,reservoir
BG,h7717,0.02467487116389076,scr2081,stInflow,reservoir
BG,h7718,0.02467487116389076,scr2081,stInflow,reservoir
BG,h7719,0.02467487116389076,scr2081,stInflow,reservoir
BG,h7720,0.02467487116389076,scr2081,stInflow,reservoir
BG,h7721,0.02467487116389076,scr2081,stInflow,reservoir
BG,h7722,0.02467487116389076,scr2081,stInflow,reservoir
BG,h7723,0.02467487116389076,scr2081,stInflow,reservoir
BG,h7724,0.02467487116389076,scr2081,stInflow,reservoir
BG,h7725,0.02467487116389076,scr2081,stInflow,reservoir
BG,h7726,0.02467487116389076,scr2081,stInflow,reservoir
BG,h7727,0.02467487116389076,scr2081,stInflow,reservoir
BG,h7728,0.02467487116389076,scr2081,stInflow,reservoir
BG,h7729,0.02467487116389076,scr2081,stInflow,reservoir
BG,h7730,0.02467487116389076,scr2081,stInflow,reservoir
BG,h7731,0.02467487116389076,scr2081,stInflow,reservoir
BG,h7732,0.02467487116389076,scr2081,stInflow,reservoir
BG,h7733,0.02467487116389076,scr2081,stInflow,reservoir
BG,h7734,0.02467487116389076,scr2081,stInflow,reservoir
BG,h7735,0.02467487116389076,scr2081,stInflow,reservoir
BG,h7736,0.02467487116389076,scr2081,stInflow,reservoir
BG,h7737,0.02467487116389076,scr2081,stInflow,reservoir
BG,h7738,0.02467487116389076,scr2081,stInflow,reservoir
BG,h7739,0.02467487116389076,scr2081,stInflow,reservoir
BG,h7740,0.02467487116389076,scr2081,stInflow,reservoir
BG,h7741,0.02467487116389076,scr2081,stInflow,reservoir
BG,h7742,0.02467487116389076,scr2081,stInflow,reservoir
BG,h7743,0.02467487116389076,scr2081,stInflow,reservoir
BG,h7744,0.02467487116389076,scr2081,stInflow,reservoir
BG,h7745,0.02467487116389076,scr2081,stInflow,reservoir
BG,h7746,0.02467487116389076,scr2081,stInflow,reservoir
BG,h7747,0.02467487116389076,scr2081,stInflow,reservoir
BG,h7748,0.02467487116389076,scr2081,stInflow,reservoir
BG,h7749,0.02467487116389076,scr2081,stInflow,reservoir
BG,h7750,0.02467487116389076,scr2081,stInflow,reservoir
BG,h7751,0.02467487116389076,scr2081,stInflow,reservoir
BG,h7752,0.02467487116389076,scr2081,stInflow,reservoir
BG,h7753,0.02467487116389076,scr2081,stInflow,reservoir
BG,h7754,0.02467487116389076,scr2081,stInflow,reservoir
BG,h7755,0.02467487116389076,scr2081,stInflow,reservoir
BG,h7756,0.02467487116389076,scr2081,stInflow,reservoir
BG,h7757,0.02467487116389076,scr2081,stInflow,reservoir
BG,h7758,0.02467487116389076,scr2081,stInflow,reservoir
BG,h7759,0.02467487116389076,scr2081,stInflow,reservoir
BG,h7760,0.02467487116389076,scr2081,stInflow,reservoir
BG,h7761,0.02467487116389076,scr2081,stInflow,reservoir
BG,h7762,0.02467487116389076,scr2081,stInflow,reservoir
BG,h7763,0.02467487116389076,scr2081,stInflow,reservoir
BG,h7764,0.02467487116389076,scr2081,stInflow,reservoir
BG,h7765,0.02467487116389076,scr2081,stInflow,reservoir
BG,h7766,0.02467487116389076,scr2081,stInflow,reservoir
BG,h7767,0.02467487116389076,scr2081,stInflow,reservoir
BG,h7768,0.02467487116389076,scr2081,stInflow,reservoir
BG,h7769,0.02467487116389076,scr2081,stInflow,reservoir
BG,h7770,0.02467487116389076,scr2081,stInflow,reservoir
BG,h7771,0.02467487116389076,scr2081,stInflow,reservoir
BG,h7772,0.02467487116389076,scr2081,stInflow,reservoir
BG,h7773,0.02467487116389076,scr2081,stInflow,reservoir
BG,h7774,0.02467487116389076,scr2081,stInflow,reservoir
BG,h7775,0.02467487116389076,scr2081,stInflow,reservoir
BG,h7776,0.02467487116389076,scr2081,stInflow,reservoir
BG,h7777,0.02467487116389076,scr2081,stInflow,reservoir
BG,h7778,0.02467487116389076,scr2081,stInflow,reservoir
BG,h7779,0.02467487116389076,scr2081,stInflow,reservoir
BG,h7780,0.02467487116389076,scr2081,stInflow,reservoir
BG,h7781,0.02467487116389076,scr2081,stInflow,reservoir
BG,h7782,0.02467487116389076,scr2081,stInflow,reservoir
BG,h7783,0.02467487116389076,scr2081,stInflow,reservoir
BG,h7784,0.02467487116389076,scr2081,stInflow,reservoir
BG,h7785,0.02467487116389076,scr2081,stInflow,reservoir
BG,h7786,0.02467487116389076,scr2081,stInflow,reservoir
BG,h7787,0.02467487116389076,scr2081,stInflow,reservoir
BG,h7788,0.02467487116389076,scr2081,stInflow,reservoir
BG,h7789,0.02467487116389076,scr2081,stInflow,reservoir
BG,h7790,0.02467487116389076,scr2081,stInflow,reservoir
BG,h7791,0.02467487116389076,scr2081,stInflow,reservoir
BG,h7792,0.02467487116389076,scr2081,stInflow,reservoir
BG,h7793,0.02467487116389076,scr2081,stInflow,reservoir
BG,h7794,0.02467487116389076,scr2081,stInflow,reservoir
BG,h7795,0.02467487116389076,scr2081,stInflow,reservoir
BG,h7796,0.02467487116389076,scr2081,stInflow,reservoir
BG,h7797,0.02467487116389076,scr2081,stInflow,reservoir
BG,h7798,0.02467487116389076,scr2081,stInflow,reservoir
BG,h7799,0.02467487116389076,scr2081,stInflow,reservoir
BG,h7800,0.02467487116389076,scr2081,stInflow,reservoir
BG,h7801,0.02467487116389076,scr2081,stInflow,reservoir
BG,h7802,0.02467487116389076,scr2081,stInflow,reservoir
BG,h7803,0.02467487116389076,scr2081,stInflow,reservoir
BG,h7804,0.02467487116389076,scr2081,stInflow,reservoir
BG,h7805,0.02467487116389076,scr2081,stInflow,reservoir
BG,h7806,0.02467487116389076,scr2081,stInflow,reservoir
BG,h7807,0.02467487116389076,scr2081,stInflow,reservoir
BG,h7808,0.02467487116389076,scr2081,stInflow,reservoir
BG,h7809,0.02467487116389076,scr2081,stInflow,reservoir
BG,h7810,0.02467487116389076,scr2081,stInflow,reservoir
BG,h7811,0.02467487116389076,scr2081,stInflow,reservoir
BG,h7812,0.02467487116389076,scr2081,stInflow,reservoir
BG,h7813,0.02467487116389076,scr2081,stInflow,reservoir
BG,h7814,0.02467487116389076,scr2081,stInflow,reservoir
BG,h7815,0.02467487116389076,scr2081,stInflow,reservoir
BG,h7816,0.02467487116389076,scr2081,stInflow,reservoir
BG,h7817,0.02467487116389076,scr2081,stInflow,reservoir
BG,h7818,0.02467487116389076,scr2081,stInflow,reservoir
BG,h7819,0.02467487116389076,scr2081,stInflow,reservoir
BG,h7820,0.02467487116389076,scr2081,stInflow,reservoir
BG,h7821,0.02467487116389076,scr2081,stInflow,reservoir
BG,h7822,0.02467487116389076,scr2081,stInflow,reservoir
BG,h7823,0.02467487116389076,scr2081,stInflow,reservoir
BG,h7824,0.02467487116389076,scr2081,stInflow,reservoir
BG,h7825,0.02467487116389076,scr2081,stInflow,reservoir
BG,h7826,0.02467487116389076,scr2081,stInflow,reservoir
BG,h7827,0.02467487116389076,scr2081,stInflow,reservoir
BG,h7828,0.02467487116389076,scr2081,stInflow,reservoir
BG,h7829,0.02467487116389076,scr2081,stInflow,reservoir
BG,h7830,0.02467487116389076,scr2081,stInflow,reservoir
BG,h7831,0.02467487116389076,scr2081,stInflow,reservoir
BG,h7832,0.02467487116389076,scr2081,stInflow,reservoir
BG,h7833,0.02467487116389076,scr2081,stInflow,reservoir
BG,h7834,0.02467487116389076,scr2081,stInflow,reservoir
BG,h7835,0.02467487116389076,scr2081,stInflow,reservoir
BG,h7836,0.02467487116389076,scr2081,stInflow,reservoir
BG,h7837,0.02467487116389076,scr2081,stInflow,reservoir
BG,h7838,0.02467487116389076,scr2081,stInflow,reservoir
BG,h7839,0.02467487116389076,scr2081,stInflow,reservoir
BG,h7840,0.02467487116389076,scr2081,stInflow,reservoir
BG,h7841,0.02467487116389076,scr2081,stInflow,reservoir
BG,h7842,0.02467487116389076,scr2081,stInflow,reservoir
BG,h7843,0.02467487116389076,scr2081,stInflow,reservoir
BG,h7844,0.02467487116389076,scr2081,stInflow,reservoir
BG,h7845,0.02467487116389076,scr2081,stInflow,reservoir
BG,h7846,0.02467487116389076,scr2081,stInflow,reservoir
BG,h7847,0.02467487116389076,scr2081,stInflow,reservoir
BG,h7848,0.02467487116389076,scr2081,stInflow,reservoir
BG,h7849,0.05640501122792686,scr2081,stInflow,reservoir
BG,h7850,0.08813704474378077,scr2081,stInflow,reservoir
BG,h7851,0.11987024669057392,scr2081,stInflow,reservoir
BG,h7852,0.11987024669057392,scr2081,stInflow,reservoir
BG,h7853,0.11987024669057392,scr2081,stInflow,reservoir
BG,h7854,0.11987024669057392,scr2081,stInflow,reservoir
BG,h7855,0.11987024669057392,scr2081,stInflow,reservoir
BG,h7856,0.11987024669057392,scr2081,stInflow,reservoir
BG,h7857,0.11987024669057392,scr2081,stInflow,reservoir
BG,h7858,0.11987024669057392,scr2081,stInflow,reservoir
BG,h7859,0.11987024669057392,scr2081,stInflow,reservoir
BG,h7860,0.11987024669057392,scr2081,stInflow,reservoir
BG,h7861,0.11987024669057392,scr2081,stInflow,reservoir
BG,h7862,0.11987024669057392,scr2081,stInflow,reservoir
BG,h7863,0.11987024669057392,scr2081,stInflow,reservoir
BG,h7864,0.11987024669057392,scr2081,stInflow,reservoir
BG,h7865,0.11987024669057392,scr2081,stInflow,reservoir
BG,h7866,0.11987024669057392,scr2081,stInflow,reservoir
BG,h7867,0.11987024669057392,scr2081,stInflow,reservoir
BG,h7868,0.11987024669057392,scr2081,stInflow,reservoir
BG,h7869,0.11987024669057392,scr2081,stInflow,reservoir
BG,h7870,0.11987024669057392,scr2081,stInflow,reservoir
BG,h7871,0.11987024669057392,scr2081,stInflow,reservoir
BG,h7872,0.11987024669057392,scr2081,stInflow,reservoir
BG,h7873,0.11987024669057392,scr2081,stInflow,reservoir
BG,h7874,0.11987024669057392,scr2081,stInflow,reservoir
BG,h7875,0.11987024669057392,scr2081,stInflow,reservoir
BG,h7876,0.11987024669057392,scr2081,stInflow,reservoir
BG,h7877,0.11987024669057392,scr2081,stInflow,reservoir
BG,h7878,0.11987024669057392,scr2081,stInflow,reservoir
BG,h7879,0.11987024669057392,scr2081,stInflow,reservoir
BG,h7880,0.11987024669057392,scr2081,stInflow,reservoir
BG,h7881,0.11987024669057392,scr2081,stInflow,reservoir
BG,h7882,0.11987024669057392,scr2081,stInflow,reservoir
BG,h7883,0.11987024669057392,scr2081,stInflow,reservoir
BG,h7884,0.11987024669057392,scr2081,stInflow,reservoir
BG,h7885,0.11987024669057392,scr2081,stInflow,reservoir
BG,h7886,0.11987024669057392,scr2081,stInflow,reservoir
BG,h7887,0.11987024669057392,scr2081,stInflow,reservoir
BG,h7888,0.11987024669057392,scr2081,stInflow,reservoir
BG,h7889,0.11987024669057392,scr2081,stInflow,reservoir
BG,h7890,0.11987024669057392,scr2081,stInflow,reservoir
BG,h7891,0.11987024669057392,scr2081,stInflow,reservoir
BG,h7892,0.11987024669057392,scr2081,stInflow,reservoir
BG,h7893,0.11987024669057392,scr2081,stInflow,reservoir
BG,h7894,0.11987024669057392,scr2081,stInflow,reservoir
BG,h7895,0.11987024669057392,scr2081,stInflow,reservoir
BG,h7896,0.11987024669057392,scr2081,stInflow,reservoir
BG,h7897,0.11987024669057392,scr2081,stInflow,reservoir
BG,h7898,0.11987024669057392,scr2081,stInflow,reservoir
BG,h7899,0.11987024669057392,scr2081,stInflow,reservoir
BG,h7900,0.11987024669057392,scr2081,stInflow,reservoir
BG,h7901,0.11987024669057392,scr2081,stInflow,reservoir
BG,h7902,0.11987024669057392,scr2081,stInflow,reservoir
BG,h7903,0.11987024669057392,scr2081,stInflow,reservoir
BG,h7904,0.11987024669057392,scr2081,stInflow,reservoir
BG,h7905,0.11987024669057392,scr2081,stInflow,reservoir
BG,h7906,0.11987024669057392,scr2081,stInflow,reservoir
BG,h7907,0.11987024669057392,scr2081,stInflow,reservoir
BG,h7908,0.11987024669057392,scr2081,stInflow,reservoir
BG,h7909,0.11987024669057392,scr2081,stInflow,reservoir
BG,h7910,0.11987024669057392,scr2081,stInflow,reservoir
BG,h7911,0.11987024669057392,scr2081,stInflow,reservoir
BG,h7912,0.11987024669057392,scr2081,stInflow,reservoir
BG,h7913,0.11987024669057392,scr2081,stInflow,reservoir
BG,h7914,0.11987024669057392,scr2081,stInflow,reservoir
BG,h7915,0.11987024669057392,scr2081,stInflow,reservoir
BG,h7916,0.11987024669057392,scr2081,stInflow,reservoir
BG,h7917,0.11987024669057392,scr2081,stInflow,reservoir
BG,h7918,0.11987024669057392,scr2081,stInflow,reservoir
BG,h7919,0.11987024669057392,scr2081,stInflow,reservoir
BG,h7920,0.11987024669057392,scr2081,stInflow,reservoir
BG,h7921,0.11987024669057392,scr2081,stInflow,reservoir
BG,h7922,0.11987024669057392,scr2081,stInflow,reservoir
BG,h7923,0.11987024669057392,scr2081,stInflow,reservoir
BG,h7924,0.11987024669057392,scr2081,stInflow,reservoir
BG,h7925,0.11987024669057392,scr2081,stInflow,reservoir
BG,h7926,0.11987024669057392,scr2081,stInflow,reservoir
BG,h7927,0.11987024669057392,scr2081,stInflow,reservoir
BG,h7928,0.11987024669057392,scr2081,stInflow,reservoir
BG,h7929,0.11987024669057392,scr2081,stInflow,reservoir
BG,h7930,0.11987024669057392,scr2081,stInflow,reservoir
BG,h7931,0.11987024669057392,scr2081,stInflow,reservoir
BG,h7932,0.11987024669057392,scr2081,stInflow,reservoir
BG,h7933,0.11987024669057392,scr2081,stInflow,reservoir
BG,h7934,0.11987024669057392,scr2081,stInflow,reservoir
BG,h7935,0.11987024669057392,scr2081,stInflow,reservoir
BG,h7936,0.11987024669057392,scr2081,stInflow,reservoir
BG,h7937,0.11987024669057392,scr2081,stInflow,reservoir
BG,h7938,0.11987024669057392,scr2081,stInflow,reservoir
BG,h7939,0.11987024669057392,scr2081,stInflow,reservoir
BG,h7940,0.11987024669057392,scr2081,stInflow,reservoir
BG,h7941,0.11987024669057392,scr2081,stInflow,reservoir
BG,h7942,0.11987024669057392,scr2081,stInflow,reservoir
BG,h7943,0.11987024669057392,scr2081,stInflow,reservoir
BG,h7944,0.11987024669057392,scr2081,stInflow,reservoir
BG,h7945,0.11987024669057392,scr2081,stInflow,reservoir
BG,h7946,0.11987024669057392,scr2081,stInflow,reservoir
BG,h7947,0.11987024669057392,scr2081,stInflow,reservoir
BG,h7948,0.11987024669057392,scr2081,stInflow,reservoir
BG,h7949,0.11987024669057392,scr2081,stInflow,reservoir
BG,h7950,0.11987024669057392,scr2081,stInflow,reservoir
BG,h7951,0.11987024669057392,scr2081,stInflow,reservoir
BG,h7952,0.11987024669057392,scr2081,stInflow,reservoir
BG,h7953,0.11987024669057392,scr2081,stInflow,reservoir
BG,h7954,0.11987024669057392,scr2081,stInflow,reservoir
BG,h7955,0.11987024669057392,scr2081,stInflow,reservoir
BG,h7956,0.11987024669057392,scr2081,stInflow,reservoir
BG,h7957,0.11987024669057392,scr2081,stInflow,reservoir
BG,h7958,0.11987024669057392,scr2081,stInflow,reservoir
BG,h7959,0.11987024669057392,scr2081,stInflow,reservoir
BG,h7960,0.11987024669057392,scr2081,stInflow,reservoir
BG,h7961,0.11987024669057392,scr2081,stInflow,reservoir
BG,h7962,0.11987024669057392,scr2081,stInflow,reservoir
BG,h7963,0.11987024669057392,scr2081,stInflow,reservoir
BG,h7964,0.11987024669057392,scr2081,stInflow,reservoir
BG,h7965,0.11987024669057392,scr2081,stInflow,reservoir
BG,h7966,0.11987024669057392,scr2081,stInflow,reservoir
BG,h7967,0.11987024669057392,scr2081,stInflow,reservoir
BG,h7968,0.11987024669057392,scr2081,stInflow,reservoir
BG,h7969,0.11987024669057392,scr2081,stInflow,reservoir
BG,h7970,0.11987024669057392,scr2081,stInflow,reservoir
BG,h7971,0.11987024669057392,scr2081,stInflow,reservoir
BG,h7972,0.11987024669057392,scr2081,stInflow,reservoir
BG,h7973,0.11987024669057392,scr2081,stInflow,reservoir
BG,h7974,0.11987024669057392,scr2081,stInflow,reservoir
BG,h7975,0.11987024669057392,scr2081,stInflow,reservoir
BG,h7976,0.11987024669057392,scr2081,stInflow,reservoir
BG,h7977,0.11987024669057392,scr2081,stInflow,reservoir
BG,h7978,0.11987024669057392,scr2081,stInflow,reservoir
BG,h7979,0.11987024669057392,scr2081,stInflow,reservoir
BG,h7980,0.11987024669057392,scr2081,stInflow,reservoir
BG,h7981,0.11987024669057392,scr2081,stInflow,reservoir
BG,h7982,0.11987024669057392,scr2081,stInflow,reservoir
BG,h7983,0.11987024669057392,scr2081,stInflow,reservoir
BG,h7984,0.11987024669057392,scr2081,stInflow,reservoir
BG,h7985,0.11987024669057392,scr2081,stInflow,reservoir
BG,h7986,0.11987024669057392,scr2081,stInflow,reservoir
BG,h7987,0.11987024669057392,scr2081,stInflow,reservoir
BG,h7988,0.11987024669057392,scr2081,stInflow,reservoir
BG,h7989,0.11987024669057392,scr2081,stInflow,reservoir
BG,h7990,0.11987024669057392,scr2081,stInflow,reservoir
BG,h7991,0.11987024669057392,scr2081,stInflow,reservoir
BG,h7992,0.11987024669057392,scr2081,stInflow,reservoir
BG,h7993,0.11987024669057392,scr2081,stInflow,reservoir
BG,h7994,0.11987024669057392,scr2081,stInflow,reservoir
BG,h7995,0.11987024669057392,scr2081,stInflow,reservoir
BG,h7996,0.11987024669057392,scr2081,stInflow,reservoir
BG,h7997,0.11987024669057392,scr2081,stInflow,reservoir
BG,h7998,0.11987024669057392,scr2081,stInflow,reservoir
BG,h7999,0.11987024669057392,scr2081,stInflow,reservoir
BG,h8000,0.11987024669057392,scr2081,stInflow,reservoir
BG,h8001,0.11987024669057392,scr2081,stInflow,reservoir
BG,h8002,0.11987024669057392,scr2081,stInflow,reservoir
BG,h8003,0.11987024669057392,scr2081,stInflow,reservoir
BG,h8004,0.11987024669057392,scr2081,stInflow,reservoir
BG,h8005,0.11987024669057392,scr2081,stInflow,reservoir
BG,h8006,0.11987024669057392,scr2081,stInflow,reservoir
BG,h8007,0.11987024669057392,scr2081,stInflow,reservoir
BG,h8008,0.11987024669057392,scr2081,stInflow,reservoir
BG,h8009,0.11987024669057392,scr2081,stInflow,reservoir
BG,h8010,0.11987024669057392,scr2081,stInflow,reservoir
BG,h8011,0.11987024669057392,scr2081,stInflow,reservoir
BG,h8012,0.11987024669057392,scr2081,stInflow,reservoir
BG,h8013,0.11987024669057392,scr2081,stInflow,reservoir
BG,h8014,0.11987024669057392,scr2081,stInflow,reservoir
BG,h8015,0.11987024669057392,scr2081,stInflow,reservoir
BG,h8016,0.11987024669057392,scr2081,stInflow,reservoir
BG,h8017,0.1507653569770896,scr2081,stInflow,reservoir
BG,h8018,0.1816611048277771,scr2081,stInflow,reservoir
BG,h8019,0.2125573806521807,scr2081,stInflow,reservoir
BG,h8020,0.2125573806521807,scr2081,stInflow,reservoir
BG,h8021,0.2125573806521807,scr2081,stInflow,reservoir
BG,h8022,0.2125573806521807,scr2081,stInflow,reservoir
BG,h8023,0.2125573806521807,scr2081,stInflow,reservoir
BG,h8024,0.2125573806521807,scr2081,stInflow,reservoir
BG,h8025,0.2125573806521807,scr2081,stInflow,reservoir
BG,h8026,0.2125573806521807,scr2081,stInflow,reservoir
BG,h8027,0.2125573806521807,scr2081,stInflow,reservoir
BG,h8028,0.2125573806521807,scr2081,stInflow,reservoir
BG,h8029,0.2125573806521807,scr2081,stInflow,reservoir
BG,h8030,0.2125573806521807,scr2081,stInflow,reservoir
BG,h8031,0.2125573806521807,scr2081,stInflow,reservoir
BG,h8032,0.2125573806521807,scr2081,stInflow,reservoir
BG,h8033,0.2125573806521807,scr2081,stInflow,reservoir
BG,h8034,0.2125573806521807,scr2081,stInflow,reservoir
BG,h8035,0.2125573806521807,scr2081,stInflow,reservoir
BG,h8036,0.2125573806521807,scr2081,stInflow,reservoir
BG,h8037,0.2125573806521807,scr2081,stInflow,reservoir
BG,h8038,0.2125573806521807,scr2081,stInflow,reservoir
BG,h8039,0.2125573806521807,scr2081,stInflow,reservoir
BG,h8040,0.2125573806521807,scr2081,stInflow,reservoir
CH,h7297,0.2631409453950282,scr2081,stInflow,reservoir
CH,h7298,0.2631409453950282,scr2081,stInflow,reservoir
CH,h7299,0.2631409453950282,scr2081,stInflow,reservoir
CH,h7300,0.2631409453950282,scr2081,stInflow,reservoir
CH,h7301,0.2631409453950282,scr2081,stInflow,reservoir
CH,h7302,0.2631409453950282,scr2081,stInflow,reservoir
CH,h7303,0.2631409453950282,scr2081,stInflow,reservoir
CH,h7304,0.2631409453950282,scr2081,stInflow,reservoir
CH,h7305,0.2631409453950282,scr2081,stInflow,reservoir
CH,h7306,0.2631409453950282,scr2081,stInflow,reservoir
CH,h7307,0.2631409453950282,scr2081,stInflow,reservoir
CH,h7308,0.2631409453950282,scr2081,stInflow,reservoir
CH,h7309,0.2631409453950282,scr2081,stInflow,reservoir
CH,h7310,0.2631409453950282,scr2081,stInflow,reservoir
CH,h7311,0.2631409453950282,scr2081,stInflow,reservoir
CH,h7312,0.2631409453950282,scr2081,stInflow,reservoir
CH,h7313,0.2631409453950282,scr2081,stInflow,reservoir
CH,h7314,0.2631409453950282,scr2081,stInflow,reservoir
CH,h7315,0.2631409453950282,scr2081,stInflow,reservoir
CH,h7316,0.2631409453950282,scr2081,stInflow,reservoir
CH,h7317,0.2631409453950282,scr2081,stInflow,reservoir
CH,h7318,0.2631409453950282,scr2081,stInflow,reservoir
CH,h7319,0.2631409453950282,scr2081,stInflow,reservoir
CH,h7320,0.2631409453950282,scr2081,stInflow,reservoir
CH,h7321,0.2631409453950282,scr2081,stInflow,reservoir
CH,h7322,0.2631409453950282,scr2081,stInflow,reservoir
CH,h7323,0.2631409453950282,scr2081,stInflow,reservoir
CH,h7324,0.2631409453950282,scr2081,stInflow,reservoir
CH,h7325,0.2631409453950282,scr2081,stInflow,reservoir
CH,h7326,0.2631409453950282,scr2081,stInflow,reservoir
CH,h7327,0.2631409453950282,scr2081,stInflow,reservoir
CH,h7328,0.2631409453950282,scr2081,stInflow,reservoir
CH,h7329,0.2631409453950282,scr2081,stInflow,reservoir
CH,h7330,0.2631409453950282,scr2081,stInflow,reservoir
CH,h7331,0.2631409453950282,scr2081,stInflow,reservoir
CH,h7332,0.2631409453950282,scr2081,stInflow,reservoir
CH,h7333,0.2631409453950282,scr2081,stInflow,reservoir
CH,h7334,0.2631409453950282,scr2081,stInflow,reservoir
CH,h7335,0.2631409453950282,scr2081,stInflow,reservoir
CH,h7336,0.2631409453950282,scr2081,stInflow,reservoir
CH,h7337,0.2631409453950282,scr2081,stInflow,reservoir
CH,h7338,0.2631409453950282,scr2081,stInflow,reservoir
CH,h7339,0.2631409453950282,scr2081,stInflow,reservoir
CH,h7340,0.2631409453950282,scr2081,stInflow,reservoir
CH,h7341,0.2631409453950282,scr2081,stInflow,reservoir
CH,h7342,0.2631409453950282,scr2081,stInflow,reservoir
CH,h7343,0.2631409453950282,scr2081,stInflow,reservoir
CH,h7344,0.2631409453950282,scr2081,stInflow,reservoir
CH,h7345,0.20335500887425112,scr2081,stInflow,reservoir
CH,h7346,0.14357085604997571,scr2081,stInflow,reservoir
CH,h7347,0.0837892697610465,scr2081,stInflow,reservoir
CH,h7348,0.0837892697610465,scr2081,stInflow,reservoir
CH,h7349,0.0837892697610465,scr2081,stInflow,reservoir
CH,h7350,0.0837892697610465,scr2081,stInflow,reservoir
CH,h7351,0.0837892697610465,scr2081,stInflow,reservoir
CH,h7352,0.0837892697610465,scr2081,stInflow,reservoir
CH,h7353,0.0837892697610465,scr2081,stInflow,reservoir
CH,h7354,0.0837892697610465,scr2081,stInflow,reservoir
CH,h7355,0.0837892697610465,scr2081,stInflow,reservoir
CH,h7356,0.0837892697610465,scr2081,stInflow,reservoir
CH,h7357,0.0837892697610465,scr2081,stInflow,reservoir
CH,h7358,0.0837892697610465,scr2081,stInflow,reservoir
CH,h7359,0.0837892697610465,scr2081,stInflow,reservoir
CH,h7360,0.0837892697610465,scr2081,stInflow,reservoir
CH,h7361,0.0837892697610465,scr2081,stInflow,reservoir
CH,h7362,0.0837892697610465,scr2081,stInflow,reservoir
CH,h7363,0.0837892697610465,scr2081,stInflow,reservoir
CH,h7364,0.0837892697610465,scr2081,stInflow,reservoir
CH,h7365,0.0837892697610465,scr2081,stInflow,reservoir
CH,h7366,0.0837892697610465,scr2081,stInflow,reservoir
CH,h7367,0.0837892697610465,scr2081,stInflow,reservoir
CH,h7368,0.0837892697610465,scr2081,stInflow,reservoir
CH,h7369,0.0837892697610465,scr2081,stInflow,reservoir
CH,h7370,0.0837892697610465,scr2081,stInflow,reservoir
CH,h7371,0.0837892697610465,scr2081,stInflow,reservoir
CH,h7372,0.0837892697610465,scr2081,stInflow,reservoir
CH,h7373,0.0837892697610465,scr2081,stInflow,reservoir
CH,h7374,0.0837892697610465,scr2081,stInflow,reservoir
CH,h7375,0.0837892697610465,scr2081,stInflow,reservoir
CH,h7376,0.0837892697610465,scr2081,stInflow,reservoir
CH,h7377,0.0837892697610465,scr2081,stInflow,reservoir
CH,h7378,0.0837892697610465,scr2081,stInflow,reservoir
CH,h7379,0.0837892697610465,scr2081,stInflow,reservoir
CH,h7380,0.0837892697610465,scr2081,stInflow,reservoir
CH,h7381,0.0837892697610465,scr2081,stInflow,reservoir
CH,h7382,0.0837892697610465,scr2081,stInflow,reservoir
CH,h7383,0.0837892697610465,scr2081,stInflow,reservoir
CH,h7384,0.0837892697610465,scr2081,stInflow,reservoir
CH,h7385,0.0837892697610465,scr2081,stInflow,reservoir
CH,h7386,0.0837892697610465,scr2081,stInflow,reservoir
CH,h7387,0.0837892697610465,scr2081,stInflow,reservoir
CH,h7388,0.0837892697610465,scr2081,stInflow,reservoir
CH,h7389,0.0837892697610465,scr2081,stInflow,reservoir
CH,h7390,0.0837892697610465,scr2081,stInflow,reservoir
CH,h7391,0.0837892697610465,scr2081,stInflow,reservoir
CH,h7392,0.0837892697610465,scr2081,stInflow,reservoir
CH,h7393,0.0837892697610465,scr2081,stInflow,reservoir
CH,h7394,0.0837892697610465,scr2081,stInflow,reservoir
CH,h7395,0.0837892697610465,scr2081,stInflow,reservoir
CH,h7396,0.0837892697610465,scr2081,stInflow,reservoir
CH,h7397,0.0837892697610465,scr2081,stInflow,reservoir
CH,h7398,0.0837892697610465,scr2081,stInflow,reservoir
CH,h7399,0.0837892697610465,scr2081,stInflow,reservoir
CH,h7400,0.0837892697610465,scr2081,stInflow,reservoir
CH,h7401,0.0837892697610465,scr2081,stInflow,reservoir
CH,h7402,0.0837892697610465,scr2081,stInflow,reservoir
CH,h7403,0.0837892697610465,scr2081,stInflow,reservoir
CH,h7404,0.0837892697610465,scr2081,stInflow,reservoir
CH,h7405,0.0837892697610465,scr2081,stInflow,reservoir
CH,h7406,0.0837892697610465,scr2081,stInflow,reservoir
CH,h7407,0.0837892697610465,scr2081,stInflow,reservoir
CH,h7408,0.0837892697610465,scr2081,stInflow,reservoir
CH,h7409,0.0837892697610465,scr2081,stInflow,reservoir
CH,h7410,0.0837892697610465,scr2081,stInflow,reservoir
CH,h7411,0.0837892697610465,scr2081,stInflow,reservoir
CH,h7412,0.0837892697610465,scr2081,stInflow,reservoir
CH,h7413,0.0837892697610465,scr2081,stInflow,reservoir
CH,h7414,0.0837892697610465,scr2081,stInflow,reservoir
CH,h7415,0.0837892697610465,scr2081,stInflow,reservoir
CH,h7416,0.0837892697610465,scr2081,stInflow,reservoir
CH,h7417,0.0837892697610465,scr2081,stInflow,reservoir
CH,h7418,0.0837892697610465,scr2081,stInflow,reservoir
CH,h7419,0.0837892697610465,scr2081,stInflow,reservoir
CH,h7420,0.0837892697610465,scr2081,stInflow,reservoir
CH,h7421,0.0837892697610465,scr2081,stInflow,reservoir
CH,h7422,0.0837892697610465,scr2081,stInflow,reservoir
CH,h7423,0.0837892697610465,scr2081,stInflow,reservoir
CH,h7424,0.0837892697610465,scr2081,stInflow,reservoir
CH,h7425,0.0837892697610465,scr2081,stInflow,reservoir
CH,h7426,0.0837892697610465,scr2081,stInflow,reservoir
CH,h7427,0.0837892697610465,scr2081,stInflow,reservoir
CH,h7428,0.0837892697610465,scr2081,stInflow,reservoir
CH,h7429,0.0837892697610465,scr2081,stInflow,reservoir
CH,h7430,0.0837892697610465,scr2081,stInflow,reservoir
CH,h7431,0.0837892697610465,scr2081,stInflow,reservoir
CH,h7432,0.0837892697610465,scr2081,stInflow,reservoir
CH,h7433,0.0837892697610465,scr2081,stInflow,reservoir
CH,h7434,0.0837892697610465,scr2081,stInflow,reservoir
CH,h7435,0.0837892697610465,scr2081,stInflow,reservoir
CH,h7436,0.0837892697610465,scr2081,stInflow,reservoir
CH,h7437,0.0837892697610465,scr2081,stInflow,reservoir
CH,h7438,0.0837892697610465,scr2081,stInflow,reservoir
CH,h7439,0.0837892697610465,scr2081,stInflow,reservoir
CH,h7440,0.0837892697610465,scr2081,stInflow,reservoir
CH,h7441,0.0837892697610465,scr2081,stInflow,reservoir
CH,h7442,0.0837892697610465,scr2081,stInflow,reservoir
CH,h7443,0.0837892697610465,scr2081,stInflow,reservoir
CH,h7444,0.0837892697610465,scr2081,stInflow,reservoir
CH,h7445,0.0837892697610465,scr2081,stInflow,reservoir
CH,h7446,0.0837892697610465,scr2081,stInflow,reservoir
CH,h7447,0.0837892697610465,scr2081,stInflow,reservoir
CH,h7448,0.0837892697610465,scr2081,stInflow,reservoir
CH,h7449,0.0837892697610465,scr2081,stInflow,reservoir
CH,h7450,0.0837892697610465,scr2081,stInflow,reservoir
CH,h7451,0.0837892697610465,scr2081,stInflow,reservoir
CH,h7452,0.0837892697610465,scr2081,stInflow,reservoir
CH,h7453,0.0837892697610465,scr2081,stInflow,reservoir
CH,h7454,0.0837892697610465,scr2081,stInflow,reservoir
CH,h7455,0.0837892697610465,scr2081,stInflow,reservoir
CH,h7456,0.0837892697610465,scr2081,stInflow,reservoir
CH,h7457,0.0837892697610465,scr2081,stInflow,reservoir
CH,h7458,0.0837892697610465,scr2081,stInflow,reservoir
CH,h7459,0.0837892697610465,scr2081,stInflow,reservoir
CH,h7460,0.0837892697610465,scr2081,stInflow,reservoir
CH,h7461,0.0837892697610465,scr2081,stInflow,reservoir
CH,h7462,0.0837892697610465,scr2081,stInflow,reservoir
CH,h7463,0.0837892697610465,scr2081,stInflow,reservoir
CH,h7464,0.0837892697610465,scr2081,stInflow,reservoir
CH,h7465,0.0837892697610465,scr2081,stInflow,reservoir
CH,h7466,0.0837892697610465,scr2081,stInflow,reservoir
CH,h7467,0.0837892697610465,scr2081,stInflow,reservoir
CH,h7468,0.0837892697610465,scr2081,stInflow,reservoir
CH,h7469,0.0837892697610465,scr2081,stInflow,reservoir
CH,h7470,0.0837892697610465,scr2081,stInflow,reservoir
CH,h7471,0.0837892697610465,scr2081,stInflow,reservoir
CH,h7472,0.0837892697610465,scr2081,stInflow,reservoir
CH,h7473,0.0837892697610465,scr2081,stInflow,reservoir
CH,h7474,0.0837892697610465,scr2081,stInflow,reservoir
CH,h7475,0.0837892697610465,scr2081,stInflow,reservoir
CH,h7476,0.0837892697610465,scr2081,stInflow,reservoir
CH,h7477,0.0837892697610465,scr2081,stInflow,reservoir
CH,h7478,0.0837892697610465,scr2081,stInflow,reservoir
CH,h7479,0.0837892697610465,scr2081,stInflow,reservoir
CH,h7480,0.0837892697610465,scr2081,stInflow,reservoir
CH,h7481,0.0837892697610465,scr2081,stInflow,reservoir
CH,h7482,0.0837892697610465,scr2081,stInflow,reservoir
CH,h7483,0.0837892697610465,scr2081,stInflow,reservoir
CH,h7484,0.0837892697610465,scr2081,stInflow,reservoir
CH,h7485,0.0837892697610465,scr2081,stInflow,reservoir
CH,h7486,0.0837892697610465,scr2081,stInflow,reservoir
CH,h7487,0.0837892697610465,scr2081,stInflow,reservoir
CH,h7488,0.0837892697610465,scr2081,stInflow,reservoir
CH,h7489,0.0837892697610465,scr2081,stInflow,reservoir
CH,h7490,0.0837892697610465,scr2081,stInflow,reservoir
CH,h7491,0.0837892697610465,scr2081,stInflow,reservoir
CH,h7492,0.0837892697610465,scr2081,stInflow,reservoir
CH,h7493,0.0837892697610465,scr2081,stInflow,reservoir
CH,h7494,0.0837892697610465,scr2081,stInflow,reservoir
CH,h7495,0.0837892697610465,scr2081,stInflow,reservoir
CH,h7496,0.0837892697610465,scr2081,stInflow,reservoir
CH,h7497,0.0837892697610465,scr2081,stInflow,reservoir
CH,h7498,0.0837892697610465,scr2081,stInflow,reservoir
CH,h7499,0.0837892697610465,scr2081,stInflow,reservoir
CH,h7500,0.0837892697610465,scr2081,stInflow,reservoir
CH,h7501,0.0837892697610465,scr2081,stInflow,reservoir
CH,h7502,0.0837892697610465,scr2081,stInflow,reservoir
CH,h7503,0.0837892697610465,scr2081,stInflow,reservoir
CH,h7504,0.0837892697610465,scr2081,stInflow,reservoir
CH,h7505,0.0837892697610465,scr2081,stInflow,reservoir
CH,h7506,0.0837892697610465,scr2081,stInflow,reservoir
CH,h7507,0.0837892697610465,scr2081,stInflow,reservoir
CH,h7508,0.0837892697610465,scr2081,stInflow,reservoir
CH,h7509,0.0837892697610465,scr2081,stInflow,reservoir
CH,h7510,0.0837892697610465,scr2081,stInflow,reservoir
CH,h7511,0.0837892697610465,scr2081,stInflow,reservoir
CH,h7512,0.0837892697610465,scr2081,stInflow,reservoir
CH,h7513,0.07718437469063537,scr2081,stInflow,reservoir
CH,h7514,0.07057953620329244,scr2081,stInflow,reservoir
CH,h7515,0.06397475960782457,scr2081,stInflow,reservoir
CH,h7516,0.06397475960782457,scr2081,stInflow,reservoir
CH,h7517,0.06397475960782457,scr2081,stInflow,reservoir
CH,h7518,0.06397475960782457,scr2081,stInflow,reservoir
CH,h7519,0.06397475960782457,scr2081,stInflow,reservoir
CH,h7520,0.06397475960782457,scr2081,stInflow,reservoir
CH,h7521,0.06397475960782457,scr2081,stInflow,reservoir
CH,h7522,0.06397475960782457,scr2081,stInflow,reservoir
CH,h7523,0.06397475960782457,scr2081,stInflow,reservoir
CH,h7524,0.06397475960782457,scr2081,stInflow,reservoir
CH,h7525,0.06397475960782457,scr2081,stInflow,reservoir
CH,h7526,0.06397475960782457,scr2081,stInflow,reservoir
CH,h7527,0.06397475960782457,scr2081,stInflow,reservoir
CH,h7528,0.06397475960782457,scr2081,stInflow,reservoir
CH,h7529,0.06397475960782457,scr2081,stInflow,reservoir
CH,h7530,0.06397475960782457,scr2081,stInflow,reservoir
CH,h7531,0.06397475960782457,scr2081,stInflow,reservoir
CH,h7532,0.06397475960782457,scr2081,stInflow,reservoir
CH,h7533,0.06397475960782457,scr2081,stInflow,reservoir
CH,h7534,0.06397475960782457,scr2081,stInflow,reservoir
CH,h7535,0.06397475960782457,scr2081,stInflow,reservoir
CH,h7536,0.06397475960782457,scr2081,stInflow,reservoir
CH,h7537,0.06397475960782457,scr2081,stInflow,reservoir
CH,h7538,0.06397475960782457,scr2081,stInflow,reservoir
CH,h7539,0.06397475960782457,scr2081,stInflow,reservoir
CH,h7540,0.06397475960782457,scr2081,stInflow,reservoir
CH,h7541,0.06397475960782457,scr2081,stInflow,reservoir
CH,h7542,0.06397475960782457,scr2081,stInflow,reservoir
CH,h7543,0.06397475960782457,scr2081,stInflow,reservoir
CH,h7544,0.06397475960782457,scr2081,stInflow,reservoir
CH,h7545,0.06397475960782457,scr2081,stInflow,reservoir
CH,h7546,0.06397475960782457,scr2081,stInflow,reservoir
CH,h7547,0.06397475960782457,scr2081,stInflow,reservoir
CH,h7548,0.06397475960782457,scr2081,stInflow,reservoir
CH,h7549,0.06397475960782457,scr2081,stInflow,reservoir
CH,h7550,0.06397475960782457,scr2081,stInflow,reservoir
CH,h7551,0.06397475960782457,scr2081,stInflow,reservoir
CH,h7552,0.06397475960782457,scr2081,stInflow,reservoir
CH,h7553,0.06397475960782457,scr2081,stInflow,reservoir
CH,h7554,0.06397475960782457,scr2081,stInflow,reservoir
CH,h7555,0.06397475960782457,scr2081,stInflow,reservoir
CH,h7556,0.06397475960782457,scr2081,stInflow,reservoir
CH,h7557,0.06397475960782457,scr2081,stInflow,reservoir
CH,h7558,0.06397475960782457,scr2081,stInflow,reservoir
CH,h7559,0.06397475960782457,scr2081,stInflow,reservoir
CH,h7560,0.06397475960782457,scr2081,stInflow,reservoir
CH,h7561,0.06397475960782457,scr2081,stInflow,reservoir
CH,h7562,0.06397475960782457,scr2081,stInflow,reservoir
CH,h7563,0.06397475960782457,scr2081,stInflow,reservoir
CH,h7564,0.06397475960782457,scr2081,stInflow,reservoir
CH,h7565,0.06397475960782457,scr2081,stInflow,reservoir
CH,h7566,0.06397475960782457,scr2081,stInflow,reservoir
CH,h7567,0.06397475960782457,scr2081,stInflow,reservoir
CH,h7568,0.06397475960782457,scr2081,stInflow,reservoir
CH,h7569,0.06397475960782457,scr2081,stInflow,reservoir
CH,h7570,0.06397475960782457,scr2081,stInflow,reservoir
CH,h7571,0.06397475960782457,scr2081,stInflow,reservoir
CH,h7572,0.06397475960782457,scr2081,stInflow,reservoir
CH,h7573,0.06397475960782457,scr2081,stInflow,reservoir
CH,h7574,0.06397475960782457,scr2081,stInflow,reservoir
CH,h7575,0.06397475960782457,scr2081,stInflow,reservoir
CH,h7576,0.06397475960782457,scr2081,stInflow,reservoir
CH,h7577,0.06397475960782457,scr2081,stInflow,reservoir
CH,h7578,0.06397475960782457,scr2081,stInflow,reservoir
CH,h7579,0.06397475960782457,scr2081,stInflow,reservoir
CH,h7580,0.06397475960782457,scr2081,stInflow,reservoir
CH,h7581,0.06397475960782457,scr2081,stInflow,reservoir
CH,h7582,0.06397475960782457,scr2081,stInflow,reservoir
CH,h7583,0.06397475960782457,scr2081,stInflow,reservoir
CH,h7584,0.06397475960782457,scr2081,stInflow,reservoir
CH,h7585,0.06397475960782457,scr2081,stInflow,reservoir
CH,h7586,0.06397475960782457,scr2081,stInflow,reservoir
CH,h7587,0.06397475960782457,scr2081,stInflow,reservoir
CH,h7588,0.06397475960782457,scr2081,stInflow,reservoir
CH,h7589,0.06397475960782457,scr2081,stInflow,reservoir
CH,h7590,0.06397475960782457,scr2081,stInflow,reservoir
CH,h7591,0.06397475960782457,scr2081,stInflow,reservoir
CH,h7592,0.06397475960782457,scr2081,stInflow,reservoir
CH,h7593,0.06397475960782457,scr2081,stInflow,reservoir
CH,h7594,0.06397475960782457,scr2081,stInflow,reservoir
CH,h7595,0.06397475960782457,scr2081,stInflow,reservoir
CH,h7596,0.06397475960782457,scr2081,stInflow,reservoir
CH,h7597,0.06397475960782457,scr2081,stInflow,reservoir
CH,h7598,0.06397475960782457,scr2081,stInflow,reservoir
CH,h7599,0.06397475960782457,scr2081,stInflow,reservoir
CH,h7600,0.06397475960782457,scr2081,stInflow,reservoir
CH,h7601,0.06397475960782457,scr2081,stInflow,reservoir
CH,h7602,0.06397475960782457,scr2081,stInflow,reservoir
CH,h7603,0.06397475960782457,scr2081,stInflow,reservoir
CH,h7604,0.06397475960782457,scr2081,stInflow,reservoir
CH,h7605,0.06397475960782457,scr2081,stInflow,reservoir
CH,h7606,0.06397475960782457,scr2081,stInflow,reservoir
CH,h7607,0.06397475960782457,scr2081,stInflow,reservoir
CH,h7608,0.06397475960782457,scr2081,stInflow,reservoir
CH,h7609,0.06397475960782457,scr2081,stInflow,reservoir
CH,h7610,0.06397475960782457,scr2081,stInflow,reservoir
CH,h7611,0.06397475960782457,scr2081,stInflow,reservoir
CH,h7612,0.06397475960782457,scr2081,stInflow,reservoir
CH,h7613,0.06397475960782457,scr2081,stInflow,reservoir
CH,h7614,0.06397475960782457,scr2081,stInflow,reservoir
CH,h7615,0.06397475960782457,scr2081,stInflow,reservoir
CH,h7616,0.06397475960782457,scr2081,stInflow,reservoir
CH,h7617,0.06397475960782457,scr2081,stInflow,reservoir
CH,h7618,0.06397475960782457,scr2081,stInflow,reservoir
CH,h7619,0.06397475960782457,scr2081,stInflow,reservoir
CH,h7620,0.06397475960782457,scr2081,stInflow,reservoir
CH,h7621,0.06397475960782457,scr2081,stInflow,reservoir
CH,h7622,0.06397475960782457,scr2081,stInflow,reservoir
CH,h7623,0.06397475960782457,scr2081,stInflow,reservoir
CH,h7624,0.06397475960782457,scr2081,stInflow,reservoir
CH,h7625,0.06397475960782457,scr2081,stInflow,reservoir
CH,h7626,0.06397475960782457,scr2081,stInflow,reservoir
CH,h7627,0.06397475960782457,scr2081,stInflow,reservoir
CH,h7628,0.06397475960782457,scr2081,stInflow,reservoir
CH,h7629,0.06397475960782457,scr2081,stInflow,reservoir
CH,h7630,0.06397475960782457,scr2081,stInflow,reservoir
CH,h7631,0.06397475960782457,scr2081,stInflow,reservoir
CH,h7632,0.06397475960782457,scr2081,stInflow,reservoir
CH,h7633,0.06397475960782457,scr2081,stInflow,reservoir
CH,h7634,0.06397475960782457,scr2081,stInflow,reservoir
CH,h7635,0.06397475960782457,scr2081,stInflow,reservoir
CH,h7636,0.06397475960782457,scr2081,stInflow,reservoir
CH,h7637,0.06397475960782457,scr2081,stInflow,reservoir
CH,h7638,0.06397475960782457,scr2081,stInflow,reservoir
CH,h7639,0.06397475960782457,scr2081,stInflow,reservoir
CH,h7640,0.06397475960782457,scr2081,stInflow,reservoir
CH,h7641,0.06397475960782457,scr2081,stInflow,reservoir
CH,h7642,0.06397475960782457,scr2081,stInflow,reservoir
CH,h7643,0.06397475960782457,scr2081,stInflow,reservoir
CH,h7644,0.06397475960782457,scr2081,stInflow,reservoir
CH,h7645,0.06397475960782457,scr2081,stInflow,reservoir
CH,h7646,0.06397475960782457,scr2081,stInflow,reservoir
CH,h7647,0.06397475960782457,scr2081,stInflow,reservoir
CH,h7648,0.06397475960782457,scr2081,stInflow,reservoir
CH,h7649,0.06397475960782457,scr2081,stInflow,reservoir
CH,h7650,0.06397475960782457,scr2081,stInflow,reservoir
CH,h7651,0.06397475960782457,scr2081,stInflow,reservoir
CH,h7652,0.06397475960782457,scr2081,stInflow,reservoir
CH,h7653,0.06397475960782457,scr2081,stInflow,reservoir
CH,h7654,0.06397475960782457,scr2081,stInflow,reservoir
CH,h7655,0.06397475960782457,scr2081,stInflow,reservoir
CH,h7656,0.06397475960782457,scr2081,stInflow,reservoir
CH,h7657,0.06397475960782457,scr2081,stInflow,reservoir
CH,h7658,0.06397475960782457,scr2081,stInflow,reservoir
CH,h7659,0.06397475960782457,scr2081,stInflow,reservoir
CH,h7660,0.06397475960782457,scr2081,stInflow,reservoir
CH,h7661,0.06397475960782457,scr2081,stInflow,reservoir
CH,h7662,0.06397475960782457,scr2081,stInflow,reservoir
CH,h7663,0.06397475960782457,scr2081,stInflow,reservoir
CH,h7664,0.06397475960782457,scr2081,stInflow,reservoir
CH,h7665,0.06397475960782457,scr2081,stInflow,reservoir
CH,h7666,0.06397475960782457,scr2081,stInflow,reservoir
CH,h7667,0.06397475960782457,scr2081,stInflow,reservoir
CH,h7668,0.06397475960782457,scr2081,stInflow,reservoir
CH,h7669,0.06397475960782457,scr2081,stInflow,reservoir
CH,h7670,0.06397475960782457,scr2081,stInflow,reservoir
CH,h7671,0.06397475960782457,scr2081,stInflow,reservoir
CH,h7672,0.06397475960782457,scr2081,stInflow,reservoir
CH,h7673,0.06397475960782457,scr2081,stInflow,reservoir
CH,h7674,0.06397475960782457,scr2081,stInflow,reservoir
CH,h7675,0.06397475960782457,scr2081,stInflow,reservoir
CH,h7676,0.06397475960782457,scr2081,stInflow,reservoir
CH,h7677,0.06397475960782457,scr2081,stInflow,reservoir
CH,h7678,0.06397475960782457,scr2081,stInflow,reservoir
CH,h7679,0.06397475960782457,scr2081,stInflow,reservoir
CH,h7680,0.06397475960782457,scr2081,stInflow,reservoir
CH,h7681,0.07328248687079697,scr2081,stInflow,reservoir
CH,h7682,0.08259033266225155,scr2081,stInflow,reservoir
CH,h7683,0.0918982835660079,scr2081,stInflow,reservoir
CH,h7684,0.0918982835660079,scr2081,stInflow,reservoir
CH,h7685,0.0918982835660079,scr2081,stInflow,reservoir
CH,h7686,0.0918982835660079,scr2081,stInflow,reservoir
CH,h7687,0.0918982835660079,scr2081,stInflow,reservoir
CH,h7688,0.0918982835660079,scr2081,stInflow,reservoir
CH,h7689,0.0918982835660079,scr2081,stInflow,reservoir
CH,h7690,0.0918982835660079,scr2081,stInflow,reservoir
CH,h7691,0.0918982835660079,scr2081,stInflow,reservoir
CH,h7692,0.0918982835660079,scr2081,stInflow,reservoir
CH,h7693,0.0918982835660079,scr2081,stInflow,reservoir
CH,h7694,0.0918982835660079,scr2081,stInflow,reservoir
CH,h7695,0.0918982835660079,scr2081,stInflow,reservoir
CH,h7696,0.0918982835660079,scr2081,stInflow,reservoir
CH,h7697,0.0918982835660079,scr2081,stInflow,reservoir
CH,h7698,0.0918982835660079,scr2081,stInflow,reservoir
CH,h7699,0.0918982835660079,scr2081,stInflow,reservoir
CH,h7700,0.0918982835660079,scr2081,stInflow,reservoir
CH,h7701,0.0918982835660079,scr2081,stInflow,reservoir
CH,h7702,0.0918982835660079,scr2081,stInflow,reservoir
CH,h7703,0.0918982835660079,scr2081,stInflow,reservoir
CH,h7704,0.0918982835660079,scr2081,stInflow,reservoir
CH,h7705,0.0918982835660079,scr2081,stInflow,reservoir
CH,h7706,0.0918982835660079,scr2081,stInflow,reservoir
CH,h7707,0.0918982835660079,scr2081,stInflow,reservoir
CH,h7708,0.0918982835660079,scr2081,stInflow,reservoir
CH,h7709,0.0918982835660079,scr2081,stInflow,reservoir
CH,h7710,0.0918982835660079,scr2081,stInflow,reservoir
CH,h7711,0.0918982835660079,scr2081,stInflow,reservoir
CH,h7712,0.0918982835660079,scr2081,stInflow,reservoir
CH,h7713,0.0918982835660079,scr2081,stInflow,reservoir
CH,h7714,0.0918982835660079,scr2081,stInflow,reservoir
CH,h7715,0.0918982835660079,scr2081,stInflow,reservoir
CH,h7716,0.0918982835660079,scr2081,stInflow,reservoir
CH,h7717,0.0918982835660079,scr2081,stInflow,reservoir
CH,h7718,0.0918982835660079,scr2081,stInflow,reservoir
CH,h7719,0.0918982835660079,scr2081,stInflow,reservoir
CH,h7720,0.0918982835660079,scr2081,stInflow,reservoir
CH,h7721,0.0918982835660079,scr2081,stInflow,reservoir
CH,h7722,0.0918982835660079,scr2081,stInflow,reservoir
CH,h7723,0.0918982835660079,scr2081,stInflow,reservoir
CH,h7724,0.0918982835660079,scr2081,stInflow,reservoir
CH,h7725,0.0918982835660079,scr2081,stInflow,reservoir
CH,h7726,0.0918982835660079,scr2081,stInflow,reservoir
CH,h7727,0.0918982835660079,scr2081,stInflow,reservoir
CH,h7728,0.0918982835660079,scr2081,stInflow,reservoir
CH,h7729,0.0918982835660079,scr2081,stInflow,reservoir
CH,h7730,0.0918982835660079,scr2081,stInflow,reservoir
CH,h7731,0.0918982835660079,scr2081,stInflow,reservoir
CH,h7732,0.0918982835660079,scr2081,stInflow,reservoir
CH,h7733,0.0918982835660079,scr2081,stInflow,reservoir
CH,h7734,0.0918982835660079,scr2081,stInflow,reservoir
CH,h7735,0.0918982835660079,scr2081,stInflow,reservoir
CH,h7736,0.0918982835660079,scr2081,stInflow,reservoir
CH,h7737,0.0918982835660079,scr2081,stInflow,reservoir
CH,h7738,0.0918982835660079,scr2081,stInflow,reservoir
CH,h7739,0.0918982835660079,scr2081,stInflow,reservoir
CH,h7740,0.0918982835660079,scr2081,stInflow,reservoir
CH,h7741,0.0918982835660079,scr2081,stInflow,reservoir
CH,h7742,0.0918982835660079,scr2081,stInflow,reservoir
CH,h7743,0.0918982835660079,scr2081,stInflow,reservoir
CH,h7744,0.0918982835660079,scr2081,stInflow,reservoir
CH,h7745,0.0918982835660079,scr2081,stInflow,reservoir
CH,h7746,0.0918982835660079,scr2081,stInflow,reservoir
CH,h7747,0.0918982835660079,scr2081,stInflow,reservoir
CH,h7748,0.0918982835660079,scr2081,stInflow,reservoir
CH,h7749,0.0918982835660079,scr2081,stInflow,reservoir
CH,h7750,0.0918982835660079,scr2081,stInflow,reservoir
CH,h7751,0.0918982835660079,scr2081,stInflow,reservoir
CH,h7752,0.0918982835660079,scr2081,stInflow,reservoir
CH,h7753,0.0918982835660079,scr2081,stInflow,reservoir
CH,h7754,0.0918982835660079,scr2081,stInflow,reservoir
CH,h7755,0.0918982835660079,scr2081,stInflow,reservoir
CH,h7756,0.0918982835660079,scr2081,stInflow,reservoir
CH,h7757,0.0918982835660079,scr2081,stInflow,reservoir
CH,h7758,0.0918982835660079,scr2081,stInflow,reservoir
CH,h7759,0.0918982835660079,scr2081,stInflow,reservoir
CH,h7760,0.0918982835660079,scr2081,stInflow,reservoir
CH,h7761,0.0918982835660079,scr2081,stInflow,reservoir
CH,h7762,0.0918982835660079,scr2081,stInflow,reservoir
CH,h7763,0.0918982835660079,scr2081,stInflow,reservoir
CH,h7764,0.0918982835660079,scr2081,stInflow,reservoir
CH,h7765,0.0918982835660079,scr2081,stInflow,reservoir
CH,h7766,0.0918982835660079,scr2081,stInflow,reservoir
CH,h7767,0.0918982835660079,scr2081,stInflow,reservoir
CH,h7768,0.0918982835660079,scr2081,stInflow,reservoir
CH,h7769,0.0918982835660079,scr2081,stInflow,reservoir
CH,h7770,0.0918982835660079,scr2081,stInflow,reservoir
CH,h7771,0.0918982835660079,scr2081,stInflow,reservoir
CH,h7772,0.0918982835660079,scr2081,stInflow,reservoir
CH,h7773,0.0918982835660079,scr2081,stInflow,reservoir
CH,h7774,0.0918982835660079,scr2081,stInflow,reservoir
CH,h7775,0.0918982835660079,scr2081,stInflow,reservoir
CH,h7776,0.0918982835660079,scr2081,stInflow,reservoir
CH,h7777,0.0918982835660079,scr2081,stInflow,reservoir
CH,h7778,0.0918982835660079,scr2081,stInflow,reservoir
CH,h7779,0.0918982835660079,scr2081,stInflow,reservoir
CH,h7780,0.0918982835660079,scr2081,stInflow,reservoir
CH,h7781,0.0918982835660079,scr2081,stInflow,reservoir
CH,h7782,0.0918982835660079,scr2081,stInflow,reservoir
CH,h7783,0.0918982835660079,scr2081,stInflow,reservoir
CH,h7784,0.0918982835660079,scr2081,stInflow,reservoir
CH,h7785,0.0918982835660079,scr2081,stInflow,reservoir
CH,h7786,0.0918982835660079,scr2081,stInflow,reservoir
CH,h7787,0.0918982835660079,scr2081,stInflow,reservoir
CH,h7788,0.0918982835660079,scr2081,stInflow,reservoir
CH,h7789,0.0918982835660079,scr2081,stInflow,reservoir
CH,h7790,0.0918982835660079,scr2081,stInflow,reservoir
CH,h7791,0.0918982835660079,scr2081,stInflow,reservoir
CH,h7792,0.0918982835660079,scr2081,stInflow,reservoir
CH,h7793,0.0918982835660079,scr2081,stInflow,reservoir
CH,h7794,0.0918982835660079,scr2081,stInflow,reservoir
CH,h7795,0.0918982835660079,scr2081,stInflow,reservoir
CH,h7796,0.0918982835660079,scr2081,stInflow,reservoir
CH,h7797,0.0918982835660079,scr2081,stInflow,reservoir
CH,h7798,0.0918982835660079,scr2081,stInflow,reservoir
CH,h7799,0.0918982835660079,scr2081,stInflow,reservoir
CH,h7800,0.0918982835660079,scr2081,stInflow,reservoir
CH,h7801,0.0918982835660079,scr2081,stInflow,reservoir
CH,h7802,0.0918982835660079,scr2081,stInflow,reservoir
CH,h7803,0.0918982835660079,scr2081,stInflow,reservoir
CH,h7804,0.0918982835660079,scr2081,stInflow,reservoir
CH,h7805,0.0918982835660079,scr2081,stInflow,reservoir
CH,h7806,0.0918982835660079,scr2081,stInflow,reservoir
CH,h7807,0.0918982835660079,scr2081,stInflow,reservoir
CH,h7808,0.0918982835660079,scr2081,stInflow,reservoir
CH,h7809,0.0918982835660079,scr2081,stInflow,reservoir
CH,h7810,0.0918982835660079,scr2081,stInflow,reservoir
CH,h7811,0.0918982835660079,scr2081,stInflow,reservoir
CH,h7812,0.0918982835660079,scr2081,stInflow,reservoir
CH,h7813,0.0918982835660079,scr2081,stInflow,reservoir
CH,h7814,0.0918982835660079,scr2081,stInflow,reservoir
CH,h7815,0.0918982835660079,scr2081,stInflow,reservoir
CH,h7816,0.0918982835660079,scr2081,stInflow,reservoir
CH,h7817,0.0918982835660079,scr2081,stInflow,reservoir
CH,h7818,0.0918982835660079,scr2081,stInflow,reservoir
CH,h7819,0.0918982835660079,scr2081,stInflow,reservoir
CH,h7820,0.0918982835660079,scr2081,stInflow,reservoir
CH,h7821,0.0918982835660079,scr2081,stInflow,reservoir
CH,h7822,0.0918982835660079,scr2081,stInflow,reservoir
CH,h7823,0.0918982835660079,scr2081,stInflow,reservoir
CH,h7824,0.0918982835660079,scr2081,stInflow,reservoir
CH,h7825,0.0918982835660079,scr2081,stInflow,reservoir
CH,h7826,0.0918982835660079,scr2081,stInflow,reservoir
CH,h7827,0.0918982835660079,scr2081,stInflow,reservoir
CH,h7828,0.0918982835660079,scr2081,stInflow,reservoir
CH,h7829,0.0918982835660079,scr2081,stInflow,reservoir
CH,h7830,0.0918982835660079,scr2081,stInflow,reservoir
CH,h7831,0.0918982835660079,scr2081,stInflow,reservoir
CH,h7832,0.0918982835660079,scr2081,stInflow,reservoir
CH,h7833,0.0918982835660079,scr2081,stInflow,reservoir
CH,h7834,0.0918982835660079,scr2081,stInflow,reservoir
CH,h7835,0.0918982835660079,scr2081,stInflow,reservoir
CH,h7836,0.0918982835660079,scr2081,stInflow,reservoir
CH,h7837,0.0918982835660079,scr2081,stInflow,reservoir
CH,h7838,0.0918982835660079,scr2081,stInflow,reservoir
CH,h7839,0.0918982835660079,scr2081,stInflow,reservoir
CH,h7840,0.0918982835660079,scr2081,stInflow,reservoir
CH,h7841,0.0918982835660079,scr2081,stInflow,reservoir
CH,h7842,0.0918982835660079,scr2081,stInflow,reservoir
CH,h7843,0.0918982835660079,scr2081,stInflow,reservoir
CH,h7844,0.0918982835660079,scr2081,stInflow,reservoir
CH,h7845,0.0918982835660079,scr2081,stInflow,reservoir
CH,h7846,0.0918982835660079,scr2081,stInflow,reservoir
CH,h7847,0.0918982835660079,scr2081,stInflow,reservoir
CH,h7848,0.0918982835660079,scr2081,stInflow,reservoir
CH,h7849,0.24606963404513515,scr2081,stInflow,reservoir
CH,h7850,0.40025140256721914,scr2081,stInflow,reservoir
CH,h7851,0.554439266343458,scr2081,stInflow,reservoir
CH,h7852,0.554439266343458,scr2081,stInflow,reservoir
CH,h7853,0.554439266343458,scr2081,stInflow,reservoir
CH,h7854,0.554439266343458,scr2081,stInflow,reservoir
CH,h7855,0.554439266343458,scr2081,stInflow,reservoir
CH,h7856,0.554439266343458,scr2081,stInflow,reservoir
CH,h7857,0.554439266343458,scr2081,stInflow,reservoir
CH,h7858,0.554439266343458,scr2081,stInflow,reservoir
CH,h7859,0.554439266343458,scr2081,stInflow,reservoir
CH,h7860,0.554439266343458,scr2081,stInflow,reservoir
CH,h7861,0.554439266343458,scr2081,stInflow,reservoir
CH,h7862,0.554439266343458,scr2081,stInflow,reservoir
CH,h7863,0.554439266343458,scr2081,stInflow,reservoir
CH,h7864,0.554439266343458,scr2081,stInflow,reservoir
CH,h7865,0.554439266343458,scr2081,stInflow,reservoir
CH,h7866,0.554439266343458,scr2081,stInflow,reservoir
CH,h7867,0.554439266343458,scr2081,stInflow,reservoir
CH,h7868,0.554439266343458,scr2081,stInflow,reservoir
CH,h7869,0.554439266343458,scr2081,stInflow,reservoir
CH,h7870,0.554439266343458,scr2081,stInflow,reservoir
CH,h7871,0.554439266343458,scr2081,stInflow,reservoir
CH,h7872,0.554439266343458,scr2081,stInflow,reservoir
CH,h7873,0.554439266343458,scr2081,stInflow,reservoir
CH,h7874,0.554439266343458,scr2081,stInflow,reservoir
CH,h7875,0.554439266343458,scr2081,stInflow,reservoir
CH,h7876,0.554439266343458,scr2081,stInflow,reservoir
CH,h7877,0.554439266343458,scr2081,stInflow,reservoir
CH,h7878,0.554439266343458,scr2081,stInflow,reservoir
CH,h7879,0.554439266343458,scr2081,stInflow,reservoir
CH,h7880,0.554439266343458,scr2081,stInflow,reservoir
CH,h7881,0.554439266343458,scr2081,stInflow,reservoir
CH,h7882,0.554439266343458,scr2081,stInflow,reservoir
CH,h7883,0.554439266343458,scr2081,stInflow,reservoir
CH,h7884,0.554439266343458,scr2081,stInflow,reservoir
CH,h7885,0.554439266343458,scr2081,stInflow,reservoir
CH,h7886,0.554439266343458,scr2081,stInflow,reservoir
CH,h7887,0.554439266343458,scr2081,stInflow,reservoir
CH,h7888,0.554439266343458,scr2081,stInflow,reservoir
CH,h7889,0.554439266343458,scr2081,stInflow,reservoir
CH,h7890,0.554439266343458,scr2081,stInflow,reservoir
CH,h7891,0.554439266343458,scr2081,stInflow,reservoir
CH,h7892,0.554439266343458,scr2081,stInflow,reservoir
CH,h7893,0.554439266343458,scr2081,stInflow,reservoir
CH,h7894,0.554439266343458,scr2081,stInflow,reservoir
CH,h7895,0.554439266343458,scr2081,stInflow,reservoir
CH,h7896,0.554439266343458,scr2081,stInflow,reservoir
CH,h7897,0.554439266343458,scr2081,stInflow,reservoir
CH,h7898,0.554439266343458,scr2081,stInflow,reservoir
CH,h7899,0.554439266343458,scr2081,stInflow,reservoir
CH,h7900,0.554439266343458,scr2081,stInflow,reservoir
CH,h7901,0.554439266343458,scr2081,stInflow,reservoir
CH,h7902,0.554439266343458,scr2081,stInflow,reservoir
CH,h7903,0.554439266343458,scr2081,stInflow,reservoir
CH,h7904,0.554439266343458,scr2081,stInflow,reservoir
CH,h7905,0.554439266343458,scr2081,stInflow,reservoir
CH,h7906,0.554439266343458,scr2081,stInflow,reservoir
CH,h7907,0.554439266343458,scr2081,stInflow,reservoir
CH,h7908,0.554439266343458,scr2081,stInflow,reservoir
CH,h7909,0.554439266343458,scr2081,stInflow,reservoir
CH,h7910,0.554439266343458,scr2081,stInflow,reservoir
CH,h7911,0.554439266343458,scr2081,stInflow,reservoir
CH,h7912,0.554439266343458,scr2081,stInflow,reservoir
CH,h7913,0.554439266343458,scr2081,stInflow,reservoir
CH,h7914,0.554439266343458,scr2081,stInflow,reservoir
CH,h7915,0.554439266343458,scr2081,stInflow,reservoir
CH,h7916,0.554439266343458,scr2081,stInflow,reservoir
CH,h7917,0.554439266343458,scr2081,stInflow,reservoir
CH,h7918,0.554439266343458,scr2081,stInflow,reservoir
CH,h7919,0.554439266343458,scr2081,stInflow,reservoir
CH,h7920,0.554439266343458,scr2081,stInflow,reservoir
CH,h7921,0.554439266343458,scr2081,stInflow,reservoir
CH,h7922,0.554439266343458,scr2081,stInflow,reservoir
CH,h7923,0.554439266343458,scr2081,stInflow,reservoir
CH,h7924,0.554439266343458,scr2081,stInflow,reservoir
CH,h7925,0.554439266343458,scr2081,stInflow,reservoir
CH,h7926,0.554439266343458,scr2081,stInflow,reservoir
CH,h7927,0.554439266343458,scr2081,stInflow,reservoir
CH,h7928,0.554439266343458,scr2081,stInflow,reservoir
CH,h7929,0.554439266343458,scr2081,stInflow,reservoir
CH,h7930,0.554439266343458,scr2081,stInflow,reservoir
CH,h7931,0.554439266343458,scr2081,stInflow,reservoir
CH,h7932,0.554439266343458,scr2081,stInflow,reservoir
CH,h7933,0.554439266343458,scr2081,stInflow,reservoir
CH,h7934,0.554439266343458,scr2081,stInflow,reservoir
CH,h7935,0.554439266343458,scr2081,stInflow,reservoir
CH,h7936,0.554439266343458,scr2081,stInflow,reservoir
CH,h7937,0.554439266343458,scr2081,stInflow,reservoir
CH,h7938,0.554439266343458,scr2081,stInflow,reservoir
CH,h7939,0.554439266343458,scr2081,stInflow,reservoir
CH,h7940,0.554439266343458,scr2081,stInflow,reservoir
CH,h7941,0.554439266343458,scr2081,stInflow,reservoir
CH,h7942,0.554439266343458,scr2081,stInflow,reservoir
CH,h7943,0.554439266343458,scr2081,stInflow,reservoir
CH,h7944,0.554439266343458,scr2081,stInflow,reservoir
CH,h7945,0.554439266343458,scr2081,stInflow,reservoir
CH,h7946,0.554439266343458,scr2081,stInflow,reservoir
CH,h7947,0.554439266343458,scr2081,stInflow,reservoir
CH,h7948,0.554439266343458,scr2081,stInflow,reservoir
CH,h7949,0.554439266343458,scr2081,stInflow,reservoir
CH,h7950,0.554439266343458,scr2081,stInflow,reservoir
CH,h7951,0.554439266343458,scr2081,stInflow,reservoir
CH,h7952,0.554439266343458,scr2081,stInflow,reservoir
CH,h7953,0.554439266343458,scr2081,stInflow,reservoir
CH,h7954,0.554439266343458,scr2081,stInflow,reservoir
CH,h7955,0.554439266343458,scr2081,stInflow,reservoir
CH,h7956,0.554439266343458,scr2081,stInflow,reservoir
CH,h7957,0.554439266343458,scr2081,stInflow,reservoir
CH,h7958,0.554439266343458,scr2081,stInflow,reservoir
CH,h7959,0.554439266343458,scr2081,stInflow,reservoir
CH,h7960,0.554439266343458,scr2081,stInflow,reservoir
CH,h7961,0.554439266343458,scr2081,stInflow,reservoir
CH,h7962,0.554439266343458,scr2081,stInflow,reservoir
CH,h7963,0.554439266343458,scr2081,stInflow,reservoir
CH,h7964,0.554439266343458,scr2081,stInflow,reservoir
CH,h7965,0.554439266343458,scr2081,stInflow,reservoir
CH,h7966,0.554439266343458,scr2081,stInflow,reservoir
CH,h7967,0.554439266343458,scr2081,stInflow,reservoir
CH,h7968,0.554439266343458,scr2081,stInflow,reservoir
CH,h7969,0.554439266343458,scr2081,stInflow,reservoir
CH,h7970,0.554439266343458,scr2081,stInflow,reservoir
CH,h7971,0.554439266343458,scr2081,stInflow,reservoir
CH,h7972,0.554439266343458,scr2081,stInflow,reservoir
CH,h7973,0.554439266343458,scr2081,stInflow,reservoir
CH,h7974,0.554439266343458,scr2081,stInflow,reservoir
CH,h7975,0.554439266343458,scr2081,stInflow,reservoir
CH,h7976,0.554439266343458,scr2081,stInflow,reservoir
CH,h7977,0.554439266343458,scr2081,stInflow,reservoir
CH,h7978,0.554439266343458,scr2081,stInflow,reservoir
CH,h7979,0.554439266343458,scr2081,stInflow,reservoir
CH,h7980,0.554439266343458,scr2081,stInflow,reservoir
CH,h7981,0.554439266343458,scr2081,stInflow,reservoir
CH,h7982,0.554439266343458,scr2081,stInflow,reservoir
CH,h7983,0.554439266343458,scr2081,stInflow,reservoir
CH,h7984,0.554439266343458,scr2081,stInflow,reservoir
CH,h7985,0.554439266343458,scr2081,stInflow,reservoir
CH,h7986,0.554439266343458,scr2081,stInflow,reservoir
CH,h7987,0.554439266343458,scr2081,stInflow,reservoir
CH,h7988,0.554439266343458,scr2081,stInflow,reservoir
CH,h7989,0.554439266343458,scr2081,stInflow,reservoir
CH,h7990,0.554439266343458,scr2081,stInflow,reservoir
CH,h7991,0.554439266343458,scr2081,stInflow,reservoir
CH,h7992,0.554439266343458,scr2081,stInflow,reservoir
CH,h7993,0.554439266343458,scr2081,stInflow,reservoir
CH,h7994,0.554439266343458,scr2081,stInflow,reservoir
CH,h7995,0.554439266343458,scr2081,stInflow,reservoir
CH,h7996,0.554439266343458,scr2081,stInflow,reservoir
CH,h7997,0.554439266343458,scr2081,stInflow,reservoir
CH,h7998,0.554439266343458,scr2081,stInflow,reservoir
CH,h7999,0.554439266343458,scr2081,stInflow,reservoir
CH,h8000,0.554439266343458,scr2081,stInflow,reservoir
CH,h8001,0.554439266343458,scr2081,stInflow,reservoir
CH,h8002,0.554439266343458,scr2081,stInflow,reservoir
CH,h8003,0.554439266343458,scr2081,stInflow,reservoir
CH,h8004,0.554439266343458,scr2081,stInflow,reservoir
CH,h8005,0.554439266343458,scr2081,stInflow,reservoir
CH,h8006,0.554439266343458,scr2081,stInflow,reservoir
CH,h8007,0.554439266343458,scr2081,stInflow,reservoir
CH,h8008,0.554439266343458,scr2081,stInflow,reservoir
CH,h8009,0.554439266343458,scr2081,stInflow,reservoir
CH,h8010,0.554439266343458,scr2081,stInflow,reservoir
CH,h8011,0.554439266343458,scr2081,stInflow,reservoir
CH,h8012,0.554439266343458,scr2081,stInflow,reservoir
CH,h8013,0.554439266343458,scr2081,stInflow,reservoir
CH,h8014,0.554439266343458,scr2081,stInflow,reservoir
CH,h8015,0.554439266343458,scr2081,stInflow,reservoir
CH,h8016,0.554439266343458,scr2081,stInflow,reservoir
CH,h8017,0.70161579167654,scr2081,stInflow,reservoir
CH,h8018,0.8487954271031747,scr2081,stInflow,reservoir
CH,h8019,0.9959776273304611,scr2081,stInflow,reservoir
CH,h8020,0.9959776273304611,scr2081,stInflow,reservoir
CH,h8021,0.9959776273304611,scr2081,stInflow,reservoir
CH,h8022,0.9959776273304611,scr2081,stInflow,reservoir
CH,h8023,0.9959776273304611,scr2081,stInflow,reservoir
CH,h8024,0.9959776273304611,scr2081,stInflow,reservoir
CH,h8025,0.9959776273304611,scr2081,stInflow,reservoir
CH,h8026,0.9959776273304611,scr2081,stInflow,reservoir
CH,h8027,0.9959776273304611,scr2081,stInflow,reservoir
CH,h8028,0.9959776273304611,scr2081,stInflow,reservoir
CH,h8029,0.9959776273304611,scr2081,stInflow,reservoir
CH,h8030,0.9959776273304611,scr2081,stInflow,reservoir
CH,h8031,0.9959776273304611,scr2081,stInflow,reservoir
CH,h8032,0.9959776273304611,scr2081,stInflow,reservoir
CH,h8033,0.9959776273304611,scr2081,stInflow,reservoir
CH,h8034,0.9959776273304611,scr2081,stInflow,reservoir
CH,h8035,0.9959776273304611,scr2081,stInflow,reservoir
CH,h8036,0.9959776273304611,scr2081,stInflow,reservoir
CH,h8037,0.9959776273304611,scr2081,stInflow,reservoir
CH,h8038,0.9959776273304611,scr2081,stInflow,reservoir
CH,h8039,0.9959776273304611,scr2081,stInflow,reservoir
CH,h8040,0.9959776273304611,scr2081,stInflow,reservoir
ES,h7297,0.8616860372245387,scr2081,stInflow,reservoir
ES,h7298,0.8616860372245387,scr2081,stInflow,reservoir
ES,h7299,0.8616860372245387,scr2081,stInflow,reservoir
ES,h7300,0.8616860372245387,scr2081,stInflow,reservoir
ES,h7301,0.8616860372245387,scr2081,stInflow,reservoir
ES,h7302,0.8616860372245387,scr2081,stInflow,reservoir
ES,h7303,0.8616860372245387,scr2081,stInflow,reservoir
ES,h7304,0.8616860372245387,scr2081,stInflow,reservoir
ES,h7305,0.8616860372245387,scr2081,stInflow,reservoir
ES,h7306,0.8616860372245387,scr2081,stInflow,reservoir
ES,h7307,0.8616860372245387,scr2081,stInflow,reservoir
ES,h7308,0.8616860372245387,scr2081,stInflow,reservoir
ES,h7309,0.8616860372245387,scr2081,stInflow,reservoir
ES,h7310,0.8616860372245387,scr2081,stInflow,reservoir
ES,h7311,0.8616860372245387,scr2081,stInflow,reservoir
ES,h7312,0.8616860372245387,scr2081,stInflow,reservoir
ES,h7313,0.8616860372245387,scr2081,stInflow,reservoir
ES,h7314,0.8616860372245387,scr2081,stInflow,reservoir
ES,h7315,0.8616860372245387,scr2081,stInflow,reservoir
ES,h7316,0.8616860372245387,scr2081,stInflow,reservoir
ES,h7317,0.8616860372245387,scr2081,stInflow,reservoir
ES,h7318,0.8616860372245387,scr2081,stInflow,reservoir
ES,h7319,0.8616860372245387,scr2081,stInflow,reservoir
ES,h7320,0.8616860372245387,scr2081,stInflow,reservoir
ES,h7321,0.8616860372245387,scr2081,stInflow,reservoir
ES,h7322,0.8616860372245387,scr2081,stInflow,reservoir
ES,h7323,0.8616860372245387,scr2081,stInflow,reservoir
ES,h7324,0.8616860372245387,scr2081,stInflow,reservoir
ES,h7325,0.8616860372245387,scr2081,stInflow,reservoir
ES,h7326,0.8616860372245387,scr2081,stInflow,reservoir
ES,h7327,0.8616860372245387,scr2081,stInflow,reservoir
ES,h7328,0.8616860372245387,scr2081,stInflow,reservoir
ES,h7329,0.8616860372245387,scr2081,stInflow,reservoir
ES,h7330,0.8616860372245387,scr2081,stInflow,reservoir
ES,h7331,0.8616860372245387,scr2081,stInflow,reservoir
ES,h7332,0.8616860372245387,scr2081,stInflow,reservoir
ES,h7333,0.8616860372245387,scr2081,stInflow,reservoir
ES,h7334,0.8616860372245387,scr2081,stInflow,reservoir
ES,h7335,0.8616860372245387,scr2081,stInflow,reservoir
ES,h7336,0.8616860372245387,scr2081,stInflow,reservoir
ES,h7337,0.8616860372245387,scr2081,stInflow,reservoir
ES,h7338,0.8616860372245387,scr2081,stInflow,reservoir
ES,h7339,0.8616860372245387,scr2081,stInflow,reservoir
ES,h7340,0.8616860372245387,scr2081,stInflow,reservoir
ES,h7341,0.8616860372245387,scr2081,stInflow,reservoir
ES,h7342,0.8616860372245387,scr2081,stInflow,reservoir
ES,h7343,0.8616860372245387,scr2081,stInflow,reservoir
ES,h7344,0.8616860372245387,scr2081,stInflow,reservoir
ES,h7345,0.8646267815710689,scr2081,stInflow,reservoir
ES,h7346,0.8675675269178202,scr2081,stInflow,reservoir
ES,h7347,0.8705082732614027,scr2081,stInflow,reservoir
ES,h7348,0.8705082732614027,scr2081,stInflow,reservoir
ES,h7349,0.8705082732614027,scr2081,stInflow,reservoir
ES,h7350,0.8705082732614027,scr2081,stInflow,reservoir
ES,h7351,0.8705082732614027,scr2081,stInflow,reservoir
ES,h7352,0.8705082732614027,scr2081,stInflow,reservoir
ES,h7353,0.8705082732614027,scr2081,stInflow,reservoir
ES,h7354,0.8705082732614027,scr2081,stInflow,reservoir
ES,h7355,0.8705082732614027,scr2081,stInflow,reservoir
ES,h7356,0.8705082732614027,scr2081,stInflow,reservoir
ES,h7357,0.8705082732614027,scr2081,stInflow,reservoir
ES,h7358,0.8705082732614027,scr2081,stInflow,reservoir
ES,h7359,0.8705082732614027,scr2081,stInflow,reservoir
ES,h7360,0.8705082732614027,scr2081,stInflow,reservoir
ES,h7361,0.8705082732614027,scr2081,stInflow,reservoir
ES,h7362,0.8705082732614027,scr2081,stInflow,reservoir
ES,h7363,0.8705082732614027,scr2081,stInflow,reservoir
ES,h7364,0.8705082732614027,scr2081,stInflow,reservoir
ES,h7365,0.8705082732614027,scr2081,stInflow,reservoir
ES,h7366,0.8705082732614027,scr2081,stInflow,reservoir
ES,h7367,0.8705082732614027,scr2081,stInflow,reservoir
ES,h7368,0.8705082732614027,scr2081,stInflow,reservoir
ES,h7369,0.8705082732614027,scr2081,stInflow,reservoir
ES,h7370,0.8705082732614027,scr2081,stInflow,reservoir
ES,h7371,0.8705082732614027,scr2081,stInflow,reservoir
ES,h7372,0.8705082732614027,scr2081,stInflow,reservoir
ES,h7373,0.8705082732614027,scr2081,stInflow,reservoir
ES,h7374,0.8705082732614027,scr2081,stInflow,reservoir
ES,h7375,0.8705082732614027,scr2081,stInflow,reservoir
ES,h7376,0.8705082732614027,scr2081,stInflow,reservoir
ES,h7377,0.8705082732614027,scr2081,stInflow,reservoir
ES,h7378,0.8705082732614027,scr2081,stInflow,reservoir
ES,h7379,0.8705082732614027,scr2081,stInflow,reservoir
ES,h7380,0.8705082732614027,scr2081,stInflow,reservoir
ES,h7381,0.8705082732614027,scr2081,stInflow,reservoir
ES,h7382,0.8705082732614027,scr2081,stInflow,reservoir
ES,h7383,0.8705082732614027,scr2081,stInflow,reservoir
ES,h7384,0.8705082732614027,scr2081,stInflow,reservoir
ES,h7385,0.8705082732614027,scr2081,stInflow,reservoir
ES,h7386,0.8705082732614027,scr2081,stInflow,reservoir
ES,h7387,0.8705082732614027,scr2081,stInflow,reservoir
ES,h7388,0.8705082732614027,scr2081,stInflow,reservoir
ES,h7389,0.8705082732614027,scr2081,stInflow,reservoir
ES,h7390,0.8705082732614027,scr2081,stInflow,reservoir
ES,h7391,0.8705082732614027,scr2081,stInflow,reservoir
ES,h7392,0.8705082732614027,scr2081,stInflow,reservoir
ES,h7393,0.8705082732614027,scr2081,stInflow,reservoir
ES,h7394,0.8705082732614027,scr2081,stInflow,reservoir
ES,h7395,0.8705082732614027,scr2081,stInflow,reservoir
ES,h7396,0.8705082732614027,scr2081,stInflow,reservoir
ES,h7397,0.8705082732614027,scr2081,stInflow,reservoir
ES,h7398,0.8705082732614027,scr2081,stInflow,reservoir
ES,h7399,0.8705082732614027,scr2081,stInflow,reservoir
ES,h7400,0.8705082732614027,scr2081,stInflow,reservoir
ES,h7401,0.8705082732614027,scr2081,stInflow,reservoir
ES,h7402,0.8705082732614027,scr2081,stInflow,reservoir
ES,h7403,0.8705082732614027,scr2081,stInflow,reservoir
ES,h7404,0.8705082732614027,scr2081,stInflow,reservoir
ES,h7405,0.8705082732614027,scr2081,stInflow,reservoir
ES,h7406,0.8705082732614027,scr2081,stInflow,reservoir
ES,h7407,0.8705082732614027,scr2081,stInflow,reservoir
ES,h7408,0.8705082732614027,scr2081,stInflow,reservoir
ES,h7409,0.8705082732614027,scr2081,stInflow,reservoir
ES,h7410,0.8705082732614027,scr2081,stInflow,reservoir
ES,h7411,0.8705082732614027,scr2081,stInflow,reservoir
ES,h7412,0.8705082732614027,scr2081,stInflow,reservoir
ES,h7413,0.8705082732614027,scr2081,stInflow,reservoir
ES,h7414,0.8705082732614027,scr2081,stInflow,reservoir
ES,h7415,0.8705082732614027,scr2081,stInflow,reservoir
ES,h7416,0.8705082732614027,scr2081,stInflow,reservoir
ES,h7417,0.8705082732614027,scr2081,stInflow,reservoir
ES,h7418,0.8705082732614027,scr2081,stInflow,reservoir
ES,h7419,0.8705082732614027,scr2081,stInflow,reservoir
ES,h7420,0.8705082732614027,scr2081,stInflow,reservoir
ES,h7421,0.8705082732614027,scr2081,stInflow,reservoir
ES,h7422,0.8705082732614027,scr2081,stInflow,reservoir
ES,h7423,0.8705082732614027,scr2081,stInflow,reservoir
ES,h7424,0.8705082732614027,scr2081,stInflow,reservoir
ES,h7425,0.8705082732614027,scr2081,stInflow,reservoir
ES,h7426,0.8705082732614027,scr2081,stInflow,reservoir
ES,h7427,0.8705082732614027,scr2081,stInflow,reservoir
ES,h7428,0.8705082732614027,scr2081,stInflow,reservoir
ES,h7429,0.8705082732614027,scr2081,stInflow,reservoir
ES,h7430,0.8705082732614027,scr2081,stInflow,reservoir
ES,h7431,0.8705082732614027,scr2081,stInflow,reservoir
ES,h7432,0.8705082732614027,scr2081,stInflow,reservoir
ES,h7433,0.8705082732614027,scr2081,stInflow,reservoir
ES,h7434,0.8705082732614027,scr2081,stInflow,reservoir
ES,h7435,0.8705082732614027,scr2081,stInflow,reservoir
ES,h7436,0.8705082732614027,scr2081,stInflow,reservoir
ES,h7437,0.8705082732614027,scr2081,stInflow,reservoir
ES,h7438,0.8705082732614027,scr2081,stInflow,reservoir
ES,h7439,0.8705082732614027,scr2081,stInflow,reservoir
ES,h7440,0.8705082732614027,scr2081,stInflow,reservoir
ES,h7441,0.8705082732614027,scr2081,stInflow,reservoir
ES,h7442,0.8705082732614027,scr2081,stInflow,reservoir
ES,h7443,0.8705082732614027,scr2081,stInflow,reservoir
ES,h7444,0.8705082732614027,scr2081,stInflow,reservoir
ES,h7445,0.8705082732614027,scr2081,stInflow,reservoir
ES,h7446,0.8705082732614027,scr2081,stInflow,reservoir
ES,h7447,0.8705082732614027,scr2081,stInflow,reservoir
ES,h7448,0.8705082732614027,scr2081,stInflow,reservoir
ES,h7449,0.8705082732614027,scr2081,stInflow,reservoir
ES,h7450,0.8705082732614027,scr2081,stInflow,reservoir
ES,h7451,0.8705082732614027,scr2081,stInflow,reservoir
ES,h7452,0.8705082732614027,scr2081,stInflow,reservoir
ES,h7453,0.8705082732614027,scr2081,stInflow,reservoir
ES,h7454,0.8705082732614027,scr2081,stInflow,reservoir
ES,h7455,0.8705082732614027,scr2081,stInflow,reservoir
ES,h7456,0.8705082732614027,scr2081,stInflow,reservoir
ES,h7457,0.8705082732614027,scr2081,stInflow,reservoir
ES,h7458,0.8705082732614027,scr2081,stInflow,reservoir
ES,h7459,0.8705082732614027,scr2081,stInflow,reservoir
ES,h7460,0.8705082732614027,scr2081,stInflow,reservoir
ES,h7461,0.8705082732614027,scr2081,stInflow,reservoir
ES,h7462,0.8705082732614027,scr2081,stInflow,reservoir
ES,h7463,0.8705082732614027,scr2081,stInflow,reservoir
ES,h7464,0.8705082732614027,scr2081,stInflow,reservoir
ES,h7465,0.8705082732614027,scr2081,stInflow,reservoir
ES,h7466,0.8705082732614027,scr2081,stInflow,reservoir
ES,h7467,0.8705082732614027,scr2081,stInflow,reservoir
ES,h7468,0.8705082732614027,scr2081,stInflow,reservoir
ES,h7469,0.8705082732614027,scr2081,stInflow,reservoir
ES,h7470,0.8705082732614027,scr2081,stInflow,reservoir
ES,h7471,0.8705082732614027,scr2081,stInflow,reservoir
ES,h7472,0.8705082732614027,scr2081,stInflow,reservoir
ES,h7473,0.8705082732614027,scr2081,stInflow,reservoir
ES,h7474,0.8705082732614027,scr2081,stInflow,reservoir
ES,h7475,0.8705082732614027,scr2081,stInflow,reservoir
ES,h7476,0.8705082732614027,scr2081,stInflow,reservoir
ES,h7477,0.8705082732614027,scr2081,stInflow,reservoir
ES,h7478,0.8705082732614027,scr2081,stInflow,reservoir
ES,h7479,0.8705082732614027,scr2081,stInflow,reservoir
ES,h7480,0.8705082732614027,scr2081,stInflow,reservoir
ES,h7481,0.8705082732614027,scr2081,stInflow,reservoir
ES,h7482,0.8705082732614027,scr2081,stInflow,reservoir
ES,h7483,0.8705082732614027,scr2081,stInflow,reservoir
ES,h7484,0.8705082732614027,scr2081,stInflow,reservoir
ES,h7485,0.8705082732614027,scr2081,stInflow,reservoir
ES,h7486,0.8705082732614027,scr2081,stInflow,reservoir
ES,h7487,0.8705082732614027,scr2081,stInflow,reservoir
ES,h7488,0.8705082732614027,scr2081,stInflow,reservoir
ES,h7489,0.8705082732614027,scr2081,stInflow,reservoir
ES,h7490,0.8705082732614027,scr2081,stInflow,reservoir
ES,h7491,0.8705082732614027,scr2081,stInflow,reservoir
ES,h7492,0.8705082732614027,scr2081,stInflow,reservoir
ES,h7493,0.8705082732614027,scr2081,stInflow,reservoir
ES,h7494,0.8705082732614027,scr2081,stInflow,reservoir
ES,h7495,0.8705082732614027,scr2081,stInflow,reservoir
ES,h7496,0.8705082732614027,scr2081,stInflow,reservoir
ES,h7497,0.8705082732614027,scr2081,stInflow,reservoir
ES,h7498,0.8705082732614027,scr2081,stInflow,reservoir
ES,h7499,0.8705082732614027,scr2081,stInflow,reservoir
ES,h7500,0.8705082732614027,scr2081,stInflow,reservoir
ES,h7501,0.8705082732614027,scr2081,stInflow,reservoir
ES,h7502,0.8705082732614027,scr2081,stInflow,reservoir
ES,h7503,0.8705082732614027,scr2081,stInflow,reservoir
ES,h7504,0.8705082732614027,scr2081,stInflow,reservoir
ES,h7505,0.8705082732614027,scr2081,stInflow,reservoir
ES,h7506,0.8705082732614027,scr2081,stInflow,reservoir
ES,h7507,0.8705082732614027,scr2081,stInflow,reservoir
ES,h7508,0.8705082732614027,scr2081,stInflow,reservoir
ES,h7509,0.8705082732614027,scr2081,stInflow,reservoir
ES,h7510,0.8705082732614027,scr2081,stInflow,reservoir
ES,h7511,0.8705082732614027,scr2081,stInflow,reservoir
ES,h7512,0.8705082732614027,scr2081,stInflow,reservoir
ES,h7513,0.9187790317819273,scr2081,stInflow,reservoir
ES,h7514,0.9670500440287675,scr2081,stInflow,reservoir
ES,h7515,1.0153212973272736,scr2081,stInflow,reservoir
ES,h7516,1.0153212973272736,scr2081,stInflow,reservoir
ES,h7517,1.0153212973272736,scr2081,stInflow,reservoir
ES,h7518,1.0153212973272736,scr2081,stInflow,reservoir
ES,h7519,1.0153212973272736,scr2081,stInflow,reservoir
ES,h7520,1.0153212973272736,scr2081,stInflow,reservoir
ES,h7521,1.0153212973272736,scr2081,stInflow,reservoir
ES,h7522,1.0153212973272736,scr2081,stInflow,reservoir
ES,h7523,1.0153212973272736,scr2081,stInflow,reservoir
ES,h7524,1.0153212973272736,scr2081,stInflow,reservoir
ES,h7525,1.0153212973272736,scr2081,stInflow,reservoir
ES,h7526,1.0153212973272736,scr2081,stInflow,reservoir
ES,h7527,1.0153212973272736,scr2081,stInflow,reservoir
ES,h7528,1.0153212973272736,scr2081,stInflow,reservoir
ES,h7529,1.0153212973272736,scr2081,stInflow,reservoir
ES,h7530,1.0153212973272736,scr2081,stInflow,reservoir
ES,h7531,1.0153212973272736,scr2081,stInflow,reservoir
ES,h7532,1.0153212973272736,scr2081,stInflow,reservoir
ES,h7533,1.0153212973272736,scr2081,stInflow,reservoir
ES,h7534,1.0153212973272736,scr2081,stInflow,reservoir
ES,h7535,1.0153212973272736,scr2081,stInflow,reservoir
ES,h7536,1.0153212973272736,scr2081,stInflow,reservoir
ES,h7537,1.0153212973272736,scr2081,stInflow,reservoir
ES,h7538,1.0153212973272736,scr2081,stInflow,reservoir
ES,h7539,1.0153212973272736,scr2081,stInflow,reservoir
ES,h7540,1.0153212973272736,scr2081,stInflow,reservoir
ES,h7541,1.0153212973272736,scr2081,stInflow,reservoir
ES,h7542,1.0153212973272736,scr2081,stInflow,reservoir
ES,h7543,1.0153212973272736,scr2081,stInflow,reservoir
ES,h7544,1.0153212973272736,scr2081,stInflow,reservoir
ES,h7545,1.0153212973272736,scr2081,stInflow,reservoir
ES,h7546,1.0153212973272736,scr2081,stInflow,reservoir
ES,h7547,1.0153212973272736,scr2081,stInflow,reservoir
ES,h7548,1.0153212973272736,scr2081,stInflow,reservoir
ES,h7549,1.0153212973272736,scr2081,stInflow,reservoir
ES,h7550,1.0153212973272736,scr2081,stInflow,reservoir
ES,h7551,1.0153212973272736,scr2081,stInflow,reservoir
ES,h7552,1.0153212973272736,scr2081,stInflow,reservoir
ES,h7553,1.0153212973272736,scr2081,stInflow,reservoir
ES,h7554,1.0153212973272736,scr2081,stInflow,reservoir
ES,h7555,1.0153212973272736,scr2081,stInflow,reservoir
ES,h7556,1.0153212973272736,scr2081,stInflow,reservoir
ES,h7557,1.0153212973272736,scr2081,stInflow,reservoir
ES,h7558,1.0153212973272736,scr2081,stInflow,reservoir
ES,h7559,1.0153212973272736,scr2081,stInflow,reservoir
ES,h7560,1.0153212973272736,scr2081,stInflow,reservoir
ES,h7561,1.0153212973272736,scr2081,stInflow,reservoir
ES,h7562,1.0153212973272736,scr2081,stInflow,reservoir
ES,h7563,1.0153212973272736,scr2081,stInflow,reservoir
ES,h7564,1.0153212973272736,scr2081,stInflow,reservoir
ES,h7565,1.0153212973272736,scr2081,stInflow,reservoir
ES,h7566,1.0153212973272736,scr2081,stInflow,reservoir
ES,h7567,1.0153212973272736,scr2081,stInflow,reservoir
ES,h7568,1.0153212973272736,scr2081,stInflow,reservoir
ES,h7569,1.0153212973272736,scr2081,stInflow,reservoir
ES,h7570,1.0153212973272736,scr2081,stInflow,reservoir
ES,h7571,1.0153212973272736,scr2081,stInflow,reservoir
ES,h7572,1.0153212973272736,scr2081,stInflow,reservoir
ES,h7573,1.0153212973272736,scr2081,stInflow,reservoir
ES,h7574,1.0153212973272736,scr2081,stInflow,reservoir
ES,h7575,1.0153212973272736,scr2081,stInflow,reservoir
ES,h7576,1.0153212973272736,scr2081,stInflow,reservoir
ES,h7577,1.0153212973272736,scr2081,stInflow,reservoir
ES,h7578,1.0153212973272736,scr2081,stInflow,reservoir
ES,h7579,1.0153212973272736,scr2081,stInflow,reservoir
ES,h7580,1.0153212973272736,scr2081,stInflow,reservoir
ES,h7581,1.0153212973272736,scr2081,stInflow,reservoir
ES,h7582,1.0153212973272736,scr2081,stInflow,reservoir
ES,h7583,1.0153212973272736,scr2081,stInflow,reservoir
ES,h7584,1.0153212973272736,scr2081,stInflow,reservoir
ES,h7585,1.0153212973272736,scr2081,stInflow,reservoir
ES,h7586,1.0153212973272736,scr2081,stInflow,reservoir
ES,h7587,1.0153212973272736,scr2081,stInflow,reservoir
ES,h7588,1.0153212973272736,scr2081,stInflow,reservoir
ES,h7589,1.0153212973272736,scr2081,stInflow,reservoir
ES,h7590,1.0153212973272736,scr2081,stInflow,reservoir
ES,h7591,1.0153212973272736,scr2081,stInflow,reservoir
ES,h7592,1.0153212973272736,scr2081,stInflow,reservoir
ES,h7593,1.0153212973272736,scr2081,stInflow,reservoir
ES,h7594,1.0153212973272736,scr2081,stInflow,reservoir
ES,h7595,1.0153212973272736,scr2081,stInflow,reservoir
ES,h7596,1.0153212973272736,scr2081,stInflow,reservoir
ES,h7597,1.0153212973272736,scr2081,stInflow,reservoir
ES,h7598,1.0153212973272736,scr2081,stInflow,reservoir
ES,h7599,1.0153212973272736,scr2081,stInflow,reservoir
ES,h7600,1.0153212973272736,scr2081,stInflow,reservoir
ES,h7601,1.0153212973272736,scr2081,stInflow,reservoir
ES,h7602,1.0153212973272736,scr2081,stInflow,reservoir
ES,h7603,1.0153212973272736,scr2081,stInflow,reservoir
ES,h7604,1.0153212973272736,scr2081,stInflow,reservoir
ES,h7605,1.0153212973272736,scr2081,stInflow,reservoir
ES,h7606,1.0153212973272736,scr2081,stInflow,reservoir
ES,h7607,1.0153212973272736,scr2081,stInflow,reservoir
ES,h7608,1.0153212973272736,scr2081,stInflow,reservoir
ES,h7609,1.0153212973272736,scr2081,stInflow,reservoir
ES,h7610,1.0153212973272736,scr2081,stInflow,reservoir
ES,h7611,1.0153212973272736,scr2081,stInflow,reservoir
ES,h7612,1.0153212973272736,scr2081,stInflow,reservoir
ES,h7613,1.0153212973272736,scr2081,stInflow,reservoir
ES,h7614,1.0153212973272736,scr2081,stInflow,reservoir
ES,h7615,1.0153212973272736,scr2081,stInflow,reservoir
ES,h7616,1.0153212973272736,scr2081,stInflow,reservoir
ES,h7617,1.0153212973272736,scr2081,stInflow,reservoir
ES,h7618,1.0153212973272736,scr2081,stInflow,reservoir
ES,h7619,1.0153212973272736,scr2081,stInflow,reservoir
ES,h7620,1.0153212973272736,scr2081,stInflow,reservoir
ES,h7621,1.0153212973272736,scr2081,stInflow,reservoir
ES,h7622,1.0153212973272736,scr2081,stInflow,reservoir
ES,h7623,1.0153212973272736,scr2081,stInflow,reservoir
ES,h7624,1.0153212973272736,scr2081,stInflow,reservoir
ES,h7625,1.0153212973272736,scr2081,stInflow,reservoir
ES,h7626,1.0153212973272736,scr2081,stInflow,reservoir
ES,h7627,1.0153212973272736,scr2081,stInflow,reservoir
ES,h7628,1.0153212973272736,scr2081,stInflow,reservoir
ES,h7629,1.0153212973272736,scr2081,stInflow,reservoir
ES,h7630,1.0153212973272736,scr2081,stInflow,reservoir
ES,h7631,1.0153212973272736,scr2081,stInflow,reservoir
ES,h7632,1.0153212973272736,scr2081,stInflow,reservoir
ES,h7633,1.0153212973272736,scr2081,stInflow,reservoir
ES,h7634,1.0153212973272736,scr2081,stInflow,reservoir
ES,h7635,1.0153212973272736,scr2081,stInflow,reservoir
ES,h7636,1.0153212973272736,scr2081,stInflow,reservoir
ES,h7637,1.0153212973272736,scr2081,stInflow,reservoir
ES,h7638,1.0153212973272736,scr2081,stInflow,reservoir
ES,h7639,1.0153212973272736,scr2081,stInflow,reservoir
ES,h7640,1.0153212973272736,scr2081,stInflow,reservoir
ES,h7641,1.0153212973272736,scr2081,stInflow,reservoir
ES,h7642,1.0153212973272736,scr2081,stInflow,reservoir
ES,h7643,1.0153212973272736,scr2081,stInflow,reservoir
ES,h7644,1.0153212973272736,scr2081,stInflow,reservoir
ES,h7645,1.0153212973272736,scr2081,stInflow,reservoir
ES,h7646,1.0153212973272736,scr2081,stInflow,reservoir
ES,h7647,1.0153212973272736,scr2081,stInflow,reservoir
ES,h7648,1.0153212973272736,scr2081,stInflow,reservoir
ES,h7649,1.0153212973272736,scr2081,stInflow,reservoir
ES,h7650,1.0153212973272736,scr2081,stInflow,reservoir
ES,h7651,1.0153212973272736,scr2081,stInflow,reservoir
ES,h7652,1.0153212973272736,scr2081,stInflow,reservoir
ES,h7653,1.0153212973272736,scr2081,stInflow,reservoir
ES,h7654,1.0153212973272736,scr2081,stInflow,reservoir
ES,h7655,1.0153212973272736,scr2081,stInflow,reservoir
ES,h7656,1.0153212973272736,scr2081,stInflow,reservoir
ES,h7657,1.0153212973272736,scr2081,stInflow,reservoir
ES,h7658,1.0153212973272736,scr2081,stInflow,reservoir
ES,h7659,1.0153212973272736,scr2081,stInflow,reservoir
ES,h7660,1.0153212973272736,scr2081,stInflow,reservoir
ES,h7661,1.0153212973272736,scr2081,stInflow,reservoir
ES,h7662,1.0153212973272736,scr2081,stInflow,reservoir
ES,h7663,1.0153212973272736,scr2081,stInflow,reservoir
ES,h7664,1.0153212973272736,scr2081,stInflow,reservoir
ES,h7665,1.0153212973272736,scr2081,stInflow,reservoir
ES,h7666,1.0153212973272736,scr2081,stInflow,reservoir
ES,h7667,1.0153212973272736,scr2081,stInflow,reservoir
ES,h7668,1.0153212973272736,scr2081,stInflow,reservoir
ES,h7669,1.0153212973272736,scr2081,stInflow,reservoir
ES,h7670,1.0153212973272736,scr2081,stInflow,reservoir
ES,h7671,1.0153212973272736,scr2081,stInflow,reservoir
ES,h7672,1.0153212973272736,scr2081,stInflow,reservoir
ES,h7673,1.0153212973272736,scr2081,stInflow,reservoir
ES,h7674,1.0153212973272736,scr2081,stInflow,reservoir
ES,h7675,1.0153212973272736,scr2081,stInflow,reservoir
ES,h7676,1.0153212973272736,scr2081,stInflow,reservoir
ES,h7677,1.0153212973272736,scr2081,stInflow,reservoir
ES,h7678,1.0153212973272736,scr2081,stInflow,reservoir
ES,h7679,1.0153212973272736,scr2081,stInflow,reservoir
ES,h7680,1.0153212973272736,scr2081,stInflow,reservoir
ES,h7681,1.0341471667953352,scr2081,stInflow,reservoir
ES,h7682,1.0529730705364722,scr2081,stInflow,reservoir
ES,h7683,1.0717990079379167,scr2081,stInflow,reservoir
ES,h7684,1.0717990079379167,scr2081,stInflow,reservoir
ES,h7685,1.0717990079379167,scr2081,stInflow,reservoir
ES,h7686,1.0717990079379167,scr2081,stInflow,reservoir
ES,h7687,1.0717990079379167,scr2081,stInflow,reservoir
ES,h7688,1.0717990079379167,scr2081,stInflow,reservoir
ES,h7689,1.0717990079379167,scr2081,stInflow,reservoir
ES,h7690,1.0717990079379167,scr2081,stInflow,reservoir
ES,h7691,1.0717990079379167,scr2081,stInflow,reservoir
ES,h7692,1.0717990079379167,scr2081,stInflow,reservoir
ES,h7693,1.0717990079379167,scr2081,stInflow,reservoir
ES,h7694,1.0717990079379167,scr2081,stInflow,reservoir
ES,h7695,1.0717990079379167,scr2081,stInflow,reservoir
ES,h7696,1.0717990079379167,scr2081,stInflow,reservoir
ES,h7697,1.0717990079379167,scr2081,stInflow,reservoir
ES,h7698,1.0717990079379167,scr2081,stInflow,reservoir
ES,h7699,1.0717990079379167,scr2081,stInflow,reservoir
ES,h7700,1.0717990079379167,scr2081,stInflow,reservoir
ES,h7701,1.0717990079379167,scr2081,stInflow,reservoir
ES,h7702,1.0717990079379167,scr2081,stInflow,reservoir
ES,h7703,1.0717990079379167,scr2081,stInflow,reservoir
ES,h7704,1.0717990079379167,scr2081,stInflow,reservoir
ES,h7705,1.0717990079379167,scr2081,stInflow,reservoir
ES,h7706,1.0717990079379167,scr2081,stInflow,reservoir
ES,h7707,1.0717990079379167,scr2081,stInflow,reservoir
ES,h7708,1.0717990079379167,scr2081,stInflow,reservoir
ES,h7709,1.0717990079379167,scr2081,stInflow,reservoir
ES,h7710,1.0717990079379167,scr2081,stInflow,reservoir
ES,h7711,1.0717990079379167,scr2081,stInflow,reservoir
ES,h7712,1.0717990079379167,scr2081,stInflow,reservoir
ES,h7713,1.0717990079379167,scr2081,stInflow,reservoir
ES,h7714,1.0717990079379167,scr2081,stInflow,reservoir
ES,h7715,1.0717990079379167,scr2081,stInflow,reservoir
ES,h7716,1.0717990079379167,scr2081,stInflow,reservoir
ES,h7717,1.0717990079379167,scr2081,stInflow,reservoir
ES,h7718,1.0717990079379167,scr2081,stInflow,reservoir
ES,h7719,1.0717990079379167,scr2081,stInflow,reservoir
ES,h7720,1.0717990079379167,scr2081,stInflow,reservoir
ES,h7721,1.0717990079379167,scr2081,stInflow,reservoir
ES,h7722,1.0717990079379167,scr2081,stInflow,reservoir
ES,h7723,1.0717990079379167,scr2081,stInflow,reservoir
ES,h7724,1.0717990079379167,scr2081,stInflow,reservoir
ES,h7725,1.0717990079379167,scr2081,stInflow,reservoir
ES,h7726,1.0717990079379167,scr2081,stInflow,reservoir
ES,h7727,1.0717990079379167,scr2081,stInflow,reservoir
ES,h7728,1.0717990079379167,scr2081,stInflow,reservoir
ES,h7729,1.0717990079379167,scr2081,stInflow,reservoir
ES,h7730,1.0717990079379167,scr2081,stInflow,reservoir
ES,h7731,1.0717990079379167,scr2081,stInflow,reservoir
ES,h7732,1.0717990079379167,scr2081,stInflow,reservoir
ES,h7733,1.0717990079379167,scr2081,stInflow,reservoir
ES,h7734,1.0717990079379167,scr2081,stInflow,reservoir
ES,h7735,1.0717990079379167,scr2081,stInflow,reservoir
ES,h7736,1.0717990079379167,scr2081,stInflow,reservoir
ES,h7737,1.0717990079379167,scr2081,stInflow,reservoir
ES,h7738,1.0717990079379167,scr2081,stInflow,reservoir
ES,h7739,1.0717990079379167,scr2081,stInflow,reservoir
ES,h7740,1.0717990079379167,scr2081,stInflow,reservoir
ES,h7741,1.0717990079379167,scr2081,stInflow,reservoir
ES,h7742,1.0717990079379167,scr2081,stInflow,reservoir
ES,h7743,1.0717990079379167,scr2081,stInflow,reservoir
ES,h7744,1.0717990079379167,scr2081,stInflow,reservoir
ES,h7745,1.0717990079379167,scr2081,stInflow,reservoir
ES,h7746,1.0717990079379167,scr2081,stInflow,reservoir
ES,h7747,1.0717990079379167,scr2081,stInflow,reservoir
ES,h7748,1.0717990079379167,scr2081,stInflow,reservoir
ES,h7749,1.0717990079379167,scr2081,stInflow,reservoir
ES,h7750,1.0717990079379167,scr2081,stInflow,reservoir
ES,h7751,1.0717990079379167,scr2081,stInflow,reservoir
ES,h7752,1.0717990079379167,scr2081,stInflow,reservoir
ES,h7753,1.0717990079379167,scr2081,stInflow,reservoir
ES,h7754,1.0717990079379167,scr2081,stInflow,reservoir
ES,h7755,1.0717990079379167,scr2081,stInflow,reservoir
ES,h7756,1.0717990079379167,scr2081,stInflow,reservoir
ES,h7757,1.0717990079379167,scr2081,stInflow,reservoir
ES,h7758,1.0717990079379167,scr2081,stInflow,reservoir
ES,h7759,1.0717990079379167,scr2081,stInflow,reservoir
ES,h7760,1.0717990079379167,scr2081,stInflow,reservoir
ES,h7761,1.0717990079379167,scr2081,stInflow,reservoir
ES,h7762,1.0717990079379167,scr2081,stInflow,reservoir
ES,h7763,1.0717990079379167,scr2081,stInflow,reservoir
ES,h7764,1.0717990079379167,scr2081,stInflow,reservoir
ES,h7765,1.0717990079379167,scr2081,stInflow,reservoir
ES,h7766,1.0717990079379167,scr2081,stInflow,reservoir
ES,h7767,1.0717990079379167,scr2081,stInflow,reservoir
ES,h7768,1.0717990079379167,scr2081,stInflow,reservoir
ES,h7769,1.0717990079379167,scr2081,stInflow,reservoir
ES,h7770,1.0717990079379167,scr2081,stInflow,reservoir
ES,h7771,1.0717990079379167,scr2081,stInflow,reservoir
ES,h7772,1.0717990079379167,scr2081,stInflow,reservoir
ES,h7773,1.0717990079379167,scr2081,stInflow,reservoir
ES,h7774,1.0717990079379167,scr2081,stInflow,reservoir
ES,h7775,1.0717990079379167,scr2081,stInflow,reservoir
ES,h7776,1.0717990079379167,scr2081,stInflow,reservoir
ES,h7777,1.0717990079379167,scr2081,stInflow,reservoir
ES,h7778,1.0717990079379167,scr2081,stInflow,reservoir
ES,h7779,1.0717990079379167,scr2081,stInflow,reservoir
ES,h7780,1.0717990079379167,scr2081,stInflow,reservoir
ES,h7781,1.0717990079379167,scr2081,stInflow,reservoir
ES,h7782,1.0717990079379167,scr2081,stInflow,reservoir
ES,h7783,1.0717990079379167,scr2081,stInflow,reservoir
ES,h7784,1.0717990079379167,scr2081,stInflow,reservoir
ES,h7785,1.0717990079379167,scr2081,stInflow,reservoir
ES,h7786,1.0717990079379167,scr2081,stInflow,reservoir
ES,h7787,1.0717990079379167,scr2081,stInflow,reservoir
ES,h7788,1.0717990079379167,scr2081,stInflow,reservoir
ES,h7789,1.0717990079379167,scr2081,stInflow,reservoir
ES,h7790,1.0717990079379167,scr2081,stInflow,reservoir
ES,h7791,1.0717990079379167,scr2081,stInflow,reservoir
ES,h7792,1.0717990079379167,scr2081,stInflow,reservoir
ES,h7793,1.0717990079379167,scr2081,stInflow,reservoir
ES,h7794,1.0717990079379167,scr2081,stInflow,reservoir
ES,h7795,1.0717990079379167,scr2081,stInflow,reservoir
ES,h7796,1.0717990079379167,scr2081,stInflow,reservoir
ES,h7797,1.0717990079379167,scr2081,stInflow,reservoir
ES,h7798,1.0717990079379167,scr2081,stInflow,reservoir
ES,h7799,1.0717990079379167,scr2081,stInflow,reservoir
ES,h7800,1.0717990079379167,scr2081,stInflow,reservoir
ES,h7801,1.0717990079379167,scr2081,stInflow,reservoir
ES,h7802,1.0717990079379167,scr2081,stInflow,reservoir
ES,h7803,1.0717990079379167,scr2081,stInflow,reservoir
ES,h7804,1.0717990079379167,scr2081,stInflow,reservoir
ES,h7805,1.0717990079379167,scr2081,stInflow,reservoir
ES,h7806,1.0717990079379167,scr2081,stInflow,reservoir
ES,h7807,1.0717990079379167,scr2081,stInflow,reservoir
ES,h7808,1.0717990079379167,scr2081,stInflow,reservoir
ES,h7809,1.0717990079379167,scr2081,stInflow,reservoir
ES,h7810,1.0717990079379167,scr2081,stInflow,reservoir
ES,h7811,1.0717990079379167,scr2081,stInflow,reservoir
ES,h7812,1.0717990079379167,scr2081,stInflow,reservoir
ES,h7813,1.0717990079379167,scr2081,stInflow,reservoir
ES,h7814,1.0717990079379167,scr2081,stInflow,reservoir
ES,h7815,1.0717990079379167,scr2081,stInflow,reservoir
ES,h7816,1.0717990079379167,scr2081,stInflow,reservoir
ES,h7817,1.0717990079379167,scr2081,stInflow,reservoir
ES,h7818,1.0717990079379167,scr2081,stInflow,reservoir
ES,h7819,1.0717990079379167,scr2081,stInflow,reservoir
ES,h7820,1.0717990079379167,scr2081,stInflow,reservoir
ES,h7821,1.0717990079379167,scr2081,stInflow,reservoir
ES,h7822,1.0717990079379167,scr2081,stInflow,reservoir
ES,h7823,1.0717990079379167,scr2081,stInflow,reservoir
ES,h7824,1.0717990079379167,scr2081,stInflow,reservoir
ES,h7825,1.0717990079379167,scr2081,stInflow,reservoir
ES,h7826,1.0717990079379167,scr2081,stInflow,reservoir
ES,h7827,1.0717990079379167,scr2081,stInflow,reservoir
ES,h7828,1.0717990079379167,scr2081,stInflow,reservoir
ES,h7829,1.0717990079379167,scr2081,stInflow,reservoir
ES,h7830,1.0717990079379167,scr2081,stInflow,reservoir
ES,h7831,1.0717990079379167,scr2081,stInflow,reservoir
ES,h7832,1.0717990079379167,scr2081,stInflow,reservoir
ES,h7833,1.0717990079379167,scr2081,stInflow,reservoir
ES,h7834,1.0717990079379167,scr2081,stInflow,reservoir
ES,h7835,1.0717990079379167,scr2081,stInflow,reservoir
ES,h7836,1.0717990079379167,scr2081,stInflow,reservoir
ES,h7837,1.0717990079379167,scr2081,stInflow,reservoir
ES,h7838,1.0717990079379167,scr2081,stInflow,reservoir
ES,h7839,1.0717990079379167,scr2081,stInflow,reservoir
ES,h7840,1.0717990079379167,scr2081,stInflow,reservoir
ES,h7841,1.0717990079379167,scr2081,stInflow,reservoir
ES,h7842,1.0717990079379167,scr2081,stInflow,reservoir
ES,h7843,1.0717990079379167,scr2081,stInflow,reservoir
ES,h7844,1.0717990079379167,scr2081,stInflow,reservoir
ES,h7845,1.0717990079379167,scr2081,stInflow,reservoir
ES,h7846,1.0717990079379167,scr2081,stInflow,reservoir
ES,h7847,1.0717990079379167,scr2081,stInflow,reservoir
ES,h7848,1.0717990079379167,scr2081,stInflow,reservoir
ES,h7849,1.3237986973548508,scr2081,stInflow,reservoir
ES,h7850,1.5758032132569788,scr2081,stInflow,reservoir
ES,h7851,1.827811776533927,scr2081,stInflow,reservoir
ES,h7852,1.827811776533927,scr2081,stInflow,reservoir
ES,h7853,1.827811776533927,scr2081,stInflow,reservoir
ES,h7854,1.827811776533927,scr2081,stInflow,reservoir
ES,h7855,1.827811776533927,scr2081,stInflow,reservoir
ES,h7856,1.827811776533927,scr2081,stInflow,reservoir
ES,h7857,1.827811776533927,scr2081,stInflow,reservoir
ES,h7858,1.827811776533927,scr2081,stInflow,reservoir
ES,h7859,1.827811776533927,scr2081,stInflow,reservoir
ES,h7860,1.827811776533927,scr2081,stInflow,reservoir
ES,h7861,1.827811776533927,scr2081,stInflow,reservoir
ES,h7862,1.827811776533927,scr2081,stInflow,reservoir
ES,h7863,1.827811776533927,scr2081,stInflow,reservoir
ES,h7864,1.827811776533927,scr2081,stInflow,reservoir
ES,h7865,1.827811776533927,scr2081,stInflow,reservoir
ES,h7866,1.827811776533927,scr2081,stInflow,reservoir
ES,h7867,1.827811776533927,scr2081,stInflow,reservoir
ES,h7868,1.827811776533927,scr2081,stInflow,reservoir
ES,h7869,1.827811776533927,scr2081,stInflow,reservoir
ES,h7870,1.827811776533927,scr2081,stInflow,reservoir
ES,h7871,1.827811776533927,scr2081,stInflow,reservoir
ES,h7872,1.827811776533927,scr2081,stInflow,reservoir
ES,h7873,1.827811776533927,scr2081,stInflow,reservoir
ES,h7874,1.827811776533927,scr2081,stInflow,reservoir
ES,h7875,1.827811776533927,scr2081,stInflow,reservoir
ES,h7876,1.827811776533927,scr2081,stInflow,reservoir
ES,h7877,1.827811776533927,scr2081,stInflow,reservoir
ES,h7878,1.827811776533927,scr2081,stInflow,reservoir
ES,h7879,1.827811776533927,scr2081,stInflow,reservoir
ES,h7880,1.827811776533927,scr2081,stInflow,reservoir
ES,h7881,1.827811776533927,scr2081,stInflow,reservoir
ES,h7882,1.827811776533927,scr2081,stInflow,reservoir
ES,h7883,1.827811776533927,scr2081,stInflow,reservoir
ES,h7884,1.827811776533927,scr2081,stInflow,reservoir
ES,h7885,1.827811776533927,scr2081,stInflow,reservoir
ES,h7886,1.827811776533927,scr2081,stInflow,reservoir
ES,h7887,1.827811776533927,scr2081,stInflow,reservoir
ES,h7888,1.827811776533927,scr2081,stInflow,reservoir
ES,h7889,1.827811776533927,scr2081,stInflow,reservoir
ES,h7890,1.827811776533927,scr2081,stInflow,reservoir
ES,h7891,1.827811776533927,scr2081,stInflow,reservoir
ES,h7892,1.827811776533927,scr2081,stInflow,reservoir
ES,h7893,1.827811776533927,scr2081,stInflow,reservoir
ES,h7894,1.827811776533927,scr2081,stInflow,reservoir
ES,h7895,1.827811776533927,scr2081,stInflow,reservoir
ES,h7896,1.827811776533927,scr2081,stInflow,reservoir
ES,h7897,1.827811776533927,scr2081,stInflow,reservoir
ES,h7898,1.827811776533927,scr2081,stInflow,reservoir
ES,h7899,1.827811776533927,scr2081,stInflow,reservoir
ES,h7900,1.827811776533927,scr2081,stInflow,reservoir
ES,h7901,1.827811776533927,scr2081,stInflow,reservoir
ES,h7902,1.827811776533927,scr2081,stInflow,reservoir
ES,h7903,1.827811776533927,scr2081,stInflow,reservoir
ES,h7904,1.827811776533927,scr2081,stInflow,reservoir
ES,h7905,1.827811776533927,scr2081,stInflow,reservoir
ES,h7906,1.827811776533927,scr2081,stInflow,reservoir
ES,h7907,1.827811776533927,scr2081,stInflow,reservoir
ES,h7908,1.827811776533927,scr2081,stInflow,reservoir
ES,h7909,1.827811776533927,scr2081,stInflow,reservoir
ES,h7910,1.827811776533927,scr2081,stInflow,reservoir
ES,h7911,1.827811776533927,scr2081,stInflow,reservoir
ES,h7912,1.827811776533927,scr2081,stInflow,reservoir
ES,h7913,1.827811776533927,scr2081,stInflow,reservoir
ES,h7914,1.827811776533927,scr2081,stInflow,reservoir
ES,h7915,1.827811776533927,scr2081,stInflow,reservoir
ES,h7916,1.827811776533927,scr2081,stInflow,reservoir
ES,h7917,1.827811776533927,scr2081,stInflow,reservoir
ES,h7918,1.827811776533927,scr2081,stInflow,reservoir
ES,h7919,1.827811776533927,scr2081,stInflow,reservoir
ES,h7920,1.827811776533927,scr2081,stInflow,reservoir
ES,h7921,1.827811776533927,scr2081,stInflow,reservoir
ES,h7922,1.827811776533927,scr2081,stInflow,reservoir
ES,h7923,1.827811776533927,scr2081,stInflow,reservoir
ES,h7924,1.827811776533927,scr2081,stInflow,reservoir
ES,h7925,1.827811776533927,scr2081,stInflow,reservoir
ES,h7926,1.827811776533927,scr2081,stInflow,reservoir
ES,h7927,1.827811776533927,scr2081,stInflow,reservoir
ES,h7928,1.827811776533927,scr2081,stInflow,reservoir
ES,h7929,1.827811776533927,scr2081,stInflow,reservoir
ES,h7930,1.827811776533927,scr2081,stInflow,reservoir
ES,h7931,1.827811776533927,scr2081,stInflow,reservoir
ES,h7932,1.827811776533927,scr2081,stInflow,reservoir
ES,h7933,1.827811776533927,scr2081,stInflow,reservoir
ES,h7934,1.827811776533927,scr2081,stInflow,reservoir
ES,h7935,1.827811776533927,scr2081,stInflow,reservoir
ES,h7936,1.827811776533927,scr2081,stInflow,reservoir
ES,h7937,1.827811776533927,scr2081,stInflow,reservoir
ES,h7938,1.827811776533927,scr2081,stInflow,reservoir
ES,h7939,1.827811776533927,scr2081,stInflow,reservoir
ES,h7940,1.827811776533927,scr2081,stInflow,reservoir
ES,h7941,1.827811776533927,scr2081,stInflow,reservoir
ES,h7942,1.827811776533927,scr2081,stInflow,reservoir
ES,h7943,1.827811776533927,scr2081,stInflow,reservoir
ES,h7944,1.827811776533927,scr2081,stInflow,reservoir
ES,h7945,1.827811776533927,scr2081,stInflow,reservoir
ES,h7946,1.827811776533927,scr2081,stInflow,reservoir
ES,h7947,1.827811776533927,scr2081,stInflow,reservoir
ES,h7948,1.827811776533927,scr2081,stInflow,reservoir
ES,h7949,1.827811776533927,scr2081,stInflow,reservoir
ES,h7950,1.827811776533927,scr2081,stInflow,reservoir
ES,h7951,1.827811776533927,scr2081,stInflow,reservoir
ES,h7952,1.827811776533927,scr2081,stInflow,reservoir
ES,h7953,1.827811776533927,scr2081,stInflow,reservoir
ES,h7954,1.827811776533927,scr2081,stInflow,reservoir
ES,h7955,1.827811776533927,scr2081,stInflow,reservoir
ES,h7956,1.827811776533927,scr2081,stInflow,reservoir
ES,h7957,1.827811776533927,scr2081,stInflow,reservoir
ES,h7958,1.827811776533927,scr2081,stInflow,reservoir
ES,h7959,1.827811776533927,scr2081,stInflow,reservoir
ES,h7960,1.827811776533927,scr2081,stInflow,reservoir
ES,h7961,1.827811776533927,scr2081,stInflow,reservoir
ES,h7962,1.827811776533927,scr2081,stInflow,reservoir
ES,h7963,1.827811776533927,scr2081,stInflow,reservoir
ES,h7964,1.827811776533927,scr2081,stInflow,reservoir
ES,h7965,1.827811776533927,scr2081,stInflow,reservoir
ES,h7966,1.827811776533927,scr2081,stInflow,reservoir
ES,h7967,1.827811776533927,scr2081,stInflow,reservoir
ES,h7968,1.827811776533927,scr2081,stInflow,reservoir
ES,h7969,1.827811776533927,scr2081,stInflow,reservoir
ES,h7970,1.827811776533927,scr2081,stInflow,reservoir
ES,h7971,1.827811776533927,scr2081,stInflow,reservoir
ES,h7972,1.827811776533927,scr2081,stInflow,reservoir
ES,h7973,1.827811776533927,scr2081,stInflow,reservoir
ES,h7974,1.827811776533927,scr2081,stInflow,reservoir
ES,h7975,1.827811776533927,scr2081,stInflow,reservoir
ES,h7976,1.827811776533927,scr2081,stInflow,reservoir
ES,h7977,1.827811776533927,scr2081,stInflow,reservoir
ES,h7978,1.827811776533927,scr2081,stInflow,reservoir
ES,h7979,1.827811776533927,scr2081,stInflow,reservoir
ES,h7980,1.827811776533927,scr2081,stInflow,reservoir
ES,h7981,1.827811776533927,scr2081,stInflow,reservoir
ES,h7982,1.827811776533927,scr2081,stInflow,reservoir
ES,h7983,1.827811776533927,scr2081,stInflow,reservoir
ES,h7984,1.827811776533927,scr2081,stInflow,reservoir
ES,h7985,1.827811776533927,scr2081,stInflow,reservoir
ES,h7986,1.827811776533927,scr2081,stInflow,reservoir
ES,h7987,1.827811776533927,scr2081,stInflow,reservoir
ES,h7988,1.827811776533927,scr2081,stInflow,reservoir
ES,h7989,1.827811776533927,scr2081,stInflow,reservoir
ES,h7990,1.827811776533927,scr2081,stInflow,reservoir
ES,h7991,1.827811776533927,scr2081,stInflow,reservoir
ES,h7992,1.827811776533927,scr2081,stInflow,reservoir
ES,h7993,1.827811776533927,scr2081,stInflow,reservoir
ES,h7994,1.827811776533927,scr2081,stInflow,reservoir
ES,h7995,1.827811776533927,scr2081,stInflow,reservoir
ES,h7996,1.827811776533927,scr2081,stInflow,reservoir
ES,h7997,1.827811776533927,scr2081,stInflow,reservoir
ES,h7998,1.827811776533927,scr2081,stInflow,reservoir
ES,h7999,1.827811776533927,scr2081,stInflow,reservoir
ES,h8000,1.827811776533927,scr2081,stInflow,reservoir
ES,h8001,1.827811776533927,scr2081,stInflow,reservoir
ES,h8002,1.827811776533927,scr2081,stInflow,reservoir
ES,h8003,1.827811776533927,scr2081,stInflow,reservoir
ES,h8004,1.827811776533927,scr2081,stInflow,reservoir
ES,h8005,1.827811776533927,scr2081,stInflow,reservoir
ES,h8006,1.827811776533927,scr2081,stInflow,reservoir
ES,h8007,1.827811776533927,scr2081,stInflow,reservoir
ES,h8008,1.827811776533927,scr2081,stInflow,reservoir
ES,h8009,1.827811776533927,scr2081,stInflow,reservoir
ES,h8010,1.827811776533927,scr2081,stInflow,reservoir
ES,h8011,1.827811776533927,scr2081,stInflow,reservoir
ES,h8012,1.827811776533927,scr2081,stInflow,reservoir
ES,h8013,1.827811776533927,scr2081,stInflow,reservoir
ES,h8014,1.827811776533927,scr2081,stInflow,reservoir
ES,h8015,1.827811776533927,scr2081,stInflow,reservoir
ES,h8016,1.827811776533927,scr2081,stInflow,reservoir
ES,h8017,2.0672801338211504,scr2081,stInflow,reservoir
ES,h8018,2.3067512711795897,scr2081,stInflow,reservoir
ES,h8019,2.5462248989380196,scr2081,stInflow,reservoir
ES,h8020,2.5462248989380196,scr2081,stInflow,reservoir
ES,h8021,2.5462248989380196,scr2081,stInflow,reservoir
ES,h8022,2.5462248989380196,scr2081,stInflow,reservoir
ES,h8023,2.5462248989380196,scr2081,stInflow,reservoir
ES,h8024,2.5462248989380196,scr2081,stInflow,reservoir
ES,h8025,2.5462248989380196,scr2081,stInflow,reservoir
ES,h8026,2.5462248989380196,scr2081,stInflow,reservoir
ES,h8027,2.5462248989380196,scr2081,stInflow,reservoir
ES,h8028,2.5462248989380196,scr2081,stInflow,reservoir
ES,h8029,2.5462248989380196,scr2081,stInflow,reservoir
ES,h8030,2.5462248989380196,scr2081,stInflow,reservoir
ES,h8031,2.5462248989380196,scr2081,stInflow,reservoir
ES,h8032,2.5462248989380196,scr2081,stInflow,reservoir
ES,h8033,2.5462248989380196,scr2081,stInflow,reservoir
ES,h8034,2.5462248989380196,scr2081,stInflow,reservoir
ES,h8035,2.5462248989380196,scr2081,stInflow,reservoir
ES,h8036,2.5462248989380196,scr2081,stInflow,reservoir
ES,h8037,2.5462248989380196,scr2081,stInflow,reservoir
ES,h8038,2.5462248989380196,scr2081,stInflow,reservoir
ES,h8039,2.5462248989380196,scr2081,stInflow,reservoir
ES,h8040,2.5462248989380196,scr2081,stInflow,reservoir
FR,h7297,1.4972146328977185,scr2081,stInflow,reservoir
FR,h7298,1.4972146328977185,scr2081,stInflow,reservoir
FR,h7299,1.4972146328977185,scr2081,stInflow,reservoir
FR,h7300,1.4972146328977185,scr2081,stInflow,reservoir
FR,h7301,1.4972146328977185,scr2081,stInflow,reservoir
FR,h7302,1.4972146328977185,scr2081,stInflow,reservoir
FR,h7303,1.4972146328977185,scr2081,stInflow,reservoir
FR,h7304,1.4972146328977185,scr2081,stInflow,reservoir
FR,h7305,1.4972146328977185,scr2081,stInflow,reservoir
FR,h7306,1.4972146328977185,scr2081,stInflow,reservoir
FR,h7307,1.4972146328977185,scr2081,stInflow,reservoir
FR,h7308,1.4972146328977185,scr2081,stInflow,reservoir
FR,h7309,1.4972146328977185,scr2081,stInflow,reservoir
FR,h7310,1.4972146328977185,scr2081,stInflow,reservoir
FR,h7311,1.4972146328977185,scr2081,stInflow,reservoir
FR,h7312,1.4972146328977185,scr2081,stInflow,reservoir
FR,h7313,1.4972146328977185,scr2081,stInflow,reservoir
FR,h7314,1.4972146328977185,scr2081,stInflow,reservoir
FR,h7315,1.4972146328977185,scr2081,stInflow,reservoir
FR,h7316,1.4972146328977185,scr2081,stInflow,reservoir
FR,h7317,1.4972146328977185,scr2081,stInflow,reservoir
FR,h7318,1.4972146328977185,scr2081,stInflow,reservoir
FR,h7319,1.4972146328977185,scr2081,stInflow,reservoir
FR,h7320,1.4972146328977185,scr2081,stInflow,reservoir
FR,h7321,1.4972146328977185,scr2081,stInflow,reservoir
FR,h7322,1.4972146328977185,scr2081,stInflow,reservoir
FR,h7323,1.4972146328977185,scr2081,stInflow,reservoir
FR,h7324,1.4972146328977185,scr2081,stInflow,reservoir
FR,h7325,1.4972146328977185,scr2081,stInflow,reservoir
FR,h7326,1.4972146328977185,scr2081,stInflow,reservoir
FR,h7327,1.4972146328977185,scr2081,stInflow,reservoir
FR,h7328,1.4972146328977185,scr2081,stInflow,reservoir
FR,h7329,1.4972146328977185,scr2081,stInflow,reservoir
FR,h7330,1.4972146328977185,scr2081,stInflow,reservoir
FR,h7331,1.4972146328977185,scr2081,stInflow,reservoir
FR,h7332,1.4972146328977185,scr2081,stInflow,reservoir
FR,h7333,1.4972146328977185,scr2081,stInflow,reservoir
FR,h7334,1.4972146328977185,scr2081,stInflow,reservoir
FR,h7335,1.4972146328977185,scr2081,stInflow,reservoir
FR,h7336,1.4972146328977185,scr2081,stInflow,reservoir
FR,h7337,1.4972146328977185,scr2081,stInflow,reservoir
FR,h7338,1.4972146328977185,scr2081,stInflow,reservoir
FR,h7339,1.4972146328977185,scr2081,stInflow,reservoir
FR,h7340,1.4972146328977185,scr2081,stInflow,reservoir
FR,h7341,1.4972146328977185,scr2081,stInflow,reservoir
FR,h7342,1.4972146328977185,scr2081,stInflow,reservoir
FR,h7343,1.4972146328977185,scr2081,stInflow,reservoir
FR,h7344,1.4972146328977185,scr2081,stInflow,reservoir
FR,h7345,1.4389464333402255,scr2081,stInflow,reservoir
FR,h7346,1.3806784697945982,scr2081,stInflow,reservoir
FR,h7347,1.3224107522258683,scr2081,stInflow,reservoir
FR,h7348,1.3224107522258683,scr2081,stInflow,reservoir
FR,h7349,1.3224107522258683,scr2081,stInflow,reservoir
FR,h7350,1.3224107522258683,scr2081,stInflow,reservoir
FR,h7351,1.3224107522258683,scr2081,stInflow,reservoir
FR,h7352,1.3224107522258683,scr2081,stInflow,reservoir
FR,h7353,1.3224107522258683,scr2081,stInflow,reservoir
FR,h7354,1.3224107522258683,scr2081,stInflow,reservoir
FR,h7355,1.3224107522258683,scr2081,stInflow,reservoir
FR,h7356,1.3224107522258683,scr2081,stInflow,reservoir
FR,h7357,1.3224107522258683,scr2081,stInflow,reservoir
FR,h7358,1.3224107522258683,scr2081,stInflow,reservoir
FR,h7359,1.3224107522258683,scr2081,stInflow,reservoir
FR,h7360,1.3224107522258683,scr2081,stInflow,reservoir
FR,h7361,1.3224107522258683,scr2081,stInflow,reservoir
FR,h7362,1.3224107522258683,scr2081,stInflow,reservoir
FR,h7363,1.3224107522258683,scr2081,stInflow,reservoir
FR,h7364,1.3224107522258683,scr2081,stInflow,reservoir
FR,h7365,1.3224107522258683,scr2081,stInflow,reservoir
FR,h7366,1.3224107522258683,scr2081,stInflow,reservoir
FR,h7367,1.3224107522258683,scr2081,stInflow,reservoir
FR,h7368,1.3224107522258683,scr2081,stInflow,reservoir
FR,h7369,1.3224107522258683,scr2081,stInflow,reservoir
FR,h7370,1.3224107522258683,scr2081,stInflow,reservoir
FR,h7371,1.3224107522258683,scr2081,stInflow,reservoir
FR,h7372,1.3224107522258683,scr2081,stInflow,reservoir
FR,h7373,1.3224107522258683,scr2081,stInflow,reservoir
FR,h7374,1.3224107522258683,scr2081,stInflow,reservoir
FR,h7375,1.3224107522258683,scr2081,stInflow,reservoir
FR,h7376,1.3224107522258683,scr2081,stInflow,reservoir
FR,h7377,1.3224107522258683,scr2081,stInflow,reservoir
FR,h7378,1.3224107522258683,scr2081,stInflow,reservoir
FR,h7379,1.3224107522258683,scr2081,stInflow,reservoir
FR,h7380,1.3224107522258683,scr2081,stInflow,reservoir
FR,h7381,1.3224107522258683,scr2081,stInflow,reservoir
FR,h7382,1.3224107522258683,scr2081,stInflow,reservoir
FR,h7383,1.3224107522258683,scr2081,stInflow,reservoir
FR,h7384,1.3224107522258683,scr2081,stInflow,reservoir
FR,h7385,1.3224107522258683,scr2081,stInflow,reservoir
FR,h7386,1.3224107522258683,scr2081,stInflow,reservoir
FR,h7387,1.3224107522258683,scr2081,stInflow,reservoir
FR,h7388,1.3224107522258683,scr2081,stInflow,reservoir
FR,h7389,1.3224107522258683,scr2081,stInflow,reservoir
FR,h7390,1.3224107522258683,scr2081,stInflow,reservoir
FR,h7391,1.3224107522258683,scr2081,stInflow,reservoir
FR,h7392,1.3224107522258683,scr2081,stInflow,reservoir
FR,h7393,1.3224107522258683,scr2081,stInflow,reservoir
FR,h7394,1.3224107522258683,scr2081,stInflow,reservoir
FR,h7395,1.3224107522258683,scr2081,stInflow,reservoir
FR,h7396,1.3224107522258683,scr2081,stInflow,reservoir
FR,h7397,1.3224107522258683,scr2081,stInflow,reservoir
FR,h7398,1.3224107522258683,scr2081,stInflow,reservoir
FR,h7399,1.3224107522258683,scr2081,stInflow,reservoir
FR,h7400,1.3224107522258683,scr2081,stInflow,reservoir
FR,h7401,1.3224107522258683,scr2081,stInflow,reservoir
FR,h7402,1.3224107522258683,scr2081,stInflow,reservoir
FR,h7403,1.3224107522258683,scr2081,stInflow,reservoir
FR,h7404,1.3224107522258683,scr2081,stInflow,reservoir
FR,h7405,1.3224107522258683,scr2081,stInflow,reservoir
FR,h7406,1.3224107522258683,scr2081,stInflow,reservoir
FR,h7407,1.3224107522258683,scr2081,stInflow,reservoir
FR,h7408,1.3224107522258683,scr2081,stInflow,reservoir
FR,h7409,1.3224107522258683,scr2081,stInflow,reservoir
FR,h7410,1.3224107522258683,scr2081,stInflow,reservoir
FR,h7411,1.3224107522258683,scr2081,stInflow,reservoir
FR,h7412,1.3224107522258683,scr2081,stInflow,reservoir
FR,h7413,1.3224107522258683,scr2081,stInflow,reservoir
FR,h7414,1.3224107522258683,scr2081,stInflow,reservoir
FR,h7415,1.3224107522258683,scr2081,stInflow,reservoir
FR,h7416,1.3224107522258683,scr2081,stInflow,reservoir
FR,h7417,1.3224107522258683,scr2081,stInflow,reservoir
FR,h7418,1.3224107522258683,scr2081,stInflow,reservoir
FR,h7419,1.3224107522258683,scr2081,stInflow,reservoir
FR,h7420,1.3224107522258683,scr2081,stInflow,reservoir
FR,h7421,1.3224107522258683,scr2081,stInflow,reservoir
FR,h7422,1.3224107522258683,scr2081,stInflow,reservoir
FR,h7423,1.3224107522258683,scr2081,stInflow,reservoir
FR,h7424,1.3224107522258683,scr2081,stInflow,reservoir
FR,h7425,1.3224107522258683,scr2081,stInflow,reservoir
FR,h7426,1.3224107522258683,scr2081,stInflow,reservoir
FR,h7427,1.3224107522258683,scr2081,stInflow,reservoir
FR,h7428,1.3224107522258683,scr2081,stInflow,reservoir
FR,h7429,1.3224107522258683,scr2081,stInflow,reservoir
FR,h7430,1.3224107522258683,scr2081,stInflow,reservoir
FR,h7431,1.3224107522258683,scr2081,stInflow,reservoir
FR,h7432,1.3224107522258683,scr2081,stInflow,reservoir
FR,h7433,1.3224107522258683,scr2081,stInflow,reservoir
FR,h7434,1.3224107522258683,scr2081,stInflow,reservoir
FR,h7435,1.3224107522258683,scr2081,stInflow,reservoir
FR,h7436,1.3224107522258683,scr2081,stInflow,reservoir
FR,h7437,1.3224107522258683,scr2081,stInflow,reservoir
FR,h7438,1.3224107522258683,scr2081,stInflow,reservoir
FR,h7439,1.3224107522258683,scr2081,stInflow,reservoir
FR,h7440,1.3224107522258683,scr2081,stInflow,reservoir
FR,h7441,1.3224107522258683,scr2081,stInflow,reservoir
FR,h7442,1.3224107522258683,scr2081,stInflow,reservoir
FR,h7443,1.3224107522258683,scr2081,stInflow,reservoir
FR,h7444,1.3224107522258683,scr2081,stInflow,reservoir
FR,h7445,1.3224107522258683,scr2081,stInflow,reservoir
FR,h7446,1.3224107522258683,scr2081,stInflow,reservoir
FR,h7447,1.3224107522258683,scr2081,stInflow,reservoir
FR,h7448,1.3224107522258683,scr2081,stInflow,reservoir
FR,h7449,1.3224107522258683,scr2081,stInflow,reservoir
FR,h7450,1.3224107522258683,scr2081,stInflow,reservoir
FR,h7451,1.3224107522258683,scr2081,stInflow,reservoir
FR,h7452,1.3224107522258683,scr2081,stInflow,reservoir
FR,h7453,1.3224107522258683,scr2081,stInflow,reservoir
FR,h7454,1.3224107522258683,scr2081,stInflow,reservoir
FR,h7455,1.3224107522258683,scr2081,stInflow,reservoir
FR,h7456,1.3224107522258683,scr2081,stInflow,reservoir
FR,h7457,1.3224107522258683,scr2081,stInflow,reservoir
FR,h7458,1.3224107522258683,scr2081,stInflow,reservoir
FR,h7459,1.3224107522258683,scr2081,stInflow,reservoir
FR,h7460,1.3224107522258683,scr2081,stInflow,reservoir
FR,h7461,1.3224107522258683,scr2081,stInflow,reservoir
FR,h7462,1.3224107522258683,scr2081,stInflow,reservoir
FR,h7463,1.3224107522258683,scr2081,stInflow,reservoir
FR,h7464,1.3224107522258683,scr2081,stInflow,reservoir
FR,h7465,1.3224107522258683,scr2081,stInflow,reservoir
FR,h7466,1.3224107522258683,scr2081,stInflow,reservoir
FR,h7467,1.3224107522258683,scr2081,stInflow,reservoir
FR,h7468,1.3224107522258683,scr2081,stInflow,reservoir
FR,h7469,1.3224107522258683,scr2081,stInflow,reservoir
FR,h7470,1.3224107522258683,scr2081,stInflow,reservoir
FR,h7471,1.3224107522258683,scr2081,stInflow,reservoir
FR,h7472,1.3224107522258683,scr2081,stInflow,reservoir
FR,h7473,1.3224107522258683,scr2081,stInflow,reservoir
FR,h7474,1.3224107522258683,scr2081,stInflow,reservoir
FR,h7475,1.3224107522258683,scr2081,stInflow,reservoir
FR,h7476,1.3224107522258683,scr2081,stInflow,reservoir
FR,h7477,1.3224107522258683,scr2081,stInflow,reservoir
FR,h7478,1.3224107522258683,scr2081,stInflow,reservoir
FR,h7479,1.3224107522258683,scr2081,stInflow,reservoir
FR,h7480,1.3224107522258683,scr2081,stInflow,reservoir
FR,h7481,1.3224107522258683,scr2081,stInflow,reservoir
FR,h7482,1.3224107522258683,scr2081,stInflow,reservoir
FR,h7483,1.3224107522258683,scr2081,stInflow,reservoir
FR,h7484,1.3224107522258683,scr2081,stInflow,reservoir
FR,h7485,1.3224107522258683,scr2081,stInflow,reservoir
FR,h7486,1.3224107522258683,scr2081,stInflow,reservoir
FR,h7487,1.3224107522258683,scr2081,stInflow,reservoir
FR,h7488,1.3224107522258683,scr2081,stInflow,reservoir
FR,h7489,1.3224107522258683,scr2081,stInflow,reservoir
FR,h7490,1.3224107522258683,scr2081,stInflow,reservoir
FR,h7491,1.3224107522258683,scr2081,stInflow,reservoir
FR,h7492,1.3224107522258683,scr2081,stInflow,reservoir
FR,h7493,1.3224107522258683,scr2081,stInflow,reservoir
FR,h7494,1.3224107522258683,scr2081,stInflow,reservoir
FR,h7495,1.3224107522258683,scr2081,stInflow,reservoir
FR,h7496,1.3224107522258683,scr2081,stInflow,reservoir
FR,h7497,1.3224107522258683,scr2081,stInflow,reservoir
FR,h7498,1.3224107522258683,scr2081,stInflow,reservoir
FR,h7499,1.3224107522258683,scr2081,stInflow,reservoir
FR,h7500,1.3224107522258683,scr2081,stInflow,reservoir
FR,h7501,1.3224107522258683,scr2081,stInflow,reservoir
FR,h7502,1.3224107522258683,scr2081,stInflow,reservoir
FR,h7503,1.3224107522258683,scr2081,stInflow,reservoir
FR,h7504,1.3224107522258683,scr2081,stInflow,reservoir
FR,h7505,1.3224107522258683,scr2081,stInflow,reservoir
FR,h7506,1.3224107522258683,scr2081,stInflow,reservoir
FR,h7507,1.3224107522258683,scr2081,stInflow,reservoir
FR,h7508,1.3224107522258683,scr2081,stInflow,reservoir
FR,h7509,1.3224107522258683,scr2081,stInflow,reservoir
FR,h7510,1.3224107522258683,scr2081,stInflow,reservoir
FR,h7511,1.3224107522258683,scr2081,stInflow,reservoir
FR,h7512,1.3224107522258683,scr2081,stInflow,reservoir
FR,h7513,1.3227816980696911,scr2081,stInflow,reservoir
FR,h7514,1.3231526439239165,scr2081,stInflow,reservoir
FR,h7515,1.3235235897885413,scr2081,stInflow,reservoir
FR,h7516,1.3235235897885413,scr2081,stInflow,reservoir
FR,h7517,1.3235235897885413,scr2081,stInflow,reservoir
FR,h7518,1.3235235897885413,scr2081,stInflow,reservoir
FR,h7519,1.3235235897885413,scr2081,stInflow,reservoir
FR,h7520,1.3235235897885413,scr2081,stInflow,reservoir
FR,h7521,1.3235235897885413,scr2081,stInflow,reservoir
FR,h7522,1.3235235897885413,scr2081,stInflow,reservoir
FR,h7523,1.3235235897885413,scr2081,stInflow,reservoir
FR,h7524,1.3235235897885413,scr2081,stInflow,reservoir
FR,h7525,1.3235235897885413,scr2081,stInflow,reservoir
FR,h7526,1.3235235897885413,scr2081,stInflow,reservoir
FR,h7527,1.3235235897885413,scr2081,stInflow,reservoir
FR,h7528,1.3235235897885413,scr2081,stInflow,reservoir
FR,h7529,1.3235235897885413,scr2081,stInflow,reservoir
FR,h7530,1.3235235897885413,scr2081,stInflow,reservoir
FR,h7531,1.3235235897885413,scr2081,stInflow,reservoir
FR,h7532,1.3235235897885413,scr2081,stInflow,reservoir
FR,h7533,1.3235235897885413,scr2081,stInflow,reservoir
FR,h7534,1.3235235897885413,scr2081,stInflow,reservoir
FR,h7535,1.3235235897885413,scr2081,stInflow,reservoir
FR,h7536,1.3235235897885413,scr2081,stInflow,reservoir
FR,h7537,1.3235235897885413,scr2081,stInflow,reservoir
FR,h7538,1.3235235897885413,scr2081,stInflow,reservoir
FR,h7539,1.3235235897885413,scr2081,stInflow,reservoir
FR,h7540,1.3235235897885413,scr2081,stInflow,reservoir
FR,h7541,1.3235235897885413,scr2081,stInflow,reservoir
FR,h7542,1.3235235897885413,scr2081,stInflow,reservoir
FR,h7543,1.3235235897885413,scr2081,stInflow,reservoir
FR,h7544,1.3235235897885413,scr2081,stInflow,reservoir
FR,h7545,1.3235235897885413,scr2081,stInflow,reservoir
FR,h7546,1.3235235897885413,scr2081,stInflow,reservoir
FR,h7547,1.3235235897885413,scr2081,stInflow,reservoir
FR,h7548,1.3235235897885413,scr2081,stInflow,reservoir
FR,h7549,1.3235235897885413,scr2081,stInflow,reservoir
FR,h7550,1.3235235897885413,scr2081,stInflow,reservoir
FR,h7551,1.3235235897885413,scr2081,stInflow,reservoir
FR,h7552,1.3235235897885413,scr2081,stInflow,reservoir
FR,h7553,1.3235235897885413,scr2081,stInflow,reservoir
FR,h7554,1.3235235897885413,scr2081,stInflow,reservoir
FR,h7555,1.3235235897885413,scr2081,stInflow,reservoir
FR,h7556,1.3235235897885413,scr2081,stInflow,reservoir
FR,h7557,1.3235235897885413,scr2081,stInflow,reservoir
FR,h7558,1.3235235897885413,scr2081,stInflow,reservoir
FR,h7559,1.3235235897885413,scr2081,stInflow,reservoir
FR,h7560,1.3235235897885413,scr2081,stInflow,reservoir
FR,h7561,1.3235235897885413,scr2081,stInflow,reservoir
FR,h7562,1.3235235897885413,scr2081,stInflow,reservoir
FR,h7563,1.3235235897885413,scr2081,stInflow,reservoir
FR,h7564,1.3235235897885413,scr2081,stInflow,reservoir
FR,h7565,1.3235235897885413,scr2081,stInflow,reservoir
FR,h7566,1.3235235897885413,scr2081,stInflow,reservoir
FR,h7567,1.3235235897885413,scr2081,stInflow,reservoir
FR,h7568,1.3235235897885413,scr2081,stInflow,reservoir
FR,h7569,1.3235235897885413,scr2081,stInflow,reservoir
FR,h7570,1.3235235897885413,scr2081,stInflow,reservoir
FR,h7571,1.3235235897885413,scr2081,stInflow,reservoir
FR,h7572,1.3235235897885413,scr2081,stInflow,reservoir
FR,h7573,1.3235235897885413,scr2081,stInflow,reservoir
FR,h7574,1.3235235897885413,scr2081,stInflow,reservoir
FR,h7575,1.3235235897885413,scr2081,stInflow,reservoir
FR,h7576,1.3235235897885413,scr2081,stInflow,reservoir
FR,h7577,1.3235235897885413,scr2081,stInflow,reservoir
FR,h7578,1.3235235897885413,scr2081,stInflow,reservoir
FR,h7579,1.3235235897885413,scr2081,stInflow,reservoir
FR,h7580,1.3235235897885413,scr2081,stInflow,reservoir
FR,h7581,1.3235235897885413,scr2081,stInflow,reservoir
FR,h7582,1.3235235897885413,scr2081,stInflow,reservoir
FR,h7583,1.3235235897885413,scr2081,stInflow,reservoir
FR,h7584,1.3235235897885413,scr2081,stInflow,reservoir
FR,h7585,1.3235235897885413,scr2081,stInflow,reservoir
FR,h7586,1.3235235897885413,scr2081,stInflow,reservoir
FR,h7587,1.3235235897885413,scr2081,stInflow,reservoir
FR,h7588,1.3235235897885413,scr2081,stInflow,reservoir
FR,h7589,1.3235235897885413,scr2081,stInflow,reservoir
FR,h7590,1.3235235897885413,scr2081,stInflow,reservoir
FR,h7591,1.3235235897885413,scr2081,stInflow,reservoir
FR,h7592,1.3235235897885413,scr2081,stInflow,reservoir
FR,h7593,1.3235235897885413,scr2081,stInflow,reservoir
FR,h7594,1.3235235897885413,scr2081,stInflow,reservoir
FR,h7595,1.3235235897885413,scr2081,stInflow,reservoir
FR,h7596,1.3235235897885413,scr2081,stInflow,reservoir
FR,h7597,1.3235235897885413,scr2081,stInflow,reservoir
FR,h7598,1.3235235897885413,scr2081,stInflow,reservoir
FR,h7599,1.3235235897885413,scr2081,stInflow,reservoir
FR,h7600,1.3235235897885413,scr2081,stInflow,reservoir
FR,h7601,1.3235235897885413,scr2081,stInflow,reservoir
FR,h7602,1.3235235897885413,scr2081,stInflow,reservoir
FR,h7603,1.3235235897885413,scr2081,stInflow,reservoir
FR,h7604,1.3235235897885413,scr2081,stInflow,reservoir
FR,h7605,1.3235235897885413,scr2081,stInflow,reservoir
FR,h7606,1.3235235897885413,scr2081,stInflow,reservoir
FR,h7607,1.3235235897885413,scr2081,stInflow,reservoir
FR,h7608,1.3235235897885413,scr2081,stInflow,reservoir
FR,h7609,1.3235235897885413,scr2081,stInflow,reservoir
FR,h7610,1.3235235897885413,scr2081,stInflow,reservoir
FR,h7611,1.3235235897885413,scr2081,stInflow,reservoir
FR,h7612,1.3235235897885413,scr2081,stInflow,reservoir
FR,h7613,1.3235235897885413,scr2081,stInflow,reservoir
FR,h7614,1.3235235897885413,scr2081,stInflow,reservoir
FR,h7615,1.3235235897885413,scr2081,stInflow,reservoir
FR,h7616,1.3235235897885413,scr2081,stInflow,reservoir
FR,h7617,1.3235235897885413,scr2081,stInflow,reservoir
FR,h7618,1.3235235897885413,scr2081,stInflow,reservoir
FR,h7619,1.3235235897885413,scr2081,stInflow,reservoir
FR,h7620,1.3235235897885413,scr2081,stInflow,reservoir
FR,h7621,1.3235235897885413,scr2081,stInflow,reservoir
FR,h7622,1.3235235897885413,scr2081,stInflow,reservoir
FR,h7623,1.3235235897885413,scr2081,stInflow,reservoir
FR,h7624,1.3235235897885413,scr2081,stInflow,reservoir
FR,h7625,1.3235235897885413,scr2081,stInflow,reservoir
FR,h7626,1.3235235897885413,scr2081,stInflow,reservoir
FR,h7627,1.3235235897885413,scr2081,stInflow,reservoir
FR,h7628,1.3235235897885413,scr2081,stInflow,reservoir
FR,h7629,1.3235235897885413,scr2081,stInflow,reservoir
FR,h7630,1.3235235897885413,scr2081,stInflow,reservoir
FR,h7631,1.3235235897885413,scr2081,stInflow,reservoir
FR,h7632,1.3235235897885413,scr2081,stInflow,reservoir
FR,h7633,1.3235235897885413,scr2081,stInflow,reservoir
FR,h7634,1.3235235897885413,scr2081,stInflow,reservoir
FR,h7635,1.3235235897885413,scr2081,stInflow,reservoir
FR,h7636,1.3235235897885413,scr2081,stInflow,reservoir
FR,h7637,1.3235235897885413,scr2081,stInflow,reservoir
FR,h7638,1.3235235897885413,scr2081,stInflow,reservoir
FR,h7639,1.3235235897885413,scr2081,stInflow,reservoir
FR,h7640,1.3235235897885413,scr2081,stInflow,reservoir
FR,h7641,1.3235235897885413,scr2081,stInflow,reservoir
FR,h7642,1.3235235897885413,scr2081,stInflow,reservoir
FR,h7643,1.3235235897885413,scr2081,stInflow,reservoir
FR,h7644,1.3235235897885413,scr2081,stInflow,reservoir
FR,h7645,1.3235235897885413,scr2081,stInflow,reservoir
FR,h7646,1.3235235897885413,scr2081,stInflow,reservoir
FR,h7647,1.3235235897885413,scr2081,stInflow,reservoir
FR,h7648,1.3235235897885413,scr2081,stInflow,reservoir
FR,h7649,1.3235235897885413,scr2081,stInflow,reservoir
FR,h7650,1.3235235897885413,scr2081,stInflow,reservoir
FR,h7651,1.3235235897885413,scr2081,stInflow,reservoir
FR,h7652,1.3235235897885413,scr2081,stInflow,reservoir
FR,h7653,1.3235235897885413,scr2081,stInflow,reservoir
FR,h7654,1.3235235897885413,scr2081,stInflow,reservoir
FR,h7655,1.3235235897885413,scr2081,stInflow,reservoir
FR,h7656,1.3235235897885413,scr2081,stInflow,reservoir
FR,h7657,1.3235235897885413,scr2081,stInflow,reservoir
FR,h7658,1.3235235897885413,scr2081,stInflow,reservoir
FR,h7659,1.3235235897885413,scr2081,stInflow,reservoir
FR,h7660,1.3235235897885413,scr2081,stInflow,reservoir
FR,h7661,1.3235235897885413,scr2081,stInflow,reservoir
FR,h7662,1.3235235897885413,scr2081,stInflow,reservoir
FR,h7663,1.3235235897885413,scr2081,stInflow,reservoir
FR,h7664,1.3235235897885413,scr2081,stInflow,reservoir
FR,h7665,1.3235235897885413,scr2081,stInflow,reservoir
FR,h7666,1.3235235897885413,scr2081,stInflow,reservoir
FR,h7667,1.3235235897885413,scr2081,stInflow,reservoir
FR,h7668,1.3235235897885413,scr2081,stInflow,reservoir
FR,h7669,1.3235235897885413,scr2081,stInflow,reservoir
FR,h7670,1.3235235897885413,scr2081,stInflow,reservoir
FR,h7671,1.3235235897885413,scr2081,stInflow,reservoir
FR,h7672,1.3235235897885413,scr2081,stInflow,reservoir
FR,h7673,1.3235235897885413,scr2081,stInflow,reservoir
FR,h7674,1.3235235897885413,scr2081,stInflow,reservoir
FR,h7675,1.3235235897885413,scr2081,stInflow,reservoir
FR,h7676,1.3235235897885413,scr2081,stInflow,reservoir
FR,h7677,1.3235235897885413,scr2081,stInflow,reservoir
FR,h7678,1.3235235897885413,scr2081,stInflow,reservoir
FR,h7679,1.3235235897885413,scr2081,stInflow,reservoir
FR,h7680,1.3235235897885413,scr2081,stInflow,reservoir
FR,h7681,1.3365521941871066,scr2081,stInflow,reservoir
FR,h7682,1.3495808112861085,scr2081,stInflow,reservoir
FR,h7683,1.3626094409629468,scr2081,stInflow,reservoir
FR,h7684,1.3626094409629468,scr2081,stInflow,reservoir
FR,h7685,1.3626094409629468,scr2081,stInflow,reservoir
FR,h7686,1.3626094409629468,scr2081,stInflow,reservoir
FR,h7687,1.3626094409629468,scr2081,stInflow,reservoir
FR,h7688,1.3626094409629468,scr2081,stInflow,reservoir
FR,h7689,1.3626094409629468,scr2081,stInflow,reservoir
FR,h7690,1.3626094409629468,scr2081,stInflow,reservoir
FR,h7691,1.3626094409629468,scr2081,stInflow,reservoir
FR,h7692,1.3626094409629468,scr2081,stInflow,reservoir
FR,h7693,1.3626094409629468,scr2081,stInflow,reservoir
FR,h7694,1.3626094409629468,scr2081,stInflow,reservoir
FR,h7695,1.3626094409629468,scr2081,stInflow,reservoir
FR,h7696,1.3626094409629468,scr2081,stInflow,reservoir
FR,h7697,1.3626094409629468,scr2081,stInflow,reservoir
FR,h7698,1.3626094409629468,scr2081,stInflow,reservoir
FR,h7699,1.3626094409629468,scr2081,stInflow,reservoir
FR,h7700,1.3626094409629468,scr2081,stInflow,reservoir
FR,h7701,1.3626094409629468,scr2081,stInflow,reservoir
FR,h7702,1.3626094409629468,scr2081,stInflow,reservoir
FR,h7703,1.3626094409629468,scr2081,stInflow,reservoir
FR,h7704,1.3626094409629468,scr2081,stInflow,reservoir
FR,h7705,1.3626094409629468,scr2081,stInflow,reservoir
FR,h7706,1.3626094409629468,scr2081,stInflow,reservoir
FR,h7707,1.3626094409629468,scr2081,stInflow,reservoir
FR,h7708,1.3626094409629468,scr2081,stInflow,reservoir
FR,h7709,1.3626094409629468,scr2081,stInflow,reservoir
FR,h7710,1.3626094409629468,scr2081,stInflow,reservoir
FR,h7711,1.3626094409629468,scr2081,stInflow,reservoir
FR,h7712,1.3626094409629468,scr2081,stInflow,reservoir
FR,h7713,1.3626094409629468,scr2081,stInflow,reservoir
FR,h7714,1.3626094409629468,scr2081,stInflow,reservoir
FR,h7715,1.3626094409629468,scr2081,stInflow,reservoir
FR,h7716,1.3626094409629468,scr2081,stInflow,reservoir
FR,h7717,1.3626094409629468,scr2081,stInflow,reservoir
FR,h7718,1.3626094409629468,scr2081,stInflow,reservoir
FR,h7719,1.3626094409629468,scr2081,stInflow,reservoir
FR,h7720,1.3626094409629468,scr2081,stInflow,reservoir
FR,h7721,1.3626094409629468,scr2081,stInflow,reservoir
FR,h7722,1.3626094409629468,scr2081,stInflow,reservoir
FR,h7723,1.3626094409629468,scr2081,stInflow,reservoir
FR,h7724,1.3626094409629468,scr2081,stInflow,reservoir
FR,h7725,1.3626094409629468,scr2081,stInflow,reservoir
FR,h7726,1.3626094409629468,scr2081,stInflow,reservoir
FR,h7727,1.3626094409629468,scr2081,stInflow,reservoir
FR,h7728,1.3626094409629468,scr2081,stInflow,reservoir
FR,h7729,1.3626094409629468,scr2081,stInflow,reservoir
FR,h7730,1.3626094409629468,scr2081,stInflow,reservoir
FR,h7731,1.3626094409629468,scr2081,stInflow,reservoir
FR,h7732,1.3626094409629468,scr2081,stInflow,reservoir
FR,h7733,1.3626094409629468,scr2081,stInflow,reservoir
FR,h7734,1.3626094409629468,scr2081,stInflow,reservoir
FR,h7735,1.3626094409629468,scr2081,stInflow,reservoir
FR,h7736,1.3626094409629468,scr2081,stInflow,reservoir
FR,h7737,1.3626094409629468,scr2081,stInflow,reservoir
FR,h7738,1.3626094409629468,scr2081,stInflow,reservoir
FR,h7739,1.3626094409629468,scr2081,stInflow,reservoir
FR,h7740,1.3626094409629468,scr2081,stInflow,reservoir
FR,h7741,1.3626094409629468,scr2081,stInflow,reservoir
FR,h7742,1.3626094409629468,scr2081,stInflow,reservoir
FR,h7743,1.3626094409629468,scr2081,stInflow,reservoir
FR,h7744,1.3626094409629468,scr2081,stInflow,reservoir
FR,h7745,1.3626094409629468,scr2081,stInflow,reservoir
FR,h7746,1.3626094409629468,scr2081,stInflow,reservoir
FR,h7747,1.3626094409629468,scr2081,stInflow,reservoir
FR,h7748,1.3626094409629468,scr2081,stInflow,reservoir
FR,h7749,1.3626094409629468,scr2081,stInflow,reservoir
FR,h7750,1.3626094409629468,scr2081,stInflow,reservoir
FR,h7751,1.3626094409629468,scr2081,stInflow,reservoir
FR,h7752,1.3626094409629468,scr2081,stInflow,reservoir
FR,h7753,1.3626094409629468,scr2081,stInflow,reservoir
FR,h7754,1.3626094409629468,scr2081,stInflow,reservoir
FR,h7755,1.3626094409629468,scr2081,stInflow,reservoir
FR,h7756,1.3626094409629468,scr2081,stInflow,reservoir
FR,h7757,1.3626094409629468,scr2081,stInflow,reservoir
FR,h7758,1.3626094409629468,scr2081,stInflow,reservoir
FR,h7759,1.3626094409629468,scr2081,stInflow,reservoir
FR,h7760,1.3626094409629468,scr2081,stInflow,reservoir
FR,h7761,1.3626094409629468,scr2081,stInflow,reservoir
FR,h7762,1.3626094409629468,scr2081,stInflow,reservoir
FR,h7763,1.3626094409629468,scr2081,stInflow,reservoir
FR,h7764,1.3626094409629468,scr2081,stInflow,reservoir
FR,h7765,1.3626094409629468,scr2081,stInflow,reservoir
FR,h7766,1.3626094409629468,scr2081,stInflow,reservoir
FR,h7767,1.3626094409629468,scr2081,stInflow,reservoir
FR,h7768,1.3626094409629468,scr2081,stInflow,reservoir
FR,h7769,1.3626094409629468,scr2081,stInflow,reservoir
FR,h7770,1.3626094409629468,scr2081,stInflow,reservoir
FR,h7771,1.3626094409629468,scr2081,stInflow,reservoir
FR,h7772,1.3626094409629468,scr2081,stInflow,reservoir
FR,h7773,1.3626094409629468,scr2081,stInflow,reservoir
FR,h7774,1.3626094409629468,scr2081,stInflow,reservoir
FR,h7775,1.3626094409629468,scr2081,stInflow,reservoir
FR,h7776,1.3626094409629468,scr2081,stInflow,reservoir
FR,h7777,1.3626094409629468,scr2081,stInflow,reservoir
FR,h7778,1.3626094409629468,scr2081,stInflow,reservoir
FR,h7779,1.3626094409629468,scr2081,stInflow,reservoir
FR,h7780,1.3626094409629468,scr2081,stInflow,reservoir
FR,h7781,1.3626094409629468,scr2081,stInflow,reservoir
FR,h7782,1.3626094409629468,scr2081,stInflow,reservoir
FR,h7783,1.3626094409629468,scr2081,stInflow,reservoir
FR,h7784,1.3626094409629468,scr2081,stInflow,reservoir
FR,h7785,1.3626094409629468,scr2081,stInflow,reservoir
FR,h7786,1.3626094409629468,scr2081,stInflow,reservoir
FR,h7787,1.3626094409629468,scr2081,stInflow,reservoir
FR,h7788,1.3626094409629468,scr2081,stInflow,reservoir
FR,h7789,1.3626094409629468,scr2081,stInflow,reservoir
FR,h7790,1.3626094409629468,scr2081,stInflow,reservoir
FR,h7791,1.3626094409629468,scr2081,stInflow,reservoir
FR,h7792,1.3626094409629468,scr2081,stInflow,reservoir
FR,h7793,1.3626094409629468,scr2081,stInflow,reservoir
FR,h7794,1.3626094409629468,scr2081,stInflow,reservoir
FR,h7795,1.3626094409629468,scr2081,stInflow,reservoir
FR,h7796,1.3626094409629468,scr2081,stInflow,reservoir
FR,h7797,1.3626094409629468,scr2081,stInflow,reservoir
FR,h7798,1.3626094409629468,scr2081,stInflow,reservoir
FR,h7799,1.3626094409629468,scr2081,stInflow,reservoir
FR,h7800,1.3626094409629468,scr2081,stInflow,reservoir
FR,h7801,1.3626094409629468,scr2081,stInflow,reservoir
FR,h7802,1.3626094409629468,scr2081,stInflow,reservoir
FR,h7803,1.3626094409629468,scr2081,stInflow,reservoir
FR,h7804,1.3626094409629468,scr2081,stInflow,reservoir
FR,h7805,1.3626094409629468,scr2081,stInflow,reservoir
FR,h7806,1.3626094409629468,scr2081,stInflow,reservoir
FR,h7807,1.3626094409629468,scr2081,stInflow,reservoir
FR,h7808,1.3626094409629468,scr2081,stInflow,reservoir
FR,h7809,1.3626094409629468,scr2081,stInflow,reservoir
FR,h7810,1.3626094409629468,scr2081,stInflow,reservoir
FR,h7811,1.3626094409629468,scr2081,stInflow,reservoir
FR,h7812,1.3626094409629468,scr2081,stInflow,reservoir
FR,h7813,1.3626094409629468,scr2081,stInflow,reservoir
FR,h7814,1.3626094409629468,scr2081,stInflow,reservoir
FR,h7815,1.3626094409629468,scr2081,stInflow,reservoir
FR,h7816,1.3626094409629468,scr2081,stInflow,reservoir
FR,h7817,1.3626094409629468,scr2081,stInflow,reservoir
FR,h7818,1.3626094409629468,scr2081,stInflow,reservoir
FR,h7819,1.3626094409629468,scr2081,stInflow,reservoir
FR,h7820,1.3626094409629468,scr2081,stInflow,reservoir
FR,h7821,1.3626094409629468,scr2081,stInflow,reservoir
FR,h7822,1.3626094409629468,scr2081,stInflow,reservoir
FR,h7823,1.3626094409629468,scr2081,stInflow,reservoir
FR,h7824,1.3626094409629468,scr2081,stInflow,reservoir
FR,h7825,1.3626094409629468,scr2081,stInflow,reservoir
FR,h7826,1.3626094409629468,scr2081,stInflow,reservoir
FR,h7827,1.3626094409629468,scr2081,stInflow,reservoir
FR,h7828,1.3626094409629468,scr2081,stInflow,reservoir
FR,h7829,1.3626094409629468,scr2081,stInflow,reservoir
FR,h7830,1.3626094409629468,scr2081,stInflow,reservoir
FR,h7831,1.3626094409629468,scr2081,stInflow,reservoir
FR,h7832,1.3626094409629468,scr2081,stInflow,reservoir
FR,h7833,1.3626094409629468,scr2081,stInflow,reservoir
FR,h7834,1.3626094409629468,scr2081,stInflow,reservoir
FR,h7835,1.3626094409629468,scr2081,stInflow,reservoir
FR,h7836,1.3626094409629468,scr2081,stInflow,reservoir
FR,h7837,1.3626094409629468,scr2081,stInflow,reservoir
FR,h7838,1.3626094409629468,scr2081,stInflow,reservoir
FR,h7839,1.3626094409629468,scr2081,stInflow,reservoir
FR,h7840,1.3626094409629468,scr2081,stInflow,reservoir
FR,h7841,1.3626094409629468,scr2081,stInflow,reservoir
FR,h7842,1.3626094409629468,scr2081,stInflow,reservoir
FR,h7843,1.3626094409629468,scr2081,stInflow,reservoir
FR,h7844,1.3626094409629468,scr2081,stInflow,reservoir
FR,h7845,1.3626094409629468,scr2081,stInflow,reservoir
FR,h7846,1.3626094409629468,scr2081,stInflow,reservoir
FR,h7847,1.3626094409629468,scr2081,stInflow,reservoir
FR,h7848,1.3626094409629468,scr2081,stInflow,reservoir
FR,h7849,1.4501496618982719,scr2081,stInflow,reservoir
FR,h7850,1.5376904116039647,scr2081,stInflow,reservoir
FR,h7851,1.6252316599466872,scr2081,stInflow,reservoir
FR,h7852,1.6252316599466872,scr2081,stInflow,reservoir
FR,h7853,1.6252316599466872,scr2081,stInflow,reservoir
FR,h7854,1.6252316599466872,scr2081,stInflow,reservoir
FR,h7855,1.6252316599466872,scr2081,stInflow,reservoir
FR,h7856,1.6252316599466872,scr2081,stInflow,reservoir
FR,h7857,1.6252316599466872,scr2081,stInflow,reservoir
FR,h7858,1.6252316599466872,scr2081,stInflow,reservoir
FR,h7859,1.6252316599466872,scr2081,stInflow,reservoir
FR,h7860,1.6252316599466872,scr2081,stInflow,reservoir
FR,h7861,1.6252316599466872,scr2081,stInflow,reservoir
FR,h7862,1.6252316599466872,scr2081,stInflow,reservoir
FR,h7863,1.6252316599466872,scr2081,stInflow,reservoir
FR,h7864,1.6252316599466872,scr2081,stInflow,reservoir
FR,h7865,1.6252316599466872,scr2081,stInflow,reservoir
FR,h7866,1.6252316599466872,scr2081,stInflow,reservoir
FR,h7867,1.6252316599466872,scr2081,stInflow,reservoir
FR,h7868,1.6252316599466872,scr2081,stInflow,reservoir
FR,h7869,1.6252316599466872,scr2081,stInflow,reservoir
FR,h7870,1.6252316599466872,scr2081,stInflow,reservoir
FR,h7871,1.6252316599466872,scr2081,stInflow,reservoir
FR,h7872,1.6252316599466872,scr2081,stInflow,reservoir
FR,h7873,1.6252316599466872,scr2081,stInflow,reservoir
FR,h7874,1.6252316599466872,scr2081,stInflow,reservoir
FR,h7875,1.6252316599466872,scr2081,stInflow,reservoir
FR,h7876,1.6252316599466872,scr2081,stInflow,reservoir
FR,h7877,1.6252316599466872,scr2081,stInflow,reservoir
FR,h7878,1.6252316599466872,scr2081,stInflow,reservoir
FR,h7879,1.6252316599466872,scr2081,stInflow,reservoir
FR,h7880,1.6252316599466872,scr2081,stInflow,reservoir
FR,h7881,1.6252316599466872,scr2081,stInflow,reservoir
FR,h7882,1.6252316599466872,scr2081,stInflow,reservoir
FR,h7883,1.6252316599466872,scr2081,stInflow,reservoir
FR,h7884,1.6252316599466872,scr2081,stInflow,reservoir
FR,h7885,1.6252316599466872,scr2081,stInflow,reservoir
FR,h7886,1.6252316599466872,scr2081,stInflow,reservoir
FR,h7887,1.6252316599466872,scr2081,stInflow,reservoir
FR,h7888,1.6252316599466872,scr2081,stInflow,reservoir
FR,h7889,1.6252316599466872,scr2081,stInflow,reservoir
FR,h7890,1.6252316599466872,scr2081,stInflow,reservoir
FR,h7891,1.6252316599466872,scr2081,stInflow,reservoir
FR,h7892,1.6252316599466872,scr2081,stInflow,reservoir
FR,h7893,1.6252316599466872,scr2081,stInflow,reservoir
FR,h7894,1.6252316599466872,scr2081,stInflow,reservoir
FR,h7895,1.6252316599466872,scr2081,stInflow,reservoir
FR,h7896,1.6252316599466872,scr2081,stInflow,reservoir
FR,h7897,1.6252316599466872,scr2081,stInflow,reservoir
FR,h7898,1.6252316599466872,scr2081,stInflow,reservoir
FR,h7899,1.6252316599466872,scr2081,stInflow,reservoir
FR,h7900,1.6252316599466872,scr2081,stInflow,reservoir
FR,h7901,1.6252316599466872,scr2081,stInflow,reservoir
FR,h7902,1.6252316599466872,scr2081,stInflow,reservoir
FR,h7903,1.6252316599466872,scr2081,stInflow,reservoir
FR,h7904,1.6252316599466872,scr2081,stInflow,reservoir
FR,h7905,1.6252316599466872,scr2081,stInflow,reservoir
FR,h7906,1.6252316599466872,scr2081,stInflow,reservoir
FR,h7907,1.6252316599466872,scr2081,stInflow,reservoir
FR,h7908,1.6252316599466872,scr2081,stInflow,reservoir
FR,h7909,1.6252316599466872,scr2081,stInflow,reservoir
FR,h7910,1.6252316599466872,scr2081,stInflow,reservoir
FR,h7911,1.6252316599466872,scr2081,stInflow,reservoir
FR,h7912,1.6252316599466872,scr2081,stInflow,reservoir
FR,h7913,1.6252316599466872,scr2081,stInflow,reservoir
FR,h7914,1.6252316599466872,scr2081,stInflow,reservoir
FR,h7915,1.6252316599466872,scr2081,stInflow,reservoir
FR,h7916,1.6252316599466872,scr2081,stInflow,reservoir
FR,h7917,1.6252316599466872,scr2081,stInflow,reservoir
FR,h7918,1.6252316599466872,scr2081,stInflow,reservoir
FR,h7919,1.6252316599466872,scr2081,stInflow,reservoir
FR,h7920,1.6252316599466872,scr2081,stInflow,reservoir
FR,h7921,1.6252316599466872,scr2081,stInflow,reservoir
FR,h7922,1.6252316599466872,scr2081,stInflow,reservoir
FR,h7923,1.6252316599466872,scr2081,stInflow,reservoir
FR,h7924,1.6252316599466872,scr2081,stInflow,reservoir
FR,h7925,1.6252316599466872,scr2081,stInflow,reservoir
FR,h7926,1.6252316599466872,scr2081,stInflow,reservoir
FR,h7927,1.6252316599466872,scr2081,stInflow,reservoir
FR,h7928,1.6252316599466872,scr2081,stInflow,reservoir
FR,h7929,1.6252316599466872,scr2081,stInflow,reservoir
FR,h7930,1.6252316599466872,scr2081,stInflow,reservoir
FR,h7931,1.6252316599466872,scr2081,stInflow,reservoir
FR,h7932,1.6252316599466872,scr2081,stInflow,reservoir
FR,h7933,1.6252316599466872,scr2081,stInflow,reservoir
FR,h7934,1.6252316599466872,scr2081,stInflow,reservoir
FR,h7935,1.6252316599466872,scr2081,stInflow,reservoir
FR,h7936,1.6252316599466872,scr2081,stInflow,reservoir
FR,h7937,1.6252316599466872,scr2081,stInflow,reservoir
FR,h7938,1.6252316599466872,scr2081,stInflow,reservoir
FR,h7939,1.6252316599466872,scr2081,stInflow,reservoir
FR,h7940,1.6252316599466872,scr2081,stInflow,reservoir
FR,h7941,1.6252316599466872,scr2081,stInflow,reservoir
FR,h7942,1.6252316599466872,scr2081,stInflow,reservoir
FR,h7943,1.6252316599466872,scr2081,stInflow,reservoir
FR,h7944,1.6252316599466872,scr2081,stInflow,reservoir
FR,h7945,1.6252316599466872,scr2081,stInflow,reservoir
FR,h7946,1.6252316599466872,scr2081,stInflow,reservoir
FR,h7947,1.6252316599466872,scr2081,stInflow,reservoir
FR,h7948,1.6252316599466872,scr2081,stInflow,reservoir
FR,h7949,1.6252316599466872,scr2081,stInflow,reservoir
FR,h7950,1.6252316599466872,scr2081,stInflow,reservoir
FR,h7951,1.6252316599466872,scr2081,stInflow,reservoir
FR,h7952,1.6252316599466872,scr2081,stInflow,reservoir
FR,h7953,1.6252316599466872,scr2081,stInflow,reservoir
FR,h7954,1.6252316599466872,scr2081,stInflow,reservoir
FR,h7955,1.6252316599466872,scr2081,stInflow,reservoir
FR,h7956,1.6252316599466872,scr2081,stInflow,reservoir
FR,h7957,1.6252316599466872,scr2081,stInflow,reservoir
FR,h7958,1.6252316599466872,scr2081,stInflow,reservoir
FR,h7959,1.6252316599466872,scr2081,stInflow,reservoir
FR,h7960,1.6252316599466872,scr2081,stInflow,reservoir
FR,h7961,1.6252316599466872,scr2081,stInflow,reservoir
FR,h7962,1.6252316599466872,scr2081,stInflow,reservoir
FR,h7963,1.6252316599466872,scr2081,stInflow,reservoir
FR,h7964,1.6252316599466872,scr2081,stInflow,reservoir
FR,h7965,1.6252316599466872,scr2081,stInflow,reservoir
FR,h7966,1.6252316599466872,scr2081,stInflow,reservoir
FR,h7967,1.6252316599466872,scr2081,stInflow,reservoir
FR,h7968,1.6252316599466872,scr2081,stInflow,reservoir
FR,h7969,1.6252316599466872,scr2081,stInflow,reservoir
FR,h7970,1.6252316599466872,scr2081,stInflow,reservoir
FR,h7971,1.6252316599466872,scr2081,stInflow,reservoir
FR,h7972,1.6252316599466872,scr2081,stInflow,reservoir
FR,h7973,1.6252316599466872,scr2081,stInflow,reservoir
FR,h7974,1.6252316599466872,scr2081,stInflow,reservoir
FR,h7975,1.6252316599466872,scr2081,stInflow,reservoir
FR,h7976,1.6252316599466872,scr2081,stInflow,reservoir
FR,h7977,1.6252316599466872,scr2081,stInflow,reservoir
FR,h7978,1.6252316599466872,scr2081,stInflow,reservoir
FR,h7979,1.6252316599466872,scr2081,stInflow,reservoir
FR,h7980,1.6252316599466872,scr2081,stInflow,reservoir
FR,h7981,1.6252316599466872,scr2081,stInflow,reservoir
FR,h7982,1.6252316599466872,scr2081,stInflow,reservoir
FR,h7983,1.6252316599466872,scr2081,stInflow,reservoir
FR,h7984,1.6252316599466872,scr2081,stInflow,reservoir
FR,h7985,1.6252316599466872,scr2081,stInflow,reservoir
FR,h7986,1.6252316599466872,scr2081,stInflow,reservoir
FR,h7987,1.6252316599466872,scr2081,stInflow,reservoir
FR,h7988,1.6252316599466872,scr2081,stInflow,reservoir
FR,h7989,1.6252316599466872,scr2081,stInflow,reservoir
FR,h7990,1.6252316599466872,scr2081,stInflow,reservoir
FR,h7991,1.6252316599466872,scr2081,stInflow,reservoir
FR,h7992,1.6252316599466872,scr2081,stInflow,reservoir
FR,h7993,1.6252316599466872,scr2081,stInflow,reservoir
FR,h7994,1.6252316599466872,scr2081,stInflow,reservoir
FR,h7995,1.6252316599466872,scr2081,stInflow,reservoir
FR,h7996,1.6252316599466872,scr2081,stInflow,reservoir
FR,h7997,1.6252316599466872,scr2081,stInflow,reservoir
FR,h7998,1.6252316599466872,scr2081,stInflow,reservoir
FR,h7999,1.6252316599466872,scr2081,stInflow,reservoir
FR,h8000,1.6252316599466872,scr2081,stInflow,reservoir
FR,h8001,1.6252316599466872,scr2081,stInflow,reservoir
FR,h8002,1.6252316599466872,scr2081,stInflow,reservoir
FR,h8003,1.6252316599466872,scr2081,stInflow,reservoir
FR,h8004,1.6252316599466872,scr2081,stInflow,reservoir
FR,h8005,1.6252316599466872,scr2081,stInflow,reservoir
FR,h8006,1.6252316599466872,scr2081,stInflow,reservoir
FR,h8007,1.6252316599466872,scr2081,stInflow,reservoir
FR,h8008,1.6252316599466872,scr2081,stInflow,reservoir
FR,h8009,1.6252316599466872,scr2081,stInflow,reservoir
FR,h8010,1.6252316599466872,scr2081,stInflow,reservoir
FR,h8011,1.6252316599466872,scr2081,stInflow,reservoir
FR,h8012,1.6252316599466872,scr2081,stInflow,reservoir
FR,h8013,1.6252316599466872,scr2081,stInflow,reservoir
FR,h8014,1.6252316599466872,scr2081,stInflow,reservoir
FR,h8015,1.6252316599466872,scr2081,stInflow,reservoir
FR,h8016,1.6252316599466872,scr2081,stInflow,reservoir
FR,h8017,1.6967283108287403,scr2081,stInflow,reservoir
FR,h8018,1.7682252630679116,scr2081,stInflow,reservoir
FR,h8019,1.8397225044736858,scr2081,stInflow,reservoir
FR,h8020,1.8397225044736858,scr2081,stInflow,reservoir
FR,h8021,1.8397225044736858,scr2081,stInflow,reservoir
FR,h8022,1.8397225044736858,scr2081,stInflow,reservoir
FR,h8023,1.8397225044736858,scr2081,stInflow,reservoir
FR,h8024,1.8397225044736858,scr2081,stInflow,reservoir
FR,h8025,1.8397225044736858,scr2081,stInflow,reservoir
FR,h8026,1.8397225044736858,scr2081,stInflow,reservoir
FR,h8027,1.8397225044736858,scr2081,stInflow,reservoir
FR,h8028,1.8397225044736858,scr2081,stInflow,reservoir
FR,h8029,1.8397225044736858,scr2081,stInflow,reservoir
FR,h8030,1.8397225044736858,scr2081,stInflow,reservoir
FR,h8031,1.8397225044736858,scr2081,stInflow,reservoir
FR,h8032,1.8397225044736858,scr2081,stInflow,reservoir
FR,h8033,1.8397225044736858,scr2081,stInflow,reservoir
FR,h8034,1.8397225044736858,scr2081,stInflow,reservoir
FR,h8035,1.8397225044736858,scr2081,stInflow,reservoir
FR,h8036,1.8397225044736858,scr2081,stInflow,reservoir
FR,h8037,1.8397225044736858,scr2081,stInflow,reservoir
FR,h8038,1.8397225044736858,scr2081,stInflow,reservoir
FR,h8039,1.8397225044736858,scr2081,stInflow,reservoir
FR,h8040,1.8397225044736858,scr2081,stInflow,reservoir
IT,h7297,0.3320734184613178,scr2081,stInflow,reservoir
IT,h7298,0.3320734184613178,scr2081,stInflow,reservoir
IT,h7299,0.3320734184613178,scr2081,stInflow,reservoir
IT,h7300,0.3320734184613178,scr2081,stInflow,reservoir
IT,h7301,0.3320734184613178,scr2081,stInflow,reservoir
IT,h7302,0.3320734184613178,scr2081,stInflow,reservoir
IT,h7303,0.3320734184613178,scr2081,stInflow,reservoir
IT,h7304,0.3320734184613178,scr2081,stInflow,reservoir
IT,h7305,0.3320734184613178,scr2081,stInflow,reservoir
IT,h7306,0.3320734184613178,scr2081,stInflow,reservoir
IT,h7307,0.3320734184613178,scr2081,stInflow,reservoir
IT,h7308,0.3320734184613178,scr2081,stInflow,reservoir
IT,h7309,0.3320734184613178,scr2081,stInflow,reservoir
IT,h7310,0.3320734184613178,scr2081,stInflow,reservoir
IT,h7311,0.3320734184613178,scr2081,stInflow,reservoir
IT,h7312,0.3320734184613178,scr2081,stInflow,reservoir
IT,h7313,0.3320734184613178,scr2081,stInflow,reservoir
IT,h7314,0.3320734184613178,scr2081,stInflow,reservoir
IT,h7315,0.3320734184613178,scr2081,stInflow,reservoir
IT,h7316,0.3320734184613178,scr2081,stInflow,reservoir
IT,h7317,0.3320734184613178,scr2081,stInflow,reservoir
IT,h7318,0.3320734184613178,scr2081,stInflow,reservoir
IT,h7319,0.3320734184613178,scr2081,stInflow,reservoir
IT,h7320,0.3320734184613178,scr2081,stInflow,reservoir
IT,h7321,0.3320734184613178,scr2081,stInflow,reservoir
IT,h7322,0.3320734184613178,scr2081,stInflow,reservoir
IT,h7323,0.3320734184613178,scr2081,stInflow,reservoir
IT,h7324,0.3320734184613178,scr2081,stInflow,reservoir
IT,h7325,0.3320734184613178,scr2081,stInflow,reservoir
IT,h7326,0.3320734184613178,scr2081,stInflow,reservoir
IT,h7327,0.3320734184613178,scr2081,stInflow,reservoir
IT,h7328,0.3320734184613178,scr2081,stInflow,reservoir
IT,h7329,0.3320734184613178,scr2081,stInflow,reservoir
IT,h7330,0.3320734184613178,scr2081,stInflow,reservoir
IT,h7331,0.3320734184613178,scr2081,stInflow,reservoir
IT,h7332,0.3320734184613178,scr2081,stInflow,reservoir
IT,h7333,0.3320734184613178,scr2081,stInflow,reservoir
IT,h7334,0.3320734184613178,scr2081,stInflow,reservoir
IT,h7335,0.3320734184613178,scr2081,stInflow,reservoir
IT,h7336,0.3320734184613178,scr2081,stInflow,reservoir
IT,h7337,0.3320734184613178,scr2081,stInflow,reservoir
IT,h7338,0.3320734184613178,scr2081,stInflow,reservoir
IT,h7339,0.3320734184613178,scr2081,stInflow,reservoir
IT,h7340,0.3320734184613178,scr2081,stInflow,reservoir
IT,h7341,0.3320734184613178,scr2081,stInflow,reservoir
IT,h7342,0.3320734184613178,scr2081,stInflow,reservoir
IT,h7343,0.3320734184613178,scr2081,stInflow,reservoir
IT,h7344,0.3320734184613178,scr2081,stInflow,reservoir
IT,h7345,0.2928578913351448,scr2081,stInflow,reservoir
IT,h7346,0.25364289089277997,scr2081,stInflow,reservoir
IT,h7347,0.21442849916703122,scr2081,stInflow,reservoir
IT,h7348,0.21442849916703122,scr2081,stInflow,reservoir
IT,h7349,0.21442849916703122,scr2081,stInflow,reservoir
IT,h7350,0.21442849916703122,scr2081,stInflow,reservoir
IT,h7351,0.21442849916703122,scr2081,stInflow,reservoir
IT,h7352,0.21442849916703122,scr2081,stInflow,reservoir
IT,h7353,0.21442849916703122,scr2081,stInflow,reservoir
IT,h7354,0.21442849916703122,scr2081,stInflow,reservoir
IT,h7355,0.21442849916703122,scr2081,stInflow,reservoir
IT,h7356,0.21442849916703122,scr2081,stInflow,reservoir
IT,h7357,0.21442849916703122,scr2081,stInflow,reservoir
IT,h7358,0.21442849916703122,scr2081,stInflow,reservoir
IT,h7359,0.21442849916703122,scr2081,stInflow,reservoir
IT,h7360,0.21442849916703122,scr2081,stInflow,reservoir
IT,h7361,0.21442849916703122,scr2081,stInflow,reservoir
IT,h7362,0.21442849916703122,scr2081,stInflow,reservoir
IT,h7363,0.21442849916703122,scr2081,stInflow,reservoir
IT,h7364,0.21442849916703122,scr2081,stInflow,reservoir
IT,h7365,0.21442849916703122,scr2081,stInflow,reservoir
IT,h7366,0.21442849916703122,scr2081,stInflow,reservoir
IT,h7367,0.21442849916703122,scr2081,stInflow,reservoir
IT,h7368,0.21442849916703122,scr2081,stInflow,reservoir
IT,h7369,0.21442849916703122,scr2081,stInflow,reservoir
IT,h7370,0.21442849916703122,scr2081,stInflow,reservoir
IT,h7371,0.21442849916703122,scr2081,stInflow,reservoir
IT,h7372,0.21442849916703122,scr2081,stInflow,reservoir
IT,h7373,0.21442849916703122,scr2081,stInflow,reservoir
IT,h7374,0.21442849916703122,scr2081,stInflow,reservoir
IT,h7375,0.21442849916703122,scr2081,stInflow,reservoir
IT,h7376,0.21442849916703122,scr2081,stInflow,reservoir
IT,h7377,0.21442849916703122,scr2081,stInflow,reservoir
IT,h7378,0.21442849916703122,scr2081,stInflow,reservoir
IT,h7379,0.21442849916703122,scr2081,stInflow,reservoir
IT,h7380,0.21442849916703122,scr2081,stInflow,reservoir
IT,h7381,0.21442849916703122,scr2081,stInflow,reservoir
IT,h7382,0.21442849916703122,scr2081,stInflow,reservoir
IT,h7383,0.21442849916703122,scr2081,stInflow,reservoir
IT,h7384,0.21442849916703122,scr2081,stInflow,reservoir
IT,h7385,0.21442849916703122,scr2081,stInflow,reservoir
IT,h7386,0.21442849916703122,scr2081,stInflow,reservoir
IT,h7387,0.21442849916703122,scr2081,stInflow,reservoir
IT,h7388,0.21442849916703122,scr2081,stInflow,reservoir
IT,h7389,0.21442849916703122,scr2081,stInflow,reservoir
IT,h7390,0.21442849916703122,scr2081,stInflow,reservoir
IT,h7391,0.21442849916703122,scr2081,stInflow,reservoir
IT,h7392,0.21442849916703122,scr2081,stInflow,reservoir
IT,h7393,0.21442849916703122,scr2081,stInflow,reservoir
IT,h7394,0.21442849916703122,scr2081,stInflow,reservoir
IT,h7395,0.21442849916703122,scr2081,stInflow,reservoir
IT,h7396,0.21442849916703122,scr2081,stInflow,reservoir
IT,h7397,0.21442849916703122,scr2081,stInflow,reservoir
IT,h7398,0.21442849916703122,scr2081,stInflow,reservoir
IT,h7399,0.21442849916703122,scr2081,stInflow,reservoir
IT,h7400,0.21442849916703122,scr2081,stInflow,reservoir
IT,h7401,0.21442849916703122,scr2081,stInflow,reservoir
IT,h7402,0.21442849916703122,scr2081,stInflow,reservoir
IT,h7403,0.21442849916703122,scr2081,stInflow,reservoir
IT,h7404,0.21442849916703122,scr2081,stInflow,reservoir
IT,h7405,0.21442849916703122,scr2081,stInflow,reservoir
IT,h7406,0.21442849916703122,scr2081,stInflow,reservoir
IT,h7407,0.21442849916703122,scr2081,stInflow,reservoir
IT,h7408,0.21442849916703122,scr2081,stInflow,reservoir
IT,h7409,0.21442849916703122,scr2081,stInflow,reservoir
IT,h7410,0.21442849916703122,scr2081,stInflow,reservoir
IT,h7411,0.21442849916703122,scr2081,stInflow,reservoir
IT,h7412,0.21442849916703122,scr2081,stInflow,reservoir
IT,h7413,0.21442849916703122,scr2081,stInflow,reservoir
IT,h7414,0.21442849916703122,scr2081,stInflow,reservoir
IT,h7415,0.21442849916703122,scr2081,stInflow,reservoir
IT,h7416,0.21442849916703122,scr2081,stInflow,reservoir
IT,h7417,0.21442849916703122,scr2081,stInflow,reservoir
IT,h7418,0.21442849916703122,scr2081,stInflow,reservoir
IT,h7419,0.21442849916703122,scr2081,stInflow,reservoir
IT,h7420,0.21442849916703122,scr2081,stInflow,reservoir
IT,h7421,0.21442849916703122,scr2081,stInflow,reservoir
IT,h7422,0.21442849916703122,scr2081,stInflow,reservoir
IT,h7423,0.21442849916703122,scr2081,stInflow,reservoir
IT,h7424,0.21442849916703122,scr2081,stInflow,reservoir
IT,h7425,0.21442849916703122,scr2081,stInflow,reservoir
IT,h7426,0.21442849916703122,scr2081,stInflow,reservoir
IT,h7427,0.21442849916703122,scr2081,stInflow,reservoir
IT,h7428,0.21442849916703122,scr2081,stInflow,reservoir
IT,h7429,0.21442849916703122,scr2081,stInflow,reservoir
IT,h7430,0.21442849916703122,scr2081,stInflow,reservoir
IT,h7431,0.21442849916703122,scr2081,stInflow,reservoir
IT,h7432,0.21442849916703122,scr2081,stInflow,reservoir
IT,h7433,0.21442849916703122,scr2081,stInflow,reservoir
IT,h7434,0.21442849916703122,scr2081,stInflow,reservoir
IT,h7435,0.21442849916703122,scr2081,stInflow,reservoir
IT,h7436,0.21442849916703122,scr2081,stInflow,reservoir
IT,h7437,0.21442849916703122,scr2081,stInflow,reservoir
IT,h7438,0.21442849916703122,scr2081,stInflow,reservoir
IT,h7439,0.21442849916703122,scr2081,stInflow,reservoir
IT,h7440,0.21442849916703122,scr2081,stInflow,reservoir
IT,h7441,0.21442849916703122,scr2081,stInflow,reservoir
IT,h7442,0.21442849916703122,scr2081,stInflow,reservoir
IT,h7443,0.21442849916703122,scr2081,stInflow,reservoir
IT,h7444,0.21442849916703122,scr2081,stInflow,reservoir
IT,h7445,0.21442849916703122,scr2081,stInflow,reservoir
IT,h7446,0.21442849916703122,scr2081,stInflow,reservoir
IT,h7447,0.21442849916703122,scr2081,stInflow,reservoir
IT,h7448,0.21442849916703122,scr2081,stInflow,reservoir
IT,h7449,0.21442849916703122,scr2081,stInflow,reservoir
IT,h7450,0.21442849916703122,scr2081,stInflow,reservoir
IT,h7451,0.21442849916703122,scr2081,stInflow,reservoir
IT,h7452,0.21442849916703122,scr2081,stInflow,reservoir
IT,h7453,0.21442849916703122,scr2081,stInflow,reservoir
IT,h7454,0.21442849916703122,scr2081,stInflow,reservoir
IT,h7455,0.21442849916703122,scr2081,stInflow,reservoir
IT,h7456,0.21442849916703122,scr2081,stInflow,reservoir
IT,h7457,0.21442849916703122,scr2081,stInflow,reservoir
IT,h7458,0.21442849916703122,scr2081,stInflow,reservoir
IT,h7459,0.21442849916703122,scr2081,stInflow,reservoir
IT,h7460,0.21442849916703122,scr2081,stInflow,reservoir
IT,h7461,0.21442849916703122,scr2081,stInflow,reservoir
IT,h7462,0.21442849916703122,scr2081,stInflow,reservoir
IT,h7463,0.21442849916703122,scr2081,stInflow,reservoir
IT,h7464,0.21442849916703122,scr2081,stInflow,reservoir
IT,h7465,0.21442849916703122,scr2081,stInflow,reservoir
IT,h7466,0.21442849916703122,scr2081,stInflow,reservoir
IT,h7467,0.21442849916703122,scr2081,stInflow,reservoir
IT,h7468,0.21442849916703122,scr2081,stInflow,reservoir
IT,h7469,0.21442849916703122,scr2081,stInflow,reservoir
IT,h7470,0.21442849916703122,scr2081,stInflow,reservoir
IT,h7471,0.21442849916703122,scr2081,stInflow,reservoir
IT,h7472,0.21442849916703122,scr2081,stInflow,reservoir
IT,h7473,0.21442849916703122,scr2081,stInflow,reservoir
IT,h7474,0.21442849916703122,scr2081,stInflow,reservoir
IT,h7475,0.21442849916703122,scr2081,stInflow,reservoir
IT,h7476,0.21442849916703122,scr2081,stInflow,reservoir
IT,h7477,0.21442849916703122,scr2081,stInflow,reservoir
IT,h7478,0.21442849916703122,scr2081,stInflow,reservoir
IT,h7479,0.21442849916703122,scr2081,stInflow,reservoir
IT,h7480,0.21442849916703122,scr2081,stInflow,reservoir
IT,h7481,0.21442849916703122,scr2081,stInflow,reservoir
IT,h7482,0.21442849916703122,scr2081,stInflow,reservoir
IT,h7483,0.21442849916703122,scr2081,stInflow,reservoir
IT,h7484,0.21442849916703122,scr2081,stInflow,reservoir
IT,h7485,0.21442849916703122,scr2081,stInflow,reservoir
IT,h7486,0.21442849916703122,scr2081,stInflow,reservoir
IT,h7487,0.21442849916703122,scr2081,stInflow,reservoir
IT,h7488,0.21442849916703122,scr2081,stInflow,reservoir
IT,h7489,0.21442849916703122,scr2081,stInflow,reservoir
IT,h7490,0.21442849916703122,scr2081,stInflow,reservoir
IT,h7491,0.21442849916703122,scr2081,stInflow,reservoir
IT,h7492,0.21442849916703122,scr2081,stInflow,reservoir
IT,h7493,0.21442849916703122,scr2081,stInflow,reservoir
IT,h7494,0.21442849916703122,scr2081,stInflow,reservoir
IT,h7495,0.21442849916703122,scr2081,stInflow,reservoir
IT,h7496,0.21442849916703122,scr2081,stInflow,reservoir
IT,h7497,0.21442849916703122,scr2081,stInflow,reservoir
IT,h7498,0.21442849916703122,scr2081,stInflow,reservoir
IT,h7499,0.21442849916703122,scr2081,stInflow,reservoir
IT,h7500,0.21442849916703122,scr2081,stInflow,reservoir
IT,h7501,0.21442849916703122,scr2081,stInflow,reservoir
IT,h7502,0.21442849916703122,scr2081,stInflow,reservoir
IT,h7503,0.21442849916703122,scr2081,stInflow,reservoir
IT,h7504,0.21442849916703122,scr2081,stInflow,reservoir
IT,h7505,0.21442849916703122,scr2081,stInflow,reservoir
IT,h7506,0.21442849916703122,scr2081,stInflow,reservoir
IT,h7507,0.21442849916703122,scr2081,stInflow,reservoir
IT,h7508,0.21442849916703122,scr2081,stInflow,reservoir
IT,h7509,0.21442849916703122,scr2081,stInflow,reservoir
IT,h7510,0.21442849916703122,scr2081,stInflow,reservoir
IT,h7511,0.21442849916703122,scr2081,stInflow,reservoir
IT,h7512,0.21442849916703122,scr2081,stInflow,reservoir
IT,h7513,0.20762183865319972,scr2081,stInflow,reservoir
IT,h7514,0.20081520045849066,scr2081,stInflow,reservoir
IT,h7515,0.19400858533963095,scr2081,stInflow,reservoir
IT,h7516,0.19400858533963095,scr2081,stInflow,reservoir
IT,h7517,0.19400858533963095,scr2081,stInflow,reservoir
IT,h7518,0.19400858533963095,scr2081,stInflow,reservoir
IT,h7519,0.19400858533963095,scr2081,stInflow,reservoir
IT,h7520,0.19400858533963095,scr2081,stInflow,reservoir
IT,h7521,0.19400858533963095,scr2081,stInflow,reservoir
IT,h7522,0.19400858533963095,scr2081,stInflow,reservoir
IT,h7523,0.19400858533963095,scr2081,stInflow,reservoir
IT,h7524,0.19400858533963095,scr2081,stInflow,reservoir
IT,h7525,0.19400858533963095,scr2081,stInflow,reservoir
IT,h7526,0.19400858533963095,scr2081,stInflow,reservoir
IT,h7527,0.19400858533963095,scr2081,stInflow,reservoir
IT,h7528,0.19400858533963095,scr2081,stInflow,reservoir
IT,h7529,0.19400858533963095,scr2081,stInflow,reservoir
IT,h7530,0.19400858533963095,scr2081,stInflow,reservoir
IT,h7531,0.19400858533963095,scr2081,stInflow,reservoir
IT,h7532,0.19400858533963095,scr2081,stInflow,reservoir
IT,h7533,0.19400858533963095,scr2081,stInflow,reservoir
IT,h7534,0.19400858533963095,scr2081,stInflow,reservoir
IT,h7535,0.19400858533963095,scr2081,stInflow,reservoir
IT,h7536,0.19400858533963095,scr2081,stInflow,reservoir
IT,h7537,0.19400858533963095,scr2081,stInflow,reservoir
IT,h7538,0.19400858533963095,scr2081,stInflow,reservoir
IT,h7539,0.19400858533963095,scr2081,stInflow,reservoir
IT,h7540,0.19400858533963095,scr2081,stInflow,reservoir
IT,h7541,0.19400858533963095,scr2081,stInflow,reservoir
IT,h7542,0.19400858533963095,scr2081,stInflow,reservoir
IT,h7543,0.19400858533963095,scr2081,stInflow,reservoir
IT,h7544,0.19400858533963095,scr2081,stInflow,reservoir
IT,h7545,0.19400858533963095,scr2081,stInflow,reservoir
IT,h7546,0.19400858533963095,scr2081,stInflow,reservoir
IT,h7547,0.19400858533963095,scr2081,stInflow,reservoir
IT,h7548,0.19400858533963095,scr2081,stInflow,reservoir
IT,h7549,0.19400858533963095,scr2081,stInflow,reservoir
IT,h7550,0.19400858533963095,scr2081,stInflow,reservoir
IT,h7551,0.19400858533963095,scr2081,stInflow,reservoir
IT,h7552,0.19400858533963095,scr2081,stInflow,reservoir
IT,h7553,0.19400858533963095,scr2081,stInflow,reservoir
IT,h7554,0.19400858533963095,scr2081,stInflow,reservoir
IT,h7555,0.19400858533963095,scr2081,stInflow,reservoir
IT,h7556,0.19400858533963095,scr2081,stInflow,reservoir
IT,h7557,0.19400858533963095,scr2081,stInflow,reservoir
IT,h7558,0.19400858533963095,scr2081,stInflow,reservoir
IT,h7559,0.19400858533963095,scr2081,stInflow,reservoir
IT,h7560,0.19400858533963095,scr2081,stInflow,reservoir
IT,h7561,0.19400858533963095,scr2081,stInflow,reservoir
IT,h7562,0.19400858533963095,scr2081,stInflow,reservoir
IT,h7563,0.19400858533963095,scr2081,stInflow,reservoir
IT,h7564,0.19400858533963095,scr2081,stInflow,reservoir
IT,h7565,0.19400858533963095,scr2081,stInflow,reservoir
IT,h7566,0.19400858533963095,scr2081,stInflow,reservoir
IT,h7567,0.19400858533963095,scr2081,stInflow,reservoir
IT,h7568,0.19400858533963095,scr2081,stInflow,reservoir
IT,h7569,0.19400858533963095,scr2081,stInflow,reservoir
IT,h7570,0.19400858533963095,scr2081,stInflow,reservoir
IT,h7571,0.19400858533963095,scr2081,stInflow,reservoir
IT,h7572,0.19400858533963095,scr2081,stInflow,reservoir
IT,h7573,0.19400858533963095,scr2081,stInflow,reservoir
IT,h7574,0.19400858533963095,scr2081,stInflow,reservoir
IT,h7575,0.19400858533963095,scr2081,stInflow,reservoir
IT,h7576,0.19400858533963095,scr2081,stInflow,reservoir
IT,h7577,0.19400858533963095,scr2081,stInflow,reservoir
IT,h7578,0.19400858533963095,scr2081,stInflow,reservoir
IT,h7579,0.19400858533963095,scr2081,stInflow,reservoir
IT,h7580,0.19400858533963095,scr2081,stInflow,reservoir
IT,h7581,0.19400858533963095,scr2081,stInflow,reservoir
IT,h7582,0.19400858533963095,scr2081,stInflow,reservoir
IT,h7583,0.19400858533963095,scr2081,stInflow,reservoir
IT,h7584,0.19400858533963095,scr2081,stInflow,reservoir
IT,h7585,0.19400858533963095,scr2081,stInflow,reservoir
IT,h7586,0.19400858533963095,scr2081,stInflow,reservoir
IT,h7587,0.19400858533963095,scr2081,stInflow,reservoir
IT,h7588,0.19400858533963095,scr2081,stInflow,reservoir
IT,h7589,0.19400858533963095,scr2081,stInflow,reservoir
IT,h7590,0.19400858533963095,scr2081,stInflow,reservoir
IT,h7591,0.19400858533963095,scr2081,stInflow,reservoir
IT,h7592,0.19400858533963095,scr2081,stInflow,reservoir
IT,h7593,0.19400858533963095,scr2081,stInflow,reservoir
IT,h7594,0.19400858533963095,scr2081,stInflow,reservoir
IT,h7595,0.19400858533963095,scr2081,stInflow,reservoir
IT,h7596,0.19400858533963095,scr2081,stInflow,reservoir
IT,h7597,0.19400858533963095,scr2081,stInflow,reservoir
IT,h7598,0.19400858533963095,scr2081,stInflow,reservoir
IT,h7599,0.19400858533963095,scr2081,stInflow,reservoir
IT,h7600,0.19400858533963095,scr2081,stInflow,reservoir
IT,h7601,0.19400858533963095,scr2081,stInflow,reservoir
IT,h7602,0.19400858533963095,scr2081,stInflow,reservoir
IT,h7603,0.19400858533963095,scr2081,stInflow,reservoir
IT,h7604,0.19400858533963095,scr2081,stInflow,reservoir
IT,h7605,0.19400858533963095,scr2081,stInflow,reservoir
IT,h7606,0.19400858533963095,scr2081,stInflow,reservoir
IT,h7607,0.19400858533963095,scr2081,stInflow,reservoir
IT,h7608,0.19400858533963095,scr2081,stInflow,reservoir
IT,h7609,0.19400858533963095,scr2081,stInflow,reservoir
IT,h7610,0.19400858533963095,scr2081,stInflow,reservoir
IT,h7611,0.19400858533963095,scr2081,stInflow,reservoir
IT,h7612,0.19400858533963095,scr2081,stInflow,reservoir
IT,h7613,0.19400858533963095,scr2081,stInflow,reservoir
IT,h7614,0.19400858533963095,scr2081,stInflow,reservoir
IT,h7615,0.19400858533963095,scr2081,stInflow,reservoir
IT,h7616,0.19400858533963095,scr2081,stInflow,reservoir
IT,h7617,0.19400858533963095,scr2081,stInflow,reservoir
IT,h7618,0.19400858533963095,scr2081,stInflow,reservoir
IT,h7619,0.19400858533963095,scr2081,stInflow,reservoir
IT,h7620,0.19400858533963095,scr2081,stInflow,reservoir
IT,h7621,0.19400858533963095,scr2081,stInflow,reservoir
IT,h7622,0.19400858533963095,scr2081,stInflow,reservoir
IT,h7623,0.19400858533963095,scr2081,stInflow,reservoir
IT,h7624,0.19400858533963095,scr2081,stInflow,reservoir
IT,h7625,0.19400858533963095,scr2081,stInflow,reservoir
IT,h7626,0.19400858533963095,scr2081,stInflow,reservoir
IT,h7627,0.19400858533963095,scr2081,stInflow,reservoir
IT,h7628,0.19400858533963095,scr2081,stInflow,reservoir
IT,h7629,0.19400858533963095,scr2081,stInflow,reservoir
IT,h7630,0.19400858533963095,scr2081,stInflow,reservoir
IT,h7631,0.19400858533963095,scr2081,stInflow,reservoir
IT,h7632,0.19400858533963095,scr2081,stInflow,reservoir
IT,h7633,0.19400858533963095,scr2081,stInflow,reservoir
IT,h7634,0.19400858533963095,scr2081,stInflow,reservoir
IT,h7635,0.19400858533963095,scr2081,stInflow,reservoir
IT,h7636,0.19400858533963095,scr2081,stInflow,reservoir
IT,h7637,0.19400858533963095,scr2081,stInflow,reservoir
IT,h7638,0.19400858533963095,scr2081,stInflow,reservoir
IT,h7639,0.19400858533963095,scr2081,stInflow,reservoir
IT,h7640,0.19400858533963095,scr2081,stInflow,reservoir
IT,h7641,0.19400858533963095,scr2081,stInflow,reservoir
IT,h7642,0.19400858533963095,scr2081,stInflow,reservoir
IT,h7643,0.19400858533963095,scr2081,stInflow,reservoir
IT,h7644,0.19400858533963095,scr2081,stInflow,reservoir
IT,h7645,0.19400858533963095,scr2081,stInflow,reservoir
IT,h7646,0.19400858533963095,scr2081,stInflow,reservoir
IT,h7647,0.19400858533963095,scr2081,stInflow,reservoir
IT,h7648,0.19400858533963095,scr2081,stInflow,reservoir
IT,h7649,0.19400858533963095,scr2081,stInflow,reservoir
IT,h7650,0.19400858533963095,scr2081,stInflow,reservoir
IT,h7651,0.19400858533963095,scr2081,stInflow,reservoir
IT,h7652,0.19400858533963095,scr2081,stInflow,reservoir
IT,h7653,0.19400858533963095,scr2081,stInflow,reservoir
IT,h7654,0.19400858533963095,scr2081,stInflow,reservoir
IT,h7655,0.19400858533963095,scr2081,stInflow,reservoir
IT,h7656,0.19400858533963095,scr2081,stInflow,reservoir
IT,h7657,0.19400858533963095,scr2081,stInflow,reservoir
IT,h7658,0.19400858533963095,scr2081,stInflow,reservoir
IT,h7659,0.19400858533963095,scr2081,stInflow,reservoir
IT,h7660,0.19400858533963095,scr2081,stInflow,reservoir
IT,h7661,0.19400858533963095,scr2081,stInflow,reservoir
IT,h7662,0.19400858533963095,scr2081,stInflow,reservoir
IT,h7663,0.19400858533963095,scr2081,stInflow,reservoir
IT,h7664,0.19400858533963095,scr2081,stInflow,reservoir
IT,h7665,0.19400858533963095,scr2081,stInflow,reservoir
IT,h7666,0.19400858533963095,scr2081,stInflow,reservoir
IT,h7667,0.19400858533963095,scr2081,stInflow,reservoir
IT,h7668,0.19400858533963095,scr2081,stInflow,reservoir
IT,h7669,0.19400858533963095,scr2081,stInflow,reservoir
IT,h7670,0.19400858533963095,scr2081,stInflow,reservoir
IT,h7671,0.19400858533963095,scr2081,stInflow,reservoir
IT,h7672,0.19400858533963095,scr2081,stInflow,reservoir
IT,h7673,0.19400858533963095,scr2081,stInflow,reservoir
IT,h7674,0.19400858533963095,scr2081,stInflow,reservoir
IT,h7675,0.19400858533963095,scr2081,stInflow,reservoir
IT,h7676,0.19400858533963095,scr2081,stInflow,reservoir
IT,h7677,0.19400858533963095,scr2081,stInflow,reservoir
IT,h7678,0.19400858533963095,scr2081,stInflow,reservoir
IT,h7679,0.19400858533963095,scr2081,stInflow,reservoir
IT,h7680,0.19400858533963095,scr2081,stInflow,reservoir
IT,h7681,0.19894852099587623,scr2081,stInflow,reservoir
IT,h7682,0.20388846891959944,scr2081,stInflow,reservoir
IT,h7683,0.20882842881354152,scr2081,stInflow,reservoir
IT,h7684,0.20882842881354152,scr2081,stInflow,reservoir
IT,h7685,0.20882842881354152,scr2081,stInflow,reservoir
IT,h7686,0.20882842881354152,scr2081,stInflow,reservoir
IT,h7687,0.20882842881354152,scr2081,stInflow,reservoir
IT,h7688,0.20882842881354152,scr2081,stInflow,reservoir
IT,h7689,0.20882842881354152,scr2081,stInflow,reservoir
IT,h7690,0.20882842881354152,scr2081,stInflow,reservoir
IT,h7691,0.20882842881354152,scr2081,stInflow,reservoir
IT,h7692,0.20882842881354152,scr2081,stInflow,reservoir
IT,h7693,0.20882842881354152,scr2081,stInflow,reservoir
IT,h7694,0.20882842881354152,scr2081,stInflow,reservoir
IT,h7695,0.20882842881354152,scr2081,stInflow,reservoir
IT,h7696,0.20882842881354152,scr2081,stInflow,reservoir
IT,h7697,0.20882842881354152,scr2081,stInflow,reservoir
IT,h7698,0.20882842881354152,scr2081,stInflow,reservoir
IT,h7699,0.20882842881354152,scr2081,stInflow,reservoir
IT,h7700,0.20882842881354152,scr2081,stInflow,reservoir
IT,h7701,0.20882842881354152,scr2081,stInflow,reservoir
IT,h7702,0.20882842881354152,scr2081,stInflow,reservoir
IT,h7703,0.20882842881354152,scr2081,stInflow,reservoir
IT,h7704,0.20882842881354152,scr2081,stInflow,reservoir
IT,h7705,0.20882842881354152,scr2081,stInflow,reservoir
IT,h7706,0.20882842881354152,scr2081,stInflow,reservoir
IT,h7707,0.20882842881354152,scr2081,stInflow,reservoir
IT,h7708,0.20882842881354152,scr2081,stInflow,reservoir
IT,h7709,0.20882842881354152,scr2081,stInflow,reservoir
IT,h7710,0.20882842881354152,scr2081,stInflow,reservoir
IT,h7711,0.20882842881354152,scr2081,stInflow,reservoir
IT,h7712,0.20882842881354152,scr2081,stInflow,reservoir
IT,h7713,0.20882842881354152,scr2081,stInflow,reservoir
IT,h7714,0.20882842881354152,scr2081,stInflow,reservoir
IT,h7715,0.20882842881354152,scr2081,stInflow,reservoir
IT,h7716,0.20882842881354152,scr2081,stInflow,reservoir
IT,h7717,0.20882842881354152,scr2081,stInflow,reservoir
IT,h7718,0.20882842881354152,scr2081,stInflow,reservoir
IT,h7719,0.20882842881354152,scr2081,stInflow,reservoir
IT,h7720,0.20882842881354152,scr2081,stInflow,reservoir
IT,h7721,0.20882842881354152,scr2081,stInflow,reservoir
IT,h7722,0.20882842881354152,scr2081,stInflow,reservoir
IT,h7723,0.20882842881354152,scr2081,stInflow,reservoir
IT,h7724,0.20882842881354152,scr2081,stInflow,reservoir
IT,h7725,0.20882842881354152,scr2081,stInflow,reservoir
IT,h7726,0.20882842881354152,scr2081,stInflow,reservoir
IT,h7727,0.20882842881354152,scr2081,stInflow,reservoir
IT,h7728,0.20882842881354152,scr2081,stInflow,reservoir
IT,h7729,0.20882842881354152,scr2081,stInflow,reservoir
IT,h7730,0.20882842881354152,scr2081,stInflow,reservoir
IT,h7731,0.20882842881354152,scr2081,stInflow,reservoir
IT,h7732,0.20882842881354152,scr2081,stInflow,reservoir
IT,h7733,0.20882842881354152,scr2081,stInflow,reservoir
IT,h7734,0.20882842881354152,scr2081,stInflow,reservoir
IT,h7735,0.20882842881354152,scr2081,stInflow,reservoir
IT,h7736,0.20882842881354152,scr2081,stInflow,reservoir
IT,h7737,0.20882842881354152,scr2081,stInflow,reservoir
IT,h7738,0.20882842881354152,scr2081,stInflow,reservoir
IT,h7739,0.20882842881354152,scr2081,stInflow,reservoir
IT,h7740,0.20882842881354152,scr2081,stInflow,reservoir
IT,h7741,0.20882842881354152,scr2081,stInflow,reservoir
IT,h7742,0.20882842881354152,scr2081,stInflow,reservoir
IT,h7743,0.20882842881354152,scr2081,stInflow,reservoir
IT,h7744,0.20882842881354152,scr2081,stInflow,reservoir
IT,h7745,0.20882842881354152,scr2081,stInflow,reservoir
IT,h7746,0.20882842881354152,scr2081,stInflow,reservoir
IT,h7747,0.20882842881354152,scr2081,stInflow,reservoir
IT,h7748,0.20882842881354152,scr2081,stInflow,reservoir
IT,h7749,0.20882842881354152,scr2081,stInflow,reservoir
IT,h7750,0.20882842881354152,scr2081,stInflow,reservoir
IT,h7751,0.20882842881354152,scr2081,stInflow,reservoir
IT,h7752,0.20882842881354152,scr2081,stInflow,reservoir
IT,h7753,0.20882842881354152,scr2081,stInflow,reservoir
IT,h7754,0.20882842881354152,scr2081,stInflow,reservoir
IT,h7755,0.20882842881354152,scr2081,stInflow,reservoir
IT,h7756,0.20882842881354152,scr2081,stInflow,reservoir
IT,h7757,0.20882842881354152,scr2081,stInflow,reservoir
IT,h7758,0.20882842881354152,scr2081,stInflow,reservoir
IT,h7759,0.20882842881354152,scr2081,stInflow,reservoir
IT,h7760,0.20882842881354152,scr2081,stInflow,reservoir
IT,h7761,0.20882842881354152,scr2081,stInflow,reservoir
IT,h7762,0.20882842881354152,scr2081,stInflow,reservoir
IT,h7763,0.20882842881354152,scr2081,stInflow,reservoir
IT,h7764,0.20882842881354152,scr2081,stInflow,reservoir
IT,h7765,0.20882842881354152,scr2081,stInflow,reservoir
IT,h7766,0.20882842881354152,scr2081,stInflow,reservoir
IT,h7767,0.20882842881354152,scr2081,stInflow,reservoir
IT,h7768,0.20882842881354152,scr2081,stInflow,reservoir
IT,h7769,0.20882842881354152,scr2081,stInflow,reservoir
IT,h7770,0.20882842881354152,scr2081,stInflow,reservoir
IT,h7771,0.20882842881354152,scr2081,stInflow,reservoir
IT,h7772,0.20882842881354152,scr2081,stInflow,reservoir
IT,h7773,0.20882842881354152,scr2081,stInflow,reservoir
IT,h7774,0.20882842881354152,scr2081,stInflow,reservoir
IT,h7775,0.20882842881354152,scr2081,stInflow,reservoir
IT,h7776,0.20882842881354152,scr2081,stInflow,reservoir
IT,h7777,0.20882842881354152,scr2081,stInflow,reservoir
IT,h7778,0.20882842881354152,scr2081,stInflow,reservoir
IT,h7779,0.20882842881354152,scr2081,stInflow,reservoir
IT,h7780,0.20882842881354152,scr2081,stInflow,reservoir
IT,h7781,0.20882842881354152,scr2081,stInflow,reservoir
IT,h7782,0.20882842881354152,scr2081,stInflow,reservoir
IT,h7783,0.20882842881354152,scr2081,stInflow,reservoir
IT,h7784,0.20882842881354152,scr2081,stInflow,reservoir
IT,h7785,0.20882842881354152,scr2081,stInflow,reservoir
IT,h7786,0.20882842881354152,scr2081,stInflow,reservoir
IT,h7787,0.20882842881354152,scr2081,stInflow,reservoir
IT,h7788,0.20882842881354152,scr2081,stInflow,reservoir
IT,h7789,0.20882842881354152,scr2081,stInflow,reservoir
IT,h7790,0.20882842881354152,scr2081,stInflow,reservoir
IT,h7791,0.20882842881354152,scr2081,stInflow,reservoir
IT,h7792,0.20882842881354152,scr2081,stInflow,reservoir
IT,h7793,0.20882842881354152,scr2081,stInflow,reservoir
IT,h7794,0.20882842881354152,scr2081,stInflow,reservoir
IT,h7795,0.20882842881354152,scr2081,stInflow,reservoir
IT,h7796,0.20882842881354152,scr2081,stInflow,reservoir
IT,h7797,0.20882842881354152,scr2081,stInflow,reservoir
IT,h7798,0.20882842881354152,scr2081,stInflow,reservoir
IT,h7799,0.20882842881354152,scr2081,stInflow,reservoir
IT,h7800,0.20882842881354152,scr2081,stInflow,reservoir
IT,h7801,0.20882842881354152,scr2081,stInflow,reservoir
IT,h7802,0.20882842881354152,scr2081,stInflow,reservoir
IT,h7803,0.20882842881354152,scr2081,stInflow,reservoir
IT,h7804,0.20882842881354152,scr2081,stInflow,reservoir
IT,h7805,0.20882842881354152,scr2081,stInflow,reservoir
IT,h7806,0.20882842881354152,scr2081,stInflow,reservoir
IT,h7807,0.20882842881354152,scr2081,stInflow,reservoir
IT,h7808,0.20882842881354152,scr2081,stInflow,reservoir
IT,h7809,0.20882842881354152,scr2081,stInflow,reservoir
IT,h7810,0.20882842881354152,scr2081,stInflow,reservoir
IT,h7811,0.20882842881354152,scr2081,stInflow,reservoir
IT,h7812,0.20882842881354152,scr2081,stInflow,reservoir
IT,h7813,0.20882842881354152,scr2081,stInflow,reservoir
IT,h7814,0.20882842881354152,scr2081,stInflow,reservoir
IT,h7815,0.20882842881354152,scr2081,stInflow,reservoir
IT,h7816,0.20882842881354152,scr2081,stInflow,reservoir
IT,h7817,0.20882842881354152,scr2081,stInflow,reservoir
IT,h7818,0.20882842881354152,scr2081,stInflow,reservoir
IT,h7819,0.20882842881354152,scr2081,stInflow,reservoir
IT,h7820,0.20882842881354152,scr2081,stInflow,reservoir
IT,h7821,0.20882842881354152,scr2081,stInflow,reservoir
IT,h7822,0.20882842881354152,scr2081,stInflow,reservoir
IT,h7823,0.20882842881354152,scr2081,stInflow,reservoir
IT,h7824,0.20882842881354152,scr2081,stInflow,reservoir
IT,h7825,0.20882842881354152,scr2081,stInflow,reservoir
IT,h7826,0.20882842881354152,scr2081,stInflow,reservoir
IT,h7827,0.20882842881354152,scr2081,stInflow,reservoir
IT,h7828,0.20882842881354152,scr2081,stInflow,reservoir
IT,h7829,0.20882842881354152,scr2081,stInflow,reservoir
IT,h7830,0.20882842881354152,scr2081,stInflow,reservoir
IT,h7831,0.20882842881354152,scr2081,stInflow,reservoir
IT,h7832,0.20882842881354152,scr2081,stInflow,reservoir
IT,h7833,0.20882842881354152,scr2081,stInflow,reservoir
IT,h7834,0.20882842881354152,scr2081,stInflow,reservoir
IT,h7835,0.20882842881354152,scr2081,stInflow,reservoir
IT,h7836,0.20882842881354152,scr2081,stInflow,reservoir
IT,h7837,0.20882842881354152,scr2081,stInflow,reservoir
IT,h7838,0.20882842881354152,scr2081,stInflow,reservoir
IT,h7839,0.20882842881354152,scr2081,stInflow,reservoir
IT,h7840,0.20882842881354152,scr2081,stInflow,reservoir
IT,h7841,0.20882842881354152,scr2081,stInflow,reservoir
IT,h7842,0.20882842881354152,scr2081,stInflow,reservoir
IT,h7843,0.20882842881354152,scr2081,stInflow,reservoir
IT,h7844,0.20882842881354152,scr2081,stInflow,reservoir
IT,h7845,0.20882842881354152,scr2081,stInflow,reservoir
IT,h7846,0.20882842881354152,scr2081,stInflow,reservoir
IT,h7847,0.20882842881354152,scr2081,stInflow,reservoir
IT,h7848,0.20882842881354152,scr2081,stInflow,reservoir
IT,h7849,0.2515138735335938,scr2081,stInflow,reservoir
IT,h7850,0.2942000462116412,scr2081,stInflow,reservoir
IT,h7851,0.3368868404213359,scr2081,stInflow,reservoir
IT,h7852,0.3368868404213359,scr2081,stInflow,reservoir
IT,h7853,0.3368868404213359,scr2081,stInflow,reservoir
IT,h7854,0.3368868404213359,scr2081,stInflow,reservoir
IT,h7855,0.3368868404213359,scr2081,stInflow,reservoir
IT,h7856,0.3368868404213359,scr2081,stInflow,reservoir
IT,h7857,0.3368868404213359,scr2081,stInflow,reservoir
IT,h7858,0.3368868404213359,scr2081,stInflow,reservoir
IT,h7859,0.3368868404213359,scr2081,stInflow,reservoir
IT,h7860,0.3368868404213359,scr2081,stInflow,reservoir
IT,h7861,0.3368868404213359,scr2081,stInflow,reservoir
IT,h7862,0.3368868404213359,scr2081,stInflow,reservoir
IT,h7863,0.3368868404213359,scr2081,stInflow,reservoir
IT,h7864,0.3368868404213359,scr2081,stInflow,reservoir
IT,h7865,0.3368868404213359,scr2081,stInflow,reservoir
IT,h7866,0.3368868404213359,scr2081,stInflow,reservoir
IT,h7867,0.3368868404213359,scr2081,stInflow,reservoir
IT,h7868,0.3368868404213359,scr2081,stInflow,reservoir
IT,h7869,0.3368868404213359,scr2081,stInflow,reservoir
IT,h7870,0.3368868404213359,scr2081,stInflow,reservoir
IT,h7871,0.3368868404213359,scr2081,stInflow,reservoir
IT,h7872,0.3368868404213359,scr2081,stInflow,reservoir
IT,h7873,0.3368868404213359,scr2081,stInflow,reservoir
IT,h7874,0.3368868404213359,scr2081,stInflow,reservoir
IT,h7875,0.3368868404213359,scr2081,stInflow,reservoir
IT,h7876,0.3368868404213359,scr2081,stInflow,reservoir
IT,h7877,0.3368868404213359,scr2081,stInflow,reservoir
IT,h7878,0.3368868404213359,scr2081,stInflow,reservoir
IT,h7879,0.3368868404213359,scr2081,stInflow,reservoir
IT,h7880,0.3368868404213359,scr2081,stInflow,reservoir
IT,h7881,0.3368868404213359,scr2081,stInflow,reservoir
IT,h7882,0.3368868404213359,scr2081,stInflow,reservoir
IT,h7883,0.3368868404213359,scr2081,stInflow,reservoir
IT,h7884,0.3368868404213359,scr2081,stInflow,reservoir
IT,h7885,0.3368868404213359,scr2081,stInflow,reservoir
IT,h7886,0.3368868404213359,scr2081,stInflow,reservoir
IT,h7887,0.3368868404213359,scr2081,stInflow,reservoir
IT,h7888,0.3368868404213359,scr2081,stInflow,reservoir
IT,h7889,0.3368868404213359,scr2081,stInflow,reservoir
IT,h7890,0.3368868404213359,scr2081,stInflow,reservoir
IT,h7891,0.3368868404213359,scr2081,stInflow,reservoir
IT,h7892,0.3368868404213359,scr2081,stInflow,reservoir
IT,h7893,0.3368868404213359,scr2081,stInflow,reservoir
IT,h7894,0.3368868404213359,scr2081,stInflow,reservoir
IT,h7895,0.3368868404213359,scr2081,stInflow,reservoir
IT,h7896,0.3368868404213359,scr2081,stInflow,reservoir
IT,h7897,0.3368868404213359,scr2081,stInflow,reservoir
IT,h7898,0.3368868404213359,scr2081,stInflow,reservoir
IT,h7899,0.3368868404213359,scr2081,stInflow,reservoir
IT,h7900,0.3368868404213359,scr2081,stInflow,reservoir
IT,h7901,0.3368868404213359,scr2081,stInflow,reservoir
IT,h7902,0.3368868404213359,scr2081,stInflow,reservoir
IT,h7903,0.3368868404213359,scr2081,stInflow,reservoir
IT,h7904,0.3368868404213359,scr2081,stInflow,reservoir
IT,h7905,0.3368868404213359,scr2081,stInflow,reservoir
IT,h7906,0.3368868404213359,scr2081,stInflow,reservoir
IT,h7907,0.3368868404213359,scr2081,stInflow,reservoir
IT,h7908,0.3368868404213359,scr2081,stInflow,reservoir
IT,h7909,0.3368868404213359,scr2081,stInflow,reservoir
IT,h7910,0.3368868404213359,scr2081,stInflow,reservoir
IT,h7911,0.3368868404213359,scr2081,stInflow,reservoir
IT,h7912,0.3368868404213359,scr2081,stInflow,reservoir
IT,h7913,0.3368868404213359,scr2081,stInflow,reservoir
IT,h7914,0.3368868404213359,scr2081,stInflow,reservoir
IT,h7915,0.3368868404213359,scr2081,stInflow,reservoir
IT,h7916,0.3368868404213359,scr2081,stInflow,reservoir
IT,h7917,0.3368868404213359,scr2081,stInflow,reservoir
IT,h7918,0.3368868404213359,scr2081,stInflow,reservoir
IT,h7919,0.3368868404213359,scr2081,stInflow,reservoir
IT,h7920,0.3368868404213359,scr2081,stInflow,reservoir
IT,h7921,0.3368868404213359,scr2081,stInflow,reservoir
IT,h7922,0.3368868404213359,scr2081,stInflow,reservoir
IT,h7923,0.3368868404213359,scr2081,stInflow,reservoir
IT,h7924,0.3368868404213359,scr2081,stInflow,reservoir
IT,h7925,0.3368868404213359,scr2081,stInflow,reservoir
IT,h7926,0.3368868404213359,scr2081,stInflow,reservoir
IT,h7927,0.3368868404213359,scr2081,stInflow,reservoir
IT,h7928,0.3368868404213359,scr2081,stInflow,reservoir
IT,h7929,0.3368868404213359,scr2081,stInflow,reservoir
IT,h7930,0.3368868404213359,scr2081,stInflow,reservoir
IT,h7931,0.3368868404213359,scr2081,stInflow,reservoir
IT,h7932,0.3368868404213359,scr2081,stInflow,reservoir
IT,h7933,0.3368868404213359,scr2081,stInflow,reservoir
IT,h7934,0.3368868404213359,scr2081,stInflow,reservoir
IT,h7935,0.3368868404213359,scr2081,stInflow,reservoir
IT,h7936,0.3368868404213359,scr2081,stInflow,reservoir
IT,h7937,0.3368868404213359,scr2081,stInflow,reservoir
IT,h7938,0.3368868404213359,scr2081,stInflow,reservoir
IT,h7939,0.3368868404213359,scr2081,stInflow,reservoir
IT,h7940,0.3368868404213359,scr2081,stInflow,reservoir
IT,h7941,0.3368868404213359,scr2081,stInflow,reservoir
IT,h7942,0.3368868404213359,scr2081,stInflow,reservoir
IT,h7943,0.3368868404213359,scr2081,stInflow,reservoir
IT,h7944,0.3368868404213359,scr2081,stInflow,reservoir
IT,h7945,0.3368868404213359,scr2081,stInflow,reservoir
IT,h7946,0.3368868404213359,scr2081,stInflow,reservoir
IT,h7947,0.3368868404213359,scr2081,stInflow,reservoir
IT,h7948,0.3368868404213359,scr2081,stInflow,reservoir
IT,h7949,0.3368868404213359,scr2081,stInflow,reservoir
IT,h7950,0.3368868404213359,scr2081,stInflow,reservoir
IT,h7951,0.3368868404213359,scr2081,stInflow,reservoir
IT,h7952,0.3368868404213359,scr2081,stInflow,reservoir
IT,h7953,0.3368868404213359,scr2081,stInflow,reservoir
IT,h7954,0.3368868404213359,scr2081,stInflow,reservoir
IT,h7955,0.3368868404213359,scr2081,stInflow,reservoir
IT,h7956,0.3368868404213359,scr2081,stInflow,reservoir
IT,h7957,0.3368868404213359,scr2081,stInflow,reservoir
IT,h7958,0.3368868404213359,scr2081,stInflow,reservoir
IT,h7959,0.3368868404213359,scr2081,stInflow,reservoir
IT,h7960,0.3368868404213359,scr2081,stInflow,reservoir
IT,h7961,0.3368868404213359,scr2081,stInflow,reservoir
IT,h7962,0.3368868404213359,scr2081,stInflow,reservoir
IT,h7963,0.3368868404213359,scr2081,stInflow,reservoir
IT,h7964,0.3368868404213359,scr2081,stInflow,reservoir
IT,h7965,0.3368868404213359,scr2081,stInflow,reservoir
IT,h7966,0.3368868404213359,scr2081,stInflow,reservoir
IT,h7967,0.3368868404213359,scr2081,stInflow,reservoir
IT,h7968,0.3368868404213359,scr2081,stInflow,reservoir
IT,h7969,0.3368868404213359,scr2081,stInflow,reservoir
IT,h7970,0.3368868404213359,scr2081,stInflow,reservoir
IT,h7971,0.3368868404213359,scr2081,stInflow,reservoir
IT,h7972,0.3368868404213359,scr2081,stInflow,reservoir
IT,h7973,0.3368868404213359,scr2081,stInflow,reservoir
IT,h7974,0.3368868404213359,scr2081,stInflow,reservoir
IT,h7975,0.3368868404213359,scr2081,stInflow,reservoir
IT,h7976,0.3368868404213359,scr2081,stInflow,reservoir
IT,h7977,0.3368868404213359,scr2081,stInflow,reservoir
IT,h7978,0.3368868404213359,scr2081,stInflow,reservoir
IT,h7979,0.3368868404213359,scr2081,stInflow,reservoir
IT,h7980,0.3368868404213359,scr2081,stInflow,reservoir
IT,h7981,0.3368868404213359,scr2081,stInflow,reservoir
IT,h7982,0.3368868404213359,scr2081,stInflow,reservoir
IT,h7983,0.3368868404213359,scr2081,stInflow,reservoir
IT,h7984,0.3368868404213359,scr2081,stInflow,reservoir
IT,h7985,0.3368868404213359,scr2081,stInflow,reservoir
IT,h7986,0.3368868404213359,scr2081,stInflow,reservoir
IT,h7987,0.3368868404213359,scr2081,stInflow,reservoir
IT,h7988,0.3368868404213359,scr2081,stInflow,reservoir
IT,h7989,0.3368868404213359,scr2081,stInflow,reservoir
IT,h7990,0.3368868404213359,scr2081,stInflow,reservoir
IT,h7991,0.3368868404213359,scr2081,stInflow,reservoir
IT,h7992,0.3368868404213359,scr2081,stInflow,reservoir
IT,h7993,0.3368868404213359,scr2081,stInflow,reservoir
IT,h7994,0.3368868404213359,scr2081,stInflow,reservoir
IT,h7995,0.3368868404213359,scr2081,stInflow,reservoir
IT,h7996,0.3368868404213359,scr2081,stInflow,reservoir
IT,h7997,0.3368868404213359,scr2081,stInflow,reservoir
IT,h7998,0.3368868404213359,scr2081,stInflow,reservoir
IT,h7999,0.3368868404213359,scr2081,stInflow,reservoir
IT,h8000,0.3368868404213359,scr2081,stInflow,reservoir
IT,h8001,0.3368868404213359,scr2081,stInflow,reservoir
IT,h8002,0.3368868404213359,scr2081,stInflow,reservoir
IT,h8003,0.3368868404213359,scr2081,stInflow,reservoir
IT,h8004,0.3368868404213359,scr2081,stInflow,reservoir
IT,h8005,0.3368868404213359,scr2081,stInflow,reservoir
IT,h8006,0.3368868404213359,scr2081,stInflow,reservoir
IT,h8007,0.3368868404213359,scr2081,stInflow,reservoir
IT,h8008,0.3368868404213359,scr2081,stInflow,reservoir
IT,h8009,0.3368868404213359,scr2081,stInflow,reservoir
IT,h8010,0.3368868404213359,scr2081,stInflow,reservoir
IT,h8011,0.3368868404213359,scr2081,stInflow,reservoir
IT,h8012,0.3368868404213359,scr2081,stInflow,reservoir
IT,h8013,0.3368868404213359,scr2081,stInflow,reservoir
IT,h8014,0.3368868404213359,scr2081,stInflow,reservoir
IT,h8015,0.3368868404213359,scr2081,stInflow,reservoir
IT,h8016,0.3368868404213359,scr2081,stInflow,reservoir
IT,h8017,0.37449386341507807,scr2081,stInflow,reservoir
IT,h8018,0.4121012646889842,scr2081,stInflow,reservoir
IT,h8019,0.4497090096255137,scr2081,stInflow,reservoir
IT,h8020,0.4497090096255137,scr2081,stInflow,reservoir
IT,h8021,0.4497090096255137,scr2081,stInflow,reservoir
IT,h8022,0.4497090096255137,scr2081,stInflow,reservoir
IT,h8023,0.4497090096255137,scr2081,stInflow,reservoir
IT,h8024,0.4497090096255137,scr2081,stInflow,reservoir
IT,h8025,0.4497090096255137,scr2081,stInflow,reservoir
IT,h8026,0.4497090096255137,scr2081,stInflow,reservoir
IT,h8027,0.4497090096255137,scr2081,stInflow,reservoir
IT,h8028,0.4497090096255137,scr2081,stInflow,reservoir
IT,h8029,0.4497090096255137,scr2081,stInflow,reservoir
IT,h8030,0.4497090096255137,scr2081,stInflow,reservoir
IT,h8031,0.4497090096255137,scr2081,stInflow,reservoir
IT,h8032,0.4497090096255137,scr2081,stInflow,reservoir
IT,h8033,0.4497090096255137,scr2081,stInflow,reservoir
IT,h8034,0.4497090096255137,scr2081,stInflow,reservoir
IT,h8035,0.4497090096255137,scr2081,stInflow,reservoir
IT,h8036,0.4497090096255137,scr2081,stInflow,reservoir
IT,h8037,0.4497090096255137,scr2081,stInflow,reservoir
IT,h8038,0.4497090096255137,scr2081,stInflow,reservoir
IT,h8039,0.4497090096255137,scr2081,stInflow,reservoir
IT,h8040,0.4497090096255137,scr2081,stInflow,reservoir
NO,h7297,13.441260669796197,scr2081,stInflow,reservoir
NO,h7298,13.441260669796197,scr2081,stInflow,reservoir
NO,h7299,13.441260669796197,scr2081,stInflow,reservoir
NO,h7300,13.441260669796197,scr2081,stInflow,reservoir
NO,h7301,13.441260669796197,scr2081,stInflow,reservoir
NO,h7302,13.441260669796197,scr2081,stInflow,reservoir
NO,h7303,13.441260669796197,scr2081,stInflow,reservoir
NO,h7304,13.441260669796197,scr2081,stInflow,reservoir
NO,h7305,13.441260669796197,scr2081,stInflow,reservoir
NO,h7306,13.441260669796197,scr2081,stInflow,reservoir
NO,h7307,13.441260669796197,scr2081,stInflow,reservoir
NO,h7308,13.441260669796197,scr2081,stInflow,reservoir
NO,h7309,13.441260669796197,scr2081,stInflow,reservoir
NO,h7310,13.441260669796197,scr2081,stInflow,reservoir
NO,h7311,13.441260669796197,scr2081,stInflow,reservoir
NO,h7312,13.441260669796197,scr2081,stInflow,reservoir
NO,h7313,13.441260669796197,scr2081,stInflow,reservoir
NO,h7314,13.441260669796197,scr2081,stInflow,reservoir
NO,h7315,13.441260669796197,scr2081,stInflow,reservoir
NO,h7316,13.441260669796197,scr2081,stInflow,reservoir
NO,h7317,13.441260669796197,scr2081,stInflow,reservoir
NO,h7318,13.441260669796197,scr2081,stInflow,reservoir
NO,h7319,13.441260669796197,scr2081,stInflow,reservoir
NO,h7320,13.441260669796197,scr2081,stInflow,reservoir
NO,h7321,13.441260669796197,scr2081,stInflow,reservoir
NO,h7322,13.441260669796197,scr2081,stInflow,reservoir
NO,h7323,13.441260669796197,scr2081,stInflow,reservoir
NO,h7324,13.441260669796197,scr2081,stInflow,reservoir
NO,h7325,13.441260669796197,scr2081,stInflow,reservoir
NO,h7326,13.441260669796197,scr2081,stInflow,reservoir
NO,h7327,13.441260669796197,scr2081,stInflow,reservoir
NO,h7328,13.441260669796197,scr2081,stInflow,reservoir
NO,h7329,13.441260669796197,scr2081,stInflow,reservoir
NO,h7330,13.441260669796197,scr2081,stInflow,reservoir
NO,h7331,13.441260669796197,scr2081,stInflow,reservoir
NO,h7332,13.441260669796197,scr2081,stInflow,reservoir
NO,h7333,13.441260669796197,scr2081,stInflow,reservoir
NO,h7334,13.441260669796197,scr2081,stInflow,reservoir
NO,h7335,13.441260669796197,scr2081,stInflow,reservoir
NO,h7336,13.441260669796197,scr2081,stInflow,reservoir
NO,h7337,13.441260669796197,scr2081,stInflow,reservoir
NO,h7338,13.441260669796197,scr2081,stInflow,reservoir
NO,h7339,13.441260669796197,scr2081,stInflow,reservoir
NO,h7340,13.441260669796197,scr2081,stInflow,reservoir
NO,h7341,13.441260669796197,scr2081,stInflow,reservoir
NO,h7342,13.441260669796197,scr2081,stInflow,reservoir
NO,h7343,13.441260669796197,scr2081,stInflow,reservoir
NO,h7344,13.441260669796197,scr2081,stInflow,reservoir
NO,h7345,12.976901705865629,scr2081,stInflow,reservoir
NO,h7346,12.512544403926848,scr2081,stInflow,reservoir
NO,h7347,12.048188825680418,scr2081,stInflow,reservoir
NO,h7348,12.048188825680418,scr2081,stInflow,reservoir
NO,h7349,12.048188825680418,scr2081,stInflow,reservoir
NO,h7350,12.048188825680418,scr2081,stInflow,reservoir
NO,h7351,12.048188825680418,scr2081,stInflow,reservoir
NO,h7352,12.048188825680418,scr2081,stInflow,reservoir
NO,h7353,12.048188825680418,scr2081,stInflow,reservoir
NO,h7354,12.048188825680418,scr2081,stInflow,reservoir
NO,h7355,12.048188825680418,scr2081,stInflow,reservoir
NO,h7356,12.048188825680418,scr2081,stInflow,reservoir
NO,h7357,12.048188825680418,scr2081,stInflow,reservoir
NO,h7358,12.048188825680418,scr2081,stInflow,reservoir
NO,h7359,12.048188825680418,scr2081,stInflow,reservoir
NO,h7360,12.048188825680418,scr2081,stInflow,reservoir
NO,h7361,12.048188825680418,scr2081,stInflow,reservoir
NO,h7362,12.048188825680418,scr2081,stInflow,reservoir
NO,h7363,12.048188825680418,scr2081,stInflow,reservoir
NO,h7364,12.048188825680418,scr2081,stInflow,reservoir
NO,h7365,12.048188825680418,scr2081,stInflow,reservoir
NO,h7366,12.048188825680418,scr2081,stInflow,reservoir
NO,h7367,12.048188825680418,scr2081,stInflow,reservoir
NO,h7368,12.048188825680418,scr2081,stInflow,reservoir
NO,h7369,12.048188825680418,scr2081,stInflow,reservoir
NO,h7370,12.048188825680418,scr2081,stInflow,reservoir
NO,h7371,12.048188825680418,scr2081,stInflow,reservoir
NO,h7372,12.048188825680418,scr2081,stInflow,reservoir
NO,h7373,12.048188825680418,scr2081,stInflow,reservoir
NO,h7374,12.048188825680418,scr2081,stInflow,reservoir
NO,h7375,12.048188825680418,scr2081,stInflow,reservoir
NO,h7376,12.048188825680418,scr2081,stInflow,reservoir
NO,h7377,12.048188825680418,scr2081,stInflow,reservoir
NO,h7378,12.048188825680418,scr2081,stInflow,reservoir
NO,h7379,12.048188825680418,scr2081,stInflow,reservoir
NO,h7380,12.048188825680418,scr2081,stInflow,reservoir
NO,h7381,12.048188825680418,scr2081,stInflow,reservoir
NO,h7382,12.048188825680418,scr2081,stInflow,reservoir
NO,h7383,12.048188825680418,scr2081,stInflow,reservoir
NO,h7384,12.048188825680418,scr2081,stInflow,reservoir
NO,h7385,12.048188825680418,scr2081,stInflow,reservoir
NO,h7386,12.048188825680418,scr2081,stInflow,reservoir
NO,h7387,12.048188825680418,scr2081,stInflow,reservoir
NO,h7388,12.048188825680418,scr2081,stInflow,reservoir
NO,h7389,12.048188825680418,scr2081,stInflow,reservoir
NO,h7390,12.048188825680418,scr2081,stInflow,reservoir
NO,h7391,12.048188825680418,scr2081,stInflow,reservoir
NO,h7392,12.048188825680418,scr2081,stInflow,reservoir
NO,h7393,12.048188825680418,scr2081,stInflow,reservoir
NO,h7394,12.048188825680418,scr2081,stInflow,reservoir
NO,h7395,12.048188825680418,scr2081,stInflow,reservoir
NO,h7396,12.048188825680418,scr2081,stInflow,reservoir
NO,h7397,12.048188825680418,scr2081,stInflow,reservoir
NO,h7398,12.048188825680418,scr2081,stInflow,reservoir
NO,h7399,12.048188825680418,scr2081,stInflow,reservoir
NO,h7400,12.048188825680418,scr2081,stInflow,reservoir
NO,h7401,12.048188825680418,scr2081,stInflow,reservoir
NO,h7402,12.048188825680418,scr2081,stInflow,reservoir
NO,h7403,12.048188825680418,scr2081,stInflow,reservoir
NO,h7404,12.048188825680418,scr2081,stInflow,reservoir
NO,h7405,12.048188825680418,scr2081,stInflow,reservoir
NO,h7406,12.048188825680418,scr2081,stInflow,reservoir
NO,h7407,12.048188825680418,scr2081,stInflow,reservoir
NO,h7408,12.048188825680418,scr2081,stInflow,reservoir
NO,h7409,12.048188825680418,scr2081,stInflow,reservoir
NO,h7410,12.048188825680418,scr2081,stInflow,reservoir
NO,h7411,12.048188825680418,scr2081,stInflow,reservoir
NO,h7412,12.048188825680418,scr2081,stInflow,reservoir
NO,h7413,12.048188825680418,scr2081,stInflow,reservoir
NO,h7414,12.048188825680418,scr2081,stInflow,reservoir
NO,h7415,12.048188825680418,scr2081,stInflow,reservoir
NO,h7416,12.048188825680418,scr2081,stInflow,reservoir
NO,h7417,12.048188825680418,scr2081,stInflow,reservoir
NO,h7418,12.048188825680418,scr2081,stInflow,reservoir
NO,h7419,12.048188825680418,scr2081,stInflow,reservoir
NO,h7420,12.048188825680418,scr2081,stInflow,reservoir
NO,h7421,12.048188825680418,scr2081,stInflow,reservoir
NO,h7422,12.048188825680418,scr2081,stInflow,reservoir
NO,h7423,12.048188825680418,scr2081,stInflow,reservoir
NO,h7424,12.048188825680418,scr2081,stInflow,reservoir
NO,h7425,12.048188825680418,scr2081,stInflow,reservoir
NO,h7426,12.048188825680418,scr2081,stInflow,reservoir
NO,h7427,12.048188825680418,scr2081,stInflow,reservoir
NO,h7428,12.048188825680418,scr2081,stInflow,reservoir
NO,h7429,12.048188825680418,scr2081,stInflow,reservoir
NO,h7430,12.048188825680418,scr2081,stInflow,reservoir
NO,h7431,12.048188825680418,scr2081,stInflow,reservoir
NO,h7432,12.048188825680418,scr2081,stInflow,reservoir
NO,h7433,12.048188825680418,scr2081,stInflow,reservoir
NO,h7434,12.048188825680418,scr2081,stInflow,reservoir
NO,h7435,12.048188825680418,scr2081,stInflow,reservoir
NO,h7436,12.048188825680418,scr2081,stInflow,reservoir
NO,h7437,12.048188825680418,scr2081,stInflow,reservoir
NO,h7438,12.048188825680418,scr2081,stInflow,reservoir
NO,h7439,12.048188825680418,scr2081,stInflow,reservoir
NO,h7440,12.048188825680418,scr2081,stInflow,reservoir
NO,h7441,12.048188825680418,scr2081,stInflow,reservoir
NO,h7442,12.048188825680418,scr2081,stInflow,reservoir
NO,h7443,12.048188825680418,scr2081,stInflow,reservoir
NO,h7444,12.048188825680418,scr2081,stInflow,reservoir
NO,h7445,12.048188825680418,scr2081,stInflow,reservoir
NO,h7446,12.048188825680418,scr2081,stInflow,reservoir
NO,h7447,12.048188825680418,scr2081,stInflow,reservoir
NO,h7448,12.048188825680418,scr2081,stInflow,reservoir
NO,h7449,12.048188825680418,scr2081,stInflow,reservoir
NO,h7450,12.048188825680418,scr2081,stInflow,reservoir
NO,h7451,12.048188825680418,scr2081,stInflow,reservoir
NO,h7452,12.048188825680418,scr2081,stInflow,reservoir
NO,h7453,12.048188825680418,scr2081,stInflow,reservoir
NO,h7454,12.048188825680418,scr2081,stInflow,reservoir
NO,h7455,12.048188825680418,scr2081,stInflow,reservoir
NO,h7456,12.048188825680418,scr2081,stInflow,reservoir
NO,h7457,12.048188825680418,scr2081,stInflow,reservoir
NO,h7458,12.048188825680418,scr2081,stInflow,reservoir
NO,h7459,12.048188825680418,scr2081,stInflow,reservoir
NO,h7460,12.048188825680418,scr2081,stInflow,reservoir
NO,h7461,12.048188825680418,scr2081,stInflow,reservoir
NO,h7462,12.048188825680418,scr2081,stInflow,reservoir
NO,h7463,12.048188825680418,scr2081,stInflow,reservoir
NO,h7464,12.048188825680418,scr2081,stInflow,reservoir
NO,h7465,12.048188825680418,scr2081,stInflow,reservoir
NO,h7466,12.048188825680418,scr2081,stInflow,reservoir
NO,h7467,12.048188825680418,scr2081,stInflow,reservoir
NO,h7468,12.048188825680418,scr2081,stInflow,reservoir
NO,h7469,12.048188825680418,scr2081,stInflow,reservoir
NO,h7470,12.048188825680418,scr2081,stInflow,reservoir
NO,h7471,12.048188825680418,scr2081,stInflow,reservoir
NO,h7472,12.048188825680418,scr2081,stInflow,reservoir
NO,h7473,12.048188825680418,scr2081,stInflow,reservoir
NO,h7474,12.048188825680418,scr2081,stInflow,reservoir
NO,h7475,12.048188825680418,scr2081,stInflow,reservoir
NO,h7476,12.048188825680418,scr2081,stInflow,reservoir
NO,h7477,12.048188825680418,scr2081,stInflow,reservoir
NO,h7478,12.048188825680418,scr2081,stInflow,reservoir
NO,h7479,12.048188825680418,scr2081,stInflow,reservoir
NO,h7480,12.048188825680418,scr2081,stInflow,reservoir
NO,h7481,12.048188825680418,scr2081,stInflow,reservoir
NO,h7482,12.048188825680418,scr2081,stInflow,reservoir
NO,h7483,12.048188825680418,scr2081,stInflow,reservoir
NO,h7484,12.048188825680418,scr2081,stInflow,reservoir
NO,h7485,12.048188825680418,scr2081,stInflow,reservoir
NO,h7486,12.048188825680418,scr2081,stInflow,reservoir
NO,h7487,12.048188825680418,scr2081,stInflow,reservoir
NO,h7488,12.048188825680418,scr2081,stInflow,reservoir
NO,h7489,12.048188825680418,scr2081,stInflow,reservoir
NO,h7490,12.048188825680418,scr2081,stInflow,reservoir
NO,h7491,12.048188825680418,scr2081,stInflow,reservoir
NO,h7492,12.048188825680418,scr2081,stInflow,reservoir
NO,h7493,12.048188825680418,scr2081,stInflow,reservoir
NO,h7494,12.048188825680418,scr2081,stInflow,reservoir
NO,h7495,12.048188825680418,scr2081,stInflow,reservoir
NO,h7496,12.048188825680418,scr2081,stInflow,reservoir
NO,h7497,12.048188825680418,scr2081,stInflow,reservoir
NO,h7498,12.048188825680418,scr2081,stInflow,reservoir
NO,h7499,12.048188825680418,scr2081,stInflow,reservoir
NO,h7500,12.048188825680418,scr2081,stInflow,reservoir
NO,h7501,12.048188825680418,scr2081,stInflow,reservoir
NO,h7502,12.048188825680418,scr2081,stInflow,reservoir
NO,h7503,12.048188825680418,scr2081,stInflow,reservoir
NO,h7504,12.048188825680418,scr2081,stInflow,reservoir
NO,h7505,12.048188825680418,scr2081,stInflow,reservoir
NO,h7506,12.048188825680418,scr2081,stInflow,reservoir
NO,h7507,12.048188825680418,scr2081,stInflow,reservoir
NO,h7508,12.048188825680418,scr2081,stInflow,reservoir
NO,h7509,12.048188825680418,scr2081,stInflow,reservoir
NO,h7510,12.048188825680418,scr2081,stInflow,reservoir
NO,h7511,12.048188825680418,scr2081,stInflow,reservoir
NO,h7512,12.048188825680418,scr2081,stInflow,reservoir
NO,h7513,12.54998132546553,scr2081,stInflow,reservoir
NO,h7514,13.051775832148806,scr2081,stInflow,reservoir
NO,h7515,13.553572268540591,scr2081,stInflow,reservoir
NO,h7516,13.553572268540591,scr2081,stInflow,reservoir
NO,h7517,13.553572268540591,scr2081,stInflow,reservoir
NO,h7518,13.553572268540591,scr2081,stInflow,reservoir
NO,h7519,13.553572268540591,scr2081,stInflow,reservoir
NO,h7520,13.553572268540591,scr2081,stInflow,reservoir
NO,h7521,13.553572268540591,scr2081,stInflow,reservoir
NO,h7522,13.553572268540591,scr2081,stInflow,reservoir
NO,h7523,13.553572268540591,scr2081,stInflow,reservoir
NO,h7524,13.553572268540591,scr2081,stInflow,reservoir
NO,h7525,13.553572268540591,scr2081,stInflow,reservoir
NO,h7526,13.553572268540591,scr2081,stInflow,reservoir
NO,h7527,13.553572268540591,scr2081,stInflow,reservoir
NO,h7528,13.553572268540591,scr2081,stInflow,reservoir
NO,h7529,13.553572268540591,scr2081,stInflow,reservoir
NO,h7530,13.553572268540591,scr2081,stInflow,reservoir
NO,h7531,13.553572268540591,scr2081,stInflow,reservoir
NO,h7532,13.553572268540591,scr2081,stInflow,reservoir
NO,h7533,13.553572268540591,scr2081,stInflow,reservoir
NO,h7534,13.553572268540591,scr2081,stInflow,reservoir
NO,h7535,13.553572268540591,scr2081,stInflow,reservoir
NO,h7536,13.553572268540591,scr2081,stInflow,reservoir
NO,h7537,13.553572268540591,scr2081,stInflow,reservoir
NO,h7538,13.553572268540591,scr2081,stInflow,reservoir
NO,h7539,13.553572268540591,scr2081,stInflow,reservoir
NO,h7540,13.553572268540591,scr2081,stInflow,reservoir
NO,h7541,13.553572268540591,scr2081,stInflow,reservoir
NO,h7542,13.553572268540591,scr2081,stInflow,reservoir
NO,h7543,13.553572268540591,scr2081,stInflow,reservoir
NO,h7544,13.553572268540591,scr2081,stInflow,reservoir
NO,h7545,13.553572268540591,scr2081,stInflow,reservoir
NO,h7546,13.553572268540591,scr2081,stInflow,reservoir
NO,h7547,13.553572268540591,scr2081,stInflow,reservoir
NO,h7548,13.553572268540591,scr2081,stInflow,reservoir
NO,h7549,13.553572268540591,scr2081,stInflow,reservoir
NO,h7550,13.553572268540591,scr2081,stInflow,reservoir
NO,h7551,13.553572268540591,scr2081,stInflow,reservoir
NO,h7552,13.553572268540591,scr2081,stInflow,reservoir
NO,h7553,13.553572268540591,scr2081,stInflow,reservoir
NO,h7554,13.553572268540591,scr2081,stInflow,reservoir
NO,h7555,13.553572268540591,scr2081,stInflow,reservoir
NO,h7556,13.553572268540591,scr2081,stInflow,reservoir
NO,h7557,13.553572268540591,scr2081,stInflow,reservoir
NO,h7558,13.553572268540591,scr2081,stInflow,reservoir
NO,h7559,13.553572268540591,scr2081,stInflow,reservoir
NO,h7560,13.553572268540591,scr2081,stInflow,reservoir
NO,h7561,13.553572268540591,scr2081,stInflow,reservoir
NO,h7562,13.553572268540591,scr2081,stInflow,reservoir
NO,h7563,13.553572268540591,scr2081,stInflow,reservoir
NO,h7564,13.553572268540591,scr2081,stInflow,reservoir
NO,h7565,13.553572268540591,scr2081,stInflow,reservoir
NO,h7566,13.553572268540591,scr2081,stInflow,reservoir
NO,h7567,13.553572268540591,scr2081,stInflow,reservoir
NO,h7568,13.553572268540591,scr2081,stInflow,reservoir
NO,h7569,13.553572268540591,scr2081,stInflow,reservoir
NO,h7570,13.553572268540591,scr2081,stInflow,reservoir
NO,h7571,13.553572268540591,scr2081,stInflow,reservoir
NO,h7572,13.553572268540591,scr2081,stInflow,reservoir
NO,h7573,13.553572268540591,scr2081,stInflow,reservoir
NO,h7574,13.553572268540591,scr2081,stInflow,reservoir
NO,h7575,13.553572268540591,scr2081,stInflow,reservoir
NO,h7576,13.553572268540591,scr2081,stInflow,reservoir
NO,h7577,13.553572268540591,scr2081,stInflow,reservoir
NO,h7578,13.553572268540591,scr2081,stInflow,reservoir
NO,h7579,13.553572268540591,scr2081,stInflow,reservoir
NO,h7580,13.553572268540591,scr2081,stInflow,reservoir
NO,h7581,13.553572268540591,scr2081,stInflow,reservoir
NO,h7582,13.553572268540591,scr2081,stInflow,reservoir
NO,h7583,13.553572268540591,scr2081,stInflow,reservoir
NO,h7584,13.553572268540591,scr2081,stInflow,reservoir
NO,h7585,13.553572268540591,scr2081,stInflow,reservoir
NO,h7586,13.553572268540591,scr2081,stInflow,reservoir
NO,h7587,13.553572268540591,scr2081,stInflow,reservoir
NO,h7588,13.553572268540591,scr2081,stInflow,reservoir
NO,h7589,13.553572268540591,scr2081,stInflow,reservoir
NO,h7590,13.553572268540591,scr2081,stInflow,reservoir
NO,h7591,13.553572268540591,scr2081,stInflow,reservoir
NO,h7592,13.553572268540591,scr2081,stInflow,reservoir
NO,h7593,13.553572268540591,scr2081,stInflow,reservoir
NO,h7594,13.553572268540591,scr2081,stInflow,reservoir
NO,h7595,13.553572268540591,scr2081,stInflow,reservoir
NO,h7596,13.553572268540591,scr2081,stInflow,reservoir
NO,h7597,13.553572268540591,scr2081,stInflow,reservoir
NO,h7598,13.553572268540591,scr2081,stInflow,reservoir
NO,h7599,13.553572268540591,scr2081,stInflow,reservoir
NO,h7600,13.553572268540591,scr2081,stInflow,reservoir
NO,h7601,13.553572268540591,scr2081,stInflow,reservoir
NO,h7602,13.553572268540591,scr2081,stInflow,reservoir
NO,h7603,13.553572268540591,scr2081,stInflow,reservoir
NO,h7604,13.553572268540591,scr2081,stInflow,reservoir
NO,h7605,13.553572268540591,scr2081,stInflow,reservoir
NO,h7606,13.553572268540591,scr2081,stInflow,reservoir
NO,h7607,13.553572268540591,scr2081,stInflow,reservoir
NO,h7608,13.553572268540591,scr2081,stInflow,reservoir
NO,h7609,13.553572268540591,scr2081,stInflow,reservoir
NO,h7610,13.553572268540591,scr2081,stInflow,reservoir
NO,h7611,13.553572268540591,scr2081,stInflow,reservoir
NO,h7612,13.553572268540591,scr2081,stInflow,reservoir
NO,h7613,13.553572268540591,scr2081,stInflow,reservoir
NO,h7614,13.553572268540591,scr2081,stInflow,reservoir
NO,h7615,13.553572268540591,scr2081,stInflow,reservoir
NO,h7616,13.553572268540591,scr2081,stInflow,reservoir
NO,h7617,13.553572268540591,scr2081,stInflow,reservoir
NO,h7618,13.553572268540591,scr2081,stInflow,reservoir
NO,h7619,13.553572268540591,scr2081,stInflow,reservoir
NO,h7620,13.553572268540591,scr2081,stInflow,reservoir
NO,h7621,13.553572268540591,scr2081,stInflow,reservoir
NO,h7622,13.553572268540591,scr2081,stInflow,reservoir
NO,h7623,13.553572268540591,scr2081,stInflow,reservoir
NO,h7624,13.553572268540591,scr2081,stInflow,reservoir
NO,h7625,13.553572268540591,scr2081,stInflow,reservoir
NO,h7626,13.553572268540591,scr2081,stInflow,reservoir
NO,h7627,13.553572268540591,scr2081,stInflow,reservoir
NO,h7628,13.553572268540591,scr2081,stInflow,reservoir
NO,h7629,13.553572268540591,scr2081,stInflow,reservoir
NO,h7630,13.553572268540591,scr2081,stInflow,reservoir
NO,h7631,13.553572268540591,scr2081,stInflow,reservoir
NO,h7632,13.553572268540591,scr2081,stInflow,reservoir
NO,h7633,13.553572268540591,scr2081,stInflow,reservoir
NO,h7634,13.553572268540591,scr2081,stInflow,reservoir
NO,h7635,13.553572268540591,scr2081,stInflow,reservoir
NO,h7636,13.553572268540591,scr2081,stInflow,reservoir
NO,h7637,13.553572268540591,scr2081,stInflow,reservoir
NO,h7638,13.553572268540591,scr2081,stInflow,reservoir
NO,h7639,13.553572268540591,scr2081,stInflow,reservoir
NO,h7640,13.553572268540591,scr2081,stInflow,reservoir
NO,h7641,13.553572268540591,scr2081,stInflow,reservoir
NO,h7642,13.553572268540591,scr2081,stInflow,reservoir
NO,h7643,13.553572268540591,scr2081,stInflow,reservoir
NO,h7644,13.553572268540591,scr2081,stInflow,reservoir
NO,h7645,13.553572268540591,scr2081,stInflow,reservoir
NO,h7646,13.553572268540591,scr2081,stInflow,reservoir
NO,h7647,13.553572268540591,scr2081,stInflow,reservoir
NO,h7648,13.553572268540591,scr2081,stInflow,reservoir
NO,h7649,13.553572268540591,scr2081,stInflow,reservoir
NO,h7650,13.553572268540591,scr2081,stInflow,reservoir
NO,h7651,13.553572268540591,scr2081,stInflow,reservoir
NO,h7652,13.553572268540591,scr2081,stInflow,reservoir
NO,h7653,13.553572268540591,scr2081,stInflow,reservoir
NO,h7654,13.553572268540591,scr2081,stInflow,reservoir
NO,h7655,13.553572268540591,scr2081,stInflow,reservoir
NO,h7656,13.553572268540591,scr2081,stInflow,reservoir
NO,h7657,13.553572268540591,scr2081,stInflow,reservoir
NO,h7658,13.553572268540591,scr2081,stInflow,reservoir
NO,h7659,13.553572268540591,scr2081,stInflow,reservoir
NO,h7660,13.553572268540591,scr2081,stInflow,reservoir
NO,h7661,13.553572268540591,scr2081,stInflow,reservoir
NO,h7662,13.553572268540591,scr2081,stInflow,reservoir
NO,h7663,13.553572268540591,scr2081,stInflow,reservoir
NO,h7664,13.553572268540591,scr2081,stInflow,reservoir
NO,h7665,13.553572268540591,scr2081,stInflow,reservoir
NO,h7666,13.553572268540591,scr2081,stInflow,reservoir
NO,h7667,13.553572268540591,scr2081,stInflow,reservoir
NO,h7668,13.553572268540591,scr2081,stInflow,reservoir
NO,h7669,13.553572268540591,scr2081,stInflow,reservoir
NO,h7670,13.553572268540591,scr2081,stInflow,reservoir
NO,h7671,13.553572268540591,scr2081,stInflow,reservoir
NO,h7672,13.553572268540591,scr2081,stInflow,reservoir
NO,h7673,13.553572268540591,scr2081,stInflow,reservoir
NO,h7674,13.553572268540591,scr2081,stInflow,reservoir
NO,h7675,13.553572268540591,scr2081,stInflow,reservoir
NO,h7676,13.553572268540591,scr2081,stInflow,reservoir
NO,h7677,13.553572268540591,scr2081,stInflow,reservoir
NO,h7678,13.553572268540591,scr2081,stInflow,reservoir
NO,h7679,13.553572268540591,scr2081,stInflow,reservoir
NO,h7680,13.553572268540591,scr2081,stInflow,reservoir
NO,h7681,13.852373540399157,scr2081,stInflow,reservoir
NO,h7682,14.15117545683286,scr2081,stInflow,reservoir
NO,h7683,14.449978004230871,scr2081,stInflow,reservoir
NO,h7684,14.449978004230871,scr2081,stInflow,reservoir
NO,h7685,14.449978004230871,scr2081,stInflow,reservoir
NO,h7686,14.449978004230871,scr2081,stInflow,reservoir
NO,h7687,14.449978004230871,scr2081,stInflow,reservoir
NO,h7688,14.449978004230871,scr2081,stInflow,reservoir
NO,h7689,14.449978004230871,scr2081,stInflow,reservoir
NO,h7690,14.449978004230871,scr2081,stInflow,reservoir
NO,h7691,14.449978004230871,scr2081,stInflow,reservoir
NO,h7692,14.449978004230871,scr2081,stInflow,reservoir
NO,h7693,14.449978004230871,scr2081,stInflow,reservoir
NO,h7694,14.449978004230871,scr2081,stInflow,reservoir
NO,h7695,14.449978004230871,scr2081,stInflow,reservoir
NO,h7696,14.449978004230871,scr2081,stInflow,reservoir
NO,h7697,14.449978004230871,scr2081,stInflow,reservoir
NO,h7698,14.449978004230871,scr2081,stInflow,reservoir
NO,h7699,14.449978004230871,scr2081,stInflow,reservoir
NO,h7700,14.449978004230871,scr2081,stInflow,reservoir
NO,h7701,14.449978004230871,scr2081,stInflow,reservoir
NO,h7702,14.449978004230871,scr2081,stInflow,reservoir
NO,h7703,14.449978004230871,scr2081,stInflow,reservoir
NO,h7704,14.449978004230871,scr2081,stInflow,reservoir
NO,h7705,14.449978004230871,scr2081,stInflow,reservoir
NO,h7706,14.449978004230871,scr2081,stInflow,reservoir
NO,h7707,14.449978004230871,scr2081,stInflow,reservoir
NO,h7708,14.449978004230871,scr2081,stInflow,reservoir
NO,h7709,14.449978004230871,scr2081,stInflow,reservoir
NO,h7710,14.449978004230871,scr2081,stInflow,reservoir
NO,h7711,14.449978004230871,scr2081,stInflow,reservoir
NO,h7712,14.449978004230871,scr2081,stInflow,reservoir
NO,h7713,14.449978004230871,scr2081,stInflow,reservoir
NO,h7714,14.449978004230871,scr2081,stInflow,reservoir
NO,h7715,14.449978004230871,scr2081,stInflow,reservoir
NO,h7716,14.449978004230871,scr2081,stInflow,reservoir
NO,h7717,14.449978004230871,scr2081,stInflow,reservoir
NO,h7718,14.449978004230871,scr2081,stInflow,reservoir
NO,h7719,14.449978004230871,scr2081,stInflow,reservoir
NO,h7720,14.449978004230871,scr2081,stInflow,reservoir
NO,h7721,14.449978004230871,scr2081,stInflow,reservoir
NO,h7722,14.449978004230871,scr2081,stInflow,reservoir
NO,h7723,14.449978004230871,scr2081,stInflow,reservoir
NO,h7724,14.449978004230871,scr2081,stInflow,reservoir
NO,h7725,14.449978004230871,scr2081,stInflow,reservoir
NO,h7726,14.449978004230871,scr2081,stInflow,reservoir
NO,h7727,14.449978004230871,scr2081,stInflow,reservoir
NO,h7728,14.449978004230871,scr2081,stInflow,reservoir
NO,h7729,14.449978004230871,scr2081,stInflow,reservoir
NO,h7730,14.449978004230871,scr2081,stInflow,reservoir
NO,h7731,14.449978004230871,scr2081,stInflow,reservoir
NO,h7732,14.449978004230871,scr2081,stInflow,reservoir
NO,h7733,14.449978004230871,scr2081,stInflow,reservoir
NO,h7734,14.449978004230871,scr2081,stInflow,reservoir
NO,h7735,14.449978004230871,scr2081,stInflow,reservoir
NO,h7736,14.449978004230871,scr2081,stInflow,reservoir
NO,h7737,14.449978004230871,scr2081,stInflow,reservoir
NO,h7738,14.449978004230871,scr2081,stInflow,reservoir
NO,h7739,14.449978004230871,scr2081,stInflow,reservoir
NO,h7740,14.449978004230871,scr2081,stInflow,reservoir
NO,h7741,14.449978004230871,scr2081,stInflow,reservoir
NO,h7742,14.449978004230871,scr2081,stInflow,reservoir
NO,h7743,14.449978004230871,scr2081,stInflow,reservoir
NO,h7744,14.449978004230871,scr2081,stInflow,reservoir
NO,h7745,14.449978004230871,scr2081,stInflow,reservoir
NO,h7746,14.449978004230871,scr2081,stInflow,reservoir
NO,h7747,14.449978004230871,scr2081,stInflow,reservoir
NO,h7748,14.449978004230871,scr2081,stInflow,reservoir
NO,h7749,14.449978004230871,scr2081,stInflow,reservoir
NO,h7750,14.449978004230871,scr2081,stInflow,reservoir
NO,h7751,14.449978004230871,scr2081,stInflow,reservoir
NO,h7752,14.449978004230871,scr2081,stInflow,reservoir
NO,h7753,14.449978004230871,scr2081,stInflow,reservoir
NO,h7754,14.449978004230871,scr2081,stInflow,reservoir
NO,h7755,14.449978004230871,scr2081,stInflow,reservoir
NO,h7756,14.449978004230871,scr2081,stInflow,reservoir
NO,h7757,14.449978004230871,scr2081,stInflow,reservoir
NO,h7758,14.449978004230871,scr2081,stInflow,reservoir
NO,h7759,14.449978004230871,scr2081,stInflow,reservoir
NO,h7760,14.449978004230871,scr2081,stInflow,reservoir
NO,h7761,14.449978004230871,scr2081,stInflow,reservoir
NO,h7762,14.449978004230871,scr2081,stInflow,reservoir
NO,h7763,14.449978004230871,scr2081,stInflow,reservoir
NO,h7764,14.449978004230871,scr2081,stInflow,reservoir
NO,h7765,14.449978004230871,scr2081,stInflow,reservoir
NO,h7766,14.449978004230871,scr2081,stInflow,reservoir
NO,h7767,14.449978004230871,scr2081,stInflow,reservoir
NO,h7768,14.449978004230871,scr2081,stInflow,reservoir
NO,h7769,14.449978004230871,scr2081,stInflow,reservoir
NO,h7770,14.449978004230871,scr2081,stInflow,reservoir
NO,h7771,14.449978004230871,scr2081,stInflow,reservoir
NO,h7772,14.449978004230871,scr2081,stInflow,reservoir
NO,h7773,14.449978004230871,scr2081,stInflow,reservoir
NO,h7774,14.449978004230871,scr2081,stInflow,reservoir
NO,h7775,14.449978004230871,scr2081,stInflow,reservoir
NO,h7776,14.449978004230871,scr2081,stInflow,reservoir
NO,h7777,14.449978004230871,scr2081,stInflow,reservoir
NO,h7778,14.449978004230871,scr2081,stInflow,reservoir
NO,h7779,14.449978004230871,scr2081,stInflow,reservoir
NO,h7780,14.449978004230871,scr2081,stInflow,reservoir
NO,h7781,14.449978004230871,scr2081,stInflow,reservoir
NO,h7782,14.449978004230871,scr2081,stInflow,reservoir
NO,h7783,14.449978004230871,scr2081,stInflow,reservoir
NO,h7784,14.449978004230871,scr2081,stInflow,reservoir
NO,h7785,14.449978004230871,scr2081,stInflow,reservoir
NO,h7786,14.449978004230871,scr2081,stInflow,reservoir
NO,h7787,14.449978004230871,scr2081,stInflow,reservoir
NO,h7788,14.449978004230871,scr2081,stInflow,reservoir
NO,h7789,14.449978004230871,scr2081,stInflow,reservoir
NO,h7790,14.449978004230871,scr2081,stInflow,reservoir
NO,h7791,14.449978004230871,scr2081,stInflow,reservoir
NO,h7792,14.449978004230871,scr2081,stInflow,reservoir
NO,h7793,14.449978004230871,scr2081,stInflow,reservoir
NO,h7794,14.449978004230871,scr2081,stInflow,reservoir
NO,h7795,14.449978004230871,scr2081,stInflow,reservoir
NO,h7796,14.449978004230871,scr2081,stInflow,reservoir
NO,h7797,14.449978004230871,scr2081,stInflow,reservoir
NO,h7798,14.449978004230871,scr2081,stInflow,reservoir
NO,h7799,14.449978004230871,scr2081,stInflow,reservoir
NO,h7800,14.449978004230871,scr2081,stInflow,reservoir
NO,h7801,14.449978004230871,scr2081,stInflow,reservoir
NO,h7802,14.449978004230871,scr2081,stInflow,reservoir
NO,h7803,14.449978004230871,scr2081,stInflow,reservoir
NO,h7804,14.449978004230871,scr2081,stInflow,reservoir
NO,h7805,14.449978004230871,scr2081,stInflow,reservoir
NO,h7806,14.449978004230871,scr2081,stInflow,reservoir
NO,h7807,14.449978004230871,scr2081,stInflow,reservoir
NO,h7808,14.449978004230871,scr2081,stInflow,reservoir
NO,h7809,14.449978004230871,scr2081,stInflow,reservoir
NO,h7810,14.449978004230871,scr2081,stInflow,reservoir
NO,h7811,14.449978004230871,scr2081,stInflow,reservoir
NO,h7812,14.449978004230871,scr2081,stInflow,reservoir
NO,h7813,14.449978004230871,scr2081,stInflow,reservoir
NO,h7814,14.449978004230871,scr2081,stInflow,reservoir
NO,h7815,14.449978004230871,scr2081,stInflow,reservoir
NO,h7816,14.449978004230871,scr2081,stInflow,reservoir
NO,h7817,14.449978004230871,scr2081,stInflow,reservoir
NO,h7818,14.449978004230871,scr2081,stInflow,reservoir
NO,h7819,14.449978004230871,scr2081,stInflow,reservoir
NO,h7820,14.449978004230871,scr2081,stInflow,reservoir
NO,h7821,14.449978004230871,scr2081,stInflow,reservoir
NO,h7822,14.449978004230871,scr2081,stInflow,reservoir
NO,h7823,14.449978004230871,scr2081,stInflow,reservoir
NO,h7824,14.449978004230871,scr2081,stInflow,reservoir
NO,h7825,14.449978004230871,scr2081,stInflow,reservoir
NO,h7826,14.449978004230871,scr2081,stInflow,reservoir
NO,h7827,14.449978004230871,scr2081,stInflow,reservoir
NO,h7828,14.449978004230871,scr2081,stInflow,reservoir
NO,h7829,14.449978004230871,scr2081,stInflow,reservoir
NO,h7830,14.449978004230871,scr2081,stInflow,reservoir
NO,h7831,14.449978004230871,scr2081,stInflow,reservoir
NO,h7832,14.449978004230871,scr2081,stInflow,reservoir
NO,h7833,14.449978004230871,scr2081,stInflow,reservoir
NO,h7834,14.449978004230871,scr2081,stInflow,reservoir
NO,h7835,14.449978004230871,scr2081,stInflow,reservoir
NO,h7836,14.449978004230871,scr2081,stInflow,reservoir
NO,h7837,14.449978004230871,scr2081,stInflow,reservoir
NO,h7838,14.449978004230871,scr2081,stInflow,reservoir
NO,h7839,14.449978004230871,scr2081,stInflow,reservoir
NO,h7840,14.449978004230871,scr2081,stInflow,reservoir
NO,h7841,14.449978004230871,scr2081,stInflow,reservoir
NO,h7842,14.449978004230871,scr2081,stInflow,reservoir
NO,h7843,14.449978004230871,scr2081,stInflow,reservoir
NO,h7844,14.449978004230871,scr2081,stInflow,reservoir
NO,h7845,14.449978004230871,scr2081,stInflow,reservoir
NO,h7846,14.449978004230871,scr2081,stInflow,reservoir
NO,h7847,14.449978004230871,scr2081,stInflow,reservoir
NO,h7848,14.449978004230871,scr2081,stInflow,reservoir
NO,h7849,14.81078088976441,scr2081,stInflow,reservoir
NO,h7850,15.171584654323734,scr2081,stInflow,reservoir
NO,h7851,15.532389277002554,scr2081,stInflow,reservoir
NO,h7852,15.532389277002554,scr2081,stInflow,reservoir
NO,h7853,15.532389277002554,scr2081,stInflow,reservoir
NO,h7854,15.532389277002554,scr2081,stInflow,reservoir
NO,h7855,15.532389277002554,scr2081,stInflow,reservoir
NO,h7856,15.532389277002554,scr2081,stInflow,reservoir
NO,h7857,15.532389277002554,scr2081,stInflow,reservoir
NO,h7858,15.532389277002554,scr2081,stInflow,reservoir
NO,h7859,15.532389277002554,scr2081,stInflow,reservoir
NO,h7860,15.532389277002554,scr2081,stInflow,reservoir
NO,h7861,15.532389277002554,scr2081,stInflow,reservoir
NO,h7862,15.532389277002554,scr2081,stInflow,reservoir
NO,h7863,15.532389277002554,scr2081,stInflow,reservoir
NO,h7864,15.532389277002554,scr2081,stInflow,reservoir
NO,h7865,15.532389277002554,scr2081,stInflow,reservoir
NO,h7866,15.532389277002554,scr2081,stInflow,reservoir
NO,h7867,15.532389277002554,scr2081,stInflow,reservoir
NO,h7868,15.532389277002554,scr2081,stInflow,reservoir
NO,h7869,15.532389277002554,scr2081,stInflow,reservoir
NO,h7870,15.532389277002554,scr2081,stInflow,reservoir
NO,h7871,15.532389277002554,scr2081,stInflow,reservoir
NO,h7872,15.532389277002554,scr2081,stInflow,reservoir
NO,h7873,15.532389277002554,scr2081,stInflow,reservoir
NO,h7874,15.532389277002554,scr2081,stInflow,reservoir
NO,h7875,15.532389277002554,scr2081,stInflow,reservoir
NO,h7876,15.532389277002554,scr2081,stInflow,reservoir
NO,h7877,15.532389277002554,scr2081,stInflow,reservoir
NO,h7878,15.532389277002554,scr2081,stInflow,reservoir
NO,h7879,15.532389277002554,scr2081,stInflow,reservoir
NO,h7880,15.532389277002554,scr2081,stInflow,reservoir
NO,h7881,15.532389277002554,scr2081,stInflow,reservoir
NO,h7882,15.532389277002554,scr2081,stInflow,reservoir
NO,h7883,15.532389277002554,scr2081,stInflow,reservoir
NO,h7884,15.532389277002554,scr2081,stInflow,reservoir
NO,h7885,15.532389277002554,scr2081,stInflow,reservoir
NO,h7886,15.532389277002554,scr2081,stInflow,reservoir
NO,h7887,15.532389277002554,scr2081,stInflow,reservoir
NO,h7888,15.532389277002554,scr2081,stInflow,reservoir
NO,h7889,15.532389277002554,scr2081,stInflow,reservoir
NO,h7890,15.532389277002554,scr2081,stInflow,reservoir
NO,h7891,15.532389277002554,scr2081,stInflow,reservoir
NO,h7892,15.532389277002554,scr2081,stInflow,reservoir
NO,h7893,15.532389277002554,scr2081,stInflow,reservoir
NO,h7894,15.532389277002554,scr2081,stInflow,reservoir
NO,h7895,15.532389277002554,scr2081,stInflow,reservoir
NO,h7896,15.532389277002554,scr2081,stInflow,reservoir
NO,h7897,15.532389277002554,scr2081,stInflow,reservoir
NO,h7898,15.532389277002554,scr2081,stInflow,reservoir
NO,h7899,15.532389277002554,scr2081,stInflow,reservoir
NO,h7900,15.532389277002554,scr2081,stInflow,reservoir
NO,h7901,15.532389277002554,scr2081,stInflow,reservoir
NO,h7902,15.532389277002554,scr2081,stInflow,reservoir
NO,h7903,15.532389277002554,scr2081,stInflow,reservoir
NO,h7904,15.532389277002554,scr2081,stInflow,reservoir
NO,h7905,15.532389277002554,scr2081,stInflow,reservoir
NO,h7906,15.532389277002554,scr2081,stInflow,reservoir
NO,h7907,15.532389277002554,scr2081,stInflow,reservoir
NO,h7908,15.532389277002554,scr2081,stInflow,reservoir
NO,h7909,15.532389277002554,scr2081,stInflow,reservoir
NO,h7910,15.532389277002554,scr2081,stInflow,reservoir
NO,h7911,15.532389277002554,scr2081,stInflow,reservoir
NO,h7912,15.532389277002554,scr2081,stInflow,reservoir
NO,h7913,15.532389277002554,scr2081,stInflow,reservoir
NO,h7914,15.532389277002554,scr2081,stInflow,reservoir
NO,h7915,15.532389277002554,scr2081,stInflow,reservoir
NO,h7916,15.532389277002554,scr2081,stInflow,reservoir
NO,h7917,15.532389277002554,scr2081,stInflow,reservoir
NO,h7918,15.532389277002554,scr2081,stInflow,reservoir
NO,h7919,15.532389277002554,scr2081,stInflow,reservoir
NO,h7920,15.532389277002554,scr2081,stInflow,reservoir
NO,h7921,15.532389277002554,scr2081,stInflow,reservoir
NO,h7922,15.532389277002554,scr2081,stInflow,reservoir
NO,h7923,15.532389277002554,scr2081,stInflow,reservoir
NO,h7924,15.532389277002554,scr2081,stInflow,reservoir
NO,h7925,15.532389277002554,scr2081,stInflow,reservoir
NO,h7926,15.532389277002554,scr2081,stInflow,reservoir
NO,h7927,15.532389277002554,scr2081,stInflow,reservoir
NO,h7928,15.532389277002554,scr2081,stInflow,reservoir
NO,h7929,15.532389277002554,scr2081,stInflow,reservoir
NO,h7930,15.532389277002554,scr2081,stInflow,reservoir
NO,h7931,15.532389277002554,scr2081,stInflow,reservoir
NO,h7932,15.532389277002554,scr2081,stInflow,reservoir
NO,h7933,15.532389277002554,scr2081,stInflow,reservoir
NO,h7934,15.532389277002554,scr2081,stInflow,reservoir
NO,h7935,15.532389277002554,scr2081,stInflow,reservoir
NO,h7936,15.532389277002554,scr2081,stInflow,reservoir
NO,h7937,15.532389277002554,scr2081,stInflow,reservoir
NO,h7938,15.532389277002554,scr2081,stInflow,reservoir
NO,h7939,15.532389277002554,scr2081,stInflow,reservoir
NO,h7940,15.532389277002554,scr2081,stInflow,reservoir
NO,h7941,15.532389277002554,scr2081,stInflow,reservoir
NO,h7942,15.532389277002554,scr2081,stInflow,reservoir
NO,h7943,15.532389277002554,scr2081,stInflow,reservoir
NO,h7944,15.532389277002554,scr2081,stInflow,reservoir
NO,h7945,15.532389277002554,scr2081,stInflow,reservoir
NO,h7946,15.532389277002554,scr2081,stInflow,reservoir
NO,h7947,15.532389277002554,scr2081,stInflow,reservoir
NO,h7948,15.532389277002554,scr2081,stInflow,reservoir
NO,h7949,15.532389277002554,scr2081,stInflow,reservoir
NO,h7950,15.532389277002554,scr2081,stInflow,reservoir
NO,h7951,15.532389277002554,scr2081,stInflow,reservoir
NO,h7952,15.532389277002554,scr2081,stInflow,reservoir
NO,h7953,15.532389277002554,scr2081,stInflow,reservoir
NO,h7954,15.532389277002554,scr2081,stInflow,reservoir
NO,h7955,15.532389277002554,scr2081,stInflow,reservoir
NO,h7956,15.532389277002554,scr2081,stInflow,reservoir
NO,h7957,15.532389277002554,scr2081,stInflow,reservoir
NO,h7958,15.532389277002554,scr2081,stInflow,reservoir
NO,h7959,15.532389277002554,scr2081,stInflow,reservoir
NO,h7960,15.532389277002554,scr2081,stInflow,reservoir
NO,h7961,15.532389277002554,scr2081,stInflow,reservoir
NO,h7962,15.532389277002554,scr2081,stInflow,reservoir
NO,h7963,15.532389277002554,scr2081,stInflow,reservoir
NO,h7964,15.532389277002554,scr2081,stInflow,reservoir
NO,h7965,15.532389277002554,scr2081,stInflow,reservoir
NO,h7966,15.532389277002554,scr2081,stInflow,reservoir
NO,h7967,15.532389277002554,scr2081,stInflow,reservoir
NO,h7968,15.532389277002554,scr2081,stInflow,reservoir
NO,h7969,15.532389277002554,scr2081,stInflow,reservoir
NO,h7970,15.532389277002554,scr2081,stInflow,reservoir
NO,h7971,15.532389277002554,scr2081,stInflow,reservoir
NO,h7972,15.532389277002554,scr2081,stInflow,reservoir
NO,h7973,15.532389277002554,scr2081,stInflow,reservoir
NO,h7974,15.532389277002554,scr2081,stInflow,reservoir
NO,h7975,15.532389277002554,scr2081,stInflow,reservoir
NO,h7976,15.532389277002554,scr2081,stInflow,reservoir
NO,h7977,15.532389277002554,scr2081,stInflow,reservoir
NO,h7978,15.532389277002554,scr2081,stInflow,reservoir
NO,h7979,15.532389277002554,scr2081,stInflow,reservoir
NO,h7980,15.532389277002554,scr2081,stInflow,reservoir
NO,h7981,15.532389277002554,scr2081,stInflow,reservoir
NO,h7982,15.532389277002554,scr2081,stInflow,reservoir
NO,h7983,15.532389277002554,scr2081,stInflow,reservoir
NO,h7984,15.532389277002554,scr2081,stInflow,reservoir
NO,h7985,15.532389277002554,scr2081,stInflow,reservoir
NO,h7986,15.532389277002554,scr2081,stInflow,reservoir
NO,h7987,15.532389277002554,scr2081,stInflow,reservoir
NO,h7988,15.532389277002554,scr2081,stInflow,reservoir
NO,h7989,15.532389277002554,scr2081,stInflow,reservoir
NO,h7990,15.532389277002554,scr2081,stInflow,reservoir
NO,h7991,15.532389277002554,scr2081,stInflow,reservoir
NO,h7992,15.532389277002554,scr2081,stInflow,reservoir
NO,h7993,15.532389277002554,scr2081,stInflow,reservoir
NO,h7994,15.532389277002554,scr2081,stInflow,reservoir
NO,h7995,15.532389277002554,scr2081,stInflow,reservoir
NO,h7996,15.532389277002554,scr2081,stInflow,reservoir
NO,h7997,15.532389277002554,scr2081,stInflow,reservoir
NO,h7998,15.532389277002554,scr2081,stInflow,reservoir
NO,h7999,15.532389277002554,scr2081,stInflow,reservoir
NO,h8000,15.532389277002554,scr2081,stInflow,reservoir
NO,h8001,15.532389277002554,scr2081,stInflow,reservoir
NO,h8002,15.532389277002554,scr2081,stInflow,reservoir
NO,h8003,15.532389277002554,scr2081,stInflow,reservoir
NO,h8004,15.532389277002554,scr2081,stInflow,reservoir
NO,h8005,15.532389277002554,scr2081,stInflow,reservoir
NO,h8006,15.532389277002554,scr2081,stInflow,reservoir
NO,h8007,15.532389277002554,scr2081,stInflow,reservoir
NO,h8008,15.532389277002554,scr2081,stInflow,reservoir
NO,h8009,15.532389277002554,scr2081,stInflow,reservoir
NO,h8010,15.532389277002554,scr2081,stInflow,reservoir
NO,h8011,15.532389277002554,scr2081,stInflow,reservoir
NO,h8012,15.532389277002554,scr2081,stInflow,reservoir
NO,h8013,15.532389277002554,scr2081,stInflow,reservoir
NO,h8014,15.532389277002554,scr2081,stInflow,reservoir
NO,h8015,15.532389277002554,scr2081,stInflow,reservoir
NO,h8016,15.532389277002554,scr2081,stInflow,reservoir
NO,h8017,15.437515448330752,scr2081,stInflow,reservoir
NO,h8018,15.342641677964766,scr2081,stInflow,reservoir
NO,h8019,15.247767966265098,scr2081,stInflow,reservoir
NO,h8020,15.247767966265098,scr2081,stInflow,reservoir
NO,h8021,15.247767966265098,scr2081,stInflow,reservoir
NO,h8022,15.247767966265098,scr2081,stInflow,reservoir
NO,h8023,15.247767966265098,scr2081,stInflow,reservoir
NO,h8024,15.247767966265098,scr2081,stInflow,reservoir
NO,h8025,15.247767966265098,scr2081,stInflow,reservoir
NO,h8026,15.247767966265098,scr2081,stInflow,reservoir
NO,h8027,15.247767966265098,scr2081,stInflow,reservoir
NO,h8028,15.247767966265098,scr2081,stInflow,reservoir
NO,h8029,15.247767966265098,scr2081,stInflow,reservoir
NO,h8030,15.247767966265098,scr2081,stInflow,reservoir
NO,h8031,15.247767966265098,scr2081,stInflow,reservoir
NO,h8032,15.247767966265098,scr2081,stInflow,reservoir
NO,h8033,15.247767966265098,scr2081,stInflow,reservoir
NO,h8034,15.247767966265098,scr2081,stInflow,reservoir
NO,h8035,15.247767966265098,scr2081,stInflow,reservoir
NO,h8036,15.247767966265098,scr2081,stInflow,reservoir
NO,h8037,15.247767966265098,scr2081,stInflow,reservoir
NO,h8038,15.247767966265098,scr2081,stInflow,reservoir
NO,h8039,15.247767966265098,scr2081,stInflow,reservoir
NO,h8040,15.247767966265098,scr2081,stInflow,reservoir
PT,h7297,0.20130964148241529,scr2081,stInflow,reservoir
PT,h7298,0.20130964148241529,scr2081,stInflow,reservoir
PT,h7299,0.20130964148241529,scr2081,stInflow,reservoir
PT,h7300,0.20130964148241529,scr2081,stInflow,reservoir
PT,h7301,0.20130964148241529,scr2081,stInflow,reservoir
PT,h7302,0.20130964148241529,scr2081,stInflow,reservoir
PT,h7303,0.20130964148241529,scr2081,stInflow,reservoir
PT,h7304,0.20130964148241529,scr2081,stInflow,reservoir
PT,h7305,0.20130964148241529,scr2081,stInflow,reservoir
PT,h7306,0.20130964148241529,scr2081,stInflow,reservoir
PT,h7307,0.20130964148241529,scr2081,stInflow,reservoir
PT,h7308,0.20130964148241529,scr2081,stInflow,reservoir
PT,h7309,0.20130964148241529,scr2081,stInflow,reservoir
PT,h7310,0.20130964148241529,scr2081,stInflow,reservoir
PT,h7311,0.20130964148241529,scr2081,stInflow,reservoir
PT,h7312,0.20130964148241529,scr2081,stInflow,reservoir
PT,h7313,0.20130964148241529,scr2081,stInflow,reservoir
PT,h7314,0.20130964148241529,scr2081,stInflow,reservoir
PT,h7315,0.20130964148241529,scr2081,stInflow,reservoir
PT,h7316,0.20130964148241529,scr2081,stInflow,reservoir
PT,h7317,0.20130964148241529,scr2081,stInflow,reservoir
PT,h7318,0.20130964148241529,scr2081,stInflow,reservoir
PT,h7319,0.20130964148241529,scr2081,stInflow,reservoir
PT,h7320,0.20130964148241529,scr2081,stInflow,reservoir
PT,h7321,0.20130964148241529,scr2081,stInflow,reservoir
PT,h7322,0.20130964148241529,scr2081,stInflow,reservoir
PT,h7323,0.20130964148241529,scr2081,stInflow,reservoir
PT,h7324,0.20130964148241529,scr2081,stInflow,reservoir
PT,h7325,0.20130964148241529,scr2081,stInflow,reservoir
PT,h7326,0.20130964148241529,scr2081,stInflow,reservoir
PT,h7327,0.20130964148241529,scr2081,stInflow,reservoir
PT,h7328,0.20130964148241529,scr2081,stInflow,reservoir
PT,h7329,0.20130964148241529,scr2081,stInflow,reservoir
PT,h7330,0.20130964148241529,scr2081,stInflow,reservoir
PT,h7331,0.20130964148241529,scr2081,stInflow,reservoir
PT,h7332,0.20130964148241529,scr2081,stInflow,reservoir
PT,h7333,0.20130964148241529,scr2081,stInflow,reservoir
PT,h7334,0.20130964148241529,scr2081,stInflow,reservoir
PT,h7335,0.20130964148241529,scr2081,stInflow,reservoir
PT,h7336,0.20130964148241529,scr2081,stInflow,reservoir
PT,h7337,0.20130964148241529,scr2081,stInflow,reservoir
PT,h7338,0.20130964148241529,scr2081,stInflow,reservoir
PT,h7339,0.20130964148241529,scr2081,stInflow,reservoir
PT,h7340,0.20130964148241529,scr2081,stInflow,reservoir
PT,h7341,0.20130964148241529,scr2081,stInflow,reservoir
PT,h7342,0.20130964148241529,scr2081,stInflow,reservoir
PT,h7343,0.20130964148241529,scr2081,stInflow,reservoir
PT,h7344,0.20130964148241529,scr2081,stInflow,reservoir
PT,h7345,0.19694433830537203,scr2081,stInflow,reservoir
PT,h7346,0.19257904480420962,scr2081,stInflow,reservoir
PT,h7347,0.18821376119825656,scr2081,stInflow,reservoir
PT,h7348,0.18821376119825656,scr2081,stInflow,reservoir
PT,h7349,0.18821376119825656,scr2081,stInflow,reservoir
PT,h7350,0.18821376119825656,scr2081,stInflow,reservoir
PT,h7351,0.18821376119825656,scr2081,stInflow,reservoir
PT,h7352,0.18821376119825656,scr2081,stInflow,reservoir
PT,h7353,0.18821376119825656,scr2081,stInflow,reservoir
PT,h7354,0.18821376119825656,scr2081,stInflow,reservoir
PT,h7355,0.18821376119825656,scr2081,stInflow,reservoir
PT,h7356,0.18821376119825656,scr2081,stInflow,reservoir
PT,h7357,0.18821376119825656,scr2081,stInflow,reservoir
PT,h7358,0.18821376119825656,scr2081,stInflow,reservoir
PT,h7359,0.18821376119825656,scr2081,stInflow,reservoir
PT,h7360,0.18821376119825656,scr2081,stInflow,reservoir
PT,h7361,0.18821376119825656,scr2081,stInflow,reservoir
PT,h7362,0.18821376119825656,scr2081,stInflow,reservoir
PT,h7363,0.18821376119825656,scr2081,stInflow,reservoir
PT,h7364,0.18821376119825656,scr2081,stInflow,reservoir
PT,h7365,0.18821376119825656,scr2081,stInflow,reservoir
PT,h7366,0.18821376119825656,scr2081,stInflow,reservoir
PT,h7367,0.18821376119825656,scr2081,stInflow,reservoir
PT,h7368,0.18821376119825656,scr2081,stInflow,reservoir
PT,h7369,0.18821376119825656,scr2081,stInflow,reservoir
PT,h7370,0.18821376119825656,scr2081,stInflow,reservoir
PT,h7371,0.18821376119825656,scr2081,stInflow,reservoir
PT,h7372,0.18821376119825656,scr2081,stInflow,reservoir
PT,h7373,0.18821376119825656,scr2081,stInflow,reservoir
PT,h7374,0.18821376119825656,scr2081,stInflow,reservoir
PT,h7375,0.18821376119825656,scr2081,stInflow,reservoir
PT,h7376,0.18821376119825656,scr2081,stInflow,reservoir
PT,h7377,0.18821376119825656,scr2081,stInflow,reservoir
PT,h7378,0.18821376119825656,scr2081,stInflow,reservoir
PT,h7379,0.18821376119825656,scr2081,stInflow,reservoir
PT,h7380,0.18821376119825656,scr2081,stInflow,reservoir
PT,h7381,0.18821376119825656,scr2081,stInflow,reservoir
PT,h7382,0.18821376119825656,scr2081,stInflow,reservoir
PT,h7383,0.18821376119825656,scr2081,stInflow,reservoir
PT,h7384,0.18821376119825656,scr2081,stInflow,reservoir
PT,h7385,0.18821376119825656,scr2081,stInflow,reservoir
PT,h7386,0.18821376119825656,scr2081,stInflow,reservoir
PT,h7387,0.18821376119825656,scr2081,stInflow,reservoir
PT,h7388,0.18821376119825656,scr2081,stInflow,reservoir
PT,h7389,0.18821376119825656,scr2081,stInflow,reservoir
PT,h7390,0.18821376119825656,scr2081,stInflow,reservoir
PT,h7391,0.18821376119825656,scr2081,stInflow,reservoir
PT,h7392,0.18821376119825656,scr2081,stInflow,reservoir
PT,h7393,0.18821376119825656,scr2081,stInflow,reservoir
PT,h7394,0.18821376119825656,scr2081,stInflow,reservoir
PT,h7395,0.18821376119825656,scr2081,stInflow,reservoir
PT,h7396,0.18821376119825656,scr2081,stInflow,reservoir
PT,h7397,0.18821376119825656,scr2081,stInflow,reservoir
PT,h7398,0.18821376119825656,scr2081,stInflow,reservoir
PT,h7399,0.18821376119825656,scr2081,stInflow,reservoir
PT,h7400,0.18821376119825656,scr2081,stInflow,reservoir
PT,h7401,0.18821376119825656,scr2081,stInflow,reservoir
PT,h7402,0.18821376119825656,scr2081,stInflow,reservoir
PT,h7403,0.18821376119825656,scr2081,stInflow,reservoir
PT,h7404,0.18821376119825656,scr2081,stInflow,reservoir
PT,h7405,0.18821376119825656,scr2081,stInflow,reservoir
PT,h7406,0.18821376119825656,scr2081,stInflow,reservoir
PT,h7407,0.18821376119825656,scr2081,stInflow,reservoir
PT,h7408,0.18821376119825656,scr2081,stInflow,reservoir
PT,h7409,0.18821376119825656,scr2081,stInflow,reservoir
PT,h7410,0.18821376119825656,scr2081,stInflow,reservoir
PT,h7411,0.18821376119825656,scr2081,stInflow,reservoir
PT,h7412,0.18821376119825656,scr2081,stInflow,reservoir
PT,h7413,0.18821376119825656,scr2081,stInflow,reservoir
PT,h7414,0.18821376119825656,scr2081,stInflow,reservoir
PT,h7415,0.18821376119825656,scr2081,stInflow,reservoir
PT,h7416,0.18821376119825656,scr2081,stInflow,reservoir
PT,h7417,0.18821376119825656,scr2081,stInflow,reservoir
PT,h7418,0.18821376119825656,scr2081,stInflow,reservoir
PT,h7419,0.18821376119825656,scr2081,stInflow,reservoir
PT,h7420,0.18821376119825656,scr2081,stInflow,reservoir
PT,h7421,0.18821376119825656,scr2081,stInflow,reservoir
PT,h7422,0.18821376119825656,scr2081,stInflow,reservoir
PT,h7423,0.18821376119825656,scr2081,stInflow,reservoir
PT,h7424,0.18821376119825656,scr2081,stInflow,reservoir
PT,h7425,0.18821376119825656,scr2081,stInflow,reservoir
PT,h7426,0.18821376119825656,scr2081,stInflow,reservoir
PT,h7427,0.18821376119825656,scr2081,stInflow,reservoir
PT,h7428,0.18821376119825656,scr2081,stInflow,reservoir
PT,h7429,0.18821376119825656,scr2081,stInflow,reservoir
PT,h7430,0.18821376119825656,scr2081,stInflow,reservoir
PT,h7431,0.18821376119825656,scr2081,stInflow,reservoir
PT,h7432,0.18821376119825656,scr2081,stInflow,reservoir
PT,h7433,0.18821376119825656,scr2081,stInflow,reservoir
PT,h7434,0.18821376119825656,scr2081,stInflow,reservoir
PT,h7435,0.18821376119825656,scr2081,stInflow,reservoir
PT,h7436,0.18821376119825656,scr2081,stInflow,reservoir
PT,h7437,0.18821376119825656,scr2081,stInflow,reservoir
PT,h7438,0.18821376119825656,scr2081,stInflow,reservoir
PT,h7439,0.18821376119825656,scr2081,stInflow,reservoir
PT,h7440,0.18821376119825656,scr2081,stInflow,reservoir
PT,h7441,0.18821376119825656,scr2081,stInflow,reservoir
PT,h7442,0.18821376119825656,scr2081,stInflow,reservoir
PT,h7443,0.18821376119825656,scr2081,stInflow,reservoir
PT,h7444,0.18821376119825656,scr2081,stInflow,reservoir
PT,h7445,0.18821376119825656,scr2081,stInflow,reservoir
PT,h7446,0.18821376119825656,scr2081,stInflow,reservoir
PT,h7447,0.18821376119825656,scr2081,stInflow,reservoir
PT,h7448,0.18821376119825656,scr2081,stInflow,reservoir
PT,h7449,0.18821376119825656,scr2081,stInflow,reservoir
PT,h7450,0.18821376119825656,scr2081,stInflow,reservoir
PT,h7451,0.18821376119825656,scr2081,stInflow,reservoir
PT,h7452,0.18821376119825656,scr2081,stInflow,reservoir
PT,h7453,0.18821376119825656,scr2081,stInflow,reservoir
PT,h7454,0.18821376119825656,scr2081,stInflow,reservoir
PT,h7455,0.18821376119825656,scr2081,stInflow,reservoir
PT,h7456,0.18821376119825656,scr2081,stInflow,reservoir
PT,h7457,0.18821376119825656,scr2081,stInflow,reservoir
PT,h7458,0.18821376119825656,scr2081,stInflow,reservoir
PT,h7459,0.18821376119825656,scr2081,stInflow,reservoir
PT,h7460,0.18821376119825656,scr2081,stInflow,reservoir
PT,h7461,0.18821376119825656,scr2081,stInflow,reservoir
PT,h7462,0.18821376119825656,scr2081,stInflow,reservoir
PT,h7463,0.18821376119825656,scr2081,stInflow,reservoir
PT,h7464,0.18821376119825656,scr2081,stInflow,reservoir
PT,h7465,0.18821376119825656,scr2081,stInflow,reservoir
PT,h7466,0.18821376119825656,scr2081,stInflow,reservoir
PT,h7467,0.18821376119825656,scr2081,stInflow,reservoir
PT,h7468,0.18821376119825656,scr2081,stInflow,reservoir
PT,h7469,0.18821376119825656,scr2081,stInflow,reservoir
PT,h7470,0.18821376119825656,scr2081,stInflow,reservoir
PT,h7471,0.18821376119825656,scr2081,stInflow,reservoir
PT,h7472,0.18821376119825656,scr2081,stInflow,reservoir
PT,h7473,0.18821376119825656,scr2081,stInflow,reservoir
PT,h7474,0.18821376119825656,scr2081,stInflow,reservoir
PT,h7475,0.18821376119825656,scr2081,stInflow,reservoir
PT,h7476,0.18821376119825656,scr2081,stInflow,reservoir
PT,h7477,0.18821376119825656,scr2081,stInflow,reservoir
PT,h7478,0.18821376119825656,scr2081,stInflow,reservoir
PT,h7479,0.18821376119825656,scr2081,stInflow,reservoir
PT,h7480,0.18821376119825656,scr2081,stInflow,reservoir
PT,h7481,0.18821376119825656,scr2081,stInflow,reservoir
PT,h7482,0.18821376119825656,scr2081,stInflow,reservoir
PT,h7483,0.18821376119825656,scr2081,stInflow,reservoir
PT,h7484,0.18821376119825656,scr2081,stInflow,reservoir
PT,h7485,0.18821376119825656,scr2081,stInflow,reservoir
PT,h7486,0.18821376119825656,scr2081,stInflow,reservoir
PT,h7487,0.18821376119825656,scr2081,stInflow,reservoir
PT,h7488,0.18821376119825656,scr2081,stInflow,reservoir
PT,h7489,0.18821376119825656,scr2081,stInflow,reservoir
PT,h7490,0.18821376119825656,scr2081,stInflow,reservoir
PT,h7491,0.18821376119825656,scr2081,stInflow,reservoir
PT,h7492,0.18821376119825656,scr2081,stInflow,reservoir
PT,h7493,0.18821376119825656,scr2081,stInflow,reservoir
PT,h7494,0.18821376119825656,scr2081,stInflow,reservoir
PT,h7495,0.18821376119825656,scr2081,stInflow,reservoir
PT,h7496,0.18821376119825656,scr2081,stInflow,reservoir
PT,h7497,0.18821376119825656,scr2081,stInflow,reservoir
PT,h7498,0.18821376119825656,scr2081,stInflow,reservoir
PT,h7499,0.18821376119825656,scr2081,stInflow,reservoir
PT,h7500,0.18821376119825656,scr2081,stInflow,reservoir
PT,h7501,0.18821376119825656,scr2081,stInflow,reservoir
PT,h7502,0.18821376119825656,scr2081,stInflow,reservoir
PT,h7503,0.18821376119825656,scr2081,stInflow,reservoir
PT,h7504,0.18821376119825656,scr2081,stInflow,reservoir
PT,h7505,0.18821376119825656,scr2081,stInflow,reservoir
PT,h7506,0.18821376119825656,scr2081,stInflow,reservoir
PT,h7507,0.18821376119825656,scr2081,stInflow,reservoir
PT,h7508,0.18821376119825656,scr2081,stInflow,reservoir
PT,h7509,0.18821376119825656,scr2081,stInflow,reservoir
PT,h7510,0.18821376119825656,scr2081,stInflow,reservoir
PT,h7511,0.18821376119825656,scr2081,stInflow,reservoir
PT,h7512,0.18821376119825656,scr2081,stInflow,reservoir
PT,h7513,0.19878056412013587,scr2081,stInflow,reservoir
PT,h7514,0.2093474232361215,scr2081,stInflow,reservoir
PT,h7515,0.2199143357077933,scr2081,stInflow,reservoir
PT,h7516,0.2199143357077933,scr2081,stInflow,reservoir
PT,h7517,0.2199143357077933,scr2081,stInflow,reservoir
PT,h7518,0.2199143357077933,scr2081,stInflow,reservoir
PT,h7519,0.2199143357077933,scr2081,stInflow,reservoir
PT,h7520,0.2199143357077933,scr2081,stInflow,reservoir
PT,h7521,0.2199143357077933,scr2081,stInflow,reservoir
PT,h7522,0.2199143357077933,scr2081,stInflow,reservoir
PT,h7523,0.2199143357077933,scr2081,stInflow,reservoir
PT,h7524,0.2199143357077933,scr2081,stInflow,reservoir
PT,h7525,0.2199143357077933,scr2081,stInflow,reservoir
PT,h7526,0.2199143357077933,scr2081,stInflow,reservoir
PT,h7527,0.2199143357077933,scr2081,stInflow,reservoir
PT,h7528,0.2199143357077933,scr2081,stInflow,reservoir
PT,h7529,0.2199143357077933,scr2081,stInflow,reservoir
PT,h7530,0.2199143357077933,scr2081,stInflow,reservoir
PT,h7531,0.2199143357077933,scr2081,stInflow,reservoir
PT,h7532,0.2199143357077933,scr2081,stInflow,reservoir
PT,h7533,0.2199143357077933,scr2081,stInflow,reservoir
PT,h7534,0.2199143357077933,scr2081,stInflow,reservoir
PT,h7535,0.2199143357077933,scr2081,stInflow,reservoir
PT,h7536,0.2199143357077933,scr2081,stInflow,reservoir
PT,h7537,0.2199143357077933,scr2081,stInflow,reservoir
PT,h7538,0.2199143357077933,scr2081,stInflow,reservoir
PT,h7539,0.2199143357077933,scr2081,stInflow,reservoir
PT,h7540,0.2199143357077933,scr2081,stInflow,reservoir
PT,h7541,0.2199143357077933,scr2081,stInflow,reservoir
PT,h7542,0.2199143357077933,scr2081,stInflow,reservoir
PT,h7543,0.2199143357077933,scr2081,stInflow,reservoir
PT,h7544,0.2199143357077933,scr2081,stInflow,reservoir
PT,h7545,0.2199143357077933,scr2081,stInflow,reservoir
PT,h7546,0.2199143357077933,scr2081,stInflow,reservoir
PT,h7547,0.2199143357077933,scr2081,stInflow,reservoir
PT,h7548,0.2199143357077933,scr2081,stInflow,reservoir
PT,h7549,0.2199143357077933,scr2081,stInflow,reservoir
PT,h7550,0.2199143357077933,scr2081,stInflow,reservoir
PT,h7551,0.2199143357077933,scr2081,stInflow,reservoir
PT,h7552,0.2199143357077933,scr2081,stInflow,reservoir
PT,h7553,0.2199143357077933,scr2081,stInflow,reservoir
PT,h7554,0.2199143357077933,scr2081,stInflow,reservoir
PT,h7555,0.2199143357077933,scr2081,stInflow,reservoir
PT,h7556,0.2199143357077933,scr2081,stInflow,reservoir
PT,h7557,0.2199143357077933,scr2081,stInflow,reservoir
PT,h7558,0.2199143357077933,scr2081,stInflow,reservoir
PT,h7559,0.2199143357077933,scr2081,stInflow,reservoir
PT,h7560,0.2199143357077933,scr2081,stInflow,reservoir
PT,h7561,0.2199143357077933,scr2081,stInflow,reservoir
PT,h7562,0.2199143357077933,scr2081,stInflow,reservoir
PT,h7563,0.2199143357077933,scr2081,stInflow,reservoir
PT,h7564,0.2199143357077933,scr2081,stInflow,reservoir
PT,h7565,0.2199143357077933,scr2081,stInflow,reservoir
PT,h7566,0.2199143357077933,scr2081,stInflow,reservoir
PT,h7567,0.2199143357077933,scr2081,stInflow,reservoir
PT,h7568,0.2199143357077933,scr2081,stInflow,reservoir
PT,h7569,0.2199143357077933,scr2081,stInflow,reservoir
PT,h7570,0.2199143357077933,scr2081,stInflow,reservoir
PT,h7571,0.2199143357077933,scr2081,stInflow,reservoir
PT,h7572,0.2199143357077933,scr2081,stInflow,reservoir
PT,h7573,0.2199143357077933,scr2081,stInflow,reservoir
PT,h7574,0.2199143357077933,scr2081,stInflow,reservoir
PT,h7575,0.2199143357077933,scr2081,stInflow,reservoir
PT,h7576,0.2199143357077933,scr2081,stInflow,reservoir
PT,h7577,0.2199143357077933,scr2081,stInflow,reservoir
PT,h7578,0.2199143357077933,scr2081,stInflow,reservoir
PT,h7579,0.2199143357077933,scr2081,stInflow,reservoir
PT,h7580,0.2199143357077933,scr2081,stInflow,reservoir
PT,h7581,0.2199143357077933,scr2081,stInflow,reservoir
PT,h7582,0.2199143357077933,scr2081,stInflow,reservoir
PT,h7583,0.2199143357077933,scr2081,stInflow,reservoir
PT,h7584,0.2199143357077933,scr2081,stInflow,reservoir
PT,h7585,0.2199143357077933,scr2081,stInflow,reservoir
PT,h7586,0.2199143357077933,scr2081,stInflow,reservoir
PT,h7587,0.2199143357077933,scr2081,stInflow,reservoir
PT,h7588,0.2199143357077933,scr2081,stInflow,reservoir
PT,h7589,0.2199143357077933,scr2081,stInflow,reservoir
PT,h7590,0.2199143357077933,scr2081,stInflow,reservoir
PT,h7591,0.2199143357077933,scr2081,stInflow,reservoir
PT,h7592,0.2199143357077933,scr2081,stInflow,reservoir
PT,h7593,0.2199143357077933,scr2081,stInflow,reservoir
PT,h7594,0.2199143357077933,scr2081,stInflow,reservoir
PT,h7595,0.2199143357077933,scr2081,stInflow,reservoir
PT,h7596,0.2199143357077933,scr2081,stInflow,reservoir
PT,h7597,0.2199143357077933,scr2081,stInflow,reservoir
PT,h7598,0.2199143357077933,scr2081,stInflow,reservoir
PT,h7599,0.2199143357077933,scr2081,stInflow,reservoir
PT,h7600,0.2199143357077933,scr2081,stInflow,reservoir
PT,h7601,0.2199143357077933,scr2081,stInflow,reservoir
PT,h7602,0.2199143357077933,scr2081,stInflow,reservoir
PT,h7603,0.2199143357077933,scr2081,stInflow,reservoir
PT,h7604,0.2199143357077933,scr2081,stInflow,reservoir
PT,h7605,0.2199143357077933,scr2081,stInflow,reservoir
PT,h7606,0.2199143357077933,scr2081,stInflow,reservoir
PT,h7607,0.2199143357077933,scr2081,stInflow,reservoir
PT,h7608,0.2199143357077933,scr2081,stInflow,reservoir
PT,h7609,0.2199143357077933,scr2081,stInflow,reservoir
PT,h7610,0.2199143357077933,scr2081,stInflow,reservoir
PT,h7611,0.2199143357077933,scr2081,stInflow,reservoir
PT,h7612,0.2199143357077933,scr2081,stInflow,reservoir
PT,h7613,0.2199143357077933,scr2081,stInflow,reservoir
PT,h7614,0.2199143357077933,scr2081,stInflow,reservoir
PT,h7615,0.2199143357077933,scr2081,stInflow,reservoir
PT,h7616,0.2199143357077933,scr2081,stInflow,reservoir
PT,h7617,0.2199143357077933,scr2081,stInflow,reservoir
PT,h7618,0.2199143357077933,scr2081,stInflow,reservoir
PT,h7619,0.2199143357077933,scr2081,stInflow,reservoir
PT,h7620,0.2199143357077933,scr2081,stInflow,reservoir
PT,h7621,0.2199143357077933,scr2081,stInflow,reservoir
PT,h7622,0.2199143357077933,scr2081,stInflow,reservoir
PT,h7623,0.2199143357077933,scr2081,stInflow,reservoir
PT,h7624,0.2199143357077933,scr2081,stInflow,reservoir
PT,h7625,0.2199143357077933,scr2081,stInflow,reservoir
PT,h7626,0.2199143357077933,scr2081,stInflow,reservoir
PT,h7627,0.2199143357077933,scr2081,stInflow,reservoir
PT,h7628,0.2199143357077933,scr2081,stInflow,reservoir
PT,h7629,0.2199143357077933,scr2081,stInflow,reservoir
PT,h7630,0.2199143357077933,scr2081,stInflow,reservoir
PT,h7631,0.2199143357077933,scr2081,stInflow,reservoir
PT,h7632,0.2199143357077933,scr2081,stInflow,reservoir
PT,h7633,0.2199143357077933,scr2081,stInflow,reservoir
PT,h7634,0.2199143357077933,scr2081,stInflow,reservoir
PT,h7635,0.2199143357077933,scr2081,stInflow,reservoir
PT,h7636,0.2199143357077933,scr2081,stInflow,reservoir
PT,h7637,0.2199143357077933,scr2081,stInflow,reservoir
PT,h7638,0.2199143357077933,scr2081,stInflow,reservoir
PT,h7639,0.2199143357077933,scr2081,stInflow,reservoir
PT,h7640,0.2199143357077933,scr2081,stInflow,reservoir
PT,h7641,0.2199143357077933,scr2081,stInflow,reservoir
PT,h7642,0.2199143357077933,scr2081,stInflow,reservoir
PT,h7643,0.2199143357077933,scr2081,stInflow,reservoir
PT,h7644,0.2199143357077933,scr2081,stInflow,reservoir
PT,h7645,0.2199143357077933,scr2081,stInflow,reservoir
PT,h7646,0.2199143357077933,scr2081,stInflow,reservoir
PT,h7647,0.2199143357077933,scr2081,stInflow,reservoir
PT,h7648,0.2199143357077933,scr2081,stInflow,reservoir
PT,h7649,0.2199143357077933,scr2081,stInflow,reservoir
PT,h7650,0.2199143357077933,scr2081,stInflow,reservoir
PT,h7651,0.2199143357077933,scr2081,stInflow,reservoir
PT,h7652,0.2199143357077933,scr2081,stInflow,reservoir
PT,h7653,0.2199143357077933,scr2081,stInflow,reservoir
PT,h7654,0.2199143357077933,scr2081,stInflow,reservoir
PT,h7655,0.2199143357077933,scr2081,stInflow,reservoir
PT,h7656,0.2199143357077933,scr2081,stInflow,reservoir
PT,h7657,0.2199143357077933,scr2081,stInflow,reservoir
PT,h7658,0.2199143357077933,scr2081,stInflow,reservoir
PT,h7659,0.2199143357077933,scr2081,stInflow,reservoir
PT,h7660,0.2199143357077933,scr2081,stInflow,reservoir
PT,h7661,0.2199143357077933,scr2081,stInflow,reservoir
PT,h7662,0.2199143357077933,scr2081,stInflow,reservoir
PT,h7663,0.2199143357077933,scr2081,stInflow,reservoir
PT,h7664,0.2199143357077933,scr2081,stInflow,reservoir
PT,h7665,0.2199143357077933,scr2081,stInflow,reservoir
PT,h7666,0.2199143357077933,scr2081,stInflow,reservoir
PT,h7667,0.2199143357077933,scr2081,stInflow,reservoir
PT,h7668,0.2199143357077933,scr2081,stInflow,reservoir
PT,h7669,0.2199143357077933,scr2081,stInflow,reservoir
PT,h7670,0.2199143357077933,scr2081,stInflow,reservoir
PT,h7671,0.2199143357077933,scr2081,stInflow,reservoir
PT,h7672,0.2199143357077933,scr2081,stInflow,reservoir
PT,h7673,0.2199143357077933,scr2081,stInflow,reservoir
PT,h7674,0.2199143357077933,scr2081,stInflow,reservoir
PT,h7675,0.2199143357077933,scr2081,stInflow,reservoir
PT,h7676,0.2199143357077933,scr2081,stInflow,reservoir
PT,h7677,0.2199143357077933,scr2081,stInflow,reservoir
PT,h7678,0.2199143357077933,scr2081,stInflow,reservoir
PT,h7679,0.2199143357077933,scr2081,stInflow,reservoir
PT,h7680,0.2199143357077933,scr2081,stInflow,reservoir
PT,h7681,0.22526454382311037,scr2081,stInflow,reservoir
PT,h7682,0.23061476464590058,scr2081,stInflow,reservoir
PT,h7683,0.2359649978813496,scr2081,stInflow,reservoir
PT,h7684,0.2359649978813496,scr2081,stInflow,reservoir
PT,h7685,0.2359649978813496,scr2081,stInflow,reservoir
PT,h7686,0.2359649978813496,scr2081,stInflow,reservoir
PT,h7687,0.2359649978813496,scr2081,stInflow,reservoir
PT,h7688,0.2359649978813496,scr2081,stInflow,reservoir
PT,h7689,0.2359649978813496,scr2081,stInflow,reservoir
PT,h7690,0.2359649978813496,scr2081,stInflow,reservoir
PT,h7691,0.2359649978813496,scr2081,stInflow,reservoir
PT,h7692,0.2359649978813496,scr2081,stInflow,reservoir
PT,h7693,0.2359649978813496,scr2081,stInflow,reservoir
PT,h7694,0.2359649978813496,scr2081,stInflow,reservoir
PT,h7695,0.2359649978813496,scr2081,stInflow,reservoir
PT,h7696,0.2359649978813496,scr2081,stInflow,reservoir
PT,h7697,0.2359649978813496,scr2081,stInflow,reservoir
PT,h7698,0.2359649978813496,scr2081,stInflow,reservoir
PT,h7699,0.2359649978813496,scr2081,stInflow,reservoir
PT,h7700,0.2359649978813496,scr2081,stInflow,reservoir
PT,h7701,0.2359649978813496,scr2081,stInflow,reservoir
PT,h7702,0.2359649978813496,scr2081,stInflow,reservoir
PT,h7703,0.2359649978813496,scr2081,stInflow,reservoir
PT,h7704,0.2359649978813496,scr2081,stInflow,reservoir
PT,h7705,0.2359649978813496,scr2081,stInflow,reservoir
PT,h7706,0.2359649978813496,scr2081,stInflow,reservoir
PT,h7707,0.2359649978813496,scr2081,stInflow,reservoir
PT,h7708,0.2359649978813496,scr2081,stInflow,reservoir
PT,h7709,0.2359649978813496,scr2081,stInflow,reservoir
PT,h7710,0.2359649978813496,scr2081,stInflow,reservoir
PT,h7711,0.2359649978813496,scr2081,stInflow,reservoir
PT,h7712,0.2359649978813496,scr2081,stInflow,reservoir
PT,h7713,0.2359649978813496,scr2081,stInflow,reservoir
PT,h7714,0.2359649978813496,scr2081,stInflow,reservoir
PT,h7715,0.2359649978813496,scr2081,stInflow,reservoir
PT,h7716,0.2359649978813496,scr2081,stInflow,reservoir
PT,h7717,0.2359649978813496,scr2081,stInflow,reservoir
PT,h7718,0.2359649978813496,scr2081,stInflow,reservoir
PT,h7719,0.2359649978813496,scr2081,stInflow,reservoir
PT,h7720,0.2359649978813496,scr2081,stInflow,reservoir
PT,h7721,0.2359649978813496,scr2081,stInflow,reservoir
PT,h7722,0.2359649978813496,scr2081,stInflow,reservoir
PT,h7723,0.2359649978813496,scr2081,stInflow,reservoir
PT,h7724,0.2359649978813496,scr2081,stInflow,reservoir
PT,h7725,0.2359649978813496,scr2081,stInflow,reservoir
PT,h7726,0.2359649978813496,scr2081,stInflow,reservoir
PT,h7727,0.2359649978813496,scr2081,stInflow,reservoir
PT,h7728,0.2359649978813496,scr2081,stInflow,reservoir
PT,h7729,0.2359649978813496,scr2081,stInflow,reservoir
PT,h7730,0.2359649978813496,scr2081,stInflow,reservoir
PT,h7731,0.2359649978813496,scr2081,stInflow,reservoir
PT,h7732,0.2359649978813496,scr2081,stInflow,reservoir
PT,h7733,0.2359649978813496,scr2081,stInflow,reservoir
PT,h7734,0.2359649978813496,scr2081,stInflow,reservoir
PT,h7735,0.2359649978813496,scr2081,stInflow,reservoir
PT,h7736,0.2359649978813496,scr2081,stInflow,reservoir
PT,h7737,0.2359649978813496,scr2081,stInflow,reservoir
PT,h7738,0.2359649978813496,scr2081,stInflow,reservoir
PT,h7739,0.2359649978813496,scr2081,stInflow,reservoir
PT,h7740,0.2359649978813496,scr2081,stInflow,reservoir
PT,h7741,0.2359649978813496,scr2081,stInflow,reservoir
PT,h7742,0.2359649978813496,scr2081,stInflow,reservoir
PT,h7743,0.2359649978813496,scr2081,stInflow,reservoir
PT,h7744,0.2359649978813496,scr2081,stInflow,reservoir
PT,h7745,0.2359649978813496,scr2081,stInflow,reservoir
PT,h7746,0.2359649978813496,scr2081,stInflow,reservoir
PT,h7747,0.2359649978813496,scr2081,stInflow,reservoir
PT,h7748,0.2359649978813496,scr2081,stInflow,reservoir
PT,h7749,0.2359649978813496,scr2081,stInflow,reservoir
PT,h7750,0.2359649978813496,scr2081,stInflow,reservoir
PT,h7751,0.2359649978813496,scr2081,stInflow,reservoir
PT,h7752,0.2359649978813496,scr2081,stInflow,reservoir
PT,h7753,0.2359649978813496,scr2081,stInflow,reservoir
PT,h7754,0.2359649978813496,scr2081,stInflow,reservoir
PT,h7755,0.2359649978813496,scr2081,stInflow,reservoir
PT,h7756,0.2359649978813496,scr2081,stInflow,reservoir
PT,h7757,0.2359649978813496,scr2081,stInflow,reservoir
PT,h7758,0.2359649978813496,scr2081,stInflow,reservoir
PT,h7759,0.2359649978813496,scr2081,stInflow,reservoir
PT,h7760,0.2359649978813496,scr2081,stInflow,reservoir
PT,h7761,0.2359649978813496,scr2081,stInflow,reservoir
PT,h7762,0.2359649978813496,scr2081,stInflow,reservoir
PT,h7763,0.2359649978813496,scr2081,stInflow,reservoir
PT,h7764,0.2359649978813496,scr2081,stInflow,reservoir
PT,h7765,0.2359649978813496,scr2081,stInflow,reservoir
PT,h7766,0.2359649978813496,scr2081,stInflow,reservoir
PT,h7767,0.2359649978813496,scr2081,stInflow,reservoir
PT,h7768,0.2359649978813496,scr2081,stInflow,reservoir
PT,h7769,0.2359649978813496,scr2081,stInflow,reservoir
PT,h7770,0.2359649978813496,scr2081,stInflow,reservoir
PT,h7771,0.2359649978813496,scr2081,stInflow,reservoir
PT,h7772,0.2359649978813496,scr2081,stInflow,reservoir
PT,h7773,0.2359649978813496,scr2081,stInflow,reservoir
PT,h7774,0.2359649978813496,scr2081,stInflow,reservoir
PT,h7775,0.2359649978813496,scr2081,stInflow,reservoir
PT,h7776,0.2359649978813496,scr2081,stInflow,reservoir
PT,h7777,0.2359649978813496,scr2081,stInflow,reservoir
PT,h7778,0.2359649978813496,scr2081,stInflow,reservoir
PT,h7779,0.2359649978813496,scr2081,stInflow,reservoir
PT,h7780,0.2359649978813496,scr2081,stInflow,reservoir
PT,h7781,0.2359649978813496,scr2081,stInflow,reservoir
PT,h7782,0.2359649978813496,scr2081,stInflow,reservoir
PT,h7783,0.2359649978813496,scr2081,stInflow,reservoir
PT,h7784,0.2359649978813496,scr2081,stInflow,reservoir
PT,h7785,0.2359649978813496,scr2081,stInflow,reservoir
PT,h7786,0.2359649978813496,scr2081,stInflow,reservoir
PT,h7787,0.2359649978813496,scr2081,stInflow,reservoir
PT,h7788,0.2359649978813496,scr2081,stInflow,reservoir
PT,h7789,0.2359649978813496,scr2081,stInflow,reservoir
PT,h7790,0.2359649978813496,scr2081,stInflow,reservoir
PT,h7791,0.2359649978813496,scr2081,stInflow,reservoir
PT,h7792,0.2359649978813496,scr2081,stInflow,reservoir
PT,h7793,0.2359649978813496,scr2081,stInflow,reservoir
PT,h7794,0.2359649978813496,scr2081,stInflow,reservoir
PT,h7795,0.2359649978813496,scr2081,stInflow,reservoir
PT,h7796,0.2359649978813496,scr2081,stInflow,reservoir
PT,h7797,0.2359649978813496,scr2081,stInflow,reservoir
PT,h7798,0.2359649978813496,scr2081,stInflow,reservoir
PT,h7799,0.2359649978813496,scr2081,stInflow,reservoir
PT,h7800,0.2359649978813496,scr2081,stInflow,reservoir
PT,h7801,0.2359649978813496,scr2081,stInflow,reservoir
PT,h7802,0.2359649978813496,scr2081,stInflow,reservoir
PT,h7803,0.2359649978813496,scr2081,stInflow,reservoir
PT,h7804,0.2359649978813496,scr2081,stInflow,reservoir
PT,h7805,0.2359649978813496,scr2081,stInflow,reservoir
PT,h7806,0.2359649978813496,scr2081,stInflow,reservoir
PT,h7807,0.2359649978813496,scr2081,stInflow,reservoir
PT,h7808,0.2359649978813496,scr2081,stInflow,reservoir
PT,h7809,0.2359649978813496,scr2081,stInflow,reservoir
PT,h7810,0.2359649978813496,scr2081,stInflow,reservoir
PT,h7811,0.2359649978813496,scr2081,stInflow,reservoir
PT,h7812,0.2359649978813496,scr2081,stInflow,reservoir
PT,h7813,0.2359649978813496,scr2081,stInflow,reservoir
PT,h7814,0.2359649978813496,scr2081,stInflow,reservoir
PT,h7815,0.2359649978813496,scr2081,stInflow,reservoir
PT,h7816,0.2359649978813496,scr2081,stInflow,reservoir
PT,h7817,0.2359649978813496,scr2081,stInflow,reservoir
PT,h7818,0.2359649978813496,scr2081,stInflow,reservoir
PT,h7819,0.2359649978813496,scr2081,stInflow,reservoir
PT,h7820,0.2359649978813496,scr2081,stInflow,reservoir
PT,h7821,0.2359649978813496,scr2081,stInflow,reservoir
PT,h7822,0.2359649978813496,scr2081,stInflow,reservoir
PT,h7823,0.2359649978813496,scr2081,stInflow,reservoir
PT,h7824,0.2359649978813496,scr2081,stInflow,reservoir
PT,h7825,0.2359649978813496,scr2081,stInflow,reservoir
PT,h7826,0.2359649978813496,scr2081,stInflow,reservoir
PT,h7827,0.2359649978813496,scr2081,stInflow,reservoir
PT,h7828,0.2359649978813496,scr2081,stInflow,reservoir
PT,h7829,0.2359649978813496,scr2081,stInflow,reservoir
PT,h7830,0.2359649978813496,scr2081,stInflow,reservoir
PT,h7831,0.2359649978813496,scr2081,stInflow,reservoir
PT,h7832,0.2359649978813496,scr2081,stInflow,reservoir
PT,h7833,0.2359649978813496,scr2081,stInflow,reservoir
PT,h7834,0.2359649978813496,scr2081,stInflow,reservoir
PT,h7835,0.2359649978813496,scr2081,stInflow,reservoir
PT,h7836,0.2359649978813496,scr2081,stInflow,reservoir
PT,h7837,0.2359649978813496,scr2081,stInflow,reservoir
PT,h7838,0.2359649978813496,scr2081,stInflow,reservoir
PT,h7839,0.2359649978813496,scr2081,stInflow,reservoir
PT,h7840,0.2359649978813496,scr2081,stInflow,reservoir
PT,h7841,0.2359649978813496,scr2081,stInflow,reservoir
PT,h7842,0.2359649978813496,scr2081,stInflow,reservoir
PT,h7843,0.2359649978813496,scr2081,stInflow,reservoir
PT,h7844,0.2359649978813496,scr2081,stInflow,reservoir
PT,h7845,0.2359649978813496,scr2081,stInflow,reservoir
PT,h7846,0.2359649978813496,scr2081,stInflow,reservoir
PT,h7847,0.2359649978813496,scr2081,stInflow,reservoir
PT,h7848,0.2359649978813496,scr2081,stInflow,reservoir
PT,h7849,0.34350431999517844,scr2081,stInflow,reservoir
PT,h7850,0.45104706588978455,scr2081,stInflow,reservoir
PT,h7851,0.5585924006182063,scr2081,stInflow,reservoir
PT,h7852,0.5585924006182063,scr2081,stInflow,reservoir
PT,h7853,0.5585924006182063,scr2081,stInflow,reservoir
PT,h7854,0.5585924006182063,scr2081,stInflow,reservoir
PT,h7855,0.5585924006182063,scr2081,stInflow,reservoir
PT,h7856,0.5585924006182063,scr2081,stInflow,reservoir
PT,h7857,0.5585924006182063,scr2081,stInflow,reservoir
PT,h7858,0.5585924006182063,scr2081,stInflow,reservoir
PT,h7859,0.5585924006182063,scr2081,stInflow,reservoir
PT,h7860,0.5585924006182063,scr2081,stInflow,reservoir
PT,h7861,0.5585924006182063,scr2081,stInflow,reservoir
PT,h7862,0.5585924006182063,scr2081,stInflow,reservoir
PT,h7863,0.5585924006182063,scr2081,stInflow,reservoir
PT,h7864,0.5585924006182063,scr2081,stInflow,reservoir
PT,h7865,0.5585924006182063,scr2081,stInflow,reservoir
PT,h7866,0.5585924006182063,scr2081,stInflow,reservoir
PT,h7867,0.5585924006182063,scr2081,stInflow,reservoir
PT,h7868,0.5585924006182063,scr2081,stInflow,reservoir
PT,h7869,0.5585924006182063,scr2081,stInflow,reservoir
PT,h7870,0.5585924006182063,scr2081,stInflow,reservoir
PT,h7871,0.5585924006182063,scr2081,stInflow,reservoir
PT,h7872,0.5585924006182063,scr2081,stInflow,reservoir
PT,h7873,0.5585924006182063,scr2081,stInflow,reservoir
PT,h7874,0.5585924006182063,scr2081,stInflow,reservoir
PT,h7875,0.5585924006182063,scr2081,stInflow,reservoir
PT,h7876,0.5585924006182063,scr2081,stInflow,reservoir
PT,h7877,0.5585924006182063,scr2081,stInflow,reservoir
PT,h7878,0.5585924006182063,scr2081,stInflow,reservoir
PT,h7879,0.5585924006182063,scr2081,stInflow,reservoir
PT,h7880,0.5585924006182063,scr2081,stInflow,reservoir
PT,h7881,0.5585924006182063,scr2081,stInflow,reservoir
PT,h7882,0.5585924006182063,scr2081,stInflow,reservoir
PT,h7883,0.5585924006182063,scr2081,stInflow,reservoir
PT,h7884,0.5585924006182063,scr2081,stInflow,reservoir
PT,h7885,0.5585924006182063,scr2081,stInflow,reservoir
PT,h7886,0.5585924006182063,scr2081,stInflow,reservoir
PT,h7887,0.5585924006182063,scr2081,stInflow,reservoir
PT,h7888,0.5585924006182063,scr2081,stInflow,reservoir
PT,h7889,0.5585924006182063,scr2081,stInflow,reservoir
PT,h7890,0.5585924006182063,scr2081,stInflow,reservoir
PT,h7891,0.5585924006182063,scr2081,stInflow,reservoir
PT,h7892,0.5585924006182063,scr2081,stInflow,reservoir
PT,h7893,0.5585924006182063,scr2081,stInflow,reservoir
PT,h7894,0.5585924006182063,scr2081,stInflow,reservoir
PT,h7895,0.5585924006182063,scr2081,stInflow,reservoir
PT,h7896,0.5585924006182063,scr2081,stInflow,reservoir
PT,h7897,0.5585924006182063,scr2081,stInflow,reservoir
PT,h7898,0.5585924006182063,scr2081,stInflow,reservoir
PT,h7899,0.5585924006182063,scr2081,stInflow,reservoir
PT,h7900,0.5585924006182063,scr2081,stInflow,reservoir
PT,h7901,0.5585924006182063,scr2081,stInflow,reservoir
PT,h7902,0.5585924006182063,scr2081,stInflow,reservoir
PT,h7903,0.5585924006182063,scr2081,stInflow,reservoir
PT,h7904,0.5585924006182063,scr2081,stInflow,reservoir
PT,h7905,0.5585924006182063,scr2081,stInflow,reservoir
PT,h7906,0.5585924006182063,scr2081,stInflow,reservoir
PT,h7907,0.5585924006182063,scr2081,stInflow,reservoir
PT,h7908,0.5585924006182063,scr2081,stInflow,reservoir
PT,h7909,0.5585924006182063,scr2081,stInflow,reservoir
PT,h7910,0.5585924006182063,scr2081,stInflow,reservoir
PT,h7911,0.5585924006182063,scr2081,stInflow,reservoir
PT,h7912,0.5585924006182063,scr2081,stInflow,reservoir
PT,h7913,0.5585924006182063,scr2081,stInflow,reservoir
PT,h7914,0.5585924006182063,scr2081,stInflow,reservoir
PT,h7915,0.5585924006182063,scr2081,stInflow,reservoir
PT,h7916,0.5585924006182063,scr2081,stInflow,reservoir
PT,h7917,0.5585924006182063,scr2081,stInflow,reservoir
PT,h7918,0.5585924006182063,scr2081,stInflow,reservoir
PT,h7919,0.5585924006182063,scr2081,stInflow,reservoir
PT,h7920,0.5585924006182063,scr2081,stInflow,reservoir
PT,h7921,0.5585924006182063,scr2081,stInflow,reservoir
PT,h7922,0.5585924006182063,scr2081,stInflow,reservoir
PT,h7923,0.5585924006182063,scr2081,stInflow,reservoir
PT,h7924,0.5585924006182063,scr2081,stInflow,reservoir
PT,h7925,0.5585924006182063,scr2081,stInflow,reservoir
PT,h7926,0.5585924006182063,scr2081,stInflow,reservoir
PT,h7927,0.5585924006182063,scr2081,stInflow,reservoir
PT,h7928,0.5585924006182063,scr2081,stInflow,reservoir
PT,h7929,0.5585924006182063,scr2081,stInflow,reservoir
PT,h7930,0.5585924006182063,scr2081,stInflow,reservoir
PT,h7931,0.5585924006182063,scr2081,stInflow,reservoir
PT,h7932,0.5585924006182063,scr2081,stInflow,reservoir
PT,h7933,0.5585924006182063,scr2081,stInflow,reservoir
PT,h7934,0.5585924006182063,scr2081,stInflow,reservoir
PT,h7935,0.5585924006182063,scr2081,stInflow,reservoir
PT,h7936,0.5585924006182063,scr2081,stInflow,reservoir
PT,h7937,0.5585924006182063,scr2081,stInflow,reservoir
PT,h7938,0.5585924006182063,scr2081,stInflow,reservoir
PT,h7939,0.5585924006182063,scr2081,stInflow,reservoir
PT,h7940,0.5585924006182063,scr2081,stInflow,reservoir
PT,h7941,0.5585924006182063,scr2081,stInflow,reservoir
PT,h7942,0.5585924006182063,scr2081,stInflow,reservoir
PT,h7943,0.5585924006182063,scr2081,stInflow,reservoir
PT,h7944,0.5585924006182063,scr2081,stInflow,reservoir
PT,h7945,0.5585924006182063,scr2081,stInflow,reservoir
PT,h7946,0.5585924006182063,scr2081,stInflow,reservoir
PT,h7947,0.5585924006182063,scr2081,stInflow,reservoir
PT,h7948,0.5585924006182063,scr2081,stInflow,reservoir
PT,h7949,0.5585924006182063,scr2081,stInflow,reservoir
PT,h7950,0.5585924006182063,scr2081,stInflow,reservoir
PT,h7951,0.5585924006182063,scr2081,stInflow,reservoir
PT,h7952,0.5585924006182063,scr2081,stInflow,reservoir
PT,h7953,0.5585924006182063,scr2081,stInflow,reservoir
PT,h7954,0.5585924006182063,scr2081,stInflow,reservoir
PT,h7955,0.5585924006182063,scr2081,stInflow,reservoir
PT,h7956,0.5585924006182063,scr2081,stInflow,reservoir
PT,h7957,0.5585924006182063,scr2081,stInflow,reservoir
PT,h7958,0.5585924006182063,scr2081,stInflow,reservoir
PT,h7959,0.5585924006182063,scr2081,stInflow,reservoir
PT,h7960,0.5585924006182063,scr2081,stInflow,reservoir
PT,h7961,0.5585924006182063,scr2081,stInflow,reservoir
PT,h7962,0.5585924006182063,scr2081,stInflow,reservoir
PT,h7963,0.5585924006182063,scr2081,stInflow,reservoir
PT,h7964,0.5585924006182063,scr2081,stInflow,reservoir
PT,h7965,0.5585924006182063,scr2081,stInflow,reservoir
PT,h7966,0.5585924006182063,scr2081,stInflow,reservoir
PT,h7967,0.5585924006182063,scr2081,stInflow,reservoir
PT,h7968,0.5585924006182063,scr2081,stInflow,reservoir
PT,h7969,0.5585924006182063,scr2081,stInflow,reservoir
PT,h7970,0.5585924006182063,scr2081,stInflow,reservoir
PT,h7971,0.5585924006182063,scr2081,stInflow,reservoir
PT,h7972,0.5585924006182063,scr2081,stInflow,reservoir
PT,h7973,0.5585924006182063,scr2081,stInflow,reservoir
PT,h7974,0.5585924006182063,scr2081,stInflow,reservoir
PT,h7975,0.5585924006182063,scr2081,stInflow,reservoir
PT,h7976,0.5585924006182063,scr2081,stInflow,reservoir
PT,h7977,0.5585924006182063,scr2081,stInflow,reservoir
PT,h7978,0.5585924006182063,scr2081,stInflow,reservoir
PT,h7979,0.5585924006182063,scr2081,stInflow,reservoir
PT,h7980,0.5585924006182063,scr2081,stInflow,reservoir
PT,h7981,0.5585924006182063,scr2081,stInflow,reservoir
PT,h7982,0.5585924006182063,scr2081,stInflow,reservoir
PT,h7983,0.5585924006182063,scr2081,stInflow,reservoir
PT,h7984,0.5585924006182063,scr2081,stInflow,reservoir
PT,h7985,0.5585924006182063,scr2081,stInflow,reservoir
PT,h7986,0.5585924006182063,scr2081,stInflow,reservoir
PT,h7987,0.5585924006182063,scr2081,stInflow,reservoir
PT,h7988,0.5585924006182063,scr2081,stInflow,reservoir
PT,h7989,0.5585924006182063,scr2081,stInflow,reservoir
PT,h7990,0.5585924006182063,scr2081,stInflow,reservoir
PT,h7991,0.5585924006182063,scr2081,stInflow,reservoir
PT,h7992,0.5585924006182063,scr2081,stInflow,reservoir
PT,h7993,0.5585924006182063,scr2081,stInflow,reservoir
PT,h7994,0.5585924006182063,scr2081,stInflow,reservoir
PT,h7995,0.5585924006182063,scr2081,stInflow,reservoir
PT,h7996,0.5585924006182063,scr2081,stInflow,reservoir
PT,h7997,0.5585924006182063,scr2081,stInflow,reservoir
PT,h7998,0.5585924006182063,scr2081,stInflow,reservoir
PT,h7999,0.5585924006182063,scr2081,stInflow,reservoir
PT,h8000,0.5585924006182063,scr2081,stInflow,reservoir
PT,h8001,0.5585924006182063,scr2081,stInflow,reservoir
PT,h8002,0.5585924006182063,scr2081,stInflow,reservoir
PT,h8003,0.5585924006182063,scr2081,stInflow,reservoir
PT,h8004,0.5585924006182063,scr2081,stInflow,reservoir
PT,h8005,0.5585924006182063,scr2081,stInflow,reservoir
PT,h8006,0.5585924006182063,scr2081,stInflow,reservoir
PT,h8007,0.5585924006182063,scr2081,stInflow,reservoir
PT,h8008,0.5585924006182063,scr2081,stInflow,reservoir
PT,h8009,0.5585924006182063,scr2081,stInflow,reservoir
PT,h8010,0.5585924006182063,scr2081,stInflow,reservoir
PT,h8011,0.5585924006182063,scr2081,stInflow,reservoir
PT,h8012,0.5585924006182063,scr2081,stInflow,reservoir
PT,h8013,0.5585924006182063,scr2081,stInflow,reservoir
PT,h8014,0.5585924006182063,scr2081,stInflow,reservoir
PT,h8015,0.5585924006182063,scr2081,stInflow,reservoir
PT,h8016,0.5585924006182063,scr2081,stInflow,reservoir
PT,h8017,0.665176778343942,scr2081,stInflow,reservoir
PT,h8018,0.7717628711768252,scr2081,stInflow,reservoir
PT,h8019,0.8783504406415048,scr2081,stInflow,reservoir
PT,h8020,0.8783504406415048,scr2081,stInflow,reservoir
PT,h8021,0.8783504406415048,scr2081,stInflow,reservoir
PT,h8022,0.8783504406415048,scr2081,stInflow,reservoir
PT,h8023,0.8783504406415048,scr2081,stInflow,reservoir
PT,h8024,0.8783504406415048,scr2081,stInflow,reservoir
PT,h8025,0.8783504406415048,scr2081,stInflow,reservoir
PT,h8026,0.8783504406415048,scr2081,stInflow,reservoir
PT,h8027,0.8783504406415048,scr2081,stInflow,reservoir
PT,h8028,0.8783504406415048,scr2081,stInflow,reservoir
PT,h8029,0.8783504406415048,scr2081,stInflow,reservoir
PT,h8030,0.8783504406415048,scr2081,stInflow,reservoir
PT,h8031,0.8783504406415048,scr2081,stInflow,reservoir
PT,h8032,0.8783504406415048,scr2081,stInflow,reservoir
PT,h8033,0.8783504406415048,scr2081,stInflow,reservoir
PT,h8034,0.8783504406415048,scr2081,stInflow,reservoir
PT,h8035,0.8783504406415048,scr2081,stInflow,reservoir
PT,h8036,0.8783504406415048,scr2081,stInflow,reservoir
PT,h8037,0.8783504406415048,scr2081,stInflow,reservoir
PT,h8038,0.8783504406415048,scr2081,stInflow,reservoir
PT,h8039,0.8783504406415048,scr2081,stInflow,reservoir
PT,h8040,0.8783504406415048,scr2081,stInflow,reservoir
RO,h7297,0.24526800780478025,scr2081,stInflow,reservoir
RO,h7298,0.24526800780478025,scr2081,stInflow,reservoir
RO,h7299,0.24526800780478025,scr2081,stInflow,reservoir
RO,h7300,0.24526800780478025,scr2081,stInflow,reservoir
RO,h7301,0.24526800780478025,scr2081,stInflow,reservoir
RO,h7302,0.24526800780478025,scr2081,stInflow,reservoir
RO,h7303,0.24526800780478025,scr2081,stInflow,reservoir
RO,h7304,0.24526800780478025,scr2081,stInflow,reservoir
RO,h7305,0.24526800780478025,scr2081,stInflow,reservoir
RO,h7306,0.24526800780478025,scr2081,stInflow,reservoir
RO,h7307,0.24526800780478025,scr2081,stInflow,reservoir
RO,h7308,0.24526800780478025,scr2081,stInflow,reservoir
RO,h7309,0.24526800780478025,scr2081,stInflow,reservoir
RO,h7310,0.24526800780478025,scr2081,stInflow,reservoir
RO,h7311,0.24526800780478025,scr2081,stInflow,reservoir
RO,h7312,0.24526800780478025,scr2081,stInflow,reservoir
RO,h7313,0.24526800780478025,scr2081,stInflow,reservoir
RO,h7314,0.24526800780478025,scr2081,stInflow,reservoir
RO,h7315,0.24526800780478025,scr2081,stInflow,reservoir
RO,h7316,0.24526800780478025,scr2081,stInflow,reservoir
RO,h7317,0.24526800780478025,scr2081,stInflow,reservoir
RO,h7318,0.24526800780478025,scr2081,stInflow,reservoir
RO,h7319,0.24526800780478025,scr2081,stInflow,reservoir
RO,h7320,0.24526800780478025,scr2081,stInflow,reservoir
RO,h7321,0.24526800780478025,scr2081,stInflow,reservoir
RO,h7322,0.24526800780478025,scr2081,stInflow,reservoir
RO,h7323,0.24526800780478025,scr2081,stInflow,reservoir
RO,h7324,0.24526800780478025,scr2081,stInflow,reservoir
RO,h7325,0.24526800780478025,scr2081,stInflow,reservoir
RO,h7326,0.24526800780478025,scr2081,stInflow,reservoir
RO,h7327,0.24526800780478025,scr2081,stInflow,reservoir
RO,h7328,0.24526800780478025,scr2081,stInflow,reservoir
RO,h7329,0.24526800780478025,scr2081,stInflow,reservoir
RO,h7330,0.24526800780478025,scr2081,stInflow,reservoir
RO,h7331,0.24526800780478025,scr2081,stInflow,reservoir
RO,h7332,0.24526800780478025,scr2081,stInflow,reservoir
RO,h7333,0.24526800780478025,scr2081,stInflow,reservoir
RO,h7334,0.24526800780478025,scr2081,stInflow,reservoir
RO,h7335,0.24526800780478025,scr2081,stInflow,reservoir
RO,h7336,0.24526800780478025,scr2081,stInflow,reservoir
RO,h7337,0.24526800780478025,scr2081,stInflow,reservoir
RO,h7338,0.24526800780478025,scr2081,stInflow,reservoir
RO,h7339,0.24526800780478025,scr2081,stInflow,reservoir
RO,h7340,0.24526800780478025,scr2081,stInflow,reservoir
RO,h7341,0.24526800780478025,scr2081,stInflow,reservoir
RO,h7342,0.24526800780478025,scr2081,stInflow,reservoir
RO,h7343,0.24526800780478025,scr2081,stInflow,reservoir
RO,h7344,0.24526800780478025,scr2081,stInflow,reservoir
RO,h7345,0.2677772753027259,scr2081,stInflow,reservoir
RO,h7346,0.2902867322451197,scr2081,stInflow,reservoir
RO,h7347,0.31279636391217847,scr2081,stInflow,reservoir
RO,h7348,0.31279636391217847,scr2081,stInflow,reservoir
RO,h7349,0.31279636391217847,scr2081,stInflow,reservoir
RO,h7350,0.31279636391217847,scr2081,stInflow,reservoir
RO,h7351,0.31279636391217847,scr2081,stInflow,reservoir
RO,h7352,0.31279636391217847,scr2081,stInflow,reservoir
RO,h7353,0.31279636391217847,scr2081,stInflow,reservoir
RO,h7354,0.31279636391217847,scr2081,stInflow,reservoir
RO,h7355,0.31279636391217847,scr2081,stInflow,reservoir
RO,h7356,0.31279636391217847,scr2081,stInflow,reservoir
RO,h7357,0.31279636391217847,scr2081,stInflow,reservoir
RO,h7358,0.31279636391217847,scr2081,stInflow,reservoir
RO,h7359,0.31279636391217847,scr2081,stInflow,reservoir
RO,h7360,0.31279636391217847,scr2081,stInflow,reservoir
RO,h7361,0.31279636391217847,scr2081,stInflow,reservoir
RO,h7362,0.31279636391217847,scr2081,stInflow,reservoir
RO,h7363,0.31279636391217847,scr2081,stInflow,reservoir
RO,h7364,0.31279636391217847,scr2081,stInflow,reservoir
RO,h7365,0.31279636391217847,scr2081,stInflow,reservoir
RO,h7366,0.31279636391217847,scr2081,stInflow,reservoir
RO,h7367,0.31279636391217847,scr2081,stInflow,reservoir
RO,h7368,0.31279636391217847,scr2081,stInflow,reservoir
RO,h7369,0.31279636391217847,scr2081,stInflow,reservoir
RO,h7370,0.31279636391217847,scr2081,stInflow,reservoir
RO,h7371,0.31279636391217847,scr2081,stInflow,reservoir
RO,h7372,0.31279636391217847,scr2081,stInflow,reservoir
RO,h7373,0.31279636391217847,scr2081,stInflow,reservoir
RO,h7374,0.31279636391217847,scr2081,stInflow,reservoir
RO,h7375,0.31279636391217847,scr2081,stInflow,reservoir
RO,h7376,0.31279636391217847,scr2081,stInflow,reservoir
RO,h7377,0.31279636391217847,scr2081,stInflow,reservoir
RO,h7378,0.31279636391217847,scr2081,stInflow,reservoir
RO,h7379,0.31279636391217847,scr2081,stInflow,reservoir
RO,h7380,0.31279636391217847,scr2081,stInflow,reservoir
RO,h7381,0.31279636391217847,scr2081,stInflow,reservoir
RO,h7382,0.31279636391217847,scr2081,stInflow,reservoir
RO,h7383,0.31279636391217847,scr2081,stInflow,reservoir
RO,h7384,0.31279636391217847,scr2081,stInflow,reservoir
RO,h7385,0.31279636391217847,scr2081,stInflow,reservoir
RO,h7386,0.31279636391217847,scr2081,stInflow,reservoir
RO,h7387,0.31279636391217847,scr2081,stInflow,reservoir
RO,h7388,0.31279636391217847,scr2081,stInflow,reservoir
RO,h7389,0.31279636391217847,scr2081,stInflow,reservoir
RO,h7390,0.31279636391217847,scr2081,stInflow,reservoir
RO,h7391,0.31279636391217847,scr2081,stInflow,reservoir
RO,h7392,0.31279636391217847,scr2081,stInflow,reservoir
RO,h7393,0.31279636391217847,scr2081,stInflow,reservoir
RO,h7394,0.31279636391217847,scr2081,stInflow,reservoir
RO,h7395,0.31279636391217847,scr2081,stInflow,reservoir
RO,h7396,0.31279636391217847,scr2081,stInflow,reservoir
RO,h7397,0.31279636391217847,scr2081,stInflow,reservoir
RO,h7398,0.31279636391217847,scr2081,stInflow,reservoir
RO,h7399,0.31279636391217847,scr2081,stInflow,reservoir
RO,h7400,0.31279636391217847,scr2081,stInflow,reservoir
RO,h7401,0.31279636391217847,scr2081,stInflow,reservoir
RO,h7402,0.31279636391217847,scr2081,stInflow,reservoir
RO,h7403,0.31279636391217847,scr2081,stInflow,reservoir
RO,h7404,0.31279636391217847,scr2081,stInflow,reservoir
RO,h7405,0.31279636391217847,scr2081,stInflow,reservoir
RO,h7406,0.31279636391217847,scr2081,stInflow,reservoir
RO,h7407,0.31279636391217847,scr2081,stInflow,reservoir
RO,h7408,0.31279636391217847,scr2081,stInflow,reservoir
RO,h7409,0.31279636391217847,scr2081,stInflow,reservoir
RO,h7410,0.31279636391217847,scr2081,stInflow,reservoir
RO,h7411,0.31279636391217847,scr2081,stInflow,reservoir
RO,h7412,0.31279636391217847,scr2081,stInflow,reservoir
RO,h7413,0.31279636391217847,scr2081,stInflow,reservoir
RO,h7414,0.31279636391217847,scr2081,stInflow,reservoir
RO,h7415,0.31279636391217847,scr2081,stInflow,reservoir
RO,h7416,0.31279636391217847,scr2081,stInflow,reservoir
RO,h7417,0.31279636391217847,scr2081,stInflow,reservoir
RO,h7418,0.31279636391217847,scr2081,stInflow,reservoir
RO,h7419,0.31279636391217847,scr2081,stInflow,reservoir
RO,h7420,0.31279636391217847,scr2081,stInflow,reservoir
RO,h7421,0.31279636391217847,scr2081,stInflow,reservoir
RO,h7422,0.31279636391217847,scr2081,stInflow,reservoir
RO,h7423,0.31279636391217847,scr2081,stInflow,reservoir
RO,h7424,0.31279636391217847,scr2081,stInflow,reservoir
RO,h7425,0.31279636391217847,scr2081,stInflow,reservoir
RO,h7426,0.31279636391217847,scr2081,stInflow,reservoir
RO,h7427,0.31279636391217847,scr2081,stInflow,reservoir
RO,h7428,0.31279636391217847,scr2081,stInflow,reservoir
RO,h7429,0.31279636391217847,scr2081,stInflow,reservoir
RO,h7430,0.31279636391217847,scr2081,stInflow,reservoir
RO,h7431,0.31279636391217847,scr2081,stInflow,reservoir
RO,h7432,0.31279636391217847,scr2081,stInflow,reservoir
RO,h7433,0.31279636391217847,scr2081,stInflow,reservoir
RO,h7434,0.31279636391217847,scr2081,stInflow,reservoir
RO,h7435,0.31279636391217847,scr2081,stInflow,reservoir
RO,h7436,0.31279636391217847,scr2081,stInflow,reservoir
RO,h7437,0.31279636391217847,scr2081,stInflow,reservoir
RO,h7438,0.31279636391217847,scr2081,stInflow,reservoir
RO,h7439,0.31279636391217847,scr2081,stInflow,reservoir
RO,h7440,0.31279636391217847,scr2081,stInflow,reservoir
RO,h7441,0.31279636391217847,scr2081,stInflow,reservoir
RO,h7442,0.31279636391217847,scr2081,stInflow,reservoir
RO,h7443,0.31279636391217847,scr2081,stInflow,reservoir
RO,h7444,0.31279636391217847,scr2081,stInflow,reservoir
RO,h7445,0.31279636391217847,scr2081,stInflow,reservoir
RO,h7446,0.31279636391217847,scr2081,stInflow,reservoir
RO,h7447,0.31279636391217847,scr2081,stInflow,reservoir
RO,h7448,0.31279636391217847,scr2081,stInflow,reservoir
RO,h7449,0.31279636391217847,scr2081,stInflow,reservoir
RO,h7450,0.31279636391217847,scr2081,stInflow,reservoir
RO,h7451,0.31279636391217847,scr2081,stInflow,reservoir
RO,h7452,0.31279636391217847,scr2081,stInflow,reservoir
RO,h7453,0.31279636391217847,scr2081,stInflow,reservoir
RO,h7454,0.31279636391217847,scr2081,stInflow,reservoir
RO,h7455,0.31279636391217847,scr2081,stInflow,reservoir
RO,h7456,0.31279636391217847,scr2081,stInflow,reservoir
RO,h7457,0.31279636391217847,scr2081,stInflow,reservoir
RO,h7458,0.31279636391217847,scr2081,stInflow,reservoir
RO,h7459,0.31279636391217847,scr2081,stInflow,reservoir
RO,h7460,0.31279636391217847,scr2081,stInflow,reservoir
RO,h7461,0.31279636391217847,scr2081,stInflow,reservoir
RO,h7462,0.31279636391217847,scr2081,stInflow,reservoir
RO,h7463,0.31279636391217847,scr2081,stInflow,reservoir
RO,h7464,0.31279636391217847,scr2081,stInflow,reservoir
RO,h7465,0.31279636391217847,scr2081,stInflow,reservoir
RO,h7466,0.31279636391217847,scr2081,stInflow,reservoir
RO,h7467,0.31279636391217847,scr2081,stInflow,reservoir
RO,h7468,0.31279636391217847,scr2081,stInflow,reservoir
RO,h7469,0.31279636391217847,scr2081,stInflow,reservoir
RO,h7470,0.31279636391217847,scr2081,stInflow,reservoir
RO,h7471,0.31279636391217847,scr2081,stInflow,reservoir
RO,h7472,0.31279636391217847,scr2081,stInflow,reservoir
RO,h7473,0.31279636391217847,scr2081,stInflow,reservoir
RO,h7474,0.31279636391217847,scr2081,stInflow,reservoir
RO,h7475,0.31279636391217847,scr2081,stInflow,reservoir
RO,h7476,0.31279636391217847,scr2081,stInflow,reservoir
RO,h7477,0.31279636391217847,scr2081,stInflow,reservoir
RO,h7478,0.31279636391217847,scr2081,stInflow,reservoir
RO,h7479,0.31279636391217847,scr2081,stInflow,reservoir
RO,h7480,0.31279636391217847,scr2081,stInflow,reservoir
RO,h7481,0.31279636391217847,scr2081,stInflow,reservoir
RO,h7482,0.31279636391217847,scr2081,stInflow,reservoir
RO,h7483,0.31279636391217847,scr2081,stInflow,reservoir
RO,h7484,0.31279636391217847,scr2081,stInflow,reservoir
RO,h7485,0.31279636391217847,scr2081,stInflow,reservoir
RO,h7486,0.31279636391217847,scr2081,stInflow,reservoir
RO,h7487,0.31279636391217847,scr2081,stInflow,reservoir
RO,h7488,0.31279636391217847,scr2081,stInflow,reservoir
RO,h7489,0.31279636391217847,scr2081,stInflow,reservoir
RO,h7490,0.31279636391217847,scr2081,stInflow,reservoir
RO,h7491,0.31279636391217847,scr2081,stInflow,reservoir
RO,h7492,0.31279636391217847,scr2081,stInflow,reservoir
RO,h7493,0.31279636391217847,scr2081,stInflow,reservoir
RO,h7494,0.31279636391217847,scr2081,stInflow,reservoir
RO,h7495,0.31279636391217847,scr2081,stInflow,reservoir
RO,h7496,0.31279636391217847,scr2081,stInflow,reservoir
RO,h7497,0.31279636391217847,scr2081,stInflow,reservoir
RO,h7498,0.31279636391217847,scr2081,stInflow,reservoir
RO,h7499,0.31279636391217847,scr2081,stInflow,reservoir
RO,h7500,0.31279636391217847,scr2081,stInflow,reservoir
RO,h7501,0.31279636391217847,scr2081,stInflow,reservoir
RO,h7502,0.31279636391217847,scr2081,stInflow,reservoir
RO,h7503,0.31279636391217847,scr2081,stInflow,reservoir
RO,h7504,0.31279636391217847,scr2081,stInflow,reservoir
RO,h7505,0.31279636391217847,scr2081,stInflow,reservoir
RO,h7506,0.31279636391217847,scr2081,stInflow,reservoir
RO,h7507,0.31279636391217847,scr2081,stInflow,reservoir
RO,h7508,0.31279636391217847,scr2081,stInflow,reservoir
RO,h7509,0.31279636391217847,scr2081,stInflow,reservoir
RO,h7510,0.31279636391217847,scr2081,stInflow,reservoir
RO,h7511,0.31279636391217847,scr2081,stInflow,reservoir
RO,h7512,0.31279636391217847,scr2081,stInflow,reservoir
RO,h7513,0.3413062748932535,scr2081,stInflow,reservoir
RO,h7514,0.36981642430433903,scr2081,stInflow,reservoir
RO,h7515,0.3983267937278293,scr2081,stInflow,reservoir
RO,h7516,0.3983267937278293,scr2081,stInflow,reservoir
RO,h7517,0.3983267937278293,scr2081,stInflow,reservoir
RO,h7518,0.3983267937278293,scr2081,stInflow,reservoir
RO,h7519,0.3983267937278293,scr2081,stInflow,reservoir
RO,h7520,0.3983267937278293,scr2081,stInflow,reservoir
RO,h7521,0.3983267937278293,scr2081,stInflow,reservoir
RO,h7522,0.3983267937278293,scr2081,stInflow,reservoir
RO,h7523,0.3983267937278293,scr2081,stInflow,reservoir
RO,h7524,0.3983267937278293,scr2081,stInflow,reservoir
RO,h7525,0.3983267937278293,scr2081,stInflow,reservoir
RO,h7526,0.3983267937278293,scr2081,stInflow,reservoir
RO,h7527,0.3983267937278293,scr2081,stInflow,reservoir
RO,h7528,0.3983267937278293,scr2081,stInflow,reservoir
RO,h7529,0.3983267937278293,scr2081,stInflow,reservoir
RO,h7530,0.3983267937278293,scr2081,stInflow,reservoir
RO,h7531,0.3983267937278293,scr2081,stInflow,reservoir
RO,h7532,0.3983267937278293,scr2081,stInflow,reservoir
RO,h7533,0.3983267937278293,scr2081,stInflow,reservoir
RO,h7534,0.3983267937278293,scr2081,stInflow,reservoir
RO,h7535,0.3983267937278293,scr2081,stInflow,reservoir
RO,h7536,0.3983267937278293,scr2081,stInflow,reservoir
RO,h7537,0.3983267937278293,scr2081,stInflow,reservoir
RO,h7538,0.3983267937278293,scr2081,stInflow,reservoir
RO,h7539,0.3983267937278293,scr2081,stInflow,reservoir
RO,h7540,0.3983267937278293,scr2081,stInflow,reservoir
RO,h7541,0.3983267937278293,scr2081,stInflow,reservoir
RO,h7542,0.3983267937278293,scr2081,stInflow,reservoir
RO,h7543,0.3983267937278293,scr2081,stInflow,reservoir
RO,h7544,0.3983267937278293,scr2081,stInflow,reservoir
RO,h7545,0.3983267937278293,scr2081,stInflow,reservoir
RO,h7546,0.3983267937278293,scr2081,stInflow,reservoir
RO,h7547,0.3983267937278293,scr2081,stInflow,reservoir
RO,h7548,0.3983267937278293,scr2081,stInflow,reservoir
RO,h7549,0.3983267937278293,scr2081,stInflow,reservoir
RO,h7550,0.3983267937278293,scr2081,stInflow,reservoir
RO,h7551,0.3983267937278293,scr2081,stInflow,reservoir
RO,h7552,0.3983267937278293,scr2081,stInflow,reservoir
RO,h7553,0.3983267937278293,scr2081,stInflow,reservoir
RO,h7554,0.3983267937278293,scr2081,stInflow,reservoir
RO,h7555,0.3983267937278293,scr2081,stInflow,reservoir
RO,h7556,0.3983267937278293,scr2081,stInflow,reservoir
RO,h7557,0.3983267937278293,scr2081,stInflow,reservoir
RO,h7558,0.3983267937278293,scr2081,stInflow,reservoir
RO,h7559,0.3983267937278293,scr2081,stInflow,reservoir
RO,h7560,0.3983267937278293,scr2081,stInflow,reservoir
RO,h7561,0.3983267937278293,scr2081,stInflow,reservoir
RO,h7562,0.3983267937278293,scr2081,stInflow,reservoir
RO,h7563,0.3983267937278293,scr2081,stInflow,reservoir
RO,h7564,0.3983267937278293,scr2081,stInflow,reservoir
RO,h7565,0.3983267937278293,scr2081,stInflow,reservoir
RO,h7566,0.3983267937278293,scr2081,stInflow,reservoir
RO,h7567,0.3983267937278293,scr2081,stInflow,reservoir
RO,h7568,0.3983267937278293,scr2081,stInflow,reservoir
RO,h7569,0.3983267937278293,scr2081,stInflow,reservoir
RO,h7570,0.3983267937278293,scr2081,stInflow,reservoir
RO,h7571,0.3983267937278293,scr2081,stInflow,reservoir
RO,h7572,0.3983267937278293,scr2081,stInflow,reservoir
RO,h7573,0.3983267937278293,scr2081,stInflow,reservoir
RO,h7574,0.3983267937278293,scr2081,stInflow,reservoir
RO,h7575,0.3983267937278293,scr2081,stInflow,reservoir
RO,h7576,0.3983267937278293,scr2081,stInflow,reservoir
RO,h7577,0.3983267937278293,scr2081,stInflow,reservoir
RO,h7578,0.3983267937278293,scr2081,stInflow,reservoir
RO,h7579,0.3983267937278293,scr2081,stInflow,reservoir
RO,h7580,0.3983267937278293,scr2081,stInflow,reservoir
RO,h7581,0.3983267937278293,scr2081,stInflow,reservoir
RO,h7582,0.3983267937278293,scr2081,stInflow,reservoir
RO,h7583,0.3983267937278293,scr2081,stInflow,reservoir
RO,h7584,0.3983267937278293,scr2081,stInflow,reservoir
RO,h7585,0.3983267937278293,scr2081,stInflow,reservoir
RO,h7586,0.3983267937278293,scr2081,stInflow,reservoir
RO,h7587,0.3983267937278293,scr2081,stInflow,reservoir
RO,h7588,0.3983267937278293,scr2081,stInflow,reservoir
RO,h7589,0.3983267937278293,scr2081,stInflow,reservoir
RO,h7590,0.3983267937278293,scr2081,stInflow,reservoir
RO,h7591,0.3983267937278293,scr2081,stInflow,reservoir
RO,h7592,0.3983267937278293,scr2081,stInflow,reservoir
RO,h7593,0.3983267937278293,scr2081,stInflow,reservoir
RO,h7594,0.3983267937278293,scr2081,stInflow,reservoir
RO,h7595,0.3983267937278293,scr2081,stInflow,reservoir
RO,h7596,0.3983267937278293,scr2081,stInflow,reservoir
RO,h7597,0.3983267937278293,scr2081,stInflow,reservoir
RO,h7598,0.3983267937278293,scr2081,stInflow,reservoir
RO,h7599,0.3983267937278293,scr2081,stInflow,reservoir
RO,h7600,0.3983267937278293,scr2081,stInflow,reservoir
RO,h7601,0.3983267937278293,scr2081,stInflow,reservoir
RO,h7602,0.3983267937278293,scr2081,stInflow,reservoir
RO,h7603,0.3983267937278293,scr2081,stInflow,reservoir
RO,h7604,0.3983267937278293,scr2081,stInflow,reservoir
RO,h7605,0.3983267937278293,scr2081,stInflow,reservoir
RO,h7606,0.3983267937278293,scr2081,stInflow,reservoir
RO,h7607,0.3983267937278293,scr2081,stInflow,reservoir
RO,h7608,0.3983267937278293,scr2081,stInflow,reservoir
RO,h7609,0.3983267937278293,scr2081,stInflow,reservoir
RO,h7610,0.3983267937278293,scr2081,stInflow,reservoir
RO,h7611,0.3983267937278293,scr2081,stInflow,reservoir
RO,h7612,0.3983267937278293,scr2081,stInflow,reservoir
RO,h7613,0.3983267937278293,scr2081,stInflow,reservoir
RO,h7614,0.3983267937278293,scr2081,stInflow,reservoir
RO,h7615,0.3983267937278293,scr2081,stInflow,reservoir
RO,h7616,0.3983267937278293,scr2081,stInflow,reservoir
RO,h7617,0.3983267937278293,scr2081,stInflow,reservoir
RO,h7618,0.3983267937278293,scr2081,stInflow,reservoir
RO,h7619,0.3983267937278293,scr2081,stInflow,reservoir
RO,h7620,0.3983267937278293,scr2081,stInflow,reservoir
RO,h7621,0.3983267937278293,scr2081,stInflow,reservoir
RO,h7622,0.3983267937278293,scr2081,stInflow,reservoir
RO,h7623,0.3983267937278293,scr2081,stInflow,reservoir
RO,h7624,0.3983267937278293,scr2081,stInflow,reservoir
RO,h7625,0.3983267937278293,scr2081,stInflow,reservoir
RO,h7626,0.3983267937278293,scr2081,stInflow,reservoir
RO,h7627,0.3983267937278293,scr2081,stInflow,reservoir
RO,h7628,0.3983267937278293,scr2081,stInflow,reservoir
RO,h7629,0.3983267937278293,scr2081,stInflow,reservoir
RO,h7630,0.3983267937278293,scr2081,stInflow,reservoir
RO,h7631,0.3983267937278293,scr2081,stInflow,reservoir
RO,h7632,0.3983267937278293,scr2081,stInflow,reservoir
RO,h7633,0.3983267937278293,scr2081,stInflow,reservoir
RO,h7634,0.3983267937278293,scr2081,stInflow,reservoir
RO,h7635,0.3983267937278293,scr2081,stInflow,reservoir
RO,h7636,0.3983267937278293,scr2081,stInflow,reservoir
RO,h7637,0.3983267937278293,scr2081,stInflow,reservoir
RO,h7638,0.3983267937278293,scr2081,stInflow,reservoir
RO,h7639,0.3983267937278293,scr2081,stInflow,reservoir
RO,h7640,0.3983267937278293,scr2081,stInflow,reservoir
RO,h7641,0.3983267937278293,scr2081,stInflow,reservoir
RO,h7642,0.3983267937278293,scr2081,stInflow,reservoir
RO,h7643,0.3983267937278293,scr2081,stInflow,reservoir
RO,h7644,0.3983267937278293,scr2081,stInflow,reservoir
RO,h7645,0.3983267937278293,scr2081,stInflow,reservoir
RO,h7646,0.3983267937278293,scr2081,stInflow,reservoir
RO,h7647,0.3983267937278293,scr2081,stInflow,reservoir
RO,h7648,0.3983267937278293,scr2081,stInflow,reservoir
RO,h7649,0.3983267937278293,scr2081,stInflow,reservoir
RO,h7650,0.3983267937278293,scr2081,stInflow,reservoir
RO,h7651,0.3983267937278293,scr2081,stInflow,reservoir
RO,h7652,0.3983267937278293,scr2081,stInflow,reservoir
RO,h7653,0.3983267937278293,scr2081,stInflow,reservoir
RO,h7654,0.3983267937278293,scr2081,stInflow,reservoir
RO,h7655,0.3983267937278293,scr2081,stInflow,reservoir
RO,h7656,0.3983267937278293,scr2081,stInflow,reservoir
RO,h7657,0.3983267937278293,scr2081,stInflow,reservoir
RO,h7658,0.3983267937278293,scr2081,stInflow,reservoir
RO,h7659,0.3983267937278293,scr2081,stInflow,reservoir
RO,h7660,0.3983267937278293,scr2081,stInflow,reservoir
RO,h7661,0.3983267937278293,scr2081,stInflow,reservoir
RO,h7662,0.3983267937278293,scr2081,stInflow,reservoir
RO,h7663,0.3983267937278293,scr2081,stInflow,reservoir
RO,h7664,0.3983267937278293,scr2081,stInflow,reservoir
RO,h7665,0.3983267937278293,scr2081,stInflow,reservoir
RO,h7666,0.3983267937278293,scr2081,stInflow,reservoir
RO,h7667,0.3983267937278293,scr2081,stInflow,reservoir
RO,h7668,0.3983267937278293,scr2081,stInflow,reservoir
RO,h7669,0.3983267937278293,scr2081,stInflow,reservoir
RO,h7670,0.3983267937278293,scr2081,stInflow,reservoir
RO,h7671,0.3983267937278293,scr2081,stInflow,reservoir
RO,h7672,0.3983267937278293,scr2081,stInflow,reservoir
RO,h7673,0.3983267937278293,scr2081,stInflow,reservoir
RO,h7674,0.3983267937278293,scr2081,stInflow,reservoir
RO,h7675,0.3983267937278293,scr2081,stInflow,reservoir
RO,h7676,0.3983267937278293,scr2081,stInflow,reservoir
RO,h7677,0.3983267937278293,scr2081,stInflow,reservoir
RO,h7678,0.3983267937278293,scr2081,stInflow,reservoir
RO,h7679,0.3983267937278293,scr2081,stInflow,reservoir
RO,h7680,0.3983267937278293,scr2081,stInflow,reservoir
RO,h7681,0.40637192607110906,scr2081,stInflow,reservoir
RO,h7682,0.4144170743426372,scr2081,stInflow,reservoir
RO,h7683,0.42246223823318996,scr2081,stInflow,reservoir
RO,h7684,0.42246223823318996,scr2081,stInflow,reservoir
RO,h7685,0.42246223823318996,scr2081,stInflow,reservoir
RO,h7686,0.42246223823318996,scr2081,stInflow,reservoir
RO,h7687,0.42246223823318996,scr2081,stInflow,reservoir
RO,h7688,0.42246223823318996,scr2081,stInflow,reservoir
RO,h7689,0.42246223823318996,scr2081,stInflow,reservoir
RO,h7690,0.42246223823318996,scr2081,stInflow,reservoir
RO,h7691,0.42246223823318996,scr2081,stInflow,reservoir
RO,h7692,0.42246223823318996,scr2081,stInflow,reservoir
RO,h7693,0.42246223823318996,scr2081,stInflow,reservoir
RO,h7694,0.42246223823318996,scr2081,stInflow,reservoir
RO,h7695,0.42246223823318996,scr2081,stInflow,reservoir
RO,h7696,0.42246223823318996,scr2081,stInflow,reservoir
RO,h7697,0.42246223823318996,scr2081,stInflow,reservoir
RO,h7698,0.42246223823318996,scr2081,stInflow,reservoir
RO,h7699,0.42246223823318996,scr2081,stInflow,reservoir
RO,h7700,0.42246223823318996,scr2081,stInflow,reservoir
RO,h7701,0.42246223823318996,scr2081,stInflow,reservoir
RO,h7702,0.42246223823318996,scr2081,stInflow,reservoir
RO,h7703,0.42246223823318996,scr2081,stInflow,reservoir
RO,h7704,0.42246223823318996,scr2081,stInflow,reservoir
RO,h7705,0.42246223823318996,scr2081,stInflow,reservoir
RO,h7706,0.42246223823318996,scr2081,stInflow,reservoir
RO,h7707,0.42246223823318996,scr2081,stInflow,reservoir
RO,h7708,0.42246223823318996,scr2081,stInflow,reservoir
RO,h7709,0.42246223823318996,scr2081,stInflow,reservoir
RO,h7710,0.42246223823318996,scr2081,stInflow,reservoir
RO,h7711,0.42246223823318996,scr2081,stInflow,reservoir
RO,h7712,0.42246223823318996,scr2081,stInflow,reservoir
RO,h7713,0.42246223823318996,scr2081,stInflow,reservoir
RO,h7714,0.42246223823318996,scr2081,stInflow,reservoir
RO,h7715,0.42246223823318996,scr2081,stInflow,reservoir
RO,h7716,0.42246223823318996,scr2081,stInflow,reservoir
RO,h7717,0.42246223823318996,scr2081,stInflow,reservoir
RO,h7718,0.42246223823318996,scr2081,stInflow,reservoir
RO,h7719,0.42246223823318996,scr2081,stInflow,reservoir
RO,h7720,0.42246223823318996,scr2081,stInflow,reservoir
RO,h7721,0.42246223823318996,scr2081,stInflow,reservoir
RO,h7722,0.42246223823318996,scr2081,stInflow,reservoir
RO,h7723,0.42246223823318996,scr2081,stInflow,reservoir
RO,h7724,0.42246223823318996,scr2081,stInflow,reservoir
RO,h7725,0.42246223823318996,scr2081,stInflow,reservoir
RO,h7726,0.42246223823318996,scr2081,stInflow,reservoir
RO,h7727,0.42246223823318996,scr2081,stInflow,reservoir
RO,h7728,0.42246223823318996,scr2081,stInflow,reservoir
RO,h7729,0.42246223823318996,scr2081,stInflow,reservoir
RO,h7730,0.42246223823318996,scr2081,stInflow,reservoir
RO,h7731,0.42246223823318996,scr2081,stInflow,reservoir
RO,h7732,0.42246223823318996,scr2081,stInflow,reservoir
RO,h7733,0.42246223823318996,scr2081,stInflow,reservoir
RO,h7734,0.42246223823318996,scr2081,stInflow,reservoir
RO,h7735,0.42246223823318996,scr2081,stInflow,reservoir
RO,h7736,0.42246223823318996,scr2081,stInflow,reservoir
RO,h7737,0.42246223823318996,scr2081,stInflow,reservoir
RO,h7738,0.42246223823318996,scr2081,stInflow,reservoir
RO,h7739,0.42246223823318996,scr2081,stInflow,reservoir
RO,h7740,0.42246223823318996,scr2081,stInflow,reservoir
RO,h7741,0.42246223823318996,scr2081,stInflow,reservoir
RO,h7742,0.42246223823318996,scr2081,stInflow,reservoir
RO,h7743,0.42246223823318996,scr2081,stInflow,reservoir
RO,h7744,0.42246223823318996,scr2081,stInflow,reservoir
RO,h7745,0.42246223823318996,scr2081,stInflow,reservoir
RO,h7746,0.42246223823318996,scr2081,stInflow,reservoir
RO,h7747,0.42246223823318996,scr2081,stInflow,reservoir
RO,h7748,0.42246223823318996,scr2081,stInflow,reservoir
RO,h7749,0.42246223823318996,scr2081,stInflow,reservoir
RO,h7750,0.42246223823318996,scr2081,stInflow,reservoir
RO,h7751,0.42246223823318996,scr2081,stInflow,reservoir
RO,h7752,0.42246223823318996,scr2081,stInflow,reservoir
RO,h7753,0.42246223823318996,scr2081,stInflow,reservoir
RO,h7754,0.42246223823318996,scr2081,stInflow,reservoir
RO,h7755,0.42246223823318996,scr2081,stInflow,reservoir
RO,h7756,0.42246223823318996,scr2081,stInflow,reservoir
RO,h7757,0.42246223823318996,scr2081,stInflow,reservoir
RO,h7758,0.42246223823318996,scr2081,stInflow,reservoir
RO,h7759,0.42246223823318996,scr2081,stInflow,reservoir
RO,h7760,0.42246223823318996,scr2081,stInflow,reservoir
RO,h7761,0.42246223823318996,scr2081,stInflow,reservoir
RO,h7762,0.42246223823318996,scr2081,stInflow,reservoir
RO,h7763,0.42246223823318996,scr2081,stInflow,reservoir
RO,h7764,0.42246223823318996,scr2081,stInflow,reservoir
RO,h7765,0.42246223823318996,scr2081,stInflow,reservoir
RO,h7766,0.42246223823318996,scr2081,stInflow,reservoir
RO,h7767,0.42246223823318996,scr2081,stInflow,reservoir
RO,h7768,0.42246223823318996,scr2081,stInflow,reservoir
RO,h7769,0.42246223823318996,scr2081,stInflow,reservoir
RO,h7770,0.42246223823318996,scr2081,stInflow,reservoir
RO,h7771,0.42246223823318996,scr2081,stInflow,reservoir
RO,h7772,0.42246223823318996,scr2081,stInflow,reservoir
RO,h7773,0.42246223823318996,scr2081,stInflow,reservoir
RO,h7774,0.42246223823318996,scr2081,stInflow,reservoir
RO,h7775,0.42246223823318996,scr2081,stInflow,reservoir
RO,h7776,0.42246223823318996,scr2081,stInflow,reservoir
RO,h7777,0.42246223823318996,scr2081,stInflow,reservoir
RO,h7778,0.42246223823318996,scr2081,stInflow,reservoir
RO,h7779,0.42246223823318996,scr2081,stInflow,reservoir
RO,h7780,0.42246223823318996,scr2081,stInflow,reservoir
RO,h7781,0.42246223823318996,scr2081,stInflow,reservoir
RO,h7782,0.42246223823318996,scr2081,stInflow,reservoir
RO,h7783,0.42246223823318996,scr2081,stInflow,reservoir
RO,h7784,0.42246223823318996,scr2081,stInflow,reservoir
RO,h7785,0.42246223823318996,scr2081,stInflow,reservoir
RO,h7786,0.42246223823318996,scr2081,stInflow,reservoir
RO,h7787,0.42246223823318996,scr2081,stInflow,reservoir
RO,h7788,0.42246223823318996,scr2081,stInflow,reservoir
RO,h7789,0.42246223823318996,scr2081,stInflow,reservoir
RO,h7790,0.42246223823318996,scr2081,stInflow,reservoir
RO,h7791,0.42246223823318996,scr2081,stInflow,reservoir
RO,h7792,0.42246223823318996,scr2081,stInflow,reservoir
RO,h7793,0.42246223823318996,scr2081,stInflow,reservoir
RO,h7794,0.42246223823318996,scr2081,stInflow,reservoir
RO,h7795,0.42246223823318996,scr2081,stInflow,reservoir
RO,h7796,0.42246223823318996,scr2081,stInflow,reservoir
RO,h7797,0.42246223823318996,scr2081,stInflow,reservoir
RO,h7798,0.42246223823318996,scr2081,stInflow,reservoir
RO,h7799,0.42246223823318996,scr2081,stInflow,reservoir
RO,h7800,0.42246223823318996,scr2081,stInflow,reservoir
RO,h7801,0.42246223823318996,scr2081,stInflow,reservoir
RO,h7802,0.42246223823318996,scr2081,stInflow,reservoir
RO,h7803,0.42246223823318996,scr2081,stInflow,reservoir
RO,h7804,0.42246223823318996,scr2081,stInflow,reservoir
RO,h7805,0.42246223823318996,scr2081,stInflow,reservoir
RO,h7806,0.42246223823318996,scr2081,stInflow,reservoir
RO,h7807,0.42246223823318996,scr2081,stInflow,reservoir
RO,h7808,0.42246223823318996,scr2081,stInflow,reservoir
RO,h7809,0.42246223823318996,scr2081,stInflow,reservoir
RO,h7810,0.42246223823318996,scr2081,stInflow,reservoir
RO,h7811,0.42246223823318996,scr2081,stInflow,reservoir
RO,h7812,0.42246223823318996,scr2081,stInflow,reservoir
RO,h7813,0.42246223823318996,scr2081,stInflow,reservoir
RO,h7814,0.42246223823318996,scr2081,stInflow,reservoir
RO,h7815,0.42246223823318996,scr2081,stInflow,reservoir
RO,h7816,0.42246223823318996,scr2081,stInflow,reservoir
RO,h7817,0.42246223823318996,scr2081,stInflow,reservoir
RO,h7818,0.42246223823318996,scr2081,stInflow,reservoir
RO,h7819,0.42246223823318996,scr2081,stInflow,reservoir
RO,h7820,0.42246223823318996,scr2081,stInflow,reservoir
RO,h7821,0.42246223823318996,scr2081,stInflow,reservoir
RO,h7822,0.42246223823318996,scr2081,stInflow,reservoir
RO,h7823,0.42246223823318996,scr2081,stInflow,reservoir
RO,h7824,0.42246223823318996,scr2081,stInflow,reservoir
RO,h7825,0.42246223823318996,scr2081,stInflow,reservoir
RO,h7826,0.42246223823318996,scr2081,stInflow,reservoir
RO,h7827,0.42246223823318996,scr2081,stInflow,reservoir
RO,h7828,0.42246223823318996,scr2081,stInflow,reservoir
RO,h7829,0.42246223823318996,scr2081,stInflow,reservoir
RO,h7830,0.42246223823318996,scr2081,stInflow,reservoir
RO,h7831,0.42246223823318996,scr2081,stInflow,reservoir
RO,h7832,0.42246223823318996,scr2081,stInflow,reservoir
RO,h7833,0.42246223823318996,scr2081,stInflow,reservoir
RO,h7834,0.42246223823318996,scr2081,stInflow,reservoir
RO,h7835,0.42246223823318996,scr2081,stInflow,reservoir
RO,h7836,0.42246223823318996,scr2081,stInflow,reservoir
RO,h7837,0.42246223823318996,scr2081,stInflow,reservoir
RO,h7838,0.42246223823318996,scr2081,stInflow,reservoir
RO,h7839,0.42246223823318996,scr2081,stInflow,reservoir
RO,h7840,0.42246223823318996,scr2081,stInflow,reservoir
RO,h7841,0.42246223823318996,scr2081,stInflow,reservoir
RO,h7842,0.42246223823318996,scr2081,stInflow,reservoir
RO,h7843,0.42246223823318996,scr2081,stInflow,reservoir
RO,h7844,0.42246223823318996,scr2081,stInflow,reservoir
RO,h7845,0.42246223823318996,scr2081,stInflow,reservoir
RO,h7846,0.42246223823318996,scr2081,stInflow,reservoir
RO,h7847,0.42246223823318996,scr2081,stInflow,reservoir
RO,h7848,0.42246223823318996,scr2081,stInflow,reservoir
RO,h7849,0.42230033777802567,scr2081,stInflow,reservoir
RO,h7850,0.4221384373290682,scr2081,stInflow,reservoir
RO,h7851,0.42197653688632,scr2081,stInflow,reservoir
RO,h7852,0.42197653688632,scr2081,stInflow,reservoir
RO,h7853,0.42197653688632,scr2081,stInflow,reservoir
RO,h7854,0.42197653688632,scr2081,stInflow,reservoir
RO,h7855,0.42197653688632,scr2081,stInflow,reservoir
RO,h7856,0.42197653688632,scr2081,stInflow,reservoir
RO,h7857,0.42197653688632,scr2081,stInflow,reservoir
RO,h7858,0.42197653688632,scr2081,stInflow,reservoir
RO,h7859,0.42197653688632,scr2081,stInflow,reservoir
RO,h7860,0.42197653688632,scr2081,stInflow,reservoir
RO,h7861,0.42197653688632,scr2081,stInflow,reservoir
RO,h7862,0.42197653688632,scr2081,stInflow,reservoir
RO,h7863,0.42197653688632,scr2081,stInflow,reservoir
RO,h7864,0.42197653688632,scr2081,stInflow,reservoir
RO,h7865,0.42197653688632,scr2081,stInflow,reservoir
RO,h7866,0.42197653688632,scr2081,stInflow,reservoir
RO,h7867,0.42197653688632,scr2081,stInflow,reservoir
RO,h7868,0.42197653688632,scr2081,stInflow,reservoir
RO,h7869,0.42197653688632,scr2081,stInflow,reservoir
RO,h7870,0.42197653688632,scr2081,stInflow,reservoir
RO,h7871,0.42197653688632,scr2081,stInflow,reservoir
RO,h7872,0.42197653688632,scr2081,stInflow,reservoir
RO,h7873,0.42197653688632,scr2081,stInflow,reservoir
RO,h7874,0.42197653688632,scr2081,stInflow,reservoir
RO,h7875,0.42197653688632,scr2081,stInflow,reservoir
RO,h7876,0.42197653688632,scr2081,stInflow,reservoir
RO,h7877,0.42197653688632,scr2081,stInflow,reservoir
RO,h7878,0.42197653688632,scr2081,stInflow,reservoir
RO,h7879,0.42197653688632,scr2081,stInflow,reservoir
RO,h7880,0.42197653688632,scr2081,stInflow,reservoir
RO,h7881,0.42197653688632,scr2081,stInflow,reservoir
RO,h7882,0.42197653688632,scr2081,stInflow,reservoir
RO,h7883,0.42197653688632,scr2081,stInflow,reservoir
RO,h7884,0.42197653688632,scr2081,stInflow,reservoir
RO,h7885,0.42197653688632,scr2081,stInflow,reservoir
RO,h7886,0.42197653688632,scr2081,stInflow,reservoir
RO,h7887,0.42197653688632,scr2081,stInflow,reservoir
RO,h7888,0.42197653688632,scr2081,stInflow,reservoir
RO,h7889,0.42197653688632,scr2081,stInflow,reservoir
RO,h7890,0.42197653688632,scr2081,stInflow,reservoir
RO,h7891,0.42197653688632,scr2081,stInflow,reservoir
RO,h7892,0.42197653688632,scr2081,stInflow,reservoir
RO,h7893,0.42197653688632,scr2081,stInflow,reservoir
RO,h7894,0.42197653688632,scr2081,stInflow,reservoir
RO,h7895,0.42197653688632,scr2081,stInflow,reservoir
RO,h7896,0.42197653688632,scr2081,stInflow,reservoir
RO,h7897,0.42197653688632,scr2081,stInflow,reservoir
RO,h7898,0.42197653688632,scr2081,stInflow,reservoir
RO,h7899,0.42197653688632,scr2081,stInflow,reservoir
RO,h7900,0.42197653688632,scr2081,stInflow,reservoir
RO,h7901,0.42197653688632,scr2081,stInflow,reservoir
RO,h7902,0.42197653688632,scr2081,stInflow,reservoir
RO,h7903,0.42197653688632,scr2081,stInflow,reservoir
RO,h7904,0.42197653688632,scr2081,stInflow,reservoir
RO,h7905,0.42197653688632,scr2081,stInflow,reservoir
RO,h7906,0.42197653688632,scr2081,stInflow,reservoir
RO,h7907,0.42197653688632,scr2081,stInflow,reservoir
RO,h7908,0.42197653688632,scr2081,stInflow,reservoir
RO,h7909,0.42197653688632,scr2081,stInflow,reservoir
RO,h7910,0.42197653688632,scr2081,stInflow,reservoir
RO,h7911,0.42197653688632,scr2081,stInflow,reservoir
RO,h7912,0.42197653688632,scr2081,stInflow,reservoir
RO,h7913,0.42197653688632,scr2081,stInflow,reservoir
RO,h7914,0.42197653688632,scr2081,stInflow,reservoir
RO,h7915,0.42197653688632,scr2081,stInflow,reservoir
RO,h7916,0.42197653688632,scr2081,stInflow,reservoir
RO,h7917,0.42197653688632,scr2081,stInflow,reservoir
RO,h7918,0.42197653688632,scr2081,stInflow,reservoir
RO,h7919,0.42197653688632,scr2081,stInflow,reservoir
RO,h7920,0.42197653688632,scr2081,stInflow,reservoir
RO,h7921,0.42197653688632,scr2081,stInflow,reservoir
RO,h7922,0.42197653688632,scr2081,stInflow,reservoir
RO,h7923,0.42197653688632,scr2081,stInflow,reservoir
RO,h7924,0.42197653688632,scr2081,stInflow,reservoir
RO,h7925,0.42197653688632,scr2081,stInflow,reservoir
RO,h7926,0.42197653688632,scr2081,stInflow,reservoir
RO,h7927,0.42197653688632,scr2081,stInflow,reservoir
RO,h7928,0.42197653688632,scr2081,stInflow,reservoir
RO,h7929,0.42197653688632,scr2081,stInflow,reservoir
RO,h7930,0.42197653688632,scr2081,stInflow,reservoir
RO,h7931,0.42197653688632,scr2081,stInflow,reservoir
RO,h7932,0.42197653688632,scr2081,stInflow,reservoir
RO,h7933,0.42197653688632,scr2081,stInflow,reservoir
RO,h7934,0.42197653688632,scr2081,stInflow,reservoir
RO,h7935,0.42197653688632,scr2081,stInflow,reservoir
RO,h7936,0.42197653688632,scr2081,stInflow,reservoir
RO,h7937,0.42197653688632,scr2081,stInflow,reservoir
RO,h7938,0.42197653688632,scr2081,stInflow,reservoir
RO,h7939,0.42197653688632,scr2081,stInflow,reservoir
RO,h7940,0.42197653688632,scr2081,stInflow,reservoir
RO,h7941,0.42197653688632,scr2081,stInflow,reservoir
RO,h7942,0.42197653688632,scr2081,stInflow,reservoir
RO,h7943,0.42197653688632,scr2081,stInflow,reservoir
RO,h7944,0.42197653688632,scr2081,stInflow,reservoir
RO,h7945,0.42197653688632,scr2081,stInflow,reservoir
RO,h7946,0.42197653688632,scr2081,stInflow,reservoir
RO,h7947,0.42197653688632,scr2081,stInflow,reservoir
RO,h7948,0.42197653688632,scr2081,stInflow,reservoir
RO,h7949,0.42197653688632,scr2081,stInflow,reservoir
RO,h7950,0.42197653688632,scr2081,stInflow,reservoir
RO,h7951,0.42197653688632,scr2081,stInflow,reservoir
RO,h7952,0.42197653688632,scr2081,stInflow,reservoir
RO,h7953,0.42197653688632,scr2081,stInflow,reservoir
RO,h7954,0.42197653688632,scr2081,stInflow,reservoir
RO,h7955,0.42197653688632,scr2081,stInflow,reservoir
RO,h7956,0.42197653688632,scr2081,stInflow,reservoir
RO,h7957,0.42197653688632,scr2081,stInflow,reservoir
RO,h7958,0.42197653688632,scr2081,stInflow,reservoir
RO,h7959,0.42197653688632,scr2081,stInflow,reservoir
RO,h7960,0.42197653688632,scr2081,stInflow,reservoir
RO,h7961,0.42197653688632,scr2081,stInflow,reservoir
RO,h7962,0.42197653688632,scr2081,stInflow,reservoir
RO,h7963,0.42197653688632,scr2081,stInflow,reservoir
RO,h7964,0.42197653688632,scr2081,stInflow,reservoir
RO,h7965,0.42197653688632,scr2081,stInflow,reservoir
RO,h7966,0.42197653688632,scr2081,stInflow,reservoir
RO,h7967,0.42197653688632,scr2081,stInflow,reservoir
RO,h7968,0.42197653688632,scr2081,stInflow,reservoir
RO,h7969,0.42197653688632,scr2081,stInflow,reservoir
RO,h7970,0.42197653688632,scr2081,stInflow,reservoir
RO,h7971,0.42197653688632,scr2081,stInflow,reservoir
RO,h7972,0.42197653688632,scr2081,stInflow,reservoir
RO,h7973,0.42197653688632,scr2081,stInflow,reservoir
RO,h7974,0.42197653688632,scr2081,stInflow,reservoir
RO,h7975,0.42197653688632,scr2081,stInflow,reservoir
RO,h7976,0.42197653688632,scr2081,stInflow,reservoir
RO,h7977,0.42197653688632,scr2081,stInflow,reservoir
RO,h7978,0.42197653688632,scr2081,stInflow,reservoir
RO,h7979,0.42197653688632,scr2081,stInflow,reservoir
RO,h7980,0.42197653688632,scr2081,stInflow,reservoir
RO,h7981,0.42197653688632,scr2081,stInflow,reservoir
RO,h7982,0.42197653688632,scr2081,stInflow,reservoir
RO,h7983,0.42197653688632,scr2081,stInflow,reservoir
RO,h7984,0.42197653688632,scr2081,stInflow,reservoir
RO,h7985,0.42197653688632,scr2081,stInflow,reservoir
RO,h7986,0.42197653688632,scr2081,stInflow,reservoir
RO,h7987,0.42197653688632,scr2081,stInflow,reservoir
RO,h7988,0.42197653688632,scr2081,stInflow,reservoir
RO,h7989,0.42197653688632,scr2081,stInflow,reservoir
RO,h7990,0.42197653688632,scr2081,stInflow,reservoir
RO,h7991,0.42197653688632,scr2081,stInflow,reservoir
RO,h7992,0.42197653688632,scr2081,stInflow,reservoir
RO,h7993,0.42197653688632,scr2081,stInflow,reservoir
RO,h7994,0.42197653688632,scr2081,stInflow,reservoir
RO,h7995,0.42197653688632,scr2081,stInflow,reservoir
RO,h7996,0.42197653688632,scr2081,stInflow,reservoir
RO,h7997,0.42197653688632,scr2081,stInflow,reservoir
RO,h7998,0.42197653688632,scr2081,stInflow,reservoir
RO,h7999,0.42197653688632,scr2081,stInflow,reservoir
RO,h8000,0.42197653688632,scr2081,stInflow,reservoir
RO,h8001,0.42197653688632,scr2081,stInflow,reservoir
RO,h8002,0.42197653688632,scr2081,stInflow,reservoir
RO,h8003,0.42197653688632,scr2081,stInflow,reservoir
RO,h8004,0.42197653688632,scr2081,stInflow,reservoir
RO,h8005,0.42197653688632,scr2081,stInflow,reservoir
RO,h8006,0.42197653688632,scr2081,stInflow,reservoir
RO,h8007,0.42197653688632,scr2081,stInflow,reservoir
RO,h8008,0.42197653688632,scr2081,stInflow,reservoir
RO,h8009,0.42197653688632,scr2081,stInflow,reservoir
RO,h8010,0.42197653688632,scr2081,stInflow,reservoir
RO,h8011,0.42197653688632,scr2081,stInflow,reservoir
RO,h8012,0.42197653688632,scr2081,stInflow,reservoir
RO,h8013,0.42197653688632,scr2081,stInflow,reservoir
RO,h8014,0.42197653688632,scr2081,stInflow,reservoir
RO,h8015,0.42197653688632,scr2081,stInflow,reservoir
RO,h8016,0.42197653688632,scr2081,stInflow,reservoir
RO,h8017,0.410825643866943,scr2081,stInflow,reservoir
RO,h8018,0.39967478111736787,scr2081,stInflow,reservoir
RO,h8019,0.3885239494822402,scr2081,stInflow,reservoir
RO,h8020,0.3885239494822402,scr2081,stInflow,reservoir
RO,h8021,0.3885239494822402,scr2081,stInflow,reservoir
RO,h8022,0.3885239494822402,scr2081,stInflow,reservoir
RO,h8023,0.3885239494822402,scr2081,stInflow,reservoir
RO,h8024,0.3885239494822402,scr2081,stInflow,reservoir
RO,h8025,0.3885239494822402,scr2081,stInflow,reservoir
RO,h8026,0.3885239494822402,scr2081,stInflow,reservoir
RO,h8027,0.3885239494822402,scr2081,stInflow,reservoir
RO,h8028,0.3885239494822402,scr2081,stInflow,reservoir
RO,h8029,0.3885239494822402,scr2081,stInflow,reservoir
RO,h8030,0.3885239494822402,scr2081,stInflow,reservoir
RO,h8031,0.3885239494822402,scr2081,stInflow,reservoir
RO,h8032,0.3885239494822402,scr2081,stInflow,reservoir
RO,h8033,0.3885239494822402,scr2081,stInflow,reservoir
RO,h8034,0.3885239494822402,scr2081,stInflow,reservoir
RO,h8035,0.3885239494822402,scr2081,stInflow,reservoir
RO,h8036,0.3885239494822402,scr2081,stInflow,reservoir
RO,h8037,0.3885239494822402,scr2081,stInflow,reservoir
RO,h8038,0.3885239494822402,scr2081,stInflow,reservoir
RO,h8039,0.3885239494822402,scr2081,stInflow,reservoir
RO,h8040,0.3885239494822402,scr2081,stInflow,reservoir
SE,h7297,10.01509468975162,scr2081,stInflow,reservoir
SE,h7298,10.01509468975162,scr2081,stInflow,reservoir
SE,h7299,10.01509468975162,scr2081,stInflow,reservoir
SE,h7300,10.01509468975162,scr2081,stInflow,reservoir
SE,h7301,10.01509468975162,scr2081,stInflow,reservoir
SE,h7302,10.01509468975162,scr2081,stInflow,reservoir
SE,h7303,10.01509468975162,scr2081,stInflow,reservoir
SE,h7304,10.01509468975162,scr2081,stInflow,reservoir
SE,h7305,10.01509468975162,scr2081,stInflow,reservoir
SE,h7306,10.01509468975162,scr2081,stInflow,reservoir
SE,h7307,10.01509468975162,scr2081,stInflow,reservoir
SE,h7308,10.01509468975162,scr2081,stInflow,reservoir
SE,h7309,10.01509468975162,scr2081,stInflow,reservoir
SE,h7310,10.01509468975162,scr2081,stInflow,reservoir
SE,h7311,10.01509468975162,scr2081,stInflow,reservoir
SE,h7312,10.01509468975162,scr2081,stInflow,reservoir
SE,h7313,10.01509468975162,scr2081,stInflow,reservoir
SE,h7314,10.01509468975162,scr2081,stInflow,reservoir
SE,h7315,10.01509468975162,scr2081,stInflow,reservoir
SE,h7316,10.01509468975162,scr2081,stInflow,reservoir
SE,h7317,10.01509468975162,scr2081,stInflow,reservoir
SE,h7318,10.01509468975162,scr2081,stInflow,reservoir
SE,h7319,10.01509468975162,scr2081,stInflow,reservoir
SE,h7320,10.01509468975162,scr2081,stInflow,reservoir
SE,h7321,10.01509468975162,scr2081,stInflow,reservoir
SE,h7322,10.01509468975162,scr2081,stInflow,reservoir
SE,h7323,10.01509468975162,scr2081,stInflow,reservoir
SE,h7324,10.01509468975162,scr2081,stInflow,reservoir
SE,h7325,10.01509468975162,scr2081,stInflow,reservoir
SE,h7326,10.01509468975162,scr2081,stInflow,reservoir
SE,h7327,10.01509468975162,scr2081,stInflow,reservoir
SE,h7328,10.01509468975162,scr2081,stInflow,reservoir
SE,h7329,10.01509468975162,scr2081,stInflow,reservoir
SE,h7330,10.01509468975162,scr2081,stInflow,reservoir
SE,h7331,10.01509468975162,scr2081,stInflow,reservoir
SE,h7332,10.01509468975162,scr2081,stInflow,reservoir
SE,h7333,10.01509468975162,scr2081,stInflow,reservoir
SE,h7334,10.01509468975162,scr2081,stInflow,reservoir
SE,h7335,10.01509468975162,scr2081,stInflow,reservoir
SE,h7336,10.01509468975162,scr2081,stInflow,reservoir
SE,h7337,10.01509468975162,scr2081,stInflow,reservoir
SE,h7338,10.01509468975162,scr2081,stInflow,reservoir
SE,h7339,10.01509468975162,scr2081,stInflow,reservoir
SE,h7340,10.01509468975162,scr2081,stInflow,reservoir
SE,h7341,10.01509468975162,scr2081,stInflow,reservoir
SE,h7342,10.01509468975162,scr2081,stInflow,reservoir
SE,h7343,10.01509468975162,scr2081,stInflow,reservoir
SE,h7344,10.01509468975162,scr2081,stInflow,reservoir
SE,h7345,9.73318079285373,scr2081,stInflow,reservoir
SE,h7346,9.451267712593012,scr2081,stInflow,reservoir
SE,h7347,9.169355473332374,scr2081,stInflow,reservoir
SE,h7348,9.169355473332374,scr2081,stInflow,reservoir
SE,h7349,9.169355473332374,scr2081,stInflow,reservoir
SE,h7350,9.169355473332374,scr2081,stInflow,reservoir
SE,h7351,9.169355473332374,scr2081,stInflow,reservoir
SE,h7352,9.169355473332374,scr2081,stInflow,reservoir
SE,h7353,9.169355473332374,scr2081,stInflow,reservoir
SE,h7354,9.169355473332374,scr2081,stInflow,reservoir
SE,h7355,9.169355473332374,scr2081,stInflow,reservoir
SE,h7356,9.169355473332374,scr2081,stInflow,reservoir
SE,h7357,9.169355473332374,scr2081,stInflow,reservoir
SE,h7358,9.169355473332374,scr2081,stInflow,reservoir
SE,h7359,9.169355473332374,scr2081,stInflow,reservoir
SE,h7360,9.169355473332374,scr2081,stInflow,reservoir
SE,h7361,9.169355473332374,scr2081,stInflow,reservoir
SE,h7362,9.169355473332374,scr2081,stInflow,reservoir
SE,h7363,9.169355473332374,scr2081,stInflow,reservoir
SE,h7364,9.169355473332374,scr2081,stInflow,reservoir
SE,h7365,9.169355473332374,scr2081,stInflow,reservoir
SE,h7366,9.169355473332374,scr2081,stInflow,reservoir
SE,h7367,9.169355473332374,scr2081,stInflow,reservoir
SE,h7368,9.169355473332374,scr2081,stInflow,reservoir
SE,h7369,9.169355473332374,scr2081,stInflow,reservoir
SE,h7370,9.169355473332374,scr2081,stInflow,reservoir
SE,h7371,9.169355473332374,scr2081,stInflow,reservoir
SE,h7372,9.169355473332374,scr2081,stInflow,reservoir
SE,h7373,9.169355473332374,scr2081,stInflow,reservoir
SE,h7374,9.169355473332374,scr2081,stInflow,reservoir
SE,h7375,9.169355473332374,scr2081,stInflow,reservoir
SE,h7376,9.169355473332374,scr2081,stInflow,reservoir
SE,h7377,9.169355473332374,scr2081,stInflow,reservoir
SE,h7378,9.169355473332374,scr2081,stInflow,reservoir
SE,h7379,9.169355473332374,scr2081,stInflow,reservoir
SE,h7380,9.169355473332374,scr2081,stInflow,reservoir
SE,h7381,9.169355473332374,scr2081,stInflow,reservoir
SE,h7382,9.169355473332374,scr2081,stInflow,reservoir
SE,h7383,9.169355473332374,scr2081,stInflow,reservoir
SE,h7384,9.169355473332374,scr2081,stInflow,reservoir
SE,h7385,9.169355473332374,scr2081,stInflow,reservoir
SE,h7386,9.169355473332374,scr2081,stInflow,reservoir
SE,h7387,9.169355473332374,scr2081,stInflow,reservoir
SE,h7388,9.169355473332374,scr2081,stInflow,reservoir
SE,h7389,9.169355473332374,scr2081,stInflow,reservoir
SE,h7390,9.169355473332374,scr2081,stInflow,reservoir
SE,h7391,9.169355473332374,scr2081,stInflow,reservoir
SE,h7392,9.169355473332374,scr2081,stInflow,reservoir
SE,h7393,9.169355473332374,scr2081,stInflow,reservoir
SE,h7394,9.169355473332374,scr2081,stInflow,reservoir
SE,h7395,9.169355473332374,scr2081,stInflow,reservoir
SE,h7396,9.169355473332374,scr2081,stInflow,reservoir
SE,h7397,9.169355473332374,scr2081,stInflow,reservoir
SE,h7398,9.169355473332374,scr2081,stInflow,reservoir
SE,h7399,9.169355473332374,scr2081,stInflow,reservoir
SE,h7400,9.169355473332374,scr2081,stInflow,reservoir
SE,h7401,9.169355473332374,scr2081,stInflow,reservoir
SE,h7402,9.169355473332374,scr2081,stInflow,reservoir
SE,h7403,9.169355473332374,scr2081,stInflow,reservoir
SE,h7404,9.169355473332374,scr2081,stInflow,reservoir
SE,h7405,9.169355473332374,scr2081,stInflow,reservoir
SE,h7406,9.169355473332374,scr2081,stInflow,reservoir
SE,h7407,9.169355473332374,scr2081,stInflow,reservoir
SE,h7408,9.169355473332374,scr2081,stInflow,reservoir
SE,h7409,9.169355473332374,scr2081,stInflow,reservoir
SE,h7410,9.169355473332374,scr2081,stInflow,reservoir
SE,h7411,9.169355473332374,scr2081,stInflow,reservoir
SE,h7412,9.169355473332374,scr2081,stInflow,reservoir
SE,h7413,9.169355473332374,scr2081,stInflow,reservoir
SE,h7414,9.169355473332374,scr2081,stInflow,reservoir
SE,h7415,9.169355473332374,scr2081,stInflow,reservoir
SE,h7416,9.169355473332374,scr2081,stInflow,reservoir
SE,h7417,9.169355473332374,scr2081,stInflow,reservoir
SE,h7418,9.169355473332374,scr2081,stInflow,reservoir
SE,h7419,9.169355473332374,scr2081,stInflow,reservoir
SE,h7420,9.169355473332374,scr2081,stInflow,reservoir
SE,h7421,9.169355473332374,scr2081,stInflow,reservoir
SE,h7422,9.169355473332374,scr2081,stInflow,reservoir
SE,h7423,9.169355473332374,scr2081,stInflow,reservoir
SE,h7424,9.169355473332374,scr2081,stInflow,reservoir
SE,h7425,9.169355473332374,scr2081,stInflow,reservoir
SE,h7426,9.169355473332374,scr2081,stInflow,reservoir
SE,h7427,9.169355473332374,scr2081,stInflow,reservoir
SE,h7428,9.169355473332374,scr2081,stInflow,reservoir
SE,h7429,9.169355473332374,scr2081,stInflow,reservoir
SE,h7430,9.169355473332374,scr2081,stInflow,reservoir
SE,h7431,9.169355473332374,scr2081,stInflow,reservoir
SE,h7432,9.169355473332374,scr2081,stInflow,reservoir
SE,h7433,9.169355473332374,scr2081,stInflow,reservoir
SE,h7434,9.169355473332374,scr2081,stInflow,reservoir
SE,h7435,9.169355473332374,scr2081,stInflow,reservoir
SE,h7436,9.169355473332374,scr2081,stInflow,reservoir
SE,h7437,9.169355473332374,scr2081,stInflow,reservoir
SE,h7438,9.169355473332374,scr2081,stInflow,reservoir
SE,h7439,9.169355473332374,scr2081,stInflow,reservoir
SE,h7440,9.169355473332374,scr2081,stInflow,reservoir
SE,h7441,9.169355473332374,scr2081,stInflow,reservoir
SE,h7442,9.169355473332374,scr2081,stInflow,reservoir
SE,h7443,9.169355473332374,scr2081,stInflow,reservoir
SE,h7444,9.169355473332374,scr2081,stInflow,reservoir
SE,h7445,9.169355473332374,scr2081,stInflow,reservoir
SE,h7446,9.169355473332374,scr2081,stInflow,reservoir
SE,h7447,9.169355473332374,scr2081,stInflow,reservoir
SE,h7448,9.169355473332374,scr2081,stInflow,reservoir
SE,h7449,9.169355473332374,scr2081,stInflow,reservoir
SE,h7450,9.169355473332374,scr2081,stInflow,reservoir
SE,h7451,9.169355473332374,scr2081,stInflow,reservoir
SE,h7452,9.169355473332374,scr2081,stInflow,reservoir
SE,h7453,9.169355473332374,scr2081,stInflow,reservoir
SE,h7454,9.169355473332374,scr2081,stInflow,reservoir
SE,h7455,9.169355473332374,scr2081,stInflow,reservoir
SE,h7456,9.169355473332374,scr2081,stInflow,reservoir
SE,h7457,9.169355473332374,scr2081,stInflow,reservoir
SE,h7458,9.169355473332374,scr2081,stInflow,reservoir
SE,h7459,9.169355473332374,scr2081,stInflow,reservoir
SE,h7460,9.169355473332374,scr2081,stInflow,reservoir
SE,h7461,9.169355473332374,scr2081,stInflow,reservoir
SE,h7462,9.169355473332374,scr2081,stInflow,reservoir
SE,h7463,9.169355473332374,scr2081,stInflow,reservoir
SE,h7464,9.169355473332374,scr2081,stInflow,reservoir
SE,h7465,9.169355473332374,scr2081,stInflow,reservoir
SE,h7466,9.169355473332374,scr2081,stInflow,reservoir
SE,h7467,9.169355473332374,scr2081,stInflow,reservoir
SE,h7468,9.169355473332374,scr2081,stInflow,reservoir
SE,h7469,9.169355473332374,scr2081,stInflow,reservoir
SE,h7470,9.169355473332374,scr2081,stInflow,reservoir
SE,h7471,9.169355473332374,scr2081,stInflow,reservoir
SE,h7472,9.169355473332374,scr2081,stInflow,reservoir
SE,h7473,9.169355473332374,scr2081,stInflow,reservoir
SE,h7474,9.169355473332374,scr2081,stInflow,reservoir
SE,h7475,9.169355473332374,scr2081,stInflow,reservoir
SE,h7476,9.169355473332374,scr2081,stInflow,reservoir
SE,h7477,9.169355473332374,scr2081,stInflow,reservoir
SE,h7478,9.169355473332374,scr2081,stInflow,reservoir
SE,h7479,9.169355473332374,scr2081,stInflow,reservoir
SE,h7480,9.169355473332374,scr2081,stInflow,reservoir
SE,h7481,9.169355473332374,scr2081,stInflow,reservoir
SE,h7482,9.169355473332374,scr2081,stInflow,reservoir
SE,h7483,9.169355473332374,scr2081,stInflow,reservoir
SE,h7484,9.169355473332374,scr2081,stInflow,reservoir
SE,h7485,9.169355473332374,scr2081,stInflow,reservoir
SE,h7486,9.169355473332374,scr2081,stInflow,reservoir
SE,h7487,9.169355473332374,scr2081,stInflow,reservoir
SE,h7488,9.169355473332374,scr2081,stInflow,reservoir
SE,h7489,9.169355473332374,scr2081,stInflow,reservoir
SE,h7490,9.169355473332374,scr2081,stInflow,reservoir
SE,h7491,9.169355473332374,scr2081,stInflow,reservoir
SE,h7492,9.169355473332374,scr2081,stInflow,reservoir
SE,h7493,9.169355473332374,scr2081,stInflow,reservoir
SE,h7494,9.169355473332374,scr2081,stInflow,reservoir
SE,h7495,9.169355473332374,scr2081,stInflow,reservoir
SE,h7496,9.169355473332374,scr2081,stInflow,reservoir
SE,h7497,9.169355473332374,scr2081,stInflow,reservoir
SE,h7498,9.169355473332374,scr2081,stInflow,reservoir
SE,h7499,9.169355473332374,scr2081,stInflow,reservoir
SE,h7500,9.169355473332374,scr2081,stInflow,reservoir
SE,h7501,9.169355473332374,scr2081,stInflow,reservoir
SE,h7502,9.169355473332374,scr2081,stInflow,reservoir
SE,h7503,9.169355473332374,scr2081,stInflow,reservoir
SE,h7504,9.169355473332374,scr2081,stInflow,reservoir
SE,h7505,9.169355473332374,scr2081,stInflow,reservoir
SE,h7506,9.169355473332374,scr2081,stInflow,reservoir
SE,h7507,9.169355473332374,scr2081,stInflow,reservoir
SE,h7508,9.169355473332374,scr2081,stInflow,reservoir
SE,h7509,9.169355473332374,scr2081,stInflow,reservoir
SE,h7510,9.169355473332374,scr2081,stInflow,reservoir
SE,h7511,9.169355473332374,scr2081,stInflow,reservoir
SE,h7512,9.169355473332374,scr2081,stInflow,reservoir
SE,h7513,9.375832517823863,scr2081,stInflow,reservoir
SE,h7514,9.582310017054759,scr2081,stInflow,reservoir
SE,h7515,9.788787961226042,scr2081,stInflow,reservoir
SE,h7516,9.788787961226042,scr2081,stInflow,reservoir
SE,h7517,9.788787961226042,scr2081,stInflow,reservoir
SE,h7518,9.788787961226042,scr2081,stInflow,reservoir
SE,h7519,9.788787961226042,scr2081,stInflow,reservoir
SE,h7520,9.788787961226042,scr2081,stInflow,reservoir
SE,h7521,9.788787961226042,scr2081,stInflow,reservoir
SE,h7522,9.788787961226042,scr2081,stInflow,reservoir
SE,h7523,9.788787961226042,scr2081,stInflow,reservoir
SE,h7524,9.788787961226042,scr2081,stInflow,reservoir
SE,h7525,9.788787961226042,scr2081,stInflow,reservoir
SE,h7526,9.788787961226042,scr2081,stInflow,reservoir
SE,h7527,9.788787961226042,scr2081,stInflow,reservoir
SE,h7528,9.788787961226042,scr2081,stInflow,reservoir
SE,h7529,9.788787961226042,scr2081,stInflow,reservoir
SE,h7530,9.788787961226042,scr2081,stInflow,reservoir
SE,h7531,9.788787961226042,scr2081,stInflow,reservoir
SE,h7532,9.788787961226042,scr2081,stInflow,reservoir
SE,h7533,9.788787961226042,scr2081,stInflow,reservoir
SE,h7534,9.788787961226042,scr2081,stInflow,reservoir
SE,h7535,9.788787961226042,scr2081,stInflow,reservoir
SE,h7536,9.788787961226042,scr2081,stInflow,reservoir
SE,h7537,9.788787961226042,scr2081,stInflow,reservoir
SE,h7538,9.788787961226042,scr2081,stInflow,reservoir
SE,h7539,9.788787961226042,scr2081,stInflow,reservoir
SE,h7540,9.788787961226042,scr2081,stInflow,reservoir
SE,h7541,9.788787961226042,scr2081,stInflow,reservoir
SE,h7542,9.788787961226042,scr2081,stInflow,reservoir
SE,h7543,9.788787961226042,scr2081,stInflow,reservoir
SE,h7544,9.788787961226042,scr2081,stInflow,reservoir
SE,h7545,9.788787961226042,scr2081,stInflow,reservoir
SE,h7546,9.788787961226042,scr2081,stInflow,reservoir
SE,h7547,9.788787961226042,scr2081,stInflow,reservoir
SE,h7548,9.788787961226042,scr2081,stInflow,reservoir
SE,h7549,9.788787961226042,scr2081,stInflow,reservoir
SE,h7550,9.788787961226042,scr2081,stInflow,reservoir
SE,h7551,9.788787961226042,scr2081,stInflow,reservoir
SE,h7552,9.788787961226042,scr2081,stInflow,reservoir
SE,h7553,9.788787961226042,scr2081,stInflow,reservoir
SE,h7554,9.788787961226042,scr2081,stInflow,reservoir
SE,h7555,9.788787961226042,scr2081,stInflow,reservoir
SE,h7556,9.788787961226042,scr2081,stInflow,reservoir
SE,h7557,9.788787961226042,scr2081,stInflow,reservoir
SE,h7558,9.788787961226042,scr2081,stInflow,reservoir
SE,h7559,9.788787961226042,scr2081,stInflow,reservoir
SE,h7560,9.788787961226042,scr2081,stInflow,reservoir
SE,h7561,9.788787961226042,scr2081,stInflow,reservoir
SE,h7562,9.788787961226042,scr2081,stInflow,reservoir
SE,h7563,9.788787961226042,scr2081,stInflow,reservoir
SE,h7564,9.788787961226042,scr2081,stInflow,reservoir
SE,h7565,9.788787961226042,scr2081,stInflow,reservoir
SE,h7566,9.788787961226042,scr2081,stInflow,reservoir
SE,h7567,9.788787961226042,scr2081,stInflow,reservoir
SE,h7568,9.788787961226042,scr2081,stInflow,reservoir
SE,h7569,9.788787961226042,scr2081,stInflow,reservoir
SE,h7570,9.788787961226042,scr2081,stInflow,reservoir
SE,h7571,9.788787961226042,scr2081,stInflow,reservoir
SE,h7572,9.788787961226042,scr2081,stInflow,reservoir
SE,h7573,9.788787961226042,scr2081,stInflow,reservoir
SE,h7574,9.788787961226042,scr2081,stInflow,reservoir
SE,h7575,9.788787961226042,scr2081,stInflow,reservoir
SE,h7576,9.788787961226042,scr2081,stInflow,reservoir
SE,h7577,9.788787961226042,scr2081,stInflow,reservoir
SE,h7578,9.788787961226042,scr2081,stInflow,reservoir
SE,h7579,9.788787961226042,scr2081,stInflow,reservoir
SE,h7580,9.788787961226042,scr2081,stInflow,reservoir
SE,h7581,9.788787961226042,scr2081,stInflow,reservoir
SE,h7582,9.788787961226042,scr2081,stInflow,reservoir
SE,h7583,9.788787961226042,scr2081,stInflow,reservoir
SE,h7584,9.788787961226042,scr2081,stInflow,reservoir
SE,h7585,9.788787961226042,scr2081,stInflow,reservoir
SE,h7586,9.788787961226042,scr2081,stInflow,reservoir
SE,h7587,9.788787961226042,scr2081,stInflow,reservoir
SE,h7588,9.788787961226042,scr2081,stInflow,reservoir
SE,h7589,9.788787961226042,scr2081,stInflow,reservoir
SE,h7590,9.788787961226042,scr2081,stInflow,reservoir
SE,h7591,9.788787961226042,scr2081,stInflow,reservoir
SE,h7592,9.788787961226042,scr2081,stInflow,reservoir
SE,h7593,9.788787961226042,scr2081,stInflow,reservoir
SE,h7594,9.788787961226042,scr2081,stInflow,reservoir
SE,h7595,9.788787961226042,scr2081,stInflow,reservoir
SE,h7596,9.788787961226042,scr2081,stInflow,reservoir
SE,h7597,9.788787961226042,scr2081,stInflow,reservoir
SE,h7598,9.788787961226042,scr2081,stInflow,reservoir
SE,h7599,9.788787961226042,scr2081,stInflow,reservoir
SE,h7600,9.788787961226042,scr2081,stInflow,reservoir
SE,h7601,9.788787961226042,scr2081,stInflow,reservoir
SE,h7602,9.788787961226042,scr2081,stInflow,reservoir
SE,h7603,9.788787961226042,scr2081,stInflow,reservoir
SE,h7604,9.788787961226042,scr2081,stInflow,reservoir
SE,h7605,9.788787961226042,scr2081,stInflow,reservoir
SE,h7606,9.788787961226042,scr2081,stInflow,reservoir
SE,h7607,9.788787961226042,scr2081,stInflow,reservoir
SE,h7608,9.788787961226042,scr2081,stInflow,reservoir
SE,h7609,9.788787961226042,scr2081,stInflow,reservoir
SE,h7610,9.788787961226042,scr2081,stInflow,reservoir
SE,h7611,9.788787961226042,scr2081,stInflow,reservoir
SE,h7612,9.788787961226042,scr2081,stInflow,reservoir
SE,h7613,9.788787961226042,scr2081,stInflow,reservoir
SE,h7614,9.788787961226042,scr2081,stInflow,reservoir
SE,h7615,9.788787961226042,scr2081,stInflow,reservoir
SE,h7616,9.788787961226042,scr2081,stInflow,reservoir
SE,h7617,9.788787961226042,scr2081,stInflow,reservoir
SE,h7618,9.788787961226042,scr2081,stInflow,reservoir
SE,h7619,9.788787961226042,scr2081,stInflow,reservoir
SE,h7620,9.788787961226042,scr2081,stInflow,reservoir
SE,h7621,9.788787961226042,scr2081,stInflow,reservoir
SE,h7622,9.788787961226042,scr2081,stInflow,reservoir
SE,h7623,9.788787961226042,scr2081,stInflow,reservoir
SE,h7624,9.788787961226042,scr2081,stInflow,reservoir
SE,h7625,9.788787961226042,scr2081,stInflow,reservoir
SE,h7626,9.788787961226042,scr2081,stInflow,reservoir
SE,h7627,9.788787961226042,scr2081,stInflow,reservoir
SE,h7628,9.788787961226042,scr2081,stInflow,reservoir
SE,h7629,9.788787961226042,scr2081,stInflow,reservoir
SE,h7630,9.788787961226042,scr2081,stInflow,reservoir
SE,h7631,9.788787961226042,scr2081,stInflow,reservoir
SE,h7632,9.788787961226042,scr2081,stInflow,reservoir
SE,h7633,9.788787961226042,scr2081,stInflow,reservoir
SE,h7634,9.788787961226042,scr2081,stInflow,reservoir
SE,h7635,9.788787961226042,scr2081,stInflow,reservoir
SE,h7636,9.788787961226042,scr2081,stInflow,reservoir
SE,h7637,9.788787961226042,scr2081,stInflow,reservoir
SE,h7638,9.788787961226042,scr2081,stInflow,reservoir
SE,h7639,9.788787961226042,scr2081,stInflow,reservoir
SE,h7640,9.788787961226042,scr2081,stInflow,reservoir
SE,h7641,9.788787961226042,scr2081,stInflow,reservoir
SE,h7642,9.788787961226042,scr2081,stInflow,reservoir
SE,h7643,9.788787961226042,scr2081,stInflow,reservoir
SE,h7644,9.788787961226042,scr2081,stInflow,reservoir
SE,h7645,9.788787961226042,scr2081,stInflow,reservoir
SE,h7646,9.788787961226042,scr2081,stInflow,reservoir
SE,h7647,9.788787961226042,scr2081,stInflow,reservoir
SE,h7648,9.788787961226042,scr2081,stInflow,reservoir
SE,h7649,9.788787961226042,scr2081,stInflow,reservoir
SE,h7650,9.788787961226042,scr2081,stInflow,reservoir
SE,h7651,9.788787961226042,scr2081,stInflow,reservoir
SE,h7652,9.788787961226042,scr2081,stInflow,reservoir
SE,h7653,9.788787961226042,scr2081,stInflow,reservoir
SE,h7654,9.788787961226042,scr2081,stInflow,reservoir
SE,h7655,9.788787961226042,scr2081,stInflow,reservoir
SE,h7656,9.788787961226042,scr2081,stInflow,reservoir
SE,h7657,9.788787961226042,scr2081,stInflow,reservoir
SE,h7658,9.788787961226042,scr2081,stInflow,reservoir
SE,h7659,9.788787961226042,scr2081,stInflow,reservoir
SE,h7660,9.788787961226042,scr2081,stInflow,reservoir
SE,h7661,9.788787961226042,scr2081,stInflow,reservoir
SE,h7662,9.788787961226042,scr2081,stInflow,reservoir
SE,h7663,9.788787961226042,scr2081,stInflow,reservoir
SE,h7664,9.788787961226042,scr2081,stInflow,reservoir
SE,h7665,9.788787961226042,scr2081,stInflow,reservoir
SE,h7666,9.788787961226042,scr2081,stInflow,reservoir
SE,h7667,9.788787961226042,scr2081,stInflow,reservoir
SE,h7668,9.788787961226042,scr2081,stInflow,reservoir
SE,h7669,9.788787961226042,scr2081,stInflow,reservoir
SE,h7670,9.788787961226042,scr2081,stInflow,reservoir
SE,h7671,9.788787961226042,scr2081,stInflow,reservoir
SE,h7672,9.788787961226042,scr2081,stInflow,reservoir
SE,h7673,9.788787961226042,scr2081,stInflow,reservoir
SE,h7674,9.788787961226042,scr2081,stInflow,reservoir
SE,h7675,9.788787961226042,scr2081,stInflow,reservoir
SE,h7676,9.788787961226042,scr2081,stInflow,reservoir
SE,h7677,9.788787961226042,scr2081,stInflow,reservoir
SE,h7678,9.788787961226042,scr2081,stInflow,reservoir
SE,h7679,9.788787961226042,scr2081,stInflow,reservoir
SE,h7680,9.788787961226042,scr2081,stInflow,reservoir
SE,h7681,9.966265633843964,scr2081,stInflow,reservoir
SE,h7682,10.143743622521782,scr2081,stInflow,reservoir
SE,h7683,10.321221921729713,scr2081,stInflow,reservoir
SE,h7684,10.321221921729713,scr2081,stInflow,reservoir
SE,h7685,10.321221921729713,scr2081,stInflow,reservoir
SE,h7686,10.321221921729713,scr2081,stInflow,reservoir
SE,h7687,10.321221921729713,scr2081,stInflow,reservoir
SE,h7688,10.321221921729713,scr2081,stInflow,reservoir
SE,h7689,10.321221921729713,scr2081,stInflow,reservoir
SE,h7690,10.321221921729713,scr2081,stInflow,reservoir
SE,h7691,10.321221921729713,scr2081,stInflow,reservoir
SE,h7692,10.321221921729713,scr2081,stInflow,reservoir
SE,h7693,10.321221921729713,scr2081,stInflow,reservoir
SE,h7694,10.321221921729713,scr2081,stInflow,reservoir
SE,h7695,10.321221921729713,scr2081,stInflow,reservoir
SE,h7696,10.321221921729713,scr2081,stInflow,reservoir
SE,h7697,10.321221921729713,scr2081,stInflow,reservoir
SE,h7698,10.321221921729713,scr2081,stInflow,reservoir
SE,h7699,10.321221921729713,scr2081,stInflow,reservoir
SE,h7700,10.321221921729713,scr2081,stInflow,reservoir
SE,h7701,10.321221921729713,scr2081,stInflow,reservoir
SE,h7702,10.321221921729713,scr2081,stInflow,reservoir
SE,h7703,10.321221921729713,scr2081,stInflow,reservoir
SE,h7704,10.321221921729713,scr2081,stInflow,reservoir
SE,h7705,10.321221921729713,scr2081,stInflow,reservoir
SE,h7706,10.321221921729713,scr2081,stInflow,reservoir
SE,h7707,10.321221921729713,scr2081,stInflow,reservoir
SE,h7708,10.321221921729713,scr2081,stInflow,reservoir
SE,h7709,10.321221921729713,scr2081,stInflow,reservoir
SE,h7710,10.321221921729713,scr2081,stInflow,reservoir
SE,h7711,10.321221921729713,scr2081,stInflow,reservoir
SE,h7712,10.321221921729713,scr2081,stInflow,reservoir
SE,h7713,10.321221921729713,scr2081,stInflow,reservoir
SE,h7714,10.321221921729713,scr2081,stInflow,reservoir
SE,h7715,10.321221921729713,scr2081,stInflow,reservoir
SE,h7716,10.321221921729713,scr2081,stInflow,reservoir
SE,h7717,10.321221921729713,scr2081,stInflow,reservoir
SE,h7718,10.321221921729713,scr2081,stInflow,reservoir
SE,h7719,10.321221921729713,scr2081,stInflow,reservoir
SE,h7720,10.321221921729713,scr2081,stInflow,reservoir
SE,h7721,10.321221921729713,scr2081,stInflow,reservoir
SE,h7722,10.321221921729713,scr2081,stInflow,reservoir
SE,h7723,10.321221921729713,scr2081,stInflow,reservoir
SE,h7724,10.321221921729713,scr2081,stInflow,reservoir
SE,h7725,10.321221921729713,scr2081,stInflow,reservoir
SE,h7726,10.321221921729713,scr2081,stInflow,reservoir
SE,h7727,10.321221921729713,scr2081,stInflow,reservoir
SE,h7728,10.321221921729713,scr2081,stInflow,reservoir
SE,h7729,10.321221921729713,scr2081,stInflow,reservoir
SE,h7730,10.321221921729713,scr2081,stInflow,reservoir
SE,h7731,10.321221921729713,scr2081,stInflow,reservoir
SE,h7732,10.321221921729713,scr2081,stInflow,reservoir
SE,h7733,10.321221921729713,scr2081,stInflow,reservoir
SE,h7734,10.321221921729713,scr2081,stInflow,reservoir
SE,h7735,10.321221921729713,scr2081,stInflow,reservoir
SE,h7736,10.321221921729713,scr2081,stInflow,reservoir
SE,h7737,10.321221921729713,scr2081,stInflow,reservoir
SE,h7738,10.321221921729713,scr2081,stInflow,reservoir
SE,h7739,10.321221921729713,scr2081,stInflow,reservoir
SE,h7740,10.321221921729713,scr2081,stInflow,reservoir
SE,h7741,10.321221921729713,scr2081,stInflow,reservoir
SE,h7742,10.321221921729713,scr2081,stInflow,reservoir
SE,h7743,10.321221921729713,scr2081,stInflow,reservoir
SE,h7744,10.321221921729713,scr2081,stInflow,reservoir
SE,h7745,10.321221921729713,scr2081,stInflow,reservoir
SE,h7746,10.321221921729713,scr2081,stInflow,reservoir
SE,h7747,10.321221921729713,scr2081,stInflow,reservoir
SE,h7748,10.321221921729713,scr2081,stInflow,reservoir
SE,h7749,10.321221921729713,scr2081,stInflow,reservoir
SE,h7750,10.321221921729713,scr2081,stInflow,reservoir
SE,h7751,10.321221921729713,scr2081,stInflow,reservoir
SE,h7752,10.321221921729713,scr2081,stInflow,reservoir
SE,h7753,10.321221921729713,scr2081,stInflow,reservoir
SE,h7754,10.321221921729713,scr2081,stInflow,reservoir
SE,h7755,10.321221921729713,scr2081,stInflow,reservoir
SE,h7756,10.321221921729713,scr2081,stInflow,reservoir
SE,h7757,10.321221921729713,scr2081,stInflow,reservoir
SE,h7758,10.321221921729713,scr2081,stInflow,reservoir
SE,h7759,10.321221921729713,scr2081,stInflow,reservoir
SE,h7760,10.321221921729713,scr2081,stInflow,reservoir
SE,h7761,10.321221921729713,scr2081,stInflow,reservoir
SE,h7762,10.321221921729713,scr2081,stInflow,reservoir
SE,h7763,10.321221921729713,scr2081,stInflow,reservoir
SE,h7764,10.321221921729713,scr2081,stInflow,reservoir
SE,h7765,10.321221921729713,scr2081,stInflow,reservoir
SE,h7766,10.321221921729713,scr2081,stInflow,reservoir
SE,h7767,10.321221921729713,scr2081,stInflow,reservoir
SE,h7768,10.321221921729713,scr2081,stInflow,reservoir
SE,h7769,10.321221921729713,scr2081,stInflow,reservoir
SE,h7770,10.321221921729713,scr2081,stInflow,reservoir
SE,h7771,10.321221921729713,scr2081,stInflow,reservoir
SE,h7772,10.321221921729713,scr2081,stInflow,reservoir
SE,h7773,10.321221921729713,scr2081,stInflow,reservoir
SE,h7774,10.321221921729713,scr2081,stInflow,reservoir
SE,h7775,10.321221921729713,scr2081,stInflow,reservoir
SE,h7776,10.321221921729713,scr2081,stInflow,reservoir
SE,h7777,10.321221921729713,scr2081,stInflow,reservoir
SE,h7778,10.321221921729713,scr2081,stInflow,reservoir
SE,h7779,10.321221921729713,scr2081,stInflow,reservoir
SE,h7780,10.321221921729713,scr2081,stInflow,reservoir
SE,h7781,10.321221921729713,scr2081,stInflow,reservoir
SE,h7782,10.321221921729713,scr2081,stInflow,reservoir
SE,h7783,10.321221921729713,scr2081,stInflow,reservoir
SE,h7784,10.321221921729713,scr2081,stInflow,reservoir
SE,h7785,10.321221921729713,scr2081,stInflow,reservoir
SE,h7786,10.321221921729713,scr2081,stInflow,reservoir
SE,h7787,10.321221921729713,scr2081,stInflow,reservoir
SE,h7788,10.321221921729713,scr2081,stInflow,reservoir
SE,h7789,10.321221921729713,scr2081,stInflow,reservoir
SE,h7790,10.321221921729713,scr2081,stInflow,reservoir
SE,h7791,10.321221921729713,scr2081,stInflow,reservoir
SE,h7792,10.321221921729713,scr2081,stInflow,reservoir
SE,h7793,10.321221921729713,scr2081,stInflow,reservoir
SE,h7794,10.321221921729713,scr2081,stInflow,reservoir
SE,h7795,10.321221921729713,scr2081,stInflow,reservoir
SE,h7796,10.321221921729713,scr2081,stInflow,reservoir
SE,h7797,10.321221921729713,scr2081,stInflow,reservoir
SE,h7798,10.321221921729713,scr2081,stInflow,reservoir
SE,h7799,10.321221921729713,scr2081,stInflow,reservoir
SE,h7800,10.321221921729713,scr2081,stInflow,reservoir
SE,h7801,10.321221921729713,scr2081,stInflow,reservoir
SE,h7802,10.321221921729713,scr2081,stInflow,reservoir
SE,h7803,10.321221921729713,scr2081,stInflow,reservoir
SE,h7804,10.321221921729713,scr2081,stInflow,reservoir
SE,h7805,10.321221921729713,scr2081,stInflow,reservoir
SE,h7806,10.321221921729713,scr2081,stInflow,reservoir
SE,h7807,10.321221921729713,scr2081,stInflow,reservoir
SE,h7808,10.321221921729713,scr2081,stInflow,reservoir
SE,h7809,10.321221921729713,scr2081,stInflow,reservoir
SE,h7810,10.321221921729713,scr2081,stInflow,reservoir
SE,h7811,10.321221921729713,scr2081,stInflow,reservoir
SE,h7812,10.321221921729713,scr2081,stInflow,reservoir
SE,h7813,10.321221921729713,scr2081,stInflow,reservoir
SE,h7814,10.321221921729713,scr2081,stInflow,reservoir
SE,h7815,10.321221921729713,scr2081,stInflow,reservoir
SE,h7816,10.321221921729713,scr2081,stInflow,reservoir
SE,h7817,10.321221921729713,scr2081,stInflow,reservoir
SE,h7818,10.321221921729713,scr2081,stInflow,reservoir
SE,h7819,10.321221921729713,scr2081,stInflow,reservoir
SE,h7820,10.321221921729713,scr2081,stInflow,reservoir
SE,h7821,10.321221921729713,scr2081,stInflow,reservoir
SE,h7822,10.321221921729713,scr2081,stInflow,reservoir
SE,h7823,10.321221921729713,scr2081,stInflow,reservoir
SE,h7824,10.321221921729713,scr2081,stInflow,reservoir
SE,h7825,10.321221921729713,scr2081,stInflow,reservoir
SE,h7826,10.321221921729713,scr2081,stInflow,reservoir
SE,h7827,10.321221921729713,scr2081,stInflow,reservoir
SE,h7828,10.321221921729713,scr2081,stInflow,reservoir
SE,h7829,10.321221921729713,scr2081,stInflow,reservoir
SE,h7830,10.321221921729713,scr2081,stInflow,reservoir
SE,h7831,10.321221921729713,scr2081,stInflow,reservoir
SE,h7832,10.321221921729713,scr2081,stInflow,reservoir
SE,h7833,10.321221921729713,scr2081,stInflow,reservoir
SE,h7834,10.321221921729713,scr2081,stInflow,reservoir
SE,h7835,10.321221921729713,scr2081,stInflow,reservoir
SE,h7836,10.321221921729713,scr2081,stInflow,reservoir
SE,h7837,10.321221921729713,scr2081,stInflow,reservoir
SE,h7838,10.321221921729713,scr2081,stInflow,reservoir
SE,h7839,10.321221921729713,scr2081,stInflow,reservoir
SE,h7840,10.321221921729713,scr2081,stInflow,reservoir
SE,h7841,10.321221921729713,scr2081,stInflow,reservoir
SE,h7842,10.321221921729713,scr2081,stInflow,reservoir
SE,h7843,10.321221921729713,scr2081,stInflow,reservoir
SE,h7844,10.321221921729713,scr2081,stInflow,reservoir
SE,h7845,10.321221921729713,scr2081,stInflow,reservoir
SE,h7846,10.321221921729713,scr2081,stInflow,reservoir
SE,h7847,10.321221921729713,scr2081,stInflow,reservoir
SE,h7848,10.321221921729713,scr2081,stInflow,reservoir
SE,h7849,10.039571551031376,scr2081,stInflow,reservoir
SE,h7850,9.757921970559664,scr2081,stInflow,reservoir
SE,h7851,9.476273203126873,scr2081,stInflow,reservoir
SE,h7852,9.476273203126873,scr2081,stInflow,reservoir
SE,h7853,9.476273203126873,scr2081,stInflow,reservoir
SE,h7854,9.476273203126873,scr2081,stInflow,reservoir
SE,h7855,9.476273203126873,scr2081,stInflow,reservoir
SE,h7856,9.476273203126873,scr2081,stInflow,reservoir
SE,h7857,9.476273203126873,scr2081,stInflow,reservoir
SE,h7858,9.476273203126873,scr2081,stInflow,reservoir
SE,h7859,9.476273203126873,scr2081,stInflow,reservoir
SE,h7860,9.476273203126873,scr2081,stInflow,reservoir
SE,h7861,9.476273203126873,scr2081,stInflow,reservoir
SE,h7862,9.476273203126873,scr2081,stInflow,reservoir
SE,h7863,9.476273203126873,scr2081,stInflow,reservoir
SE,h7864,9.476273203126873,scr2081,stInflow,reservoir
SE,h7865,9.476273203126873,scr2081,stInflow,reservoir
SE,h7866,9.476273203126873,scr2081,stInflow,reservoir
SE,h7867,9.476273203126873,scr2081,stInflow,reservoir
SE,h7868,9.476273203126873,scr2081,stInflow,reservoir
SE,h7869,9.476273203126873,scr2081,stInflow,reservoir
SE,h7870,9.476273203126873,scr2081,stInflow,reservoir
SE,h7871,9.476273203126873,scr2081,stInflow,reservoir
SE,h7872,9.476273203126873,scr2081,stInflow,reservoir
SE,h7873,9.476273203126873,scr2081,stInflow,reservoir
SE,h7874,9.476273203126873,scr2081,stInflow,reservoir
SE,h7875,9.476273203126873,scr2081,stInflow,reservoir
SE,h7876,9.476273203126873,scr2081,stInflow,reservoir
SE,h7877,9.476273203126873,scr2081,stInflow,reservoir
SE,h7878,9.476273203126873,scr2081,stInflow,reservoir
SE,h7879,9.476273203126873,scr2081,stInflow,reservoir
SE,h7880,9.476273203126873,scr2081,stInflow,reservoir
SE,h7881,9.476273203126873,scr2081,stInflow,reservoir
SE,h7882,9.476273203126873,scr2081,stInflow,reservoir
SE,h7883,9.476273203126873,scr2081,stInflow,reservoir
SE,h7884,9.476273203126873,scr2081,stInflow,reservoir
SE,h7885,9.476273203126873,scr2081,stInflow,reservoir
SE,h7886,9.476273203126873,scr2081,stInflow,reservoir
SE,h7887,9.476273203126873,scr2081,stInflow,reservoir
SE,h7888,9.476273203126873,scr2081,stInflow,reservoir
SE,h7889,9.476273203126873,scr2081,stInflow,reservoir
SE,h7890,9.476273203126873,scr2081,stInflow,reservoir
SE,h7891,9.476273203126873,scr2081,stInflow,reservoir
SE,h7892,9.476273203126873,scr2081,stInflow,reservoir
SE,h7893,9.476273203126873,scr2081,stInflow,reservoir
SE,h7894,9.476273203126873,scr2081,stInflow,reservoir
SE,h7895,9.476273203126873,scr2081,stInflow,reservoir
SE,h7896,9.476273203126873,scr2081,stInflow,reservoir
SE,h7897,9.476273203126873,scr2081,stInflow,reservoir
SE,h7898,9.476273203126873,scr2081,stInflow,reservoir
SE,h7899,9.476273203126873,scr2081,stInflow,reservoir
SE,h7900,9.476273203126873,scr2081,stInflow,reservoir
SE,h7901,9.476273203126873,scr2081,stInflow,reservoir
SE,h7902,9.476273203126873,scr2081,stInflow,reservoir
SE,h7903,9.476273203126873,scr2081,stInflow,reservoir
SE,h7904,9.476273203126873,scr2081,stInflow,reservoir
SE,h7905,9.476273203126873,scr2081,stInflow,reservoir
SE,h7906,9.476273203126873,scr2081,stInflow,reservoir
SE,h7907,9.476273203126873,scr2081,stInflow,reservoir
SE,h7908,9.476273203126873,scr2081,stInflow,reservoir
SE,h7909,9.476273203126873,scr2081,stInflow,reservoir
SE,h7910,9.476273203126873,scr2081,stInflow,reservoir
SE,h7911,9.476273203126873,scr2081,stInflow,reservoir
SE,h7912,9.476273203126873,scr2081,stInflow,reservoir
SE,h7913,9.476273203126873,scr2081,stInflow,reservoir
SE,h7914,9.476273203126873,scr2081,stInflow,reservoir
SE,h7915,9.476273203126873,scr2081,stInflow,reservoir
SE,h7916,9.476273203126873,scr2081,stInflow,reservoir
SE,h7917,9.476273203126873,scr2081,stInflow,reservoir
SE,h7918,9.476273203126873,scr2081,stInflow,reservoir
SE,h7919,9.476273203126873,scr2081,stInflow,reservoir
SE,h7920,9.476273203126873,scr2081,stInflow,reservoir
SE,h7921,9.476273203126873,scr2081,stInflow,reservoir
SE,h7922,9.476273203126873,scr2081,stInflow,reservoir
SE,h7923,9.476273203126873,scr2081,stInflow,reservoir
SE,h7924,9.476273203126873,scr2081,stInflow,reservoir
SE,h7925,9.476273203126873,scr2081,stInflow,reservoir
SE,h7926,9.476273203126873,scr2081,stInflow,reservoir
SE,h7927,9.476273203126873,scr2081,stInflow,reservoir
SE,h7928,9.476273203126873,scr2081,stInflow,reservoir
SE,h7929,9.476273203126873,scr2081,stInflow,reservoir
SE,h7930,9.476273203126873,scr2081,stInflow,reservoir
SE,h7931,9.476273203126873,scr2081,stInflow,reservoir
SE,h7932,9.476273203126873,scr2081,stInflow,reservoir
SE,h7933,9.476273203126873,scr2081,stInflow,reservoir
SE,h7934,9.476273203126873,scr2081,stInflow,reservoir
SE,h7935,9.476273203126873,scr2081,stInflow,reservoir
SE,h7936,9.476273203126873,scr2081,stInflow,reservoir
SE,h7937,9.476273203126873,scr2081,stInflow,reservoir
SE,h7938,9.476273203126873,scr2081,stInflow,reservoir
SE,h7939,9.476273203126873,scr2081,stInflow,reservoir
SE,h7940,9.476273203126873,scr2081,stInflow,reservoir
SE,h7941,9.476273203126873,scr2081,stInflow,reservoir
SE,h7942,9.476273203126873,scr2081,stInflow,reservoir
SE,h7943,9.476273203126873,scr2081,stInflow,reservoir
SE,h7944,9.476273203126873,scr2081,stInflow,reservoir
SE,h7945,9.476273203126873,scr2081,stInflow,reservoir
SE,h7946,9.476273203126873,scr2081,stInflow,reservoir
SE,h7947,9.476273203126873,scr2081,stInflow,reservoir
SE,h7948,9.476273203126873,scr2081,stInflow,reservoir
SE,h7949,9.476273203126873,scr2081,stInflow,reservoir
SE,h7950,9.476273203126873,scr2081,stInflow,reservoir
SE,h7951,9.476273203126873,scr2081,stInflow,reservoir
SE,h7952,9.476273203126873,scr2081,stInflow,reservoir
SE,h7953,9.476273203126873,scr2081,stInflow,reservoir
SE,h7954,9.476273203126873,scr2081,stInflow,reservoir
SE,h7955,9.476273203126873,scr2081,stInflow,reservoir
SE,h7956,9.476273203126873,scr2081,stInflow,reservoir
SE,h7957,9.476273203126873,scr2081,stInflow,reservoir
SE,h7958,9.476273203126873,scr2081,stInflow,reservoir
SE,h7959,9.476273203126873,scr2081,stInflow,reservoir
SE,h7960,9.476273203126873,scr2081,stInflow,reservoir
SE,h7961,9.476273203126873,scr2081,stInflow,reservoir
SE,h7962,9.476273203126873,scr2081,stInflow,reservoir
SE,h7963,9.476273203126873,scr2081,stInflow,reservoir
SE,h7964,9.476273203126873,scr2081,stInflow,reservoir
SE,h7965,9.476273203126873,scr2081,stInflow,reservoir
SE,h7966,9.476273203126873,scr2081,stInflow,reservoir
SE,h7967,9.476273203126873,scr2081,stInflow,reservoir
SE,h7968,9.476273203126873,scr2081,stInflow,reservoir
SE,h7969,9.476273203126873,scr2081,stInflow,reservoir
SE,h7970,9.476273203126873,scr2081,stInflow,reservoir
SE,h7971,9.476273203126873,scr2081,stInflow,reservoir
SE,h7972,9.476273203126873,scr2081,stInflow,reservoir
SE,h7973,9.476273203126873,scr2081,stInflow,reservoir
SE,h7974,9.476273203126873,scr2081,stInflow,reservoir
SE,h7975,9.476273203126873,scr2081,stInflow,reservoir
SE,h7976,9.476273203126873,scr2081,stInflow,reservoir
SE,h7977,9.476273203126873,scr2081,stInflow,reservoir
SE,h7978,9.476273203126873,scr2081,stInflow,reservoir
SE,h7979,9.476273203126873,scr2081,stInflow,reservoir
SE,h7980,9.476273203126873,scr2081,stInflow,reservoir
SE,h7981,9.476273203126873,scr2081,stInflow,reservoir
SE,h7982,9.476273203126873,scr2081,stInflow,reservoir
SE,h7983,9.476273203126873,scr2081,stInflow,reservoir
SE,h7984,9.476273203126873,scr2081,stInflow,reservoir
SE,h7985,9.476273203126873,scr2081,stInflow,reservoir
SE,h7986,9.476273203126873,scr2081,stInflow,reservoir
SE,h7987,9.476273203126873,scr2081,stInflow,reservoir
SE,h7988,9.476273203126873,scr2081,stInflow,reservoir
SE,h7989,9.476273203126873,scr2081,stInflow,reservoir
SE,h7990,9.476273203126873,scr2081,stInflow,reservoir
SE,h7991,9.476273203126873,scr2081,stInflow,reservoir
SE,h7992,9.476273203126873,scr2081,stInflow,reservoir
SE,h7993,9.476273203126873,scr2081,stInflow,reservoir
SE,h7994,9.476273203126873,scr2081,stInflow,reservoir
SE,h7995,9.476273203126873,scr2081,stInflow,reservoir
SE,h7996,9.476273203126873,scr2081,stInflow,reservoir
SE,h7997,9.476273203126873,scr2081,stInflow,reservoir
SE,h7998,9.476273203126873,scr2081,stInflow,reservoir
SE,h7999,9.476273203126873,scr2081,stInflow,reservoir
SE,h8000,9.476273203126873,scr2081,stInflow,reservoir
SE,h8001,9.476273203126873,scr2081,stInflow,reservoir
SE,h8002,9.476273203126873,scr2081,stInflow,reservoir
SE,h8003,9.476273203126873,scr2081,stInflow,reservoir
SE,h8004,9.476273203126873,scr2081,stInflow,reservoir
SE,h8005,9.476273203126873,scr2081,stInflow,reservoir
SE,h8006,9.476273203126873,scr2081,stInflow,reservoir
SE,h8007,9.476273203126873,scr2081,stInflow,reservoir
SE,h8008,9.476273203126873,scr2081,stInflow,reservoir
SE,h8009,9.476273203126873,scr2081,stInflow,reservoir
SE,h8010,9.476273203126873,scr2081,stInflow,reservoir
SE,h8011,9.476273203126873,scr2081,stInflow,reservoir
SE,h8012,9.476273203126873,scr2081,stInflow,reservoir
SE,h8013,9.476273203126873,scr2081,stInflow,reservoir
SE,h8014,9.476273203126873,scr2081,stInflow,reservoir
SE,h8015,9.476273203126873,scr2081,stInflow,reservoir
SE,h8016,9.476273203126873,scr2081,stInflow,reservoir
SE,h8017,8.954625894972292,scr2081,stInflow,reservoir
SE,h8018,8.432981627313378,scr2081,stInflow,reservoir
SE,h8019,7.911340588440076,scr2081,stInflow,reservoir
SE,h8020,7.911340588440076,scr2081,stInflow,reservoir
SE,h8021,7.911340588440076,scr2081,stInflow,reservoir
SE,h8022,7.911340588440076,scr2081,stInflow,reservoir
SE,h8023,7.911340588440076,scr2081,stInflow,reservoir
SE,h8024,7.911340588440076,scr2081,stInflow,reservoir
SE,h8025,7.911340588440076,scr2081,stInflow,reservoir
SE,h8026,7.911340588440076,scr2081,stInflow,reservoir
SE,h8027,7.911340588440076,scr2081,stInflow,reservoir
SE,h8028,7.911340588440076,scr2081,stInflow,reservoir
SE,h8029,7.911340588440076,scr2081,stInflow,reservoir
SE,h8030,7.911340588440076,scr2081,stInflow,reservoir
SE,h8031,7.911340588440076,scr2081,stInflow,reservoir
SE,h8032,7.911340588440076,scr2081,stInflow,reservoir
SE,h8033,7.911340588440076,scr2081,stInflow,reservoir
SE,h8034,7.911340588440076,scr2081,stInflow,reservoir
SE,h8035,7.911340588440076,scr2081,stInflow,reservoir
SE,h8036,7.911340588440076,scr2081,stInflow,reservoir
SE,h8037,7.911340588440076,scr2081,stInflow,reservoir
SE,h8038,7.911340588440076,scr2081,stInflow,reservoir
SE,h8039,7.911340588440076,scr2081,stInflow,reservoir
SE,h8040,7.911340588440076,scr2081,stInflow,reservoir
