region_1,timestep_6,value,scenario_1,parameter,technology_3
AT,h0145,1.8146337824782075,scr2013,stInflow,reservoir
AT,h0146,1.892160147216364,scr2013,stInflow,reservoir
AT,h0147,1.9697182950188763,scr2013,stInflow,reservoir
AT,h0148,1.9697182950188763,scr2013,stInflow,reservoir
AT,h0149,1.9697182950188763,scr2013,stInflow,reservoir
AT,h0150,1.9697182950188763,scr2013,stInflow,reservoir
AT,h0151,1.9697182950188763,scr2013,stInflow,reservoir
AT,h0152,1.9697182950188763,scr2013,stInflow,reservoir
AT,h0153,1.9697182950188763,scr2013,stInflow,reservoir
AT,h0154,1.9697182950188763,scr2013,stInflow,reservoir
AT,h0155,1.9697182950188763,scr2013,stInflow,reservoir
AT,h0156,1.9697182950188763,scr2013,stInflow,reservoir
AT,h0157,1.9923185154188159,scr2013,stInflow,reservoir
AT,h0158,2.0149212996062253,scr2013,stInflow,reservoir
AT,h0159,2.037526619392111,scr2013,stInflow,reservoir
AT,h0160,2.037526619392111,scr2013,stInflow,reservoir
AT,h0161,2.037526619392111,scr2013,stInflow,reservoir
AT,h0162,2.037526619392111,scr2013,stInflow,reservoir
AT,h0163,2.037526619392111,scr2013,stInflow,reservoir
AT,h0164,2.037526619392111,scr2013,stInflow,reservoir
AT,h0165,2.037526619392111,scr2013,stInflow,reservoir
AT,h0166,2.037526619392111,scr2013,stInflow,reservoir
AT,h0167,2.037526619392111,scr2013,stInflow,reservoir
AT,h0168,2.037526619392111,scr2013,stInflow,reservoir
AT,h0169,1.9217757666222621,scr2013,stInflow,reservoir
AT,h0170,1.80609462461881,scr2013,stInflow,reservoir
AT,h0171,1.6904875720180428,scr2013,stInflow,reservoir
AT,h0172,1.6904875720180428,scr2013,stInflow,reservoir
AT,h0173,1.6904875720180428,scr2013,stInflow,reservoir
AT,h0174,1.6904875720180428,scr2013,stInflow,reservoir
AT,h0175,1.6904875720180428,scr2013,stInflow,reservoir
AT,h0176,1.6904875720180428,scr2013,stInflow,reservoir
AT,h0177,1.6904875720180428,scr2013,stInflow,reservoir
AT,h0178,1.6904875720180428,scr2013,stInflow,reservoir
AT,h0179,1.6904875720180428,scr2013,stInflow,reservoir
AT,h0180,1.6904875720180428,scr2013,stInflow,reservoir
AT,h0181,1.6822705117075953,scr2013,stInflow,reservoir
AT,h0182,1.6740538527021844,scr2013,stInflow,reservoir
AT,h0183,1.6658375969320411,scr2013,stInflow,reservoir
AT,h0184,1.6658375969320411,scr2013,stInflow,reservoir
AT,h0185,1.6658375969320411,scr2013,stInflow,reservoir
AT,h0186,1.6658375969320411,scr2013,stInflow,reservoir
AT,h0187,1.6658375969320411,scr2013,stInflow,reservoir
AT,h0188,1.6658375969320411,scr2013,stInflow,reservoir
AT,h0189,1.6658375969320411,scr2013,stInflow,reservoir
AT,h0190,1.6658375969320411,scr2013,stInflow,reservoir
AT,h0191,1.6658375969320411,scr2013,stInflow,reservoir
AT,h0192,1.6658375969320411,scr2013,stInflow,reservoir
BG,h0145,0.28334619190416166,scr2013,stInflow,reservoir
BG,h0146,0.2997021185739816,scr2013,stInflow,reservoir
BG,h0147,0.31607569881842706,scr2013,stInflow,reservoir
BG,h0148,0.31607569881842706,scr2013,stInflow,reservoir
BG,h0149,0.31607569881842706,scr2013,stInflow,reservoir
BG,h0150,0.31607569881842706,scr2013,stInflow,reservoir
BG,h0151,0.31607569881842706,scr2013,stInflow,reservoir
BG,h0152,0.31607569881842706,scr2013,stInflow,reservoir
BG,h0153,0.31607569881842706,scr2013,stInflow,reservoir
BG,h0154,0.31607569881842706,scr2013,stInflow,reservoir
BG,h0155,0.31607569881842706,scr2013,stInflow,reservoir
BG,h0156,0.31607569881842706,scr2013,stInflow,reservoir
BG,h0157,0.3480607312740182,scr2013,stInflow,reservoir
BG,h0158,0.38010397254578626,scr2013,stInflow,reservoir
BG,h0159,0.41220068153106343,scr2013,stInflow,reservoir
BG,h0160,0.41220068153106343,scr2013,stInflow,reservoir
BG,h0161,0.41220068153106343,scr2013,stInflow,reservoir
BG,h0162,0.41220068153106343,scr2013,stInflow,reservoir
BG,h0163,0.41220068153106343,scr2013,stInflow,reservoir
BG,h0164,0.41220068153106343,scr2013,stInflow,reservoir
BG,h0165,0.41220068153106343,scr2013,stInflow,reservoir
BG,h0166,0.41220068153106343,scr2013,stInflow,reservoir
BG,h0167,0.41220068153106343,scr2013,stInflow,reservoir
BG,h0168,0.41220068153106343,scr2013,stInflow,reservoir
BG,h0169,0.41319724615739845,scr2013,stInflow,reservoir
BG,h0170,0.4141938582198742,scr2013,stInflow,reservoir
BG,h0171,0.41519051760867304,scr2013,stInflow,reservoir
BG,h0172,0.41519051760867304,scr2013,stInflow,reservoir
BG,h0173,0.41519051760867304,scr2013,stInflow,reservoir
BG,h0174,0.41519051760867304,scr2013,stInflow,reservoir
BG,h0175,0.41519051760867304,scr2013,stInflow,reservoir
BG,h0176,0.41519051760867304,scr2013,stInflow,reservoir
BG,h0177,0.41519051760867304,scr2013,stInflow,reservoir
BG,h0178,0.41519051760867304,scr2013,stInflow,reservoir
BG,h0179,0.41519051760867304,scr2013,stInflow,reservoir
BG,h0180,0.41519051760867304,scr2013,stInflow,reservoir
BG,h0181,0.43611762773481694,scr2013,stInflow,reservoir
BG,h0182,0.45706457997284655,scr2013,stInflow,reservoir
BG,h0183,0.4780304981641603,scr2013,stInflow,reservoir
BG,h0184,0.4780304981641603,scr2013,stInflow,reservoir
BG,h0185,0.4780304981641603,scr2013,stInflow,reservoir
BG,h0186,0.4780304981641603,scr2013,stInflow,reservoir
BG,h0187,0.4780304981641603,scr2013,stInflow,reservoir
BG,h0188,0.4780304981641603,scr2013,stInflow,reservoir
BG,h0189,0.4780304981641603,scr2013,stInflow,reservoir
BG,h0190,0.4780304981641603,scr2013,stInflow,reservoir
BG,h0191,0.4780304981641603,scr2013,stInflow,reservoir
BG,h0192,0.4780304981641603,scr2013,stInflow,reservoir
CH,h0145,2.9223641886039,scr2013,stInflow,reservoir
CH,h0146,3.065104899342288,scr2013,stInflow,reservoir
CH,h0147,3.2079767561027057,scr2013,stInflow,reservoir
CH,h0148,3.2079767561027057,scr2013,stInflow,reservoir
CH,h0149,3.2079767561027057,scr2013,stInflow,reservoir
CH,h0150,3.2079767561027057,scr2013,stInflow,reservoir
CH,h0151,3.2079767561027057,scr2013,stInflow,reservoir
CH,h0152,3.2079767561027057,scr2013,stInflow,reservoir
CH,h0153,3.2079767561027057,scr2013,stInflow,reservoir
CH,h0154,3.2079767561027057,scr2013,stInflow,reservoir
CH,h0155,3.2079767561027057,scr2013,stInflow,reservoir
CH,h0156,3.2079767561027057,scr2013,stInflow,reservoir
CH,h0157,3.2658474441008836,scr2013,stInflow,reservoir
CH,h0158,3.32373834592152,scr2013,stInflow,reservoir
CH,h0159,3.3816491232170596,scr2013,stInflow,reservoir
CH,h0160,3.3816491232170596,scr2013,stInflow,reservoir
CH,h0161,3.3816491232170596,scr2013,stInflow,reservoir
CH,h0162,3.3816491232170596,scr2013,stInflow,reservoir
CH,h0163,3.3816491232170596,scr2013,stInflow,reservoir
CH,h0164,3.3816491232170596,scr2013,stInflow,reservoir
CH,h0165,3.3816491232170596,scr2013,stInflow,reservoir
CH,h0166,3.3816491232170596,scr2013,stInflow,reservoir
CH,h0167,3.3816491232170596,scr2013,stInflow,reservoir
CH,h0168,3.3816491232170596,scr2013,stInflow,reservoir
CH,h0169,3.183581967530027,scr2013,stInflow,reservoir
CH,h0170,2.985757473824089,scr2013,stInflow,reservoir
CH,h0171,2.7881910874460183,scr2013,stInflow,reservoir
CH,h0172,2.7881910874460183,scr2013,stInflow,reservoir
CH,h0173,2.7881910874460183,scr2013,stInflow,reservoir
CH,h0174,2.7881910874460183,scr2013,stInflow,reservoir
CH,h0175,2.7881910874460183,scr2013,stInflow,reservoir
CH,h0176,2.7881910874460183,scr2013,stInflow,reservoir
CH,h0177,2.7881910874460183,scr2013,stInflow,reservoir
CH,h0178,2.7881910874460183,scr2013,stInflow,reservoir
CH,h0179,2.7881910874460183,scr2013,stInflow,reservoir
CH,h0180,2.7881910874460183,scr2013,stInflow,reservoir
CH,h0181,2.779774536216538,scr2013,stInflow,reservoir
CH,h0182,2.771358487083122,scr2013,stInflow,reservoir
CH,h0183,2.7629429415103584,scr2013,stInflow,reservoir
CH,h0184,2.7629429415103584,scr2013,stInflow,reservoir
CH,h0185,2.7629429415103584,scr2013,stInflow,reservoir
CH,h0186,2.7629429415103584,scr2013,stInflow,reservoir
CH,h0187,2.7629429415103584,scr2013,stInflow,reservoir
CH,h0188,2.7629429415103584,scr2013,stInflow,reservoir
CH,h0189,2.7629429415103584,scr2013,stInflow,reservoir
CH,h0190,2.7629429415103584,scr2013,stInflow,reservoir
CH,h0191,2.7629429415103584,scr2013,stInflow,reservoir
CH,h0192,2.7629429415103584,scr2013,stInflow,reservoir
ES,h0145,10.020993826376017,scr2013,stInflow,reservoir
ES,h0146,10.262111234395103,scr2013,stInflow,reservoir
ES,h0147,10.50339604249574,scr2013,stInflow,reservoir
ES,h0148,10.50339604249574,scr2013,stInflow,reservoir
ES,h0149,10.50339604249574,scr2013,stInflow,reservoir
ES,h0150,10.50339604249574,scr2013,stInflow,reservoir
ES,h0151,10.50339604249574,scr2013,stInflow,reservoir
ES,h0152,10.50339604249574,scr2013,stInflow,reservoir
ES,h0153,10.50339604249574,scr2013,stInflow,reservoir
ES,h0154,10.50339604249574,scr2013,stInflow,reservoir
ES,h0155,10.50339604249574,scr2013,stInflow,reservoir
ES,h0156,10.50339604249574,scr2013,stInflow,reservoir
ES,h0157,10.516669389419611,scr2013,stInflow,reservoir
ES,h0158,10.52994323086373,scr2013,stInflow,reservoir
ES,h0159,10.543217566235153,scr2013,stInflow,reservoir
ES,h0160,10.543217566235153,scr2013,stInflow,reservoir
ES,h0161,10.543217566235153,scr2013,stInflow,reservoir
ES,h0162,10.543217566235153,scr2013,stInflow,reservoir
ES,h0163,10.543217566235153,scr2013,stInflow,reservoir
ES,h0164,10.543217566235153,scr2013,stInflow,reservoir
ES,h0165,10.543217566235153,scr2013,stInflow,reservoir
ES,h0166,10.543217566235153,scr2013,stInflow,reservoir
ES,h0167,10.543217566235153,scr2013,stInflow,reservoir
ES,h0168,10.543217566235153,scr2013,stInflow,reservoir
ES,h0169,10.106394880768011,scr2013,stInflow,reservoir
ES,h0170,9.670129197089665,scr2013,stInflow,reservoir
ES,h0171,9.234444421442642,scr2013,stInflow,reservoir
ES,h0172,9.234444421442642,scr2013,stInflow,reservoir
ES,h0173,9.234444421442642,scr2013,stInflow,reservoir
ES,h0174,9.234444421442642,scr2013,stInflow,reservoir
ES,h0175,9.234444421442642,scr2013,stInflow,reservoir
ES,h0176,9.234444421442642,scr2013,stInflow,reservoir
ES,h0177,9.234444421442642,scr2013,stInflow,reservoir
ES,h0178,9.234444421442642,scr2013,stInflow,reservoir
ES,h0179,9.234444421442642,scr2013,stInflow,reservoir
ES,h0180,9.234444421442642,scr2013,stInflow,reservoir
ES,h0181,9.133927706023549,scr2013,stInflow,reservoir
ES,h0182,9.033443682576735,scr2013,stInflow,reservoir
ES,h0183,8.932992697465135,scr2013,stInflow,reservoir
ES,h0184,8.932992697465135,scr2013,stInflow,reservoir
ES,h0185,8.932992697465135,scr2013,stInflow,reservoir
ES,h0186,8.932992697465135,scr2013,stInflow,reservoir
ES,h0187,8.932992697465135,scr2013,stInflow,reservoir
ES,h0188,8.932992697465135,scr2013,stInflow,reservoir
ES,h0189,8.932992697465135,scr2013,stInflow,reservoir
ES,h0190,8.932992697465135,scr2013,stInflow,reservoir
ES,h0191,8.932992697465135,scr2013,stInflow,reservoir
ES,h0192,8.932992697465135,scr2013,stInflow,reservoir
FR,h0145,2.8891923099026755,scr2013,stInflow,reservoir
FR,h0146,2.945097692167545,scr2013,stInflow,reservoir
FR,h0147,3.001034533603004,scr2013,stInflow,reservoir
FR,h0148,3.001034533603004,scr2013,stInflow,reservoir
FR,h0149,3.001034533603004,scr2013,stInflow,reservoir
FR,h0150,3.001034533603004,scr2013,stInflow,reservoir
FR,h0151,3.001034533603004,scr2013,stInflow,reservoir
FR,h0152,3.001034533603004,scr2013,stInflow,reservoir
FR,h0153,3.001034533603004,scr2013,stInflow,reservoir
FR,h0154,3.001034533603004,scr2013,stInflow,reservoir
FR,h0155,3.001034533603004,scr2013,stInflow,reservoir
FR,h0156,3.001034533603004,scr2013,stInflow,reservoir
FR,h0157,3.038863546503811,scr2013,stInflow,reservoir
FR,h0158,3.0767065100367468,scr2013,stInflow,reservoir
FR,h0159,3.1145632604276443,scr2013,stInflow,reservoir
FR,h0160,3.1145632604276443,scr2013,stInflow,reservoir
FR,h0161,3.1145632604276443,scr2013,stInflow,reservoir
FR,h0162,3.1145632604276443,scr2013,stInflow,reservoir
FR,h0163,3.1145632604276443,scr2013,stInflow,reservoir
FR,h0164,3.1145632604276443,scr2013,stInflow,reservoir
FR,h0165,3.1145632604276443,scr2013,stInflow,reservoir
FR,h0166,3.1145632604276443,scr2013,stInflow,reservoir
FR,h0167,3.1145632604276443,scr2013,stInflow,reservoir
FR,h0168,3.1145632604276443,scr2013,stInflow,reservoir
FR,h0169,3.0746736237146095,scr2013,stInflow,reservoir
FR,h0170,3.034799304302899,scr2013,stInflow,reservoir
FR,h0171,2.994940494171277,scr2013,stInflow,reservoir
FR,h0172,2.994940494171277,scr2013,stInflow,reservoir
FR,h0173,2.994940494171277,scr2013,stInflow,reservoir
FR,h0174,2.994940494171277,scr2013,stInflow,reservoir
FR,h0175,2.994940494171277,scr2013,stInflow,reservoir
FR,h0176,2.994940494171277,scr2013,stInflow,reservoir
FR,h0177,2.994940494171277,scr2013,stInflow,reservoir
FR,h0178,2.994940494171277,scr2013,stInflow,reservoir
FR,h0179,2.994940494171277,scr2013,stInflow,reservoir
FR,h0180,2.994940494171277,scr2013,stInflow,reservoir
FR,h0181,3.004656009367041,scr2013,stInflow,reservoir
FR,h0182,3.0143724550911495,scr2013,stInflow,reservoir
FR,h0183,3.024089828480908,scr2013,stInflow,reservoir
FR,h0184,3.024089828480908,scr2013,stInflow,reservoir
FR,h0185,3.024089828480908,scr2013,stInflow,reservoir
FR,h0186,3.024089828480908,scr2013,stInflow,reservoir
FR,h0187,3.024089828480908,scr2013,stInflow,reservoir
FR,h0188,3.024089828480908,scr2013,stInflow,reservoir
FR,h0189,3.024089828480908,scr2013,stInflow,reservoir
FR,h0190,3.024089828480908,scr2013,stInflow,reservoir
FR,h0191,3.024089828480908,scr2013,stInflow,reservoir
FR,h0192,3.024089828480908,scr2013,stInflow,reservoir
IT,h0145,1.9520871956488222,scr2013,stInflow,reservoir
IT,h0146,2.055261672735186,scr2013,stInflow,reservoir
IT,h0147,2.158538688386785,scr2013,stInflow,reservoir
IT,h0148,2.158538688386785,scr2013,stInflow,reservoir
IT,h0149,2.158538688386785,scr2013,stInflow,reservoir
IT,h0150,2.158538688386785,scr2013,stInflow,reservoir
IT,h0151,2.158538688386785,scr2013,stInflow,reservoir
IT,h0152,2.158538688386785,scr2013,stInflow,reservoir
IT,h0153,2.158538688386785,scr2013,stInflow,reservoir
IT,h0154,2.158538688386785,scr2013,stInflow,reservoir
IT,h0155,2.158538688386785,scr2013,stInflow,reservoir
IT,h0156,2.158538688386785,scr2013,stInflow,reservoir
IT,h0157,2.175383131474717,scr2013,stInflow,reservoir
IT,h0158,2.192230153068505,scr2013,stInflow,reservoir
IT,h0159,2.2090797340707398,scr2013,stInflow,reservoir
IT,h0160,2.2090797340707398,scr2013,stInflow,reservoir
IT,h0161,2.2090797340707398,scr2013,stInflow,reservoir
IT,h0162,2.2090797340707398,scr2013,stInflow,reservoir
IT,h0163,2.2090797340707398,scr2013,stInflow,reservoir
IT,h0164,2.2090797340707398,scr2013,stInflow,reservoir
IT,h0165,2.2090797340707398,scr2013,stInflow,reservoir
IT,h0166,2.2090797340707398,scr2013,stInflow,reservoir
IT,h0167,2.2090797340707398,scr2013,stInflow,reservoir
IT,h0168,2.2090797340707398,scr2013,stInflow,reservoir
IT,h0169,2.0446671498431206,scr2013,stInflow,reservoir
IT,h0170,1.8805157948517355,scr2013,stInflow,reservoir
IT,h0171,1.716647667793659,scr2013,stInflow,reservoir
IT,h0172,1.716647667793659,scr2013,stInflow,reservoir
IT,h0173,1.716647667793659,scr2013,stInflow,reservoir
IT,h0174,1.716647667793659,scr2013,stInflow,reservoir
IT,h0175,1.716647667793659,scr2013,stInflow,reservoir
IT,h0176,1.716647667793659,scr2013,stInflow,reservoir
IT,h0177,1.716647667793659,scr2013,stInflow,reservoir
IT,h0178,1.716647667793659,scr2013,stInflow,reservoir
IT,h0179,1.716647667793659,scr2013,stInflow,reservoir
IT,h0180,1.716647667793659,scr2013,stInflow,reservoir
IT,h0181,1.6932202134388017,scr2013,stInflow,reservoir
IT,h0182,1.6697991703119235,scr2013,stInflow,reservoir
IT,h0183,1.6463846251312824,scr2013,stInflow,reservoir
IT,h0184,1.6463846251312824,scr2013,stInflow,reservoir
IT,h0185,1.6463846251312824,scr2013,stInflow,reservoir
IT,h0186,1.6463846251312824,scr2013,stInflow,reservoir
IT,h0187,1.6463846251312824,scr2013,stInflow,reservoir
IT,h0188,1.6463846251312824,scr2013,stInflow,reservoir
IT,h0189,1.6463846251312824,scr2013,stInflow,reservoir
IT,h0190,1.6463846251312824,scr2013,stInflow,reservoir
IT,h0191,1.6463846251312824,scr2013,stInflow,reservoir
IT,h0192,1.6463846251312824,scr2013,stInflow,reservoir
ME,h0145,0.3213654238112108,scr2013,stInflow,reservoir
ME,h0146,0.3295531103603331,scr2013,stInflow,reservoir
ME,h0147,0.33774875092312123,scr2013,stInflow,reservoir
ME,h0148,0.33774875092312123,scr2013,stInflow,reservoir
ME,h0149,0.33774875092312123,scr2013,stInflow,reservoir
ME,h0150,0.33774875092312123,scr2013,stInflow,reservoir
ME,h0151,0.33774875092312123,scr2013,stInflow,reservoir
ME,h0152,0.33774875092312123,scr2013,stInflow,reservoir
ME,h0153,0.33774875092312123,scr2013,stInflow,reservoir
ME,h0154,0.33774875092312123,scr2013,stInflow,reservoir
ME,h0155,0.33774875092312123,scr2013,stInflow,reservoir
ME,h0156,0.33774875092312123,scr2013,stInflow,reservoir
ME,h0157,0.3422073439658404,scr2013,stInflow,reservoir
ME,h0158,0.3466682061058221,scr2013,stInflow,reservoir
ME,h0159,0.3511313100454664,scr2013,stInflow,reservoir
ME,h0160,0.3511313100454664,scr2013,stInflow,reservoir
ME,h0161,0.3511313100454664,scr2013,stInflow,reservoir
ME,h0162,0.3511313100454664,scr2013,stInflow,reservoir
ME,h0163,0.3511313100454664,scr2013,stInflow,reservoir
ME,h0164,0.3511313100454664,scr2013,stInflow,reservoir
ME,h0165,0.3511313100454664,scr2013,stInflow,reservoir
ME,h0166,0.3511313100454664,scr2013,stInflow,reservoir
ME,h0167,0.3511313100454664,scr2013,stInflow,reservoir
ME,h0168,0.3511313100454664,scr2013,stInflow,reservoir
ME,h0169,0.3403906051986749,scr2013,stInflow,reservoir
ME,h0170,0.3296631183592679,scr2013,stInflow,reservoir
ME,h0171,0.3189492513105659,scr2013,stInflow,reservoir
ME,h0172,0.3189492513105659,scr2013,stInflow,reservoir
ME,h0173,0.3189492513105659,scr2013,stInflow,reservoir
ME,h0174,0.3189492513105659,scr2013,stInflow,reservoir
ME,h0175,0.3189492513105659,scr2013,stInflow,reservoir
ME,h0176,0.3189492513105659,scr2013,stInflow,reservoir
ME,h0177,0.3189492513105659,scr2013,stInflow,reservoir
ME,h0178,0.3189492513105659,scr2013,stInflow,reservoir
ME,h0179,0.3189492513105659,scr2013,stInflow,reservoir
ME,h0180,0.3189492513105659,scr2013,stInflow,reservoir
ME,h0181,0.3184197716513946,scr2013,stInflow,reservoir
ME,h0182,0.3178903263950336,scr2013,stInflow,reservoir
ME,h0183,0.3173609155950779,scr2013,stInflow,reservoir
ME,h0184,0.3173609155950779,scr2013,stInflow,reservoir
ME,h0185,0.3173609155950779,scr2013,stInflow,reservoir
ME,h0186,0.3173609155950779,scr2013,stInflow,reservoir
ME,h0187,0.3173609155950779,scr2013,stInflow,reservoir
ME,h0188,0.3173609155950779,scr2013,stInflow,reservoir
ME,h0189,0.3173609155950779,scr2013,stInflow,reservoir
ME,h0190,0.3173609155950779,scr2013,stInflow,reservoir
ME,h0191,0.3173609155950779,scr2013,stInflow,reservoir
ME,h0192,0.3173609155950779,scr2013,stInflow,reservoir
NO,h0145,7.906267491435824,scr2013,stInflow,reservoir
NO,h0146,8.404500820536999,scr2013,stInflow,reservoir
NO,h0147,8.901575509092275,scr2013,stInflow,reservoir
NO,h0148,8.901575509092275,scr2013,stInflow,reservoir
NO,h0149,8.901575509092275,scr2013,stInflow,reservoir
NO,h0150,8.901575509092275,scr2013,stInflow,reservoir
NO,h0151,8.901575509092275,scr2013,stInflow,reservoir
NO,h0152,8.901575509092275,scr2013,stInflow,reservoir
NO,h0153,8.901575509092275,scr2013,stInflow,reservoir
NO,h0154,8.901575509092275,scr2013,stInflow,reservoir
NO,h0155,8.901575509092275,scr2013,stInflow,reservoir
NO,h0156,8.901575509092275,scr2013,stInflow,reservoir
NO,h0157,10.354776342038626,scr2013,stInflow,reservoir
NO,h0158,11.799899040939323,scr2013,stInflow,reservoir
NO,h0159,13.237973362545326,scr2013,stInflow,reservoir
NO,h0160,13.237973362545326,scr2013,stInflow,reservoir
NO,h0161,13.237973362545326,scr2013,stInflow,reservoir
NO,h0162,13.237973362545326,scr2013,stInflow,reservoir
NO,h0163,13.237973362545326,scr2013,stInflow,reservoir
NO,h0164,13.237973362545326,scr2013,stInflow,reservoir
NO,h0165,13.237973362545326,scr2013,stInflow,reservoir
NO,h0166,13.237973362545326,scr2013,stInflow,reservoir
NO,h0167,13.237973362545326,scr2013,stInflow,reservoir
NO,h0168,13.237973362545326,scr2013,stInflow,reservoir
NO,h0169,13.61040323099217,scr2013,stInflow,reservoir
NO,h0170,13.982424506000612,scr2013,stInflow,reservoir
NO,h0171,14.354048559325953,scr2013,stInflow,reservoir
NO,h0172,14.354048559325953,scr2013,stInflow,reservoir
NO,h0173,14.354048559325953,scr2013,stInflow,reservoir
NO,h0174,14.354048559325953,scr2013,stInflow,reservoir
NO,h0175,14.354048559325953,scr2013,stInflow,reservoir
NO,h0176,14.354048559325953,scr2013,stInflow,reservoir
NO,h0177,14.354048559325953,scr2013,stInflow,reservoir
NO,h0178,14.354048559325953,scr2013,stInflow,reservoir
NO,h0179,14.354048559325953,scr2013,stInflow,reservoir
NO,h0180,14.354048559325953,scr2013,stInflow,reservoir
NO,h0181,15.227165103348497,scr2013,stInflow,reservoir
NO,h0182,16.09826865796466,scr2013,stInflow,reservoir
NO,h0183,16.967473628150533,scr2013,stInflow,reservoir
NO,h0184,16.967473628150533,scr2013,stInflow,reservoir
NO,h0185,16.967473628150533,scr2013,stInflow,reservoir
NO,h0186,16.967473628150533,scr2013,stInflow,reservoir
NO,h0187,16.967473628150533,scr2013,stInflow,reservoir
NO,h0188,16.967473628150533,scr2013,stInflow,reservoir
NO,h0189,16.967473628150533,scr2013,stInflow,reservoir
NO,h0190,16.967473628150533,scr2013,stInflow,reservoir
NO,h0191,16.967473628150533,scr2013,stInflow,reservoir
NO,h0192,16.967473628150533,scr2013,stInflow,reservoir
PT,h0145,4.350243260170529,scr2013,stInflow,reservoir
PT,h0146,4.490863200444104,scr2013,stInflow,reservoir
PT,h0147,4.631612811241074,scr2013,stInflow,reservoir
PT,h0148,4.631612811241074,scr2013,stInflow,reservoir
PT,h0149,4.631612811241074,scr2013,stInflow,reservoir
PT,h0150,4.631612811241074,scr2013,stInflow,reservoir
PT,h0151,4.631612811241074,scr2013,stInflow,reservoir
PT,h0152,4.631612811241074,scr2013,stInflow,reservoir
PT,h0153,4.631612811241074,scr2013,stInflow,reservoir
PT,h0154,4.631612811241074,scr2013,stInflow,reservoir
PT,h0155,4.631612811241074,scr2013,stInflow,reservoir
PT,h0156,4.631612811241074,scr2013,stInflow,reservoir
PT,h0157,4.585046601471361,scr2013,stInflow,reservoir
PT,h0158,4.538494298380623,scr2013,stInflow,reservoir
PT,h0159,4.491956037136978,scr2013,stInflow,reservoir
PT,h0160,4.491956037136978,scr2013,stInflow,reservoir
PT,h0161,4.491956037136978,scr2013,stInflow,reservoir
PT,h0162,4.491956037136978,scr2013,stInflow,reservoir
PT,h0163,4.491956037136978,scr2013,stInflow,reservoir
PT,h0164,4.491956037136978,scr2013,stInflow,reservoir
PT,h0165,4.491956037136978,scr2013,stInflow,reservoir
PT,h0166,4.491956037136978,scr2013,stInflow,reservoir
PT,h0167,4.491956037136978,scr2013,stInflow,reservoir
PT,h0168,4.491956037136978,scr2013,stInflow,reservoir
PT,h0169,4.210228703969642,scr2013,stInflow,reservoir
PT,h0170,3.929055505101662,scr2013,stInflow,reservoir
PT,h0171,3.648474047677876,scr2013,stInflow,reservoir
PT,h0172,3.648474047677876,scr2013,stInflow,reservoir
PT,h0173,3.648474047677876,scr2013,stInflow,reservoir
PT,h0174,3.648474047677876,scr2013,stInflow,reservoir
PT,h0175,3.648474047677876,scr2013,stInflow,reservoir
PT,h0176,3.648474047677876,scr2013,stInflow,reservoir
PT,h0177,3.648474047677876,scr2013,stInflow,reservoir
PT,h0178,3.648474047677876,scr2013,stInflow,reservoir
PT,h0179,3.648474047677876,scr2013,stInflow,reservoir
PT,h0180,3.648474047677876,scr2013,stInflow,reservoir
PT,h0181,3.552054695362595,scr2013,stInflow,reservoir
PT,h0182,3.4557124221613127,scr2013,stInflow,reservoir
PT,h0183,3.3594492680008807,scr2013,stInflow,reservoir
PT,h0184,3.3594492680008807,scr2013,stInflow,reservoir
PT,h0185,3.3594492680008807,scr2013,stInflow,reservoir
PT,h0186,3.3594492680008807,scr2013,stInflow,reservoir
PT,h0187,3.3594492680008807,scr2013,stInflow,reservoir
PT,h0188,3.3594492680008807,scr2013,stInflow,reservoir
PT,h0189,3.3594492680008807,scr2013,stInflow,reservoir
PT,h0190,3.3594492680008807,scr2013,stInflow,reservoir
PT,h0191,3.3594492680008807,scr2013,stInflow,reservoir
PT,h0192,3.3594492680008807,scr2013,stInflow,reservoir
RO,h0145,0.9738174087079257,scr2013,stInflow,reservoir
RO,h0146,1.0102412634904652,scr2013,stInflow,reservoir
RO,h0147,1.0466783585326533,scr2013,stInflow,reservoir
RO,h0148,1.0466783585326533,scr2013,stInflow,reservoir
RO,h0149,1.0466783585326533,scr2013,stInflow,reservoir
RO,h0150,1.0466783585326533,scr2013,stInflow,reservoir
RO,h0151,1.0466783585326533,scr2013,stInflow,reservoir
RO,h0152,1.0466783585326533,scr2013,stInflow,reservoir
RO,h0153,1.0466783585326533,scr2013,stInflow,reservoir
RO,h0154,1.0466783585326533,scr2013,stInflow,reservoir
RO,h0155,1.0466783585326533,scr2013,stInflow,reservoir
RO,h0156,1.0466783585326533,scr2013,stInflow,reservoir
RO,h0157,1.0659201464996975,scr2013,stInflow,reservoir
RO,h0158,1.0851654338487189,scr2013,stInflow,reservoir
RO,h0159,1.1044141593052532,scr2013,stInflow,reservoir
RO,h0160,1.1044141593052532,scr2013,stInflow,reservoir
RO,h0161,1.1044141593052532,scr2013,stInflow,reservoir
RO,h0162,1.1044141593052532,scr2013,stInflow,reservoir
RO,h0163,1.1044141593052532,scr2013,stInflow,reservoir
RO,h0164,1.1044141593052532,scr2013,stInflow,reservoir
RO,h0165,1.1044141593052532,scr2013,stInflow,reservoir
RO,h0166,1.1044141593052532,scr2013,stInflow,reservoir
RO,h0167,1.1044141593052532,scr2013,stInflow,reservoir
RO,h0168,1.1044141593052532,scr2013,stInflow,reservoir
RO,h0169,1.060038041186077,scr2013,stInflow,reservoir
RO,h0170,1.0156806325196797,scr2013,stInflow,reservoir
RO,h0171,0.9713427403538109,scr2013,stInflow,reservoir
RO,h0172,0.9713427403538109,scr2013,stInflow,reservoir
RO,h0173,0.9713427403538109,scr2013,stInflow,reservoir
RO,h0174,0.9713427403538109,scr2013,stInflow,reservoir
RO,h0175,0.9713427403538109,scr2013,stInflow,reservoir
RO,h0176,0.9713427403538109,scr2013,stInflow,reservoir
RO,h0177,0.9713427403538109,scr2013,stInflow,reservoir
RO,h0178,0.9713427403538109,scr2013,stInflow,reservoir
RO,h0179,0.9713427403538109,scr2013,stInflow,reservoir
RO,h0180,0.9713427403538109,scr2013,stInflow,reservoir
RO,h0181,0.9752492285011498,scr2013,stInflow,reservoir
RO,h0182,0.9791558743711899,scr2013,stInflow,reservoir
RO,h0183,0.9830626773422895,scr2013,stInflow,reservoir
RO,h0184,0.9830626773422895,scr2013,stInflow,reservoir
RO,h0185,0.9830626773422895,scr2013,stInflow,reservoir
RO,h0186,0.9830626773422895,scr2013,stInflow,reservoir
RO,h0187,0.9830626773422895,scr2013,stInflow,reservoir
RO,h0188,0.9830626773422895,scr2013,stInflow,reservoir
RO,h0189,0.9830626773422895,scr2013,stInflow,reservoir
RO,h0190,0.9830626773422895,scr2013,stInflow,reservoir
RO,h0191,0.9830626773422895,scr2013,stInflow,reservoir
RO,h0192,0.9830626773422895,scr2013,stInflow,reservoir
SE,h0145,2.5867055275570006,scr2013,stInflow,reservoir
SE,h0146,2.8440303453171367,scr2013,stInflow,reservoir
SE,h0147,3.101126614003089,scr2013,stInflow,reservoir
SE,h0148,3.101126614003089,scr2013,stInflow,reservoir
SE,h0149,3.101126614003089,scr2013,stInflow,reservoir
SE,h0150,3.101126614003089,scr2013,stInflow,reservoir
SE,h0151,3.101126614003089,scr2013,stInflow,reservoir
SE,h0152,3.101126614003089,scr2013,stInflow,reservoir
SE,h0153,3.101126614003089,scr2013,stInflow,reservoir
SE,h0154,3.101126614003089,scr2013,stInflow,reservoir
SE,h0155,3.101126614003089,scr2013,stInflow,reservoir
SE,h0156,3.101126614003089,scr2013,stInflow,reservoir
SE,h0157,4.063115084489757,scr2013,stInflow,reservoir
SE,h0158,5.022840312131249,scr2013,stInflow,reservoir
SE,h0159,5.980743892014486,scr2013,stInflow,reservoir
SE,h0160,5.980743892014486,scr2013,stInflow,reservoir
SE,h0161,5.980743892014486,scr2013,stInflow,reservoir
SE,h0162,5.980743892014486,scr2013,stInflow,reservoir
SE,h0163,5.980743892014486,scr2013,stInflow,reservoir
SE,h0164,5.980743892014486,scr2013,stInflow,reservoir
SE,h0165,5.980743892014486,scr2013,stInflow,reservoir
SE,h0166,5.980743892014486,scr2013,stInflow,reservoir
SE,h0167,5.980743892014486,scr2013,stInflow,reservoir
SE,h0168,5.980743892014486,scr2013,stInflow,reservoir
SE,h0169,6.648013595895675,scr2013,stInflow,reservoir
SE,h0170,7.31461858228603,scr2013,stInflow,reservoir
SE,h0171,7.980620309485003,scr2013,stInflow,reservoir
SE,h0172,7.980620309485003,scr2013,stInflow,reservoir
SE,h0173,7.980620309485003,scr2013,stInflow,reservoir
SE,h0174,7.980620309485003,scr2013,stInflow,reservoir
SE,h0175,7.980620309485003,scr2013,stInflow,reservoir
SE,h0176,7.980620309485003,scr2013,stInflow,reservoir
SE,h0177,7.980620309485003,scr2013,stInflow,reservoir
SE,h0178,7.980620309485003,scr2013,stInflow,reservoir
SE,h0179,7.980620309485003,scr2013,stInflow,reservoir
SE,h0180,7.980620309485003,scr2013,stInflow,reservoir
SE,h0181,8.73343858078499,scr2013,stInflow,reservoir
SE,h0182,9.485611745456048,scr2013,stInflow,reservoir
SE,h0183,10.237191757750558,scr2013,stInflow,reservoir
SE,h0184,10.237191757750558,scr2013,stInflow,reservoir
SE,h0185,10.237191757750558,scr2013,stInflow,reservoir
SE,h0186,10.237191757750558,scr2013,stInflow,reservoir
SE,h0187,10.237191757750558,scr2013,stInflow,reservoir
SE,h0188,10.237191757750558,scr2013,stInflow,reservoir
SE,h0189,10.237191757750558,scr2013,stInflow,reservoir
SE,h0190,10.237191757750558,scr2013,stInflow,reservoir
SE,h0191,10.237191757750558,scr2013,stInflow,reservoir
SE,h0192,10.237191757750558,scr2013,stInflow,reservoir
