region_3,timestep_6,value,scenario_1,parameter,technology_3
al,h0193,0.6743858245634711,scr2001,stInflow,reservoir
al,h0194,0.6743858245634711,scr2001,stInflow,reservoir
al,h0195,0.6743858245634711,scr2001,stInflow,reservoir
al,h0196,0.6743858245634711,scr2001,stInflow,reservoir
al,h0197,0.6743858245634711,scr2001,stInflow,reservoir
al,h0198,0.6743858245634711,scr2001,stInflow,reservoir
al,h0199,0.7635508845193475,scr2001,stInflow,reservoir
al,h0200,0.8526129155605353,scr2001,stInflow,reservoir
al,h0201,0.941582812338249,scr2001,stInflow,reservoir
al,h0202,0.941582812338249,scr2001,stInflow,reservoir
al,h0203,0.941582812338249,scr2001,stInflow,reservoir
al,h0204,0.941582812338249,scr2001,stInflow,reservoir
al,h0205,0.941582812338249,scr2001,stInflow,reservoir
al,h0206,0.941582812338249,scr2001,stInflow,reservoir
al,h0207,0.941582812338249,scr2001,stInflow,reservoir
al,h0208,0.941582812338249,scr2001,stInflow,reservoir
al,h0209,0.941582812338249,scr2001,stInflow,reservoir
al,h0210,0.941582812338249,scr2001,stInflow,reservoir
al,h0211,0.8474769109345675,scr2001,stInflow,reservoir
al,h0212,0.7532672807982737,scr2001,stInflow,reservoir
al,h0213,0.658940762901125,scr2001,stInflow,reservoir
al,h0214,0.658940762901125,scr2001,stInflow,reservoir
al,h0215,0.658940762901125,scr2001,stInflow,reservoir
al,h0216,0.658940762901125,scr2001,stInflow,reservoir
al,h0217,0.658940762901125,scr2001,stInflow,reservoir
al,h0218,0.658940762901125,scr2001,stInflow,reservoir
al,h0219,0.658940762901125,scr2001,stInflow,reservoir
al,h0220,0.658940762901125,scr2001,stInflow,reservoir
al,h0221,0.658940762901125,scr2001,stInflow,reservoir
al,h0222,0.658940762901125,scr2001,stInflow,reservoir
al,h0223,0.7289680116626378,scr2001,stInflow,reservoir
al,h0224,0.7989287688232813,scr2001,stInflow,reservoir
al,h0225,0.8688289185852445,scr2001,stInflow,reservoir
al,h0226,0.8688289185852445,scr2001,stInflow,reservoir
al,h0227,0.8688289185852445,scr2001,stInflow,reservoir
al,h0228,0.8688289185852445,scr2001,stInflow,reservoir
al,h0229,0.8688289185852445,scr2001,stInflow,reservoir
al,h0230,0.8688289185852445,scr2001,stInflow,reservoir
al,h0231,0.8688289185852445,scr2001,stInflow,reservoir
al,h0232,0.8688289185852445,scr2001,stInflow,reservoir
al,h0233,0.8688289185852445,scr2001,stInflow,reservoir
al,h0234,0.8688289185852445,scr2001,stInflow,reservoir
al,h0235,0.9005789067570367,scr2001,stInflow,reservoir
al,h0236,0.9323178135856132,scr2001,stInflow,reservoir
al,h0237,0.9640460202428742,scr2001,stInflow,reservoir
al,h0238,0.9640460202428742,scr2001,stInflow,reservoir
al,h0239,0.9640460202428742,scr2001,stInflow,reservoir
al,h0240,0.9640460202428742,scr2001,stInflow,reservoir
at,h0193,0.18621146595390903,scr2001,stInflow,reservoir
at,h0194,0.18621146595390903,scr2001,stInflow,reservoir
at,h0195,0.18621146595390903,scr2001,stInflow,reservoir
at,h0196,0.18621146595390903,scr2001,stInflow,reservoir
at,h0197,0.18621146595390903,scr2001,stInflow,reservoir
at,h0198,0.18621146595390903,scr2001,stInflow,reservoir
at,h0199,0.20185602214893922,scr2001,stInflow,reservoir
at,h0200,0.21751284371534702,scr2001,stInflow,reservoir
at,h0201,0.2331810553088805,scr2001,stInflow,reservoir
at,h0202,0.2331810553088805,scr2001,stInflow,reservoir
at,h0203,0.2331810553088805,scr2001,stInflow,reservoir
at,h0204,0.2331810553088805,scr2001,stInflow,reservoir
at,h0205,0.2331810553088805,scr2001,stInflow,reservoir
at,h0206,0.2331810553088805,scr2001,stInflow,reservoir
at,h0207,0.2331810553088805,scr2001,stInflow,reservoir
at,h0208,0.2331810553088805,scr2001,stInflow,reservoir
at,h0209,0.2331810553088805,scr2001,stInflow,reservoir
at,h0210,0.2331810553088805,scr2001,stInflow,reservoir
at,h0211,0.25525883244980624,scr2001,stInflow,reservoir
at,h0212,0.27735589262302623,scr2001,stInflow,reservoir
at,h0213,0.29947071490772376,scr2001,stInflow,reservoir
at,h0214,0.29947071490772376,scr2001,stInflow,reservoir
at,h0215,0.29947071490772376,scr2001,stInflow,reservoir
at,h0216,0.29947071490772376,scr2001,stInflow,reservoir
at,h0217,0.29947071490772376,scr2001,stInflow,reservoir
at,h0218,0.29947071490772376,scr2001,stInflow,reservoir
at,h0219,0.29947071490772376,scr2001,stInflow,reservoir
at,h0220,0.29947071490772376,scr2001,stInflow,reservoir
at,h0221,0.29947071490772376,scr2001,stInflow,reservoir
at,h0222,0.29947071490772376,scr2001,stInflow,reservoir
at,h0223,0.32335150056060225,scr2001,stInflow,reservoir
at,h0224,0.3472500588525984,scr2001,stInflow,reservoir
at,h0225,0.37116518143799776,scr2001,stInflow,reservoir
at,h0226,0.37116518143799776,scr2001,stInflow,reservoir
at,h0227,0.37116518143799776,scr2001,stInflow,reservoir
at,h0228,0.37116518143799776,scr2001,stInflow,reservoir
at,h0229,0.37116518143799776,scr2001,stInflow,reservoir
at,h0230,0.37116518143799776,scr2001,stInflow,reservoir
at,h0231,0.37116518143799776,scr2001,stInflow,reservoir
at,h0232,0.37116518143799776,scr2001,stInflow,reservoir
at,h0233,0.37116518143799776,scr2001,stInflow,reservoir
at,h0234,0.37116518143799776,scr2001,stInflow,reservoir
at,h0235,0.3946243725737738,scr2001,stInflow,reservoir
at,h0236,0.41809759468683966,scr2001,stInflow,reservoir
at,h0237,0.44158407085950835,scr2001,stInflow,reservoir
at,h0238,0.44158407085950835,scr2001,stInflow,reservoir
at,h0239,0.44158407085950835,scr2001,stInflow,reservoir
at,h0240,0.44158407085950835,scr2001,stInflow,reservoir
ba,h0193,0.5075342959234059,scr2001,stInflow,reservoir
ba,h0194,0.5075342959234059,scr2001,stInflow,reservoir
ba,h0195,0.5075342959234059,scr2001,stInflow,reservoir
ba,h0196,0.5075342959234059,scr2001,stInflow,reservoir
ba,h0197,0.5075342959234059,scr2001,stInflow,reservoir
ba,h0198,0.5075342959234059,scr2001,stInflow,reservoir
ba,h0199,0.5099141514394498,scr2001,stInflow,reservoir
ba,h0200,0.5122941189527784,scr2001,stInflow,reservoir
ba,h0201,0.5146741979492092,scr2001,stInflow,reservoir
ba,h0202,0.5146741979492092,scr2001,stInflow,reservoir
ba,h0203,0.5146741979492092,scr2001,stInflow,reservoir
ba,h0204,0.5146741979492092,scr2001,stInflow,reservoir
ba,h0205,0.5146741979492092,scr2001,stInflow,reservoir
ba,h0206,0.5146741979492092,scr2001,stInflow,reservoir
ba,h0207,0.5146741979492092,scr2001,stInflow,reservoir
ba,h0208,0.5146741979492092,scr2001,stInflow,reservoir
ba,h0209,0.5146741979492092,scr2001,stInflow,reservoir
ba,h0210,0.5146741979492092,scr2001,stInflow,reservoir
ba,h0211,0.5493759351609379,scr2001,stInflow,reservoir
ba,h0212,0.5840997890044626,scr2001,stInflow,reservoir
ba,h0213,0.6188444591959881,scr2001,stInflow,reservoir
ba,h0214,0.6188444591959881,scr2001,stInflow,reservoir
ba,h0215,0.6188444591959881,scr2001,stInflow,reservoir
ba,h0216,0.6188444591959881,scr2001,stInflow,reservoir
ba,h0217,0.6188444591959881,scr2001,stInflow,reservoir
ba,h0218,0.6188444591959881,scr2001,stInflow,reservoir
ba,h0219,0.6188444591959881,scr2001,stInflow,reservoir
ba,h0220,0.6188444591959881,scr2001,stInflow,reservoir
ba,h0221,0.6188444591959881,scr2001,stInflow,reservoir
ba,h0222,0.6188444591959881,scr2001,stInflow,reservoir
ba,h0223,0.641660302634939,scr2001,stInflow,reservoir
ba,h0224,0.6644843165907774,scr2001,stInflow,reservoir
ba,h0225,0.6873162240594659,scr2001,stInflow,reservoir
ba,h0226,0.6873162240594659,scr2001,stInflow,reservoir
ba,h0227,0.6873162240594659,scr2001,stInflow,reservoir
ba,h0228,0.6873162240594659,scr2001,stInflow,reservoir
ba,h0229,0.6873162240594659,scr2001,stInflow,reservoir
ba,h0230,0.6873162240594659,scr2001,stInflow,reservoir
ba,h0231,0.6873162240594659,scr2001,stInflow,reservoir
ba,h0232,0.6873162240594659,scr2001,stInflow,reservoir
ba,h0233,0.6873162240594659,scr2001,stInflow,reservoir
ba,h0234,0.6873162240594659,scr2001,stInflow,reservoir
ba,h0235,0.6536285488466853,scr2001,stInflow,reservoir
ba,h0236,0.6199583463155077,scr2001,stInflow,reservoir
ba,h0237,0.5863065532226752,scr2001,stInflow,reservoir
ba,h0238,0.5863065532226752,scr2001,stInflow,reservoir
ba,h0239,0.5863065532226752,scr2001,stInflow,reservoir
ba,h0240,0.5863065532226752,scr2001,stInflow,reservoir
bg,h0193,0.2061543320869093,scr2001,stInflow,reservoir
bg,h0194,0.2061543320869093,scr2001,stInflow,reservoir
bg,h0195,0.2061543320869093,scr2001,stInflow,reservoir
bg,h0196,0.2061543320869093,scr2001,stInflow,reservoir
bg,h0197,0.2061543320869093,scr2001,stInflow,reservoir
bg,h0198,0.2061543320869093,scr2001,stInflow,reservoir
bg,h0199,0.21502110255693507,scr2001,stInflow,reservoir
bg,h0200,0.22388790960079696,scr2001,stInflow,reservoir
bg,h0201,0.23275475176941773,scr2001,stInflow,reservoir
bg,h0202,0.23275475176941773,scr2001,stInflow,reservoir
bg,h0203,0.23275475176941773,scr2001,stInflow,reservoir
bg,h0204,0.23275475176941773,scr2001,stInflow,reservoir
bg,h0205,0.23275475176941773,scr2001,stInflow,reservoir
bg,h0206,0.23275475176941773,scr2001,stInflow,reservoir
bg,h0207,0.23275475176941773,scr2001,stInflow,reservoir
bg,h0208,0.23275475176941773,scr2001,stInflow,reservoir
bg,h0209,0.23275475176941773,scr2001,stInflow,reservoir
bg,h0210,0.23275475176941773,scr2001,stInflow,reservoir
bg,h0211,0.26686386105729426,scr2001,stInflow,reservoir
bg,h0212,0.3009734074980379,scr2001,stInflow,reservoir
bg,h0213,0.3350833413272622,scr2001,stInflow,reservoir
bg,h0214,0.3350833413272622,scr2001,stInflow,reservoir
bg,h0215,0.3350833413272622,scr2001,stInflow,reservoir
bg,h0216,0.3350833413272622,scr2001,stInflow,reservoir
bg,h0217,0.3350833413272622,scr2001,stInflow,reservoir
bg,h0218,0.3350833413272622,scr2001,stInflow,reservoir
bg,h0219,0.3350833413272622,scr2001,stInflow,reservoir
bg,h0220,0.3350833413272622,scr2001,stInflow,reservoir
bg,h0221,0.3350833413272622,scr2001,stInflow,reservoir
bg,h0222,0.3350833413272622,scr2001,stInflow,reservoir
bg,h0223,0.33122989553108434,scr2001,stInflow,reservoir
bg,h0224,0.32737645421781897,scr2001,stInflow,reservoir
bg,h0225,0.3235230174402279,scr2001,stInflow,reservoir
bg,h0226,0.3235230174402279,scr2001,stInflow,reservoir
bg,h0227,0.3235230174402279,scr2001,stInflow,reservoir
bg,h0228,0.3235230174402279,scr2001,stInflow,reservoir
bg,h0229,0.3235230174402279,scr2001,stInflow,reservoir
bg,h0230,0.3235230174402279,scr2001,stInflow,reservoir
bg,h0231,0.3235230174402279,scr2001,stInflow,reservoir
bg,h0232,0.3235230174402279,scr2001,stInflow,reservoir
bg,h0233,0.3235230174402279,scr2001,stInflow,reservoir
bg,h0234,0.3235230174402279,scr2001,stInflow,reservoir
bg,h0235,0.3067247197333982,scr2001,stInflow,reservoir
bg,h0236,0.2899265140674372,scr2001,stInflow,reservoir
bg,h0237,0.2731284057802234,scr2001,stInflow,reservoir
bg,h0238,0.2731284057802234,scr2001,stInflow,reservoir
bg,h0239,0.2731284057802234,scr2001,stInflow,reservoir
bg,h0240,0.2731284057802234,scr2001,stInflow,reservoir
cz,h0193,0.17896279792198877,scr2001,stInflow,reservoir
cz,h0194,0.17896279792198877,scr2001,stInflow,reservoir
cz,h0195,0.17896279792198877,scr2001,stInflow,reservoir
cz,h0196,0.17896279792198877,scr2001,stInflow,reservoir
cz,h0197,0.17896279792198877,scr2001,stInflow,reservoir
cz,h0198,0.17896279792198877,scr2001,stInflow,reservoir
cz,h0199,0.17572083664577132,scr2001,stInflow,reservoir
cz,h0200,0.17247828039753432,scr2001,stInflow,reservoir
cz,h0201,0.16923511782767986,scr2001,stInflow,reservoir
cz,h0202,0.16923511782767986,scr2001,stInflow,reservoir
cz,h0203,0.16923511782767986,scr2001,stInflow,reservoir
cz,h0204,0.16923511782767986,scr2001,stInflow,reservoir
cz,h0205,0.16923511782767986,scr2001,stInflow,reservoir
cz,h0206,0.16923511782767986,scr2001,stInflow,reservoir
cz,h0207,0.16923511782767986,scr2001,stInflow,reservoir
cz,h0208,0.16923511782767986,scr2001,stInflow,reservoir
cz,h0209,0.16923511782767986,scr2001,stInflow,reservoir
cz,h0210,0.16923511782767986,scr2001,stInflow,reservoir
cz,h0211,0.18124426627317242,scr2001,stInflow,reservoir
cz,h0212,0.19324549946978758,scr2001,stInflow,reservoir
cz,h0213,0.20523931670339524,scr2001,stInflow,reservoir
cz,h0214,0.20523931670339524,scr2001,stInflow,reservoir
cz,h0215,0.20523931670339524,scr2001,stInflow,reservoir
cz,h0216,0.20523931670339524,scr2001,stInflow,reservoir
cz,h0217,0.20523931670339524,scr2001,stInflow,reservoir
cz,h0218,0.20523931670339524,scr2001,stInflow,reservoir
cz,h0219,0.20523931670339524,scr2001,stInflow,reservoir
cz,h0220,0.20523931670339524,scr2001,stInflow,reservoir
cz,h0221,0.20523931670339524,scr2001,stInflow,reservoir
cz,h0222,0.20523931670339524,scr2001,stInflow,reservoir
cz,h0223,0.17860326752746464,scr2001,stInflow,reservoir
cz,h0224,0.1519275023344509,scr2001,stInflow,reservoir
cz,h0225,0.12520487149895815,scr2001,stInflow,reservoir
cz,h0226,0.12520487149895815,scr2001,stInflow,reservoir
cz,h0227,0.12520487149895815,scr2001,stInflow,reservoir
cz,h0228,0.12520487149895815,scr2001,stInflow,reservoir
cz,h0229,0.12520487149895815,scr2001,stInflow,reservoir
cz,h0230,0.12520487149895815,scr2001,stInflow,reservoir
cz,h0231,0.12520487149895815,scr2001,stInflow,reservoir
cz,h0232,0.12520487149895815,scr2001,stInflow,reservoir
cz,h0233,0.12520487149895815,scr2001,stInflow,reservoir
cz,h0234,0.12520487149895815,scr2001,stInflow,reservoir
cz,h0235,0.10284360531655312,scr2001,stInflow,reservoir
cz,h0236,0.08043367975739851,scr2001,stInflow,reservoir
cz,h0237,0.05796106276599127,scr2001,stInflow,reservoir
cz,h0238,0.05796106276599127,scr2001,stInflow,reservoir
cz,h0239,0.05796106276599127,scr2001,stInflow,reservoir
cz,h0240,0.05796106276599127,scr2001,stInflow,reservoir
de,h0193,0.2158255186331273,scr2001,stInflow,reservoir
de,h0194,0.2158255186331273,scr2001,stInflow,reservoir
de,h0195,0.2158255186331273,scr2001,stInflow,reservoir
de,h0196,0.2158255186331273,scr2001,stInflow,reservoir
de,h0197,0.2158255186331273,scr2001,stInflow,reservoir
de,h0198,0.2158255186331273,scr2001,stInflow,reservoir
de,h0199,0.22758499926524453,scr2001,stInflow,reservoir
de,h0200,0.23932601905279788,scr2001,stInflow,reservoir
de,h0201,0.25104952683508636,scr2001,stInflow,reservoir
de,h0202,0.25104952683508636,scr2001,stInflow,reservoir
de,h0203,0.25104952683508636,scr2001,stInflow,reservoir
de,h0204,0.25104952683508636,scr2001,stInflow,reservoir
de,h0205,0.25104952683508636,scr2001,stInflow,reservoir
de,h0206,0.25104952683508636,scr2001,stInflow,reservoir
de,h0207,0.25104952683508636,scr2001,stInflow,reservoir
de,h0208,0.25104952683508636,scr2001,stInflow,reservoir
de,h0209,0.25104952683508636,scr2001,stInflow,reservoir
de,h0210,0.25104952683508636,scr2001,stInflow,reservoir
de,h0211,0.23913283524646597,scr2001,stInflow,reservoir
de,h0212,0.22719803459936375,scr2001,stInflow,reservoir
de,h0213,0.21524412577354088,scr2001,stInflow,reservoir
de,h0214,0.21524412577354088,scr2001,stInflow,reservoir
de,h0215,0.21524412577354088,scr2001,stInflow,reservoir
de,h0216,0.21524412577354088,scr2001,stInflow,reservoir
de,h0217,0.21524412577354088,scr2001,stInflow,reservoir
de,h0218,0.21524412577354088,scr2001,stInflow,reservoir
de,h0219,0.21524412577354088,scr2001,stInflow,reservoir
de,h0220,0.21524412577354088,scr2001,stInflow,reservoir
de,h0221,0.21524412577354088,scr2001,stInflow,reservoir
de,h0222,0.21524412577354088,scr2001,stInflow,reservoir
de,h0223,0.18617089473493298,scr2001,stInflow,reservoir
de,h0224,0.15695873486416095,scr2001,stInflow,reservoir
de,h0225,0.12758026526122812,scr2001,stInflow,reservoir
de,h0226,0.12758026526122812,scr2001,stInflow,reservoir
de,h0227,0.12758026526122812,scr2001,stInflow,reservoir
de,h0228,0.12758026526122812,scr2001,stInflow,reservoir
de,h0229,0.12758026526122812,scr2001,stInflow,reservoir
de,h0230,0.12758026526122812,scr2001,stInflow,reservoir
de,h0231,0.12758026526122812,scr2001,stInflow,reservoir
de,h0232,0.12758026526122812,scr2001,stInflow,reservoir
de,h0233,0.12758026526122812,scr2001,stInflow,reservoir
de,h0234,0.12758026526122812,scr2001,stInflow,reservoir
de,h0235,0.12371615484595086,scr2001,stInflow,reservoir
de,h0236,0.11984840958332352,scr2001,stInflow,reservoir
de,h0237,0.11597690785345668,scr2001,stInflow,reservoir
de,h0238,0.11597690785345668,scr2001,stInflow,reservoir
de,h0239,0.11597690785345668,scr2001,stInflow,reservoir
de,h0240,0.11597690785345668,scr2001,stInflow,reservoir
es,h0193,4.295180628815167,scr2001,stInflow,reservoir
es,h0194,4.295180628815167,scr2001,stInflow,reservoir
es,h0195,4.295180628815167,scr2001,stInflow,reservoir
es,h0196,4.295180628815167,scr2001,stInflow,reservoir
es,h0197,4.295180628815167,scr2001,stInflow,reservoir
es,h0198,4.295180628815167,scr2001,stInflow,reservoir
es,h0199,4.074213618210472,scr2001,stInflow,reservoir
es,h0200,3.8537211959789843,scr2001,stInflow,reservoir
es,h0201,3.6337291569247365,scr2001,stInflow,reservoir
es,h0202,3.6337291569247365,scr2001,stInflow,reservoir
es,h0203,3.6337291569247365,scr2001,stInflow,reservoir
es,h0204,3.6337291569247365,scr2001,stInflow,reservoir
es,h0205,3.6337291569247365,scr2001,stInflow,reservoir
es,h0206,3.6337291569247365,scr2001,stInflow,reservoir
es,h0207,3.6337291569247365,scr2001,stInflow,reservoir
es,h0208,3.6337291569247365,scr2001,stInflow,reservoir
es,h0209,3.6337291569247365,scr2001,stInflow,reservoir
es,h0210,3.6337291569247365,scr2001,stInflow,reservoir
es,h0211,3.5451479991355197,scr2001,stInflow,reservoir
es,h0212,3.4566549389342263,scr2001,stInflow,reservoir
es,h0213,3.368252127234881,scr2001,stInflow,reservoir
es,h0214,3.368252127234881,scr2001,stInflow,reservoir
es,h0215,3.368252127234881,scr2001,stInflow,reservoir
es,h0216,3.368252127234881,scr2001,stInflow,reservoir
es,h0217,3.368252127234881,scr2001,stInflow,reservoir
es,h0218,3.368252127234881,scr2001,stInflow,reservoir
es,h0219,3.368252127234881,scr2001,stInflow,reservoir
es,h0220,3.368252127234881,scr2001,stInflow,reservoir
es,h0221,3.368252127234881,scr2001,stInflow,reservoir
es,h0222,3.368252127234881,scr2001,stInflow,reservoir
es,h0223,3.734436599068022,scr2001,stInflow,reservoir
es,h0224,4.10205704732909,scr2001,stInflow,reservoir
es,h0225,4.470990517755149,scr2001,stInflow,reservoir
es,h0226,4.470990517755149,scr2001,stInflow,reservoir
es,h0227,4.470990517755149,scr2001,stInflow,reservoir
es,h0228,4.470990517755149,scr2001,stInflow,reservoir
es,h0229,4.470990517755149,scr2001,stInflow,reservoir
es,h0230,4.470990517755149,scr2001,stInflow,reservoir
es,h0231,4.470990517755149,scr2001,stInflow,reservoir
es,h0232,4.470990517755149,scr2001,stInflow,reservoir
es,h0233,4.470990517755149,scr2001,stInflow,reservoir
es,h0234,4.470990517755149,scr2001,stInflow,reservoir
es,h0235,4.104687526725369,scr2001,stInflow,reservoir
es,h0236,3.739678056733522,scr2001,stInflow,reservoir
es,h0237,3.3760821995483568,scr2001,stInflow,reservoir
es,h0238,3.3760821995483568,scr2001,stInflow,reservoir
es,h0239,3.3760821995483568,scr2001,stInflow,reservoir
es,h0240,3.3760821995483568,scr2001,stInflow,reservoir
fi,h0193,1.4129807544403972,scr2001,stInflow,reservoir
fi,h0194,1.4129807544403972,scr2001,stInflow,reservoir
fi,h0195,1.4129807544403972,scr2001,stInflow,reservoir
fi,h0196,1.4129807544403972,scr2001,stInflow,reservoir
fi,h0197,1.4129807544403972,scr2001,stInflow,reservoir
fi,h0198,1.4129807544403972,scr2001,stInflow,reservoir
fi,h0199,1.4129212349535745,scr2001,stInflow,reservoir
fi,h0200,1.4128617154670025,scr2001,stInflow,reservoir
fi,h0201,1.4128021959806816,scr2001,stInflow,reservoir
fi,h0202,1.4128021959806816,scr2001,stInflow,reservoir
fi,h0203,1.4128021959806816,scr2001,stInflow,reservoir
fi,h0204,1.4128021959806816,scr2001,stInflow,reservoir
fi,h0205,1.4128021959806816,scr2001,stInflow,reservoir
fi,h0206,1.4128021959806816,scr2001,stInflow,reservoir
fi,h0207,1.4128021959806816,scr2001,stInflow,reservoir
fi,h0208,1.4128021959806816,scr2001,stInflow,reservoir
fi,h0209,1.4128021959806816,scr2001,stInflow,reservoir
fi,h0210,1.4128021959806816,scr2001,stInflow,reservoir
fi,h0211,1.9719499926646393,scr2001,stInflow,reservoir
fi,h0212,2.531113863932381,scr2001,stInflow,reservoir
fi,h0213,3.0902901904284006,scr2001,stInflow,reservoir
fi,h0214,3.0902901904284006,scr2001,stInflow,reservoir
fi,h0215,3.0902901904284006,scr2001,stInflow,reservoir
fi,h0216,3.0902901904284006,scr2001,stInflow,reservoir
fi,h0217,3.0902901904284006,scr2001,stInflow,reservoir
fi,h0218,3.0902901904284006,scr2001,stInflow,reservoir
fi,h0219,3.0902901904284006,scr2001,stInflow,reservoir
fi,h0220,3.0902901904284006,scr2001,stInflow,reservoir
fi,h0221,3.0902901904284006,scr2001,stInflow,reservoir
fi,h0222,3.0902901904284006,scr2001,stInflow,reservoir
fi,h0223,4.000694481791904,scr2001,stInflow,reservoir
fi,h0224,4.911119672380327,scr2001,stInflow,reservoir
fi,h0225,5.821561837712054,scr2001,stInflow,reservoir
fi,h0226,5.821561837712054,scr2001,stInflow,reservoir
fi,h0227,5.821561837712054,scr2001,stInflow,reservoir
fi,h0228,5.821561837712054,scr2001,stInflow,reservoir
fi,h0229,5.821561837712054,scr2001,stInflow,reservoir
fi,h0230,5.821561837712054,scr2001,stInflow,reservoir
fi,h0231,5.821561837712054,scr2001,stInflow,reservoir
fi,h0232,5.821561837712054,scr2001,stInflow,reservoir
fi,h0233,5.821561837712054,scr2001,stInflow,reservoir
fi,h0234,5.821561837712054,scr2001,stInflow,reservoir
fi,h0235,5.542640505169256,scr2001,stInflow,reservoir
fi,h0236,5.2637205767277555,scr2001,stInflow,reservoir
fi,h0237,4.984802126844855,scr2001,stInflow,reservoir
fi,h0238,4.984802126844855,scr2001,stInflow,reservoir
fi,h0239,4.984802126844855,scr2001,stInflow,reservoir
fi,h0240,4.984802126844855,scr2001,stInflow,reservoir
fr,h0193,3.022543244301163,scr2001,stInflow,reservoir
fr,h0194,3.022543244301163,scr2001,stInflow,reservoir
fr,h0195,3.022543244301163,scr2001,stInflow,reservoir
fr,h0196,3.022543244301163,scr2001,stInflow,reservoir
fr,h0197,3.022543244301163,scr2001,stInflow,reservoir
fr,h0198,3.022543244301163,scr2001,stInflow,reservoir
fr,h0199,3.037740618719205,scr2001,stInflow,reservoir
fr,h0200,3.052939523620768,scr2001,stInflow,reservoir
fr,h0201,3.0681399515292225,scr2001,stInflow,reservoir
fr,h0202,3.0681399515292225,scr2001,stInflow,reservoir
fr,h0203,3.0681399515292225,scr2001,stInflow,reservoir
fr,h0204,3.0681399515292225,scr2001,stInflow,reservoir
fr,h0205,3.0681399515292225,scr2001,stInflow,reservoir
fr,h0206,3.0681399515292225,scr2001,stInflow,reservoir
fr,h0207,3.0681399515292225,scr2001,stInflow,reservoir
fr,h0208,3.0681399515292225,scr2001,stInflow,reservoir
fr,h0209,3.0681399515292225,scr2001,stInflow,reservoir
fr,h0210,3.0681399515292225,scr2001,stInflow,reservoir
fr,h0211,3.1000171376732886,scr2001,stInflow,reservoir
fr,h0212,3.131900920148933,scr2001,stInflow,reservoir
fr,h0213,3.163791233088826,scr2001,stInflow,reservoir
fr,h0214,3.163791233088826,scr2001,stInflow,reservoir
fr,h0215,3.163791233088826,scr2001,stInflow,reservoir
fr,h0216,3.163791233088826,scr2001,stInflow,reservoir
fr,h0217,3.163791233088826,scr2001,stInflow,reservoir
fr,h0218,3.163791233088826,scr2001,stInflow,reservoir
fr,h0219,3.163791233088826,scr2001,stInflow,reservoir
fr,h0220,3.163791233088826,scr2001,stInflow,reservoir
fr,h0221,3.163791233088826,scr2001,stInflow,reservoir
fr,h0222,3.163791233088826,scr2001,stInflow,reservoir
fr,h0223,4.367019476149894,scr2001,stInflow,reservoir
fr,h0224,5.57700181662927,scr2001,stInflow,reservoir
fr,h0225,6.792281635081161,scr2001,stInflow,reservoir
fr,h0226,6.792281635081161,scr2001,stInflow,reservoir
fr,h0227,6.792281635081161,scr2001,stInflow,reservoir
fr,h0228,6.792281635081161,scr2001,stInflow,reservoir
fr,h0229,6.792281635081161,scr2001,stInflow,reservoir
fr,h0230,6.792281635081161,scr2001,stInflow,reservoir
fr,h0231,6.792281635081161,scr2001,stInflow,reservoir
fr,h0232,6.792281635081161,scr2001,stInflow,reservoir
fr,h0233,6.792281635081161,scr2001,stInflow,reservoir
fr,h0234,6.792281635081161,scr2001,stInflow,reservoir
fr,h0235,6.292706095618732,scr2001,stInflow,reservoir
fr,h0236,5.7939196368001245,scr2001,stInflow,reservoir
fr,h0237,5.295988282892223,scr2001,stInflow,reservoir
fr,h0238,5.295988282892223,scr2001,stInflow,reservoir
fr,h0239,5.295988282892223,scr2001,stInflow,reservoir
fr,h0240,5.295988282892223,scr2001,stInflow,reservoir
gr,h0193,0.37413673709655004,scr2001,stInflow,reservoir
gr,h0194,0.37413673709655004,scr2001,stInflow,reservoir
gr,h0195,0.37413673709655004,scr2001,stInflow,reservoir
gr,h0196,0.37413673709655004,scr2001,stInflow,reservoir
gr,h0197,0.37413673709655004,scr2001,stInflow,reservoir
gr,h0198,0.37413673709655004,scr2001,stInflow,reservoir
gr,h0199,0.4328298404638218,scr2001,stInflow,reservoir
gr,h0200,0.49056189446705956,scr2001,stInflow,reservoir
gr,h0201,0.5474625142804236,scr2001,stInflow,reservoir
gr,h0202,0.5474625142804236,scr2001,stInflow,reservoir
gr,h0203,0.5474625142804236,scr2001,stInflow,reservoir
gr,h0204,0.5474625142804236,scr2001,stInflow,reservoir
gr,h0205,0.5474625142804236,scr2001,stInflow,reservoir
gr,h0206,0.5474625142804236,scr2001,stInflow,reservoir
gr,h0207,0.5474625142804236,scr2001,stInflow,reservoir
gr,h0208,0.5474625142804236,scr2001,stInflow,reservoir
gr,h0209,0.5474625142804236,scr2001,stInflow,reservoir
gr,h0210,0.5474625142804236,scr2001,stInflow,reservoir
gr,h0211,0.5897032777993118,scr2001,stInflow,reservoir
gr,h0212,0.6315664882870655,scr2001,stInflow,reservoir
gr,h0213,0.67308150106802,scr2001,stInflow,reservoir
gr,h0214,0.67308150106802,scr2001,stInflow,reservoir
gr,h0215,0.67308150106802,scr2001,stInflow,reservoir
gr,h0216,0.67308150106802,scr2001,stInflow,reservoir
gr,h0217,0.67308150106802,scr2001,stInflow,reservoir
gr,h0218,0.67308150106802,scr2001,stInflow,reservoir
gr,h0219,0.67308150106802,scr2001,stInflow,reservoir
gr,h0220,0.67308150106802,scr2001,stInflow,reservoir
gr,h0221,0.67308150106802,scr2001,stInflow,reservoir
gr,h0222,0.67308150106802,scr2001,stInflow,reservoir
gr,h0223,0.627405659151371,scr2001,stInflow,reservoir
gr,h0224,0.58130527805097,scr2001,stInflow,reservoir
gr,h0225,0.5347403602285903,scr2001,stInflow,reservoir
gr,h0226,0.5347403602285903,scr2001,stInflow,reservoir
gr,h0227,0.5347403602285903,scr2001,stInflow,reservoir
gr,h0228,0.5347403602285903,scr2001,stInflow,reservoir
gr,h0229,0.5347403602285903,scr2001,stInflow,reservoir
gr,h0230,0.5347403602285903,scr2001,stInflow,reservoir
gr,h0231,0.5347403602285903,scr2001,stInflow,reservoir
gr,h0232,0.5347403602285903,scr2001,stInflow,reservoir
gr,h0233,0.5347403602285903,scr2001,stInflow,reservoir
gr,h0234,0.5347403602285903,scr2001,stInflow,reservoir
gr,h0235,0.5239418828017944,scr2001,stInflow,reservoir
gr,h0236,0.5131156019092846,scr2001,stInflow,reservoir
gr,h0237,0.5022608341810707,scr2001,stInflow,reservoir
gr,h0238,0.5022608341810707,scr2001,stInflow,reservoir
gr,h0239,0.5022608341810707,scr2001,stInflow,reservoir
gr,h0240,0.5022608341810707,scr2001,stInflow,reservoir
hr,h0193,0.8182468098077967,scr2001,stInflow,reservoir
hr,h0194,0.8182468098077967,scr2001,stInflow,reservoir
hr,h0195,0.8182468098077967,scr2001,stInflow,reservoir
hr,h0196,0.8182468098077967,scr2001,stInflow,reservoir
hr,h0197,0.8182468098077967,scr2001,stInflow,reservoir
hr,h0198,0.8182468098077967,scr2001,stInflow,reservoir
hr,h0199,0.8309049785950674,scr2001,stInflow,reservoir
hr,h0200,0.8435707937930657,scr2001,stInflow,reservoir
hr,h0201,0.8562441464714686,scr2001,stInflow,reservoir
hr,h0202,0.8562441464714686,scr2001,stInflow,reservoir
hr,h0203,0.8562441464714686,scr2001,stInflow,reservoir
hr,h0204,0.8562441464714686,scr2001,stInflow,reservoir
hr,h0205,0.8562441464714686,scr2001,stInflow,reservoir
hr,h0206,0.8562441464714686,scr2001,stInflow,reservoir
hr,h0207,0.8562441464714686,scr2001,stInflow,reservoir
hr,h0208,0.8562441464714686,scr2001,stInflow,reservoir
hr,h0209,0.8562441464714686,scr2001,stInflow,reservoir
hr,h0210,0.8562441464714686,scr2001,stInflow,reservoir
hr,h0211,0.7874645041581445,scr2001,stInflow,reservoir
hr,h0212,0.7189227597283624,scr2001,stInflow,reservoir
hr,h0213,0.6506405024393744,scr2001,stInflow,reservoir
hr,h0214,0.6506405024393744,scr2001,stInflow,reservoir
hr,h0215,0.6506405024393744,scr2001,stInflow,reservoir
hr,h0216,0.6506405024393744,scr2001,stInflow,reservoir
hr,h0217,0.6506405024393744,scr2001,stInflow,reservoir
hr,h0218,0.6506405024393744,scr2001,stInflow,reservoir
hr,h0219,0.6506405024393744,scr2001,stInflow,reservoir
hr,h0220,0.6506405024393744,scr2001,stInflow,reservoir
hr,h0221,0.6506405024393744,scr2001,stInflow,reservoir
hr,h0222,0.6506405024393744,scr2001,stInflow,reservoir
hr,h0223,0.6160468920522293,scr2001,stInflow,reservoir
hr,h0224,0.5815308809257289,scr2001,stInflow,reservoir
hr,h0225,0.547096885379492,scr2001,stInflow,reservoir
hr,h0226,0.547096885379492,scr2001,stInflow,reservoir
hr,h0227,0.547096885379492,scr2001,stInflow,reservoir
hr,h0228,0.547096885379492,scr2001,stInflow,reservoir
hr,h0229,0.547096885379492,scr2001,stInflow,reservoir
hr,h0230,0.547096885379492,scr2001,stInflow,reservoir
hr,h0231,0.547096885379492,scr2001,stInflow,reservoir
hr,h0232,0.547096885379492,scr2001,stInflow,reservoir
hr,h0233,0.547096885379492,scr2001,stInflow,reservoir
hr,h0234,0.547096885379492,scr2001,stInflow,reservoir
hr,h0235,0.5224476807156199,scr2001,stInflow,reservoir
hr,h0236,0.497845258788306,scr2001,stInflow,reservoir
hr,h0237,0.47329185157565096,scr2001,stInflow,reservoir
hr,h0238,0.47329185157565096,scr2001,stInflow,reservoir
hr,h0239,0.47329185157565096,scr2001,stInflow,reservoir
hr,h0240,0.47329185157565096,scr2001,stInflow,reservoir
it_cn,h0193,0.0970032667459412,scr2001,stInflow,reservoir
it_cn,h0194,0.0970032667459412,scr2001,stInflow,reservoir
it_cn,h0195,0.0970032667459412,scr2001,stInflow,reservoir
it_cn,h0196,0.0970032667459412,scr2001,stInflow,reservoir
it_cn,h0197,0.0970032667459412,scr2001,stInflow,reservoir
it_cn,h0198,0.0970032667459412,scr2001,stInflow,reservoir
it_cn,h0199,0.10301175173674737,scr2001,stInflow,reservoir
it_cn,h0200,0.10902721162138539,scr2001,stInflow,reservoir
it_cn,h0201,0.11504927303822077,scr2001,stInflow,reservoir
it_cn,h0202,0.11504927303822077,scr2001,stInflow,reservoir
it_cn,h0203,0.11504927303822077,scr2001,stInflow,reservoir
it_cn,h0204,0.11504927303822077,scr2001,stInflow,reservoir
it_cn,h0205,0.11504927303822077,scr2001,stInflow,reservoir
it_cn,h0206,0.11504927303822077,scr2001,stInflow,reservoir
it_cn,h0207,0.11504927303822077,scr2001,stInflow,reservoir
it_cn,h0208,0.11504927303822077,scr2001,stInflow,reservoir
it_cn,h0209,0.11504927303822077,scr2001,stInflow,reservoir
it_cn,h0210,0.11504927303822077,scr2001,stInflow,reservoir
it_cn,h0211,0.10014824828005908,scr2001,stInflow,reservoir
it_cn,h0212,0.08529131357438476,scr2001,stInflow,reservoir
it_cn,h0213,0.07048596448674725,scr2001,stInflow,reservoir
it_cn,h0214,0.07048596448674725,scr2001,stInflow,reservoir
it_cn,h0215,0.07048596448674725,scr2001,stInflow,reservoir
it_cn,h0216,0.07048596448674725,scr2001,stInflow,reservoir
it_cn,h0217,0.07048596448674725,scr2001,stInflow,reservoir
it_cn,h0218,0.07048596448674725,scr2001,stInflow,reservoir
it_cn,h0219,0.07048596448674725,scr2001,stInflow,reservoir
it_cn,h0220,0.07048596448674725,scr2001,stInflow,reservoir
it_cn,h0221,0.07048596448674725,scr2001,stInflow,reservoir
it_cn,h0222,0.07048596448674725,scr2001,stInflow,reservoir
it_cn,h0223,0.06299130451208645,scr2001,stInflow,reservoir
it_cn,h0224,0.05551445436956072,scr2001,stInflow,reservoir
it_cn,h0225,0.04805776108069987,scr2001,stInflow,reservoir
it_cn,h0226,0.04805776108069987,scr2001,stInflow,reservoir
it_cn,h0227,0.04805776108069987,scr2001,stInflow,reservoir
it_cn,h0228,0.04805776108069987,scr2001,stInflow,reservoir
it_cn,h0229,0.04805776108069987,scr2001,stInflow,reservoir
it_cn,h0230,0.04805776108069987,scr2001,stInflow,reservoir
it_cn,h0231,0.04805776108069987,scr2001,stInflow,reservoir
it_cn,h0232,0.04805776108069987,scr2001,stInflow,reservoir
it_cn,h0233,0.04805776108069987,scr2001,stInflow,reservoir
it_cn,h0234,0.04805776108069987,scr2001,stInflow,reservoir
it_cn,h0235,0.04992405605808757,scr2001,stInflow,reservoir
it_cn,h0236,0.0517917508786898,scr2001,stInflow,reservoir
it_cn,h0237,0.053660796185649944,scr2001,stInflow,reservoir
it_cn,h0238,0.053660796185649944,scr2001,stInflow,reservoir
it_cn,h0239,0.053660796185649944,scr2001,stInflow,reservoir
it_cn,h0240,0.053660796185649944,scr2001,stInflow,reservoir
it_cs,h0193,0.33814615080659005,scr2001,stInflow,reservoir
it_cs,h0194,0.33814615080659005,scr2001,stInflow,reservoir
it_cs,h0195,0.33814615080659005,scr2001,stInflow,reservoir
it_cs,h0196,0.33814615080659005,scr2001,stInflow,reservoir
it_cs,h0197,0.33814615080659005,scr2001,stInflow,reservoir
it_cs,h0198,0.33814615080659005,scr2001,stInflow,reservoir
it_cs,h0199,0.36267951235124,scr2001,stInflow,reservoir
it_cs,h0200,0.3872782290292557,scr2001,stInflow,reservoir
it_cs,h0201,0.4119383902929004,scr2001,stInflow,reservoir
it_cs,h0202,0.4119383902929004,scr2001,stInflow,reservoir
it_cs,h0203,0.4119383902929004,scr2001,stInflow,reservoir
it_cs,h0204,0.4119383902929004,scr2001,stInflow,reservoir
it_cs,h0205,0.4119383902929004,scr2001,stInflow,reservoir
it_cs,h0206,0.4119383902929004,scr2001,stInflow,reservoir
it_cs,h0207,0.4119383902929004,scr2001,stInflow,reservoir
it_cs,h0208,0.4119383902929004,scr2001,stInflow,reservoir
it_cs,h0209,0.4119383902929004,scr2001,stInflow,reservoir
it_cs,h0210,0.4119383902929004,scr2001,stInflow,reservoir
it_cs,h0211,0.37232532761322307,scr2001,stInflow,reservoir
it_cs,h0212,0.33287721307704354,scr2001,stInflow,reservoir
it_cs,h0213,0.29361243524592523,scr2001,stInflow,reservoir
it_cs,h0214,0.29361243524592523,scr2001,stInflow,reservoir
it_cs,h0215,0.29361243524592523,scr2001,stInflow,reservoir
it_cs,h0216,0.29361243524592523,scr2001,stInflow,reservoir
it_cs,h0217,0.29361243524592523,scr2001,stInflow,reservoir
it_cs,h0218,0.29361243524592523,scr2001,stInflow,reservoir
it_cs,h0219,0.29361243524592523,scr2001,stInflow,reservoir
it_cs,h0220,0.29361243524592523,scr2001,stInflow,reservoir
it_cs,h0221,0.29361243524592523,scr2001,stInflow,reservoir
it_cs,h0222,0.29361243524592523,scr2001,stInflow,reservoir
it_cs,h0223,0.2799458425997599,scr2001,stInflow,reservoir
it_cs,h0224,0.2663055346291663,scr2001,stInflow,reservoir
it_cs,h0225,0.2526927829615906,scr2001,stInflow,reservoir
it_cs,h0226,0.2526927829615906,scr2001,stInflow,reservoir
it_cs,h0227,0.2526927829615906,scr2001,stInflow,reservoir
it_cs,h0228,0.2526927829615906,scr2001,stInflow,reservoir
it_cs,h0229,0.2526927829615906,scr2001,stInflow,reservoir
it_cs,h0230,0.2526927829615906,scr2001,stInflow,reservoir
it_cs,h0231,0.2526927829615906,scr2001,stInflow,reservoir
it_cs,h0232,0.2526927829615906,scr2001,stInflow,reservoir
it_cs,h0233,0.2526927829615906,scr2001,stInflow,reservoir
it_cs,h0234,0.2526927829615906,scr2001,stInflow,reservoir
it_cs,h0235,0.258090619662027,scr2001,stInflow,reservoir
it_cs,h0236,0.26349292363111554,scr2001,stInflow,reservoir
it_cs,h0237,0.26889960815185115,scr2001,stInflow,reservoir
it_cs,h0238,0.26889960815185115,scr2001,stInflow,reservoir
it_cs,h0239,0.26889960815185115,scr2001,stInflow,reservoir
it_cs,h0240,0.26889960815185115,scr2001,stInflow,reservoir
it_n,h0193,1.2935804199262078,scr2001,stInflow,reservoir
it_n,h0194,1.2935804199262078,scr2001,stInflow,reservoir
it_n,h0195,1.2935804199262078,scr2001,stInflow,reservoir
it_n,h0196,1.2935804199262078,scr2001,stInflow,reservoir
it_n,h0197,1.2935804199262078,scr2001,stInflow,reservoir
it_n,h0198,1.2935804199262078,scr2001,stInflow,reservoir
it_n,h0199,1.3247877716492438,scr2001,stInflow,reservoir
it_n,h0200,1.355995196892606,scr2001,stInflow,reservoir
it_n,h0201,1.38720269396414,scr2001,stInflow,reservoir
it_n,h0202,1.38720269396414,scr2001,stInflow,reservoir
it_n,h0203,1.38720269396414,scr2001,stInflow,reservoir
it_n,h0204,1.38720269396414,scr2001,stInflow,reservoir
it_n,h0205,1.38720269396414,scr2001,stInflow,reservoir
it_n,h0206,1.38720269396414,scr2001,stInflow,reservoir
it_n,h0207,1.38720269396414,scr2001,stInflow,reservoir
it_n,h0208,1.38720269396414,scr2001,stInflow,reservoir
it_n,h0209,1.38720269396414,scr2001,stInflow,reservoir
it_n,h0210,1.38720269396414,scr2001,stInflow,reservoir
it_n,h0211,1.336042575288898,scr2001,stInflow,reservoir
it_n,h0212,1.2848826525638362,scr2001,stInflow,reservoir
it_n,h0213,1.2337229335943012,scr2001,stInflow,reservoir
it_n,h0214,1.2337229335943012,scr2001,stInflow,reservoir
it_n,h0215,1.2337229335943012,scr2001,stInflow,reservoir
it_n,h0216,1.2337229335943012,scr2001,stInflow,reservoir
it_n,h0217,1.2337229335943012,scr2001,stInflow,reservoir
it_n,h0218,1.2337229335943012,scr2001,stInflow,reservoir
it_n,h0219,1.2337229335943012,scr2001,stInflow,reservoir
it_n,h0220,1.2337229335943012,scr2001,stInflow,reservoir
it_n,h0221,1.2337229335943012,scr2001,stInflow,reservoir
it_n,h0222,1.2337229335943012,scr2001,stInflow,reservoir
it_n,h0223,1.3945189434916516,scr2001,stInflow,reservoir
it_n,h0224,1.555316811596527,scr2001,stInflow,reservoir
it_n,h0225,1.7161163450877128,scr2001,stInflow,reservoir
it_n,h0226,1.7161163450877128,scr2001,stInflow,reservoir
it_n,h0227,1.7161163450877128,scr2001,stInflow,reservoir
it_n,h0228,1.7161163450877128,scr2001,stInflow,reservoir
it_n,h0229,1.7161163450877128,scr2001,stInflow,reservoir
it_n,h0230,1.7161163450877128,scr2001,stInflow,reservoir
it_n,h0231,1.7161163450877128,scr2001,stInflow,reservoir
it_n,h0232,1.7161163450877128,scr2001,stInflow,reservoir
it_n,h0233,1.7161163450877128,scr2001,stInflow,reservoir
it_n,h0234,1.7161163450877128,scr2001,stInflow,reservoir
it_n,h0235,1.8365311577549757,scr2001,stInflow,reservoir
it_n,h0236,1.956946760487446,scr2001,stInflow,reservoir
it_n,h0237,2.077363104613239,scr2001,stInflow,reservoir
it_n,h0238,2.077363104613239,scr2001,stInflow,reservoir
it_n,h0239,2.077363104613239,scr2001,stInflow,reservoir
it_n,h0240,2.077363104613239,scr2001,stInflow,reservoir
it_s,h0193,0.03705574365550161,scr2001,stInflow,reservoir
it_s,h0194,0.03705574365550161,scr2001,stInflow,reservoir
it_s,h0195,0.03705574365550161,scr2001,stInflow,reservoir
it_s,h0196,0.03705574365550161,scr2001,stInflow,reservoir
it_s,h0197,0.03705574365550161,scr2001,stInflow,reservoir
it_s,h0198,0.03705574365550161,scr2001,stInflow,reservoir
it_s,h0199,0.04140027178111717,scr2001,stInflow,reservoir
it_s,h0200,0.04575840043185381,scr2001,stInflow,reservoir
it_s,h0201,0.05012888505682071,scr2001,stInflow,reservoir
it_s,h0202,0.05012888505682071,scr2001,stInflow,reservoir
it_s,h0203,0.05012888505682071,scr2001,stInflow,reservoir
it_s,h0204,0.05012888505682071,scr2001,stInflow,reservoir
it_s,h0205,0.05012888505682071,scr2001,stInflow,reservoir
it_s,h0206,0.05012888505682071,scr2001,stInflow,reservoir
it_s,h0207,0.05012888505682071,scr2001,stInflow,reservoir
it_s,h0208,0.05012888505682071,scr2001,stInflow,reservoir
it_s,h0209,0.05012888505682071,scr2001,stInflow,reservoir
it_s,h0210,0.05012888505682071,scr2001,stInflow,reservoir
it_s,h0211,0.04558747547008822,scr2001,stInflow,reservoir
it_s,h0212,0.041059458085935356,scr2001,stInflow,reservoir
it_s,h0213,0.03654624649190009,scr2001,stInflow,reservoir
it_s,h0214,0.03654624649190009,scr2001,stInflow,reservoir
it_s,h0215,0.03654624649190009,scr2001,stInflow,reservoir
it_s,h0216,0.03654624649190009,scr2001,stInflow,reservoir
it_s,h0217,0.03654624649190009,scr2001,stInflow,reservoir
it_s,h0218,0.03654624649190009,scr2001,stInflow,reservoir
it_s,h0219,0.03654624649190009,scr2001,stInflow,reservoir
it_s,h0220,0.03654624649190009,scr2001,stInflow,reservoir
it_s,h0221,0.03654624649190009,scr2001,stInflow,reservoir
it_s,h0222,0.03654624649190009,scr2001,stInflow,reservoir
it_s,h0223,0.03584661931961424,scr2001,stInflow,reservoir
it_s,h0224,0.03514739826636623,scr2001,stInflow,reservoir
it_s,h0225,0.03444859107830953,scr2001,stInflow,reservoir
it_s,h0226,0.03444859107830953,scr2001,stInflow,reservoir
it_s,h0227,0.03444859107830953,scr2001,stInflow,reservoir
it_s,h0228,0.03444859107830953,scr2001,stInflow,reservoir
it_s,h0229,0.03444859107830953,scr2001,stInflow,reservoir
it_s,h0230,0.03444859107830953,scr2001,stInflow,reservoir
it_s,h0231,0.03444859107830953,scr2001,stInflow,reservoir
it_s,h0232,0.03444859107830953,scr2001,stInflow,reservoir
it_s,h0233,0.03444859107830953,scr2001,stInflow,reservoir
it_s,h0234,0.03444859107830953,scr2001,stInflow,reservoir
it_s,h0235,0.037586104654564495,scr2001,stInflow,reservoir
it_s,h0236,0.040731433612668934,scr2001,stInflow,reservoir
it_s,h0237,0.0438839980237828,scr2001,stInflow,reservoir
it_s,h0238,0.0438839980237828,scr2001,stInflow,reservoir
it_s,h0239,0.0438839980237828,scr2001,stInflow,reservoir
it_s,h0240,0.0438839980237828,scr2001,stInflow,reservoir
it_sar,h0193,0.027560429069945637,scr2001,stInflow,reservoir
it_sar,h0194,0.027560429069945637,scr2001,stInflow,reservoir
it_sar,h0195,0.027560429069945637,scr2001,stInflow,reservoir
it_sar,h0196,0.027560429069945637,scr2001,stInflow,reservoir
it_sar,h0197,0.027560429069945637,scr2001,stInflow,reservoir
it_sar,h0198,0.027560429069945637,scr2001,stInflow,reservoir
it_sar,h0199,0.02854097007161587,scr2001,stInflow,reservoir
it_sar,h0200,0.0295218504561672,scr2001,stInflow,reservoir
it_sar,h0201,0.03050305909013345,scr2001,stInflow,reservoir
it_sar,h0202,0.03050305909013345,scr2001,stInflow,reservoir
it_sar,h0203,0.03050305909013345,scr2001,stInflow,reservoir
it_sar,h0204,0.03050305909013345,scr2001,stInflow,reservoir
it_sar,h0205,0.03050305909013345,scr2001,stInflow,reservoir
it_sar,h0206,0.03050305909013345,scr2001,stInflow,reservoir
it_sar,h0207,0.03050305909013345,scr2001,stInflow,reservoir
it_sar,h0208,0.03050305909013345,scr2001,stInflow,reservoir
it_sar,h0209,0.03050305909013345,scr2001,stInflow,reservoir
it_sar,h0210,0.03050305909013345,scr2001,stInflow,reservoir
it_sar,h0211,0.029070920472596278,scr2001,stInflow,reservoir
it_sar,h0212,0.027639492098638967,scr2001,stInflow,reservoir
it_sar,h0213,0.026208810289429788,scr2001,stInflow,reservoir
it_sar,h0214,0.026208810289429788,scr2001,stInflow,reservoir
it_sar,h0215,0.026208810289429788,scr2001,stInflow,reservoir
it_sar,h0216,0.026208810289429788,scr2001,stInflow,reservoir
it_sar,h0217,0.026208810289429788,scr2001,stInflow,reservoir
it_sar,h0218,0.026208810289429788,scr2001,stInflow,reservoir
it_sar,h0219,0.026208810289429788,scr2001,stInflow,reservoir
it_sar,h0220,0.026208810289429788,scr2001,stInflow,reservoir
it_sar,h0221,0.026208810289429788,scr2001,stInflow,reservoir
it_sar,h0222,0.026208810289429788,scr2001,stInflow,reservoir
it_sar,h0223,0.02829975669810713,scr2001,stInflow,reservoir
it_sar,h0224,0.03039226136628321,scr2001,stInflow,reservoir
it_sar,h0225,0.032486218214143964,scr2001,stInflow,reservoir
it_sar,h0226,0.032486218214143964,scr2001,stInflow,reservoir
it_sar,h0227,0.032486218214143964,scr2001,stInflow,reservoir
it_sar,h0228,0.032486218214143964,scr2001,stInflow,reservoir
it_sar,h0229,0.032486218214143964,scr2001,stInflow,reservoir
it_sar,h0230,0.032486218214143964,scr2001,stInflow,reservoir
it_sar,h0231,0.032486218214143964,scr2001,stInflow,reservoir
it_sar,h0232,0.032486218214143964,scr2001,stInflow,reservoir
it_sar,h0233,0.032486218214143964,scr2001,stInflow,reservoir
it_sar,h0234,0.032486218214143964,scr2001,stInflow,reservoir
it_sar,h0235,0.029513938803104343,scr2001,stInflow,reservoir
it_sar,h0236,0.026544674736628113,scr2001,stInflow,reservoir
it_sar,h0237,0.02357876000702599,scr2001,stInflow,reservoir
it_sar,h0238,0.02357876000702599,scr2001,stInflow,reservoir
it_sar,h0239,0.02357876000702599,scr2001,stInflow,reservoir
it_sar,h0240,0.02357876000702599,scr2001,stInflow,reservoir
it_sic,h0193,0.005278731688287663,scr2001,stInflow,reservoir
it_sic,h0194,0.005278731688287663,scr2001,stInflow,reservoir
it_sic,h0195,0.005278731688287663,scr2001,stInflow,reservoir
it_sic,h0196,0.005278731688287663,scr2001,stInflow,reservoir
it_sic,h0197,0.005278731688287663,scr2001,stInflow,reservoir
it_sic,h0198,0.005278731688287663,scr2001,stInflow,reservoir
it_sic,h0199,0.004814810584988846,scr2001,stInflow,reservoir
it_sic,h0200,0.004350893958280568,scr2001,stInflow,reservoir
it_sic,h0201,0.003886982287128922,scr2001,stInflow,reservoir
it_sic,h0202,0.003886982287128922,scr2001,stInflow,reservoir
it_sic,h0203,0.003886982287128922,scr2001,stInflow,reservoir
it_sic,h0204,0.003886982287128922,scr2001,stInflow,reservoir
it_sic,h0205,0.003886982287128922,scr2001,stInflow,reservoir
it_sic,h0206,0.003886982287128922,scr2001,stInflow,reservoir
it_sic,h0207,0.003886982287128922,scr2001,stInflow,reservoir
it_sic,h0208,0.003886982287128922,scr2001,stInflow,reservoir
it_sic,h0209,0.003886982287128922,scr2001,stInflow,reservoir
it_sic,h0210,0.003886982287128922,scr2001,stInflow,reservoir
it_sic,h0211,0.0031106095643775034,scr2001,stInflow,reservoir
it_sic,h0212,0.0023342564237451755,scr2001,stInflow,reservoir
it_sic,h0213,0.0015579296003202163,scr2001,stInflow,reservoir
it_sic,h0214,0.0015579296003202163,scr2001,stInflow,reservoir
it_sic,h0215,0.0015579296003202163,scr2001,stInflow,reservoir
it_sic,h0216,0.0015579296003202163,scr2001,stInflow,reservoir
it_sic,h0217,0.0015579296003202163,scr2001,stInflow,reservoir
it_sic,h0218,0.0015579296003202163,scr2001,stInflow,reservoir
it_sic,h0219,0.0015579296003202163,scr2001,stInflow,reservoir
it_sic,h0220,0.0015579296003202163,scr2001,stInflow,reservoir
it_sic,h0221,0.0015579296003202163,scr2001,stInflow,reservoir
it_sic,h0222,0.0015579296003202163,scr2001,stInflow,reservoir
it_sic,h0223,0.0011697798589571993,scr2001,stInflow,reservoir
it_sic,h0224,0.0007816432441177545,scr2001,stInflow,reservoir
it_sic,h0225,0.0003935267857142857,scr2001,stInflow,reservoir
it_sic,h0226,0.0003935267857142857,scr2001,stInflow,reservoir
it_sic,h0227,0.0003935267857142857,scr2001,stInflow,reservoir
it_sic,h0228,0.0003935267857142857,scr2001,stInflow,reservoir
it_sic,h0229,0.0003935267857142857,scr2001,stInflow,reservoir
it_sic,h0230,0.0003935267857142857,scr2001,stInflow,reservoir
it_sic,h0231,0.0003935267857142857,scr2001,stInflow,reservoir
it_sic,h0232,0.0003935267857142857,scr2001,stInflow,reservoir
it_sic,h0233,0.0003935267857142857,scr2001,stInflow,reservoir
it_sic,h0234,0.0003935267857142857,scr2001,stInflow,reservoir
it_sic,h0235,0.0006515574460459644,scr2001,stInflow,reservoir
it_sic,h0236,0.0009095986119824996,scr2001,stInflow,reservoir
it_sic,h0237,0.0011676472002774532,scr2001,stInflow,reservoir
it_sic,h0238,0.0011676472002774532,scr2001,stInflow,reservoir
it_sic,h0239,0.0011676472002774532,scr2001,stInflow,reservoir
it_sic,h0240,0.0011676472002774532,scr2001,stInflow,reservoir
me,h0193,0.34156709676056674,scr2001,stInflow,reservoir
me,h0194,0.34156709676056674,scr2001,stInflow,reservoir
me,h0195,0.34156709676056674,scr2001,stInflow,reservoir
me,h0196,0.34156709676056674,scr2001,stInflow,reservoir
me,h0197,0.34156709676056674,scr2001,stInflow,reservoir
me,h0198,0.34156709676056674,scr2001,stInflow,reservoir
me,h0199,0.3518452986971036,scr2001,stInflow,reservoir
me,h0200,0.36213246882445993,scr2001,stInflow,reservoir
me,h0201,0.3724283620665536,scr2001,stInflow,reservoir
me,h0202,0.3724283620665536,scr2001,stInflow,reservoir
me,h0203,0.3724283620665536,scr2001,stInflow,reservoir
me,h0204,0.3724283620665536,scr2001,stInflow,reservoir
me,h0205,0.3724283620665536,scr2001,stInflow,reservoir
me,h0206,0.3724283620665536,scr2001,stInflow,reservoir
me,h0207,0.3724283620665536,scr2001,stInflow,reservoir
me,h0208,0.3724283620665536,scr2001,stInflow,reservoir
me,h0209,0.3724283620665536,scr2001,stInflow,reservoir
me,h0210,0.3724283620665536,scr2001,stInflow,reservoir
me,h0211,0.4459453110608824,scr2001,stInflow,reservoir
me,h0212,0.5198257174013752,scr2001,stInflow,reservoir
me,h0213,0.5940196805054355,scr2001,stInflow,reservoir
me,h0214,0.5940196805054355,scr2001,stInflow,reservoir
me,h0215,0.5940196805054355,scr2001,stInflow,reservoir
me,h0216,0.5940196805054355,scr2001,stInflow,reservoir
me,h0217,0.5940196805054355,scr2001,stInflow,reservoir
me,h0218,0.5940196805054355,scr2001,stInflow,reservoir
me,h0219,0.5940196805054355,scr2001,stInflow,reservoir
me,h0220,0.5940196805054355,scr2001,stInflow,reservoir
me,h0221,0.5940196805054355,scr2001,stInflow,reservoir
me,h0222,0.5940196805054355,scr2001,stInflow,reservoir
me,h0223,0.5926324498147805,scr2001,stInflow,reservoir
me,h0224,0.5912453151848601,scr2001,stInflow,reservoir
me,h0225,0.5898582768305093,scr2001,stInflow,reservoir
me,h0226,0.5898582768305093,scr2001,stInflow,reservoir
me,h0227,0.5898582768305093,scr2001,stInflow,reservoir
me,h0228,0.5898582768305093,scr2001,stInflow,reservoir
me,h0229,0.5898582768305093,scr2001,stInflow,reservoir
me,h0230,0.5898582768305093,scr2001,stInflow,reservoir
me,h0231,0.5898582768305093,scr2001,stInflow,reservoir
me,h0232,0.5898582768305093,scr2001,stInflow,reservoir
me,h0233,0.5898582768305093,scr2001,stInflow,reservoir
me,h0234,0.5898582768305093,scr2001,stInflow,reservoir
me,h0235,0.5566345011454471,scr2001,stInflow,reservoir
me,h0236,0.5234693699658811,scr2001,stInflow,reservoir
me,h0237,0.4903664289507458,scr2001,stInflow,reservoir
me,h0238,0.4903664289507458,scr2001,stInflow,reservoir
me,h0239,0.4903664289507458,scr2001,stInflow,reservoir
me,h0240,0.4903664289507458,scr2001,stInflow,reservoir
mk,h0193,0.40209517543859646,scr2001,stInflow,reservoir
mk,h0194,0.40209517543859646,scr2001,stInflow,reservoir
mk,h0195,0.40209517543859646,scr2001,stInflow,reservoir
mk,h0196,0.40209517543859646,scr2001,stInflow,reservoir
mk,h0197,0.40209517543859646,scr2001,stInflow,reservoir
mk,h0198,0.40209517543859646,scr2001,stInflow,reservoir
mk,h0199,0.35293792289254533,scr2001,stInflow,reservoir
mk,h0200,0.3037121667284747,scr2001,stInflow,reservoir
mk,h0201,0.2544065223544861,scr2001,stInflow,reservoir
mk,h0202,0.2544065223544861,scr2001,stInflow,reservoir
mk,h0203,0.2544065223544861,scr2001,stInflow,reservoir
mk,h0204,0.2544065223544861,scr2001,stInflow,reservoir
mk,h0205,0.2544065223544861,scr2001,stInflow,reservoir
mk,h0206,0.2544065223544861,scr2001,stInflow,reservoir
mk,h0207,0.2544065223544861,scr2001,stInflow,reservoir
mk,h0208,0.2544065223544861,scr2001,stInflow,reservoir
mk,h0209,0.2544065223544861,scr2001,stInflow,reservoir
mk,h0210,0.2544065223544861,scr2001,stInflow,reservoir
mk,h0211,0.20207657303988102,scr2001,stInflow,reservoir
mk,h0212,0.14961016539786443,scr2001,stInflow,reservoir
mk,h0213,0.0969569249305252,scr2001,stInflow,reservoir
mk,h0214,0.0969569249305252,scr2001,stInflow,reservoir
mk,h0215,0.0969569249305252,scr2001,stInflow,reservoir
mk,h0216,0.0969569249305252,scr2001,stInflow,reservoir
mk,h0217,0.0969569249305252,scr2001,stInflow,reservoir
mk,h0218,0.0969569249305252,scr2001,stInflow,reservoir
mk,h0219,0.0969569249305252,scr2001,stInflow,reservoir
mk,h0220,0.0969569249305252,scr2001,stInflow,reservoir
mk,h0221,0.0969569249305252,scr2001,stInflow,reservoir
mk,h0222,0.0969569249305252,scr2001,stInflow,reservoir
mk,h0223,0.10121112387741021,scr2001,stInflow,reservoir
mk,h0224,0.10546355986957402,scr2001,stInflow,reservoir
mk,h0225,0.10971430445791525,scr2001,stInflow,reservoir
mk,h0226,0.10971430445791525,scr2001,stInflow,reservoir
mk,h0227,0.10971430445791525,scr2001,stInflow,reservoir
mk,h0228,0.10971430445791525,scr2001,stInflow,reservoir
mk,h0229,0.10971430445791525,scr2001,stInflow,reservoir
mk,h0230,0.10971430445791525,scr2001,stInflow,reservoir
mk,h0231,0.10971430445791525,scr2001,stInflow,reservoir
mk,h0232,0.10971430445791525,scr2001,stInflow,reservoir
mk,h0233,0.10971430445791525,scr2001,stInflow,reservoir
mk,h0234,0.10971430445791525,scr2001,stInflow,reservoir
mk,h0235,0.13114036957627517,scr2001,stInflow,reservoir
mk,h0236,0.15253170974662217,scr2001,stInflow,reservoir
mk,h0237,0.1738932746161772,scr2001,stInflow,reservoir
mk,h0238,0.1738932746161772,scr2001,stInflow,reservoir
mk,h0239,0.1738932746161772,scr2001,stInflow,reservoir
mk,h0240,0.1738932746161772,scr2001,stInflow,reservoir
pl,h0193,0.035128089094833344,scr2001,stInflow,reservoir
pl,h0194,0.035128089094833344,scr2001,stInflow,reservoir
pl,h0195,0.035128089094833344,scr2001,stInflow,reservoir
pl,h0196,0.035128089094833344,scr2001,stInflow,reservoir
pl,h0197,0.035128089094833344,scr2001,stInflow,reservoir
pl,h0198,0.035128089094833344,scr2001,stInflow,reservoir
pl,h0199,0.03693129864282585,scr2001,stInflow,reservoir
pl,h0200,0.038733637235554626,scr2001,stInflow,reservoir
pl,h0201,0.040535145804443576,scr2001,stInflow,reservoir
pl,h0202,0.040535145804443576,scr2001,stInflow,reservoir
pl,h0203,0.040535145804443576,scr2001,stInflow,reservoir
pl,h0204,0.040535145804443576,scr2001,stInflow,reservoir
pl,h0205,0.040535145804443576,scr2001,stInflow,reservoir
pl,h0206,0.040535145804443576,scr2001,stInflow,reservoir
pl,h0207,0.040535145804443576,scr2001,stInflow,reservoir
pl,h0208,0.040535145804443576,scr2001,stInflow,reservoir
pl,h0209,0.040535145804443576,scr2001,stInflow,reservoir
pl,h0210,0.040535145804443576,scr2001,stInflow,reservoir
pl,h0211,0.0535266054161333,scr2001,stInflow,reservoir
pl,h0212,0.06648653022022051,scr2001,stInflow,reservoir
pl,h0213,0.0794212320501196,scr2001,stInflow,reservoir
pl,h0214,0.0794212320501196,scr2001,stInflow,reservoir
pl,h0215,0.0794212320501196,scr2001,stInflow,reservoir
pl,h0216,0.0794212320501196,scr2001,stInflow,reservoir
pl,h0217,0.0794212320501196,scr2001,stInflow,reservoir
pl,h0218,0.0794212320501196,scr2001,stInflow,reservoir
pl,h0219,0.0794212320501196,scr2001,stInflow,reservoir
pl,h0220,0.0794212320501196,scr2001,stInflow,reservoir
pl,h0221,0.0794212320501196,scr2001,stInflow,reservoir
pl,h0222,0.0794212320501196,scr2001,stInflow,reservoir
pl,h0223,0.06918235108614151,scr2001,stInflow,reservoir
pl,h0224,0.05892832614161528,scr2001,stInflow,reservoir
pl,h0225,0.04865645707343641,scr2001,stInflow,reservoir
pl,h0226,0.04865645707343641,scr2001,stInflow,reservoir
pl,h0227,0.04865645707343641,scr2001,stInflow,reservoir
pl,h0228,0.04865645707343641,scr2001,stInflow,reservoir
pl,h0229,0.04865645707343641,scr2001,stInflow,reservoir
pl,h0230,0.04865645707343641,scr2001,stInflow,reservoir
pl,h0231,0.04865645707343641,scr2001,stInflow,reservoir
pl,h0232,0.04865645707343641,scr2001,stInflow,reservoir
pl,h0233,0.04865645707343641,scr2001,stInflow,reservoir
pl,h0234,0.04865645707343641,scr2001,stInflow,reservoir
pl,h0235,0.04407609751245524,scr2001,stInflow,reservoir
pl,h0236,0.039491007429375065,scr2001,stInflow,reservoir
pl,h0237,0.03490062913733147,scr2001,stInflow,reservoir
pl,h0238,0.03490062913733147,scr2001,stInflow,reservoir
pl,h0239,0.03490062913733147,scr2001,stInflow,reservoir
pl,h0240,0.03490062913733147,scr2001,stInflow,reservoir
pt,h0193,1.8884569422705915,scr2001,stInflow,reservoir
pt,h0194,1.8884569422705915,scr2001,stInflow,reservoir
pt,h0195,1.8884569422705915,scr2001,stInflow,reservoir
pt,h0196,1.8884569422705915,scr2001,stInflow,reservoir
pt,h0197,1.8884569422705915,scr2001,stInflow,reservoir
pt,h0198,1.8884569422705915,scr2001,stInflow,reservoir
pt,h0199,1.7888898575429444,scr2001,stInflow,reservoir
pt,h0200,1.6895388299047889,scr2001,stInflow,reservoir
pt,h0201,1.5904157308640792,scr2001,stInflow,reservoir
pt,h0202,1.5904157308640792,scr2001,stInflow,reservoir
pt,h0203,1.5904157308640792,scr2001,stInflow,reservoir
pt,h0204,1.5904157308640792,scr2001,stInflow,reservoir
pt,h0205,1.5904157308640792,scr2001,stInflow,reservoir
pt,h0206,1.5904157308640792,scr2001,stInflow,reservoir
pt,h0207,1.5904157308640792,scr2001,stInflow,reservoir
pt,h0208,1.5904157308640792,scr2001,stInflow,reservoir
pt,h0209,1.5904157308640792,scr2001,stInflow,reservoir
pt,h0210,1.5904157308640792,scr2001,stInflow,reservoir
pt,h0211,1.5101358624074657,scr2001,stInflow,reservoir
pt,h0212,1.4300227868130155,scr2001,stInflow,reservoir
pt,h0213,1.3500852570593882,scr2001,stInflow,reservoir
pt,h0214,1.3500852570593882,scr2001,stInflow,reservoir
pt,h0215,1.3500852570593882,scr2001,stInflow,reservoir
pt,h0216,1.3500852570593882,scr2001,stInflow,reservoir
pt,h0217,1.3500852570593882,scr2001,stInflow,reservoir
pt,h0218,1.3500852570593882,scr2001,stInflow,reservoir
pt,h0219,1.3500852570593882,scr2001,stInflow,reservoir
pt,h0220,1.3500852570593882,scr2001,stInflow,reservoir
pt,h0221,1.3500852570593882,scr2001,stInflow,reservoir
pt,h0222,1.3500852570593882,scr2001,stInflow,reservoir
pt,h0223,1.246459250812483,scr2001,stInflow,reservoir
pt,h0224,1.1431708647406469,scr2001,stInflow,reservoir
pt,h0225,1.040248796757443,scr2001,stInflow,reservoir
pt,h0226,1.040248796757443,scr2001,stInflow,reservoir
pt,h0227,1.040248796757443,scr2001,stInflow,reservoir
pt,h0228,1.040248796757443,scr2001,stInflow,reservoir
pt,h0229,1.040248796757443,scr2001,stInflow,reservoir
pt,h0230,1.040248796757443,scr2001,stInflow,reservoir
pt,h0231,1.040248796757443,scr2001,stInflow,reservoir
pt,h0232,1.040248796757443,scr2001,stInflow,reservoir
pt,h0233,1.040248796757443,scr2001,stInflow,reservoir
pt,h0234,1.040248796757443,scr2001,stInflow,reservoir
pt,h0235,1.0661305442703648,scr2001,stInflow,reservoir
pt,h0236,1.0920370719616344,scr2001,stInflow,reservoir
pt,h0237,1.1179678250911549,scr2001,stInflow,reservoir
pt,h0238,1.1179678250911549,scr2001,stInflow,reservoir
pt,h0239,1.1179678250911549,scr2001,stInflow,reservoir
pt,h0240,1.1179678250911549,scr2001,stInflow,reservoir
ro,h0193,0.40919552837252593,scr2001,stInflow,reservoir
ro,h0194,0.40919552837252593,scr2001,stInflow,reservoir
ro,h0195,0.40919552837252593,scr2001,stInflow,reservoir
ro,h0196,0.40919552837252593,scr2001,stInflow,reservoir
ro,h0197,0.40919552837252593,scr2001,stInflow,reservoir
ro,h0198,0.40919552837252593,scr2001,stInflow,reservoir
ro,h0199,0.4154768004146614,scr2001,stInflow,reservoir
ro,h0200,0.4217628014859919,scr2001,stInflow,reservoir
ro,h0201,0.4280534650783461,scr2001,stInflow,reservoir
ro,h0202,0.4280534650783461,scr2001,stInflow,reservoir
ro,h0203,0.4280534650783461,scr2001,stInflow,reservoir
ro,h0204,0.4280534650783461,scr2001,stInflow,reservoir
ro,h0205,0.4280534650783461,scr2001,stInflow,reservoir
ro,h0206,0.4280534650783461,scr2001,stInflow,reservoir
ro,h0207,0.4280534650783461,scr2001,stInflow,reservoir
ro,h0208,0.4280534650783461,scr2001,stInflow,reservoir
ro,h0209,0.4280534650783461,scr2001,stInflow,reservoir
ro,h0210,0.4280534650783461,scr2001,stInflow,reservoir
ro,h0211,0.44089166425301185,scr2001,stInflow,reservoir
ro,h0212,0.45374844882943577,scr2001,stInflow,reservoir
ro,h0213,0.46662332293831055,scr2001,stInflow,reservoir
ro,h0214,0.46662332293831055,scr2001,stInflow,reservoir
ro,h0215,0.46662332293831055,scr2001,stInflow,reservoir
ro,h0216,0.46662332293831055,scr2001,stInflow,reservoir
ro,h0217,0.46662332293831055,scr2001,stInflow,reservoir
ro,h0218,0.46662332293831055,scr2001,stInflow,reservoir
ro,h0219,0.46662332293831055,scr2001,stInflow,reservoir
ro,h0220,0.46662332293831055,scr2001,stInflow,reservoir
ro,h0221,0.46662332293831055,scr2001,stInflow,reservoir
ro,h0222,0.46662332293831055,scr2001,stInflow,reservoir
ro,h0223,0.5037018771231332,scr2001,stInflow,reservoir
ro,h0224,0.5409158477537295,scr2001,stInflow,reservoir
ro,h0225,0.578256488113024,scr2001,stInflow,reservoir
ro,h0226,0.578256488113024,scr2001,stInflow,reservoir
ro,h0227,0.578256488113024,scr2001,stInflow,reservoir
ro,h0228,0.578256488113024,scr2001,stInflow,reservoir
ro,h0229,0.578256488113024,scr2001,stInflow,reservoir
ro,h0230,0.578256488113024,scr2001,stInflow,reservoir
ro,h0231,0.578256488113024,scr2001,stInflow,reservoir
ro,h0232,0.578256488113024,scr2001,stInflow,reservoir
ro,h0233,0.578256488113024,scr2001,stInflow,reservoir
ro,h0234,0.578256488113024,scr2001,stInflow,reservoir
ro,h0235,0.5625114398101603,scr2001,stInflow,reservoir
ro,h0236,0.546788050772976,scr2001,stInflow,reservoir
ro,h0237,0.5310869019453973,scr2001,stInflow,reservoir
ro,h0238,0.5310869019453973,scr2001,stInflow,reservoir
ro,h0239,0.5310869019453973,scr2001,stInflow,reservoir
ro,h0240,0.5310869019453973,scr2001,stInflow,reservoir
rs,h0193,0.027498673786087353,scr2001,stInflow,reservoir
rs,h0194,0.027498673786087353,scr2001,stInflow,reservoir
rs,h0195,0.027498673786087353,scr2001,stInflow,reservoir
rs,h0196,0.027498673786087353,scr2001,stInflow,reservoir
rs,h0197,0.027498673786087353,scr2001,stInflow,reservoir
rs,h0198,0.027498673786087353,scr2001,stInflow,reservoir
rs,h0199,0.031541273505157966,scr2001,stInflow,reservoir
rs,h0200,0.03555877532885404,scr2001,stInflow,reservoir
rs,h0201,0.039554100725598326,scr2001,stInflow,reservoir
rs,h0202,0.039554100725598326,scr2001,stInflow,reservoir
rs,h0203,0.039554100725598326,scr2001,stInflow,reservoir
rs,h0204,0.039554100725598326,scr2001,stInflow,reservoir
rs,h0205,0.039554100725598326,scr2001,stInflow,reservoir
rs,h0206,0.039554100725598326,scr2001,stInflow,reservoir
rs,h0207,0.039554100725598326,scr2001,stInflow,reservoir
rs,h0208,0.039554100725598326,scr2001,stInflow,reservoir
rs,h0209,0.039554100725598326,scr2001,stInflow,reservoir
rs,h0210,0.039554100725598326,scr2001,stInflow,reservoir
rs,h0211,0.05622593489308589,scr2001,stInflow,reservoir
rs,h0212,0.07264940392611548,scr2001,stInflow,reservoir
rs,h0213,0.08888498264783207,scr2001,stInflow,reservoir
rs,h0214,0.08888498264783207,scr2001,stInflow,reservoir
rs,h0215,0.08888498264783207,scr2001,stInflow,reservoir
rs,h0216,0.08888498264783207,scr2001,stInflow,reservoir
rs,h0217,0.08888498264783207,scr2001,stInflow,reservoir
rs,h0218,0.08888498264783207,scr2001,stInflow,reservoir
rs,h0219,0.08888498264783207,scr2001,stInflow,reservoir
rs,h0220,0.08888498264783207,scr2001,stInflow,reservoir
rs,h0221,0.08888498264783207,scr2001,stInflow,reservoir
rs,h0222,0.08888498264783207,scr2001,stInflow,reservoir
rs,h0223,0.08798146820277905,scr2001,stInflow,reservoir
rs,h0224,0.08707747981559193,scr2001,stInflow,reservoir
rs,h0225,0.08617301219986596,scr2001,stInflow,reservoir
rs,h0226,0.08617301219986596,scr2001,stInflow,reservoir
rs,h0227,0.08617301219986596,scr2001,stInflow,reservoir
rs,h0228,0.08617301219986596,scr2001,stInflow,reservoir
rs,h0229,0.08617301219986596,scr2001,stInflow,reservoir
rs,h0230,0.08617301219986596,scr2001,stInflow,reservoir
rs,h0231,0.08617301219986596,scr2001,stInflow,reservoir
rs,h0232,0.08617301219986596,scr2001,stInflow,reservoir
rs,h0233,0.08617301219986596,scr2001,stInflow,reservoir
rs,h0234,0.08617301219986596,scr2001,stInflow,reservoir
rs,h0235,0.08937808260222646,scr2001,stInflow,reservoir
rs,h0236,0.09257729236746773,scr2001,stInflow,reservoir
rs,h0237,0.09577085904500654,scr2001,stInflow,reservoir
rs,h0238,0.09577085904500654,scr2001,stInflow,reservoir
rs,h0239,0.09577085904500654,scr2001,stInflow,reservoir
rs,h0240,0.09577085904500654,scr2001,stInflow,reservoir
se_1,h0193,0.33270298838251156,scr2001,stInflow,reservoir
se_1,h0194,0.33270298838251156,scr2001,stInflow,reservoir
se_1,h0195,0.33270298838251156,scr2001,stInflow,reservoir
se_1,h0196,0.33270298838251156,scr2001,stInflow,reservoir
se_1,h0197,0.33270298838251156,scr2001,stInflow,reservoir
se_1,h0198,0.33270298838251156,scr2001,stInflow,reservoir
se_1,h0199,0.3045629783530779,scr2001,stInflow,reservoir
se_1,h0200,0.27642322867137625,scr2001,stInflow,reservoir
se_1,h0201,0.24828376592364038,scr2001,stInflow,reservoir
se_1,h0202,0.24828376592364038,scr2001,stInflow,reservoir
se_1,h0203,0.24828376592364038,scr2001,stInflow,reservoir
se_1,h0204,0.24828376592364038,scr2001,stInflow,reservoir
se_1,h0205,0.24828376592364038,scr2001,stInflow,reservoir
se_1,h0206,0.24828376592364038,scr2001,stInflow,reservoir
se_1,h0207,0.24828376592364038,scr2001,stInflow,reservoir
se_1,h0208,0.24828376592364038,scr2001,stInflow,reservoir
se_1,h0209,0.24828376592364038,scr2001,stInflow,reservoir
se_1,h0210,0.24828376592364038,scr2001,stInflow,reservoir
se_1,h0211,0.36430984637058916,scr2001,stInflow,reservoir
se_1,h0212,0.4803396870029043,scr2001,stInflow,reservoir
se_1,h0213,0.5963723581676362,scr2001,stInflow,reservoir
se_1,h0214,0.5963723581676362,scr2001,stInflow,reservoir
se_1,h0215,0.5963723581676362,scr2001,stInflow,reservoir
se_1,h0216,0.5963723581676362,scr2001,stInflow,reservoir
se_1,h0217,0.5963723581676362,scr2001,stInflow,reservoir
se_1,h0218,0.5963723581676362,scr2001,stInflow,reservoir
se_1,h0219,0.5963723581676362,scr2001,stInflow,reservoir
se_1,h0220,0.5963723581676362,scr2001,stInflow,reservoir
se_1,h0221,0.5963723581676362,scr2001,stInflow,reservoir
se_1,h0222,0.5963723581676362,scr2001,stInflow,reservoir
se_1,h0223,0.9807437568741976,scr2001,stInflow,reservoir
se_1,h0224,1.3651306304423911,scr2001,stInflow,reservoir
se_1,h0225,1.7495284744071398,scr2001,stInflow,reservoir
se_1,h0226,1.7495284744071398,scr2001,stInflow,reservoir
se_1,h0227,1.7495284744071398,scr2001,stInflow,reservoir
se_1,h0228,1.7495284744071398,scr2001,stInflow,reservoir
se_1,h0229,1.7495284744071398,scr2001,stInflow,reservoir
se_1,h0230,1.7495284744071398,scr2001,stInflow,reservoir
se_1,h0231,1.7495284744071398,scr2001,stInflow,reservoir
se_1,h0232,1.7495284744071398,scr2001,stInflow,reservoir
se_1,h0233,1.7495284744071398,scr2001,stInflow,reservoir
se_1,h0234,1.7495284744071398,scr2001,stInflow,reservoir
se_1,h0235,2.719701186725692,scr2001,stInflow,reservoir
se_1,h0236,3.6899092789381585,scr2001,stInflow,reservoir
se_1,h0237,4.660143181868628,scr2001,stInflow,reservoir
se_1,h0238,4.660143181868628,scr2001,stInflow,reservoir
se_1,h0239,4.660143181868628,scr2001,stInflow,reservoir
se_1,h0240,4.660143181868628,scr2001,stInflow,reservoir
se_2,h0193,1.2412252351713597,scr2001,stInflow,reservoir
se_2,h0194,1.2412252351713597,scr2001,stInflow,reservoir
se_2,h0195,1.2412252351713597,scr2001,stInflow,reservoir
se_2,h0196,1.2412252351713597,scr2001,stInflow,reservoir
se_2,h0197,1.2412252351713597,scr2001,stInflow,reservoir
se_2,h0198,1.2412252351713597,scr2001,stInflow,reservoir
se_2,h0199,1.1858752078956907,scr2001,stInflow,reservoir
se_2,h0200,1.1305781479575936,scr2001,stInflow,reservoir
se_2,h0201,1.0753366510418743,scr2001,stInflow,reservoir
se_2,h0202,1.0753366510418743,scr2001,stInflow,reservoir
se_2,h0203,1.0753366510418743,scr2001,stInflow,reservoir
se_2,h0204,1.0753366510418743,scr2001,stInflow,reservoir
se_2,h0205,1.0753366510418743,scr2001,stInflow,reservoir
se_2,h0206,1.0753366510418743,scr2001,stInflow,reservoir
se_2,h0207,1.0753366510418743,scr2001,stInflow,reservoir
se_2,h0208,1.0753366510418743,scr2001,stInflow,reservoir
se_2,h0209,1.0753366510418743,scr2001,stInflow,reservoir
se_2,h0210,1.0753366510418743,scr2001,stInflow,reservoir
se_2,h0211,1.9291350004529217,scr2001,stInflow,reservoir
se_2,h0212,2.790917945883199,scr2001,stInflow,reservoir
se_2,h0213,3.658157132202451,scr2001,stInflow,reservoir
se_2,h0214,3.658157132202451,scr2001,stInflow,reservoir
se_2,h0215,3.658157132202451,scr2001,stInflow,reservoir
se_2,h0216,3.658157132202451,scr2001,stInflow,reservoir
se_2,h0217,3.658157132202451,scr2001,stInflow,reservoir
se_2,h0218,3.658157132202451,scr2001,stInflow,reservoir
se_2,h0219,3.658157132202451,scr2001,stInflow,reservoir
se_2,h0220,3.658157132202451,scr2001,stInflow,reservoir
se_2,h0221,3.658157132202451,scr2001,stInflow,reservoir
se_2,h0222,3.658157132202451,scr2001,stInflow,reservoir
se_2,h0223,5.946377453275767,scr2001,stInflow,reservoir
se_2,h0224,8.252683741350799,scr2001,stInflow,reservoir
se_2,h0225,10.572004662486563,scr2001,stInflow,reservoir
se_2,h0226,10.572004662486563,scr2001,stInflow,reservoir
se_2,h0227,10.572004662486563,scr2001,stInflow,reservoir
se_2,h0228,10.572004662486563,scr2001,stInflow,reservoir
se_2,h0229,10.572004662486563,scr2001,stInflow,reservoir
se_2,h0230,10.572004662486563,scr2001,stInflow,reservoir
se_2,h0231,10.572004662486563,scr2001,stInflow,reservoir
se_2,h0232,10.572004662486563,scr2001,stInflow,reservoir
se_2,h0233,10.572004662486563,scr2001,stInflow,reservoir
se_2,h0234,10.572004662486563,scr2001,stInflow,reservoir
se_2,h0235,12.796405462889746,scr2001,stInflow,reservoir
se_2,h0236,15.028518034027025,scr2001,stInflow,reservoir
se_2,h0237,17.26722662564031,scr2001,stInflow,reservoir
se_2,h0238,17.26722662564031,scr2001,stInflow,reservoir
se_2,h0239,17.26722662564031,scr2001,stInflow,reservoir
se_2,h0240,17.26722662564031,scr2001,stInflow,reservoir
se_3,h0193,1.7529344644924496,scr2001,stInflow,reservoir
se_3,h0194,1.7529344644924496,scr2001,stInflow,reservoir
se_3,h0195,1.7529344644924496,scr2001,stInflow,reservoir
se_3,h0196,1.7529344644924496,scr2001,stInflow,reservoir
se_3,h0197,1.7529344644924496,scr2001,stInflow,reservoir
se_3,h0198,1.7529344644924496,scr2001,stInflow,reservoir
se_3,h0199,1.6435335936480753,scr2001,stInflow,reservoir
se_3,h0200,1.5342785238488688,scr2001,stInflow,reservoir
se_3,h0201,1.4251794093999006,scr2001,stInflow,reservoir
se_3,h0202,1.4251794093999006,scr2001,stInflow,reservoir
se_3,h0203,1.4251794093999006,scr2001,stInflow,reservoir
se_3,h0204,1.4251794093999006,scr2001,stInflow,reservoir
se_3,h0205,1.4251794093999006,scr2001,stInflow,reservoir
se_3,h0206,1.4251794093999006,scr2001,stInflow,reservoir
se_3,h0207,1.4251794093999006,scr2001,stInflow,reservoir
se_3,h0208,1.4251794093999006,scr2001,stInflow,reservoir
se_3,h0209,1.4251794093999006,scr2001,stInflow,reservoir
se_3,h0210,1.4251794093999006,scr2001,stInflow,reservoir
se_3,h0211,1.8202283087060769,scr2001,stInflow,reservoir
se_3,h0212,2.2170134432062683,scr2001,stInflow,reservoir
se_3,h0213,2.615227877118606,scr2001,stInflow,reservoir
se_3,h0214,2.615227877118606,scr2001,stInflow,reservoir
se_3,h0215,2.615227877118606,scr2001,stInflow,reservoir
se_3,h0216,2.615227877118606,scr2001,stInflow,reservoir
se_3,h0217,2.615227877118606,scr2001,stInflow,reservoir
se_3,h0218,2.615227877118606,scr2001,stInflow,reservoir
se_3,h0219,2.615227877118606,scr2001,stInflow,reservoir
se_3,h0220,2.615227877118606,scr2001,stInflow,reservoir
se_3,h0221,2.615227877118606,scr2001,stInflow,reservoir
se_3,h0222,2.615227877118606,scr2001,stInflow,reservoir
se_3,h0223,3.0888439984899665,scr2001,stInflow,reservoir
se_3,h0224,3.563913760669885,scr2001,stInflow,reservoir
se_3,h0225,4.040247908622908,scr2001,stInflow,reservoir
se_3,h0226,4.040247908622908,scr2001,stInflow,reservoir
se_3,h0227,4.040247908622908,scr2001,stInflow,reservoir
se_3,h0228,4.040247908622908,scr2001,stInflow,reservoir
se_3,h0229,4.040247908622908,scr2001,stInflow,reservoir
se_3,h0230,4.040247908622908,scr2001,stInflow,reservoir
se_3,h0231,4.040247908622908,scr2001,stInflow,reservoir
se_3,h0232,4.040247908622908,scr2001,stInflow,reservoir
se_3,h0233,4.040247908622908,scr2001,stInflow,reservoir
se_3,h0234,4.040247908622908,scr2001,stInflow,reservoir
se_3,h0235,3.8563525931296314,scr2001,stInflow,reservoir
se_3,h0236,3.672631187289333,scr2001,stInflow,reservoir
se_3,h0237,3.489092108357472,scr2001,stInflow,reservoir
se_3,h0238,3.489092108357472,scr2001,stInflow,reservoir
se_3,h0239,3.489092108357472,scr2001,stInflow,reservoir
se_3,h0240,3.489092108357472,scr2001,stInflow,reservoir
se_4,h0193,0.18165240743528277,scr2001,stInflow,reservoir
se_4,h0194,0.18165240743528277,scr2001,stInflow,reservoir
se_4,h0195,0.18165240743528277,scr2001,stInflow,reservoir
se_4,h0196,0.18165240743528277,scr2001,stInflow,reservoir
se_4,h0197,0.18165240743528277,scr2001,stInflow,reservoir
se_4,h0198,0.18165240743528277,scr2001,stInflow,reservoir
se_4,h0199,0.17395517386693748,scr2001,stInflow,reservoir
se_4,h0200,0.16627126986941954,scr2001,stInflow,reservoir
se_4,h0201,0.1586012731422421,scr2001,stInflow,reservoir
se_4,h0202,0.1586012731422421,scr2001,stInflow,reservoir
se_4,h0203,0.1586012731422421,scr2001,stInflow,reservoir
se_4,h0204,0.1586012731422421,scr2001,stInflow,reservoir
se_4,h0205,0.1586012731422421,scr2001,stInflow,reservoir
se_4,h0206,0.1586012731422421,scr2001,stInflow,reservoir
se_4,h0207,0.1586012731422421,scr2001,stInflow,reservoir
se_4,h0208,0.1586012731422421,scr2001,stInflow,reservoir
se_4,h0209,0.1586012731422421,scr2001,stInflow,reservoir
se_4,h0210,0.1586012731422421,scr2001,stInflow,reservoir
se_4,h0211,0.18434326604910112,scr2001,stInflow,reservoir
se_4,h0212,0.21022723944345717,scr2001,stInflow,reservoir
se_4,h0213,0.2362366732202742,scr2001,stInflow,reservoir
se_4,h0214,0.2362366732202742,scr2001,stInflow,reservoir
se_4,h0215,0.2362366732202742,scr2001,stInflow,reservoir
se_4,h0216,0.2362366732202742,scr2001,stInflow,reservoir
se_4,h0217,0.2362366732202742,scr2001,stInflow,reservoir
se_4,h0218,0.2362366732202742,scr2001,stInflow,reservoir
se_4,h0219,0.2362366732202742,scr2001,stInflow,reservoir
se_4,h0220,0.2362366732202742,scr2001,stInflow,reservoir
se_4,h0221,0.2362366732202742,scr2001,stInflow,reservoir
se_4,h0222,0.2362366732202742,scr2001,stInflow,reservoir
se_4,h0223,0.22164363640005924,scr2001,stInflow,reservoir
se_4,h0224,0.207088051864328,scr2001,stInflow,reservoir
se_4,h0225,0.1925723797709215,scr2001,stInflow,reservoir
se_4,h0226,0.1925723797709215,scr2001,stInflow,reservoir
se_4,h0227,0.1925723797709215,scr2001,stInflow,reservoir
se_4,h0228,0.1925723797709215,scr2001,stInflow,reservoir
se_4,h0229,0.1925723797709215,scr2001,stInflow,reservoir
se_4,h0230,0.1925723797709215,scr2001,stInflow,reservoir
se_4,h0231,0.1925723797709215,scr2001,stInflow,reservoir
se_4,h0232,0.1925723797709215,scr2001,stInflow,reservoir
se_4,h0233,0.1925723797709215,scr2001,stInflow,reservoir
se_4,h0234,0.1925723797709215,scr2001,stInflow,reservoir
se_4,h0235,0.1708541638049088,scr2001,stInflow,reservoir
se_4,h0236,0.14924392402437425,scr2001,stInflow,reservoir
se_4,h0237,0.12775637976544016,scr2001,stInflow,reservoir
se_4,h0238,0.12775637976544016,scr2001,stInflow,reservoir
se_4,h0239,0.12775637976544016,scr2001,stInflow,reservoir
se_4,h0240,0.12775637976544016,scr2001,stInflow,reservoir
sk,h0193,0.009899001610192075,scr2001,stInflow,reservoir
sk,h0194,0.009899001610192075,scr2001,stInflow,reservoir
sk,h0195,0.009899001610192075,scr2001,stInflow,reservoir
sk,h0196,0.009899001610192075,scr2001,stInflow,reservoir
sk,h0197,0.009899001610192075,scr2001,stInflow,reservoir
sk,h0198,0.009899001610192075,scr2001,stInflow,reservoir
sk,h0199,0.009972731237820786,scr2001,stInflow,reservoir
sk,h0200,0.01004645000630863,scr2001,stInflow,reservoir
sk,h0201,0.010120157997023836,scr2001,stInflow,reservoir
sk,h0202,0.010120157997023836,scr2001,stInflow,reservoir
sk,h0203,0.010120157997023836,scr2001,stInflow,reservoir
sk,h0204,0.010120157997023836,scr2001,stInflow,reservoir
sk,h0205,0.010120157997023836,scr2001,stInflow,reservoir
sk,h0206,0.010120157997023836,scr2001,stInflow,reservoir
sk,h0207,0.010120157997023836,scr2001,stInflow,reservoir
sk,h0208,0.010120157997023836,scr2001,stInflow,reservoir
sk,h0209,0.010120157997023836,scr2001,stInflow,reservoir
sk,h0210,0.010120157997023836,scr2001,stInflow,reservoir
sk,h0211,0.010613356655737555,scr2001,stInflow,reservoir
sk,h0212,0.011106098415772377,scr2001,stInflow,reservoir
sk,h0213,0.011598404012088195,scr2001,stInflow,reservoir
sk,h0214,0.011598404012088195,scr2001,stInflow,reservoir
sk,h0215,0.011598404012088195,scr2001,stInflow,reservoir
sk,h0216,0.011598404012088195,scr2001,stInflow,reservoir
sk,h0217,0.011598404012088195,scr2001,stInflow,reservoir
sk,h0218,0.011598404012088195,scr2001,stInflow,reservoir
sk,h0219,0.011598404012088195,scr2001,stInflow,reservoir
sk,h0220,0.011598404012088195,scr2001,stInflow,reservoir
sk,h0221,0.011598404012088195,scr2001,stInflow,reservoir
sk,h0222,0.011598404012088195,scr2001,stInflow,reservoir
sk,h0223,0.011823372025687649,scr2001,stInflow,reservoir
sk,h0224,0.012048254528744282,scr2001,stInflow,reservoir
sk,h0225,0.012273053155932308,scr2001,stInflow,reservoir
sk,h0226,0.012273053155932308,scr2001,stInflow,reservoir
sk,h0227,0.012273053155932308,scr2001,stInflow,reservoir
sk,h0228,0.012273053155932308,scr2001,stInflow,reservoir
sk,h0229,0.012273053155932308,scr2001,stInflow,reservoir
sk,h0230,0.012273053155932308,scr2001,stInflow,reservoir
sk,h0231,0.012273053155932308,scr2001,stInflow,reservoir
sk,h0232,0.012273053155932308,scr2001,stInflow,reservoir
sk,h0233,0.012273053155932308,scr2001,stInflow,reservoir
sk,h0234,0.012273053155932308,scr2001,stInflow,reservoir
sk,h0235,0.011879323306719178,scr2001,stInflow,reservoir
sk,h0236,0.011485332443963929,scr2001,stInflow,reservoir
sk,h0237,0.011091071392130756,scr2001,stInflow,reservoir
sk,h0238,0.011091071392130756,scr2001,stInflow,reservoir
sk,h0239,0.011091071392130756,scr2001,stInflow,reservoir
sk,h0240,0.011091071392130756,scr2001,stInflow,reservoir
