region_3,category,timestep_6,value,scenario_1,parameter,technology_3
al,1,h0049,0.0,scr2010,avaConv,pvInd_a
al,1,h0050,0.0,scr2010,avaConv,pvInd_a
al,1,h0051,0.0,scr2010,avaConv,pvInd_a
al,1,h0052,0.0,scr2010,avaConv,pvInd_a
al,1,h0053,0.0,scr2010,avaConv,pvInd_a
al,1,h0054,0.0,scr2010,avaConv,pvInd_a
al,1,h0055,0.0,scr2010,avaConv,pvInd_a
al,1,h0056,0.014007687414454474,scr2010,avaConv,pvInd_a
al,1,h0057,0.047817944236236226,scr2010,avaConv,pvInd_a
al,1,h0058,0.10218598850720413,scr2010,avaConv,pvInd_a
al,1,h0059,0.16257733706903235,scr2010,avaConv,pvInd_a
al,1,h0060,0.2060993341258148,scr2010,avaConv,pvInd_a
al,1,h0061,0.3436214692619598,scr2010,avaConv,pvInd_a
al,1,h0062,0.431041285776394,scr2010,avaConv,pvInd_a
al,1,h0063,0.4593366297409278,scr2010,avaConv,pvInd_a
al,1,h0064,0.30855305172895636,scr2010,avaConv,pvInd_a
al,1,h0065,0.144880943504038,scr2010,avaConv,pvInd_a
al,1,h0066,0.04095453961904156,scr2010,avaConv,pvInd_a
al,1,h0067,0.0,scr2010,avaConv,pvInd_a
al,1,h0068,0.0,scr2010,avaConv,pvInd_a
al,1,h0069,0.0,scr2010,avaConv,pvInd_a
al,1,h0070,0.0,scr2010,avaConv,pvInd_a
al,1,h0071,0.0,scr2010,avaConv,pvInd_a
al,1,h0072,0.0,scr2010,avaConv,pvInd_a
al,1,h0073,0.0,scr2010,avaConv,pvInd_a
al,1,h0074,0.0,scr2010,avaConv,pvInd_a
al,1,h0075,0.0,scr2010,avaConv,pvInd_a
al,1,h0076,0.0,scr2010,avaConv,pvInd_a
al,1,h0077,0.0,scr2010,avaConv,pvInd_a
al,1,h0078,0.0,scr2010,avaConv,pvInd_a
al,1,h0079,0.00036883773061747766,scr2010,avaConv,pvInd_a
al,1,h0080,0.019542077312515782,scr2010,avaConv,pvInd_a
al,1,h0081,0.05247749691207809,scr2010,avaConv,pvInd_a
al,1,h0082,0.09473039949485128,scr2010,avaConv,pvInd_a
al,1,h0083,0.1323978283107321,scr2010,avaConv,pvInd_a
al,1,h0084,0.16979110028785735,scr2010,avaConv,pvInd_a
al,1,h0085,0.2511457926615106,scr2010,avaConv,pvInd_a
al,1,h0086,0.2909775233660624,scr2010,avaConv,pvInd_a
al,1,h0087,0.2864477274302893,scr2010,avaConv,pvInd_a
al,1,h0088,0.19005576091645837,scr2010,avaConv,pvInd_a
al,1,h0089,0.09159593302891289,scr2010,avaConv,pvInd_a
al,1,h0090,0.026398107372391535,scr2010,avaConv,pvInd_a
al,1,h0091,0.0,scr2010,avaConv,pvInd_a
al,1,h0092,0.0,scr2010,avaConv,pvInd_a
al,1,h0093,0.0,scr2010,avaConv,pvInd_a
al,1,h0094,0.0,scr2010,avaConv,pvInd_a
al,1,h0095,0.0,scr2010,avaConv,pvInd_a
al,1,h0096,0.0,scr2010,avaConv,pvInd_a
at,1,h0049,0.0,scr2010,avaConv,pvInd_a
at,1,h0050,0.0,scr2010,avaConv,pvInd_a
at,1,h0051,0.0,scr2010,avaConv,pvInd_a
at,1,h0052,0.0,scr2010,avaConv,pvInd_a
at,1,h0053,0.0,scr2010,avaConv,pvInd_a
at,1,h0054,0.0,scr2010,avaConv,pvInd_a
at,1,h0055,0.0,scr2010,avaConv,pvInd_a
at,1,h0056,0.010346484638606586,scr2010,avaConv,pvInd_a
at,1,h0057,0.055860647068920306,scr2010,avaConv,pvInd_a
at,1,h0058,0.14562026702333877,scr2010,avaConv,pvInd_a
at,1,h0059,0.2402168485370426,scr2010,avaConv,pvInd_a
at,1,h0060,0.3010584076436418,scr2010,avaConv,pvInd_a
at,1,h0061,0.4358124726286052,scr2010,avaConv,pvInd_a
at,1,h0062,0.52001520381818,scr2010,avaConv,pvInd_a
at,1,h0063,0.537479758300908,scr2010,avaConv,pvInd_a
at,1,h0064,0.3650147069180392,scr2010,avaConv,pvInd_a
at,1,h0065,0.17234935452043842,scr2010,avaConv,pvInd_a
at,1,h0066,0.05049501003179397,scr2010,avaConv,pvInd_a
at,1,h0067,0.0,scr2010,avaConv,pvInd_a
at,1,h0068,0.0,scr2010,avaConv,pvInd_a
at,1,h0069,0.0,scr2010,avaConv,pvInd_a
at,1,h0070,0.0,scr2010,avaConv,pvInd_a
at,1,h0071,0.0,scr2010,avaConv,pvInd_a
at,1,h0072,0.0,scr2010,avaConv,pvInd_a
at,1,h0073,0.0,scr2010,avaConv,pvInd_a
at,1,h0074,0.0,scr2010,avaConv,pvInd_a
at,1,h0075,0.0,scr2010,avaConv,pvInd_a
at,1,h0076,0.0,scr2010,avaConv,pvInd_a
at,1,h0077,0.0,scr2010,avaConv,pvInd_a
at,1,h0078,0.0,scr2010,avaConv,pvInd_a
at,1,h0079,0.0,scr2010,avaConv,pvInd_a
at,1,h0080,0.00930285018312709,scr2010,avaConv,pvInd_a
at,1,h0081,0.0460349497015887,scr2010,avaConv,pvInd_a
at,1,h0082,0.11474542996959158,scr2010,avaConv,pvInd_a
at,1,h0083,0.19690103218127658,scr2010,avaConv,pvInd_a
at,1,h0084,0.26557187686424355,scr2010,avaConv,pvInd_a
at,1,h0085,0.34897286173364545,scr2010,avaConv,pvInd_a
at,1,h0086,0.3885738999569323,scr2010,avaConv,pvInd_a
at,1,h0087,0.37991685805003556,scr2010,avaConv,pvInd_a
at,1,h0088,0.2727011179510657,scr2010,avaConv,pvInd_a
at,1,h0089,0.14317532090971008,scr2010,avaConv,pvInd_a
at,1,h0090,0.04644249911020707,scr2010,avaConv,pvInd_a
at,1,h0091,0.0038063857438089973,scr2010,avaConv,pvInd_a
at,1,h0092,0.0,scr2010,avaConv,pvInd_a
at,1,h0093,0.0,scr2010,avaConv,pvInd_a
at,1,h0094,0.0,scr2010,avaConv,pvInd_a
at,1,h0095,0.0,scr2010,avaConv,pvInd_a
at,1,h0096,0.0,scr2010,avaConv,pvInd_a
ba,1,h0049,0.0,scr2010,avaConv,pvInd_a
ba,1,h0050,0.0,scr2010,avaConv,pvInd_a
ba,1,h0051,0.0,scr2010,avaConv,pvInd_a
ba,1,h0052,0.0,scr2010,avaConv,pvInd_a
ba,1,h0053,0.0,scr2010,avaConv,pvInd_a
ba,1,h0054,0.0,scr2010,avaConv,pvInd_a
ba,1,h0055,0.0,scr2010,avaConv,pvInd_a
ba,1,h0056,0.015073357173032704,scr2010,avaConv,pvInd_a
ba,1,h0057,0.06749972015631928,scr2010,avaConv,pvInd_a
ba,1,h0058,0.16438511275384124,scr2010,avaConv,pvInd_a
ba,1,h0059,0.2704085142404175,scr2010,avaConv,pvInd_a
ba,1,h0060,0.34089173565772607,scr2010,avaConv,pvInd_a
ba,1,h0061,0.49072669838532534,scr2010,avaConv,pvInd_a
ba,1,h0062,0.5795192341930431,scr2010,avaConv,pvInd_a
ba,1,h0063,0.6045545588725901,scr2010,avaConv,pvInd_a
ba,1,h0064,0.42602397204781417,scr2010,avaConv,pvInd_a
ba,1,h0065,0.21578288698194198,scr2010,avaConv,pvInd_a
ba,1,h0066,0.06801389585488742,scr2010,avaConv,pvInd_a
ba,1,h0067,0.0,scr2010,avaConv,pvInd_a
ba,1,h0068,0.0,scr2010,avaConv,pvInd_a
ba,1,h0069,0.0,scr2010,avaConv,pvInd_a
ba,1,h0070,0.0,scr2010,avaConv,pvInd_a
ba,1,h0071,0.0,scr2010,avaConv,pvInd_a
ba,1,h0072,0.0,scr2010,avaConv,pvInd_a
ba,1,h0073,0.0,scr2010,avaConv,pvInd_a
ba,1,h0074,0.0,scr2010,avaConv,pvInd_a
ba,1,h0075,0.0,scr2010,avaConv,pvInd_a
ba,1,h0076,0.0,scr2010,avaConv,pvInd_a
ba,1,h0077,0.0,scr2010,avaConv,pvInd_a
ba,1,h0078,0.0,scr2010,avaConv,pvInd_a
ba,1,h0079,0.0,scr2010,avaConv,pvInd_a
ba,1,h0080,0.02540194357710403,scr2010,avaConv,pvInd_a
ba,1,h0081,0.09485589149965742,scr2010,avaConv,pvInd_a
ba,1,h0082,0.1958365359996118,scr2010,avaConv,pvInd_a
ba,1,h0083,0.28916421082155774,scr2010,avaConv,pvInd_a
ba,1,h0084,0.34374447612912296,scr2010,avaConv,pvInd_a
ba,1,h0085,0.4514568178572262,scr2010,avaConv,pvInd_a
ba,1,h0086,0.49764912974073694,scr2010,avaConv,pvInd_a
ba,1,h0087,0.4832805479595009,scr2010,avaConv,pvInd_a
ba,1,h0088,0.32802619704812813,scr2010,avaConv,pvInd_a
ba,1,h0089,0.1652390883076095,scr2010,avaConv,pvInd_a
ba,1,h0090,0.055536412325051666,scr2010,avaConv,pvInd_a
ba,1,h0091,0.002385064694607214,scr2010,avaConv,pvInd_a
ba,1,h0092,0.0,scr2010,avaConv,pvInd_a
ba,1,h0093,0.0,scr2010,avaConv,pvInd_a
ba,1,h0094,0.0,scr2010,avaConv,pvInd_a
ba,1,h0095,0.0,scr2010,avaConv,pvInd_a
ba,1,h0096,0.0,scr2010,avaConv,pvInd_a
be,1,h0049,0.0,scr2010,avaConv,pvInd_a
be,1,h0050,0.0,scr2010,avaConv,pvInd_a
be,1,h0051,0.0,scr2010,avaConv,pvInd_a
be,1,h0052,0.0,scr2010,avaConv,pvInd_a
be,1,h0053,0.0,scr2010,avaConv,pvInd_a
be,1,h0054,0.0,scr2010,avaConv,pvInd_a
be,1,h0055,0.0,scr2010,avaConv,pvInd_a
be,1,h0056,0.0,scr2010,avaConv,pvInd_a
be,1,h0057,0.022406569989896947,scr2010,avaConv,pvInd_a
be,1,h0058,0.08535947912929445,scr2010,avaConv,pvInd_a
be,1,h0059,0.19258551584696437,scr2010,avaConv,pvInd_a
be,1,h0060,0.33017445378881033,scr2010,avaConv,pvInd_a
be,1,h0061,0.2810004639992316,scr2010,avaConv,pvInd_a
be,1,h0062,0.18722470954217457,scr2010,avaConv,pvInd_a
be,1,h0063,0.040560439333879095,scr2010,avaConv,pvInd_a
be,1,h0064,0.02937247350392664,scr2010,avaConv,pvInd_a
be,1,h0065,0.015229687398683297,scr2010,avaConv,pvInd_a
be,1,h0066,0.00449683834681781,scr2010,avaConv,pvInd_a
be,1,h0067,0.0,scr2010,avaConv,pvInd_a
be,1,h0068,0.0,scr2010,avaConv,pvInd_a
be,1,h0069,0.0,scr2010,avaConv,pvInd_a
be,1,h0070,0.0,scr2010,avaConv,pvInd_a
be,1,h0071,0.0,scr2010,avaConv,pvInd_a
be,1,h0072,0.0,scr2010,avaConv,pvInd_a
be,1,h0073,0.0,scr2010,avaConv,pvInd_a
be,1,h0074,0.0,scr2010,avaConv,pvInd_a
be,1,h0075,0.0,scr2010,avaConv,pvInd_a
be,1,h0076,0.0,scr2010,avaConv,pvInd_a
be,1,h0077,0.0,scr2010,avaConv,pvInd_a
be,1,h0078,0.0,scr2010,avaConv,pvInd_a
be,1,h0079,0.0,scr2010,avaConv,pvInd_a
be,1,h0080,0.0,scr2010,avaConv,pvInd_a
be,1,h0081,0.018253787162524033,scr2010,avaConv,pvInd_a
be,1,h0082,0.06737535641710662,scr2010,avaConv,pvInd_a
be,1,h0083,0.1510248613513146,scr2010,avaConv,pvInd_a
be,1,h0084,0.23776262122768263,scr2010,avaConv,pvInd_a
be,1,h0085,0.3032626058904087,scr2010,avaConv,pvInd_a
be,1,h0086,0.3196569130375082,scr2010,avaConv,pvInd_a
be,1,h0087,0.28908757777455407,scr2010,avaConv,pvInd_a
be,1,h0088,0.21660843347371886,scr2010,avaConv,pvInd_a
be,1,h0089,0.13221703253837014,scr2010,avaConv,pvInd_a
be,1,h0090,0.05714556866390485,scr2010,avaConv,pvInd_a
be,1,h0091,0.01497856450242091,scr2010,avaConv,pvInd_a
be,1,h0092,0.0,scr2010,avaConv,pvInd_a
be,1,h0093,0.0,scr2010,avaConv,pvInd_a
be,1,h0094,0.0,scr2010,avaConv,pvInd_a
be,1,h0095,0.0,scr2010,avaConv,pvInd_a
be,1,h0096,0.0,scr2010,avaConv,pvInd_a
bg,1,h0049,0.0,scr2010,avaConv,pvInd_a
bg,1,h0050,0.0,scr2010,avaConv,pvInd_a
bg,1,h0051,0.0,scr2010,avaConv,pvInd_a
bg,1,h0052,0.0,scr2010,avaConv,pvInd_a
bg,1,h0053,0.0,scr2010,avaConv,pvInd_a
bg,1,h0054,0.0,scr2010,avaConv,pvInd_a
bg,1,h0055,0.0008987011257611707,scr2010,avaConv,pvInd_a
bg,1,h0056,0.03637991023211143,scr2010,avaConv,pvInd_a
bg,1,h0057,0.12306555715449076,scr2010,avaConv,pvInd_a
bg,1,h0058,0.25857299159768604,scr2010,avaConv,pvInd_a
bg,1,h0059,0.378068749164751,scr2010,avaConv,pvInd_a
bg,1,h0060,0.44536332990978267,scr2010,avaConv,pvInd_a
bg,1,h0061,0.44137468892133314,scr2010,avaConv,pvInd_a
bg,1,h0062,0.387903053084503,scr2010,avaConv,pvInd_a
bg,1,h0063,0.29047718386412974,scr2010,avaConv,pvInd_a
bg,1,h0064,0.17774004711108818,scr2010,avaConv,pvInd_a
bg,1,h0065,0.07348974059090553,scr2010,avaConv,pvInd_a
bg,1,h0066,0.01714723173227031,scr2010,avaConv,pvInd_a
bg,1,h0067,0.0,scr2010,avaConv,pvInd_a
bg,1,h0068,0.0,scr2010,avaConv,pvInd_a
bg,1,h0069,0.0,scr2010,avaConv,pvInd_a
bg,1,h0070,0.0,scr2010,avaConv,pvInd_a
bg,1,h0071,0.0,scr2010,avaConv,pvInd_a
bg,1,h0072,0.0,scr2010,avaConv,pvInd_a
bg,1,h0073,0.0,scr2010,avaConv,pvInd_a
bg,1,h0074,0.0,scr2010,avaConv,pvInd_a
bg,1,h0075,0.0,scr2010,avaConv,pvInd_a
bg,1,h0076,0.0,scr2010,avaConv,pvInd_a
bg,1,h0077,0.0,scr2010,avaConv,pvInd_a
bg,1,h0078,0.0,scr2010,avaConv,pvInd_a
bg,1,h0079,0.016751230849114163,scr2010,avaConv,pvInd_a
bg,1,h0080,0.07725071518047416,scr2010,avaConv,pvInd_a
bg,1,h0081,0.199672110456987,scr2010,avaConv,pvInd_a
bg,1,h0082,0.3570938634117563,scr2010,avaConv,pvInd_a
bg,1,h0083,0.4955983863608596,scr2010,avaConv,pvInd_a
bg,1,h0084,0.5763286484164575,scr2010,avaConv,pvInd_a
bg,1,h0085,0.4845091244668192,scr2010,avaConv,pvInd_a
bg,1,h0086,0.37127161853527985,scr2010,avaConv,pvInd_a
bg,1,h0087,0.2447019327002583,scr2010,avaConv,pvInd_a
bg,1,h0088,0.19142242932640685,scr2010,avaConv,pvInd_a
bg,1,h0089,0.10166631416469332,scr2010,avaConv,pvInd_a
bg,1,h0090,0.029892309402810343,scr2010,avaConv,pvInd_a
bg,1,h0091,0.0,scr2010,avaConv,pvInd_a
bg,1,h0092,0.0,scr2010,avaConv,pvInd_a
bg,1,h0093,0.0,scr2010,avaConv,pvInd_a
bg,1,h0094,0.0,scr2010,avaConv,pvInd_a
bg,1,h0095,0.0,scr2010,avaConv,pvInd_a
bg,1,h0096,0.0,scr2010,avaConv,pvInd_a
ch,1,h0049,0.0,scr2010,avaConv,pvInd_a
ch,1,h0050,0.0,scr2010,avaConv,pvInd_a
ch,1,h0051,0.0,scr2010,avaConv,pvInd_a
ch,1,h0052,0.0,scr2010,avaConv,pvInd_a
ch,1,h0053,0.0,scr2010,avaConv,pvInd_a
ch,1,h0054,0.0,scr2010,avaConv,pvInd_a
ch,1,h0055,0.0,scr2010,avaConv,pvInd_a
ch,1,h0056,0.0,scr2010,avaConv,pvInd_a
ch,1,h0057,0.02577569643456143,scr2010,avaConv,pvInd_a
ch,1,h0058,0.09549534595600495,scr2010,avaConv,pvInd_a
ch,1,h0059,0.21281773456106504,scr2010,avaConv,pvInd_a
ch,1,h0060,0.36138660750886314,scr2010,avaConv,pvInd_a
ch,1,h0061,0.4183916704274499,scr2010,avaConv,pvInd_a
ch,1,h0062,0.41632137650083306,scr2010,avaConv,pvInd_a
ch,1,h0063,0.3170425755746967,scr2010,avaConv,pvInd_a
ch,1,h0064,0.22483242340963677,scr2010,avaConv,pvInd_a
ch,1,h0065,0.11903785610930623,scr2010,avaConv,pvInd_a
ch,1,h0066,0.04360340665985365,scr2010,avaConv,pvInd_a
ch,1,h0067,0.009011577052519034,scr2010,avaConv,pvInd_a
ch,1,h0068,0.0,scr2010,avaConv,pvInd_a
ch,1,h0069,0.0,scr2010,avaConv,pvInd_a
ch,1,h0070,0.0,scr2010,avaConv,pvInd_a
ch,1,h0071,0.0,scr2010,avaConv,pvInd_a
ch,1,h0072,0.0,scr2010,avaConv,pvInd_a
ch,1,h0073,0.0,scr2010,avaConv,pvInd_a
ch,1,h0074,0.0,scr2010,avaConv,pvInd_a
ch,1,h0075,0.0,scr2010,avaConv,pvInd_a
ch,1,h0076,0.0,scr2010,avaConv,pvInd_a
ch,1,h0077,0.0,scr2010,avaConv,pvInd_a
ch,1,h0078,0.0,scr2010,avaConv,pvInd_a
ch,1,h0079,0.0,scr2010,avaConv,pvInd_a
ch,1,h0080,0.002334516735813657,scr2010,avaConv,pvInd_a
ch,1,h0081,0.04790897433038137,scr2010,avaConv,pvInd_a
ch,1,h0082,0.1340812540043008,scr2010,avaConv,pvInd_a
ch,1,h0083,0.2498882941862003,scr2010,avaConv,pvInd_a
ch,1,h0084,0.3389462185568449,scr2010,avaConv,pvInd_a
ch,1,h0085,0.5325281403026382,scr2010,avaConv,pvInd_a
ch,1,h0086,0.6689306972305039,scr2010,avaConv,pvInd_a
ch,1,h0087,0.7405258475661184,scr2010,avaConv,pvInd_a
ch,1,h0088,0.599391653737283,scr2010,avaConv,pvInd_a
ch,1,h0089,0.4042974199933819,scr2010,avaConv,pvInd_a
ch,1,h0090,0.19674312271107358,scr2010,avaConv,pvInd_a
ch,1,h0091,0.057678583214834364,scr2010,avaConv,pvInd_a
ch,1,h0092,0.0,scr2010,avaConv,pvInd_a
ch,1,h0093,0.0,scr2010,avaConv,pvInd_a
ch,1,h0094,0.0,scr2010,avaConv,pvInd_a
ch,1,h0095,0.0,scr2010,avaConv,pvInd_a
ch,1,h0096,0.0,scr2010,avaConv,pvInd_a
cz,1,h0049,0.0,scr2010,avaConv,pvInd_a
cz,1,h0050,0.0,scr2010,avaConv,pvInd_a
cz,1,h0051,0.0,scr2010,avaConv,pvInd_a
cz,1,h0052,0.0,scr2010,avaConv,pvInd_a
cz,1,h0053,0.0,scr2010,avaConv,pvInd_a
cz,1,h0054,0.0,scr2010,avaConv,pvInd_a
cz,1,h0055,0.0,scr2010,avaConv,pvInd_a
cz,1,h0056,0.0010453405899730258,scr2010,avaConv,pvInd_a
cz,1,h0057,0.03608658272354339,scr2010,avaConv,pvInd_a
cz,1,h0058,0.13102551420106562,scr2010,avaConv,pvInd_a
cz,1,h0059,0.28441177814597984,scr2010,avaConv,pvInd_a
cz,1,h0060,0.4208212695501286,scr2010,avaConv,pvInd_a
cz,1,h0061,0.49839639513643713,scr2010,avaConv,pvInd_a
cz,1,h0062,0.5011890717252355,scr2010,avaConv,pvInd_a
cz,1,h0063,0.4290714404061496,scr2010,avaConv,pvInd_a
cz,1,h0064,0.29133386786758314,scr2010,avaConv,pvInd_a
cz,1,h0065,0.13259375340939333,scr2010,avaConv,pvInd_a
cz,1,h0066,0.03389808469333434,scr2010,avaConv,pvInd_a
cz,1,h0067,0.0,scr2010,avaConv,pvInd_a
cz,1,h0068,0.0,scr2010,avaConv,pvInd_a
cz,1,h0069,0.0,scr2010,avaConv,pvInd_a
cz,1,h0070,0.0,scr2010,avaConv,pvInd_a
cz,1,h0071,0.0,scr2010,avaConv,pvInd_a
cz,1,h0072,0.0,scr2010,avaConv,pvInd_a
cz,1,h0073,0.0,scr2010,avaConv,pvInd_a
cz,1,h0074,0.0,scr2010,avaConv,pvInd_a
cz,1,h0075,0.0,scr2010,avaConv,pvInd_a
cz,1,h0076,0.0,scr2010,avaConv,pvInd_a
cz,1,h0077,0.0,scr2010,avaConv,pvInd_a
cz,1,h0078,0.0,scr2010,avaConv,pvInd_a
cz,1,h0079,0.0,scr2010,avaConv,pvInd_a
cz,1,h0080,0.00798502182265369,scr2010,avaConv,pvInd_a
cz,1,h0081,0.03953839665582892,scr2010,avaConv,pvInd_a
cz,1,h0082,0.10176063447975793,scr2010,avaConv,pvInd_a
cz,1,h0083,0.1741293512573839,scr2010,avaConv,pvInd_a
cz,1,h0084,0.23057628742806402,scr2010,avaConv,pvInd_a
cz,1,h0085,0.37020240174107893,scr2010,avaConv,pvInd_a
cz,1,h0086,0.4639130339246758,scr2010,avaConv,pvInd_a
cz,1,h0087,0.49607094795792245,scr2010,avaConv,pvInd_a
cz,1,h0088,0.34448729389647575,scr2010,avaConv,pvInd_a
cz,1,h0089,0.16654052895268687,scr2010,avaConv,pvInd_a
cz,1,h0090,0.05005394766198168,scr2010,avaConv,pvInd_a
cz,1,h0091,0.0011559720181416645,scr2010,avaConv,pvInd_a
cz,1,h0092,0.0,scr2010,avaConv,pvInd_a
cz,1,h0093,0.0,scr2010,avaConv,pvInd_a
cz,1,h0094,0.0,scr2010,avaConv,pvInd_a
cz,1,h0095,0.0,scr2010,avaConv,pvInd_a
cz,1,h0096,0.0,scr2010,avaConv,pvInd_a
de,1,h0049,0.0,scr2010,avaConv,pvInd_a
de,1,h0050,0.0,scr2010,avaConv,pvInd_a
de,1,h0051,0.0,scr2010,avaConv,pvInd_a
de,1,h0052,0.0,scr2010,avaConv,pvInd_a
de,1,h0053,0.0,scr2010,avaConv,pvInd_a
de,1,h0054,0.0,scr2010,avaConv,pvInd_a
de,1,h0055,0.0,scr2010,avaConv,pvInd_a
de,1,h0056,0.0,scr2010,avaConv,pvInd_a
de,1,h0057,0.010500380290997691,scr2010,avaConv,pvInd_a
de,1,h0058,0.045642975440756094,scr2010,avaConv,pvInd_a
de,1,h0059,0.10725982660616737,scr2010,avaConv,pvInd_a
de,1,h0060,0.17352708910367962,scr2010,avaConv,pvInd_a
de,1,h0061,0.20218432855737636,scr2010,avaConv,pvInd_a
de,1,h0062,0.18887247482963745,scr2010,avaConv,pvInd_a
de,1,h0063,0.1394158023650765,scr2010,avaConv,pvInd_a
de,1,h0064,0.08488562317285737,scr2010,avaConv,pvInd_a
de,1,h0065,0.03663273802585777,scr2010,avaConv,pvInd_a
de,1,h0066,0.00951475173388073,scr2010,avaConv,pvInd_a
de,1,h0067,0.0,scr2010,avaConv,pvInd_a
de,1,h0068,0.0,scr2010,avaConv,pvInd_a
de,1,h0069,0.0,scr2010,avaConv,pvInd_a
de,1,h0070,0.0,scr2010,avaConv,pvInd_a
de,1,h0071,0.0,scr2010,avaConv,pvInd_a
de,1,h0072,0.0,scr2010,avaConv,pvInd_a
de,1,h0073,0.0,scr2010,avaConv,pvInd_a
de,1,h0074,0.0,scr2010,avaConv,pvInd_a
de,1,h0075,0.0,scr2010,avaConv,pvInd_a
de,1,h0076,0.0,scr2010,avaConv,pvInd_a
de,1,h0077,0.0,scr2010,avaConv,pvInd_a
de,1,h0078,0.0,scr2010,avaConv,pvInd_a
de,1,h0079,0.0,scr2010,avaConv,pvInd_a
de,1,h0080,0.0010531253292985307,scr2010,avaConv,pvInd_a
de,1,h0081,0.01796605302439609,scr2010,avaConv,pvInd_a
de,1,h0082,0.05734990948783845,scr2010,avaConv,pvInd_a
de,1,h0083,0.11656383353610492,scr2010,avaConv,pvInd_a
de,1,h0084,0.17069705601940868,scr2010,avaConv,pvInd_a
de,1,h0085,0.2580214497469315,scr2010,avaConv,pvInd_a
de,1,h0086,0.30388365167772435,scr2010,avaConv,pvInd_a
de,1,h0087,0.3056934927115573,scr2010,avaConv,pvInd_a
de,1,h0088,0.21534786102226725,scr2010,avaConv,pvInd_a
de,1,h0089,0.11850428695524695,scr2010,avaConv,pvInd_a
de,1,h0090,0.04510323955474229,scr2010,avaConv,pvInd_a
de,1,h0091,0.008330087690606829,scr2010,avaConv,pvInd_a
de,1,h0092,0.0,scr2010,avaConv,pvInd_a
de,1,h0093,0.0,scr2010,avaConv,pvInd_a
de,1,h0094,0.0,scr2010,avaConv,pvInd_a
de,1,h0095,0.0,scr2010,avaConv,pvInd_a
de,1,h0096,0.0,scr2010,avaConv,pvInd_a
dk_e,1,h0049,0.0,scr2010,avaConv,pvInd_a
dk_e,1,h0050,0.0,scr2010,avaConv,pvInd_a
dk_e,1,h0051,0.0,scr2010,avaConv,pvInd_a
dk_e,1,h0052,0.0,scr2010,avaConv,pvInd_a
dk_e,1,h0053,0.0,scr2010,avaConv,pvInd_a
dk_e,1,h0054,0.0,scr2010,avaConv,pvInd_a
dk_e,1,h0055,0.0,scr2010,avaConv,pvInd_a
dk_e,1,h0056,0.0,scr2010,avaConv,pvInd_a
dk_e,1,h0057,0.02203534639499376,scr2010,avaConv,pvInd_a
dk_e,1,h0058,0.09200788109367576,scr2010,avaConv,pvInd_a
dk_e,1,h0059,0.22069733019818813,scr2010,avaConv,pvInd_a
dk_e,1,h0060,0.3606232881502395,scr2010,avaConv,pvInd_a
dk_e,1,h0061,0.2903236372693808,scr2010,avaConv,pvInd_a
dk_e,1,h0062,0.16533252708512147,scr2010,avaConv,pvInd_a
dk_e,1,h0063,0.020080579641145357,scr2010,avaConv,pvInd_a
dk_e,1,h0064,0.008667338670352987,scr2010,avaConv,pvInd_a
dk_e,1,h0065,0.002350626914892181,scr2010,avaConv,pvInd_a
dk_e,1,h0066,0.0,scr2010,avaConv,pvInd_a
dk_e,1,h0067,0.0,scr2010,avaConv,pvInd_a
dk_e,1,h0068,0.0,scr2010,avaConv,pvInd_a
dk_e,1,h0069,0.0,scr2010,avaConv,pvInd_a
dk_e,1,h0070,0.0,scr2010,avaConv,pvInd_a
dk_e,1,h0071,0.0,scr2010,avaConv,pvInd_a
dk_e,1,h0072,0.0,scr2010,avaConv,pvInd_a
dk_e,1,h0073,0.0,scr2010,avaConv,pvInd_a
dk_e,1,h0074,0.0,scr2010,avaConv,pvInd_a
dk_e,1,h0075,0.0,scr2010,avaConv,pvInd_a
dk_e,1,h0076,0.0,scr2010,avaConv,pvInd_a
dk_e,1,h0077,0.0,scr2010,avaConv,pvInd_a
dk_e,1,h0078,0.0,scr2010,avaConv,pvInd_a
dk_e,1,h0079,0.0,scr2010,avaConv,pvInd_a
dk_e,1,h0080,0.0,scr2010,avaConv,pvInd_a
dk_e,1,h0081,0.030456977240750072,scr2010,avaConv,pvInd_a
dk_e,1,h0082,0.09590743225579937,scr2010,avaConv,pvInd_a
dk_e,1,h0083,0.19796497719633827,scr2010,avaConv,pvInd_a
dk_e,1,h0084,0.2790428649903438,scr2010,avaConv,pvInd_a
dk_e,1,h0085,0.2885028795553081,scr2010,avaConv,pvInd_a
dk_e,1,h0086,0.25329230828920224,scr2010,avaConv,pvInd_a
dk_e,1,h0087,0.1782032596959312,scr2010,avaConv,pvInd_a
dk_e,1,h0088,0.1200910746907534,scr2010,avaConv,pvInd_a
dk_e,1,h0089,0.05486724669326767,scr2010,avaConv,pvInd_a
dk_e,1,h0090,0.015910695310644308,scr2010,avaConv,pvInd_a
dk_e,1,h0091,0.0,scr2010,avaConv,pvInd_a
dk_e,1,h0092,0.0,scr2010,avaConv,pvInd_a
dk_e,1,h0093,0.0,scr2010,avaConv,pvInd_a
dk_e,1,h0094,0.0,scr2010,avaConv,pvInd_a
dk_e,1,h0095,0.0,scr2010,avaConv,pvInd_a
dk_e,1,h0096,0.0,scr2010,avaConv,pvInd_a
dk_w,1,h0049,0.0,scr2010,avaConv,pvInd_a
dk_w,1,h0050,0.0,scr2010,avaConv,pvInd_a
dk_w,1,h0051,0.0,scr2010,avaConv,pvInd_a
dk_w,1,h0052,0.0,scr2010,avaConv,pvInd_a
dk_w,1,h0053,0.0,scr2010,avaConv,pvInd_a
dk_w,1,h0054,0.0,scr2010,avaConv,pvInd_a
dk_w,1,h0055,0.0,scr2010,avaConv,pvInd_a
dk_w,1,h0056,0.0,scr2010,avaConv,pvInd_a
dk_w,1,h0057,0.012998920016484198,scr2010,avaConv,pvInd_a
dk_w,1,h0058,0.06960286055733253,scr2010,avaConv,pvInd_a
dk_w,1,h0059,0.16490770260717857,scr2010,avaConv,pvInd_a
dk_w,1,h0060,0.27444570039541455,scr2010,avaConv,pvInd_a
dk_w,1,h0061,0.21206153349393894,scr2010,avaConv,pvInd_a
dk_w,1,h0062,0.1227598201942781,scr2010,avaConv,pvInd_a
dk_w,1,h0063,0.02468709109994413,scr2010,avaConv,pvInd_a
dk_w,1,h0064,0.022538345817603552,scr2010,avaConv,pvInd_a
dk_w,1,h0065,0.01404094778531852,scr2010,avaConv,pvInd_a
dk_w,1,h0066,0.005651168374836867,scr2010,avaConv,pvInd_a
dk_w,1,h0067,0.0,scr2010,avaConv,pvInd_a
dk_w,1,h0068,0.0,scr2010,avaConv,pvInd_a
dk_w,1,h0069,0.0,scr2010,avaConv,pvInd_a
dk_w,1,h0070,0.0,scr2010,avaConv,pvInd_a
dk_w,1,h0071,0.0,scr2010,avaConv,pvInd_a
dk_w,1,h0072,0.0,scr2010,avaConv,pvInd_a
dk_w,1,h0073,0.0,scr2010,avaConv,pvInd_a
dk_w,1,h0074,0.0,scr2010,avaConv,pvInd_a
dk_w,1,h0075,0.0,scr2010,avaConv,pvInd_a
dk_w,1,h0076,0.0,scr2010,avaConv,pvInd_a
dk_w,1,h0077,0.0,scr2010,avaConv,pvInd_a
dk_w,1,h0078,0.0,scr2010,avaConv,pvInd_a
dk_w,1,h0079,0.0,scr2010,avaConv,pvInd_a
dk_w,1,h0080,0.0,scr2010,avaConv,pvInd_a
dk_w,1,h0081,0.025418915731010967,scr2010,avaConv,pvInd_a
dk_w,1,h0082,0.0935560656490772,scr2010,avaConv,pvInd_a
dk_w,1,h0083,0.18918076288962732,scr2010,avaConv,pvInd_a
dk_w,1,h0084,0.24252277431281538,scr2010,avaConv,pvInd_a
dk_w,1,h0085,0.22881539844782078,scr2010,avaConv,pvInd_a
dk_w,1,h0086,0.19149966607317018,scr2010,avaConv,pvInd_a
dk_w,1,h0087,0.14570235013255992,scr2010,avaConv,pvInd_a
dk_w,1,h0088,0.10534168471012134,scr2010,avaConv,pvInd_a
dk_w,1,h0089,0.05049571818861304,scr2010,avaConv,pvInd_a
dk_w,1,h0090,0.014701398208258795,scr2010,avaConv,pvInd_a
dk_w,1,h0091,0.0,scr2010,avaConv,pvInd_a
dk_w,1,h0092,0.0,scr2010,avaConv,pvInd_a
dk_w,1,h0093,0.0,scr2010,avaConv,pvInd_a
dk_w,1,h0094,0.0,scr2010,avaConv,pvInd_a
dk_w,1,h0095,0.0,scr2010,avaConv,pvInd_a
dk_w,1,h0096,0.0,scr2010,avaConv,pvInd_a
ee,1,h0049,0.0,scr2010,avaConv,pvInd_a
ee,1,h0050,0.0,scr2010,avaConv,pvInd_a
ee,1,h0051,0.0,scr2010,avaConv,pvInd_a
ee,1,h0052,0.0,scr2010,avaConv,pvInd_a
ee,1,h0053,0.0,scr2010,avaConv,pvInd_a
ee,1,h0054,0.0,scr2010,avaConv,pvInd_a
ee,1,h0055,0.0,scr2010,avaConv,pvInd_a
ee,1,h0056,0.0,scr2010,avaConv,pvInd_a
ee,1,h0057,0.0395251356035092,scr2010,avaConv,pvInd_a
ee,1,h0058,0.12557223348060695,scr2010,avaConv,pvInd_a
ee,1,h0059,0.25022964457261293,scr2010,avaConv,pvInd_a
ee,1,h0060,0.32374104454528957,scr2010,avaConv,pvInd_a
ee,1,h0061,0.3511460244071868,scr2010,avaConv,pvInd_a
ee,1,h0062,0.3151611825965424,scr2010,avaConv,pvInd_a
ee,1,h0063,0.22337020982321204,scr2010,avaConv,pvInd_a
ee,1,h0064,0.10536469691571648,scr2010,avaConv,pvInd_a
ee,1,h0065,0.02443164777288703,scr2010,avaConv,pvInd_a
ee,1,h0066,0.0,scr2010,avaConv,pvInd_a
ee,1,h0067,0.0,scr2010,avaConv,pvInd_a
ee,1,h0068,0.0,scr2010,avaConv,pvInd_a
ee,1,h0069,0.0,scr2010,avaConv,pvInd_a
ee,1,h0070,0.0,scr2010,avaConv,pvInd_a
ee,1,h0071,0.0,scr2010,avaConv,pvInd_a
ee,1,h0072,0.0,scr2010,avaConv,pvInd_a
ee,1,h0073,0.0,scr2010,avaConv,pvInd_a
ee,1,h0074,0.0,scr2010,avaConv,pvInd_a
ee,1,h0075,0.0,scr2010,avaConv,pvInd_a
ee,1,h0076,0.0,scr2010,avaConv,pvInd_a
ee,1,h0077,0.0,scr2010,avaConv,pvInd_a
ee,1,h0078,0.0,scr2010,avaConv,pvInd_a
ee,1,h0079,0.0,scr2010,avaConv,pvInd_a
ee,1,h0080,0.00230122284936264,scr2010,avaConv,pvInd_a
ee,1,h0081,0.01332605573970007,scr2010,avaConv,pvInd_a
ee,1,h0082,0.03575307885908397,scr2010,avaConv,pvInd_a
ee,1,h0083,0.0645155366889764,scr2010,avaConv,pvInd_a
ee,1,h0084,0.08463915549625177,scr2010,avaConv,pvInd_a
ee,1,h0085,0.13042472756305204,scr2010,avaConv,pvInd_a
ee,1,h0086,0.1454386515701009,scr2010,avaConv,pvInd_a
ee,1,h0087,0.13069060703125737,scr2010,avaConv,pvInd_a
ee,1,h0088,0.05975630834121821,scr2010,avaConv,pvInd_a
ee,1,h0089,0.015544647620671469,scr2010,avaConv,pvInd_a
ee,1,h0090,0.0,scr2010,avaConv,pvInd_a
ee,1,h0091,0.0,scr2010,avaConv,pvInd_a
ee,1,h0092,0.0,scr2010,avaConv,pvInd_a
ee,1,h0093,0.0,scr2010,avaConv,pvInd_a
ee,1,h0094,0.0,scr2010,avaConv,pvInd_a
ee,1,h0095,0.0,scr2010,avaConv,pvInd_a
ee,1,h0096,0.0,scr2010,avaConv,pvInd_a
es,1,h0049,0.0,scr2010,avaConv,pvInd_a
es,1,h0050,0.0,scr2010,avaConv,pvInd_a
es,1,h0051,0.0,scr2010,avaConv,pvInd_a
es,1,h0052,0.0,scr2010,avaConv,pvInd_a
es,1,h0053,0.0,scr2010,avaConv,pvInd_a
es,1,h0054,0.0,scr2010,avaConv,pvInd_a
es,1,h0055,0.0,scr2010,avaConv,pvInd_a
es,1,h0056,0.0,scr2010,avaConv,pvInd_a
es,1,h0057,0.02335888184082862,scr2010,avaConv,pvInd_a
es,1,h0058,0.09810981757717181,scr2010,avaConv,pvInd_a
es,1,h0059,0.22833533430306532,scr2010,avaConv,pvInd_a
es,1,h0060,0.3720588611647562,scr2010,avaConv,pvInd_a
es,1,h0061,0.5297753336692795,scr2010,avaConv,pvInd_a
es,1,h0062,0.6350216925521562,scr2010,avaConv,pvInd_a
es,1,h0063,0.6814863183677601,scr2010,avaConv,pvInd_a
es,1,h0064,0.6192679212453974,scr2010,avaConv,pvInd_a
es,1,h0065,0.48926567039863317,scr2010,avaConv,pvInd_a
es,1,h0066,0.3088374166170553,scr2010,avaConv,pvInd_a
es,1,h0067,0.137147221535299,scr2010,avaConv,pvInd_a
es,1,h0068,0.032903349526489455,scr2010,avaConv,pvInd_a
es,1,h0069,0.0,scr2010,avaConv,pvInd_a
es,1,h0070,0.0,scr2010,avaConv,pvInd_a
es,1,h0071,0.0,scr2010,avaConv,pvInd_a
es,1,h0072,0.0,scr2010,avaConv,pvInd_a
es,1,h0073,0.0,scr2010,avaConv,pvInd_a
es,1,h0074,0.0,scr2010,avaConv,pvInd_a
es,1,h0075,0.0,scr2010,avaConv,pvInd_a
es,1,h0076,0.0,scr2010,avaConv,pvInd_a
es,1,h0077,0.0,scr2010,avaConv,pvInd_a
es,1,h0078,0.0,scr2010,avaConv,pvInd_a
es,1,h0079,0.0,scr2010,avaConv,pvInd_a
es,1,h0080,0.0,scr2010,avaConv,pvInd_a
es,1,h0081,0.04516111362457993,scr2010,avaConv,pvInd_a
es,1,h0082,0.16002394397680753,scr2010,avaConv,pvInd_a
es,1,h0083,0.3244600834883608,scr2010,avaConv,pvInd_a
es,1,h0084,0.46347935231355686,scr2010,avaConv,pvInd_a
es,1,h0085,0.4128722119223119,scr2010,avaConv,pvInd_a
es,1,h0086,0.317041865532955,scr2010,avaConv,pvInd_a
es,1,h0087,0.19073356339279982,scr2010,avaConv,pvInd_a
es,1,h0088,0.16602556905067276,scr2010,avaConv,pvInd_a
es,1,h0089,0.12150430862346286,scr2010,avaConv,pvInd_a
es,1,h0090,0.07074658433580501,scr2010,avaConv,pvInd_a
es,1,h0091,0.029626874274884002,scr2010,avaConv,pvInd_a
es,1,h0092,0.006686215593344247,scr2010,avaConv,pvInd_a
es,1,h0093,0.0,scr2010,avaConv,pvInd_a
es,1,h0094,0.0,scr2010,avaConv,pvInd_a
es,1,h0095,0.0,scr2010,avaConv,pvInd_a
es,1,h0096,0.0,scr2010,avaConv,pvInd_a
fi,1,h0049,0.0,scr2010,avaConv,pvInd_a
fi,1,h0050,0.0,scr2010,avaConv,pvInd_a
fi,1,h0051,0.0,scr2010,avaConv,pvInd_a
fi,1,h0052,0.0,scr2010,avaConv,pvInd_a
fi,1,h0053,0.0,scr2010,avaConv,pvInd_a
fi,1,h0054,0.0,scr2010,avaConv,pvInd_a
fi,1,h0055,0.0,scr2010,avaConv,pvInd_a
fi,1,h0056,0.0,scr2010,avaConv,pvInd_a
fi,1,h0057,0.013043431447695361,scr2010,avaConv,pvInd_a
fi,1,h0058,0.04550609391348496,scr2010,avaConv,pvInd_a
fi,1,h0059,0.09211170968872323,scr2010,avaConv,pvInd_a
fi,1,h0060,0.130064909228492,scr2010,avaConv,pvInd_a
fi,1,h0061,0.13682383787395846,scr2010,avaConv,pvInd_a
fi,1,h0062,0.11693556252940929,scr2010,avaConv,pvInd_a
fi,1,h0063,0.06677763438728894,scr2010,avaConv,pvInd_a
fi,1,h0064,0.027469089325874017,scr2010,avaConv,pvInd_a
fi,1,h0065,0.0010803288563247314,scr2010,avaConv,pvInd_a
fi,1,h0066,0.0,scr2010,avaConv,pvInd_a
fi,1,h0067,0.0,scr2010,avaConv,pvInd_a
fi,1,h0068,0.0,scr2010,avaConv,pvInd_a
fi,1,h0069,0.0,scr2010,avaConv,pvInd_a
fi,1,h0070,0.0,scr2010,avaConv,pvInd_a
fi,1,h0071,0.0,scr2010,avaConv,pvInd_a
fi,1,h0072,0.0,scr2010,avaConv,pvInd_a
fi,1,h0073,0.0,scr2010,avaConv,pvInd_a
fi,1,h0074,0.0,scr2010,avaConv,pvInd_a
fi,1,h0075,0.0,scr2010,avaConv,pvInd_a
fi,1,h0076,0.0,scr2010,avaConv,pvInd_a
fi,1,h0077,0.0,scr2010,avaConv,pvInd_a
fi,1,h0078,0.0,scr2010,avaConv,pvInd_a
fi,1,h0079,0.0,scr2010,avaConv,pvInd_a
fi,1,h0080,0.005283481969850839,scr2010,avaConv,pvInd_a
fi,1,h0081,0.037765904310873746,scr2010,avaConv,pvInd_a
fi,1,h0082,0.09667717255981287,scr2010,avaConv,pvInd_a
fi,1,h0083,0.1645503511145995,scr2010,avaConv,pvInd_a
fi,1,h0084,0.2117965009651732,scr2010,avaConv,pvInd_a
fi,1,h0085,0.23694275795755002,scr2010,avaConv,pvInd_a
fi,1,h0086,0.22059259709465023,scr2010,avaConv,pvInd_a
fi,1,h0087,0.1621634225438756,scr2010,avaConv,pvInd_a
fi,1,h0088,0.07792701126457244,scr2010,avaConv,pvInd_a
fi,1,h0089,0.02136600399283534,scr2010,avaConv,pvInd_a
fi,1,h0090,0.0,scr2010,avaConv,pvInd_a
fi,1,h0091,0.0,scr2010,avaConv,pvInd_a
fi,1,h0092,0.0,scr2010,avaConv,pvInd_a
fi,1,h0093,0.0,scr2010,avaConv,pvInd_a
fi,1,h0094,0.0,scr2010,avaConv,pvInd_a
fi,1,h0095,0.0,scr2010,avaConv,pvInd_a
fi,1,h0096,0.0,scr2010,avaConv,pvInd_a
fr,1,h0049,0.0,scr2010,avaConv,pvInd_a
fr,1,h0050,0.0,scr2010,avaConv,pvInd_a
fr,1,h0051,0.0,scr2010,avaConv,pvInd_a
fr,1,h0052,0.0,scr2010,avaConv,pvInd_a
fr,1,h0053,0.0,scr2010,avaConv,pvInd_a
fr,1,h0054,0.0,scr2010,avaConv,pvInd_a
fr,1,h0055,0.0,scr2010,avaConv,pvInd_a
fr,1,h0056,0.0,scr2010,avaConv,pvInd_a
fr,1,h0057,0.04205961594599507,scr2010,avaConv,pvInd_a
fr,1,h0058,0.13797832939712226,scr2010,avaConv,pvInd_a
fr,1,h0059,0.27330186058090034,scr2010,avaConv,pvInd_a
fr,1,h0060,0.39248726105252985,scr2010,avaConv,pvInd_a
fr,1,h0061,0.4571021597353379,scr2010,avaConv,pvInd_a
fr,1,h0062,0.47397148049669263,scr2010,avaConv,pvInd_a
fr,1,h0063,0.439905447281198,scr2010,avaConv,pvInd_a
fr,1,h0064,0.364948554038295,scr2010,avaConv,pvInd_a
fr,1,h0065,0.24852898514530053,scr2010,avaConv,pvInd_a
fr,1,h0066,0.12441581783541551,scr2010,avaConv,pvInd_a
fr,1,h0067,0.03910121915185168,scr2010,avaConv,pvInd_a
fr,1,h0068,0.0,scr2010,avaConv,pvInd_a
fr,1,h0069,0.0,scr2010,avaConv,pvInd_a
fr,1,h0070,0.0,scr2010,avaConv,pvInd_a
fr,1,h0071,0.0,scr2010,avaConv,pvInd_a
fr,1,h0072,0.0,scr2010,avaConv,pvInd_a
fr,1,h0073,0.0,scr2010,avaConv,pvInd_a
fr,1,h0074,0.0,scr2010,avaConv,pvInd_a
fr,1,h0075,0.0,scr2010,avaConv,pvInd_a
fr,1,h0076,0.0,scr2010,avaConv,pvInd_a
fr,1,h0077,0.0,scr2010,avaConv,pvInd_a
fr,1,h0078,0.0,scr2010,avaConv,pvInd_a
fr,1,h0079,0.0,scr2010,avaConv,pvInd_a
fr,1,h0080,0.0010490185010085186,scr2010,avaConv,pvInd_a
fr,1,h0081,0.05867826321862554,scr2010,avaConv,pvInd_a
fr,1,h0082,0.16428592670924583,scr2010,avaConv,pvInd_a
fr,1,h0083,0.29825086966094966,scr2010,avaConv,pvInd_a
fr,1,h0084,0.4019348475783354,scr2010,avaConv,pvInd_a
fr,1,h0085,0.5257647441965924,scr2010,avaConv,pvInd_a
fr,1,h0086,0.5996621525443606,scr2010,avaConv,pvInd_a
fr,1,h0087,0.6208614432190659,scr2010,avaConv,pvInd_a
fr,1,h0088,0.5267885553487939,scr2010,avaConv,pvInd_a
fr,1,h0089,0.38666046200195536,scr2010,avaConv,pvInd_a
fr,1,h0090,0.21716702090749204,scr2010,avaConv,pvInd_a
fr,1,h0091,0.08275211733981752,scr2010,avaConv,pvInd_a
fr,1,h0092,0.009342708044500905,scr2010,avaConv,pvInd_a
fr,1,h0093,0.0,scr2010,avaConv,pvInd_a
fr,1,h0094,0.0,scr2010,avaConv,pvInd_a
fr,1,h0095,0.0,scr2010,avaConv,pvInd_a
fr,1,h0096,0.0,scr2010,avaConv,pvInd_a
fr_co,1,h0049,0.0,scr2010,avaConv,pvInd_a
fr_co,1,h0050,0.0,scr2010,avaConv,pvInd_a
fr_co,1,h0051,0.0,scr2010,avaConv,pvInd_a
fr_co,1,h0052,0.0,scr2010,avaConv,pvInd_a
fr_co,1,h0053,0.0,scr2010,avaConv,pvInd_a
fr_co,1,h0054,0.0,scr2010,avaConv,pvInd_a
fr_co,1,h0055,0.0,scr2010,avaConv,pvInd_a
fr_co,1,h0056,0.00018374036097161013,scr2010,avaConv,pvInd_a
fr_co,1,h0057,0.024740282055040728,scr2010,avaConv,pvInd_a
fr_co,1,h0058,0.08727488146369264,scr2010,avaConv,pvInd_a
fr_co,1,h0059,0.1768177802352206,scr2010,avaConv,pvInd_a
fr_co,1,h0060,0.2555845272929509,scr2010,avaConv,pvInd_a
fr_co,1,h0061,0.3763855508120133,scr2010,avaConv,pvInd_a
fr_co,1,h0062,0.45255645274515915,scr2010,avaConv,pvInd_a
fr_co,1,h0063,0.4676085086323478,scr2010,avaConv,pvInd_a
fr_co,1,h0064,0.3434736302522743,scr2010,avaConv,pvInd_a
fr_co,1,h0065,0.19651453255792184,scr2010,avaConv,pvInd_a
fr_co,1,h0066,0.07700438203775661,scr2010,avaConv,pvInd_a
fr_co,1,h0067,0.016382740319802514,scr2010,avaConv,pvInd_a
fr_co,1,h0068,0.0,scr2010,avaConv,pvInd_a
fr_co,1,h0069,0.0,scr2010,avaConv,pvInd_a
fr_co,1,h0070,0.0,scr2010,avaConv,pvInd_a
fr_co,1,h0071,0.0,scr2010,avaConv,pvInd_a
fr_co,1,h0072,0.0,scr2010,avaConv,pvInd_a
fr_co,1,h0073,0.0,scr2010,avaConv,pvInd_a
fr_co,1,h0074,0.0,scr2010,avaConv,pvInd_a
fr_co,1,h0075,0.0,scr2010,avaConv,pvInd_a
fr_co,1,h0076,0.0,scr2010,avaConv,pvInd_a
fr_co,1,h0077,0.0,scr2010,avaConv,pvInd_a
fr_co,1,h0078,0.0,scr2010,avaConv,pvInd_a
fr_co,1,h0079,0.0,scr2010,avaConv,pvInd_a
fr_co,1,h0080,0.0011709717545681463,scr2010,avaConv,pvInd_a
fr_co,1,h0081,0.011493440278838765,scr2010,avaConv,pvInd_a
fr_co,1,h0082,0.03529414514614905,scr2010,avaConv,pvInd_a
fr_co,1,h0083,0.07133382623459804,scr2010,avaConv,pvInd_a
fr_co,1,h0084,0.12500166137403948,scr2010,avaConv,pvInd_a
fr_co,1,h0085,0.23449578550963823,scr2010,avaConv,pvInd_a
fr_co,1,h0086,0.31389315734647644,scr2010,avaConv,pvInd_a
fr_co,1,h0087,0.33596286379315304,scr2010,avaConv,pvInd_a
fr_co,1,h0088,0.25518816341829875,scr2010,avaConv,pvInd_a
fr_co,1,h0089,0.16166020745870538,scr2010,avaConv,pvInd_a
fr_co,1,h0090,0.07404033901637706,scr2010,avaConv,pvInd_a
fr_co,1,h0091,0.020418303063574138,scr2010,avaConv,pvInd_a
fr_co,1,h0092,0.0,scr2010,avaConv,pvInd_a
fr_co,1,h0093,0.0,scr2010,avaConv,pvInd_a
fr_co,1,h0094,0.0,scr2010,avaConv,pvInd_a
fr_co,1,h0095,0.0,scr2010,avaConv,pvInd_a
fr_co,1,h0096,0.0,scr2010,avaConv,pvInd_a
gr,1,h0049,0.0,scr2010,avaConv,pvInd_a
gr,1,h0050,0.0,scr2010,avaConv,pvInd_a
gr,1,h0051,0.0,scr2010,avaConv,pvInd_a
gr,1,h0052,0.0,scr2010,avaConv,pvInd_a
gr,1,h0053,0.0,scr2010,avaConv,pvInd_a
gr,1,h0054,0.0,scr2010,avaConv,pvInd_a
gr,1,h0055,0.0044785089185331,scr2010,avaConv,pvInd_a
gr,1,h0056,0.036273822835725916,scr2010,avaConv,pvInd_a
gr,1,h0057,0.10971457784767344,scr2010,avaConv,pvInd_a
gr,1,h0058,0.21723506272295057,scr2010,avaConv,pvInd_a
gr,1,h0059,0.3135534733406273,scr2010,avaConv,pvInd_a
gr,1,h0060,0.36755316218023765,scr2010,avaConv,pvInd_a
gr,1,h0061,0.42699032017123817,scr2010,avaConv,pvInd_a
gr,1,h0062,0.43857429746589405,scr2010,avaConv,pvInd_a
gr,1,h0063,0.4011595187689247,scr2010,avaConv,pvInd_a
gr,1,h0064,0.2633880077256668,scr2010,avaConv,pvInd_a
gr,1,h0065,0.12179255678992273,scr2010,avaConv,pvInd_a
gr,1,h0066,0.0325076782827839,scr2010,avaConv,pvInd_a
gr,1,h0067,0.0,scr2010,avaConv,pvInd_a
gr,1,h0068,0.0,scr2010,avaConv,pvInd_a
gr,1,h0069,0.0,scr2010,avaConv,pvInd_a
gr,1,h0070,0.0,scr2010,avaConv,pvInd_a
gr,1,h0071,0.0,scr2010,avaConv,pvInd_a
gr,1,h0072,0.0,scr2010,avaConv,pvInd_a
gr,1,h0073,0.0,scr2010,avaConv,pvInd_a
gr,1,h0074,0.0,scr2010,avaConv,pvInd_a
gr,1,h0075,0.0,scr2010,avaConv,pvInd_a
gr,1,h0076,0.0,scr2010,avaConv,pvInd_a
gr,1,h0077,0.0,scr2010,avaConv,pvInd_a
gr,1,h0078,0.0,scr2010,avaConv,pvInd_a
gr,1,h0079,0.012561536301384433,scr2010,avaConv,pvInd_a
gr,1,h0080,0.0607655782768826,scr2010,avaConv,pvInd_a
gr,1,h0081,0.15483484330041525,scr2010,avaConv,pvInd_a
gr,1,h0082,0.2716954193099197,scr2010,avaConv,pvInd_a
gr,1,h0083,0.3654201200006062,scr2010,avaConv,pvInd_a
gr,1,h0084,0.4007965230219318,scr2010,avaConv,pvInd_a
gr,1,h0085,0.460367973159467,scr2010,avaConv,pvInd_a
gr,1,h0086,0.4752787709232757,scr2010,avaConv,pvInd_a
gr,1,h0087,0.4522296595701098,scr2010,avaConv,pvInd_a
gr,1,h0088,0.30813201739376506,scr2010,avaConv,pvInd_a
gr,1,h0089,0.14865255703332936,scr2010,avaConv,pvInd_a
gr,1,h0090,0.04356089051564253,scr2010,avaConv,pvInd_a
gr,1,h0091,0.0,scr2010,avaConv,pvInd_a
gr,1,h0092,0.0,scr2010,avaConv,pvInd_a
gr,1,h0093,0.0,scr2010,avaConv,pvInd_a
gr,1,h0094,0.0,scr2010,avaConv,pvInd_a
gr,1,h0095,0.0,scr2010,avaConv,pvInd_a
gr,1,h0096,0.0,scr2010,avaConv,pvInd_a
hr,1,h0049,0.0,scr2010,avaConv,pvInd_a
hr,1,h0050,0.0,scr2010,avaConv,pvInd_a
hr,1,h0051,0.0,scr2010,avaConv,pvInd_a
hr,1,h0052,0.0,scr2010,avaConv,pvInd_a
hr,1,h0053,0.0,scr2010,avaConv,pvInd_a
hr,1,h0054,0.0,scr2010,avaConv,pvInd_a
hr,1,h0055,0.0,scr2010,avaConv,pvInd_a
hr,1,h0056,0.00879212834990653,scr2010,avaConv,pvInd_a
hr,1,h0057,0.036119531243723205,scr2010,avaConv,pvInd_a
hr,1,h0058,0.08394513949748976,scr2010,avaConv,pvInd_a
hr,1,h0059,0.1463510179401038,scr2010,avaConv,pvInd_a
hr,1,h0060,0.1980377898219463,scr2010,avaConv,pvInd_a
hr,1,h0061,0.34995964509904803,scr2010,avaConv,pvInd_a
hr,1,h0062,0.4477877438962011,scr2010,avaConv,pvInd_a
hr,1,h0063,0.4930089318628588,scr2010,avaConv,pvInd_a
hr,1,h0064,0.3580768323327488,scr2010,avaConv,pvInd_a
hr,1,h0065,0.19129192557589406,scr2010,avaConv,pvInd_a
hr,1,h0066,0.06557505590204829,scr2010,avaConv,pvInd_a
hr,1,h0067,0.0,scr2010,avaConv,pvInd_a
hr,1,h0068,0.0,scr2010,avaConv,pvInd_a
hr,1,h0069,0.0,scr2010,avaConv,pvInd_a
hr,1,h0070,0.0,scr2010,avaConv,pvInd_a
hr,1,h0071,0.0,scr2010,avaConv,pvInd_a
hr,1,h0072,0.0,scr2010,avaConv,pvInd_a
hr,1,h0073,0.0,scr2010,avaConv,pvInd_a
hr,1,h0074,0.0,scr2010,avaConv,pvInd_a
hr,1,h0075,0.0,scr2010,avaConv,pvInd_a
hr,1,h0076,0.0,scr2010,avaConv,pvInd_a
hr,1,h0077,0.0,scr2010,avaConv,pvInd_a
hr,1,h0078,0.0,scr2010,avaConv,pvInd_a
hr,1,h0079,0.0,scr2010,avaConv,pvInd_a
hr,1,h0080,0.028954912947870528,scr2010,avaConv,pvInd_a
hr,1,h0081,0.09687387494908978,scr2010,avaConv,pvInd_a
hr,1,h0082,0.18667639028575775,scr2010,avaConv,pvInd_a
hr,1,h0083,0.25627820712511296,scr2010,avaConv,pvInd_a
hr,1,h0084,0.28998876233059073,scr2010,avaConv,pvInd_a
hr,1,h0085,0.3722185472249386,scr2010,avaConv,pvInd_a
hr,1,h0086,0.42091661982080053,scr2010,avaConv,pvInd_a
hr,1,h0087,0.4240283223597073,scr2010,avaConv,pvInd_a
hr,1,h0088,0.30566130354543936,scr2010,avaConv,pvInd_a
hr,1,h0089,0.16989327041221178,scr2010,avaConv,pvInd_a
hr,1,h0090,0.06554897859312352,scr2010,avaConv,pvInd_a
hr,1,h0091,0.010486519887323097,scr2010,avaConv,pvInd_a
hr,1,h0092,0.0,scr2010,avaConv,pvInd_a
hr,1,h0093,0.0,scr2010,avaConv,pvInd_a
hr,1,h0094,0.0,scr2010,avaConv,pvInd_a
hr,1,h0095,0.0,scr2010,avaConv,pvInd_a
hr,1,h0096,0.0,scr2010,avaConv,pvInd_a
hu,1,h0049,0.0,scr2010,avaConv,pvInd_a
hu,1,h0050,0.0,scr2010,avaConv,pvInd_a
hu,1,h0051,0.0,scr2010,avaConv,pvInd_a
hu,1,h0052,0.0,scr2010,avaConv,pvInd_a
hu,1,h0053,0.0,scr2010,avaConv,pvInd_a
hu,1,h0054,0.0,scr2010,avaConv,pvInd_a
hu,1,h0055,0.0,scr2010,avaConv,pvInd_a
hu,1,h0056,0.0051134225687818865,scr2010,avaConv,pvInd_a
hu,1,h0057,0.025309471220361354,scr2010,avaConv,pvInd_a
hu,1,h0058,0.0608261088213498,scr2010,avaConv,pvInd_a
hu,1,h0059,0.09787917527911681,scr2010,avaConv,pvInd_a
hu,1,h0060,0.11710919758288847,scr2010,avaConv,pvInd_a
hu,1,h0061,0.26697629218089614,scr2010,avaConv,pvInd_a
hu,1,h0062,0.3826836171670325,scr2010,avaConv,pvInd_a
hu,1,h0063,0.45424638672692447,scr2010,avaConv,pvInd_a
hu,1,h0064,0.3080149018588081,scr2010,avaConv,pvInd_a
hu,1,h0065,0.14844394726967258,scr2010,avaConv,pvInd_a
hu,1,h0066,0.04184746954368804,scr2010,avaConv,pvInd_a
hu,1,h0067,0.0,scr2010,avaConv,pvInd_a
hu,1,h0068,0.0,scr2010,avaConv,pvInd_a
hu,1,h0069,0.0,scr2010,avaConv,pvInd_a
hu,1,h0070,0.0,scr2010,avaConv,pvInd_a
hu,1,h0071,0.0,scr2010,avaConv,pvInd_a
hu,1,h0072,0.0,scr2010,avaConv,pvInd_a
hu,1,h0073,0.0,scr2010,avaConv,pvInd_a
hu,1,h0074,0.0,scr2010,avaConv,pvInd_a
hu,1,h0075,0.0,scr2010,avaConv,pvInd_a
hu,1,h0076,0.0,scr2010,avaConv,pvInd_a
hu,1,h0077,0.0,scr2010,avaConv,pvInd_a
hu,1,h0078,0.0,scr2010,avaConv,pvInd_a
hu,1,h0079,0.0,scr2010,avaConv,pvInd_a
hu,1,h0080,0.009677008088595927,scr2010,avaConv,pvInd_a
hu,1,h0081,0.04364672535717141,scr2010,avaConv,pvInd_a
hu,1,h0082,0.09850554417901856,scr2010,avaConv,pvInd_a
hu,1,h0083,0.15364063447341744,scr2010,avaConv,pvInd_a
hu,1,h0084,0.18578732153966981,scr2010,avaConv,pvInd_a
hu,1,h0085,0.2365378745665135,scr2010,avaConv,pvInd_a
hu,1,h0086,0.2655317996265506,scr2010,avaConv,pvInd_a
hu,1,h0087,0.2640990082700272,scr2010,avaConv,pvInd_a
hu,1,h0088,0.1885121373134934,scr2010,avaConv,pvInd_a
hu,1,h0089,0.09287631610129082,scr2010,avaConv,pvInd_a
hu,1,h0090,0.028316529622472098,scr2010,avaConv,pvInd_a
hu,1,h0091,0.0,scr2010,avaConv,pvInd_a
hu,1,h0092,0.0,scr2010,avaConv,pvInd_a
hu,1,h0093,0.0,scr2010,avaConv,pvInd_a
hu,1,h0094,0.0,scr2010,avaConv,pvInd_a
hu,1,h0095,0.0,scr2010,avaConv,pvInd_a
hu,1,h0096,0.0,scr2010,avaConv,pvInd_a
ie,1,h0049,0.0,scr2010,avaConv,pvInd_a
ie,1,h0050,0.0,scr2010,avaConv,pvInd_a
ie,1,h0051,0.0,scr2010,avaConv,pvInd_a
ie,1,h0052,0.0,scr2010,avaConv,pvInd_a
ie,1,h0053,0.0,scr2010,avaConv,pvInd_a
ie,1,h0054,0.0,scr2010,avaConv,pvInd_a
ie,1,h0055,0.0,scr2010,avaConv,pvInd_a
ie,1,h0056,0.0,scr2010,avaConv,pvInd_a
ie,1,h0057,0.0,scr2010,avaConv,pvInd_a
ie,1,h0058,0.035512699162990914,scr2010,avaConv,pvInd_a
ie,1,h0059,0.1470461032620197,scr2010,avaConv,pvInd_a
ie,1,h0060,0.33689658645967996,scr2010,avaConv,pvInd_a
ie,1,h0061,0.3558311915835222,scr2010,avaConv,pvInd_a
ie,1,h0062,0.2866876923866736,scr2010,avaConv,pvInd_a
ie,1,h0063,0.15049007456051852,scr2010,avaConv,pvInd_a
ie,1,h0064,0.11603584280036493,scr2010,avaConv,pvInd_a
ie,1,h0065,0.07449551981079036,scr2010,avaConv,pvInd_a
ie,1,h0066,0.03393262029365464,scr2010,avaConv,pvInd_a
ie,1,h0067,0.008785652342584506,scr2010,avaConv,pvInd_a
ie,1,h0068,0.0,scr2010,avaConv,pvInd_a
ie,1,h0069,0.0,scr2010,avaConv,pvInd_a
ie,1,h0070,0.0,scr2010,avaConv,pvInd_a
ie,1,h0071,0.0,scr2010,avaConv,pvInd_a
ie,1,h0072,0.0,scr2010,avaConv,pvInd_a
ie,1,h0073,0.0,scr2010,avaConv,pvInd_a
ie,1,h0074,0.0,scr2010,avaConv,pvInd_a
ie,1,h0075,0.0,scr2010,avaConv,pvInd_a
ie,1,h0076,0.0,scr2010,avaConv,pvInd_a
ie,1,h0077,0.0,scr2010,avaConv,pvInd_a
ie,1,h0078,0.0,scr2010,avaConv,pvInd_a
ie,1,h0079,0.0,scr2010,avaConv,pvInd_a
ie,1,h0080,0.0,scr2010,avaConv,pvInd_a
ie,1,h0081,0.0,scr2010,avaConv,pvInd_a
ie,1,h0082,0.03960015156942483,scr2010,avaConv,pvInd_a
ie,1,h0083,0.15667883829696985,scr2010,avaConv,pvInd_a
ie,1,h0084,0.358919118975659,scr2010,avaConv,pvInd_a
ie,1,h0085,0.4581307594169957,scr2010,avaConv,pvInd_a
ie,1,h0086,0.4781531539604476,scr2010,avaConv,pvInd_a
ie,1,h0087,0.40148094556013775,scr2010,avaConv,pvInd_a
ie,1,h0088,0.3419757433605174,scr2010,avaConv,pvInd_a
ie,1,h0089,0.23789575563764856,scr2010,avaConv,pvInd_a
ie,1,h0090,0.12524283569920924,scr2010,avaConv,pvInd_a
ie,1,h0091,0.04252693611407639,scr2010,avaConv,pvInd_a
ie,1,h0092,0.006089675072243398,scr2010,avaConv,pvInd_a
ie,1,h0093,0.0,scr2010,avaConv,pvInd_a
ie,1,h0094,0.0,scr2010,avaConv,pvInd_a
ie,1,h0095,0.0,scr2010,avaConv,pvInd_a
ie,1,h0096,0.0,scr2010,avaConv,pvInd_a
it_s,1,h0049,0.0,scr2010,avaConv,pvInd_a
it_s,1,h0050,0.0,scr2010,avaConv,pvInd_a
it_s,1,h0051,0.0,scr2010,avaConv,pvInd_a
it_s,1,h0052,0.0,scr2010,avaConv,pvInd_a
it_s,1,h0053,0.0,scr2010,avaConv,pvInd_a
it_s,1,h0054,0.0,scr2010,avaConv,pvInd_a
it_s,1,h0055,0.0,scr2010,avaConv,pvInd_a
it_s,1,h0056,0.025303404762149016,scr2010,avaConv,pvInd_a
it_s,1,h0057,0.09579507784997833,scr2010,avaConv,pvInd_a
it_s,1,h0058,0.20263572718542266,scr2010,avaConv,pvInd_a
it_s,1,h0059,0.2968456265650395,scr2010,avaConv,pvInd_a
it_s,1,h0060,0.35304609783778745,scr2010,avaConv,pvInd_a
it_s,1,h0061,0.4417509336643536,scr2010,avaConv,pvInd_a
it_s,1,h0062,0.48144423632200617,scr2010,avaConv,pvInd_a
it_s,1,h0063,0.46758031704480196,scr2010,avaConv,pvInd_a
it_s,1,h0064,0.32802730047778583,scr2010,avaConv,pvInd_a
it_s,1,h0065,0.16406529511487414,scr2010,avaConv,pvInd_a
it_s,1,h0066,0.05121956275850558,scr2010,avaConv,pvInd_a
it_s,1,h0067,0.0,scr2010,avaConv,pvInd_a
it_s,1,h0068,0.0,scr2010,avaConv,pvInd_a
it_s,1,h0069,0.0,scr2010,avaConv,pvInd_a
it_s,1,h0070,0.0,scr2010,avaConv,pvInd_a
it_s,1,h0071,0.0,scr2010,avaConv,pvInd_a
it_s,1,h0072,0.0,scr2010,avaConv,pvInd_a
it_s,1,h0073,0.0,scr2010,avaConv,pvInd_a
it_s,1,h0074,0.0,scr2010,avaConv,pvInd_a
it_s,1,h0075,0.0,scr2010,avaConv,pvInd_a
it_s,1,h0076,0.0,scr2010,avaConv,pvInd_a
it_s,1,h0077,0.0,scr2010,avaConv,pvInd_a
it_s,1,h0078,0.0,scr2010,avaConv,pvInd_a
it_s,1,h0079,0.0,scr2010,avaConv,pvInd_a
it_s,1,h0080,0.028986659750342814,scr2010,avaConv,pvInd_a
it_s,1,h0081,0.09639174910760084,scr2010,avaConv,pvInd_a
it_s,1,h0082,0.2025304316778872,scr2010,avaConv,pvInd_a
it_s,1,h0083,0.2927351962661016,scr2010,avaConv,pvInd_a
it_s,1,h0084,0.3314691635544186,scr2010,avaConv,pvInd_a
it_s,1,h0085,0.3738765720565067,scr2010,avaConv,pvInd_a
it_s,1,h0086,0.3637440124130178,scr2010,avaConv,pvInd_a
it_s,1,h0087,0.33571390408765645,scr2010,avaConv,pvInd_a
it_s,1,h0088,0.22909868490009627,scr2010,avaConv,pvInd_a
it_s,1,h0089,0.1245860508120679,scr2010,avaConv,pvInd_a
it_s,1,h0090,0.045666771405882815,scr2010,avaConv,pvInd_a
it_s,1,h0091,0.006937205315981442,scr2010,avaConv,pvInd_a
it_s,1,h0092,0.0,scr2010,avaConv,pvInd_a
it_s,1,h0093,0.0,scr2010,avaConv,pvInd_a
it_s,1,h0094,0.0,scr2010,avaConv,pvInd_a
it_s,1,h0095,0.0,scr2010,avaConv,pvInd_a
it_s,1,h0096,0.0,scr2010,avaConv,pvInd_a
it_cn,1,h0049,0.0,scr2010,avaConv,pvInd_a
it_cn,1,h0050,0.0,scr2010,avaConv,pvInd_a
it_cn,1,h0051,0.0,scr2010,avaConv,pvInd_a
it_cn,1,h0052,0.0,scr2010,avaConv,pvInd_a
it_cn,1,h0053,0.0,scr2010,avaConv,pvInd_a
it_cn,1,h0054,0.0,scr2010,avaConv,pvInd_a
it_cn,1,h0055,0.0,scr2010,avaConv,pvInd_a
it_cn,1,h0056,0.0021973476309546333,scr2010,avaConv,pvInd_a
it_cn,1,h0057,0.022520358211753844,scr2010,avaConv,pvInd_a
it_cn,1,h0058,0.0649676495283367,scr2010,avaConv,pvInd_a
it_cn,1,h0059,0.12757676996433837,scr2010,avaConv,pvInd_a
it_cn,1,h0060,0.19418290536922825,scr2010,avaConv,pvInd_a
it_cn,1,h0061,0.39795391504700495,scr2010,avaConv,pvInd_a
it_cn,1,h0062,0.5613507891365761,scr2010,avaConv,pvInd_a
it_cn,1,h0063,0.6447236643749183,scr2010,avaConv,pvInd_a
it_cn,1,h0064,0.47740291209651137,scr2010,avaConv,pvInd_a
it_cn,1,h0065,0.2703519521909234,scr2010,avaConv,pvInd_a
it_cn,1,h0066,0.1021613701387295,scr2010,avaConv,pvInd_a
it_cn,1,h0067,0.018617486914086507,scr2010,avaConv,pvInd_a
it_cn,1,h0068,0.0,scr2010,avaConv,pvInd_a
it_cn,1,h0069,0.0,scr2010,avaConv,pvInd_a
it_cn,1,h0070,0.0,scr2010,avaConv,pvInd_a
it_cn,1,h0071,0.0,scr2010,avaConv,pvInd_a
it_cn,1,h0072,0.0,scr2010,avaConv,pvInd_a
it_cn,1,h0073,0.0,scr2010,avaConv,pvInd_a
it_cn,1,h0074,0.0,scr2010,avaConv,pvInd_a
it_cn,1,h0075,0.0,scr2010,avaConv,pvInd_a
it_cn,1,h0076,0.0,scr2010,avaConv,pvInd_a
it_cn,1,h0077,0.0,scr2010,avaConv,pvInd_a
it_cn,1,h0078,0.0,scr2010,avaConv,pvInd_a
it_cn,1,h0079,0.0,scr2010,avaConv,pvInd_a
it_cn,1,h0080,0.012192972952379465,scr2010,avaConv,pvInd_a
it_cn,1,h0081,0.054575231963604406,scr2010,avaConv,pvInd_a
it_cn,1,h0082,0.1280680233376896,scr2010,avaConv,pvInd_a
it_cn,1,h0083,0.2018747403315125,scr2010,avaConv,pvInd_a
it_cn,1,h0084,0.24551615805655785,scr2010,avaConv,pvInd_a
it_cn,1,h0085,0.384612356463547,scr2010,avaConv,pvInd_a
it_cn,1,h0086,0.4660779868117106,scr2010,avaConv,pvInd_a
it_cn,1,h0087,0.49231037622937923,scr2010,avaConv,pvInd_a
it_cn,1,h0088,0.33202033985913243,scr2010,avaConv,pvInd_a
it_cn,1,h0089,0.18170952795470666,scr2010,avaConv,pvInd_a
it_cn,1,h0090,0.06918109290267083,scr2010,avaConv,pvInd_a
it_cn,1,h0091,0.015228139441329634,scr2010,avaConv,pvInd_a
it_cn,1,h0092,0.0,scr2010,avaConv,pvInd_a
it_cn,1,h0093,0.0,scr2010,avaConv,pvInd_a
it_cn,1,h0094,0.0,scr2010,avaConv,pvInd_a
it_cn,1,h0095,0.0,scr2010,avaConv,pvInd_a
it_cn,1,h0096,0.0,scr2010,avaConv,pvInd_a
it_cs,1,h0049,0.0,scr2010,avaConv,pvInd_a
it_cs,1,h0050,0.0,scr2010,avaConv,pvInd_a
it_cs,1,h0051,0.0,scr2010,avaConv,pvInd_a
it_cs,1,h0052,0.0,scr2010,avaConv,pvInd_a
it_cs,1,h0053,0.0,scr2010,avaConv,pvInd_a
it_cs,1,h0054,0.0,scr2010,avaConv,pvInd_a
it_cs,1,h0055,0.0,scr2010,avaConv,pvInd_a
it_cs,1,h0056,0.0032337580479802038,scr2010,avaConv,pvInd_a
it_cs,1,h0057,0.024106281695205085,scr2010,avaConv,pvInd_a
it_cs,1,h0058,0.062242381085580716,scr2010,avaConv,pvInd_a
it_cs,1,h0059,0.11603735494273447,scr2010,avaConv,pvInd_a
it_cs,1,h0060,0.1729740699882095,scr2010,avaConv,pvInd_a
it_cs,1,h0061,0.3688096370056046,scr2010,avaConv,pvInd_a
it_cs,1,h0062,0.5256934138093143,scr2010,avaConv,pvInd_a
it_cs,1,h0063,0.6069253307597074,scr2010,avaConv,pvInd_a
it_cs,1,h0064,0.44788958646769667,scr2010,avaConv,pvInd_a
it_cs,1,h0065,0.2470404588292915,scr2010,avaConv,pvInd_a
it_cs,1,h0066,0.0906138097145412,scr2010,avaConv,pvInd_a
it_cs,1,h0067,0.012520361458224894,scr2010,avaConv,pvInd_a
it_cs,1,h0068,0.0,scr2010,avaConv,pvInd_a
it_cs,1,h0069,0.0,scr2010,avaConv,pvInd_a
it_cs,1,h0070,0.0,scr2010,avaConv,pvInd_a
it_cs,1,h0071,0.0,scr2010,avaConv,pvInd_a
it_cs,1,h0072,0.0,scr2010,avaConv,pvInd_a
it_cs,1,h0073,0.0,scr2010,avaConv,pvInd_a
it_cs,1,h0074,0.0,scr2010,avaConv,pvInd_a
it_cs,1,h0075,0.0,scr2010,avaConv,pvInd_a
it_cs,1,h0076,0.0,scr2010,avaConv,pvInd_a
it_cs,1,h0077,0.0,scr2010,avaConv,pvInd_a
it_cs,1,h0078,0.0,scr2010,avaConv,pvInd_a
it_cs,1,h0079,0.0,scr2010,avaConv,pvInd_a
it_cs,1,h0080,0.004373383534886625,scr2010,avaConv,pvInd_a
it_cs,1,h0081,0.0239883915416618,scr2010,avaConv,pvInd_a
it_cs,1,h0082,0.07045351838565386,scr2010,avaConv,pvInd_a
it_cs,1,h0083,0.14127399517753056,scr2010,avaConv,pvInd_a
it_cs,1,h0084,0.21705055478707228,scr2010,avaConv,pvInd_a
it_cs,1,h0085,0.32317735431952554,scr2010,avaConv,pvInd_a
it_cs,1,h0086,0.36643060545085493,scr2010,avaConv,pvInd_a
it_cs,1,h0087,0.3547172402811642,scr2010,avaConv,pvInd_a
it_cs,1,h0088,0.24843177744062384,scr2010,avaConv,pvInd_a
it_cs,1,h0089,0.14380448317409097,scr2010,avaConv,pvInd_a
it_cs,1,h0090,0.058707784350841244,scr2010,avaConv,pvInd_a
it_cs,1,h0091,0.012846579775415402,scr2010,avaConv,pvInd_a
it_cs,1,h0092,0.0,scr2010,avaConv,pvInd_a
it_cs,1,h0093,0.0,scr2010,avaConv,pvInd_a
it_cs,1,h0094,0.0,scr2010,avaConv,pvInd_a
it_cs,1,h0095,0.0,scr2010,avaConv,pvInd_a
it_cs,1,h0096,0.0,scr2010,avaConv,pvInd_a
it_n,1,h0049,0.0,scr2010,avaConv,pvInd_a
it_n,1,h0050,0.0,scr2010,avaConv,pvInd_a
it_n,1,h0051,0.0,scr2010,avaConv,pvInd_a
it_n,1,h0052,0.0,scr2010,avaConv,pvInd_a
it_n,1,h0053,0.0,scr2010,avaConv,pvInd_a
it_n,1,h0054,0.0,scr2010,avaConv,pvInd_a
it_n,1,h0055,0.0,scr2010,avaConv,pvInd_a
it_n,1,h0056,0.0,scr2010,avaConv,pvInd_a
it_n,1,h0057,0.04627756239925612,scr2010,avaConv,pvInd_a
it_n,1,h0058,0.15628096683347842,scr2010,avaConv,pvInd_a
it_n,1,h0059,0.32331001571651025,scr2010,avaConv,pvInd_a
it_n,1,h0060,0.4756134900575309,scr2010,avaConv,pvInd_a
it_n,1,h0061,0.6079839139526398,scr2010,avaConv,pvInd_a
it_n,1,h0062,0.6456933495667948,scr2010,avaConv,pvInd_a
it_n,1,h0063,0.5886252156972347,scr2010,avaConv,pvInd_a
it_n,1,h0064,0.42728323678477753,scr2010,avaConv,pvInd_a
it_n,1,h0065,0.24921668103454395,scr2010,avaConv,pvInd_a
it_n,1,h0066,0.10303358824079298,scr2010,avaConv,pvInd_a
it_n,1,h0067,0.022303038585240617,scr2010,avaConv,pvInd_a
it_n,1,h0068,0.0,scr2010,avaConv,pvInd_a
it_n,1,h0069,0.0,scr2010,avaConv,pvInd_a
it_n,1,h0070,0.0,scr2010,avaConv,pvInd_a
it_n,1,h0071,0.0,scr2010,avaConv,pvInd_a
it_n,1,h0072,0.0,scr2010,avaConv,pvInd_a
it_n,1,h0073,0.0,scr2010,avaConv,pvInd_a
it_n,1,h0074,0.0,scr2010,avaConv,pvInd_a
it_n,1,h0075,0.0,scr2010,avaConv,pvInd_a
it_n,1,h0076,0.0,scr2010,avaConv,pvInd_a
it_n,1,h0077,0.0,scr2010,avaConv,pvInd_a
it_n,1,h0078,0.0,scr2010,avaConv,pvInd_a
it_n,1,h0079,0.0,scr2010,avaConv,pvInd_a
it_n,1,h0080,0.015066603354884479,scr2010,avaConv,pvInd_a
it_n,1,h0081,0.0828394620341583,scr2010,avaConv,pvInd_a
it_n,1,h0082,0.2212495869924601,scr2010,avaConv,pvInd_a
it_n,1,h0083,0.3959041342819428,scr2010,avaConv,pvInd_a
it_n,1,h0084,0.5380675149959251,scr2010,avaConv,pvInd_a
it_n,1,h0085,0.5563014347929317,scr2010,avaConv,pvInd_a
it_n,1,h0086,0.48723635503975027,scr2010,avaConv,pvInd_a
it_n,1,h0087,0.3630150337884228,scr2010,avaConv,pvInd_a
it_n,1,h0088,0.25564805183423855,scr2010,avaConv,pvInd_a
it_n,1,h0089,0.15054359186880603,scr2010,avaConv,pvInd_a
it_n,1,h0090,0.06309630920672084,scr2010,avaConv,pvInd_a
it_n,1,h0091,0.014991803525247809,scr2010,avaConv,pvInd_a
it_n,1,h0092,0.0,scr2010,avaConv,pvInd_a
it_n,1,h0093,0.0,scr2010,avaConv,pvInd_a
it_n,1,h0094,0.0,scr2010,avaConv,pvInd_a
it_n,1,h0095,0.0,scr2010,avaConv,pvInd_a
it_n,1,h0096,0.0,scr2010,avaConv,pvInd_a
it_sar,1,h0049,0.0,scr2010,avaConv,pvInd_a
it_sar,1,h0050,0.0,scr2010,avaConv,pvInd_a
it_sar,1,h0051,0.0,scr2010,avaConv,pvInd_a
it_sar,1,h0052,0.0,scr2010,avaConv,pvInd_a
it_sar,1,h0053,0.0,scr2010,avaConv,pvInd_a
it_sar,1,h0054,0.0,scr2010,avaConv,pvInd_a
it_sar,1,h0055,0.0,scr2010,avaConv,pvInd_a
it_sar,1,h0056,0.005338590517867671,scr2010,avaConv,pvInd_a
it_sar,1,h0057,0.03751649225738193,scr2010,avaConv,pvInd_a
it_sar,1,h0058,0.10545121093009209,scr2010,avaConv,pvInd_a
it_sar,1,h0059,0.19582648681943887,scr2010,avaConv,pvInd_a
it_sar,1,h0060,0.28715580449217476,scr2010,avaConv,pvInd_a
it_sar,1,h0061,0.41231483666728697,scr2010,avaConv,pvInd_a
it_sar,1,h0062,0.4845794539689854,scr2010,avaConv,pvInd_a
it_sar,1,h0063,0.4904532675021009,scr2010,avaConv,pvInd_a
it_sar,1,h0064,0.37160209482764134,scr2010,avaConv,pvInd_a
it_sar,1,h0065,0.22652880420331367,scr2010,avaConv,pvInd_a
it_sar,1,h0066,0.09362422871317538,scr2010,avaConv,pvInd_a
it_sar,1,h0067,0.020377986588316133,scr2010,avaConv,pvInd_a
it_sar,1,h0068,0.0,scr2010,avaConv,pvInd_a
it_sar,1,h0069,0.0,scr2010,avaConv,pvInd_a
it_sar,1,h0070,0.0,scr2010,avaConv,pvInd_a
it_sar,1,h0071,0.0,scr2010,avaConv,pvInd_a
it_sar,1,h0072,0.0,scr2010,avaConv,pvInd_a
it_sar,1,h0073,0.0,scr2010,avaConv,pvInd_a
it_sar,1,h0074,0.0,scr2010,avaConv,pvInd_a
it_sar,1,h0075,0.0,scr2010,avaConv,pvInd_a
it_sar,1,h0076,0.0,scr2010,avaConv,pvInd_a
it_sar,1,h0077,0.0,scr2010,avaConv,pvInd_a
it_sar,1,h0078,0.0,scr2010,avaConv,pvInd_a
it_sar,1,h0079,0.0,scr2010,avaConv,pvInd_a
it_sar,1,h0080,0.021645251720410316,scr2010,avaConv,pvInd_a
it_sar,1,h0081,0.10462919445971372,scr2010,avaConv,pvInd_a
it_sar,1,h0082,0.24843877762921185,scr2010,avaConv,pvInd_a
it_sar,1,h0083,0.379556384105593,scr2010,avaConv,pvInd_a
it_sar,1,h0084,0.45870293857244604,scr2010,avaConv,pvInd_a
it_sar,1,h0085,0.49134824624251533,scr2010,avaConv,pvInd_a
it_sar,1,h0086,0.5006075152890768,scr2010,avaConv,pvInd_a
it_sar,1,h0087,0.4597561970048334,scr2010,avaConv,pvInd_a
it_sar,1,h0088,0.3609836666794226,scr2010,avaConv,pvInd_a
it_sar,1,h0089,0.2226885115418911,scr2010,avaConv,pvInd_a
it_sar,1,h0090,0.09516636323334317,scr2010,avaConv,pvInd_a
it_sar,1,h0091,0.021958648156208002,scr2010,avaConv,pvInd_a
it_sar,1,h0092,0.0,scr2010,avaConv,pvInd_a
it_sar,1,h0093,0.0,scr2010,avaConv,pvInd_a
it_sar,1,h0094,0.0,scr2010,avaConv,pvInd_a
it_sar,1,h0095,0.0,scr2010,avaConv,pvInd_a
it_sar,1,h0096,0.0,scr2010,avaConv,pvInd_a
it_sic,1,h0049,0.0,scr2010,avaConv,pvInd_a
it_sic,1,h0050,0.0,scr2010,avaConv,pvInd_a
it_sic,1,h0051,0.0,scr2010,avaConv,pvInd_a
it_sic,1,h0052,0.0,scr2010,avaConv,pvInd_a
it_sic,1,h0053,0.0,scr2010,avaConv,pvInd_a
it_sic,1,h0054,0.0,scr2010,avaConv,pvInd_a
it_sic,1,h0055,0.0,scr2010,avaConv,pvInd_a
it_sic,1,h0056,0.015129920774554967,scr2010,avaConv,pvInd_a
it_sic,1,h0057,0.06315759895090747,scr2010,avaConv,pvInd_a
it_sic,1,h0058,0.14861355270249427,scr2010,avaConv,pvInd_a
it_sic,1,h0059,0.23273651550090385,scr2010,avaConv,pvInd_a
it_sic,1,h0060,0.3057831977281617,scr2010,avaConv,pvInd_a
it_sic,1,h0061,0.3794745539826066,scr2010,avaConv,pvInd_a
it_sic,1,h0062,0.4244501857587307,scr2010,avaConv,pvInd_a
it_sic,1,h0063,0.4162347466275924,scr2010,avaConv,pvInd_a
it_sic,1,h0064,0.32292533024456394,scr2010,avaConv,pvInd_a
it_sic,1,h0065,0.19769814916182904,scr2010,avaConv,pvInd_a
it_sic,1,h0066,0.08340985271079655,scr2010,avaConv,pvInd_a
it_sic,1,h0067,0.01877449307018378,scr2010,avaConv,pvInd_a
it_sic,1,h0068,0.0,scr2010,avaConv,pvInd_a
it_sic,1,h0069,0.0,scr2010,avaConv,pvInd_a
it_sic,1,h0070,0.0,scr2010,avaConv,pvInd_a
it_sic,1,h0071,0.0,scr2010,avaConv,pvInd_a
it_sic,1,h0072,0.0,scr2010,avaConv,pvInd_a
it_sic,1,h0073,0.0,scr2010,avaConv,pvInd_a
it_sic,1,h0074,0.0,scr2010,avaConv,pvInd_a
it_sic,1,h0075,0.0,scr2010,avaConv,pvInd_a
it_sic,1,h0076,0.0,scr2010,avaConv,pvInd_a
it_sic,1,h0077,0.0,scr2010,avaConv,pvInd_a
it_sic,1,h0078,0.0,scr2010,avaConv,pvInd_a
it_sic,1,h0079,0.0,scr2010,avaConv,pvInd_a
it_sic,1,h0080,0.020410213074044007,scr2010,avaConv,pvInd_a
it_sic,1,h0081,0.09031320225874884,scr2010,avaConv,pvInd_a
it_sic,1,h0082,0.22208194264109218,scr2010,avaConv,pvInd_a
it_sic,1,h0083,0.37495546977832994,scr2010,avaConv,pvInd_a
it_sic,1,h0084,0.496114798893464,scr2010,avaConv,pvInd_a
it_sic,1,h0085,0.5703185503285576,scr2010,avaConv,pvInd_a
it_sic,1,h0086,0.5594292648396187,scr2010,avaConv,pvInd_a
it_sic,1,h0087,0.46356711439200177,scr2010,avaConv,pvInd_a
it_sic,1,h0088,0.2961319281327029,scr2010,avaConv,pvInd_a
it_sic,1,h0089,0.14000296864730696,scr2010,avaConv,pvInd_a
it_sic,1,h0090,0.04407074032040669,scr2010,avaConv,pvInd_a
it_sic,1,h0091,0.006453224636475435,scr2010,avaConv,pvInd_a
it_sic,1,h0092,0.0,scr2010,avaConv,pvInd_a
it_sic,1,h0093,0.0,scr2010,avaConv,pvInd_a
it_sic,1,h0094,0.0,scr2010,avaConv,pvInd_a
it_sic,1,h0095,0.0,scr2010,avaConv,pvInd_a
it_sic,1,h0096,0.0,scr2010,avaConv,pvInd_a
lt,1,h0049,0.0,scr2010,avaConv,pvInd_a
lt,1,h0050,0.0,scr2010,avaConv,pvInd_a
lt,1,h0051,0.0,scr2010,avaConv,pvInd_a
lt,1,h0052,0.0,scr2010,avaConv,pvInd_a
lt,1,h0053,0.0,scr2010,avaConv,pvInd_a
lt,1,h0054,0.0,scr2010,avaConv,pvInd_a
lt,1,h0055,0.0,scr2010,avaConv,pvInd_a
lt,1,h0056,0.0006449392666647854,scr2010,avaConv,pvInd_a
lt,1,h0057,0.011103506946494838,scr2010,avaConv,pvInd_a
lt,1,h0058,0.031732705327004465,scr2010,avaConv,pvInd_a
lt,1,h0059,0.05668710153892242,scr2010,avaConv,pvInd_a
lt,1,h0060,0.06741381920899332,scr2010,avaConv,pvInd_a
lt,1,h0061,0.10785605389640956,scr2010,avaConv,pvInd_a
lt,1,h0062,0.11577470728756467,scr2010,avaConv,pvInd_a
lt,1,h0063,0.10346382317739869,scr2010,avaConv,pvInd_a
lt,1,h0064,0.03980216713528546,scr2010,avaConv,pvInd_a
lt,1,h0065,0.009504544465919801,scr2010,avaConv,pvInd_a
lt,1,h0066,0.0,scr2010,avaConv,pvInd_a
lt,1,h0067,0.0,scr2010,avaConv,pvInd_a
lt,1,h0068,0.0,scr2010,avaConv,pvInd_a
lt,1,h0069,0.0,scr2010,avaConv,pvInd_a
lt,1,h0070,0.0,scr2010,avaConv,pvInd_a
lt,1,h0071,0.0,scr2010,avaConv,pvInd_a
lt,1,h0072,0.0,scr2010,avaConv,pvInd_a
lt,1,h0073,0.0,scr2010,avaConv,pvInd_a
lt,1,h0074,0.0,scr2010,avaConv,pvInd_a
lt,1,h0075,0.0,scr2010,avaConv,pvInd_a
lt,1,h0076,0.0,scr2010,avaConv,pvInd_a
lt,1,h0077,0.0,scr2010,avaConv,pvInd_a
lt,1,h0078,0.0,scr2010,avaConv,pvInd_a
lt,1,h0079,0.0,scr2010,avaConv,pvInd_a
lt,1,h0080,0.0019833089089113867,scr2010,avaConv,pvInd_a
lt,1,h0081,0.013476172524402863,scr2010,avaConv,pvInd_a
lt,1,h0082,0.03372174642892432,scr2010,avaConv,pvInd_a
lt,1,h0083,0.05534349439125684,scr2010,avaConv,pvInd_a
lt,1,h0084,0.06848858231896889,scr2010,avaConv,pvInd_a
lt,1,h0085,0.10176753454790398,scr2010,avaConv,pvInd_a
lt,1,h0086,0.11525635571901406,scr2010,avaConv,pvInd_a
lt,1,h0087,0.1040736741091483,scr2010,avaConv,pvInd_a
lt,1,h0088,0.049640126226394146,scr2010,avaConv,pvInd_a
lt,1,h0089,0.014515306109164258,scr2010,avaConv,pvInd_a
lt,1,h0090,0.0010677981034708283,scr2010,avaConv,pvInd_a
lt,1,h0091,0.0,scr2010,avaConv,pvInd_a
lt,1,h0092,0.0,scr2010,avaConv,pvInd_a
lt,1,h0093,0.0,scr2010,avaConv,pvInd_a
lt,1,h0094,0.0,scr2010,avaConv,pvInd_a
lt,1,h0095,0.0,scr2010,avaConv,pvInd_a
lt,1,h0096,0.0,scr2010,avaConv,pvInd_a
lu,1,h0049,0.0,scr2010,avaConv,pvInd_a
lu,1,h0050,0.0,scr2010,avaConv,pvInd_a
lu,1,h0051,0.0,scr2010,avaConv,pvInd_a
lu,1,h0052,0.0,scr2010,avaConv,pvInd_a
lu,1,h0053,0.0,scr2010,avaConv,pvInd_a
lu,1,h0054,0.0,scr2010,avaConv,pvInd_a
lu,1,h0055,0.0,scr2010,avaConv,pvInd_a
lu,1,h0056,0.0,scr2010,avaConv,pvInd_a
lu,1,h0057,0.03858686427204093,scr2010,avaConv,pvInd_a
lu,1,h0058,0.128634294683722,scr2010,avaConv,pvInd_a
lu,1,h0059,0.26278962263110134,scr2010,avaConv,pvInd_a
lu,1,h0060,0.39304743696200717,scr2010,avaConv,pvInd_a
lu,1,h0061,0.3631072765817036,scr2010,avaConv,pvInd_a
lu,1,h0062,0.27142912438472716,scr2010,avaConv,pvInd_a
lu,1,h0063,0.12935985490384574,scr2010,avaConv,pvInd_a
lu,1,h0064,0.08338648076701148,scr2010,avaConv,pvInd_a
lu,1,h0065,0.04108567369603829,scr2010,avaConv,pvInd_a
lu,1,h0066,0.013595001843758931,scr2010,avaConv,pvInd_a
lu,1,h0067,0.0002786300917422971,scr2010,avaConv,pvInd_a
lu,1,h0068,0.0,scr2010,avaConv,pvInd_a
lu,1,h0069,0.0,scr2010,avaConv,pvInd_a
lu,1,h0070,0.0,scr2010,avaConv,pvInd_a
lu,1,h0071,0.0,scr2010,avaConv,pvInd_a
lu,1,h0072,0.0,scr2010,avaConv,pvInd_a
lu,1,h0073,0.0,scr2010,avaConv,pvInd_a
lu,1,h0074,0.0,scr2010,avaConv,pvInd_a
lu,1,h0075,0.0,scr2010,avaConv,pvInd_a
lu,1,h0076,0.0,scr2010,avaConv,pvInd_a
lu,1,h0077,0.0,scr2010,avaConv,pvInd_a
lu,1,h0078,0.0,scr2010,avaConv,pvInd_a
lu,1,h0079,0.0,scr2010,avaConv,pvInd_a
lu,1,h0080,0.0,scr2010,avaConv,pvInd_a
lu,1,h0081,0.04787698321285746,scr2010,avaConv,pvInd_a
lu,1,h0082,0.14824823581865368,scr2010,avaConv,pvInd_a
lu,1,h0083,0.30369651728698915,scr2010,avaConv,pvInd_a
lu,1,h0084,0.44272868948927246,scr2010,avaConv,pvInd_a
lu,1,h0085,0.5259363537127452,scr2010,avaConv,pvInd_a
lu,1,h0086,0.5065956731405704,scr2010,avaConv,pvInd_a
lu,1,h0087,0.4012192128493621,scr2010,avaConv,pvInd_a
lu,1,h0088,0.26670497330378373,scr2010,avaConv,pvInd_a
lu,1,h0089,0.1526656205158278,scr2010,avaConv,pvInd_a
lu,1,h0090,0.07312155577696623,scr2010,avaConv,pvInd_a
lu,1,h0091,0.02403568213555722,scr2010,avaConv,pvInd_a
lu,1,h0092,0.0,scr2010,avaConv,pvInd_a
lu,1,h0093,0.0,scr2010,avaConv,pvInd_a
lu,1,h0094,0.0,scr2010,avaConv,pvInd_a
lu,1,h0095,0.0,scr2010,avaConv,pvInd_a
lu,1,h0096,0.0,scr2010,avaConv,pvInd_a
lv,1,h0049,0.0,scr2010,avaConv,pvInd_a
lv,1,h0050,0.0,scr2010,avaConv,pvInd_a
lv,1,h0051,0.0,scr2010,avaConv,pvInd_a
lv,1,h0052,0.0,scr2010,avaConv,pvInd_a
lv,1,h0053,0.0,scr2010,avaConv,pvInd_a
lv,1,h0054,0.0,scr2010,avaConv,pvInd_a
lv,1,h0055,0.0,scr2010,avaConv,pvInd_a
lv,1,h0056,0.002991630953641141,scr2010,avaConv,pvInd_a
lv,1,h0057,0.041587739573014565,scr2010,avaConv,pvInd_a
lv,1,h0058,0.09751896656373027,scr2010,avaConv,pvInd_a
lv,1,h0059,0.14900695538396375,scr2010,avaConv,pvInd_a
lv,1,h0060,0.15530348009590067,scr2010,avaConv,pvInd_a
lv,1,h0061,0.24421275707801932,scr2010,avaConv,pvInd_a
lv,1,h0062,0.2883510688575022,scr2010,avaConv,pvInd_a
lv,1,h0063,0.280316483171081,scr2010,avaConv,pvInd_a
lv,1,h0064,0.13311464040867485,scr2010,avaConv,pvInd_a
lv,1,h0065,0.03669471360752949,scr2010,avaConv,pvInd_a
lv,1,h0066,0.0,scr2010,avaConv,pvInd_a
lv,1,h0067,0.0,scr2010,avaConv,pvInd_a
lv,1,h0068,0.0,scr2010,avaConv,pvInd_a
lv,1,h0069,0.0,scr2010,avaConv,pvInd_a
lv,1,h0070,0.0,scr2010,avaConv,pvInd_a
lv,1,h0071,0.0,scr2010,avaConv,pvInd_a
lv,1,h0072,0.0,scr2010,avaConv,pvInd_a
lv,1,h0073,0.0,scr2010,avaConv,pvInd_a
lv,1,h0074,0.0,scr2010,avaConv,pvInd_a
lv,1,h0075,0.0,scr2010,avaConv,pvInd_a
lv,1,h0076,0.0,scr2010,avaConv,pvInd_a
lv,1,h0077,0.0,scr2010,avaConv,pvInd_a
lv,1,h0078,0.0,scr2010,avaConv,pvInd_a
lv,1,h0079,0.0,scr2010,avaConv,pvInd_a
lv,1,h0080,0.004352878655362513,scr2010,avaConv,pvInd_a
lv,1,h0081,0.020663579721535225,scr2010,avaConv,pvInd_a
lv,1,h0082,0.04986040704165424,scr2010,avaConv,pvInd_a
lv,1,h0083,0.0789146092332307,scr2010,avaConv,pvInd_a
lv,1,h0084,0.09607086243078224,scr2010,avaConv,pvInd_a
lv,1,h0085,0.15562097816251208,scr2010,avaConv,pvInd_a
lv,1,h0086,0.18689389233819415,scr2010,avaConv,pvInd_a
lv,1,h0087,0.1809483687023072,scr2010,avaConv,pvInd_a
lv,1,h0088,0.0910256718701461,scr2010,avaConv,pvInd_a
lv,1,h0089,0.02713546263880275,scr2010,avaConv,pvInd_a
lv,1,h0090,0.000363580657584839,scr2010,avaConv,pvInd_a
lv,1,h0091,0.0,scr2010,avaConv,pvInd_a
lv,1,h0092,0.0,scr2010,avaConv,pvInd_a
lv,1,h0093,0.0,scr2010,avaConv,pvInd_a
lv,1,h0094,0.0,scr2010,avaConv,pvInd_a
lv,1,h0095,0.0,scr2010,avaConv,pvInd_a
lv,1,h0096,0.0,scr2010,avaConv,pvInd_a
me,1,h0049,0.0,scr2010,avaConv,pvInd_a
me,1,h0050,0.0,scr2010,avaConv,pvInd_a
me,1,h0051,0.0,scr2010,avaConv,pvInd_a
me,1,h0052,0.0,scr2010,avaConv,pvInd_a
me,1,h0053,0.0,scr2010,avaConv,pvInd_a
me,1,h0054,0.0,scr2010,avaConv,pvInd_a
me,1,h0055,0.0,scr2010,avaConv,pvInd_a
me,1,h0056,0.00908838391014049,scr2010,avaConv,pvInd_a
me,1,h0057,0.032932896008683266,scr2010,avaConv,pvInd_a
me,1,h0058,0.08872841606738717,scr2010,avaConv,pvInd_a
me,1,h0059,0.16319672680956038,scr2010,avaConv,pvInd_a
me,1,h0060,0.20667462198850917,scr2010,avaConv,pvInd_a
me,1,h0061,0.3709083387346221,scr2010,avaConv,pvInd_a
me,1,h0062,0.47513195714237727,scr2010,avaConv,pvInd_a
me,1,h0063,0.5394470562450466,scr2010,avaConv,pvInd_a
me,1,h0064,0.37357165699943123,scr2010,avaConv,pvInd_a
me,1,h0065,0.18372062605816508,scr2010,avaConv,pvInd_a
me,1,h0066,0.05467133535907676,scr2010,avaConv,pvInd_a
me,1,h0067,0.0,scr2010,avaConv,pvInd_a
me,1,h0068,0.0,scr2010,avaConv,pvInd_a
me,1,h0069,0.0,scr2010,avaConv,pvInd_a
me,1,h0070,0.0,scr2010,avaConv,pvInd_a
me,1,h0071,0.0,scr2010,avaConv,pvInd_a
me,1,h0072,0.0,scr2010,avaConv,pvInd_a
me,1,h0073,0.0,scr2010,avaConv,pvInd_a
me,1,h0074,0.0,scr2010,avaConv,pvInd_a
me,1,h0075,0.0,scr2010,avaConv,pvInd_a
me,1,h0076,0.0,scr2010,avaConv,pvInd_a
me,1,h0077,0.0,scr2010,avaConv,pvInd_a
me,1,h0078,0.0,scr2010,avaConv,pvInd_a
me,1,h0079,0.0,scr2010,avaConv,pvInd_a
me,1,h0080,0.011516301400299732,scr2010,avaConv,pvInd_a
me,1,h0081,0.031451914257432,scr2010,avaConv,pvInd_a
me,1,h0082,0.05128282194666707,scr2010,avaConv,pvInd_a
me,1,h0083,0.059642859273695004,scr2010,avaConv,pvInd_a
me,1,h0084,0.06814695446020066,scr2010,avaConv,pvInd_a
me,1,h0085,0.18641155490511507,scr2010,avaConv,pvInd_a
me,1,h0086,0.26745701791417353,scr2010,avaConv,pvInd_a
me,1,h0087,0.3038774966631709,scr2010,avaConv,pvInd_a
me,1,h0088,0.19347994604789456,scr2010,avaConv,pvInd_a
me,1,h0089,0.0921169109833796,scr2010,avaConv,pvInd_a
me,1,h0090,0.028579756019201888,scr2010,avaConv,pvInd_a
me,1,h0091,0.0,scr2010,avaConv,pvInd_a
me,1,h0092,0.0,scr2010,avaConv,pvInd_a
me,1,h0093,0.0,scr2010,avaConv,pvInd_a
me,1,h0094,0.0,scr2010,avaConv,pvInd_a
me,1,h0095,0.0,scr2010,avaConv,pvInd_a
me,1,h0096,0.0,scr2010,avaConv,pvInd_a
mk,1,h0049,0.0,scr2010,avaConv,pvInd_a
mk,1,h0050,0.0,scr2010,avaConv,pvInd_a
mk,1,h0051,0.0,scr2010,avaConv,pvInd_a
mk,1,h0052,0.0,scr2010,avaConv,pvInd_a
mk,1,h0053,0.0,scr2010,avaConv,pvInd_a
mk,1,h0054,0.0,scr2010,avaConv,pvInd_a
mk,1,h0055,0.0,scr2010,avaConv,pvInd_a
mk,1,h0056,0.015766957999074127,scr2010,avaConv,pvInd_a
mk,1,h0057,0.058166793649463186,scr2010,avaConv,pvInd_a
mk,1,h0058,0.121396247799744,scr2010,avaConv,pvInd_a
mk,1,h0059,0.18386013835792095,scr2010,avaConv,pvInd_a
mk,1,h0060,0.2319262188646194,scr2010,avaConv,pvInd_a
mk,1,h0061,0.39952042846179053,scr2010,avaConv,pvInd_a
mk,1,h0062,0.5090715540059448,scr2010,avaConv,pvInd_a
mk,1,h0063,0.543382952988324,scr2010,avaConv,pvInd_a
mk,1,h0064,0.35879205044075646,scr2010,avaConv,pvInd_a
mk,1,h0065,0.16930481060287736,scr2010,avaConv,pvInd_a
mk,1,h0066,0.04639390423120959,scr2010,avaConv,pvInd_a
mk,1,h0067,0.0,scr2010,avaConv,pvInd_a
mk,1,h0068,0.0,scr2010,avaConv,pvInd_a
mk,1,h0069,0.0,scr2010,avaConv,pvInd_a
mk,1,h0070,0.0,scr2010,avaConv,pvInd_a
mk,1,h0071,0.0,scr2010,avaConv,pvInd_a
mk,1,h0072,0.0,scr2010,avaConv,pvInd_a
mk,1,h0073,0.0,scr2010,avaConv,pvInd_a
mk,1,h0074,0.0,scr2010,avaConv,pvInd_a
mk,1,h0075,0.0,scr2010,avaConv,pvInd_a
mk,1,h0076,0.0,scr2010,avaConv,pvInd_a
mk,1,h0077,0.0,scr2010,avaConv,pvInd_a
mk,1,h0078,0.0,scr2010,avaConv,pvInd_a
mk,1,h0079,0.009866665921389094,scr2010,avaConv,pvInd_a
mk,1,h0080,0.056638578484133235,scr2010,avaConv,pvInd_a
mk,1,h0081,0.15161975450228352,scr2010,avaConv,pvInd_a
mk,1,h0082,0.263843860179269,scr2010,avaConv,pvInd_a
mk,1,h0083,0.3376496020879498,scr2010,avaConv,pvInd_a
mk,1,h0084,0.36270486396793944,scr2010,avaConv,pvInd_a
mk,1,h0085,0.418972148579997,scr2010,avaConv,pvInd_a
mk,1,h0086,0.45141976122143035,scr2010,avaConv,pvInd_a
mk,1,h0087,0.4550264269575689,scr2010,avaConv,pvInd_a
mk,1,h0088,0.33289782585580563,scr2010,avaConv,pvInd_a
mk,1,h0089,0.17661305588478116,scr2010,avaConv,pvInd_a
mk,1,h0090,0.054088239679556616,scr2010,avaConv,pvInd_a
mk,1,h0091,0.0,scr2010,avaConv,pvInd_a
mk,1,h0092,0.0,scr2010,avaConv,pvInd_a
mk,1,h0093,0.0,scr2010,avaConv,pvInd_a
mk,1,h0094,0.0,scr2010,avaConv,pvInd_a
mk,1,h0095,0.0,scr2010,avaConv,pvInd_a
mk,1,h0096,0.0,scr2010,avaConv,pvInd_a
nl,1,h0049,0.0,scr2010,avaConv,pvInd_a
nl,1,h0050,0.0,scr2010,avaConv,pvInd_a
nl,1,h0051,0.0,scr2010,avaConv,pvInd_a
nl,1,h0052,0.0,scr2010,avaConv,pvInd_a
nl,1,h0053,0.0,scr2010,avaConv,pvInd_a
nl,1,h0054,0.0,scr2010,avaConv,pvInd_a
nl,1,h0055,0.0,scr2010,avaConv,pvInd_a
nl,1,h0056,0.0,scr2010,avaConv,pvInd_a
nl,1,h0057,0.030445296412998563,scr2010,avaConv,pvInd_a
nl,1,h0058,0.11873520138507765,scr2010,avaConv,pvInd_a
nl,1,h0059,0.25139714754726705,scr2010,avaConv,pvInd_a
nl,1,h0060,0.35170543131841947,scr2010,avaConv,pvInd_a
nl,1,h0061,0.2737730024231523,scr2010,avaConv,pvInd_a
nl,1,h0062,0.15254153599780884,scr2010,avaConv,pvInd_a
nl,1,h0063,0.03160249455385046,scr2010,avaConv,pvInd_a
nl,1,h0064,0.021140873895126953,scr2010,avaConv,pvInd_a
nl,1,h0065,0.00999755334824364,scr2010,avaConv,pvInd_a
nl,1,h0066,0.0024544751289419663,scr2010,avaConv,pvInd_a
nl,1,h0067,0.0,scr2010,avaConv,pvInd_a
nl,1,h0068,0.0,scr2010,avaConv,pvInd_a
nl,1,h0069,0.0,scr2010,avaConv,pvInd_a
nl,1,h0070,0.0,scr2010,avaConv,pvInd_a
nl,1,h0071,0.0,scr2010,avaConv,pvInd_a
nl,1,h0072,0.0,scr2010,avaConv,pvInd_a
nl,1,h0073,0.0,scr2010,avaConv,pvInd_a
nl,1,h0074,0.0,scr2010,avaConv,pvInd_a
nl,1,h0075,0.0,scr2010,avaConv,pvInd_a
nl,1,h0076,0.0,scr2010,avaConv,pvInd_a
nl,1,h0077,0.0,scr2010,avaConv,pvInd_a
nl,1,h0078,0.0,scr2010,avaConv,pvInd_a
nl,1,h0079,0.0,scr2010,avaConv,pvInd_a
nl,1,h0080,0.0,scr2010,avaConv,pvInd_a
nl,1,h0081,0.04791324471712963,scr2010,avaConv,pvInd_a
nl,1,h0082,0.1554442819430362,scr2010,avaConv,pvInd_a
nl,1,h0083,0.3150828919580294,scr2010,avaConv,pvInd_a
nl,1,h0084,0.4662958132372449,scr2010,avaConv,pvInd_a
nl,1,h0085,0.5585018146844368,scr2010,avaConv,pvInd_a
nl,1,h0086,0.5895981636344954,scr2010,avaConv,pvInd_a
nl,1,h0087,0.5287852502060579,scr2010,avaConv,pvInd_a
nl,1,h0088,0.3838918503601881,scr2010,avaConv,pvInd_a
nl,1,h0089,0.20113070755306028,scr2010,avaConv,pvInd_a
nl,1,h0090,0.06232805363428506,scr2010,avaConv,pvInd_a
nl,1,h0091,0.007348925509644289,scr2010,avaConv,pvInd_a
nl,1,h0092,0.0,scr2010,avaConv,pvInd_a
nl,1,h0093,0.0,scr2010,avaConv,pvInd_a
nl,1,h0094,0.0,scr2010,avaConv,pvInd_a
nl,1,h0095,0.0,scr2010,avaConv,pvInd_a
nl,1,h0096,0.0,scr2010,avaConv,pvInd_a
no_m,1,h0049,0.0,scr2010,avaConv,pvInd_a
no_m,1,h0050,0.0,scr2010,avaConv,pvInd_a
no_m,1,h0051,0.0,scr2010,avaConv,pvInd_a
no_m,1,h0052,0.0,scr2010,avaConv,pvInd_a
no_m,1,h0053,0.0,scr2010,avaConv,pvInd_a
no_m,1,h0054,0.0,scr2010,avaConv,pvInd_a
no_m,1,h0055,0.0,scr2010,avaConv,pvInd_a
no_m,1,h0056,0.0,scr2010,avaConv,pvInd_a
no_m,1,h0057,0.0,scr2010,avaConv,pvInd_a
no_m,1,h0058,0.014172248298547,scr2010,avaConv,pvInd_a
no_m,1,h0059,0.0640069102866166,scr2010,avaConv,pvInd_a
no_m,1,h0060,0.14612272953837613,scr2010,avaConv,pvInd_a
no_m,1,h0061,0.3081348464616196,scr2010,avaConv,pvInd_a
no_m,1,h0062,0.4081532717799674,scr2010,avaConv,pvInd_a
no_m,1,h0063,0.4172447317722314,scr2010,avaConv,pvInd_a
no_m,1,h0064,0.2350539254138442,scr2010,avaConv,pvInd_a
no_m,1,h0065,0.08555977341570108,scr2010,avaConv,pvInd_a
no_m,1,h0066,0.0,scr2010,avaConv,pvInd_a
no_m,1,h0067,0.0,scr2010,avaConv,pvInd_a
no_m,1,h0068,0.0,scr2010,avaConv,pvInd_a
no_m,1,h0069,0.0,scr2010,avaConv,pvInd_a
no_m,1,h0070,0.0,scr2010,avaConv,pvInd_a
no_m,1,h0071,0.0,scr2010,avaConv,pvInd_a
no_m,1,h0072,0.0,scr2010,avaConv,pvInd_a
no_m,1,h0073,0.0,scr2010,avaConv,pvInd_a
no_m,1,h0074,0.0,scr2010,avaConv,pvInd_a
no_m,1,h0075,0.0,scr2010,avaConv,pvInd_a
no_m,1,h0076,0.0,scr2010,avaConv,pvInd_a
no_m,1,h0077,0.0,scr2010,avaConv,pvInd_a
no_m,1,h0078,0.0,scr2010,avaConv,pvInd_a
no_m,1,h0079,0.0,scr2010,avaConv,pvInd_a
no_m,1,h0080,0.0,scr2010,avaConv,pvInd_a
no_m,1,h0081,0.0006588195443453278,scr2010,avaConv,pvInd_a
no_m,1,h0082,0.01664655848864494,scr2010,avaConv,pvInd_a
no_m,1,h0083,0.05618654933238702,scr2010,avaConv,pvInd_a
no_m,1,h0084,0.11664878685733757,scr2010,avaConv,pvInd_a
no_m,1,h0085,0.22098977358215866,scr2010,avaConv,pvInd_a
no_m,1,h0086,0.2899958659235081,scr2010,avaConv,pvInd_a
no_m,1,h0087,0.30850179150143203,scr2010,avaConv,pvInd_a
no_m,1,h0088,0.22134668922685197,scr2010,avaConv,pvInd_a
no_m,1,h0089,0.1112041429410879,scr2010,avaConv,pvInd_a
no_m,1,h0090,0.033247826808910946,scr2010,avaConv,pvInd_a
no_m,1,h0091,0.0,scr2010,avaConv,pvInd_a
no_m,1,h0092,0.0,scr2010,avaConv,pvInd_a
no_m,1,h0093,0.0,scr2010,avaConv,pvInd_a
no_m,1,h0094,0.0,scr2010,avaConv,pvInd_a
no_m,1,h0095,0.0,scr2010,avaConv,pvInd_a
no_m,1,h0096,0.0,scr2010,avaConv,pvInd_a
no_n,1,h0049,0.0,scr2010,avaConv,pvInd_a
no_n,1,h0050,0.0,scr2010,avaConv,pvInd_a
no_n,1,h0051,0.0,scr2010,avaConv,pvInd_a
no_n,1,h0052,0.0,scr2010,avaConv,pvInd_a
no_n,1,h0053,0.0,scr2010,avaConv,pvInd_a
no_n,1,h0054,0.0,scr2010,avaConv,pvInd_a
no_n,1,h0055,0.0,scr2010,avaConv,pvInd_a
no_n,1,h0056,0.0,scr2010,avaConv,pvInd_a
no_n,1,h0057,0.0,scr2010,avaConv,pvInd_a
no_n,1,h0058,0.004253005490887853,scr2010,avaConv,pvInd_a
no_n,1,h0059,0.028133746964958,scr2010,avaConv,pvInd_a
no_n,1,h0060,0.06956462473775542,scr2010,avaConv,pvInd_a
no_n,1,h0061,0.09354856028209722,scr2010,avaConv,pvInd_a
no_n,1,h0062,0.07986415872945121,scr2010,avaConv,pvInd_a
no_n,1,h0063,0.042498626027191955,scr2010,avaConv,pvInd_a
no_n,1,h0064,0.015436441445710958,scr2010,avaConv,pvInd_a
no_n,1,h0065,0.0026261721803122985,scr2010,avaConv,pvInd_a
no_n,1,h0066,0.0,scr2010,avaConv,pvInd_a
no_n,1,h0067,0.0,scr2010,avaConv,pvInd_a
no_n,1,h0068,0.0,scr2010,avaConv,pvInd_a
no_n,1,h0069,0.0,scr2010,avaConv,pvInd_a
no_n,1,h0070,0.0,scr2010,avaConv,pvInd_a
no_n,1,h0071,0.0,scr2010,avaConv,pvInd_a
no_n,1,h0072,0.0,scr2010,avaConv,pvInd_a
no_n,1,h0073,0.0,scr2010,avaConv,pvInd_a
no_n,1,h0074,0.0,scr2010,avaConv,pvInd_a
no_n,1,h0075,0.0,scr2010,avaConv,pvInd_a
no_n,1,h0076,0.0,scr2010,avaConv,pvInd_a
no_n,1,h0077,0.0,scr2010,avaConv,pvInd_a
no_n,1,h0078,0.0,scr2010,avaConv,pvInd_a
no_n,1,h0079,0.0,scr2010,avaConv,pvInd_a
no_n,1,h0080,0.0,scr2010,avaConv,pvInd_a
no_n,1,h0081,0.0005755190542361607,scr2010,avaConv,pvInd_a
no_n,1,h0082,0.01534248241271383,scr2010,avaConv,pvInd_a
no_n,1,h0083,0.04336183354400882,scr2010,avaConv,pvInd_a
no_n,1,h0084,0.07420912598453361,scr2010,avaConv,pvInd_a
no_n,1,h0085,0.1354389491927979,scr2010,avaConv,pvInd_a
no_n,1,h0086,0.16150729575729644,scr2010,avaConv,pvInd_a
no_n,1,h0087,0.1504894585699116,scr2010,avaConv,pvInd_a
no_n,1,h0088,0.06716672944348911,scr2010,avaConv,pvInd_a
no_n,1,h0089,0.017262476432946355,scr2010,avaConv,pvInd_a
no_n,1,h0090,0.001491758890786556,scr2010,avaConv,pvInd_a
no_n,1,h0091,0.0,scr2010,avaConv,pvInd_a
no_n,1,h0092,0.0,scr2010,avaConv,pvInd_a
no_n,1,h0093,0.0,scr2010,avaConv,pvInd_a
no_n,1,h0094,0.0,scr2010,avaConv,pvInd_a
no_n,1,h0095,0.0,scr2010,avaConv,pvInd_a
no_n,1,h0096,0.0,scr2010,avaConv,pvInd_a
no_s,1,h0049,0.0,scr2010,avaConv,pvInd_a
no_s,1,h0050,0.0,scr2010,avaConv,pvInd_a
no_s,1,h0051,0.0,scr2010,avaConv,pvInd_a
no_s,1,h0052,0.0,scr2010,avaConv,pvInd_a
no_s,1,h0053,0.0,scr2010,avaConv,pvInd_a
no_s,1,h0054,0.0,scr2010,avaConv,pvInd_a
no_s,1,h0055,0.0,scr2010,avaConv,pvInd_a
no_s,1,h0056,0.0,scr2010,avaConv,pvInd_a
no_s,1,h0057,0.0,scr2010,avaConv,pvInd_a
no_s,1,h0058,0.0280770199938976,scr2010,avaConv,pvInd_a
no_s,1,h0059,0.07091046877063617,scr2010,avaConv,pvInd_a
no_s,1,h0060,0.11541494865926921,scr2010,avaConv,pvInd_a
no_s,1,h0061,0.15144554135842705,scr2010,avaConv,pvInd_a
no_s,1,h0062,0.17045993908666865,scr2010,avaConv,pvInd_a
no_s,1,h0063,0.1674701239274537,scr2010,avaConv,pvInd_a
no_s,1,h0064,0.10886409584544111,scr2010,avaConv,pvInd_a
no_s,1,h0065,0.04702001903495608,scr2010,avaConv,pvInd_a
no_s,1,h0066,0.005466155082760421,scr2010,avaConv,pvInd_a
no_s,1,h0067,0.0,scr2010,avaConv,pvInd_a
no_s,1,h0068,0.0,scr2010,avaConv,pvInd_a
no_s,1,h0069,0.0,scr2010,avaConv,pvInd_a
no_s,1,h0070,0.0,scr2010,avaConv,pvInd_a
no_s,1,h0071,0.0,scr2010,avaConv,pvInd_a
no_s,1,h0072,0.0,scr2010,avaConv,pvInd_a
no_s,1,h0073,0.0,scr2010,avaConv,pvInd_a
no_s,1,h0074,0.0,scr2010,avaConv,pvInd_a
no_s,1,h0075,0.0,scr2010,avaConv,pvInd_a
no_s,1,h0076,0.0,scr2010,avaConv,pvInd_a
no_s,1,h0077,0.0,scr2010,avaConv,pvInd_a
no_s,1,h0078,0.0,scr2010,avaConv,pvInd_a
no_s,1,h0079,0.0,scr2010,avaConv,pvInd_a
no_s,1,h0080,0.0,scr2010,avaConv,pvInd_a
no_s,1,h0081,0.055455604821321745,scr2010,avaConv,pvInd_a
no_s,1,h0082,0.18457731332378358,scr2010,avaConv,pvInd_a
no_s,1,h0083,0.36848668889948266,scr2010,avaConv,pvInd_a
no_s,1,h0084,0.5275311912215045,scr2010,avaConv,pvInd_a
no_s,1,h0085,0.48207177895294656,scr2010,avaConv,pvInd_a
no_s,1,h0086,0.3810118474332628,scr2010,avaConv,pvInd_a
no_s,1,h0087,0.23183129931859,scr2010,avaConv,pvInd_a
no_s,1,h0088,0.18165690831426304,scr2010,avaConv,pvInd_a
no_s,1,h0089,0.09880099852709613,scr2010,avaConv,pvInd_a
no_s,1,h0090,0.03347165175740256,scr2010,avaConv,pvInd_a
no_s,1,h0091,0.0,scr2010,avaConv,pvInd_a
no_s,1,h0092,0.0,scr2010,avaConv,pvInd_a
no_s,1,h0093,0.0,scr2010,avaConv,pvInd_a
no_s,1,h0094,0.0,scr2010,avaConv,pvInd_a
no_s,1,h0095,0.0,scr2010,avaConv,pvInd_a
no_s,1,h0096,0.0,scr2010,avaConv,pvInd_a
pl,1,h0049,0.0,scr2010,avaConv,pvInd_a
pl,1,h0050,0.0,scr2010,avaConv,pvInd_a
pl,1,h0051,0.0,scr2010,avaConv,pvInd_a
pl,1,h0052,0.0,scr2010,avaConv,pvInd_a
pl,1,h0053,0.0,scr2010,avaConv,pvInd_a
pl,1,h0054,0.0,scr2010,avaConv,pvInd_a
pl,1,h0055,0.0,scr2010,avaConv,pvInd_a
pl,1,h0056,0.002457879063235264,scr2010,avaConv,pvInd_a
pl,1,h0057,0.028971802777090012,scr2010,avaConv,pvInd_a
pl,1,h0058,0.09074472279878214,scr2010,avaConv,pvInd_a
pl,1,h0059,0.1860761560841726,scr2010,avaConv,pvInd_a
pl,1,h0060,0.280438469700752,scr2010,avaConv,pvInd_a
pl,1,h0061,0.3222065374537862,scr2010,avaConv,pvInd_a
pl,1,h0062,0.3183480979213165,scr2010,avaConv,pvInd_a
pl,1,h0063,0.2554102570134316,scr2010,avaConv,pvInd_a
pl,1,h0064,0.16968881498441932,scr2010,avaConv,pvInd_a
pl,1,h0065,0.07562245632485391,scr2010,avaConv,pvInd_a
pl,1,h0066,0.017882771609253896,scr2010,avaConv,pvInd_a
pl,1,h0067,0.0,scr2010,avaConv,pvInd_a
pl,1,h0068,0.0,scr2010,avaConv,pvInd_a
pl,1,h0069,0.0,scr2010,avaConv,pvInd_a
pl,1,h0070,0.0,scr2010,avaConv,pvInd_a
pl,1,h0071,0.0,scr2010,avaConv,pvInd_a
pl,1,h0072,0.0,scr2010,avaConv,pvInd_a
pl,1,h0073,0.0,scr2010,avaConv,pvInd_a
pl,1,h0074,0.0,scr2010,avaConv,pvInd_a
pl,1,h0075,0.0,scr2010,avaConv,pvInd_a
pl,1,h0076,0.0,scr2010,avaConv,pvInd_a
pl,1,h0077,0.0,scr2010,avaConv,pvInd_a
pl,1,h0078,0.0,scr2010,avaConv,pvInd_a
pl,1,h0079,0.0,scr2010,avaConv,pvInd_a
pl,1,h0080,0.009506837231884181,scr2010,avaConv,pvInd_a
pl,1,h0081,0.039780949033332,scr2010,avaConv,pvInd_a
pl,1,h0082,0.09070759732275324,scr2010,avaConv,pvInd_a
pl,1,h0083,0.15355474735367342,scr2010,avaConv,pvInd_a
pl,1,h0084,0.20678143824570233,scr2010,avaConv,pvInd_a
pl,1,h0085,0.24180603053249816,scr2010,avaConv,pvInd_a
pl,1,h0086,0.2369268970182009,scr2010,avaConv,pvInd_a
pl,1,h0087,0.19430520848914348,scr2010,avaConv,pvInd_a
pl,1,h0088,0.12481010629886471,scr2010,avaConv,pvInd_a
pl,1,h0089,0.05682131095027723,scr2010,avaConv,pvInd_a
pl,1,h0090,0.01587181637792578,scr2010,avaConv,pvInd_a
pl,1,h0091,0.0,scr2010,avaConv,pvInd_a
pl,1,h0092,0.0,scr2010,avaConv,pvInd_a
pl,1,h0093,0.0,scr2010,avaConv,pvInd_a
pl,1,h0094,0.0,scr2010,avaConv,pvInd_a
pl,1,h0095,0.0,scr2010,avaConv,pvInd_a
pl,1,h0096,0.0,scr2010,avaConv,pvInd_a
pt,1,h0049,0.0,scr2010,avaConv,pvInd_a
pt,1,h0050,0.0,scr2010,avaConv,pvInd_a
pt,1,h0051,0.0,scr2010,avaConv,pvInd_a
pt,1,h0052,0.0,scr2010,avaConv,pvInd_a
pt,1,h0053,0.0,scr2010,avaConv,pvInd_a
pt,1,h0054,0.0,scr2010,avaConv,pvInd_a
pt,1,h0055,0.0,scr2010,avaConv,pvInd_a
pt,1,h0056,0.0,scr2010,avaConv,pvInd_a
pt,1,h0057,0.014839818080129035,scr2010,avaConv,pvInd_a
pt,1,h0058,0.09730606081192639,scr2010,avaConv,pvInd_a
pt,1,h0059,0.24611201860039697,scr2010,avaConv,pvInd_a
pt,1,h0060,0.4245673513410244,scr2010,avaConv,pvInd_a
pt,1,h0061,0.5758845970612338,scr2010,avaConv,pvInd_a
pt,1,h0062,0.6649954157874715,scr2010,avaConv,pvInd_a
pt,1,h0063,0.691979873828969,scr2010,avaConv,pvInd_a
pt,1,h0064,0.6415108676459788,scr2010,avaConv,pvInd_a
pt,1,h0065,0.5284605147957688,scr2010,avaConv,pvInd_a
pt,1,h0066,0.36074634311835124,scr2010,avaConv,pvInd_a
pt,1,h0067,0.17702999383485693,scr2010,avaConv,pvInd_a
pt,1,h0068,0.052293344009341,scr2010,avaConv,pvInd_a
pt,1,h0069,0.0,scr2010,avaConv,pvInd_a
pt,1,h0070,0.0,scr2010,avaConv,pvInd_a
pt,1,h0071,0.0,scr2010,avaConv,pvInd_a
pt,1,h0072,0.0,scr2010,avaConv,pvInd_a
pt,1,h0073,0.0,scr2010,avaConv,pvInd_a
pt,1,h0074,0.0,scr2010,avaConv,pvInd_a
pt,1,h0075,0.0,scr2010,avaConv,pvInd_a
pt,1,h0076,0.0,scr2010,avaConv,pvInd_a
pt,1,h0077,0.0,scr2010,avaConv,pvInd_a
pt,1,h0078,0.0,scr2010,avaConv,pvInd_a
pt,1,h0079,0.0,scr2010,avaConv,pvInd_a
pt,1,h0080,0.0,scr2010,avaConv,pvInd_a
pt,1,h0081,0.004247798233367968,scr2010,avaConv,pvInd_a
pt,1,h0082,0.020712663634248004,scr2010,avaConv,pvInd_a
pt,1,h0083,0.05082221228619032,scr2010,avaConv,pvInd_a
pt,1,h0084,0.09245971276796418,scr2010,avaConv,pvInd_a
pt,1,h0085,0.16084169367871112,scr2010,avaConv,pvInd_a
pt,1,h0086,0.21398850043474152,scr2010,avaConv,pvInd_a
pt,1,h0087,0.22999774153419464,scr2010,avaConv,pvInd_a
pt,1,h0088,0.1945569858785939,scr2010,avaConv,pvInd_a
pt,1,h0089,0.1445713299932852,scr2010,avaConv,pvInd_a
pt,1,h0090,0.09887292040782625,scr2010,avaConv,pvInd_a
pt,1,h0091,0.04932342653352328,scr2010,avaConv,pvInd_a
pt,1,h0092,0.0161157386696485,scr2010,avaConv,pvInd_a
pt,1,h0093,0.0,scr2010,avaConv,pvInd_a
pt,1,h0094,0.0,scr2010,avaConv,pvInd_a
pt,1,h0095,0.0,scr2010,avaConv,pvInd_a
pt,1,h0096,0.0,scr2010,avaConv,pvInd_a
ro,1,h0049,0.0,scr2010,avaConv,pvInd_a
ro,1,h0050,0.0,scr2010,avaConv,pvInd_a
ro,1,h0051,0.0,scr2010,avaConv,pvInd_a
ro,1,h0052,0.0,scr2010,avaConv,pvInd_a
ro,1,h0053,0.0,scr2010,avaConv,pvInd_a
ro,1,h0054,0.0,scr2010,avaConv,pvInd_a
ro,1,h0055,0.0027942767936600405,scr2010,avaConv,pvInd_a
ro,1,h0056,0.055179432557832815,scr2010,avaConv,pvInd_a
ro,1,h0057,0.16683863527331425,scr2010,avaConv,pvInd_a
ro,1,h0058,0.3240366908637803,scr2010,avaConv,pvInd_a
ro,1,h0059,0.4416856683306748,scr2010,avaConv,pvInd_a
ro,1,h0060,0.4873576531845936,scr2010,avaConv,pvInd_a
ro,1,h0061,0.48868910546165767,scr2010,avaConv,pvInd_a
ro,1,h0062,0.4392420202895624,scr2010,avaConv,pvInd_a
ro,1,h0063,0.3527291314170043,scr2010,avaConv,pvInd_a
ro,1,h0064,0.21647353769222458,scr2010,avaConv,pvInd_a
ro,1,h0065,0.09418233496842625,scr2010,avaConv,pvInd_a
ro,1,h0066,0.023422184010359913,scr2010,avaConv,pvInd_a
ro,1,h0067,0.0,scr2010,avaConv,pvInd_a
ro,1,h0068,0.0,scr2010,avaConv,pvInd_a
ro,1,h0069,0.0,scr2010,avaConv,pvInd_a
ro,1,h0070,0.0,scr2010,avaConv,pvInd_a
ro,1,h0071,0.0,scr2010,avaConv,pvInd_a
ro,1,h0072,0.0,scr2010,avaConv,pvInd_a
ro,1,h0073,0.0,scr2010,avaConv,pvInd_a
ro,1,h0074,0.0,scr2010,avaConv,pvInd_a
ro,1,h0075,0.0,scr2010,avaConv,pvInd_a
ro,1,h0076,0.0,scr2010,avaConv,pvInd_a
ro,1,h0077,0.0,scr2010,avaConv,pvInd_a
ro,1,h0078,0.0,scr2010,avaConv,pvInd_a
ro,1,h0079,0.0033869102128722206,scr2010,avaConv,pvInd_a
ro,1,h0080,0.02857446808855539,scr2010,avaConv,pvInd_a
ro,1,h0081,0.080961777392512,scr2010,avaConv,pvInd_a
ro,1,h0082,0.14920282536836396,scr2010,avaConv,pvInd_a
ro,1,h0083,0.2100766194273851,scr2010,avaConv,pvInd_a
ro,1,h0084,0.2541119569118359,scr2010,avaConv,pvInd_a
ro,1,h0085,0.24158229270043138,scr2010,avaConv,pvInd_a
ro,1,h0086,0.2045927606491887,scr2010,avaConv,pvInd_a
ro,1,h0087,0.14537568881092394,scr2010,avaConv,pvInd_a
ro,1,h0088,0.10214260720400997,scr2010,avaConv,pvInd_a
ro,1,h0089,0.0519447757031241,scr2010,avaConv,pvInd_a
ro,1,h0090,0.015198435153338,scr2010,avaConv,pvInd_a
ro,1,h0091,0.0,scr2010,avaConv,pvInd_a
ro,1,h0092,0.0,scr2010,avaConv,pvInd_a
ro,1,h0093,0.0,scr2010,avaConv,pvInd_a
ro,1,h0094,0.0,scr2010,avaConv,pvInd_a
ro,1,h0095,0.0,scr2010,avaConv,pvInd_a
ro,1,h0096,0.0,scr2010,avaConv,pvInd_a
rs,1,h0049,0.0,scr2010,avaConv,pvInd_a
rs,1,h0050,0.0,scr2010,avaConv,pvInd_a
rs,1,h0051,0.0,scr2010,avaConv,pvInd_a
rs,1,h0052,0.0,scr2010,avaConv,pvInd_a
rs,1,h0053,0.0,scr2010,avaConv,pvInd_a
rs,1,h0054,0.0,scr2010,avaConv,pvInd_a
rs,1,h0055,0.0,scr2010,avaConv,pvInd_a
rs,1,h0056,0.031607362819687276,scr2010,avaConv,pvInd_a
rs,1,h0057,0.10854151753957814,scr2010,avaConv,pvInd_a
rs,1,h0058,0.22653860268971668,scr2010,avaConv,pvInd_a
rs,1,h0059,0.329250897344205,scr2010,avaConv,pvInd_a
rs,1,h0060,0.3940213470445383,scr2010,avaConv,pvInd_a
rs,1,h0061,0.4555864352992434,scr2010,avaConv,pvInd_a
rs,1,h0062,0.46047363741455116,scr2010,avaConv,pvInd_a
rs,1,h0063,0.4049754334064674,scr2010,avaConv,pvInd_a
rs,1,h0064,0.26210580285457563,scr2010,avaConv,pvInd_a
rs,1,h0065,0.11933892666782758,scr2010,avaConv,pvInd_a
rs,1,h0066,0.03307672834099551,scr2010,avaConv,pvInd_a
rs,1,h0067,0.0,scr2010,avaConv,pvInd_a
rs,1,h0068,0.0,scr2010,avaConv,pvInd_a
rs,1,h0069,0.0,scr2010,avaConv,pvInd_a
rs,1,h0070,0.0,scr2010,avaConv,pvInd_a
rs,1,h0071,0.0,scr2010,avaConv,pvInd_a
rs,1,h0072,0.0,scr2010,avaConv,pvInd_a
rs,1,h0073,0.0,scr2010,avaConv,pvInd_a
rs,1,h0074,0.0,scr2010,avaConv,pvInd_a
rs,1,h0075,0.0,scr2010,avaConv,pvInd_a
rs,1,h0076,0.0,scr2010,avaConv,pvInd_a
rs,1,h0077,0.0,scr2010,avaConv,pvInd_a
rs,1,h0078,0.0,scr2010,avaConv,pvInd_a
rs,1,h0079,0.001998649448639112,scr2010,avaConv,pvInd_a
rs,1,h0080,0.030026617942126833,scr2010,avaConv,pvInd_a
rs,1,h0081,0.09982281539265508,scr2010,avaConv,pvInd_a
rs,1,h0082,0.20152438444797208,scr2010,avaConv,pvInd_a
rs,1,h0083,0.2920971662222349,scr2010,avaConv,pvInd_a
rs,1,h0084,0.335630800454091,scr2010,avaConv,pvInd_a
rs,1,h0085,0.36380039933476116,scr2010,avaConv,pvInd_a
rs,1,h0086,0.34349962962606834,scr2010,avaConv,pvInd_a
rs,1,h0087,0.2940463192231423,scr2010,avaConv,pvInd_a
rs,1,h0088,0.19297892720435958,scr2010,avaConv,pvInd_a
rs,1,h0089,0.09203105520448643,scr2010,avaConv,pvInd_a
rs,1,h0090,0.027838911664306007,scr2010,avaConv,pvInd_a
rs,1,h0091,0.0,scr2010,avaConv,pvInd_a
rs,1,h0092,0.0,scr2010,avaConv,pvInd_a
rs,1,h0093,0.0,scr2010,avaConv,pvInd_a
rs,1,h0094,0.0,scr2010,avaConv,pvInd_a
rs,1,h0095,0.0,scr2010,avaConv,pvInd_a
rs,1,h0096,0.0,scr2010,avaConv,pvInd_a
se_1,1,h0049,0.0,scr2010,avaConv,pvInd_a
se_1,1,h0050,0.0,scr2010,avaConv,pvInd_a
se_1,1,h0051,0.0,scr2010,avaConv,pvInd_a
se_1,1,h0052,0.0,scr2010,avaConv,pvInd_a
se_1,1,h0053,0.0,scr2010,avaConv,pvInd_a
se_1,1,h0054,0.0,scr2010,avaConv,pvInd_a
se_1,1,h0055,0.0,scr2010,avaConv,pvInd_a
se_1,1,h0056,0.0,scr2010,avaConv,pvInd_a
se_1,1,h0057,0.0,scr2010,avaConv,pvInd_a
se_1,1,h0058,0.005192024837419398,scr2010,avaConv,pvInd_a
se_1,1,h0059,0.03669372624128084,scr2010,avaConv,pvInd_a
se_1,1,h0060,0.07521488768083046,scr2010,avaConv,pvInd_a
se_1,1,h0061,0.07284332676779003,scr2010,avaConv,pvInd_a
se_1,1,h0062,0.040305333786418034,scr2010,avaConv,pvInd_a
se_1,1,h0063,0.003366590775457253,scr2010,avaConv,pvInd_a
se_1,1,h0064,0.0002577316645107597,scr2010,avaConv,pvInd_a
se_1,1,h0065,0.0,scr2010,avaConv,pvInd_a
se_1,1,h0066,0.0,scr2010,avaConv,pvInd_a
se_1,1,h0067,0.0,scr2010,avaConv,pvInd_a
se_1,1,h0068,0.0,scr2010,avaConv,pvInd_a
se_1,1,h0069,0.0,scr2010,avaConv,pvInd_a
se_1,1,h0070,0.0,scr2010,avaConv,pvInd_a
se_1,1,h0071,0.0,scr2010,avaConv,pvInd_a
se_1,1,h0072,0.0,scr2010,avaConv,pvInd_a
se_1,1,h0073,0.0,scr2010,avaConv,pvInd_a
se_1,1,h0074,0.0,scr2010,avaConv,pvInd_a
se_1,1,h0075,0.0,scr2010,avaConv,pvInd_a
se_1,1,h0076,0.0,scr2010,avaConv,pvInd_a
se_1,1,h0077,0.0,scr2010,avaConv,pvInd_a
se_1,1,h0078,0.0,scr2010,avaConv,pvInd_a
se_1,1,h0079,0.0,scr2010,avaConv,pvInd_a
se_1,1,h0080,0.0,scr2010,avaConv,pvInd_a
se_1,1,h0081,0.04272442939452888,scr2010,avaConv,pvInd_a
se_1,1,h0082,0.1484605710224623,scr2010,avaConv,pvInd_a
se_1,1,h0083,0.28570751953345375,scr2010,avaConv,pvInd_a
se_1,1,h0084,0.37442651180590736,scr2010,avaConv,pvInd_a
se_1,1,h0085,0.45039646091469066,scr2010,avaConv,pvInd_a
se_1,1,h0086,0.4538267968393787,scr2010,avaConv,pvInd_a
se_1,1,h0087,0.3829896597368288,scr2010,avaConv,pvInd_a
se_1,1,h0088,0.19755472305508126,scr2010,avaConv,pvInd_a
se_1,1,h0089,0.059972162450697405,scr2010,avaConv,pvInd_a
se_1,1,h0090,0.0,scr2010,avaConv,pvInd_a
se_1,1,h0091,0.0,scr2010,avaConv,pvInd_a
se_1,1,h0092,0.0,scr2010,avaConv,pvInd_a
se_1,1,h0093,0.0,scr2010,avaConv,pvInd_a
se_1,1,h0094,0.0,scr2010,avaConv,pvInd_a
se_1,1,h0095,0.0,scr2010,avaConv,pvInd_a
se_1,1,h0096,0.0,scr2010,avaConv,pvInd_a
se_2,1,h0049,0.0,scr2010,avaConv,pvInd_a
se_2,1,h0050,0.0,scr2010,avaConv,pvInd_a
se_2,1,h0051,0.0,scr2010,avaConv,pvInd_a
se_2,1,h0052,0.0,scr2010,avaConv,pvInd_a
se_2,1,h0053,0.0,scr2010,avaConv,pvInd_a
se_2,1,h0054,0.0,scr2010,avaConv,pvInd_a
se_2,1,h0055,0.0,scr2010,avaConv,pvInd_a
se_2,1,h0056,0.0,scr2010,avaConv,pvInd_a
se_2,1,h0057,0.0005375529430232693,scr2010,avaConv,pvInd_a
se_2,1,h0058,0.050708321834825425,scr2010,avaConv,pvInd_a
se_2,1,h0059,0.13151012938743759,scr2010,avaConv,pvInd_a
se_2,1,h0060,0.23033460393473482,scr2010,avaConv,pvInd_a
se_2,1,h0061,0.23782172284411834,scr2010,avaConv,pvInd_a
se_2,1,h0062,0.2002520334486781,scr2010,avaConv,pvInd_a
se_2,1,h0063,0.11914321022347539,scr2010,avaConv,pvInd_a
se_2,1,h0064,0.06353999034466515,scr2010,avaConv,pvInd_a
se_2,1,h0065,0.02033851118127288,scr2010,avaConv,pvInd_a
se_2,1,h0066,0.0,scr2010,avaConv,pvInd_a
se_2,1,h0067,0.0,scr2010,avaConv,pvInd_a
se_2,1,h0068,0.0,scr2010,avaConv,pvInd_a
se_2,1,h0069,0.0,scr2010,avaConv,pvInd_a
se_2,1,h0070,0.0,scr2010,avaConv,pvInd_a
se_2,1,h0071,0.0,scr2010,avaConv,pvInd_a
se_2,1,h0072,0.0,scr2010,avaConv,pvInd_a
se_2,1,h0073,0.0,scr2010,avaConv,pvInd_a
se_2,1,h0074,0.0,scr2010,avaConv,pvInd_a
se_2,1,h0075,0.0,scr2010,avaConv,pvInd_a
se_2,1,h0076,0.0,scr2010,avaConv,pvInd_a
se_2,1,h0077,0.0,scr2010,avaConv,pvInd_a
se_2,1,h0078,0.0,scr2010,avaConv,pvInd_a
se_2,1,h0079,0.0,scr2010,avaConv,pvInd_a
se_2,1,h0080,0.0,scr2010,avaConv,pvInd_a
se_2,1,h0081,0.07462418424690037,scr2010,avaConv,pvInd_a
se_2,1,h0082,0.20839710014572846,scr2010,avaConv,pvInd_a
se_2,1,h0083,0.38046731964108993,scr2010,avaConv,pvInd_a
se_2,1,h0084,0.5016866924044907,scr2010,avaConv,pvInd_a
se_2,1,h0085,0.5146024304238564,scr2010,avaConv,pvInd_a
se_2,1,h0086,0.4642922920170498,scr2010,avaConv,pvInd_a
se_2,1,h0087,0.35281596036003865,scr2010,avaConv,pvInd_a
se_2,1,h0088,0.22017001768595726,scr2010,avaConv,pvInd_a
se_2,1,h0089,0.09685712118291914,scr2010,avaConv,pvInd_a
se_2,1,h0090,0.012796978121920832,scr2010,avaConv,pvInd_a
se_2,1,h0091,0.0,scr2010,avaConv,pvInd_a
se_2,1,h0092,0.0,scr2010,avaConv,pvInd_a
se_2,1,h0093,0.0,scr2010,avaConv,pvInd_a
se_2,1,h0094,0.0,scr2010,avaConv,pvInd_a
se_2,1,h0095,0.0,scr2010,avaConv,pvInd_a
se_2,1,h0096,0.0,scr2010,avaConv,pvInd_a
se_3,1,h0049,0.0,scr2010,avaConv,pvInd_a
se_3,1,h0050,0.0,scr2010,avaConv,pvInd_a
se_3,1,h0051,0.0,scr2010,avaConv,pvInd_a
se_3,1,h0052,0.0,scr2010,avaConv,pvInd_a
se_3,1,h0053,0.0,scr2010,avaConv,pvInd_a
se_3,1,h0054,0.0,scr2010,avaConv,pvInd_a
se_3,1,h0055,0.0,scr2010,avaConv,pvInd_a
se_3,1,h0056,0.0,scr2010,avaConv,pvInd_a
se_3,1,h0057,0.019663069986096134,scr2010,avaConv,pvInd_a
se_3,1,h0058,0.11493377860923742,scr2010,avaConv,pvInd_a
se_3,1,h0059,0.2544685190571039,scr2010,avaConv,pvInd_a
se_3,1,h0060,0.4003922548874512,scr2010,avaConv,pvInd_a
se_3,1,h0061,0.3603238923417352,scr2010,avaConv,pvInd_a
se_3,1,h0062,0.2618201180505166,scr2010,avaConv,pvInd_a
se_3,1,h0063,0.11468979679932188,scr2010,avaConv,pvInd_a
se_3,1,h0064,0.06140548160106525,scr2010,avaConv,pvInd_a
se_3,1,h0065,0.020200986974253984,scr2010,avaConv,pvInd_a
se_3,1,h0066,0.0,scr2010,avaConv,pvInd_a
se_3,1,h0067,0.0,scr2010,avaConv,pvInd_a
se_3,1,h0068,0.0,scr2010,avaConv,pvInd_a
se_3,1,h0069,0.0,scr2010,avaConv,pvInd_a
se_3,1,h0070,0.0,scr2010,avaConv,pvInd_a
se_3,1,h0071,0.0,scr2010,avaConv,pvInd_a
se_3,1,h0072,0.0,scr2010,avaConv,pvInd_a
se_3,1,h0073,0.0,scr2010,avaConv,pvInd_a
se_3,1,h0074,0.0,scr2010,avaConv,pvInd_a
se_3,1,h0075,0.0,scr2010,avaConv,pvInd_a
se_3,1,h0076,0.0,scr2010,avaConv,pvInd_a
se_3,1,h0077,0.0,scr2010,avaConv,pvInd_a
se_3,1,h0078,0.0,scr2010,avaConv,pvInd_a
se_3,1,h0079,0.0,scr2010,avaConv,pvInd_a
se_3,1,h0080,0.0,scr2010,avaConv,pvInd_a
se_3,1,h0081,0.04362033640965881,scr2010,avaConv,pvInd_a
se_3,1,h0082,0.12997990495005723,scr2010,avaConv,pvInd_a
se_3,1,h0083,0.2505648255411059,scr2010,avaConv,pvInd_a
se_3,1,h0084,0.3505038234685769,scr2010,avaConv,pvInd_a
se_3,1,h0085,0.4010108280299646,scr2010,avaConv,pvInd_a
se_3,1,h0086,0.3968588603503406,scr2010,avaConv,pvInd_a
se_3,1,h0087,0.3335722268071597,scr2010,avaConv,pvInd_a
se_3,1,h0088,0.23054237590449222,scr2010,avaConv,pvInd_a
se_3,1,h0089,0.11393051947989696,scr2010,avaConv,pvInd_a
se_3,1,h0090,0.03411044668841878,scr2010,avaConv,pvInd_a
se_3,1,h0091,0.0,scr2010,avaConv,pvInd_a
se_3,1,h0092,0.0,scr2010,avaConv,pvInd_a
se_3,1,h0093,0.0,scr2010,avaConv,pvInd_a
se_3,1,h0094,0.0,scr2010,avaConv,pvInd_a
se_3,1,h0095,0.0,scr2010,avaConv,pvInd_a
se_3,1,h0096,0.0,scr2010,avaConv,pvInd_a
se_4,1,h0049,0.0,scr2010,avaConv,pvInd_a
se_4,1,h0050,0.0,scr2010,avaConv,pvInd_a
se_4,1,h0051,0.0,scr2010,avaConv,pvInd_a
se_4,1,h0052,0.0,scr2010,avaConv,pvInd_a
se_4,1,h0053,0.0,scr2010,avaConv,pvInd_a
se_4,1,h0054,0.0,scr2010,avaConv,pvInd_a
se_4,1,h0055,0.0,scr2010,avaConv,pvInd_a
se_4,1,h0056,0.0,scr2010,avaConv,pvInd_a
se_4,1,h0057,0.012407783442135034,scr2010,avaConv,pvInd_a
se_4,1,h0058,0.058289638752667086,scr2010,avaConv,pvInd_a
se_4,1,h0059,0.1474993635153785,scr2010,avaConv,pvInd_a
se_4,1,h0060,0.25288480900283383,scr2010,avaConv,pvInd_a
se_4,1,h0061,0.2782783368454021,scr2010,avaConv,pvInd_a
se_4,1,h0062,0.2278722890684391,scr2010,avaConv,pvInd_a
se_4,1,h0063,0.12241242000355279,scr2010,avaConv,pvInd_a
se_4,1,h0064,0.04904875258536403,scr2010,avaConv,pvInd_a
se_4,1,h0065,0.011407438411914935,scr2010,avaConv,pvInd_a
se_4,1,h0066,0.00021684077658767653,scr2010,avaConv,pvInd_a
se_4,1,h0067,0.0,scr2010,avaConv,pvInd_a
se_4,1,h0068,0.0,scr2010,avaConv,pvInd_a
se_4,1,h0069,0.0,scr2010,avaConv,pvInd_a
se_4,1,h0070,0.0,scr2010,avaConv,pvInd_a
se_4,1,h0071,0.0,scr2010,avaConv,pvInd_a
se_4,1,h0072,0.0,scr2010,avaConv,pvInd_a
se_4,1,h0073,0.0,scr2010,avaConv,pvInd_a
se_4,1,h0074,0.0,scr2010,avaConv,pvInd_a
se_4,1,h0075,0.0,scr2010,avaConv,pvInd_a
se_4,1,h0076,0.0,scr2010,avaConv,pvInd_a
se_4,1,h0077,0.0,scr2010,avaConv,pvInd_a
se_4,1,h0078,0.0,scr2010,avaConv,pvInd_a
se_4,1,h0079,0.0,scr2010,avaConv,pvInd_a
se_4,1,h0080,0.0,scr2010,avaConv,pvInd_a
se_4,1,h0081,0.030057573462171513,scr2010,avaConv,pvInd_a
se_4,1,h0082,0.09563149248704193,scr2010,avaConv,pvInd_a
se_4,1,h0083,0.20865533070064338,scr2010,avaConv,pvInd_a
se_4,1,h0084,0.3159915520317688,scr2010,avaConv,pvInd_a
se_4,1,h0085,0.31976263034776437,scr2010,avaConv,pvInd_a
se_4,1,h0086,0.2651360959705729,scr2010,avaConv,pvInd_a
se_4,1,h0087,0.1553413716810882,scr2010,avaConv,pvInd_a
se_4,1,h0088,0.09143225564494592,scr2010,avaConv,pvInd_a
se_4,1,h0089,0.03549360442079863,scr2010,avaConv,pvInd_a
se_4,1,h0090,0.0068408971882406465,scr2010,avaConv,pvInd_a
se_4,1,h0091,0.0,scr2010,avaConv,pvInd_a
se_4,1,h0092,0.0,scr2010,avaConv,pvInd_a
se_4,1,h0093,0.0,scr2010,avaConv,pvInd_a
se_4,1,h0094,0.0,scr2010,avaConv,pvInd_a
se_4,1,h0095,0.0,scr2010,avaConv,pvInd_a
se_4,1,h0096,0.0,scr2010,avaConv,pvInd_a
si,1,h0049,0.0,scr2010,avaConv,pvInd_a
si,1,h0050,0.0,scr2010,avaConv,pvInd_a
si,1,h0051,0.0,scr2010,avaConv,pvInd_a
si,1,h0052,0.0,scr2010,avaConv,pvInd_a
si,1,h0053,0.0,scr2010,avaConv,pvInd_a
si,1,h0054,0.0,scr2010,avaConv,pvInd_a
si,1,h0055,0.0,scr2010,avaConv,pvInd_a
si,1,h0056,0.004797446029693855,scr2010,avaConv,pvInd_a
si,1,h0057,0.02918880594981314,scr2010,avaConv,pvInd_a
si,1,h0058,0.08738977174282928,scr2010,avaConv,pvInd_a
si,1,h0059,0.16919465601361572,scr2010,avaConv,pvInd_a
si,1,h0060,0.23106462376488418,scr2010,avaConv,pvInd_a
si,1,h0061,0.428291698278226,scr2010,avaConv,pvInd_a
si,1,h0062,0.5659483849500884,scr2010,avaConv,pvInd_a
si,1,h0063,0.6337665336371356,scr2010,avaConv,pvInd_a
si,1,h0064,0.4315543289814088,scr2010,avaConv,pvInd_a
si,1,h0065,0.1988085629540943,scr2010,avaConv,pvInd_a
si,1,h0066,0.05546817793877471,scr2010,avaConv,pvInd_a
si,1,h0067,0.0,scr2010,avaConv,pvInd_a
si,1,h0068,0.0,scr2010,avaConv,pvInd_a
si,1,h0069,0.0,scr2010,avaConv,pvInd_a
si,1,h0070,0.0,scr2010,avaConv,pvInd_a
si,1,h0071,0.0,scr2010,avaConv,pvInd_a
si,1,h0072,0.0,scr2010,avaConv,pvInd_a
si,1,h0073,0.0,scr2010,avaConv,pvInd_a
si,1,h0074,0.0,scr2010,avaConv,pvInd_a
si,1,h0075,0.0,scr2010,avaConv,pvInd_a
si,1,h0076,0.0,scr2010,avaConv,pvInd_a
si,1,h0077,0.0,scr2010,avaConv,pvInd_a
si,1,h0078,0.0,scr2010,avaConv,pvInd_a
si,1,h0079,0.0,scr2010,avaConv,pvInd_a
si,1,h0080,0.008140785213596971,scr2010,avaConv,pvInd_a
si,1,h0081,0.0421461294405116,scr2010,avaConv,pvInd_a
si,1,h0082,0.10906780262704203,scr2010,avaConv,pvInd_a
si,1,h0083,0.18776653129116236,scr2010,avaConv,pvInd_a
si,1,h0084,0.25990331446241083,scr2010,avaConv,pvInd_a
si,1,h0085,0.3448804211603108,scr2010,avaConv,pvInd_a
si,1,h0086,0.3904614388017899,scr2010,avaConv,pvInd_a
si,1,h0087,0.3758139124782582,scr2010,avaConv,pvInd_a
si,1,h0088,0.26284714944085835,scr2010,avaConv,pvInd_a
si,1,h0089,0.13504636471883363,scr2010,avaConv,pvInd_a
si,1,h0090,0.04289474815391318,scr2010,avaConv,pvInd_a
si,1,h0091,0.005648769594852408,scr2010,avaConv,pvInd_a
si,1,h0092,0.0,scr2010,avaConv,pvInd_a
si,1,h0093,0.0,scr2010,avaConv,pvInd_a
si,1,h0094,0.0,scr2010,avaConv,pvInd_a
si,1,h0095,0.0,scr2010,avaConv,pvInd_a
si,1,h0096,0.0,scr2010,avaConv,pvInd_a
sk,1,h0049,0.0,scr2010,avaConv,pvInd_a
sk,1,h0050,0.0,scr2010,avaConv,pvInd_a
sk,1,h0051,0.0,scr2010,avaConv,pvInd_a
sk,1,h0052,0.0,scr2010,avaConv,pvInd_a
sk,1,h0053,0.0,scr2010,avaConv,pvInd_a
sk,1,h0054,0.0,scr2010,avaConv,pvInd_a
sk,1,h0055,0.0,scr2010,avaConv,pvInd_a
sk,1,h0056,0.004538844134747192,scr2010,avaConv,pvInd_a
sk,1,h0057,0.022417532470717386,scr2010,avaConv,pvInd_a
sk,1,h0058,0.04997063983945032,scr2010,avaConv,pvInd_a
sk,1,h0059,0.08180285700349046,scr2010,avaConv,pvInd_a
sk,1,h0060,0.10550659088244779,scr2010,avaConv,pvInd_a
sk,1,h0061,0.23616124494129132,scr2010,avaConv,pvInd_a
sk,1,h0062,0.3350325862384709,scr2010,avaConv,pvInd_a
sk,1,h0063,0.3852635594443423,scr2010,avaConv,pvInd_a
sk,1,h0064,0.26160611731726474,scr2010,avaConv,pvInd_a
sk,1,h0065,0.12568919749588964,scr2010,avaConv,pvInd_a
sk,1,h0066,0.03560874540232578,scr2010,avaConv,pvInd_a
sk,1,h0067,0.0,scr2010,avaConv,pvInd_a
sk,1,h0068,0.0,scr2010,avaConv,pvInd_a
sk,1,h0069,0.0,scr2010,avaConv,pvInd_a
sk,1,h0070,0.0,scr2010,avaConv,pvInd_a
sk,1,h0071,0.0,scr2010,avaConv,pvInd_a
sk,1,h0072,0.0,scr2010,avaConv,pvInd_a
sk,1,h0073,0.0,scr2010,avaConv,pvInd_a
sk,1,h0074,0.0,scr2010,avaConv,pvInd_a
sk,1,h0075,0.0,scr2010,avaConv,pvInd_a
sk,1,h0076,0.0,scr2010,avaConv,pvInd_a
sk,1,h0077,0.0,scr2010,avaConv,pvInd_a
sk,1,h0078,0.0,scr2010,avaConv,pvInd_a
sk,1,h0079,0.0,scr2010,avaConv,pvInd_a
sk,1,h0080,0.009490306440814347,scr2010,avaConv,pvInd_a
sk,1,h0081,0.03895580220598506,scr2010,avaConv,pvInd_a
sk,1,h0082,0.0858843925749247,scr2010,avaConv,pvInd_a
sk,1,h0083,0.13607816791116314,scr2010,avaConv,pvInd_a
sk,1,h0084,0.17041589493426815,scr2010,avaConv,pvInd_a
sk,1,h0085,0.32514424185480895,scr2010,avaConv,pvInd_a
sk,1,h0086,0.42607070985734213,scr2010,avaConv,pvInd_a
sk,1,h0087,0.46608345640148396,scr2010,avaConv,pvInd_a
sk,1,h0088,0.30764223071050145,scr2010,avaConv,pvInd_a
sk,1,h0089,0.14607573746840083,scr2010,avaConv,pvInd_a
sk,1,h0090,0.0436775595492049,scr2010,avaConv,pvInd_a
sk,1,h0091,0.0,scr2010,avaConv,pvInd_a
sk,1,h0092,0.0,scr2010,avaConv,pvInd_a
sk,1,h0093,0.0,scr2010,avaConv,pvInd_a
sk,1,h0094,0.0,scr2010,avaConv,pvInd_a
sk,1,h0095,0.0,scr2010,avaConv,pvInd_a
sk,1,h0096,0.0,scr2010,avaConv,pvInd_a
uk,1,h0049,0.0,scr2010,avaConv,pvInd_a
uk,1,h0050,0.0,scr2010,avaConv,pvInd_a
uk,1,h0051,0.0,scr2010,avaConv,pvInd_a
uk,1,h0052,0.0,scr2010,avaConv,pvInd_a
uk,1,h0053,0.0,scr2010,avaConv,pvInd_a
uk,1,h0054,0.0,scr2010,avaConv,pvInd_a
uk,1,h0055,0.0,scr2010,avaConv,pvInd_a
uk,1,h0056,0.0,scr2010,avaConv,pvInd_a
uk,1,h0057,0.0,scr2010,avaConv,pvInd_a
uk,1,h0058,0.04958846198780323,scr2010,avaConv,pvInd_a
uk,1,h0059,0.16393953518947613,scr2010,avaConv,pvInd_a
uk,1,h0060,0.33685016931698614,scr2010,avaConv,pvInd_a
uk,1,h0061,0.3104316430820764,scr2010,avaConv,pvInd_a
uk,1,h0062,0.22808693986926384,scr2010,avaConv,pvInd_a
uk,1,h0063,0.10922573771710564,scr2010,avaConv,pvInd_a
uk,1,h0064,0.10949871468113548,scr2010,avaConv,pvInd_a
uk,1,h0065,0.08592063125763108,scr2010,avaConv,pvInd_a
uk,1,h0066,0.04441079497687382,scr2010,avaConv,pvInd_a
uk,1,h0067,0.01184944545554936,scr2010,avaConv,pvInd_a
uk,1,h0068,0.0,scr2010,avaConv,pvInd_a
uk,1,h0069,0.0,scr2010,avaConv,pvInd_a
uk,1,h0070,0.0,scr2010,avaConv,pvInd_a
uk,1,h0071,0.0,scr2010,avaConv,pvInd_a
uk,1,h0072,0.0,scr2010,avaConv,pvInd_a
uk,1,h0073,0.0,scr2010,avaConv,pvInd_a
uk,1,h0074,0.0,scr2010,avaConv,pvInd_a
uk,1,h0075,0.0,scr2010,avaConv,pvInd_a
uk,1,h0076,0.0,scr2010,avaConv,pvInd_a
uk,1,h0077,0.0,scr2010,avaConv,pvInd_a
uk,1,h0078,0.0,scr2010,avaConv,pvInd_a
uk,1,h0079,0.0,scr2010,avaConv,pvInd_a
uk,1,h0080,0.0,scr2010,avaConv,pvInd_a
uk,1,h0081,0.004660784242644607,scr2010,avaConv,pvInd_a
uk,1,h0082,0.03511187109680564,scr2010,avaConv,pvInd_a
uk,1,h0083,0.09489828335050789,scr2010,avaConv,pvInd_a
uk,1,h0084,0.1741245371335708,scr2010,avaConv,pvInd_a
uk,1,h0085,0.19133161985471414,scr2010,avaConv,pvInd_a
uk,1,h0086,0.17924512656367478,scr2010,avaConv,pvInd_a
uk,1,h0087,0.14287190576342798,scr2010,avaConv,pvInd_a
uk,1,h0088,0.1299564422384461,scr2010,avaConv,pvInd_a
uk,1,h0089,0.0973374233515011,scr2010,avaConv,pvInd_a
uk,1,h0090,0.049578978349320395,scr2010,avaConv,pvInd_a
uk,1,h0091,0.014032965871367008,scr2010,avaConv,pvInd_a
uk,1,h0092,0.0,scr2010,avaConv,pvInd_a
uk,1,h0093,0.0,scr2010,avaConv,pvInd_a
uk,1,h0094,0.0,scr2010,avaConv,pvInd_a
uk,1,h0095,0.0,scr2010,avaConv,pvInd_a
uk,1,h0096,0.0,scr2010,avaConv,pvInd_a
ni,1,h0049,0.0,scr2010,avaConv,pvInd_a
ni,1,h0050,0.0,scr2010,avaConv,pvInd_a
ni,1,h0051,0.0,scr2010,avaConv,pvInd_a
ni,1,h0052,0.0,scr2010,avaConv,pvInd_a
ni,1,h0053,0.0,scr2010,avaConv,pvInd_a
ni,1,h0054,0.0,scr2010,avaConv,pvInd_a
ni,1,h0055,0.0,scr2010,avaConv,pvInd_a
ni,1,h0056,0.0,scr2010,avaConv,pvInd_a
ni,1,h0057,0.0,scr2010,avaConv,pvInd_a
ni,1,h0058,0.028328721702948683,scr2010,avaConv,pvInd_a
ni,1,h0059,0.13948735037238097,scr2010,avaConv,pvInd_a
ni,1,h0060,0.3461304095402892,scr2010,avaConv,pvInd_a
ni,1,h0061,0.3187050739508321,scr2010,avaConv,pvInd_a
ni,1,h0062,0.20997161039982623,scr2010,avaConv,pvInd_a
ni,1,h0063,0.059337553983231386,scr2010,avaConv,pvInd_a
ni,1,h0064,0.04760113055574279,scr2010,avaConv,pvInd_a
ni,1,h0065,0.028426057377529085,scr2010,avaConv,pvInd_a
ni,1,h0066,0.010581204892408958,scr2010,avaConv,pvInd_a
ni,1,h0067,0.002572650328338162,scr2010,avaConv,pvInd_a
ni,1,h0068,0.0,scr2010,avaConv,pvInd_a
ni,1,h0069,0.0,scr2010,avaConv,pvInd_a
ni,1,h0070,0.0,scr2010,avaConv,pvInd_a
ni,1,h0071,0.0,scr2010,avaConv,pvInd_a
ni,1,h0072,0.0,scr2010,avaConv,pvInd_a
ni,1,h0073,0.0,scr2010,avaConv,pvInd_a
ni,1,h0074,0.0,scr2010,avaConv,pvInd_a
ni,1,h0075,0.0,scr2010,avaConv,pvInd_a
ni,1,h0076,0.0,scr2010,avaConv,pvInd_a
ni,1,h0077,0.0,scr2010,avaConv,pvInd_a
ni,1,h0078,0.0,scr2010,avaConv,pvInd_a
ni,1,h0079,0.0,scr2010,avaConv,pvInd_a
ni,1,h0080,0.0,scr2010,avaConv,pvInd_a
ni,1,h0081,0.0,scr2010,avaConv,pvInd_a
ni,1,h0082,0.04500615319123393,scr2010,avaConv,pvInd_a
ni,1,h0083,0.18164325614282717,scr2010,avaConv,pvInd_a
ni,1,h0084,0.4069365046792488,scr2010,avaConv,pvInd_a
ni,1,h0085,0.42221415982427274,scr2010,avaConv,pvInd_a
ni,1,h0086,0.350793440036727,scr2010,avaConv,pvInd_a
ni,1,h0087,0.27210576776470224,scr2010,avaConv,pvInd_a
ni,1,h0088,0.31175230112342345,scr2010,avaConv,pvInd_a
ni,1,h0089,0.2780520459099468,scr2010,avaConv,pvInd_a
ni,1,h0090,0.15960023025474354,scr2010,avaConv,pvInd_a
ni,1,h0091,0.04770135488544362,scr2010,avaConv,pvInd_a
ni,1,h0092,0.006924749396913597,scr2010,avaConv,pvInd_a
ni,1,h0093,0.0,scr2010,avaConv,pvInd_a
ni,1,h0094,0.0,scr2010,avaConv,pvInd_a
ni,1,h0095,0.0,scr2010,avaConv,pvInd_a
ni,1,h0096,0.0,scr2010,avaConv,pvInd_a
al,2,h0049,0.0,scr2010,avaConv,pvInd_b
al,2,h0050,0.0,scr2010,avaConv,pvInd_b
al,2,h0051,0.0,scr2010,avaConv,pvInd_b
al,2,h0052,0.0,scr2010,avaConv,pvInd_b
al,2,h0053,0.0,scr2010,avaConv,pvInd_b
al,2,h0054,0.0,scr2010,avaConv,pvInd_b
al,2,h0055,0.0,scr2010,avaConv,pvInd_b
al,2,h0056,0.010072653946372086,scr2010,avaConv,pvInd_b
al,2,h0057,0.03808896016887228,scr2010,avaConv,pvInd_b
al,2,h0058,0.08671217385672747,scr2010,avaConv,pvInd_b
al,2,h0059,0.14340117179866696,scr2010,avaConv,pvInd_b
al,2,h0060,0.18541851739880857,scr2010,avaConv,pvInd_b
al,2,h0061,0.32259318437077183,scr2010,avaConv,pvInd_b
al,2,h0062,0.41237860685139716,scr2010,avaConv,pvInd_b
al,2,h0063,0.44178311694140693,scr2010,avaConv,pvInd_b
al,2,h0064,0.28708419164364124,scr2010,avaConv,pvInd_b
al,2,h0065,0.12657084107106478,scr2010,avaConv,pvInd_b
al,2,h0066,0.03220352730154031,scr2010,avaConv,pvInd_b
al,2,h0067,0.0,scr2010,avaConv,pvInd_b
al,2,h0068,0.0,scr2010,avaConv,pvInd_b
al,2,h0069,0.0,scr2010,avaConv,pvInd_b
al,2,h0070,0.0,scr2010,avaConv,pvInd_b
al,2,h0071,0.0,scr2010,avaConv,pvInd_b
al,2,h0072,0.0,scr2010,avaConv,pvInd_b
al,2,h0073,0.0,scr2010,avaConv,pvInd_b
al,2,h0074,0.0,scr2010,avaConv,pvInd_b
al,2,h0075,0.0,scr2010,avaConv,pvInd_b
al,2,h0076,0.0,scr2010,avaConv,pvInd_b
al,2,h0077,0.0,scr2010,avaConv,pvInd_b
al,2,h0078,0.0,scr2010,avaConv,pvInd_b
al,2,h0079,0.00019588398528610162,scr2010,avaConv,pvInd_b
al,2,h0080,0.014447652956745743,scr2010,avaConv,pvInd_b
al,2,h0081,0.042125605931989905,scr2010,avaConv,pvInd_b
al,2,h0082,0.07987972225244494,scr2010,avaConv,pvInd_b
al,2,h0083,0.11480022378141462,scr2010,avaConv,pvInd_b
al,2,h0084,0.15030682341146281,scr2010,avaConv,pvInd_b
al,2,h0085,0.22969724550415216,scr2010,avaConv,pvInd_b
al,2,h0086,0.26941176870319494,scr2010,avaConv,pvInd_b
al,2,h0087,0.26487118937032234,scr2010,avaConv,pvInd_b
al,2,h0088,0.16983410105201174,scr2010,avaConv,pvInd_b
al,2,h0089,0.07702039298680327,scr2010,avaConv,pvInd_b
al,2,h0090,0.020011596461252463,scr2010,avaConv,pvInd_b
al,2,h0091,0.0,scr2010,avaConv,pvInd_b
al,2,h0092,0.0,scr2010,avaConv,pvInd_b
al,2,h0093,0.0,scr2010,avaConv,pvInd_b
al,2,h0094,0.0,scr2010,avaConv,pvInd_b
al,2,h0095,0.0,scr2010,avaConv,pvInd_b
al,2,h0096,0.0,scr2010,avaConv,pvInd_b
at,2,h0049,0.0,scr2010,avaConv,pvInd_b
at,2,h0050,0.0,scr2010,avaConv,pvInd_b
at,2,h0051,0.0,scr2010,avaConv,pvInd_b
at,2,h0052,0.0,scr2010,avaConv,pvInd_b
at,2,h0053,0.0,scr2010,avaConv,pvInd_b
at,2,h0054,0.0,scr2010,avaConv,pvInd_b
at,2,h0055,0.0,scr2010,avaConv,pvInd_b
at,2,h0056,0.0064929296621510915,scr2010,avaConv,pvInd_b
at,2,h0057,0.04202316183905766,scr2010,avaConv,pvInd_b
at,2,h0058,0.1214348713641858,scr2010,avaConv,pvInd_b
at,2,h0059,0.21139607334581673,scr2010,avaConv,pvInd_b
at,2,h0060,0.2714474696605834,scr2010,avaConv,pvInd_b
at,2,h0061,0.4088903962171539,scr2010,avaConv,pvInd_b
at,2,h0062,0.4972462118216652,scr2010,avaConv,pvInd_b
at,2,h0063,0.5157746315911046,scr2010,avaConv,pvInd_b
at,2,h0064,0.3360006283702586,scr2010,avaConv,pvInd_b
at,2,h0065,0.1463524742865353,scr2010,avaConv,pvInd_b
at,2,h0066,0.03757646083742168,scr2010,avaConv,pvInd_b
at,2,h0067,0.0,scr2010,avaConv,pvInd_b
at,2,h0068,0.0,scr2010,avaConv,pvInd_b
at,2,h0069,0.0,scr2010,avaConv,pvInd_b
at,2,h0070,0.0,scr2010,avaConv,pvInd_b
at,2,h0071,0.0,scr2010,avaConv,pvInd_b
at,2,h0072,0.0,scr2010,avaConv,pvInd_b
at,2,h0073,0.0,scr2010,avaConv,pvInd_b
at,2,h0074,0.0,scr2010,avaConv,pvInd_b
at,2,h0075,0.0,scr2010,avaConv,pvInd_b
at,2,h0076,0.0,scr2010,avaConv,pvInd_b
at,2,h0077,0.0,scr2010,avaConv,pvInd_b
at,2,h0078,0.0,scr2010,avaConv,pvInd_b
at,2,h0079,0.0,scr2010,avaConv,pvInd_b
at,2,h0080,0.005771639479332286,scr2010,avaConv,pvInd_b
at,2,h0081,0.03391854259721695,scr2010,avaConv,pvInd_b
at,2,h0082,0.09326756005196785,scr2010,avaConv,pvInd_b
at,2,h0083,0.1696121297652299,scr2010,avaConv,pvInd_b
at,2,h0084,0.2362440628966755,scr2010,avaConv,pvInd_b
at,2,h0085,0.3196854137219272,scr2010,avaConv,pvInd_b
at,2,h0086,0.3601005789769232,scr2010,avaConv,pvInd_b
at,2,h0087,0.35122604583654554,scr2010,avaConv,pvInd_b
at,2,h0088,0.243277914712604,scr2010,avaConv,pvInd_b
at,2,h0089,0.11917883295787711,scr2010,avaConv,pvInd_b
at,2,h0090,0.03425126773868952,scr2010,avaConv,pvInd_b
at,2,h0091,0.002145205606782494,scr2010,avaConv,pvInd_b
at,2,h0092,0.0,scr2010,avaConv,pvInd_b
at,2,h0093,0.0,scr2010,avaConv,pvInd_b
at,2,h0094,0.0,scr2010,avaConv,pvInd_b
at,2,h0095,0.0,scr2010,avaConv,pvInd_b
at,2,h0096,0.0,scr2010,avaConv,pvInd_b
ba,2,h0049,0.0,scr2010,avaConv,pvInd_b
ba,2,h0050,0.0,scr2010,avaConv,pvInd_b
ba,2,h0051,0.0,scr2010,avaConv,pvInd_b
ba,2,h0052,0.0,scr2010,avaConv,pvInd_b
ba,2,h0053,0.0,scr2010,avaConv,pvInd_b
ba,2,h0054,0.0,scr2010,avaConv,pvInd_b
ba,2,h0055,0.0,scr2010,avaConv,pvInd_b
ba,2,h0056,0.007149212057056494,scr2010,avaConv,pvInd_b
ba,2,h0057,0.04231257634852423,scr2010,avaConv,pvInd_b
ba,2,h0058,0.12160175820563889,scr2010,avaConv,pvInd_b
ba,2,h0059,0.21943630203997366,scr2010,avaConv,pvInd_b
ba,2,h0060,0.28881381687782776,scr2010,avaConv,pvInd_b
ba,2,h0061,0.44491252784354435,scr2010,avaConv,pvInd_b
ba,2,h0062,0.5419248163268291,scr2010,avaConv,pvInd_b
ba,2,h0063,0.5698014157124538,scr2010,avaConv,pvInd_b
ba,2,h0064,0.37622357557789426,scr2010,avaConv,pvInd_b
ba,2,h0065,0.16790902869499305,scr2010,avaConv,pvInd_b
ba,2,h0066,0.0426951189500448,scr2010,avaConv,pvInd_b
ba,2,h0067,0.0,scr2010,avaConv,pvInd_b
ba,2,h0068,0.0,scr2010,avaConv,pvInd_b
ba,2,h0069,0.0,scr2010,avaConv,pvInd_b
ba,2,h0070,0.0,scr2010,avaConv,pvInd_b
ba,2,h0071,0.0,scr2010,avaConv,pvInd_b
ba,2,h0072,0.0,scr2010,avaConv,pvInd_b
ba,2,h0073,0.0,scr2010,avaConv,pvInd_b
ba,2,h0074,0.0,scr2010,avaConv,pvInd_b
ba,2,h0075,0.0,scr2010,avaConv,pvInd_b
ba,2,h0076,0.0,scr2010,avaConv,pvInd_b
ba,2,h0077,0.0,scr2010,avaConv,pvInd_b
ba,2,h0078,0.0,scr2010,avaConv,pvInd_b
ba,2,h0079,0.0,scr2010,avaConv,pvInd_b
ba,2,h0080,0.013276358447733859,scr2010,avaConv,pvInd_b
ba,2,h0081,0.06334601200099792,scr2010,avaConv,pvInd_b
ba,2,h0082,0.14966311856283124,scr2010,avaConv,pvInd_b
ba,2,h0083,0.23760221016000135,scr2010,avaConv,pvInd_b
ba,2,h0084,0.29168258009375725,scr2010,avaConv,pvInd_b
ba,2,h0085,0.40300709987133204,scr2010,avaConv,pvInd_b
ba,2,h0086,0.4523659324364991,scr2010,avaConv,pvInd_b
ba,2,h0087,0.43691704608859294,scr2010,avaConv,pvInd_b
ba,2,h0088,0.27593191134227624,scr2010,avaConv,pvInd_b
ba,2,h0089,0.12235135222517918,scr2010,avaConv,pvInd_b
ba,2,h0090,0.03357256457708965,scr2010,avaConv,pvInd_b
ba,2,h0091,0.000802779738369913,scr2010,avaConv,pvInd_b
ba,2,h0092,0.0,scr2010,avaConv,pvInd_b
ba,2,h0093,0.0,scr2010,avaConv,pvInd_b
ba,2,h0094,0.0,scr2010,avaConv,pvInd_b
ba,2,h0095,0.0,scr2010,avaConv,pvInd_b
ba,2,h0096,0.0,scr2010,avaConv,pvInd_b
be,2,h0049,0.0,scr2010,avaConv,pvInd_b
be,2,h0050,0.0,scr2010,avaConv,pvInd_b
be,2,h0051,0.0,scr2010,avaConv,pvInd_b
be,2,h0052,0.0,scr2010,avaConv,pvInd_b
be,2,h0053,0.0,scr2010,avaConv,pvInd_b
be,2,h0054,0.0,scr2010,avaConv,pvInd_b
be,2,h0055,0.0,scr2010,avaConv,pvInd_b
be,2,h0056,0.0,scr2010,avaConv,pvInd_b
be,2,h0057,0.020827341876265285,scr2010,avaConv,pvInd_b
be,2,h0058,0.08151619766725075,scr2010,avaConv,pvInd_b
be,2,h0059,0.18696223157942143,scr2010,avaConv,pvInd_b
be,2,h0060,0.32404322530702545,scr2010,avaConv,pvInd_b
be,2,h0061,0.2748854676766345,scr2010,avaConv,pvInd_b
be,2,h0062,0.18165433507412865,scr2010,avaConv,pvInd_b
be,2,h0063,0.038156383267002526,scr2010,avaConv,pvInd_b
be,2,h0064,0.027451988010258423,scr2010,avaConv,pvInd_b
be,2,h0065,0.014046309522774754,scr2010,avaConv,pvInd_b
be,2,h0066,0.004046475362660098,scr2010,avaConv,pvInd_b
be,2,h0067,0.0,scr2010,avaConv,pvInd_b
be,2,h0068,0.0,scr2010,avaConv,pvInd_b
be,2,h0069,0.0,scr2010,avaConv,pvInd_b
be,2,h0070,0.0,scr2010,avaConv,pvInd_b
be,2,h0071,0.0,scr2010,avaConv,pvInd_b
be,2,h0072,0.0,scr2010,avaConv,pvInd_b
be,2,h0073,0.0,scr2010,avaConv,pvInd_b
be,2,h0074,0.0,scr2010,avaConv,pvInd_b
be,2,h0075,0.0,scr2010,avaConv,pvInd_b
be,2,h0076,0.0,scr2010,avaConv,pvInd_b
be,2,h0077,0.0,scr2010,avaConv,pvInd_b
be,2,h0078,0.0,scr2010,avaConv,pvInd_b
be,2,h0079,0.0,scr2010,avaConv,pvInd_b
be,2,h0080,0.0,scr2010,avaConv,pvInd_b
be,2,h0081,0.016897139833225914,scr2010,avaConv,pvInd_b
be,2,h0082,0.0640350379708925,scr2010,avaConv,pvInd_b
be,2,h0083,0.14589690910146771,scr2010,avaConv,pvInd_b
be,2,h0084,0.23180486330420383,scr2010,avaConv,pvInd_b
be,2,h0085,0.2971203953933747,scr2010,avaConv,pvInd_b
be,2,h0086,0.3135159067096979,scr2010,avaConv,pvInd_b
be,2,h0087,0.2829587224472279,scr2010,avaConv,pvInd_b
be,2,h0088,0.21078362426620753,scr2010,avaConv,pvInd_b
be,2,h0089,0.12738499647403737,scr2010,avaConv,pvInd_b
be,2,h0090,0.05413205095624454,scr2010,avaConv,pvInd_b
be,2,h0091,0.0138100604343885,scr2010,avaConv,pvInd_b
be,2,h0092,0.0,scr2010,avaConv,pvInd_b
be,2,h0093,0.0,scr2010,avaConv,pvInd_b
be,2,h0094,0.0,scr2010,avaConv,pvInd_b
be,2,h0095,0.0,scr2010,avaConv,pvInd_b
be,2,h0096,0.0,scr2010,avaConv,pvInd_b
bg,2,h0049,0.0,scr2010,avaConv,pvInd_b
bg,2,h0050,0.0,scr2010,avaConv,pvInd_b
bg,2,h0051,0.0,scr2010,avaConv,pvInd_b
bg,2,h0052,0.0,scr2010,avaConv,pvInd_b
bg,2,h0053,0.0,scr2010,avaConv,pvInd_b
bg,2,h0054,0.0,scr2010,avaConv,pvInd_b
bg,2,h0055,0.0005869658781382261,scr2010,avaConv,pvInd_b
bg,2,h0056,0.0299434354489088,scr2010,avaConv,pvInd_b
bg,2,h0057,0.10930820456913647,scr2010,avaConv,pvInd_b
bg,2,h0058,0.24057484496966614,scr2010,avaConv,pvInd_b
bg,2,h0059,0.36020396344075833,scr2010,avaConv,pvInd_b
bg,2,h0060,0.42868489268251075,scr2010,avaConv,pvInd_b
bg,2,h0061,0.42460683789756754,scr2010,avaConv,pvInd_b
bg,2,h0062,0.37016713537552015,scr2010,avaConv,pvInd_b
bg,2,h0063,0.2722305152593803,scr2010,avaConv,pvInd_b
bg,2,h0064,0.16153942712957103,scr2010,avaConv,pvInd_b
bg,2,h0065,0.06320479799836445,scr2010,avaConv,pvInd_b
bg,2,h0066,0.013465405027446725,scr2010,avaConv,pvInd_b
bg,2,h0067,0.0,scr2010,avaConv,pvInd_b
bg,2,h0068,0.0,scr2010,avaConv,pvInd_b
bg,2,h0069,0.0,scr2010,avaConv,pvInd_b
bg,2,h0070,0.0,scr2010,avaConv,pvInd_b
bg,2,h0071,0.0,scr2010,avaConv,pvInd_b
bg,2,h0072,0.0,scr2010,avaConv,pvInd_b
bg,2,h0073,0.0,scr2010,avaConv,pvInd_b
bg,2,h0074,0.0,scr2010,avaConv,pvInd_b
bg,2,h0075,0.0,scr2010,avaConv,pvInd_b
bg,2,h0076,0.0,scr2010,avaConv,pvInd_b
bg,2,h0077,0.0,scr2010,avaConv,pvInd_b
bg,2,h0078,0.0,scr2010,avaConv,pvInd_b
bg,2,h0079,0.013135239261904455,scr2010,avaConv,pvInd_b
bg,2,h0080,0.0666469743626615,scr2010,avaConv,pvInd_b
bg,2,h0081,0.18279679803034984,scr2010,avaConv,pvInd_b
bg,2,h0082,0.3390088068229392,scr2010,avaConv,pvInd_b
bg,2,h0083,0.48023550911289037,scr2010,avaConv,pvInd_b
bg,2,h0084,0.5637550397060029,scr2010,avaConv,pvInd_b
bg,2,h0085,0.4688265136513201,scr2010,avaConv,pvInd_b
bg,2,h0086,0.35332719857907036,scr2010,avaConv,pvInd_b
bg,2,h0087,0.22688615739621235,scr2010,avaConv,pvInd_b
bg,2,h0088,0.17478285621876916,scr2010,avaConv,pvInd_b
bg,2,h0089,0.08922958894876917,scr2010,avaConv,pvInd_b
bg,2,h0090,0.024303489960152774,scr2010,avaConv,pvInd_b
bg,2,h0091,0.0,scr2010,avaConv,pvInd_b
bg,2,h0092,0.0,scr2010,avaConv,pvInd_b
bg,2,h0093,0.0,scr2010,avaConv,pvInd_b
bg,2,h0094,0.0,scr2010,avaConv,pvInd_b
bg,2,h0095,0.0,scr2010,avaConv,pvInd_b
bg,2,h0096,0.0,scr2010,avaConv,pvInd_b
ch,2,h0049,0.0,scr2010,avaConv,pvInd_b
ch,2,h0050,0.0,scr2010,avaConv,pvInd_b
ch,2,h0051,0.0,scr2010,avaConv,pvInd_b
ch,2,h0052,0.0,scr2010,avaConv,pvInd_b
ch,2,h0053,0.0,scr2010,avaConv,pvInd_b
ch,2,h0054,0.0,scr2010,avaConv,pvInd_b
ch,2,h0055,0.0,scr2010,avaConv,pvInd_b
ch,2,h0056,0.0,scr2010,avaConv,pvInd_b
ch,2,h0057,0.01637908025917801,scr2010,avaConv,pvInd_b
ch,2,h0058,0.07198481152777014,scr2010,avaConv,pvInd_b
ch,2,h0059,0.17809683122515615,scr2010,avaConv,pvInd_b
ch,2,h0060,0.32405035841934354,scr2010,avaConv,pvInd_b
ch,2,h0061,0.3824015674505438,scr2010,avaConv,pvInd_b
ch,2,h0062,0.3802632688698837,scr2010,avaConv,pvInd_b
ch,2,h0063,0.27947505184452415,scr2010,avaConv,pvInd_b
ch,2,h0064,0.18950383205943933,scr2010,avaConv,pvInd_b
ch,2,h0065,0.09234755277220179,scr2010,avaConv,pvInd_b
ch,2,h0066,0.029673983734695954,scr2010,avaConv,pvInd_b
ch,2,h0067,0.00499292089344337,scr2010,avaConv,pvInd_b
ch,2,h0068,0.0,scr2010,avaConv,pvInd_b
ch,2,h0069,0.0,scr2010,avaConv,pvInd_b
ch,2,h0070,0.0,scr2010,avaConv,pvInd_b
ch,2,h0071,0.0,scr2010,avaConv,pvInd_b
ch,2,h0072,0.0,scr2010,avaConv,pvInd_b
ch,2,h0073,0.0,scr2010,avaConv,pvInd_b
ch,2,h0074,0.0,scr2010,avaConv,pvInd_b
ch,2,h0075,0.0,scr2010,avaConv,pvInd_b
ch,2,h0076,0.0,scr2010,avaConv,pvInd_b
ch,2,h0077,0.0,scr2010,avaConv,pvInd_b
ch,2,h0078,0.0,scr2010,avaConv,pvInd_b
ch,2,h0079,0.0,scr2010,avaConv,pvInd_b
ch,2,h0080,0.0010845401940518466,scr2010,avaConv,pvInd_b
ch,2,h0081,0.03300699948153314,scr2010,avaConv,pvInd_b
ch,2,h0082,0.10564498393177009,scr2010,avaConv,pvInd_b
ch,2,h0083,0.21354508193836308,scr2010,avaConv,pvInd_b
ch,2,h0084,0.30139786451972017,scr2010,avaConv,pvInd_b
ch,2,h0085,0.5022755036411165,scr2010,avaConv,pvInd_b
ch,2,h0086,0.6499758662757883,scr2010,avaConv,pvInd_b
ch,2,h0087,0.7291478226311453,scr2010,avaConv,pvInd_b
ch,2,h0088,0.5741291393236112,scr2010,avaConv,pvInd_b
ch,2,h0089,0.3678719518764622,scr2010,avaConv,pvInd_b
ch,2,h0090,0.1629669424220593,scr2010,avaConv,pvInd_b
ch,2,h0091,0.040711336457444076,scr2010,avaConv,pvInd_b
ch,2,h0092,0.0,scr2010,avaConv,pvInd_b
ch,2,h0093,0.0,scr2010,avaConv,pvInd_b
ch,2,h0094,0.0,scr2010,avaConv,pvInd_b
ch,2,h0095,0.0,scr2010,avaConv,pvInd_b
ch,2,h0096,0.0,scr2010,avaConv,pvInd_b
cz,2,h0049,0.0,scr2010,avaConv,pvInd_b
cz,2,h0050,0.0,scr2010,avaConv,pvInd_b
cz,2,h0051,0.0,scr2010,avaConv,pvInd_b
cz,2,h0052,0.0,scr2010,avaConv,pvInd_b
cz,2,h0053,0.0,scr2010,avaConv,pvInd_b
cz,2,h0054,0.0,scr2010,avaConv,pvInd_b
cz,2,h0055,0.0,scr2010,avaConv,pvInd_b
cz,2,h0056,0.0007963023679318401,scr2010,avaConv,pvInd_b
cz,2,h0057,0.03176425290639555,scr2010,avaConv,pvInd_b
cz,2,h0058,0.12156372059742282,scr2010,avaConv,pvInd_b
cz,2,h0059,0.27235335135586064,scr2010,avaConv,pvInd_b
cz,2,h0060,0.4094746515528772,scr2010,avaConv,pvInd_b
cz,2,h0061,0.48831829552881184,scr2010,avaConv,pvInd_b
cz,2,h0062,0.4911664967793589,scr2010,avaConv,pvInd_b
cz,2,h0063,0.41783332332034906,scr2010,avaConv,pvInd_b
cz,2,h0064,0.27925588781102056,scr2010,avaConv,pvInd_b
cz,2,h0065,0.12307846177780425,scr2010,avaConv,pvInd_b
cz,2,h0066,0.029761797472818333,scr2010,avaConv,pvInd_b
cz,2,h0067,0.0,scr2010,avaConv,pvInd_b
cz,2,h0068,0.0,scr2010,avaConv,pvInd_b
cz,2,h0069,0.0,scr2010,avaConv,pvInd_b
cz,2,h0070,0.0,scr2010,avaConv,pvInd_b
cz,2,h0071,0.0,scr2010,avaConv,pvInd_b
cz,2,h0072,0.0,scr2010,avaConv,pvInd_b
cz,2,h0073,0.0,scr2010,avaConv,pvInd_b
cz,2,h0074,0.0,scr2010,avaConv,pvInd_b
cz,2,h0075,0.0,scr2010,avaConv,pvInd_b
cz,2,h0076,0.0,scr2010,avaConv,pvInd_b
cz,2,h0077,0.0,scr2010,avaConv,pvInd_b
cz,2,h0078,0.0,scr2010,avaConv,pvInd_b
cz,2,h0079,0.0,scr2010,avaConv,pvInd_b
cz,2,h0080,0.006608976172170718,scr2010,avaConv,pvInd_b
cz,2,h0081,0.03493261475575777,scr2010,avaConv,pvInd_b
cz,2,h0082,0.09344320341563683,scr2010,avaConv,pvInd_b
cz,2,h0083,0.16344101565273278,scr2010,avaConv,pvInd_b
cz,2,h0084,0.2189174880553754,scr2010,avaConv,pvInd_b
cz,2,h0085,0.3583414362838382,scr2010,avaConv,pvInd_b
cz,2,h0086,0.4532041269670114,scr2010,avaConv,pvInd_b
cz,2,h0087,0.48594711004649266,scr2010,avaConv,pvInd_b
cz,2,h0088,0.3324719204655361,scr2010,avaConv,pvInd_b
cz,2,h0089,0.15603398902821575,scr2010,avaConv,pvInd_b
cz,2,h0090,0.04465091138673137,scr2010,avaConv,pvInd_b
cz,2,h0091,0.0008842001369345335,scr2010,avaConv,pvInd_b
cz,2,h0092,0.0,scr2010,avaConv,pvInd_b
cz,2,h0093,0.0,scr2010,avaConv,pvInd_b
cz,2,h0094,0.0,scr2010,avaConv,pvInd_b
cz,2,h0095,0.0,scr2010,avaConv,pvInd_b
cz,2,h0096,0.0,scr2010,avaConv,pvInd_b
de,2,h0049,0.0,scr2010,avaConv,pvInd_b
de,2,h0050,0.0,scr2010,avaConv,pvInd_b
de,2,h0051,0.0,scr2010,avaConv,pvInd_b
de,2,h0052,0.0,scr2010,avaConv,pvInd_b
de,2,h0053,0.0,scr2010,avaConv,pvInd_b
de,2,h0054,0.0,scr2010,avaConv,pvInd_b
de,2,h0055,0.0,scr2010,avaConv,pvInd_b
de,2,h0056,0.0,scr2010,avaConv,pvInd_b
de,2,h0057,0.006743337891937613,scr2010,avaConv,pvInd_b
de,2,h0058,0.034328654190907776,scr2010,avaConv,pvInd_b
de,2,h0059,0.08843310891341698,scr2010,avaConv,pvInd_b
de,2,h0060,0.1506635793067122,scr2010,avaConv,pvInd_b
de,2,h0061,0.17845362675465207,scr2010,avaConv,pvInd_b
de,2,h0062,0.16548795273863934,scr2010,avaConv,pvInd_b
de,2,h0063,0.1182314736805716,scr2010,avaConv,pvInd_b
de,2,h0064,0.0682477079017857,scr2010,avaConv,pvInd_b
de,2,h0065,0.026908160262566573,scr2010,avaConv,pvInd_b
de,2,h0066,0.00604595464618174,scr2010,avaConv,pvInd_b
de,2,h0067,0.0,scr2010,avaConv,pvInd_b
de,2,h0068,0.0,scr2010,avaConv,pvInd_b
de,2,h0069,0.0,scr2010,avaConv,pvInd_b
de,2,h0070,0.0,scr2010,avaConv,pvInd_b
de,2,h0071,0.0,scr2010,avaConv,pvInd_b
de,2,h0072,0.0,scr2010,avaConv,pvInd_b
de,2,h0073,0.0,scr2010,avaConv,pvInd_b
de,2,h0074,0.0,scr2010,avaConv,pvInd_b
de,2,h0075,0.0,scr2010,avaConv,pvInd_b
de,2,h0076,0.0,scr2010,avaConv,pvInd_b
de,2,h0077,0.0,scr2010,avaConv,pvInd_b
de,2,h0078,0.0,scr2010,avaConv,pvInd_b
de,2,h0079,0.0,scr2010,avaConv,pvInd_b
de,2,h0080,0.0005281675512786236,scr2010,avaConv,pvInd_b
de,2,h0081,0.012223631991994144,scr2010,avaConv,pvInd_b
de,2,h0082,0.044205535461156534,scr2010,avaConv,pvInd_b
de,2,h0083,0.09696741133274582,scr2010,avaConv,pvInd_b
de,2,h0084,0.1479446402937301,scr2010,avaConv,pvInd_b
de,2,h0085,0.2337870585140514,scr2010,avaConv,pvInd_b
de,2,h0086,0.2802277370912757,scr2010,avaConv,pvInd_b
de,2,h0087,0.282076719309436,scr2010,avaConv,pvInd_b
de,2,h0088,0.19136549183168222,scr2010,avaConv,pvInd_b
de,2,h0089,0.09875678695901942,scr2010,avaConv,pvInd_b
de,2,h0090,0.033879353875229945,scr2010,avaConv,pvInd_b
de,2,h0091,0.005218049741430701,scr2010,avaConv,pvInd_b
de,2,h0092,0.0,scr2010,avaConv,pvInd_b
de,2,h0093,0.0,scr2010,avaConv,pvInd_b
de,2,h0094,0.0,scr2010,avaConv,pvInd_b
de,2,h0095,0.0,scr2010,avaConv,pvInd_b
de,2,h0096,0.0,scr2010,avaConv,pvInd_b
dk_e,2,h0049,0.0,scr2010,avaConv,pvInd_b
dk_e,2,h0050,0.0,scr2010,avaConv,pvInd_b
dk_e,2,h0051,0.0,scr2010,avaConv,pvInd_b
dk_e,2,h0052,0.0,scr2010,avaConv,pvInd_b
dk_e,2,h0053,0.0,scr2010,avaConv,pvInd_b
dk_e,2,h0054,0.0,scr2010,avaConv,pvInd_b
dk_e,2,h0055,0.0,scr2010,avaConv,pvInd_b
dk_e,2,h0056,0.0,scr2010,avaConv,pvInd_b
dk_e,2,h0057,0.0190471385269139,scr2010,avaConv,pvInd_b
dk_e,2,h0058,0.08435840069479038,scr2010,avaConv,pvInd_b
dk_e,2,h0059,0.20978175930042461,scr2010,avaConv,pvInd_b
dk_e,2,h0060,0.3497982210385242,scr2010,avaConv,pvInd_b
dk_e,2,h0061,0.2791022055702512,scr2010,avaConv,pvInd_b
dk_e,2,h0062,0.155294740688175,scr2010,avaConv,pvInd_b
dk_e,2,h0063,0.01729109988646839,scr2010,avaConv,pvInd_b
dk_e,2,h0064,0.007209193167470111,scr2010,avaConv,pvInd_b
dk_e,2,h0065,0.0018527543946654783,scr2010,avaConv,pvInd_b
dk_e,2,h0066,0.0,scr2010,avaConv,pvInd_b
dk_e,2,h0067,0.0,scr2010,avaConv,pvInd_b
dk_e,2,h0068,0.0,scr2010,avaConv,pvInd_b
dk_e,2,h0069,0.0,scr2010,avaConv,pvInd_b
dk_e,2,h0070,0.0,scr2010,avaConv,pvInd_b
dk_e,2,h0071,0.0,scr2010,avaConv,pvInd_b
dk_e,2,h0072,0.0,scr2010,avaConv,pvInd_b
dk_e,2,h0073,0.0,scr2010,avaConv,pvInd_b
dk_e,2,h0074,0.0,scr2010,avaConv,pvInd_b
dk_e,2,h0075,0.0,scr2010,avaConv,pvInd_b
dk_e,2,h0076,0.0,scr2010,avaConv,pvInd_b
dk_e,2,h0077,0.0,scr2010,avaConv,pvInd_b
dk_e,2,h0078,0.0,scr2010,avaConv,pvInd_b
dk_e,2,h0079,0.0,scr2010,avaConv,pvInd_b
dk_e,2,h0080,0.0,scr2010,avaConv,pvInd_b
dk_e,2,h0081,0.026680418255110725,scr2010,avaConv,pvInd_b
dk_e,2,h0082,0.08808437691616684,scr2010,avaConv,pvInd_b
dk_e,2,h0083,0.18733221038032907,scr2010,avaConv,pvInd_b
dk_e,2,h0084,0.2678194514469835,scr2010,avaConv,pvInd_b
dk_e,2,h0085,0.2772798856249458,scr2010,avaConv,pvInd_b
dk_e,2,h0086,0.2421360192927456,scr2010,avaConv,pvInd_b
dk_e,2,h0087,0.16790225160967642,scr2010,avaConv,pvInd_b
dk_e,2,h0088,0.1113227926150444,scr2010,avaConv,pvInd_b
dk_e,2,h0089,0.049244667446260194,scr2010,avaConv,pvInd_b
dk_e,2,h0090,0.013569611811606984,scr2010,avaConv,pvInd_b
dk_e,2,h0091,0.0,scr2010,avaConv,pvInd_b
dk_e,2,h0092,0.0,scr2010,avaConv,pvInd_b
dk_e,2,h0093,0.0,scr2010,avaConv,pvInd_b
dk_e,2,h0094,0.0,scr2010,avaConv,pvInd_b
dk_e,2,h0095,0.0,scr2010,avaConv,pvInd_b
dk_e,2,h0096,0.0,scr2010,avaConv,pvInd_b
dk_w,2,h0049,0.0,scr2010,avaConv,pvInd_b
dk_w,2,h0050,0.0,scr2010,avaConv,pvInd_b
dk_w,2,h0051,0.0,scr2010,avaConv,pvInd_b
dk_w,2,h0052,0.0,scr2010,avaConv,pvInd_b
dk_w,2,h0053,0.0,scr2010,avaConv,pvInd_b
dk_w,2,h0054,0.0,scr2010,avaConv,pvInd_b
dk_w,2,h0055,0.0,scr2010,avaConv,pvInd_b
dk_w,2,h0056,0.0,scr2010,avaConv,pvInd_b
dk_w,2,h0057,0.011003771103441412,scr2010,avaConv,pvInd_b
dk_w,2,h0058,0.0630960244694175,scr2010,avaConv,pvInd_b
dk_w,2,h0059,0.15484766118426393,scr2010,avaConv,pvInd_b
dk_w,2,h0060,0.2631167053747995,scr2010,avaConv,pvInd_b
dk_w,2,h0061,0.20117923378320207,scr2010,avaConv,pvInd_b
dk_w,2,h0062,0.11389075127448232,scr2010,avaConv,pvInd_b
dk_w,2,h0063,0.021452254463865138,scr2010,avaConv,pvInd_b
dk_w,2,h0064,0.019512414984628853,scr2010,avaConv,pvInd_b
dk_w,2,h0065,0.011923327290160702,scr2010,avaConv,pvInd_b
dk_w,2,h0066,0.004623894828341682,scr2010,avaConv,pvInd_b
dk_w,2,h0067,0.0,scr2010,avaConv,pvInd_b
dk_w,2,h0068,0.0,scr2010,avaConv,pvInd_b
dk_w,2,h0069,0.0,scr2010,avaConv,pvInd_b
dk_w,2,h0070,0.0,scr2010,avaConv,pvInd_b
dk_w,2,h0071,0.0,scr2010,avaConv,pvInd_b
dk_w,2,h0072,0.0,scr2010,avaConv,pvInd_b
dk_w,2,h0073,0.0,scr2010,avaConv,pvInd_b
dk_w,2,h0074,0.0,scr2010,avaConv,pvInd_b
dk_w,2,h0075,0.0,scr2010,avaConv,pvInd_b
dk_w,2,h0076,0.0,scr2010,avaConv,pvInd_b
dk_w,2,h0077,0.0,scr2010,avaConv,pvInd_b
dk_w,2,h0078,0.0,scr2010,avaConv,pvInd_b
dk_w,2,h0079,0.0,scr2010,avaConv,pvInd_b
dk_w,2,h0080,0.0,scr2010,avaConv,pvInd_b
dk_w,2,h0081,0.022114535899106467,scr2010,avaConv,pvInd_b
dk_w,2,h0082,0.08583985393439261,scr2010,avaConv,pvInd_b
dk_w,2,h0083,0.1786382915466369,scr2010,avaConv,pvInd_b
dk_w,2,h0084,0.23134107344494456,scr2010,avaConv,pvInd_b
dk_w,2,h0085,0.21774803973487603,scr2010,avaConv,pvInd_b
dk_w,2,h0086,0.18091790259190776,scr2010,avaConv,pvInd_b
dk_w,2,h0087,0.13612428660250858,scr2010,avaConv,pvInd_b
dk_w,2,h0088,0.09712259134942827,scr2010,avaConv,pvInd_b
dk_w,2,h0089,0.045179494401081786,scr2010,avaConv,pvInd_b
dk_w,2,h0090,0.012507611509478872,scr2010,avaConv,pvInd_b
dk_w,2,h0091,0.0,scr2010,avaConv,pvInd_b
dk_w,2,h0092,0.0,scr2010,avaConv,pvInd_b
dk_w,2,h0093,0.0,scr2010,avaConv,pvInd_b
dk_w,2,h0094,0.0,scr2010,avaConv,pvInd_b
dk_w,2,h0095,0.0,scr2010,avaConv,pvInd_b
dk_w,2,h0096,0.0,scr2010,avaConv,pvInd_b
ee,2,h0049,0.0,scr2010,avaConv,pvInd_b
ee,2,h0050,0.0,scr2010,avaConv,pvInd_b
ee,2,h0051,0.0,scr2010,avaConv,pvInd_b
ee,2,h0052,0.0,scr2010,avaConv,pvInd_b
ee,2,h0053,0.0,scr2010,avaConv,pvInd_b
ee,2,h0054,0.0,scr2010,avaConv,pvInd_b
ee,2,h0055,0.0,scr2010,avaConv,pvInd_b
ee,2,h0056,0.0,scr2010,avaConv,pvInd_b
ee,2,h0057,0.0337412781614491,scr2010,avaConv,pvInd_b
ee,2,h0058,0.11384814142513326,scr2010,avaConv,pvInd_b
ee,2,h0059,0.23516114274502986,scr2010,avaConv,pvInd_b
ee,2,h0060,0.30835425775127046,scr2010,avaConv,pvInd_b
ee,2,h0061,0.33587507057300403,scr2010,avaConv,pvInd_b
ee,2,h0062,0.2997625788631415,scr2010,avaConv,pvInd_b
ee,2,h0063,0.20868148125739264,scr2010,avaConv,pvInd_b
ee,2,h0064,0.09465840671334788,scr2010,avaConv,pvInd_b
ee,2,h0065,0.02034046006983743,scr2010,avaConv,pvInd_b
ee,2,h0066,0.0,scr2010,avaConv,pvInd_b
ee,2,h0067,0.0,scr2010,avaConv,pvInd_b
ee,2,h0068,0.0,scr2010,avaConv,pvInd_b
ee,2,h0069,0.0,scr2010,avaConv,pvInd_b
ee,2,h0070,0.0,scr2010,avaConv,pvInd_b
ee,2,h0071,0.0,scr2010,avaConv,pvInd_b
ee,2,h0072,0.0,scr2010,avaConv,pvInd_b
ee,2,h0073,0.0,scr2010,avaConv,pvInd_b
ee,2,h0074,0.0,scr2010,avaConv,pvInd_b
ee,2,h0075,0.0,scr2010,avaConv,pvInd_b
ee,2,h0076,0.0,scr2010,avaConv,pvInd_b
ee,2,h0077,0.0,scr2010,avaConv,pvInd_b
ee,2,h0078,0.0,scr2010,avaConv,pvInd_b
ee,2,h0079,0.0,scr2010,avaConv,pvInd_b
ee,2,h0080,0.0016940844840793244,scr2010,avaConv,pvInd_b
ee,2,h0081,0.010749792226164913,scr2010,avaConv,pvInd_b
ee,2,h0082,0.03036219035723701,scr2010,avaConv,pvInd_b
ee,2,h0083,0.05649814428806976,scr2010,avaConv,pvInd_b
ee,2,h0084,0.07517640279253457,scr2010,avaConv,pvInd_b
ee,2,h0085,0.11848129597958819,scr2010,avaConv,pvInd_b
ee,2,h0086,0.1328721671976309,scr2010,avaConv,pvInd_b
ee,2,h0087,0.11873541993031138,scr2010,avaConv,pvInd_b
ee,2,h0088,0.05212192498585747,scr2010,avaConv,pvInd_b
ee,2,h0089,0.012640441935903189,scr2010,avaConv,pvInd_b
ee,2,h0090,0.0,scr2010,avaConv,pvInd_b
ee,2,h0091,0.0,scr2010,avaConv,pvInd_b
ee,2,h0092,0.0,scr2010,avaConv,pvInd_b
ee,2,h0093,0.0,scr2010,avaConv,pvInd_b
ee,2,h0094,0.0,scr2010,avaConv,pvInd_b
ee,2,h0095,0.0,scr2010,avaConv,pvInd_b
ee,2,h0096,0.0,scr2010,avaConv,pvInd_b
es,2,h0049,0.0,scr2010,avaConv,pvInd_b
es,2,h0050,0.0,scr2010,avaConv,pvInd_b
es,2,h0051,0.0,scr2010,avaConv,pvInd_b
es,2,h0052,0.0,scr2010,avaConv,pvInd_b
es,2,h0053,0.0,scr2010,avaConv,pvInd_b
es,2,h0054,0.0,scr2010,avaConv,pvInd_b
es,2,h0055,0.0,scr2010,avaConv,pvInd_b
es,2,h0056,0.0,scr2010,avaConv,pvInd_b
es,2,h0057,0.0051838303923487225,scr2010,avaConv,pvInd_b
es,2,h0058,0.03983905428752702,scr2010,avaConv,pvInd_b
es,2,h0059,0.13231864986201988,scr2010,avaConv,pvInd_b
es,2,h0060,0.2648070691983456,scr2010,avaConv,pvInd_b
es,2,h0061,0.4375483459006294,scr2010,avaConv,pvInd_b
es,2,h0062,0.5660501275849059,scr2010,avaConv,pvInd_b
es,2,h0063,0.6257994828958942,scr2010,avaConv,pvInd_b
es,2,h0064,0.5462000352595894,scr2010,avaConv,pvInd_b
es,2,h0065,0.3907819423811865,scr2010,avaConv,pvInd_b
es,2,h0066,0.2032338047204262,scr2010,avaConv,pvInd_b
es,2,h0067,0.06412532203856795,scr2010,avaConv,pvInd_b
es,2,h0068,0.008434898395551562,scr2010,avaConv,pvInd_b
es,2,h0069,0.0,scr2010,avaConv,pvInd_b
es,2,h0070,0.0,scr2010,avaConv,pvInd_b
es,2,h0071,0.0,scr2010,avaConv,pvInd_b
es,2,h0072,0.0,scr2010,avaConv,pvInd_b
es,2,h0073,0.0,scr2010,avaConv,pvInd_b
es,2,h0074,0.0,scr2010,avaConv,pvInd_b
es,2,h0075,0.0,scr2010,avaConv,pvInd_b
es,2,h0076,0.0,scr2010,avaConv,pvInd_b
es,2,h0077,0.0,scr2010,avaConv,pvInd_b
es,2,h0078,0.0,scr2010,avaConv,pvInd_b
es,2,h0079,0.0,scr2010,avaConv,pvInd_b
es,2,h0080,0.0,scr2010,avaConv,pvInd_b
es,2,h0081,0.01322827938047371,scr2010,avaConv,pvInd_b
es,2,h0082,0.07984251564361351,scr2010,avaConv,pvInd_b
es,2,h0083,0.21799678812635515,scr2010,avaConv,pvInd_b
es,2,h0084,0.3618431839338514,scr2010,avaConv,pvInd_b
es,2,h0085,0.3070187059072033,scr2010,avaConv,pvInd_b
es,2,h0086,0.21094855190149597,scr2010,avaConv,pvInd_b
es,2,h0087,0.10246485857759975,scr2010,avaConv,pvInd_b
es,2,h0088,0.0841310183410186,scr2010,avaConv,pvInd_b
es,2,h0089,0.053987243128108334,scr2010,avaConv,pvInd_b
es,2,h0090,0.025033173245314188,scr2010,avaConv,pvInd_b
es,2,h0091,0.0072668609478905265,scr2010,avaConv,pvInd_b
es,2,h0092,0.000876308890733139,scr2010,avaConv,pvInd_b
es,2,h0093,0.0,scr2010,avaConv,pvInd_b
es,2,h0094,0.0,scr2010,avaConv,pvInd_b
es,2,h0095,0.0,scr2010,avaConv,pvInd_b
es,2,h0096,0.0,scr2010,avaConv,pvInd_b
fi,2,h0049,0.0,scr2010,avaConv,pvInd_b
fi,2,h0050,0.0,scr2010,avaConv,pvInd_b
fi,2,h0051,0.0,scr2010,avaConv,pvInd_b
fi,2,h0052,0.0,scr2010,avaConv,pvInd_b
fi,2,h0053,0.0,scr2010,avaConv,pvInd_b
fi,2,h0054,0.0,scr2010,avaConv,pvInd_b
fi,2,h0055,0.0,scr2010,avaConv,pvInd_b
fi,2,h0056,0.0,scr2010,avaConv,pvInd_b
fi,2,h0057,0.011497121521411075,scr2010,avaConv,pvInd_b
fi,2,h0058,0.04167520148193437,scr2010,avaConv,pvInd_b
fi,2,h0059,0.08619794096599659,scr2010,avaConv,pvInd_b
fi,2,h0060,0.12300671590786846,scr2010,avaConv,pvInd_b
fi,2,h0061,0.12959967129037622,scr2010,avaConv,pvInd_b
fi,2,h0062,0.11023023544086626,scr2010,avaConv,pvInd_b
fi,2,h0063,0.06187817262312239,scr2010,avaConv,pvInd_b
fi,2,h0064,0.024770918888895554,scr2010,avaConv,pvInd_b
fi,2,h0065,0.0008823465507103834,scr2010,avaConv,pvInd_b
fi,2,h0066,0.0,scr2010,avaConv,pvInd_b
fi,2,h0067,0.0,scr2010,avaConv,pvInd_b
fi,2,h0068,0.0,scr2010,avaConv,pvInd_b
fi,2,h0069,0.0,scr2010,avaConv,pvInd_b
fi,2,h0070,0.0,scr2010,avaConv,pvInd_b
fi,2,h0071,0.0,scr2010,avaConv,pvInd_b
fi,2,h0072,0.0,scr2010,avaConv,pvInd_b
fi,2,h0073,0.0,scr2010,avaConv,pvInd_b
fi,2,h0074,0.0,scr2010,avaConv,pvInd_b
fi,2,h0075,0.0,scr2010,avaConv,pvInd_b
fi,2,h0076,0.0,scr2010,avaConv,pvInd_b
fi,2,h0077,0.0,scr2010,avaConv,pvInd_b
fi,2,h0078,0.0,scr2010,avaConv,pvInd_b
fi,2,h0079,0.0,scr2010,avaConv,pvInd_b
fi,2,h0080,0.004530063394329364,scr2010,avaConv,pvInd_b
fi,2,h0081,0.03438979819397096,scr2010,avaConv,pvInd_b
fi,2,h0082,0.09060435206589533,scr2010,avaConv,pvInd_b
fi,2,h0083,0.15674506265306873,scr2010,avaConv,pvInd_b
fi,2,h0084,0.20331490052234327,scr2010,avaConv,pvInd_b
fi,2,h0085,0.22823659816143482,scr2010,avaConv,pvInd_b
fi,2,h0086,0.21202266558323213,scr2010,avaConv,pvInd_b
fi,2,h0087,0.1544022822639792,scr2010,avaConv,pvInd_b
fi,2,h0088,0.07255160514677227,scr2010,avaConv,pvInd_b
fi,2,h0089,0.01911969958498219,scr2010,avaConv,pvInd_b
fi,2,h0090,0.0,scr2010,avaConv,pvInd_b
fi,2,h0091,0.0,scr2010,avaConv,pvInd_b
fi,2,h0092,0.0,scr2010,avaConv,pvInd_b
fi,2,h0093,0.0,scr2010,avaConv,pvInd_b
fi,2,h0094,0.0,scr2010,avaConv,pvInd_b
fi,2,h0095,0.0,scr2010,avaConv,pvInd_b
fi,2,h0096,0.0,scr2010,avaConv,pvInd_b
fr,2,h0049,0.0,scr2010,avaConv,pvInd_b
fr,2,h0050,0.0,scr2010,avaConv,pvInd_b
fr,2,h0051,0.0,scr2010,avaConv,pvInd_b
fr,2,h0052,0.0,scr2010,avaConv,pvInd_b
fr,2,h0053,0.0,scr2010,avaConv,pvInd_b
fr,2,h0054,0.0,scr2010,avaConv,pvInd_b
fr,2,h0055,0.0,scr2010,avaConv,pvInd_b
fr,2,h0056,0.0,scr2010,avaConv,pvInd_b
fr,2,h0057,0.019956336325937418,scr2010,avaConv,pvInd_b
fr,2,h0058,0.08840572631527689,scr2010,avaConv,pvInd_b
fr,2,h0059,0.20814422555209303,scr2010,avaConv,pvInd_b
fr,2,h0060,0.3275594969424862,scr2010,avaConv,pvInd_b
fr,2,h0061,0.39647252915706743,scr2010,avaConv,pvInd_b
fr,2,h0062,0.4148886384708531,scr2010,avaConv,pvInd_b
fr,2,h0063,0.3778751323504977,scr2010,avaConv,pvInd_b
fr,2,h0064,0.29902529592848553,scr2010,avaConv,pvInd_b
fr,2,h0065,0.18478429602838042,scr2010,avaConv,pvInd_b
fr,2,h0066,0.07765751219655048,scr2010,avaConv,pvInd_b
fr,2,h0067,0.018213648870558954,scr2010,avaConv,pvInd_b
fr,2,h0068,0.0,scr2010,avaConv,pvInd_b
fr,2,h0069,0.0,scr2010,avaConv,pvInd_b
fr,2,h0070,0.0,scr2010,avaConv,pvInd_b
fr,2,h0071,0.0,scr2010,avaConv,pvInd_b
fr,2,h0072,0.0,scr2010,avaConv,pvInd_b
fr,2,h0073,0.0,scr2010,avaConv,pvInd_b
fr,2,h0074,0.0,scr2010,avaConv,pvInd_b
fr,2,h0075,0.0,scr2010,avaConv,pvInd_b
fr,2,h0076,0.0,scr2010,avaConv,pvInd_b
fr,2,h0077,0.0,scr2010,avaConv,pvInd_b
fr,2,h0078,0.0,scr2010,avaConv,pvInd_b
fr,2,h0079,0.0,scr2010,avaConv,pvInd_b
fr,2,h0080,0.00019573484781276908,scr2010,avaConv,pvInd_b
fr,2,h0081,0.03028705865086766,scr2010,avaConv,pvInd_b
fr,2,h0082,0.11001016833009802,scr2010,avaConv,pvInd_b
fr,2,h0083,0.23221816977294324,scr2010,avaConv,pvInd_b
fr,2,h0084,0.337467690105999,scr2010,avaConv,pvInd_b
fr,2,h0085,0.47245311744416996,scr2010,avaConv,pvInd_b
fr,2,h0086,0.5570769082557455,scr2010,avaConv,pvInd_b
fr,2,h0087,0.5818595114923194,scr2010,avaConv,pvInd_b
fr,2,h0088,0.4736060161051408,scr2010,avaConv,pvInd_b
fr,2,h0089,0.3214785259164732,scr2010,avaConv,pvInd_b
fr,2,h0090,0.15605204132011335,scr2010,avaConv,pvInd_b
fr,2,h0091,0.046591760136952376,scr2010,avaConv,pvInd_b
fr,2,h0092,0.003030271788312787,scr2010,avaConv,pvInd_b
fr,2,h0093,0.0,scr2010,avaConv,pvInd_b
fr,2,h0094,0.0,scr2010,avaConv,pvInd_b
fr,2,h0095,0.0,scr2010,avaConv,pvInd_b
fr,2,h0096,0.0,scr2010,avaConv,pvInd_b
fr_co,2,h0049,0.0,scr2010,avaConv,pvInd_b
fr_co,2,h0050,0.0,scr2010,avaConv,pvInd_b
fr_co,2,h0051,0.0,scr2010,avaConv,pvInd_b
fr_co,2,h0052,0.0,scr2010,avaConv,pvInd_b
fr_co,2,h0053,0.0,scr2010,avaConv,pvInd_b
fr_co,2,h0054,0.0,scr2010,avaConv,pvInd_b
fr_co,2,h0055,0.0,scr2010,avaConv,pvInd_b
fr_co,2,h0056,9.324369461818849e-5,scr2010,avaConv,pvInd_b
fr_co,2,h0057,0.018890106831871954,scr2010,avaConv,pvInd_b
fr_co,2,h0058,0.07401811171753876,scr2010,avaConv,pvInd_b
fr_co,2,h0059,0.15904684634625654,scr2010,avaConv,pvInd_b
fr_co,2,h0060,0.23706440500003148,scr2010,avaConv,pvInd_b
fr_co,2,h0061,0.36055495943385996,scr2010,avaConv,pvInd_b
fr_co,2,h0062,0.440230960888144,scr2010,avaConv,pvInd_b
fr_co,2,h0063,0.45611487899974085,scr2010,avaConv,pvInd_b
fr_co,2,h0064,0.3265281648477112,scr2010,avaConv,pvInd_b
fr_co,2,h0065,0.17832646370437413,scr2010,avaConv,pvInd_b
fr_co,2,h0066,0.0646299014320651,scr2010,avaConv,pvInd_b
fr_co,2,h0067,0.012086475993078044,scr2010,avaConv,pvInd_b
fr_co,2,h0068,0.0,scr2010,avaConv,pvInd_b
fr_co,2,h0069,0.0,scr2010,avaConv,pvInd_b
fr_co,2,h0070,0.0,scr2010,avaConv,pvInd_b
fr_co,2,h0071,0.0,scr2010,avaConv,pvInd_b
fr_co,2,h0072,0.0,scr2010,avaConv,pvInd_b
fr_co,2,h0073,0.0,scr2010,avaConv,pvInd_b
fr_co,2,h0074,0.0,scr2010,avaConv,pvInd_b
fr_co,2,h0075,0.0,scr2010,avaConv,pvInd_b
fr_co,2,h0076,0.0,scr2010,avaConv,pvInd_b
fr_co,2,h0077,0.0,scr2010,avaConv,pvInd_b
fr_co,2,h0078,0.0,scr2010,avaConv,pvInd_b
fr_co,2,h0079,0.0,scr2010,avaConv,pvInd_b
fr_co,2,h0080,0.0006933983980411784,scr2010,avaConv,pvInd_b
fr_co,2,h0081,0.008232589940259077,scr2010,avaConv,pvInd_b
fr_co,2,h0082,0.027758069833928013,scr2010,avaConv,pvInd_b
fr_co,2,h0083,0.05949021448708107,scr2010,avaConv,pvInd_b
fr_co,2,h0084,0.10923589583876889,scr2010,avaConv,pvInd_b
fr_co,2,h0085,0.2159486687698939,scr2010,avaConv,pvInd_b
fr_co,2,h0086,0.2961761880496606,scr2010,avaConv,pvInd_b
fr_co,2,h0087,0.3188000846418751,scr2010,avaConv,pvInd_b
fr_co,2,h0088,0.23666615442741615,scr2010,avaConv,pvInd_b
fr_co,2,h0089,0.1443308039583692,scr2010,avaConv,pvInd_b
fr_co,2,h0090,0.06193926013599778,scr2010,avaConv,pvInd_b
fr_co,2,h0091,0.015342685641999488,scr2010,avaConv,pvInd_b
fr_co,2,h0092,0.0,scr2010,avaConv,pvInd_b
fr_co,2,h0093,0.0,scr2010,avaConv,pvInd_b
fr_co,2,h0094,0.0,scr2010,avaConv,pvInd_b
fr_co,2,h0095,0.0,scr2010,avaConv,pvInd_b
fr_co,2,h0096,0.0,scr2010,avaConv,pvInd_b
gr,2,h0049,0.0,scr2010,avaConv,pvInd_b
gr,2,h0050,0.0,scr2010,avaConv,pvInd_b
gr,2,h0051,0.0,scr2010,avaConv,pvInd_b
gr,2,h0052,0.0,scr2010,avaConv,pvInd_b
gr,2,h0053,0.0,scr2010,avaConv,pvInd_b
gr,2,h0054,0.0,scr2010,avaConv,pvInd_b
gr,2,h0055,0.00232929858440366,scr2010,avaConv,pvInd_b
gr,2,h0056,0.02464031825038789,scr2010,avaConv,pvInd_b
gr,2,h0057,0.08583670753527779,scr2010,avaConv,pvInd_b
gr,2,h0058,0.18544144907074112,scr2010,avaConv,pvInd_b
gr,2,h0059,0.2805000476036692,scr2010,avaConv,pvInd_b
gr,2,h0060,0.3355445208234055,scr2010,avaConv,pvInd_b
gr,2,h0061,0.39733561965973396,scr2010,avaConv,pvInd_b
gr,2,h0062,0.4095119219777624,scr2010,avaConv,pvInd_b
gr,2,h0063,0.3703371215537174,scr2010,avaConv,pvInd_b
gr,2,h0064,0.23043716581330823,scr2010,avaConv,pvInd_b
gr,2,h0065,0.09656484027444134,scr2010,avaConv,pvInd_b
gr,2,h0066,0.02177519473664207,scr2010,avaConv,pvInd_b
gr,2,h0067,0.0,scr2010,avaConv,pvInd_b
gr,2,h0068,0.0,scr2010,avaConv,pvInd_b
gr,2,h0069,0.0,scr2010,avaConv,pvInd_b
gr,2,h0070,0.0,scr2010,avaConv,pvInd_b
gr,2,h0071,0.0,scr2010,avaConv,pvInd_b
gr,2,h0072,0.0,scr2010,avaConv,pvInd_b
gr,2,h0073,0.0,scr2010,avaConv,pvInd_b
gr,2,h0074,0.0,scr2010,avaConv,pvInd_b
gr,2,h0075,0.0,scr2010,avaConv,pvInd_b
gr,2,h0076,0.0,scr2010,avaConv,pvInd_b
gr,2,h0077,0.0,scr2010,avaConv,pvInd_b
gr,2,h0078,0.0,scr2010,avaConv,pvInd_b
gr,2,h0079,0.007452608495489933,scr2010,avaConv,pvInd_b
gr,2,h0080,0.04408709996538682,scr2010,avaConv,pvInd_b
gr,2,h0081,0.12658254151461187,scr2010,avaConv,pvInd_b
gr,2,h0082,0.2386493846498763,scr2010,avaConv,pvInd_b
gr,2,h0083,0.33334948782269713,scr2010,avaConv,pvInd_b
gr,2,h0084,0.3699592628980139,scr2010,avaConv,pvInd_b
gr,2,h0085,0.43253070888945017,scr2010,avaConv,pvInd_b
gr,2,h0086,0.44836045759836746,scr2010,avaConv,pvInd_b
gr,2,h0087,0.42391826842721164,scr2010,avaConv,pvInd_b
gr,2,h0088,0.27503708676039973,scr2010,avaConv,pvInd_b
gr,2,h0089,0.12089786530955475,scr2010,avaConv,pvInd_b
gr,2,h0090,0.0302899131532041,scr2010,avaConv,pvInd_b
gr,2,h0091,0.0,scr2010,avaConv,pvInd_b
gr,2,h0092,0.0,scr2010,avaConv,pvInd_b
gr,2,h0093,0.0,scr2010,avaConv,pvInd_b
gr,2,h0094,0.0,scr2010,avaConv,pvInd_b
gr,2,h0095,0.0,scr2010,avaConv,pvInd_b
gr,2,h0096,0.0,scr2010,avaConv,pvInd_b
hr,2,h0049,0.0,scr2010,avaConv,pvInd_b
hr,2,h0050,0.0,scr2010,avaConv,pvInd_b
hr,2,h0051,0.0,scr2010,avaConv,pvInd_b
hr,2,h0052,0.0,scr2010,avaConv,pvInd_b
hr,2,h0053,0.0,scr2010,avaConv,pvInd_b
hr,2,h0054,0.0,scr2010,avaConv,pvInd_b
hr,2,h0055,0.0,scr2010,avaConv,pvInd_b
hr,2,h0056,0.003550053033064088,scr2010,avaConv,pvInd_b
hr,2,h0057,0.01953574637072292,scr2010,avaConv,pvInd_b
hr,2,h0058,0.054056923427811855,scr2010,avaConv,pvInd_b
hr,2,h0059,0.10572815275512035,scr2010,avaConv,pvInd_b
hr,2,h0060,0.15230571056304867,scr2010,avaConv,pvInd_b
hr,2,h0061,0.3027885812293853,scr2010,avaConv,pvInd_b
hr,2,h0062,0.4076996463350123,scr2010,avaConv,pvInd_b
hr,2,h0063,0.45789573542850465,scr2010,avaConv,pvInd_b
hr,2,h0064,0.3112847468271836,scr2010,avaConv,pvInd_b
hr,2,h0065,0.14606663478751206,scr2010,avaConv,pvInd_b
hr,2,h0066,0.04012415595711723,scr2010,avaConv,pvInd_b
hr,2,h0067,0.0,scr2010,avaConv,pvInd_b
hr,2,h0068,0.0,scr2010,avaConv,pvInd_b
hr,2,h0069,0.0,scr2010,avaConv,pvInd_b
hr,2,h0070,0.0,scr2010,avaConv,pvInd_b
hr,2,h0071,0.0,scr2010,avaConv,pvInd_b
hr,2,h0072,0.0,scr2010,avaConv,pvInd_b
hr,2,h0073,0.0,scr2010,avaConv,pvInd_b
hr,2,h0074,0.0,scr2010,avaConv,pvInd_b
hr,2,h0075,0.0,scr2010,avaConv,pvInd_b
hr,2,h0076,0.0,scr2010,avaConv,pvInd_b
hr,2,h0077,0.0,scr2010,avaConv,pvInd_b
hr,2,h0078,0.0,scr2010,avaConv,pvInd_b
hr,2,h0079,0.0,scr2010,avaConv,pvInd_b
hr,2,h0080,0.014960505751214683,scr2010,avaConv,pvInd_b
hr,2,h0081,0.0642587432841748,scr2010,avaConv,pvInd_b
hr,2,h0082,0.141823901770563,scr2010,avaConv,pvInd_b
hr,2,h0083,0.20789402860005846,scr2010,avaConv,pvInd_b
hr,2,h0084,0.24133163931528906,scr2010,avaConv,pvInd_b
hr,2,h0085,0.32618170380717804,scr2010,avaConv,pvInd_b
hr,2,h0086,0.378359172529718,scr2010,avaConv,pvInd_b
hr,2,h0087,0.3817374792454316,scr2010,avaConv,pvInd_b
hr,2,h0088,0.2571594692208435,scr2010,avaConv,pvInd_b
hr,2,h0089,0.12658212450893805,scr2010,avaConv,pvInd_b
hr,2,h0090,0.040104899621986684,scr2010,avaConv,pvInd_b
hr,2,h0091,0.004391427359750752,scr2010,avaConv,pvInd_b
hr,2,h0092,0.0,scr2010,avaConv,pvInd_b
hr,2,h0093,0.0,scr2010,avaConv,pvInd_b
hr,2,h0094,0.0,scr2010,avaConv,pvInd_b
hr,2,h0095,0.0,scr2010,avaConv,pvInd_b
hr,2,h0096,0.0,scr2010,avaConv,pvInd_b
hu,2,h0049,0.0,scr2010,avaConv,pvInd_b
hu,2,h0050,0.0,scr2010,avaConv,pvInd_b
hu,2,h0051,0.0,scr2010,avaConv,pvInd_b
hu,2,h0052,0.0,scr2010,avaConv,pvInd_b
hu,2,h0053,0.0,scr2010,avaConv,pvInd_b
hu,2,h0054,0.0,scr2010,avaConv,pvInd_b
hu,2,h0055,0.0,scr2010,avaConv,pvInd_b
hu,2,h0056,0.004168575571099237,scr2010,avaConv,pvInd_b
hu,2,h0057,0.022024498432797725,scr2010,avaConv,pvInd_b
hu,2,h0058,0.054859841090038795,scr2010,avaConv,pvInd_b
hu,2,h0059,0.09000914070399511,scr2010,avaConv,pvInd_b
hu,2,h0060,0.10848423121272002,scr2010,avaConv,pvInd_b
hu,2,h0061,0.25577272659980144,scr2010,avaConv,pvInd_b
hu,2,h0062,0.3720515247414253,scr2010,avaConv,pvInd_b
hu,2,h0063,0.44472672777460115,scr2010,avaConv,pvInd_b
hu,2,h0064,0.2968162405353183,scr2010,avaConv,pvInd_b
hu,2,h0065,0.13884830857653582,scr2010,avaConv,pvInd_b
hu,2,h0066,0.037171061826486954,scr2010,avaConv,pvInd_b
hu,2,h0067,0.0,scr2010,avaConv,pvInd_b
hu,2,h0068,0.0,scr2010,avaConv,pvInd_b
hu,2,h0069,0.0,scr2010,avaConv,pvInd_b
hu,2,h0070,0.0,scr2010,avaConv,pvInd_b
hu,2,h0071,0.0,scr2010,avaConv,pvInd_b
hu,2,h0072,0.0,scr2010,avaConv,pvInd_b
hu,2,h0073,0.0,scr2010,avaConv,pvInd_b
hu,2,h0074,0.0,scr2010,avaConv,pvInd_b
hu,2,h0075,0.0,scr2010,avaConv,pvInd_b
hu,2,h0076,0.0,scr2010,avaConv,pvInd_b
hu,2,h0077,0.0,scr2010,avaConv,pvInd_b
hu,2,h0078,0.0,scr2010,avaConv,pvInd_b
hu,2,h0079,0.0,scr2010,avaConv,pvInd_b
hu,2,h0080,0.008096983771494185,scr2010,avaConv,pvInd_b
hu,2,h0081,0.03883591823667204,scr2010,avaConv,pvInd_b
hu,2,h0082,0.09060873218346968,scr2010,avaConv,pvInd_b
hu,2,h0083,0.1439110268334511,scr2010,avaConv,pvInd_b
hu,2,h0084,0.17537652657378708,scr2010,avaConv,pvInd_b
hu,2,h0085,0.22549486100379454,scr2010,avaConv,pvInd_b
hu,2,h0086,0.25433253203903083,scr2010,avaConv,pvInd_b
hu,2,h0087,0.25290431969645266,scr2010,avaConv,pvInd_b
hu,2,h0088,0.17805442590006393,scr2010,avaConv,pvInd_b
hu,2,h0089,0.08522585699947348,scr2010,avaConv,pvInd_b
hu,2,h0090,0.024754425892792187,scr2010,avaConv,pvInd_b
hu,2,h0091,0.0,scr2010,avaConv,pvInd_b
hu,2,h0092,0.0,scr2010,avaConv,pvInd_b
hu,2,h0093,0.0,scr2010,avaConv,pvInd_b
hu,2,h0094,0.0,scr2010,avaConv,pvInd_b
hu,2,h0095,0.0,scr2010,avaConv,pvInd_b
hu,2,h0096,0.0,scr2010,avaConv,pvInd_b
ie,2,h0049,0.0,scr2010,avaConv,pvInd_b
ie,2,h0050,0.0,scr2010,avaConv,pvInd_b
ie,2,h0051,0.0,scr2010,avaConv,pvInd_b
ie,2,h0052,0.0,scr2010,avaConv,pvInd_b
ie,2,h0053,0.0,scr2010,avaConv,pvInd_b
ie,2,h0054,0.0,scr2010,avaConv,pvInd_b
ie,2,h0055,0.0,scr2010,avaConv,pvInd_b
ie,2,h0056,0.0,scr2010,avaConv,pvInd_b
ie,2,h0057,0.0,scr2010,avaConv,pvInd_b
ie,2,h0058,0.02924381775458687,scr2010,avaConv,pvInd_b
ie,2,h0059,0.1322115023607279,scr2010,avaConv,pvInd_b
ie,2,h0060,0.3188458301283179,scr2010,avaConv,pvInd_b
ie,2,h0061,0.3379067802759686,scr2010,avaConv,pvInd_b
ie,2,h0062,0.26863235151870934,scr2010,avaConv,pvInd_b
ie,2,h0063,0.1355019144323183,scr2010,avaConv,pvInd_b
ie,2,h0064,0.10281251398617094,scr2010,avaConv,pvInd_b
ie,2,h0065,0.0642214834980403,scr2010,avaConv,pvInd_b
ie,2,h0066,0.027864114944485992,scr2010,avaConv,pvInd_b
ie,2,h0067,0.0066359945474631764,scr2010,avaConv,pvInd_b
ie,2,h0068,0.0,scr2010,avaConv,pvInd_b
ie,2,h0069,0.0,scr2010,avaConv,pvInd_b
ie,2,h0070,0.0,scr2010,avaConv,pvInd_b
ie,2,h0071,0.0,scr2010,avaConv,pvInd_b
ie,2,h0072,0.0,scr2010,avaConv,pvInd_b
ie,2,h0073,0.0,scr2010,avaConv,pvInd_b
ie,2,h0074,0.0,scr2010,avaConv,pvInd_b
ie,2,h0075,0.0,scr2010,avaConv,pvInd_b
ie,2,h0076,0.0,scr2010,avaConv,pvInd_b
ie,2,h0077,0.0,scr2010,avaConv,pvInd_b
ie,2,h0078,0.0,scr2010,avaConv,pvInd_b
ie,2,h0079,0.0,scr2010,avaConv,pvInd_b
ie,2,h0080,0.0,scr2010,avaConv,pvInd_b
ie,2,h0081,0.0,scr2010,avaConv,pvInd_b
ie,2,h0082,0.03283019939832563,scr2010,avaConv,pvInd_b
ie,2,h0083,0.1414263825368343,scr2010,avaConv,pvInd_b
ie,2,h0084,0.3410213572839716,scr2010,avaConv,pvInd_b
ie,2,h0085,0.4419061246860468,scr2010,avaConv,pvInd_b
ie,2,h0086,0.4624412895479428,scr2010,avaConv,pvInd_b
ie,2,h0087,0.3841139029322602,scr2010,avaConv,pvInd_b
ie,2,h0088,0.3239525275835426,scr2010,avaConv,pvInd_b
ie,2,h0089,0.22035595071716105,scr2010,avaConv,pvInd_b
ie,2,h0090,0.11149558683728845,scr2010,avaConv,pvInd_b
ie,2,h0091,0.03541245775039031,scr2010,avaConv,pvInd_b
ie,2,h0092,0.004496565906249862,scr2010,avaConv,pvInd_b
ie,2,h0093,0.0,scr2010,avaConv,pvInd_b
ie,2,h0094,0.0,scr2010,avaConv,pvInd_b
ie,2,h0095,0.0,scr2010,avaConv,pvInd_b
ie,2,h0096,0.0,scr2010,avaConv,pvInd_b
it_s,2,h0049,0.0,scr2010,avaConv,pvInd_b
it_s,2,h0050,0.0,scr2010,avaConv,pvInd_b
it_s,2,h0051,0.0,scr2010,avaConv,pvInd_b
it_s,2,h0052,0.0,scr2010,avaConv,pvInd_b
it_s,2,h0053,0.0,scr2010,avaConv,pvInd_b
it_s,2,h0054,0.0,scr2010,avaConv,pvInd_b
it_s,2,h0055,0.0,scr2010,avaConv,pvInd_b
it_s,2,h0056,0.020511669513469586,scr2010,avaConv,pvInd_b
it_s,2,h0057,0.08424796919957209,scr2010,avaConv,pvInd_b
it_s,2,h0058,0.18657395516518707,scr2010,avaConv,pvInd_b
it_s,2,h0059,0.2797799153465048,scr2010,avaConv,pvInd_b
it_s,2,h0060,0.33630016124418044,scr2010,avaConv,pvInd_b
it_s,2,h0061,0.42661143356182135,scr2010,avaConv,pvInd_b
it_s,2,h0062,0.46739992825668997,scr2010,avaConv,pvInd_b
it_s,2,h0063,0.4531291747612972,scr2010,avaConv,pvInd_b
it_s,2,h0064,0.31106523471591224,scr2010,avaConv,pvInd_b
it_s,2,h0065,0.1491207410573559,scr2010,avaConv,pvInd_b
it_s,2,h0066,0.04335172909881847,scr2010,avaConv,pvInd_b
it_s,2,h0067,0.0,scr2010,avaConv,pvInd_b
it_s,2,h0068,0.0,scr2010,avaConv,pvInd_b
it_s,2,h0069,0.0,scr2010,avaConv,pvInd_b
it_s,2,h0070,0.0,scr2010,avaConv,pvInd_b
it_s,2,h0071,0.0,scr2010,avaConv,pvInd_b
it_s,2,h0072,0.0,scr2010,avaConv,pvInd_b
it_s,2,h0073,0.0,scr2010,avaConv,pvInd_b
it_s,2,h0074,0.0,scr2010,avaConv,pvInd_b
it_s,2,h0075,0.0,scr2010,avaConv,pvInd_b
it_s,2,h0076,0.0,scr2010,avaConv,pvInd_b
it_s,2,h0077,0.0,scr2010,avaConv,pvInd_b
it_s,2,h0078,0.0,scr2010,avaConv,pvInd_b
it_s,2,h0079,0.0,scr2010,avaConv,pvInd_b
it_s,2,h0080,0.02369372114616341,scr2010,avaConv,pvInd_b
it_s,2,h0081,0.08480494804675012,scr2010,avaConv,pvInd_b
it_s,2,h0082,0.18647107239732613,scr2010,avaConv,pvInd_b
it_s,2,h0083,0.27567037774138803,scr2010,avaConv,pvInd_b
it_s,2,h0084,0.31453003963318327,scr2010,avaConv,pvInd_b
it_s,2,h0085,0.3573946545519658,scr2010,avaConv,pvInd_b
it_s,2,h0086,0.3471244247827284,scr2010,avaConv,pvInd_b
it_s,2,h0087,0.3188061053850958,scr2010,avaConv,pvInd_b
it_s,2,h0088,0.21253033663963405,scr2010,avaConv,pvInd_b
it_s,2,h0089,0.1113453982180563,scr2010,avaConv,pvInd_b
it_s,2,h0090,0.038381330057633126,scr2010,avaConv,pvInd_b
it_s,2,h0091,0.005195200168743708,scr2010,avaConv,pvInd_b
it_s,2,h0092,0.0,scr2010,avaConv,pvInd_b
it_s,2,h0093,0.0,scr2010,avaConv,pvInd_b
it_s,2,h0094,0.0,scr2010,avaConv,pvInd_b
it_s,2,h0095,0.0,scr2010,avaConv,pvInd_b
it_s,2,h0096,0.0,scr2010,avaConv,pvInd_b
it_cn,2,h0049,0.0,scr2010,avaConv,pvInd_b
it_cn,2,h0050,0.0,scr2010,avaConv,pvInd_b
it_cn,2,h0051,0.0,scr2010,avaConv,pvInd_b
it_cn,2,h0052,0.0,scr2010,avaConv,pvInd_b
it_cn,2,h0053,0.0,scr2010,avaConv,pvInd_b
it_cn,2,h0054,0.0,scr2010,avaConv,pvInd_b
it_cn,2,h0055,0.0,scr2010,avaConv,pvInd_b
it_cn,2,h0056,0.0014358687550893407,scr2010,avaConv,pvInd_b
it_cn,2,h0057,0.017406809263488913,scr2010,avaConv,pvInd_b
it_cn,2,h0058,0.05420536567303605,scr2010,avaConv,pvInd_b
it_cn,2,h0059,0.11175430151104539,scr2010,avaConv,pvInd_b
it_cn,2,h0060,0.1753347558959852,scr2010,avaConv,pvInd_b
it_cn,2,h0061,0.37842136856858305,scr2010,avaConv,pvInd_b
it_cn,2,h0062,0.5472145697571175,scr2010,avaConv,pvInd_b
it_cn,2,h0063,0.6347992806438079,scr2010,avaConv,pvInd_b
it_cn,2,h0064,0.45997279906514615,scr2010,avaConv,pvInd_b
it_cn,2,h0065,0.2500097226949246,scr2010,avaConv,pvInd_b
it_cn,2,h0066,0.08806781984858464,scr2010,avaConv,pvInd_b
it_cn,2,h0067,0.014193869557455645,scr2010,avaConv,pvInd_b
it_cn,2,h0068,0.0,scr2010,avaConv,pvInd_b
it_cn,2,h0069,0.0,scr2010,avaConv,pvInd_b
it_cn,2,h0070,0.0,scr2010,avaConv,pvInd_b
it_cn,2,h0071,0.0,scr2010,avaConv,pvInd_b
it_cn,2,h0072,0.0,scr2010,avaConv,pvInd_b
it_cn,2,h0073,0.0,scr2010,avaConv,pvInd_b
it_cn,2,h0074,0.0,scr2010,avaConv,pvInd_b
it_cn,2,h0075,0.0,scr2010,avaConv,pvInd_b
it_cn,2,h0076,0.0,scr2010,avaConv,pvInd_b
it_cn,2,h0077,0.0,scr2010,avaConv,pvInd_b
it_cn,2,h0078,0.0,scr2010,avaConv,pvInd_b
it_cn,2,h0079,0.0,scr2010,avaConv,pvInd_b
it_cn,2,h0080,0.009016250860375987,scr2010,avaConv,pvInd_b
it_cn,2,h0081,0.04496538102023019,scr2010,avaConv,pvInd_b
it_cn,2,h0082,0.11221574342781383,scr2010,avaConv,pvInd_b
it_cn,2,h0083,0.1827916561632956,scr2010,avaConv,pvInd_b
it_cn,2,h0084,0.22546945612433575,scr2010,avaConv,pvInd_b
it_cn,2,h0085,0.3648358298091341,scr2010,avaConv,pvInd_b
it_cn,2,h0086,0.44828409377531087,scr2010,avaConv,pvInd_b
it_cn,2,h0087,0.47538958358129874,scr2010,avaConv,pvInd_b
it_cn,2,h0088,0.31162412106531806,scr2010,avaConv,pvInd_b
it_cn,2,h0089,0.16328796619094932,scr2010,avaConv,pvInd_b
it_cn,2,h0090,0.057983141289266536,scr2010,avaConv,pvInd_b
it_cn,2,h0091,0.011442715693631679,scr2010,avaConv,pvInd_b
it_cn,2,h0092,0.0,scr2010,avaConv,pvInd_b
it_cn,2,h0093,0.0,scr2010,avaConv,pvInd_b
it_cn,2,h0094,0.0,scr2010,avaConv,pvInd_b
it_cn,2,h0095,0.0,scr2010,avaConv,pvInd_b
it_cn,2,h0096,0.0,scr2010,avaConv,pvInd_b
it_cs,2,h0049,0.0,scr2010,avaConv,pvInd_b
it_cs,2,h0050,0.0,scr2010,avaConv,pvInd_b
it_cs,2,h0051,0.0,scr2010,avaConv,pvInd_b
it_cs,2,h0052,0.0,scr2010,avaConv,pvInd_b
it_cs,2,h0053,0.0,scr2010,avaConv,pvInd_b
it_cs,2,h0054,0.0,scr2010,avaConv,pvInd_b
it_cs,2,h0055,0.0,scr2010,avaConv,pvInd_b
it_cs,2,h0056,0.002182584031072673,scr2010,avaConv,pvInd_b
it_cs,2,h0057,0.018780330351535902,scr2010,avaConv,pvInd_b
it_cs,2,h0058,0.051889755293200904,scr2010,avaConv,pvInd_b
it_cs,2,h0059,0.10113780693430247,scr2010,avaConv,pvInd_b
it_cs,2,h0060,0.15512434666945313,scr2010,avaConv,pvInd_b
it_cs,2,h0061,0.34912910733217556,scr2010,avaConv,pvInd_b
it_cs,2,h0062,0.5103994892757777,scr2010,avaConv,pvInd_b
it_cs,2,h0063,0.5953465506936041,scr2010,avaConv,pvInd_b
it_cs,2,h0064,0.42991290677072097,scr2010,avaConv,pvInd_b
it_cs,2,h0065,0.2272595479285012,scr2010,avaConv,pvInd_b
it_cs,2,h0066,0.07759597791830429,scr2010,avaConv,pvInd_b
it_cs,2,h0067,0.009308282551175863,scr2010,avaConv,pvInd_b
it_cs,2,h0068,0.0,scr2010,avaConv,pvInd_b
it_cs,2,h0069,0.0,scr2010,avaConv,pvInd_b
it_cs,2,h0070,0.0,scr2010,avaConv,pvInd_b
it_cs,2,h0071,0.0,scr2010,avaConv,pvInd_b
it_cs,2,h0072,0.0,scr2010,avaConv,pvInd_b
it_cs,2,h0073,0.0,scr2010,avaConv,pvInd_b
it_cs,2,h0074,0.0,scr2010,avaConv,pvInd_b
it_cs,2,h0075,0.0,scr2010,avaConv,pvInd_b
it_cs,2,h0076,0.0,scr2010,avaConv,pvInd_b
it_cs,2,h0077,0.0,scr2010,avaConv,pvInd_b
it_cs,2,h0078,0.0,scr2010,avaConv,pvInd_b
it_cs,2,h0079,0.0,scr2010,avaConv,pvInd_b
it_cs,2,h0080,0.0030160953279224265,scr2010,avaConv,pvInd_b
it_cs,2,h0081,0.018681944004594705,scr2010,avaConv,pvInd_b
it_cs,2,h0082,0.05925728551896766,scr2010,avaConv,pvInd_b
it_cs,2,h0083,0.12487684456171717,scr2010,avaConv,pvInd_b
it_cs,2,h0084,0.19783383237967098,scr2010,avaConv,pvInd_b
it_cs,2,h0085,0.3030594970487642,scr2010,avaConv,pvInd_b
it_cs,2,h0086,0.3467167367950788,scr2010,avaConv,pvInd_b
it_cs,2,h0087,0.33485566357660296,scr2010,avaConv,pvInd_b
it_cs,2,h0088,0.22863114990398864,scr2010,avaConv,pvInd_b
it_cs,2,h0089,0.12727490663214733,scr2010,avaConv,pvInd_b
it_cs,2,h0090,0.04873912093950551,scr2010,avaConv,pvInd_b
it_cs,2,h0091,0.009568371551476683,scr2010,avaConv,pvInd_b
it_cs,2,h0092,0.0,scr2010,avaConv,pvInd_b
it_cs,2,h0093,0.0,scr2010,avaConv,pvInd_b
it_cs,2,h0094,0.0,scr2010,avaConv,pvInd_b
it_cs,2,h0095,0.0,scr2010,avaConv,pvInd_b
it_cs,2,h0096,0.0,scr2010,avaConv,pvInd_b
it_n,2,h0049,0.0,scr2010,avaConv,pvInd_b
it_n,2,h0050,0.0,scr2010,avaConv,pvInd_b
it_n,2,h0051,0.0,scr2010,avaConv,pvInd_b
it_n,2,h0052,0.0,scr2010,avaConv,pvInd_b
it_n,2,h0053,0.0,scr2010,avaConv,pvInd_b
it_n,2,h0054,0.0,scr2010,avaConv,pvInd_b
it_n,2,h0055,0.0,scr2010,avaConv,pvInd_b
it_n,2,h0056,0.0,scr2010,avaConv,pvInd_b
it_n,2,h0057,0.03177013643013757,scr2010,avaConv,pvInd_b
it_n,2,h0058,0.12587843962911585,scr2010,avaConv,pvInd_b
it_n,2,h0059,0.2864953020086182,scr2010,avaConv,pvInd_b
it_n,2,h0060,0.44336659086962843,scr2010,avaConv,pvInd_b
it_n,2,h0061,0.5853322251535706,scr2010,avaConv,pvInd_b
it_n,2,h0062,0.6265678102338821,scr2010,avaConv,pvInd_b
it_n,2,h0063,0.5642921667100624,scr2010,avaConv,pvInd_b
it_n,2,h0064,0.3927481800345647,scr2010,avaConv,pvInd_b
it_n,2,h0065,0.2134189837649176,scr2010,avaConv,pvInd_b
it_n,2,h0066,0.07857209991144175,scr2010,avaConv,pvInd_b
it_n,2,h0067,0.013912005369412674,scr2010,avaConv,pvInd_b
it_n,2,h0068,0.0,scr2010,avaConv,pvInd_b
it_n,2,h0069,0.0,scr2010,avaConv,pvInd_b
it_n,2,h0070,0.0,scr2010,avaConv,pvInd_b
it_n,2,h0071,0.0,scr2010,avaConv,pvInd_b
it_n,2,h0072,0.0,scr2010,avaConv,pvInd_b
it_n,2,h0073,0.0,scr2010,avaConv,pvInd_b
it_n,2,h0074,0.0,scr2010,avaConv,pvInd_b
it_n,2,h0075,0.0,scr2010,avaConv,pvInd_b
it_n,2,h0076,0.0,scr2010,avaConv,pvInd_b
it_n,2,h0077,0.0,scr2010,avaConv,pvInd_b
it_n,2,h0078,0.0,scr2010,avaConv,pvInd_b
it_n,2,h0079,0.0,scr2010,avaConv,pvInd_b
it_n,2,h0080,0.008926357917255257,scr2010,avaConv,pvInd_b
it_n,2,h0081,0.06138853249196132,scr2010,avaConv,pvInd_b
it_n,2,h0082,0.18653095294657746,scr2010,avaConv,pvInd_b
it_n,2,h0083,0.3602789992828992,scr2010,avaConv,pvInd_b
it_n,2,h0084,0.5097778516590857,scr2010,avaConv,pvInd_b
it_n,2,h0085,0.5293643936927843,scr2010,avaConv,pvInd_b
it_n,2,h0086,0.45564355693489766,scr2010,avaConv,pvInd_b
it_n,2,h0087,0.32660893123197493,scr2010,avaConv,pvInd_b
it_n,2,h0088,0.2196601673069342,scr2010,avaConv,pvInd_b
it_n,2,h0089,0.12066316826528964,scr2010,avaConv,pvInd_b
it_n,2,h0090,0.04511593052738702,scr2010,avaConv,pvInd_b
it_n,2,h0091,0.008876239711841732,scr2010,avaConv,pvInd_b
it_n,2,h0092,0.0,scr2010,avaConv,pvInd_b
it_n,2,h0093,0.0,scr2010,avaConv,pvInd_b
it_n,2,h0094,0.0,scr2010,avaConv,pvInd_b
it_n,2,h0095,0.0,scr2010,avaConv,pvInd_b
it_n,2,h0096,0.0,scr2010,avaConv,pvInd_b
it_sar,2,h0049,0.0,scr2010,avaConv,pvInd_b
it_sar,2,h0050,0.0,scr2010,avaConv,pvInd_b
it_sar,2,h0051,0.0,scr2010,avaConv,pvInd_b
it_sar,2,h0052,0.0,scr2010,avaConv,pvInd_b
it_sar,2,h0053,0.0,scr2010,avaConv,pvInd_b
it_sar,2,h0054,0.0,scr2010,avaConv,pvInd_b
it_sar,2,h0055,0.0,scr2010,avaConv,pvInd_b
it_sar,2,h0056,0.004138995498302778,scr2010,avaConv,pvInd_b
it_sar,2,h0057,0.03212846810358102,scr2010,avaConv,pvInd_b
it_sar,2,h0058,0.09519551425489019,scr2010,avaConv,pvInd_b
it_sar,2,h0059,0.18245267931453812,scr2010,avaConv,pvInd_b
it_sar,2,h0060,0.27282081001148256,scr2010,avaConv,pvInd_b
it_sar,2,h0061,0.3990285088796762,scr2010,avaConv,pvInd_b
it_sar,2,h0062,0.4728440873556236,scr2010,avaConv,pvInd_b
it_sar,2,h0063,0.47886990336531043,scr2010,avaConv,pvInd_b
it_sar,2,h0064,0.3577253675037793,scr2010,avaConv,pvInd_b
it_sar,2,h0065,0.21263221278845715,scr2010,avaConv,pvInd_b
it_sar,2,h0066,0.08400740149265686,scr2010,avaConv,pvInd_b
it_sar,2,h0067,0.016916360314283247,scr2010,avaConv,pvInd_b
it_sar,2,h0068,0.0,scr2010,avaConv,pvInd_b
it_sar,2,h0069,0.0,scr2010,avaConv,pvInd_b
it_sar,2,h0070,0.0,scr2010,avaConv,pvInd_b
it_sar,2,h0071,0.0,scr2010,avaConv,pvInd_b
it_sar,2,h0072,0.0,scr2010,avaConv,pvInd_b
it_sar,2,h0073,0.0,scr2010,avaConv,pvInd_b
it_sar,2,h0074,0.0,scr2010,avaConv,pvInd_b
it_sar,2,h0075,0.0,scr2010,avaConv,pvInd_b
it_sar,2,h0076,0.0,scr2010,avaConv,pvInd_b
it_sar,2,h0077,0.0,scr2010,avaConv,pvInd_b
it_sar,2,h0078,0.0,scr2010,avaConv,pvInd_b
it_sar,2,h0079,0.0,scr2010,avaConv,pvInd_b
it_sar,2,h0080,0.018023742069074953,scr2010,avaConv,pvInd_b
it_sar,2,h0081,0.09441574186445767,scr2010,avaConv,pvInd_b
it_sar,2,h0082,0.23429904215533603,scr2010,avaConv,pvInd_b
it_sar,2,h0083,0.36577762095247546,scr2010,avaConv,pvInd_b
it_sar,2,h0084,0.44634288828659013,scr2010,avaConv,pvInd_b
it_sar,2,h0085,0.47978836671361086,scr2010,avaConv,pvInd_b
it_sar,2,h0086,0.48929558530148515,scr2010,avaConv,pvInd_b
it_sar,2,h0087,0.4474201133690913,scr2010,avaConv,pvInd_b
it_sar,2,h0088,0.3469898928513818,scr2010,avaConv,pvInd_b
it_sar,2,h0089,0.2088452582595711,scr2010,avaConv,pvInd_b
it_sar,2,h0090,0.08546233130399018,scr2010,avaConv,pvInd_b
it_sar,2,h0091,0.018298117366357305,scr2010,avaConv,pvInd_b
it_sar,2,h0092,0.0,scr2010,avaConv,pvInd_b
it_sar,2,h0093,0.0,scr2010,avaConv,pvInd_b
it_sar,2,h0094,0.0,scr2010,avaConv,pvInd_b
it_sar,2,h0095,0.0,scr2010,avaConv,pvInd_b
it_sar,2,h0096,0.0,scr2010,avaConv,pvInd_b
it_sic,2,h0049,0.0,scr2010,avaConv,pvInd_b
it_sic,2,h0050,0.0,scr2010,avaConv,pvInd_b
it_sic,2,h0051,0.0,scr2010,avaConv,pvInd_b
it_sic,2,h0052,0.0,scr2010,avaConv,pvInd_b
it_sic,2,h0053,0.0,scr2010,avaConv,pvInd_b
it_sic,2,h0054,0.0,scr2010,avaConv,pvInd_b
it_sic,2,h0055,0.0,scr2010,avaConv,pvInd_b
it_sic,2,h0056,0.01095283538384743,scr2010,avaConv,pvInd_b
it_sic,2,h0057,0.051439037786582376,scr2010,avaConv,pvInd_b
it_sic,2,h0058,0.1298890708525028,scr2010,avaConv,pvInd_b
it_sic,2,h0059,0.21107828107558352,scr2010,avaConv,pvInd_b
it_sic,2,h0060,0.28364091366792576,scr2010,avaConv,pvInd_b
it_sic,2,h0061,0.3583196694920393,scr2010,avaConv,pvInd_b
it_sic,2,h0062,0.4045071346537064,scr2010,avaConv,pvInd_b
it_sic,2,h0063,0.3960388474164923,scr2010,avaConv,pvInd_b
it_sic,2,h0064,0.3008921509648372,scr2010,avaConv,pvInd_b
it_sic,2,h0065,0.17690411877683712,scr2010,avaConv,pvInd_b
it_sic,2,h0066,0.06950975502952401,scr2010,avaConv,pvInd_b
it_sic,2,h0067,0.013835274095865014,scr2010,avaConv,pvInd_b
it_sic,2,h0068,0.0,scr2010,avaConv,pvInd_b
it_sic,2,h0069,0.0,scr2010,avaConv,pvInd_b
it_sic,2,h0070,0.0,scr2010,avaConv,pvInd_b
it_sic,2,h0071,0.0,scr2010,avaConv,pvInd_b
it_sic,2,h0072,0.0,scr2010,avaConv,pvInd_b
it_sic,2,h0073,0.0,scr2010,avaConv,pvInd_b
it_sic,2,h0074,0.0,scr2010,avaConv,pvInd_b
it_sic,2,h0075,0.0,scr2010,avaConv,pvInd_b
it_sic,2,h0076,0.0,scr2010,avaConv,pvInd_b
it_sic,2,h0077,0.0,scr2010,avaConv,pvInd_b
it_sic,2,h0078,0.0,scr2010,avaConv,pvInd_b
it_sic,2,h0079,0.0,scr2010,avaConv,pvInd_b
it_sic,2,h0080,0.015144637655304799,scr2010,avaConv,pvInd_b
it_sic,2,h0081,0.07575782666028891,scr2010,avaConv,pvInd_b
it_sic,2,h0082,0.20063836756714762,scr2010,avaConv,pvInd_b
it_sic,2,h0083,0.35370289682596817,scr2010,avaConv,pvInd_b
it_sic,2,h0084,0.4789268028747114,scr2010,avaConv,pvInd_b
it_sic,2,h0085,0.5569247867460007,scr2010,avaConv,pvInd_b
it_sic,2,h0086,0.5454234444806113,scr2010,avaConv,pvInd_b
it_sic,2,h0087,0.4450095706192687,scr2010,avaConv,pvInd_b
it_sic,2,h0088,0.27396297761915656,scr2010,avaConv,pvInd_b
it_sic,2,h0089,0.12176257676233262,scr2010,avaConv,pvInd_b
it_sic,2,h0090,0.03484417754179942,scr2010,avaConv,pvInd_b
it_sic,2,h0091,0.004354611689867608,scr2010,avaConv,pvInd_b
it_sic,2,h0092,0.0,scr2010,avaConv,pvInd_b
it_sic,2,h0093,0.0,scr2010,avaConv,pvInd_b
it_sic,2,h0094,0.0,scr2010,avaConv,pvInd_b
it_sic,2,h0095,0.0,scr2010,avaConv,pvInd_b
it_sic,2,h0096,0.0,scr2010,avaConv,pvInd_b
lt,2,h0049,0.0,scr2010,avaConv,pvInd_b
lt,2,h0050,0.0,scr2010,avaConv,pvInd_b
lt,2,h0051,0.0,scr2010,avaConv,pvInd_b
lt,2,h0052,0.0,scr2010,avaConv,pvInd_b
lt,2,h0053,0.0,scr2010,avaConv,pvInd_b
lt,2,h0054,0.0,scr2010,avaConv,pvInd_b
lt,2,h0055,0.0,scr2010,avaConv,pvInd_b
lt,2,h0056,0.0005179018758817537,scr2010,avaConv,pvInd_b
lt,2,h0057,0.009727918247363592,scr2010,avaConv,pvInd_b
lt,2,h0058,0.02870952706069847,scr2010,avaConv,pvInd_b
lt,2,h0059,0.05220546764920086,scr2010,avaConv,pvInd_b
lt,2,h0060,0.062414350647742096,scr2010,avaConv,pvInd_b
lt,2,h0061,0.10130415029475247,scr2010,avaConv,pvInd_b
lt,2,h0062,0.10897784612737763,scr2010,avaConv,pvInd_b
lt,2,h0063,0.09705514332782433,scr2010,avaConv,pvInd_b
lt,2,h0064,0.03626081694941672,scr2010,avaConv,pvInd_b
lt,2,h0065,0.008287509729074431,scr2010,avaConv,pvInd_b
lt,2,h0066,0.0,scr2010,avaConv,pvInd_b
lt,2,h0067,0.0,scr2010,avaConv,pvInd_b
lt,2,h0068,0.0,scr2010,avaConv,pvInd_b
lt,2,h0069,0.0,scr2010,avaConv,pvInd_b
lt,2,h0070,0.0,scr2010,avaConv,pvInd_b
lt,2,h0071,0.0,scr2010,avaConv,pvInd_b
lt,2,h0072,0.0,scr2010,avaConv,pvInd_b
lt,2,h0073,0.0,scr2010,avaConv,pvInd_b
lt,2,h0074,0.0,scr2010,avaConv,pvInd_b
lt,2,h0075,0.0,scr2010,avaConv,pvInd_b
lt,2,h0076,0.0,scr2010,avaConv,pvInd_b
lt,2,h0077,0.0,scr2010,avaConv,pvInd_b
lt,2,h0078,0.0,scr2010,avaConv,pvInd_b
lt,2,h0079,0.0,scr2010,avaConv,pvInd_b
lt,2,h0080,0.0016483610609505717,scr2010,avaConv,pvInd_b
lt,2,h0081,0.011876835153466854,scr2010,avaConv,pvInd_b
lt,2,h0082,0.03056589868536114,scr2010,avaConv,pvInd_b
lt,2,h0083,0.050930675924979435,scr2010,avaConv,pvInd_b
lt,2,h0084,0.06344011515989427,scr2010,avaConv,pvInd_b
lt,2,h0085,0.0954156328459374,scr2010,avaConv,pvInd_b
lt,2,h0086,0.10847502545500581,scr2010,avaConv,pvInd_b
lt,2,h0087,0.09764478315223862,scr2010,avaConv,pvInd_b
lt,2,h0088,0.045530241931288934,scr2010,avaConv,pvInd_b
lt,2,h0089,0.012821764755732325,scr2010,avaConv,pvInd_b
lt,2,h0090,0.0008708037670249231,scr2010,avaConv,pvInd_b
lt,2,h0091,0.0,scr2010,avaConv,pvInd_b
lt,2,h0092,0.0,scr2010,avaConv,pvInd_b
lt,2,h0093,0.0,scr2010,avaConv,pvInd_b
lt,2,h0094,0.0,scr2010,avaConv,pvInd_b
lt,2,h0095,0.0,scr2010,avaConv,pvInd_b
lt,2,h0096,0.0,scr2010,avaConv,pvInd_b
lu,2,h0049,0.0,scr2010,avaConv,pvInd_b
lu,2,h0050,0.0,scr2010,avaConv,pvInd_b
lu,2,h0051,0.0,scr2010,avaConv,pvInd_b
lu,2,h0052,0.0,scr2010,avaConv,pvInd_b
lu,2,h0053,0.0,scr2010,avaConv,pvInd_b
lu,2,h0054,0.0,scr2010,avaConv,pvInd_b
lu,2,h0055,0.0,scr2010,avaConv,pvInd_b
lu,2,h0056,0.0,scr2010,avaConv,pvInd_b
lu,2,h0057,0.03514224355839263,scr2010,avaConv,pvInd_b
lu,2,h0058,0.12150415914505829,scr2010,avaConv,pvInd_b
lu,2,h0059,0.2536548643775036,scr2010,avaConv,pvInd_b
lu,2,h0060,0.38404091970244325,scr2010,avaConv,pvInd_b
lu,2,h0061,0.35393610084962795,scr2010,avaConv,pvInd_b
lu,2,h0062,0.2622509624856927,scr2010,avaConv,pvInd_b
lu,2,h0063,0.12221032801480217,scr2010,avaConv,pvInd_b
lu,2,h0064,0.07773663076825298,scr2010,avaConv,pvInd_b
lu,2,h0065,0.03748919472325171,scr2010,avaConv,pvInd_b
lu,2,h0066,0.011996140867088697,scr2010,avaConv,pvInd_b
lu,2,h0067,0.00021854119435708077,scr2010,avaConv,pvInd_b
lu,2,h0068,0.0,scr2010,avaConv,pvInd_b
lu,2,h0069,0.0,scr2010,avaConv,pvInd_b
lu,2,h0070,0.0,scr2010,avaConv,pvInd_b
lu,2,h0071,0.0,scr2010,avaConv,pvInd_b
lu,2,h0072,0.0,scr2010,avaConv,pvInd_b
lu,2,h0073,0.0,scr2010,avaConv,pvInd_b
lu,2,h0074,0.0,scr2010,avaConv,pvInd_b
lu,2,h0075,0.0,scr2010,avaConv,pvInd_b
lu,2,h0076,0.0,scr2010,avaConv,pvInd_b
lu,2,h0077,0.0,scr2010,avaConv,pvInd_b
lu,2,h0078,0.0,scr2010,avaConv,pvInd_b
lu,2,h0079,0.0,scr2010,avaConv,pvInd_b
lu,2,h0080,0.0,scr2010,avaConv,pvInd_b
lu,2,h0081,0.04388898084608773,scr2010,avaConv,pvInd_b
lu,2,h0082,0.14063434004098357,scr2010,avaConv,pvInd_b
lu,2,h0083,0.2944276490142709,scr2010,avaConv,pvInd_b
lu,2,h0084,0.4341466812060055,scr2010,avaConv,pvInd_b
lu,2,h0085,0.5184397742910115,scr2010,avaConv,pvInd_b
lu,2,h0086,0.498808178318676,scr2010,avaConv,pvInd_b
lu,2,h0087,0.3922699475131416,scr2010,avaConv,pvInd_b
lu,2,h0088,0.25754950049038067,scr2010,avaConv,pvInd_b
lu,2,h0089,0.14495375475120814,scr2010,avaConv,pvInd_b
lu,2,h0090,0.06789641934519668,scr2010,avaConv,pvInd_b
lu,2,h0091,0.021578303100759037,scr2010,avaConv,pvInd_b
lu,2,h0092,0.0,scr2010,avaConv,pvInd_b
lu,2,h0093,0.0,scr2010,avaConv,pvInd_b
lu,2,h0094,0.0,scr2010,avaConv,pvInd_b
lu,2,h0095,0.0,scr2010,avaConv,pvInd_b
lu,2,h0096,0.0,scr2010,avaConv,pvInd_b
lv,2,h0049,0.0,scr2010,avaConv,pvInd_b
lv,2,h0050,0.0,scr2010,avaConv,pvInd_b
lv,2,h0051,0.0,scr2010,avaConv,pvInd_b
lv,2,h0052,0.0,scr2010,avaConv,pvInd_b
lv,2,h0053,0.0,scr2010,avaConv,pvInd_b
lv,2,h0054,0.0,scr2010,avaConv,pvInd_b
lv,2,h0055,0.0,scr2010,avaConv,pvInd_b
lv,2,h0056,0.002375734101447452,scr2010,avaConv,pvInd_b
lv,2,h0057,0.03681176608552668,scr2010,avaConv,pvInd_b
lv,2,h0058,0.08940703466924176,scr2010,avaConv,pvInd_b
lv,2,h0059,0.13902113545127256,scr2010,avaConv,pvInd_b
lv,2,h0060,0.14514317669234997,scr2010,avaConv,pvInd_b
lv,2,h0061,0.23253569844527236,scr2010,avaConv,pvInd_b
lv,2,h0062,0.27645085476718234,scr2010,avaConv,pvInd_b
lv,2,h0063,0.26843488783397623,scr2010,avaConv,pvInd_b
lv,2,h0064,0.12361765429736685,scr2010,avaConv,pvInd_b
lv,2,h0065,0.032313451387286043,scr2010,avaConv,pvInd_b
lv,2,h0066,0.0,scr2010,avaConv,pvInd_b
lv,2,h0067,0.0,scr2010,avaConv,pvInd_b
lv,2,h0068,0.0,scr2010,avaConv,pvInd_b
lv,2,h0069,0.0,scr2010,avaConv,pvInd_b
lv,2,h0070,0.0,scr2010,avaConv,pvInd_b
lv,2,h0071,0.0,scr2010,avaConv,pvInd_b
lv,2,h0072,0.0,scr2010,avaConv,pvInd_b
lv,2,h0073,0.0,scr2010,avaConv,pvInd_b
lv,2,h0074,0.0,scr2010,avaConv,pvInd_b
lv,2,h0075,0.0,scr2010,avaConv,pvInd_b
lv,2,h0076,0.0,scr2010,avaConv,pvInd_b
lv,2,h0077,0.0,scr2010,avaConv,pvInd_b
lv,2,h0078,0.0,scr2010,avaConv,pvInd_b
lv,2,h0079,0.0,scr2010,avaConv,pvInd_b
lv,2,h0080,0.00351060454132957,scr2010,avaConv,pvInd_b
lv,2,h0081,0.01777059682568698,scr2010,avaConv,pvInd_b
lv,2,h0082,0.04446578007064363,scr2010,avaConv,pvInd_b
lv,2,h0083,0.07172150674190997,scr2010,avaConv,pvInd_b
lv,2,h0084,0.08802507092984257,scr2010,avaConv,pvInd_b
lv,2,h0085,0.14545215122224073,scr2010,avaConv,pvInd_b
lv,2,h0086,0.17600550089989522,scr2010,avaConv,pvInd_b
lv,2,h0087,0.1701793565959743,scr2010,avaConv,pvInd_b
lv,2,h0088,0.08321710291777411,scr2010,avaConv,pvInd_b
lv,2,h0089,0.0236000453547922,scr2010,avaConv,pvInd_b
lv,2,h0090,0.000264697504158947,scr2010,avaConv,pvInd_b
lv,2,h0091,0.0,scr2010,avaConv,pvInd_b
lv,2,h0092,0.0,scr2010,avaConv,pvInd_b
lv,2,h0093,0.0,scr2010,avaConv,pvInd_b
lv,2,h0094,0.0,scr2010,avaConv,pvInd_b
lv,2,h0095,0.0,scr2010,avaConv,pvInd_b
lv,2,h0096,0.0,scr2010,avaConv,pvInd_b
me,2,h0049,0.0,scr2010,avaConv,pvInd_b
me,2,h0050,0.0,scr2010,avaConv,pvInd_b
me,2,h0051,0.0,scr2010,avaConv,pvInd_b
me,2,h0052,0.0,scr2010,avaConv,pvInd_b
me,2,h0053,0.0,scr2010,avaConv,pvInd_b
me,2,h0054,0.0,scr2010,avaConv,pvInd_b
me,2,h0055,0.0,scr2010,avaConv,pvInd_b
me,2,h0056,0.004535894518050354,scr2010,avaConv,pvInd_b
me,2,h0057,0.02009848118525705,scr2010,avaConv,pvInd_b
me,2,h0058,0.06321849701933804,scr2010,avaConv,pvInd_b
me,2,h0059,0.1278909862479022,scr2010,avaConv,pvInd_b
me,2,h0060,0.16805112707006778,scr2010,avaConv,pvInd_b
me,2,h0061,0.3304464036868022,scr2010,avaConv,pvInd_b
me,2,h0062,0.43999854823483714,scr2010,avaConv,pvInd_b
me,2,h0063,0.5095651414493414,scr2010,avaConv,pvInd_b
me,2,h0064,0.33319142789735334,scr2010,avaConv,pvInd_b
me,2,h0065,0.14666418839339115,scr2010,avaConv,pvInd_b
me,2,h0066,0.03611475649430617,scr2010,avaConv,pvInd_b
me,2,h0067,0.0,scr2010,avaConv,pvInd_b
me,2,h0068,0.0,scr2010,avaConv,pvInd_b
me,2,h0069,0.0,scr2010,avaConv,pvInd_b
me,2,h0070,0.0,scr2010,avaConv,pvInd_b
me,2,h0071,0.0,scr2010,avaConv,pvInd_b
me,2,h0072,0.0,scr2010,avaConv,pvInd_b
me,2,h0073,0.0,scr2010,avaConv,pvInd_b
me,2,h0074,0.0,scr2010,avaConv,pvInd_b
me,2,h0075,0.0,scr2010,avaConv,pvInd_b
me,2,h0076,0.0,scr2010,avaConv,pvInd_b
me,2,h0077,0.0,scr2010,avaConv,pvInd_b
me,2,h0078,0.0,scr2010,avaConv,pvInd_b
me,2,h0079,0.0,scr2010,avaConv,pvInd_b
me,2,h0080,0.0059642281743626565,scr2010,avaConv,pvInd_b
me,2,h0081,0.019057169922809793,scr2010,avaConv,pvInd_b
me,2,h0082,0.03353941922733659,scr2010,avaConv,pvInd_b
me,2,h0083,0.03993823864691836,scr2010,avaConv,pvInd_b
me,2,h0084,0.0465930307885103,scr2010,avaConv,pvInd_b
me,2,h0085,0.14915080370744094,scr2010,avaConv,pvInd_b
me,2,h0086,0.22641295508576545,scr2010,avaConv,pvInd_b
me,2,h0087,0.26242676236153933,scr2010,avaConv,pvInd_b
me,2,h0088,0.15570908487854895,scr2010,avaConv,pvInd_b
me,2,h0089,0.06601821283900769,scr2010,avaConv,pvInd_b
me,2,h0090,0.01705973590204651,scr2010,avaConv,pvInd_b
me,2,h0091,0.0,scr2010,avaConv,pvInd_b
me,2,h0092,0.0,scr2010,avaConv,pvInd_b
me,2,h0093,0.0,scr2010,avaConv,pvInd_b
me,2,h0094,0.0,scr2010,avaConv,pvInd_b
me,2,h0095,0.0,scr2010,avaConv,pvInd_b
me,2,h0096,0.0,scr2010,avaConv,pvInd_b
mk,2,h0049,0.0,scr2010,avaConv,pvInd_b
mk,2,h0050,0.0,scr2010,avaConv,pvInd_b
mk,2,h0051,0.0,scr2010,avaConv,pvInd_b
mk,2,h0052,0.0,scr2010,avaConv,pvInd_b
mk,2,h0053,0.0,scr2010,avaConv,pvInd_b
mk,2,h0054,0.0,scr2010,avaConv,pvInd_b
mk,2,h0055,0.0,scr2010,avaConv,pvInd_b
mk,2,h0056,0.01183310900619064,scr2010,avaConv,pvInd_b
mk,2,h0057,0.04801315183099144,scr2010,avaConv,pvInd_b
mk,2,h0058,0.10572726575099935,scr2010,avaConv,pvInd_b
mk,2,h0059,0.1650492429413188,scr2010,avaConv,pvInd_b
mk,2,h0060,0.2117530019226372,scr2010,avaConv,pvInd_b
mk,2,h0061,0.3795238300619441,scr2010,avaConv,pvInd_b
mk,2,h0062,0.492211581870652,scr2010,avaConv,pvInd_b
mk,2,h0063,0.5278910712424559,scr2010,avaConv,pvInd_b
mk,2,h0064,0.33817250645479013,scr2010,avaConv,pvInd_b
mk,2,h0065,0.15107192892274696,scr2010,avaConv,pvInd_b
mk,2,h0066,0.037669105444803584,scr2010,avaConv,pvInd_b
mk,2,h0067,0.0,scr2010,avaConv,pvInd_b
mk,2,h0068,0.0,scr2010,avaConv,pvInd_b
mk,2,h0069,0.0,scr2010,avaConv,pvInd_b
mk,2,h0070,0.0,scr2010,avaConv,pvInd_b
mk,2,h0071,0.0,scr2010,avaConv,pvInd_b
mk,2,h0072,0.0,scr2010,avaConv,pvInd_b
mk,2,h0073,0.0,scr2010,avaConv,pvInd_b
mk,2,h0074,0.0,scr2010,avaConv,pvInd_b
mk,2,h0075,0.0,scr2010,avaConv,pvInd_b
mk,2,h0076,0.0,scr2010,avaConv,pvInd_b
mk,2,h0077,0.0,scr2010,avaConv,pvInd_b
mk,2,h0078,0.0,scr2010,avaConv,pvInd_b
mk,2,h0079,0.007156138418697634,scr2010,avaConv,pvInd_b
mk,2,h0080,0.04666103899102562,scr2010,avaConv,pvInd_b
mk,2,h0081,0.13420754614377814,scr2010,avaConv,pvInd_b
mk,2,h0082,0.24316967835077763,scr2010,avaConv,pvInd_b
mk,2,h0083,0.316839001067013,scr2010,avaConv,pvInd_b
mk,2,h0084,0.3421309057111769,scr2010,avaConv,pvInd_b
mk,2,h0085,0.39938385620327843,scr2010,avaConv,pvInd_b
mk,2,h0086,0.43266108813409204,scr2010,avaConv,pvInd_b
mk,2,h0087,0.43637098848924444,scr2010,avaConv,pvInd_b
mk,2,h0088,0.3120574648141534,scr2010,avaConv,pvInd_b
mk,2,h0089,0.15807945078318336,scr2010,avaConv,pvInd_b
mk,2,h0090,0.04441053791588502,scr2010,avaConv,pvInd_b
mk,2,h0091,0.0,scr2010,avaConv,pvInd_b
mk,2,h0092,0.0,scr2010,avaConv,pvInd_b
mk,2,h0093,0.0,scr2010,avaConv,pvInd_b
mk,2,h0094,0.0,scr2010,avaConv,pvInd_b
mk,2,h0095,0.0,scr2010,avaConv,pvInd_b
mk,2,h0096,0.0,scr2010,avaConv,pvInd_b
nl,2,h0049,0.0,scr2010,avaConv,pvInd_b
nl,2,h0050,0.0,scr2010,avaConv,pvInd_b
nl,2,h0051,0.0,scr2010,avaConv,pvInd_b
nl,2,h0052,0.0,scr2010,avaConv,pvInd_b
nl,2,h0053,0.0,scr2010,avaConv,pvInd_b
nl,2,h0054,0.0,scr2010,avaConv,pvInd_b
nl,2,h0055,0.0,scr2010,avaConv,pvInd_b
nl,2,h0056,0.0,scr2010,avaConv,pvInd_b
nl,2,h0057,0.026568944975880325,scr2010,avaConv,pvInd_b
nl,2,h0058,0.10959851311024658,scr2010,avaConv,pvInd_b
nl,2,h0059,0.23934171128191217,scr2010,avaConv,pvInd_b
nl,2,h0060,0.3395077128473926,scr2010,avaConv,pvInd_b
nl,2,h0061,0.261562529817948,scr2010,avaConv,pvInd_b
nl,2,h0062,0.14226555916445924,scr2010,avaConv,pvInd_b
nl,2,h0063,0.027621260133374716,scr2010,avaConv,pvInd_b
nl,2,h0064,0.01817380506684682,scr2010,avaConv,pvInd_b
nl,2,h0065,0.008333098760467342,scr2010,avaConv,pvInd_b
nl,2,h0066,0.001930732310568487,scr2010,avaConv,pvInd_b
nl,2,h0067,0.0,scr2010,avaConv,pvInd_b
nl,2,h0068,0.0,scr2010,avaConv,pvInd_b
nl,2,h0069,0.0,scr2010,avaConv,pvInd_b
nl,2,h0070,0.0,scr2010,avaConv,pvInd_b
nl,2,h0071,0.0,scr2010,avaConv,pvInd_b
nl,2,h0072,0.0,scr2010,avaConv,pvInd_b
nl,2,h0073,0.0,scr2010,avaConv,pvInd_b
nl,2,h0074,0.0,scr2010,avaConv,pvInd_b
nl,2,h0075,0.0,scr2010,avaConv,pvInd_b
nl,2,h0076,0.0,scr2010,avaConv,pvInd_b
nl,2,h0077,0.0,scr2010,avaConv,pvInd_b
nl,2,h0078,0.0,scr2010,avaConv,pvInd_b
nl,2,h0079,0.0,scr2010,avaConv,pvInd_b
nl,2,h0080,0.0,scr2010,avaConv,pvInd_b
nl,2,h0081,0.04260199083260881,scr2010,avaConv,pvInd_b
nl,2,h0082,0.14508548621788508,scr2010,avaConv,pvInd_b
nl,2,h0083,0.3027794168874717,scr2010,avaConv,pvInd_b
nl,2,h0084,0.45538884436574434,scr2010,avaConv,pvInd_b
nl,2,h0085,0.5495112573365717,scr2010,avaConv,pvInd_b
nl,2,h0086,0.5814045149116147,scr2010,avaConv,pvInd_b
nl,2,h0087,0.519101463107957,scr2010,avaConv,pvInd_b
nl,2,h0088,0.3719182936418322,scr2010,avaConv,pvInd_b
nl,2,h0089,0.18973249024001465,scr2010,avaConv,pvInd_b
nl,2,h0090,0.05602318865224548,scr2010,avaConv,pvInd_b
nl,2,h0091,0.006048184794002217,scr2010,avaConv,pvInd_b
nl,2,h0092,0.0,scr2010,avaConv,pvInd_b
nl,2,h0093,0.0,scr2010,avaConv,pvInd_b
nl,2,h0094,0.0,scr2010,avaConv,pvInd_b
nl,2,h0095,0.0,scr2010,avaConv,pvInd_b
nl,2,h0096,0.0,scr2010,avaConv,pvInd_b
no_m,2,h0049,0.0,scr2010,avaConv,pvInd_b
no_m,2,h0050,0.0,scr2010,avaConv,pvInd_b
no_m,2,h0051,0.0,scr2010,avaConv,pvInd_b
no_m,2,h0052,0.0,scr2010,avaConv,pvInd_b
no_m,2,h0053,0.0,scr2010,avaConv,pvInd_b
no_m,2,h0054,0.0,scr2010,avaConv,pvInd_b
no_m,2,h0055,0.0,scr2010,avaConv,pvInd_b
no_m,2,h0056,0.0,scr2010,avaConv,pvInd_b
no_m,2,h0057,0.0,scr2010,avaConv,pvInd_b
no_m,2,h0058,0.01417799752938425,scr2010,avaConv,pvInd_b
no_m,2,h0059,0.06402322327844556,scr2010,avaConv,pvInd_b
no_m,2,h0060,0.1461479076567028,scr2010,avaConv,pvInd_b
no_m,2,h0061,0.30816495011075146,scr2010,avaConv,pvInd_b
no_m,2,h0062,0.4081816736480865,scr2010,avaConv,pvInd_b
no_m,2,h0063,0.4172728471131156,scr2010,avaConv,pvInd_b
no_m,2,h0064,0.23508325283500137,scr2010,avaConv,pvInd_b
no_m,2,h0065,0.0855790959344048,scr2010,avaConv,pvInd_b
no_m,2,h0066,0.0,scr2010,avaConv,pvInd_b
no_m,2,h0067,0.0,scr2010,avaConv,pvInd_b
no_m,2,h0068,0.0,scr2010,avaConv,pvInd_b
no_m,2,h0069,0.0,scr2010,avaConv,pvInd_b
no_m,2,h0070,0.0,scr2010,avaConv,pvInd_b
no_m,2,h0071,0.0,scr2010,avaConv,pvInd_b
no_m,2,h0072,0.0,scr2010,avaConv,pvInd_b
no_m,2,h0073,0.0,scr2010,avaConv,pvInd_b
no_m,2,h0074,0.0,scr2010,avaConv,pvInd_b
no_m,2,h0075,0.0,scr2010,avaConv,pvInd_b
no_m,2,h0076,0.0,scr2010,avaConv,pvInd_b
no_m,2,h0077,0.0,scr2010,avaConv,pvInd_b
no_m,2,h0078,0.0,scr2010,avaConv,pvInd_b
no_m,2,h0079,0.0,scr2010,avaConv,pvInd_b
no_m,2,h0080,0.0,scr2010,avaConv,pvInd_b
no_m,2,h0081,0.0006592890641120934,scr2010,avaConv,pvInd_b
no_m,2,h0082,0.016653043516052204,scr2010,avaConv,pvInd_b
no_m,2,h0083,0.056201601509353785,scr2010,avaConv,pvInd_b
no_m,2,h0084,0.11667151445404014,scr2010,avaConv,pvInd_b
no_m,2,h0085,0.22101870974688115,scr2010,avaConv,pvInd_b
no_m,2,h0086,0.290025956890845,scr2010,avaConv,pvInd_b
no_m,2,h0087,0.3085318942834966,scr2010,avaConv,pvInd_b
no_m,2,h0088,0.221375636404254,scr2010,avaConv,pvInd_b
no_m,2,h0089,0.1112263413222194,scr2010,avaConv,pvInd_b
no_m,2,h0090,0.0332584785957639,scr2010,avaConv,pvInd_b
no_m,2,h0091,0.0,scr2010,avaConv,pvInd_b
no_m,2,h0092,0.0,scr2010,avaConv,pvInd_b
no_m,2,h0093,0.0,scr2010,avaConv,pvInd_b
no_m,2,h0094,0.0,scr2010,avaConv,pvInd_b
no_m,2,h0095,0.0,scr2010,avaConv,pvInd_b
no_m,2,h0096,0.0,scr2010,avaConv,pvInd_b
no_n,2,h0049,0.0,scr2010,avaConv,pvInd_b
no_n,2,h0050,0.0,scr2010,avaConv,pvInd_b
no_n,2,h0051,0.0,scr2010,avaConv,pvInd_b
no_n,2,h0052,0.0,scr2010,avaConv,pvInd_b
no_n,2,h0053,0.0,scr2010,avaConv,pvInd_b
no_n,2,h0054,0.0,scr2010,avaConv,pvInd_b
no_n,2,h0055,0.0,scr2010,avaConv,pvInd_b
no_n,2,h0056,0.0,scr2010,avaConv,pvInd_b
no_n,2,h0057,0.0,scr2010,avaConv,pvInd_b
no_n,2,h0058,0.004253005490887853,scr2010,avaConv,pvInd_b
no_n,2,h0059,0.028133746964958,scr2010,avaConv,pvInd_b
no_n,2,h0060,0.06956462473775542,scr2010,avaConv,pvInd_b
no_n,2,h0061,0.09354856028209722,scr2010,avaConv,pvInd_b
no_n,2,h0062,0.07986415872945121,scr2010,avaConv,pvInd_b
no_n,2,h0063,0.042498626027191955,scr2010,avaConv,pvInd_b
no_n,2,h0064,0.015436441445710958,scr2010,avaConv,pvInd_b
no_n,2,h0065,0.0026261721803122985,scr2010,avaConv,pvInd_b
no_n,2,h0066,0.0,scr2010,avaConv,pvInd_b
no_n,2,h0067,0.0,scr2010,avaConv,pvInd_b
no_n,2,h0068,0.0,scr2010,avaConv,pvInd_b
no_n,2,h0069,0.0,scr2010,avaConv,pvInd_b
no_n,2,h0070,0.0,scr2010,avaConv,pvInd_b
no_n,2,h0071,0.0,scr2010,avaConv,pvInd_b
no_n,2,h0072,0.0,scr2010,avaConv,pvInd_b
no_n,2,h0073,0.0,scr2010,avaConv,pvInd_b
no_n,2,h0074,0.0,scr2010,avaConv,pvInd_b
no_n,2,h0075,0.0,scr2010,avaConv,pvInd_b
no_n,2,h0076,0.0,scr2010,avaConv,pvInd_b
no_n,2,h0077,0.0,scr2010,avaConv,pvInd_b
no_n,2,h0078,0.0,scr2010,avaConv,pvInd_b
no_n,2,h0079,0.0,scr2010,avaConv,pvInd_b
no_n,2,h0080,0.0,scr2010,avaConv,pvInd_b
no_n,2,h0081,0.0005755190542361607,scr2010,avaConv,pvInd_b
no_n,2,h0082,0.01534248241271383,scr2010,avaConv,pvInd_b
no_n,2,h0083,0.04336183354400882,scr2010,avaConv,pvInd_b
no_n,2,h0084,0.07420912598453361,scr2010,avaConv,pvInd_b
no_n,2,h0085,0.1354389491927979,scr2010,avaConv,pvInd_b
no_n,2,h0086,0.16150729575729644,scr2010,avaConv,pvInd_b
no_n,2,h0087,0.1504894585699116,scr2010,avaConv,pvInd_b
no_n,2,h0088,0.06716672944348911,scr2010,avaConv,pvInd_b
no_n,2,h0089,0.017262476432946355,scr2010,avaConv,pvInd_b
no_n,2,h0090,0.001491758890786556,scr2010,avaConv,pvInd_b
no_n,2,h0091,0.0,scr2010,avaConv,pvInd_b
no_n,2,h0092,0.0,scr2010,avaConv,pvInd_b
no_n,2,h0093,0.0,scr2010,avaConv,pvInd_b
no_n,2,h0094,0.0,scr2010,avaConv,pvInd_b
no_n,2,h0095,0.0,scr2010,avaConv,pvInd_b
no_n,2,h0096,0.0,scr2010,avaConv,pvInd_b
no_s,2,h0049,0.0,scr2010,avaConv,pvInd_b
no_s,2,h0050,0.0,scr2010,avaConv,pvInd_b
no_s,2,h0051,0.0,scr2010,avaConv,pvInd_b
no_s,2,h0052,0.0,scr2010,avaConv,pvInd_b
no_s,2,h0053,0.0,scr2010,avaConv,pvInd_b
no_s,2,h0054,0.0,scr2010,avaConv,pvInd_b
no_s,2,h0055,0.0,scr2010,avaConv,pvInd_b
no_s,2,h0056,0.0,scr2010,avaConv,pvInd_b
no_s,2,h0057,0.0,scr2010,avaConv,pvInd_b
no_s,2,h0058,0.016083728050139075,scr2010,avaConv,pvInd_b
no_s,2,h0059,0.047326869319749734,scr2010,avaConv,pvInd_b
no_s,2,h0060,0.08347395922109052,scr2010,avaConv,pvInd_b
no_s,2,h0061,0.11455299133788056,scr2010,avaConv,pvInd_b
no_s,2,h0062,0.13147528271948467,scr2010,avaConv,pvInd_b
no_s,2,h0063,0.12879281336269185,scr2010,avaConv,pvInd_b
no_s,2,h0064,0.07798087247173699,scr2010,avaConv,pvInd_b
no_s,2,h0065,0.029325937551021426,scr2010,avaConv,pvInd_b
no_s,2,h0066,0.002390594852082213,scr2010,avaConv,pvInd_b
no_s,2,h0067,0.0,scr2010,avaConv,pvInd_b
no_s,2,h0068,0.0,scr2010,avaConv,pvInd_b
no_s,2,h0069,0.0,scr2010,avaConv,pvInd_b
no_s,2,h0070,0.0,scr2010,avaConv,pvInd_b
no_s,2,h0071,0.0,scr2010,avaConv,pvInd_b
no_s,2,h0072,0.0,scr2010,avaConv,pvInd_b
no_s,2,h0073,0.0,scr2010,avaConv,pvInd_b
no_s,2,h0074,0.0,scr2010,avaConv,pvInd_b
no_s,2,h0075,0.0,scr2010,avaConv,pvInd_b
no_s,2,h0076,0.0,scr2010,avaConv,pvInd_b
no_s,2,h0077,0.0,scr2010,avaConv,pvInd_b
no_s,2,h0078,0.0,scr2010,avaConv,pvInd_b
no_s,2,h0079,0.0,scr2010,avaConv,pvInd_b
no_s,2,h0080,0.0,scr2010,avaConv,pvInd_b
no_s,2,h0081,0.03554135451334989,scr2010,avaConv,pvInd_b
no_s,2,h0082,0.14424457033917884,scr2010,avaConv,pvInd_b
no_s,2,h0083,0.32274725085486455,scr2010,avaConv,pvInd_b
no_s,2,h0084,0.4902183397259819,scr2010,avaConv,pvInd_b
no_s,2,h0085,0.44136540635107546,scr2010,avaConv,pvInd_b
no_s,2,h0086,0.3355625484740813,scr2010,avaConv,pvInd_b
no_s,2,h0087,0.18811369154038904,scr2010,avaConv,pvInd_b
no_s,2,h0088,0.14158938365112902,scr2010,avaConv,pvInd_b
no_s,2,h0089,0.06964938577052897,scr2010,avaConv,pvInd_b
no_s,2,h0090,0.01973792226743564,scr2010,avaConv,pvInd_b
no_s,2,h0091,0.0,scr2010,avaConv,pvInd_b
no_s,2,h0092,0.0,scr2010,avaConv,pvInd_b
no_s,2,h0093,0.0,scr2010,avaConv,pvInd_b
no_s,2,h0094,0.0,scr2010,avaConv,pvInd_b
no_s,2,h0095,0.0,scr2010,avaConv,pvInd_b
no_s,2,h0096,0.0,scr2010,avaConv,pvInd_b
pl,2,h0049,0.0,scr2010,avaConv,pvInd_b
pl,2,h0050,0.0,scr2010,avaConv,pvInd_b
pl,2,h0051,0.0,scr2010,avaConv,pvInd_b
pl,2,h0052,0.0,scr2010,avaConv,pvInd_b
pl,2,h0053,0.0,scr2010,avaConv,pvInd_b
pl,2,h0054,0.0,scr2010,avaConv,pvInd_b
pl,2,h0055,0.0,scr2010,avaConv,pvInd_b
pl,2,h0056,0.0020621826110947187,scr2010,avaConv,pvInd_b
pl,2,h0057,0.02619425027640035,scr2010,avaConv,pvInd_b
pl,2,h0058,0.08493289848592128,scr2010,avaConv,pvInd_b
pl,2,h0059,0.17798972202238358,scr2010,avaConv,pvInd_b
pl,2,h0060,0.2716061703286955,scr2010,avaConv,pvInd_b
pl,2,h0061,0.3133743031554609,scr2010,avaConv,pvInd_b
pl,2,h0062,0.3095086283701883,scr2010,avaConv,pvInd_b
pl,2,h0063,0.24666652825874347,scr2010,avaConv,pvInd_b
pl,2,h0064,0.16186176819092638,scr2010,avaConv,pvInd_b
pl,2,h0065,0.07038927306326662,scr2010,avaConv,pvInd_b
pl,2,h0066,0.015933684224187665,scr2010,avaConv,pvInd_b
pl,2,h0067,0.0,scr2010,avaConv,pvInd_b
pl,2,h0068,0.0,scr2010,avaConv,pvInd_b
pl,2,h0069,0.0,scr2010,avaConv,pvInd_b
pl,2,h0070,0.0,scr2010,avaConv,pvInd_b
pl,2,h0071,0.0,scr2010,avaConv,pvInd_b
pl,2,h0072,0.0,scr2010,avaConv,pvInd_b
pl,2,h0073,0.0,scr2010,avaConv,pvInd_b
pl,2,h0074,0.0,scr2010,avaConv,pvInd_b
pl,2,h0075,0.0,scr2010,avaConv,pvInd_b
pl,2,h0076,0.0,scr2010,avaConv,pvInd_b
pl,2,h0077,0.0,scr2010,avaConv,pvInd_b
pl,2,h0078,0.0,scr2010,avaConv,pvInd_b
pl,2,h0079,0.0,scr2010,avaConv,pvInd_b
pl,2,h0080,0.008310040873982629,scr2010,avaConv,pvInd_b
pl,2,h0081,0.036314317517717756,scr2010,avaConv,pvInd_b
pl,2,h0082,0.08489709810951115,scr2010,avaConv,pvInd_b
pl,2,h0083,0.1460291632149258,scr2010,avaConv,pvInd_b
pl,2,h0084,0.19842853234668992,scr2010,avaConv,pvInd_b
pl,2,h0085,0.23314105004529442,scr2010,avaConv,pvInd_b
pl,2,h0086,0.228295708972694,scr2010,avaConv,pvInd_b
pl,2,h0087,0.18610502097496387,scr2010,avaConv,pvInd_b
pl,2,h0088,0.1179502038265614,scr2010,avaConv,pvInd_b
pl,2,h0089,0.05243309884025213,scr2010,avaConv,pvInd_b
pl,2,h0090,0.014090883349024882,scr2010,avaConv,pvInd_b
pl,2,h0091,0.0,scr2010,avaConv,pvInd_b
pl,2,h0092,0.0,scr2010,avaConv,pvInd_b
pl,2,h0093,0.0,scr2010,avaConv,pvInd_b
pl,2,h0094,0.0,scr2010,avaConv,pvInd_b
pl,2,h0095,0.0,scr2010,avaConv,pvInd_b
pl,2,h0096,0.0,scr2010,avaConv,pvInd_b
pt,2,h0049,0.0,scr2010,avaConv,pvInd_b
pt,2,h0050,0.0,scr2010,avaConv,pvInd_b
pt,2,h0051,0.0,scr2010,avaConv,pvInd_b
pt,2,h0052,0.0,scr2010,avaConv,pvInd_b
pt,2,h0053,0.0,scr2010,avaConv,pvInd_b
pt,2,h0054,0.0,scr2010,avaConv,pvInd_b
pt,2,h0055,0.0,scr2010,avaConv,pvInd_b
pt,2,h0056,0.0,scr2010,avaConv,pvInd_b
pt,2,h0057,0.008808658606675937,scr2010,avaConv,pvInd_b
pt,2,h0058,0.07361933125511612,scr2010,avaConv,pvInd_b
pt,2,h0059,0.20988349916802412,scr2010,avaConv,pvInd_b
pt,2,h0060,0.3884591884372747,scr2010,avaConv,pvInd_b
pt,2,h0061,0.5480432900610352,scr2010,avaConv,pvInd_b
pt,2,h0062,0.6447027661922532,scr2010,avaConv,pvInd_b
pt,2,h0063,0.6743154551253345,scr2010,avaConv,pvInd_b
pt,2,h0064,0.6190565533295371,scr2010,avaConv,pvInd_b
pt,2,h0065,0.49736658321041205,scr2010,avaConv,pvInd_b
pt,2,h0066,0.3232015091502807,scr2010,avaConv,pvInd_b
pt,2,h0067,0.1446876980956597,scr2010,avaConv,pvInd_b
pt,2,h0068,0.03651766280965177,scr2010,avaConv,pvInd_b
pt,2,h0069,0.0,scr2010,avaConv,pvInd_b
pt,2,h0070,0.0,scr2010,avaConv,pvInd_b
pt,2,h0071,0.0,scr2010,avaConv,pvInd_b
pt,2,h0072,0.0,scr2010,avaConv,pvInd_b
pt,2,h0073,0.0,scr2010,avaConv,pvInd_b
pt,2,h0074,0.0,scr2010,avaConv,pvInd_b
pt,2,h0075,0.0,scr2010,avaConv,pvInd_b
pt,2,h0076,0.0,scr2010,avaConv,pvInd_b
pt,2,h0077,0.0,scr2010,avaConv,pvInd_b
pt,2,h0078,0.0,scr2010,avaConv,pvInd_b
pt,2,h0079,0.0,scr2010,avaConv,pvInd_b
pt,2,h0080,0.0,scr2010,avaConv,pvInd_b
pt,2,h0081,0.0021456256266352645,scr2010,avaConv,pvInd_b
pt,2,h0082,0.01283512101495481,scr2010,avaConv,pvInd_b
pt,2,h0083,0.03535991563720464,scr2010,avaConv,pvInd_b
pt,2,h0084,0.06949314075285243,scr2010,avaConv,pvInd_b
pt,2,h0085,0.12984044791922678,scr2010,avaConv,pvInd_b
pt,2,h0086,0.17922517960703863,scr2010,avaConv,pvInd_b
pt,2,h0087,0.19443511935750893,scr2010,avaConv,pvInd_b
pt,2,h0088,0.16096124891180505,scr2010,avaConv,pvInd_b
pt,2,h0089,0.1151112761785112,scr2010,avaConv,pvInd_b
pt,2,h0090,0.07495910625993457,scr2010,avaConv,pvInd_b
pt,2,h0091,0.034184844828045534,scr2010,avaConv,pvInd_b
pt,2,h0092,0.00966836567680858,scr2010,avaConv,pvInd_b
pt,2,h0093,0.0,scr2010,avaConv,pvInd_b
pt,2,h0094,0.0,scr2010,avaConv,pvInd_b
pt,2,h0095,0.0,scr2010,avaConv,pvInd_b
pt,2,h0096,0.0,scr2010,avaConv,pvInd_b
ro,2,h0049,0.0,scr2010,avaConv,pvInd_b
ro,2,h0050,0.0,scr2010,avaConv,pvInd_b
ro,2,h0051,0.0,scr2010,avaConv,pvInd_b
ro,2,h0052,0.0,scr2010,avaConv,pvInd_b
ro,2,h0053,0.0,scr2010,avaConv,pvInd_b
ro,2,h0054,0.0,scr2010,avaConv,pvInd_b
ro,2,h0055,0.0017494678167017602,scr2010,avaConv,pvInd_b
ro,2,h0056,0.044295693246443196,scr2010,avaConv,pvInd_b
ro,2,h0057,0.14686557639460546,scr2010,avaConv,pvInd_b
ro,2,h0058,0.3014670617492606,scr2010,avaConv,pvInd_b
ro,2,h0059,0.4216651865730563,scr2010,avaConv,pvInd_b
ro,2,h0060,0.4690974423561523,scr2010,avaConv,pvInd_b
ro,2,h0061,0.4704859519787024,scr2010,avaConv,pvInd_b
ro,2,h0062,0.4191384996401645,scr2010,avaConv,pvInd_b
ro,2,h0063,0.33048920916546914,scr2010,avaConv,pvInd_b
ro,2,h0064,0.19473898424754807,scr2010,avaConv,pvInd_b
ro,2,h0065,0.07904985228971703,scr2010,avaConv,pvInd_b
ro,2,h0066,0.017506624023077864,scr2010,avaConv,pvInd_b
ro,2,h0067,0.0,scr2010,avaConv,pvInd_b
ro,2,h0068,0.0,scr2010,avaConv,pvInd_b
ro,2,h0069,0.0,scr2010,avaConv,pvInd_b
ro,2,h0070,0.0,scr2010,avaConv,pvInd_b
ro,2,h0071,0.0,scr2010,avaConv,pvInd_b
ro,2,h0072,0.0,scr2010,avaConv,pvInd_b
ro,2,h0073,0.0,scr2010,avaConv,pvInd_b
ro,2,h0074,0.0,scr2010,avaConv,pvInd_b
ro,2,h0075,0.0,scr2010,avaConv,pvInd_b
ro,2,h0076,0.0,scr2010,avaConv,pvInd_b
ro,2,h0077,0.0,scr2010,avaConv,pvInd_b
ro,2,h0078,0.0,scr2010,avaConv,pvInd_b
ro,2,h0079,0.00215476880973025,scr2010,avaConv,pvInd_b
ro,2,h0080,0.021714424251353524,scr2010,avaConv,pvInd_b
ro,2,h0081,0.06710240644590525,scr2010,avaConv,pvInd_b
ro,2,h0082,0.1301240450239225,scr2010,avaConv,pvInd_b
ro,2,h0083,0.1885125758754015,scr2010,avaConv,pvInd_b
ro,2,h0084,0.23167238665605014,scr2010,avaConv,pvInd_b
ro,2,h0085,0.2193231430609404,scr2010,avaConv,pvInd_b
ro,2,h0086,0.1831874350165973,scr2010,avaConv,pvInd_b
ro,2,h0087,0.12651206745782126,scr2010,avaConv,pvInd_b
ro,2,h0088,0.08631269952845898,scr2010,avaConv,pvInd_b
ro,2,h0089,0.04148968106571454,scr2010,avaConv,pvInd_b
ro,2,h0090,0.01095779434120195,scr2010,avaConv,pvInd_b
ro,2,h0091,0.0,scr2010,avaConv,pvInd_b
ro,2,h0092,0.0,scr2010,avaConv,pvInd_b
ro,2,h0093,0.0,scr2010,avaConv,pvInd_b
ro,2,h0094,0.0,scr2010,avaConv,pvInd_b
ro,2,h0095,0.0,scr2010,avaConv,pvInd_b
ro,2,h0096,0.0,scr2010,avaConv,pvInd_b
rs,2,h0049,0.0,scr2010,avaConv,pvInd_b
rs,2,h0050,0.0,scr2010,avaConv,pvInd_b
rs,2,h0051,0.0,scr2010,avaConv,pvInd_b
rs,2,h0052,0.0,scr2010,avaConv,pvInd_b
rs,2,h0053,0.0,scr2010,avaConv,pvInd_b
rs,2,h0054,0.0,scr2010,avaConv,pvInd_b
rs,2,h0055,0.0,scr2010,avaConv,pvInd_b
rs,2,h0056,0.02488819937826406,scr2010,avaConv,pvInd_b
rs,2,h0057,0.09369090380596065,scr2010,avaConv,pvInd_b
rs,2,h0058,0.2065557211894438,scr2010,avaConv,pvInd_b
rs,2,h0059,0.30868332775878315,scr2010,avaConv,pvInd_b
rs,2,h0060,0.3743805803045834,scr2010,avaConv,pvInd_b
rs,2,h0061,0.4375816855686602,scr2010,avaConv,pvInd_b
rs,2,h0062,0.44262727388657436,scr2010,avaConv,pvInd_b
rs,2,h0063,0.38557510123787625,scr2010,avaConv,pvInd_b
rs,2,h0064,0.24159477550190017,scr2010,avaConv,pvInd_b
rs,2,h0065,0.10374099301377465,scr2010,avaConv,pvInd_b
rs,2,h0066,0.026133476069011508,scr2010,avaConv,pvInd_b
rs,2,h0067,0.0,scr2010,avaConv,pvInd_b
rs,2,h0068,0.0,scr2010,avaConv,pvInd_b
rs,2,h0069,0.0,scr2010,avaConv,pvInd_b
rs,2,h0070,0.0,scr2010,avaConv,pvInd_b
rs,2,h0071,0.0,scr2010,avaConv,pvInd_b
rs,2,h0072,0.0,scr2010,avaConv,pvInd_b
rs,2,h0073,0.0,scr2010,avaConv,pvInd_b
rs,2,h0074,0.0,scr2010,avaConv,pvInd_b
rs,2,h0075,0.0,scr2010,avaConv,pvInd_b
rs,2,h0076,0.0,scr2010,avaConv,pvInd_b
rs,2,h0077,0.0,scr2010,avaConv,pvInd_b
rs,2,h0078,0.0,scr2010,avaConv,pvInd_b
rs,2,h0079,0.0012813278405528702,scr2010,avaConv,pvInd_b
rs,2,h0080,0.02355334122200156,scr2010,avaConv,pvInd_b
rs,2,h0081,0.08562952399779365,scr2010,avaConv,pvInd_b
rs,2,h0082,0.18215409957805062,scr2010,avaConv,pvInd_b
rs,2,h0083,0.27141987706068293,scr2010,avaConv,pvInd_b
rs,2,h0084,0.3151146747867609,scr2010,avaConv,pvInd_b
rs,2,h0085,0.34361823168226746,scr2010,avaConv,pvInd_b
rs,2,h0086,0.3230594837231536,scr2010,avaConv,pvInd_b
rs,2,h0087,0.2733663941198499,scr2010,avaConv,pvInd_b
rs,2,h0088,0.17386816246061634,scr2010,avaConv,pvInd_b
rs,2,h0089,0.07846934268811898,scr2010,avaConv,pvInd_b
rs,2,h0090,0.02171460992407328,scr2010,avaConv,pvInd_b
rs,2,h0091,0.0,scr2010,avaConv,pvInd_b
rs,2,h0092,0.0,scr2010,avaConv,pvInd_b
rs,2,h0093,0.0,scr2010,avaConv,pvInd_b
rs,2,h0094,0.0,scr2010,avaConv,pvInd_b
rs,2,h0095,0.0,scr2010,avaConv,pvInd_b
rs,2,h0096,0.0,scr2010,avaConv,pvInd_b
se_1,2,h0049,0.0,scr2010,avaConv,pvInd_b
se_1,2,h0050,0.0,scr2010,avaConv,pvInd_b
se_1,2,h0051,0.0,scr2010,avaConv,pvInd_b
se_1,2,h0052,0.0,scr2010,avaConv,pvInd_b
se_1,2,h0053,0.0,scr2010,avaConv,pvInd_b
se_1,2,h0054,0.0,scr2010,avaConv,pvInd_b
se_1,2,h0055,0.0,scr2010,avaConv,pvInd_b
se_1,2,h0056,0.0,scr2010,avaConv,pvInd_b
se_1,2,h0057,0.0,scr2010,avaConv,pvInd_b
se_1,2,h0058,0.005192024837419398,scr2010,avaConv,pvInd_b
se_1,2,h0059,0.03669372624128084,scr2010,avaConv,pvInd_b
se_1,2,h0060,0.07521488768083046,scr2010,avaConv,pvInd_b
se_1,2,h0061,0.07284332676779003,scr2010,avaConv,pvInd_b
se_1,2,h0062,0.040305333786418034,scr2010,avaConv,pvInd_b
se_1,2,h0063,0.003366590775457253,scr2010,avaConv,pvInd_b
se_1,2,h0064,0.0002577316645107597,scr2010,avaConv,pvInd_b
se_1,2,h0065,0.0,scr2010,avaConv,pvInd_b
se_1,2,h0066,0.0,scr2010,avaConv,pvInd_b
se_1,2,h0067,0.0,scr2010,avaConv,pvInd_b
se_1,2,h0068,0.0,scr2010,avaConv,pvInd_b
se_1,2,h0069,0.0,scr2010,avaConv,pvInd_b
se_1,2,h0070,0.0,scr2010,avaConv,pvInd_b
se_1,2,h0071,0.0,scr2010,avaConv,pvInd_b
se_1,2,h0072,0.0,scr2010,avaConv,pvInd_b
se_1,2,h0073,0.0,scr2010,avaConv,pvInd_b
se_1,2,h0074,0.0,scr2010,avaConv,pvInd_b
se_1,2,h0075,0.0,scr2010,avaConv,pvInd_b
se_1,2,h0076,0.0,scr2010,avaConv,pvInd_b
se_1,2,h0077,0.0,scr2010,avaConv,pvInd_b
se_1,2,h0078,0.0,scr2010,avaConv,pvInd_b
se_1,2,h0079,0.0,scr2010,avaConv,pvInd_b
se_1,2,h0080,0.0,scr2010,avaConv,pvInd_b
se_1,2,h0081,0.04272442939452888,scr2010,avaConv,pvInd_b
se_1,2,h0082,0.1484605710224623,scr2010,avaConv,pvInd_b
se_1,2,h0083,0.28570751953345375,scr2010,avaConv,pvInd_b
se_1,2,h0084,0.37442651180590736,scr2010,avaConv,pvInd_b
se_1,2,h0085,0.45039646091469066,scr2010,avaConv,pvInd_b
se_1,2,h0086,0.4538267968393787,scr2010,avaConv,pvInd_b
se_1,2,h0087,0.3829896597368288,scr2010,avaConv,pvInd_b
se_1,2,h0088,0.19755472305508126,scr2010,avaConv,pvInd_b
se_1,2,h0089,0.059972162450697405,scr2010,avaConv,pvInd_b
se_1,2,h0090,0.0,scr2010,avaConv,pvInd_b
se_1,2,h0091,0.0,scr2010,avaConv,pvInd_b
se_1,2,h0092,0.0,scr2010,avaConv,pvInd_b
se_1,2,h0093,0.0,scr2010,avaConv,pvInd_b
se_1,2,h0094,0.0,scr2010,avaConv,pvInd_b
se_1,2,h0095,0.0,scr2010,avaConv,pvInd_b
se_1,2,h0096,0.0,scr2010,avaConv,pvInd_b
se_2,2,h0049,0.0,scr2010,avaConv,pvInd_b
se_2,2,h0050,0.0,scr2010,avaConv,pvInd_b
se_2,2,h0051,0.0,scr2010,avaConv,pvInd_b
se_2,2,h0052,0.0,scr2010,avaConv,pvInd_b
se_2,2,h0053,0.0,scr2010,avaConv,pvInd_b
se_2,2,h0054,0.0,scr2010,avaConv,pvInd_b
se_2,2,h0055,0.0,scr2010,avaConv,pvInd_b
se_2,2,h0056,0.0,scr2010,avaConv,pvInd_b
se_2,2,h0057,0.0005379475122519002,scr2010,avaConv,pvInd_b
se_2,2,h0058,0.05072247672535274,scr2010,avaConv,pvInd_b
se_2,2,h0059,0.1315343050826427,scr2010,avaConv,pvInd_b
se_2,2,h0060,0.23036403687027904,scr2010,avaConv,pvInd_b
se_2,2,h0061,0.23785135173841368,scr2010,avaConv,pvInd_b
se_2,2,h0062,0.20028042508257143,scr2010,avaConv,pvInd_b
se_2,2,h0063,0.11916628922516039,scr2010,avaConv,pvInd_b
se_2,2,h0064,0.06355629353792104,scr2010,avaConv,pvInd_b
se_2,2,h0065,0.0203460470321937,scr2010,avaConv,pvInd_b
se_2,2,h0066,0.0,scr2010,avaConv,pvInd_b
se_2,2,h0067,0.0,scr2010,avaConv,pvInd_b
se_2,2,h0068,0.0,scr2010,avaConv,pvInd_b
se_2,2,h0069,0.0,scr2010,avaConv,pvInd_b
se_2,2,h0070,0.0,scr2010,avaConv,pvInd_b
se_2,2,h0071,0.0,scr2010,avaConv,pvInd_b
se_2,2,h0072,0.0,scr2010,avaConv,pvInd_b
se_2,2,h0073,0.0,scr2010,avaConv,pvInd_b
se_2,2,h0074,0.0,scr2010,avaConv,pvInd_b
se_2,2,h0075,0.0,scr2010,avaConv,pvInd_b
se_2,2,h0076,0.0,scr2010,avaConv,pvInd_b
se_2,2,h0077,0.0,scr2010,avaConv,pvInd_b
se_2,2,h0078,0.0,scr2010,avaConv,pvInd_b
se_2,2,h0079,0.0,scr2010,avaConv,pvInd_b
se_2,2,h0080,0.0,scr2010,avaConv,pvInd_b
se_2,2,h0081,0.07464213134150488,scr2010,avaConv,pvInd_b
se_2,2,h0082,0.2084258156988836,scr2010,avaConv,pvInd_b
se_2,2,h0083,0.38049684258386113,scr2010,avaConv,pvInd_b
se_2,2,h0084,0.5017117466265109,scr2010,avaConv,pvInd_b
se_2,2,h0085,0.5146268216661947,scr2010,avaConv,pvInd_b
se_2,2,h0086,0.46431907507579,scr2010,avaConv,pvInd_b
se_2,2,h0087,0.35284599973155095,scr2010,avaConv,pvInd_b
se_2,2,h0088,0.22019914547935393,scr2010,avaConv,pvInd_b
se_2,2,h0089,0.09687788920530697,scr2010,avaConv,pvInd_b
se_2,2,h0090,0.012802312741696596,scr2010,avaConv,pvInd_b
se_2,2,h0091,0.0,scr2010,avaConv,pvInd_b
se_2,2,h0092,0.0,scr2010,avaConv,pvInd_b
se_2,2,h0093,0.0,scr2010,avaConv,pvInd_b
se_2,2,h0094,0.0,scr2010,avaConv,pvInd_b
se_2,2,h0095,0.0,scr2010,avaConv,pvInd_b
se_2,2,h0096,0.0,scr2010,avaConv,pvInd_b
se_3,2,h0049,0.0,scr2010,avaConv,pvInd_b
se_3,2,h0050,0.0,scr2010,avaConv,pvInd_b
se_3,2,h0051,0.0,scr2010,avaConv,pvInd_b
se_3,2,h0052,0.0,scr2010,avaConv,pvInd_b
se_3,2,h0053,0.0,scr2010,avaConv,pvInd_b
se_3,2,h0054,0.0,scr2010,avaConv,pvInd_b
se_3,2,h0055,0.0,scr2010,avaConv,pvInd_b
se_3,2,h0056,0.0,scr2010,avaConv,pvInd_b
se_3,2,h0057,0.016240674258231957,scr2010,avaConv,pvInd_b
se_3,2,h0058,0.10397332362311588,scr2010,avaConv,pvInd_b
se_3,2,h0059,0.2398278324463504,scr2010,avaConv,pvInd_b
se_3,2,h0060,0.3862754721038083,scr2010,avaConv,pvInd_b
se_3,2,h0061,0.34573577771997854,scr2010,avaConv,pvInd_b
se_3,2,h0062,0.24711894628699857,scr2010,avaConv,pvInd_b
se_3,2,h0063,0.10374124552404092,scr2010,avaConv,pvInd_b
se_3,2,h0064,0.05378359310740375,scr2010,avaConv,pvInd_b
se_3,2,h0065,0.016708191563319656,scr2010,avaConv,pvInd_b
se_3,2,h0066,0.0,scr2010,avaConv,pvInd_b
se_3,2,h0067,0.0,scr2010,avaConv,pvInd_b
se_3,2,h0068,0.0,scr2010,avaConv,pvInd_b
se_3,2,h0069,0.0,scr2010,avaConv,pvInd_b
se_3,2,h0070,0.0,scr2010,avaConv,pvInd_b
se_3,2,h0071,0.0,scr2010,avaConv,pvInd_b
se_3,2,h0072,0.0,scr2010,avaConv,pvInd_b
se_3,2,h0073,0.0,scr2010,avaConv,pvInd_b
se_3,2,h0074,0.0,scr2010,avaConv,pvInd_b
se_3,2,h0075,0.0,scr2010,avaConv,pvInd_b
se_3,2,h0076,0.0,scr2010,avaConv,pvInd_b
se_3,2,h0077,0.0,scr2010,avaConv,pvInd_b
se_3,2,h0078,0.0,scr2010,avaConv,pvInd_b
se_3,2,h0079,0.0,scr2010,avaConv,pvInd_b
se_3,2,h0080,0.0,scr2010,avaConv,pvInd_b
se_3,2,h0081,0.037538498455353744,scr2010,avaConv,pvInd_b
se_3,2,h0082,0.11833254934575532,scr2010,avaConv,pvInd_b
se_3,2,h0083,0.23596064777808068,scr2010,avaConv,pvInd_b
se_3,2,h0084,0.3358346594778506,scr2010,avaConv,pvInd_b
se_3,2,h0085,0.3869030188015972,scr2010,avaConv,pvInd_b
se_3,2,h0086,0.38269177921720754,scr2010,avaConv,pvInd_b
se_3,2,h0087,0.31879709696842906,scr2010,avaConv,pvInd_b
se_3,2,h0088,0.21617528149177956,scr2010,avaConv,pvInd_b
se_3,2,h0089,0.10301917587808666,scr2010,avaConv,pvInd_b
se_3,2,h0090,0.028984821024206214,scr2010,avaConv,pvInd_b
se_3,2,h0091,0.0,scr2010,avaConv,pvInd_b
se_3,2,h0092,0.0,scr2010,avaConv,pvInd_b
se_3,2,h0093,0.0,scr2010,avaConv,pvInd_b
se_3,2,h0094,0.0,scr2010,avaConv,pvInd_b
se_3,2,h0095,0.0,scr2010,avaConv,pvInd_b
se_3,2,h0096,0.0,scr2010,avaConv,pvInd_b
se_4,2,h0049,0.0,scr2010,avaConv,pvInd_b
se_4,2,h0050,0.0,scr2010,avaConv,pvInd_b
se_4,2,h0051,0.0,scr2010,avaConv,pvInd_b
se_4,2,h0052,0.0,scr2010,avaConv,pvInd_b
se_4,2,h0053,0.0,scr2010,avaConv,pvInd_b
se_4,2,h0054,0.0,scr2010,avaConv,pvInd_b
se_4,2,h0055,0.0,scr2010,avaConv,pvInd_b
se_4,2,h0056,0.0,scr2010,avaConv,pvInd_b
se_4,2,h0057,0.008804694704883508,scr2010,avaConv,pvInd_b
se_4,2,h0058,0.04699156912672051,scr2010,avaConv,pvInd_b
se_4,2,h0059,0.1283715572350118,scr2010,avaConv,pvInd_b
se_4,2,h0060,0.23009613261206013,scr2010,avaConv,pvInd_b
se_4,2,h0061,0.2552072316248276,scr2010,avaConv,pvInd_b
se_4,2,h0062,0.20556447652674456,scr2010,avaConv,pvInd_b
se_4,2,h0063,0.10491252445428734,scr2010,avaConv,pvInd_b
se_4,2,h0064,0.03898294446389569,scr2010,avaConv,pvInd_b
se_4,2,h0065,0.00803892042675585,scr2010,avaConv,pvInd_b
se_4,2,h0066,0.0001102105443390783,scr2010,avaConv,pvInd_b
se_4,2,h0067,0.0,scr2010,avaConv,pvInd_b
se_4,2,h0068,0.0,scr2010,avaConv,pvInd_b
se_4,2,h0069,0.0,scr2010,avaConv,pvInd_b
se_4,2,h0070,0.0,scr2010,avaConv,pvInd_b
se_4,2,h0071,0.0,scr2010,avaConv,pvInd_b
se_4,2,h0072,0.0,scr2010,avaConv,pvInd_b
se_4,2,h0073,0.0,scr2010,avaConv,pvInd_b
se_4,2,h0074,0.0,scr2010,avaConv,pvInd_b
se_4,2,h0075,0.0,scr2010,avaConv,pvInd_b
se_4,2,h0076,0.0,scr2010,avaConv,pvInd_b
se_4,2,h0077,0.0,scr2010,avaConv,pvInd_b
se_4,2,h0078,0.0,scr2010,avaConv,pvInd_b
se_4,2,h0079,0.0,scr2010,avaConv,pvInd_b
se_4,2,h0080,0.0,scr2010,avaConv,pvInd_b
se_4,2,h0081,0.022943637367916523,scr2010,avaConv,pvInd_b
se_4,2,h0082,0.08030830081575584,scr2010,avaConv,pvInd_b
se_4,2,h0083,0.18686618962660811,scr2010,avaConv,pvInd_b
se_4,2,h0084,0.29284703657379546,scr2010,avaConv,pvInd_b
se_4,2,h0085,0.2966319673940554,scr2010,avaConv,pvInd_b
se_4,2,h0086,0.24218641860897963,scr2010,avaConv,pvInd_b
se_4,2,h0087,0.13577538080297993,scr2010,avaConv,pvInd_b
se_4,2,h0088,0.07649811469698993,scr2010,avaConv,pvInd_b
se_4,2,h0089,0.02746705950397577,scr2010,avaConv,pvInd_b
se_4,2,h0090,0.004621777978280823,scr2010,avaConv,pvInd_b
se_4,2,h0091,0.0,scr2010,avaConv,pvInd_b
se_4,2,h0092,0.0,scr2010,avaConv,pvInd_b
se_4,2,h0093,0.0,scr2010,avaConv,pvInd_b
se_4,2,h0094,0.0,scr2010,avaConv,pvInd_b
se_4,2,h0095,0.0,scr2010,avaConv,pvInd_b
se_4,2,h0096,0.0,scr2010,avaConv,pvInd_b
si,2,h0049,0.0,scr2010,avaConv,pvInd_b
si,2,h0050,0.0,scr2010,avaConv,pvInd_b
si,2,h0051,0.0,scr2010,avaConv,pvInd_b
si,2,h0052,0.0,scr2010,avaConv,pvInd_b
si,2,h0053,0.0,scr2010,avaConv,pvInd_b
si,2,h0054,0.0,scr2010,avaConv,pvInd_b
si,2,h0055,0.0,scr2010,avaConv,pvInd_b
si,2,h0056,0.0029067872079559954,scr2010,avaConv,pvInd_b
si,2,h0057,0.021102162407086362,scr2010,avaConv,pvInd_b
si,2,h0058,0.07033237568805846,scr2010,avaConv,pvInd_b
si,2,h0059,0.14526036291703662,scr2010,avaConv,pvInd_b
si,2,h0060,0.2045186669057958,scr2010,avaConv,pvInd_b
si,2,h0061,0.40267465758700544,scr2010,avaConv,pvInd_b
si,2,h0062,0.5468028534714857,scr2010,avaConv,pvInd_b
si,2,h0063,0.6191432201462652,scr2010,avaConv,pvInd_b
si,2,h0064,0.40604344267379755,scr2010,avaConv,pvInd_b
si,2,h0065,0.17339931984145898,scr2010,avaConv,pvInd_b
si,2,h0066,0.042700029745429004,scr2010,avaConv,pvInd_b
si,2,h0067,0.0,scr2010,avaConv,pvInd_b
si,2,h0068,0.0,scr2010,avaConv,pvInd_b
si,2,h0069,0.0,scr2010,avaConv,pvInd_b
si,2,h0070,0.0,scr2010,avaConv,pvInd_b
si,2,h0071,0.0,scr2010,avaConv,pvInd_b
si,2,h0072,0.0,scr2010,avaConv,pvInd_b
si,2,h0073,0.0,scr2010,avaConv,pvInd_b
si,2,h0074,0.0,scr2010,avaConv,pvInd_b
si,2,h0075,0.0,scr2010,avaConv,pvInd_b
si,2,h0076,0.0,scr2010,avaConv,pvInd_b
si,2,h0077,0.0,scr2010,avaConv,pvInd_b
si,2,h0078,0.0,scr2010,avaConv,pvInd_b
si,2,h0079,0.0,scr2010,avaConv,pvInd_b
si,2,h0080,0.005194375776856109,scr2010,avaConv,pvInd_b
si,2,h0081,0.03158449517942952,scr2010,avaConv,pvInd_b
si,2,h0082,0.08970251299768134,scr2010,avaConv,pvInd_b
si,2,h0083,0.16285571750152802,scr2010,avaConv,pvInd_b
si,2,h0084,0.23270599105673626,scr2010,avaConv,pvInd_b
si,2,h0085,0.31745456223342483,scr2010,avaConv,pvInd_b
si,2,h0086,0.36380140831371727,scr2010,avaConv,pvInd_b
si,2,h0087,0.34884686502723816,scr2010,avaConv,pvInd_b
si,2,h0088,0.23560118891636742,scr2010,avaConv,pvInd_b
si,2,h0089,0.11341405588442968,scr2010,avaConv,pvInd_b
si,2,h0090,0.0322009217964293,scr2010,avaConv,pvInd_b
si,2,h0091,0.00347773430968887,scr2010,avaConv,pvInd_b
si,2,h0092,0.0,scr2010,avaConv,pvInd_b
si,2,h0093,0.0,scr2010,avaConv,pvInd_b
si,2,h0094,0.0,scr2010,avaConv,pvInd_b
si,2,h0095,0.0,scr2010,avaConv,pvInd_b
si,2,h0096,0.0,scr2010,avaConv,pvInd_b
sk,2,h0049,0.0,scr2010,avaConv,pvInd_b
sk,2,h0050,0.0,scr2010,avaConv,pvInd_b
sk,2,h0051,0.0,scr2010,avaConv,pvInd_b
sk,2,h0052,0.0,scr2010,avaConv,pvInd_b
sk,2,h0053,0.0,scr2010,avaConv,pvInd_b
sk,2,h0054,0.0,scr2010,avaConv,pvInd_b
sk,2,h0055,0.0,scr2010,avaConv,pvInd_b
sk,2,h0056,0.0028134660075896725,scr2010,avaConv,pvInd_b
sk,2,h0057,0.01611521716908538,scr2010,avaConv,pvInd_b
sk,2,h0058,0.03869549338873788,scr2010,avaConv,pvInd_b
sk,2,h0059,0.06630900979158152,scr2010,avaConv,pvInd_b
sk,2,h0060,0.08756614141283627,scr2010,avaConv,pvInd_b
sk,2,h0061,0.21121732988755273,scr2010,avaConv,pvInd_b
sk,2,h0062,0.30952685000931796,scr2010,avaConv,pvInd_b
sk,2,h0063,0.36057688937965643,scr2010,avaConv,pvInd_b
sk,2,h0064,0.2362063776794975,scr2010,avaConv,pvInd_b
sk,2,h0065,0.10602471142493937,scr2010,avaConv,pvInd_b
sk,2,h0066,0.02672081505137929,scr2010,avaConv,pvInd_b
sk,2,h0067,0.0,scr2010,avaConv,pvInd_b
sk,2,h0068,0.0,scr2010,avaConv,pvInd_b
sk,2,h0069,0.0,scr2010,avaConv,pvInd_b
sk,2,h0070,0.0,scr2010,avaConv,pvInd_b
sk,2,h0071,0.0,scr2010,avaConv,pvInd_b
sk,2,h0072,0.0,scr2010,avaConv,pvInd_b
sk,2,h0073,0.0,scr2010,avaConv,pvInd_b
sk,2,h0074,0.0,scr2010,avaConv,pvInd_b
sk,2,h0075,0.0,scr2010,avaConv,pvInd_b
sk,2,h0076,0.0,scr2010,avaConv,pvInd_b
sk,2,h0077,0.0,scr2010,avaConv,pvInd_b
sk,2,h0078,0.0,scr2010,avaConv,pvInd_b
sk,2,h0079,0.0,scr2010,avaConv,pvInd_b
sk,2,h0080,0.006299344740582505,scr2010,avaConv,pvInd_b
sk,2,h0081,0.029477103099667862,scr2010,avaConv,pvInd_b
sk,2,h0082,0.06993266780296106,scr2010,avaConv,pvInd_b
sk,2,h0083,0.11563716048940934,scr2010,avaConv,pvInd_b
sk,2,h0084,0.14787170728905805,scr2010,avaConv,pvInd_b
sk,2,h0085,0.29955754680759794,scr2010,avaConv,pvInd_b
sk,2,h0086,0.4025112833112679,scr2010,avaConv,pvInd_b
sk,2,h0087,0.44399346904790354,scr2010,avaConv,pvInd_b
sk,2,h0088,0.28198160704396147,scr2010,avaConv,pvInd_b
sk,2,h0089,0.12495209111379811,scr2010,avaConv,pvInd_b
sk,2,h0090,0.03340262505253143,scr2010,avaConv,pvInd_b
sk,2,h0091,0.0,scr2010,avaConv,pvInd_b
sk,2,h0092,0.0,scr2010,avaConv,pvInd_b
sk,2,h0093,0.0,scr2010,avaConv,pvInd_b
sk,2,h0094,0.0,scr2010,avaConv,pvInd_b
sk,2,h0095,0.0,scr2010,avaConv,pvInd_b
sk,2,h0096,0.0,scr2010,avaConv,pvInd_b
uk,2,h0049,0.0,scr2010,avaConv,pvInd_b
uk,2,h0050,0.0,scr2010,avaConv,pvInd_b
uk,2,h0051,0.0,scr2010,avaConv,pvInd_b
uk,2,h0052,0.0,scr2010,avaConv,pvInd_b
uk,2,h0053,0.0,scr2010,avaConv,pvInd_b
uk,2,h0054,0.0,scr2010,avaConv,pvInd_b
uk,2,h0055,0.0,scr2010,avaConv,pvInd_b
uk,2,h0056,0.0,scr2010,avaConv,pvInd_b
uk,2,h0057,0.0,scr2010,avaConv,pvInd_b
uk,2,h0058,0.036002782007365404,scr2010,avaConv,pvInd_b
uk,2,h0059,0.1366981449211577,scr2010,avaConv,pvInd_b
uk,2,h0060,0.3052990081817521,scr2010,avaConv,pvInd_b
uk,2,h0061,0.27870701220737987,scr2010,avaConv,pvInd_b
uk,2,h0062,0.19759854331358181,scr2010,avaConv,pvInd_b
uk,2,h0063,0.0868931567335197,scr2010,avaConv,pvInd_b
uk,2,h0064,0.08713549772758779,scr2010,avaConv,pvInd_b
uk,2,h0065,0.0664799780080077,scr2010,avaConv,pvInd_b
uk,2,h0066,0.03183458210429421,scr2010,avaConv,pvInd_b
uk,2,h0067,0.007289147230269478,scr2010,avaConv,pvInd_b
uk,2,h0068,0.0,scr2010,avaConv,pvInd_b
uk,2,h0069,0.0,scr2010,avaConv,pvInd_b
uk,2,h0070,0.0,scr2010,avaConv,pvInd_b
uk,2,h0071,0.0,scr2010,avaConv,pvInd_b
uk,2,h0072,0.0,scr2010,avaConv,pvInd_b
uk,2,h0073,0.0,scr2010,avaConv,pvInd_b
uk,2,h0074,0.0,scr2010,avaConv,pvInd_b
uk,2,h0075,0.0,scr2010,avaConv,pvInd_b
uk,2,h0076,0.0,scr2010,avaConv,pvInd_b
uk,2,h0077,0.0,scr2010,avaConv,pvInd_b
uk,2,h0078,0.0,scr2010,avaConv,pvInd_b
uk,2,h0079,0.0,scr2010,avaConv,pvInd_b
uk,2,h0080,0.0,scr2010,avaConv,pvInd_b
uk,2,h0081,0.0025734765798119228,scr2010,avaConv,pvInd_b
uk,2,h0082,0.024493525104023764,scr2010,avaConv,pvInd_b
uk,2,h0083,0.07427605274387349,scr2010,avaConv,pvInd_b
uk,2,h0084,0.14620745404443716,scr2010,avaConv,pvInd_b
uk,2,h0085,0.16241819465765972,scr2010,avaConv,pvInd_b
uk,2,h0086,0.1510129631175762,scr2010,avaConv,pvInd_b
uk,2,h0087,0.11724911885393605,scr2010,avaConv,pvInd_b
uk,2,h0088,0.10548639261563703,scr2010,avaConv,pvInd_b
uk,2,h0089,0.07640932152763903,scr2010,avaConv,pvInd_b
uk,2,h0090,0.03599509949760732,scr2010,avaConv,pvInd_b
uk,2,h0091,0.008803029839606366,scr2010,avaConv,pvInd_b
uk,2,h0092,0.0,scr2010,avaConv,pvInd_b
uk,2,h0093,0.0,scr2010,avaConv,pvInd_b
uk,2,h0094,0.0,scr2010,avaConv,pvInd_b
uk,2,h0095,0.0,scr2010,avaConv,pvInd_b
uk,2,h0096,0.0,scr2010,avaConv,pvInd_b
ni,2,h0049,0.0,scr2010,avaConv,pvInd_b
ni,2,h0050,0.0,scr2010,avaConv,pvInd_b
ni,2,h0051,0.0,scr2010,avaConv,pvInd_b
ni,2,h0052,0.0,scr2010,avaConv,pvInd_b
ni,2,h0053,0.0,scr2010,avaConv,pvInd_b
ni,2,h0054,0.0,scr2010,avaConv,pvInd_b
ni,2,h0055,0.0,scr2010,avaConv,pvInd_b
ni,2,h0056,0.0,scr2010,avaConv,pvInd_b
ni,2,h0057,0.0,scr2010,avaConv,pvInd_b
ni,2,h0058,0.021936192691398057,scr2010,avaConv,pvInd_b
ni,2,h0059,0.1216237682041093,scr2010,avaConv,pvInd_b
ni,2,h0060,0.32293355993728357,scr2010,avaConv,pvInd_b
ni,2,h0061,0.2955241295489572,scr2010,avaConv,pvInd_b
ni,2,h0062,0.18874273847755896,scr2010,avaConv,pvInd_b
ni,2,h0063,0.04854821549727117,scr2010,avaConv,pvInd_b
ni,2,h0064,0.03831193964667242,scr2010,avaConv,pvInd_b
ni,2,h0065,0.02201718655728345,scr2010,avaConv,pvInd_b
ni,2,h0066,0.007614184446030703,scr2010,avaConv,pvInd_b
ni,2,h0067,0.0016662455242865309,scr2010,avaConv,pvInd_b
ni,2,h0068,0.0,scr2010,avaConv,pvInd_b
ni,2,h0069,0.0,scr2010,avaConv,pvInd_b
ni,2,h0070,0.0,scr2010,avaConv,pvInd_b
ni,2,h0071,0.0,scr2010,avaConv,pvInd_b
ni,2,h0072,0.0,scr2010,avaConv,pvInd_b
ni,2,h0073,0.0,scr2010,avaConv,pvInd_b
ni,2,h0074,0.0,scr2010,avaConv,pvInd_b
ni,2,h0075,0.0,scr2010,avaConv,pvInd_b
ni,2,h0076,0.0,scr2010,avaConv,pvInd_b
ni,2,h0077,0.0,scr2010,avaConv,pvInd_b
ni,2,h0078,0.0,scr2010,avaConv,pvInd_b
ni,2,h0079,0.0,scr2010,avaConv,pvInd_b
ni,2,h0080,0.0,scr2010,avaConv,pvInd_b
ni,2,h0081,0.0,scr2010,avaConv,pvInd_b
ni,2,h0082,0.03607248038069673,scr2010,avaConv,pvInd_b
ni,2,h0083,0.16152596033236008,scr2010,avaConv,pvInd_b
ni,2,h0084,0.38426749392727516,scr2010,avaConv,pvInd_b
ni,2,h0085,0.3997897100263937,scr2010,avaConv,pvInd_b
ni,2,h0086,0.32761036070170263,scr2010,avaConv,pvInd_b
ni,2,h0087,0.24936180606412517,scr2010,avaConv,pvInd_b
ni,2,h0088,0.28860268014525864,scr2010,avaConv,pvInd_b
ni,2,h0089,0.25522154895580146,scr2010,avaConv,pvInd_b
ni,2,h0090,0.140563630480526,scr2010,avaConv,pvInd_b
ni,2,h0091,0.03839861874224631,scr2010,avaConv,pvInd_b
ni,2,h0092,0.004828162748190957,scr2010,avaConv,pvInd_b
ni,2,h0093,0.0,scr2010,avaConv,pvInd_b
ni,2,h0094,0.0,scr2010,avaConv,pvInd_b
ni,2,h0095,0.0,scr2010,avaConv,pvInd_b
ni,2,h0096,0.0,scr2010,avaConv,pvInd_b
