region_3,timestep_6,value,scenario_1,parameter,technology_3
al,h0337,0.0,scr2014,avaConv,pvResi
al,h0338,0.0,scr2014,avaConv,pvResi
al,h0339,0.0,scr2014,avaConv,pvResi
al,h0340,0.0,scr2014,avaConv,pvResi
al,h0341,0.0009325520437250553,scr2014,avaConv,pvResi
al,h0342,0.027014473800792277,scr2014,avaConv,pvResi
al,h0343,0.11270704293877482,scr2014,avaConv,pvResi
al,h0344,0.2654104289631845,scr2014,avaConv,pvResi
al,h0345,0.43714186299008084,scr2014,avaConv,pvResi
al,h0346,0.5823704125422415,scr2014,avaConv,pvResi
al,h0347,0.6780901446325621,scr2014,avaConv,pvResi
al,h0348,0.7299632535006193,scr2014,avaConv,pvResi
al,h0349,0.7274714043280566,scr2014,avaConv,pvResi
al,h0350,0.6864688812804107,scr2014,avaConv,pvResi
al,h0351,0.601517542350044,scr2014,avaConv,pvResi
al,h0352,0.4830507847198408,scr2014,avaConv,pvResi
al,h0353,0.3279463115678771,scr2014,avaConv,pvResi
al,h0354,0.16814539687283256,scr2014,avaConv,pvResi
al,h0355,0.05610707337885784,scr2014,avaConv,pvResi
al,h0356,0.007396231559581612,scr2014,avaConv,pvResi
al,h0357,0.0,scr2014,avaConv,pvResi
al,h0358,0.0,scr2014,avaConv,pvResi
al,h0359,0.0,scr2014,avaConv,pvResi
al,h0360,0.0,scr2014,avaConv,pvResi
al,h0361,0.0,scr2014,avaConv,pvResi
al,h0362,0.0,scr2014,avaConv,pvResi
al,h0363,0.0,scr2014,avaConv,pvResi
al,h0364,0.0,scr2014,avaConv,pvResi
al,h0365,0.002052301094353464,scr2014,avaConv,pvResi
al,h0366,0.019963922024333086,scr2014,avaConv,pvResi
al,h0367,0.09440298510470488,scr2014,avaConv,pvResi
al,h0368,0.22941822340828405,scr2014,avaConv,pvResi
al,h0369,0.3944134437300437,scr2014,avaConv,pvResi
al,h0370,0.5308011940081324,scr2014,avaConv,pvResi
al,h0371,0.6223802089914967,scr2014,avaConv,pvResi
al,h0372,0.66198083461423,scr2014,avaConv,pvResi
al,h0373,0.6764191508156645,scr2014,avaConv,pvResi
al,h0374,0.6352559700355728,scr2014,avaConv,pvResi
al,h0375,0.5498840211248677,scr2014,avaConv,pvResi
al,h0376,0.4095362225610669,scr2014,avaConv,pvResi
al,h0377,0.26250311605718857,scr2014,avaConv,pvResi
al,h0378,0.1336899679028813,scr2014,avaConv,pvResi
al,h0379,0.04606009361229612,scr2014,avaConv,pvResi
al,h0380,0.007564002978154347,scr2014,avaConv,pvResi
al,h0381,0.0,scr2014,avaConv,pvResi
al,h0382,0.0,scr2014,avaConv,pvResi
al,h0383,0.0,scr2014,avaConv,pvResi
al,h0384,0.0,scr2014,avaConv,pvResi
al,h0385,0.0,scr2014,avaConv,pvResi
al,h0386,0.0,scr2014,avaConv,pvResi
al,h0387,0.0,scr2014,avaConv,pvResi
al,h0388,0.0,scr2014,avaConv,pvResi
al,h0389,0.00010047962473772126,scr2014,avaConv,pvResi
al,h0390,0.016108424204438785,scr2014,avaConv,pvResi
al,h0391,0.0600716826249014,scr2014,avaConv,pvResi
al,h0392,0.141444304528801,scr2014,avaConv,pvResi
al,h0393,0.23413805690074244,scr2014,avaConv,pvResi
al,h0394,0.33472575246739894,scr2014,avaConv,pvResi
al,h0395,0.40929563554076087,scr2014,avaConv,pvResi
al,h0396,0.45081010508135627,scr2014,avaConv,pvResi
al,h0397,0.530714518327968,scr2014,avaConv,pvResi
al,h0398,0.5780637045101125,scr2014,avaConv,pvResi
al,h0399,0.5874011214770049,scr2014,avaConv,pvResi
al,h0400,0.46366631074813003,scr2014,avaConv,pvResi
al,h0401,0.3045695808931446,scr2014,avaConv,pvResi
al,h0402,0.14599352636134755,scr2014,avaConv,pvResi
al,h0403,0.04414212906942134,scr2014,avaConv,pvResi
al,h0404,0.004091334566006676,scr2014,avaConv,pvResi
al,h0405,0.0,scr2014,avaConv,pvResi
al,h0406,0.0,scr2014,avaConv,pvResi
al,h0407,0.0,scr2014,avaConv,pvResi
al,h0408,0.0,scr2014,avaConv,pvResi
at,h0337,0.0,scr2014,avaConv,pvResi
at,h0338,0.0,scr2014,avaConv,pvResi
at,h0339,0.0,scr2014,avaConv,pvResi
at,h0340,0.0,scr2014,avaConv,pvResi
at,h0341,0.003182402802423446,scr2014,avaConv,pvResi
at,h0342,0.030060042683446794,scr2014,avaConv,pvResi
at,h0343,0.0984935198099135,scr2014,avaConv,pvResi
at,h0344,0.21235924746885293,scr2014,avaConv,pvResi
at,h0345,0.3551958345611741,scr2014,avaConv,pvResi
at,h0346,0.49514123534655463,scr2014,avaConv,pvResi
at,h0347,0.5987657737128329,scr2014,avaConv,pvResi
at,h0348,0.6396208137754645,scr2014,avaConv,pvResi
at,h0349,0.5935561091058464,scr2014,avaConv,pvResi
at,h0350,0.5412070572793694,scr2014,avaConv,pvResi
at,h0351,0.47061867639130217,scr2014,avaConv,pvResi
at,h0352,0.40939419903024754,scr2014,avaConv,pvResi
at,h0353,0.30203582540148455,scr2014,avaConv,pvResi
at,h0354,0.1870539810161483,scr2014,avaConv,pvResi
at,h0355,0.09089460286903596,scr2014,avaConv,pvResi
at,h0356,0.03082600767463623,scr2014,avaConv,pvResi
at,h0357,0.005674168748657484,scr2014,avaConv,pvResi
at,h0358,0.0,scr2014,avaConv,pvResi
at,h0359,0.0,scr2014,avaConv,pvResi
at,h0360,0.0,scr2014,avaConv,pvResi
at,h0361,0.0,scr2014,avaConv,pvResi
at,h0362,0.0,scr2014,avaConv,pvResi
at,h0363,0.0,scr2014,avaConv,pvResi
at,h0364,0.0,scr2014,avaConv,pvResi
at,h0365,0.0018941879348674845,scr2014,avaConv,pvResi
at,h0366,0.023984181654292707,scr2014,avaConv,pvResi
at,h0367,0.09965008404800917,scr2014,avaConv,pvResi
at,h0368,0.23971124108803024,scr2014,avaConv,pvResi
at,h0369,0.41192124407540126,scr2014,avaConv,pvResi
at,h0370,0.5589589229761676,scr2014,avaConv,pvResi
at,h0371,0.6380820721543937,scr2014,avaConv,pvResi
at,h0372,0.6453342466761862,scr2014,avaConv,pvResi
at,h0373,0.5588663209645099,scr2014,avaConv,pvResi
at,h0374,0.45857766211172846,scr2014,avaConv,pvResi
at,h0375,0.349102766256584,scr2014,avaConv,pvResi
at,h0376,0.2791484349621684,scr2014,avaConv,pvResi
at,h0377,0.20573467239700513,scr2014,avaConv,pvResi
at,h0378,0.13476423900773407,scr2014,avaConv,pvResi
at,h0379,0.06912779507511713,scr2014,avaConv,pvResi
at,h0380,0.022601012374809867,scr2014,avaConv,pvResi
at,h0381,0.0027077893589379553,scr2014,avaConv,pvResi
at,h0382,0.0,scr2014,avaConv,pvResi
at,h0383,0.0,scr2014,avaConv,pvResi
at,h0384,0.0,scr2014,avaConv,pvResi
at,h0385,0.0,scr2014,avaConv,pvResi
at,h0386,0.0,scr2014,avaConv,pvResi
at,h0387,0.0,scr2014,avaConv,pvResi
at,h0388,0.0,scr2014,avaConv,pvResi
at,h0389,0.0,scr2014,avaConv,pvResi
at,h0390,0.0051522038414814125,scr2014,avaConv,pvResi
at,h0391,0.022069275568439854,scr2014,avaConv,pvResi
at,h0392,0.04750925318611799,scr2014,avaConv,pvResi
at,h0393,0.07964952642791877,scr2014,avaConv,pvResi
at,h0394,0.11791957038126402,scr2014,avaConv,pvResi
at,h0395,0.17804293934098092,scr2014,avaConv,pvResi
at,h0396,0.25752012419151715,scr2014,avaConv,pvResi
at,h0397,0.40606927488996586,scr2014,avaConv,pvResi
at,h0398,0.49557349708013326,scr2014,avaConv,pvResi
at,h0399,0.5124427821322259,scr2014,avaConv,pvResi
at,h0400,0.394439887151361,scr2014,avaConv,pvResi
at,h0401,0.27014498041860996,scr2014,avaConv,pvResi
at,h0402,0.155533510202791,scr2014,avaConv,pvResi
at,h0403,0.06734098840308705,scr2014,avaConv,pvResi
at,h0404,0.018268464038467516,scr2014,avaConv,pvResi
at,h0405,0.0002975321393677043,scr2014,avaConv,pvResi
at,h0406,0.0,scr2014,avaConv,pvResi
at,h0407,0.0,scr2014,avaConv,pvResi
at,h0408,0.0,scr2014,avaConv,pvResi
ba,h0337,0.0,scr2014,avaConv,pvResi
ba,h0338,0.0,scr2014,avaConv,pvResi
ba,h0339,0.0,scr2014,avaConv,pvResi
ba,h0340,0.0,scr2014,avaConv,pvResi
ba,h0341,0.0013586784075849997,scr2014,avaConv,pvResi
ba,h0342,0.026323734971300694,scr2014,avaConv,pvResi
ba,h0343,0.11326427236656303,scr2014,avaConv,pvResi
ba,h0344,0.2765150830250131,scr2014,avaConv,pvResi
ba,h0345,0.47066979986905544,scr2014,avaConv,pvResi
ba,h0346,0.6397302422371645,scr2014,avaConv,pvResi
ba,h0347,0.7485485573786981,scr2014,avaConv,pvResi
ba,h0348,0.7995855424916719,scr2014,avaConv,pvResi
ba,h0349,0.7462182411780975,scr2014,avaConv,pvResi
ba,h0350,0.6499515301748471,scr2014,avaConv,pvResi
ba,h0351,0.523177271216723,scr2014,avaConv,pvResi
ba,h0352,0.41970318138640117,scr2014,avaConv,pvResi
ba,h0353,0.29770401250165474,scr2014,avaConv,pvResi
ba,h0354,0.16994541643340955,scr2014,avaConv,pvResi
ba,h0355,0.06644808364865197,scr2014,avaConv,pvResi
ba,h0356,0.01466123604825404,scr2014,avaConv,pvResi
ba,h0357,0.00037604152497121773,scr2014,avaConv,pvResi
ba,h0358,0.0,scr2014,avaConv,pvResi
ba,h0359,0.0,scr2014,avaConv,pvResi
ba,h0360,0.0,scr2014,avaConv,pvResi
ba,h0361,0.0,scr2014,avaConv,pvResi
ba,h0362,0.0,scr2014,avaConv,pvResi
ba,h0363,0.0,scr2014,avaConv,pvResi
ba,h0364,0.0,scr2014,avaConv,pvResi
ba,h0365,0.0019416381867044207,scr2014,avaConv,pvResi
ba,h0366,0.01939658694885828,scr2014,avaConv,pvResi
ba,h0367,0.06784258556955729,scr2014,avaConv,pvResi
ba,h0368,0.15529337565071905,scr2014,avaConv,pvResi
ba,h0369,0.2577753912304729,scr2014,avaConv,pvResi
ba,h0370,0.36613260114010054,scr2014,avaConv,pvResi
ba,h0371,0.46512281864053007,scr2014,avaConv,pvResi
ba,h0372,0.5386445898003427,scr2014,avaConv,pvResi
ba,h0373,0.49258287935805306,scr2014,avaConv,pvResi
ba,h0374,0.4064616627288321,scr2014,avaConv,pvResi
ba,h0375,0.3110999645418795,scr2014,avaConv,pvResi
ba,h0376,0.2704728523989916,scr2014,avaConv,pvResi
ba,h0377,0.2073349505519778,scr2014,avaConv,pvResi
ba,h0378,0.1225084302364649,scr2014,avaConv,pvResi
ba,h0379,0.04860361812625592,scr2014,avaConv,pvResi
ba,h0380,0.010555296658080904,scr2014,avaConv,pvResi
ba,h0381,0.0,scr2014,avaConv,pvResi
ba,h0382,0.0,scr2014,avaConv,pvResi
ba,h0383,0.0,scr2014,avaConv,pvResi
ba,h0384,0.0,scr2014,avaConv,pvResi
ba,h0385,0.0,scr2014,avaConv,pvResi
ba,h0386,0.0,scr2014,avaConv,pvResi
ba,h0387,0.0,scr2014,avaConv,pvResi
ba,h0388,0.0,scr2014,avaConv,pvResi
ba,h0389,0.000530351640616419,scr2014,avaConv,pvResi
ba,h0390,0.014332508154664893,scr2014,avaConv,pvResi
ba,h0391,0.061372571760428235,scr2014,avaConv,pvResi
ba,h0392,0.1443703601781114,scr2014,avaConv,pvResi
ba,h0393,0.24257771640334114,scr2014,avaConv,pvResi
ba,h0394,0.3427853248080108,scr2014,avaConv,pvResi
ba,h0395,0.42570161524924216,scr2014,avaConv,pvResi
ba,h0396,0.4615211675634705,scr2014,avaConv,pvResi
ba,h0397,0.5203423319565489,scr2014,avaConv,pvResi
ba,h0398,0.516185313597827,scr2014,avaConv,pvResi
ba,h0399,0.4774509331889729,scr2014,avaConv,pvResi
ba,h0400,0.33195249244192565,scr2014,avaConv,pvResi
ba,h0401,0.20622876523411746,scr2014,avaConv,pvResi
ba,h0402,0.10539135902221398,scr2014,avaConv,pvResi
ba,h0403,0.04016755268186936,scr2014,avaConv,pvResi
ba,h0404,0.008078232021400516,scr2014,avaConv,pvResi
ba,h0405,0.0,scr2014,avaConv,pvResi
ba,h0406,0.0,scr2014,avaConv,pvResi
ba,h0407,0.0,scr2014,avaConv,pvResi
ba,h0408,0.0,scr2014,avaConv,pvResi
be,h0337,0.0,scr2014,avaConv,pvResi
be,h0338,0.0,scr2014,avaConv,pvResi
be,h0339,0.0,scr2014,avaConv,pvResi
be,h0340,0.0,scr2014,avaConv,pvResi
be,h0341,0.0,scr2014,avaConv,pvResi
be,h0342,0.0033433552652513956,scr2014,avaConv,pvResi
be,h0343,0.023857119462987766,scr2014,avaConv,pvResi
be,h0344,0.059005364199311336,scr2014,avaConv,pvResi
be,h0345,0.08083383051833253,scr2014,avaConv,pvResi
be,h0346,0.07653092648702703,scr2014,avaConv,pvResi
be,h0347,0.0706706727177502,scr2014,avaConv,pvResi
be,h0348,0.08741510230275948,scr2014,avaConv,pvResi
be,h0349,0.12047794934495513,scr2014,avaConv,pvResi
be,h0350,0.1432949034708698,scr2014,avaConv,pvResi
be,h0351,0.14131368193613958,scr2014,avaConv,pvResi
be,h0352,0.11901875476761244,scr2014,avaConv,pvResi
be,h0353,0.09996254604208067,scr2014,avaConv,pvResi
be,h0354,0.09242964707638367,scr2014,avaConv,pvResi
be,h0355,0.07109824784676133,scr2014,avaConv,pvResi
be,h0356,0.038584361260191914,scr2014,avaConv,pvResi
be,h0357,0.009184852591463675,scr2014,avaConv,pvResi
be,h0358,0.000705482652713653,scr2014,avaConv,pvResi
be,h0359,0.0,scr2014,avaConv,pvResi
be,h0360,0.0,scr2014,avaConv,pvResi
be,h0361,0.0,scr2014,avaConv,pvResi
be,h0362,0.0,scr2014,avaConv,pvResi
be,h0363,0.0,scr2014,avaConv,pvResi
be,h0364,0.0,scr2014,avaConv,pvResi
be,h0365,0.0,scr2014,avaConv,pvResi
be,h0366,0.00429748077423553,scr2014,avaConv,pvResi
be,h0367,0.02867872158447751,scr2014,avaConv,pvResi
be,h0368,0.1141128421185609,scr2014,avaConv,pvResi
be,h0369,0.26605207430874844,scr2014,avaConv,pvResi
be,h0370,0.45772976198069804,scr2014,avaConv,pvResi
be,h0371,0.6246473525747025,scr2014,avaConv,pvResi
be,h0372,0.7443928885225752,scr2014,avaConv,pvResi
be,h0373,0.6317485409647835,scr2014,avaConv,pvResi
be,h0374,0.46958726349349417,scr2014,avaConv,pvResi
be,h0375,0.28034119687028514,scr2014,avaConv,pvResi
be,h0376,0.2330043465564958,scr2014,avaConv,pvResi
be,h0377,0.1812999022611433,scr2014,avaConv,pvResi
be,h0378,0.12867811863462583,scr2014,avaConv,pvResi
be,h0379,0.0799102694895396,scr2014,avaConv,pvResi
be,h0380,0.035218874027958286,scr2014,avaConv,pvResi
be,h0381,0.010976195153073352,scr2014,avaConv,pvResi
be,h0382,0.000283357605479166,scr2014,avaConv,pvResi
be,h0383,0.0,scr2014,avaConv,pvResi
be,h0384,0.0,scr2014,avaConv,pvResi
be,h0385,0.0,scr2014,avaConv,pvResi
be,h0386,0.0,scr2014,avaConv,pvResi
be,h0387,0.0,scr2014,avaConv,pvResi
be,h0388,0.0,scr2014,avaConv,pvResi
be,h0389,0.0,scr2014,avaConv,pvResi
be,h0390,0.0008120393753776883,scr2014,avaConv,pvResi
be,h0391,0.019823890564310803,scr2014,avaConv,pvResi
be,h0392,0.0936737250734405,scr2014,avaConv,pvResi
be,h0393,0.24659082670958143,scr2014,avaConv,pvResi
be,h0394,0.44540513467052917,scr2014,avaConv,pvResi
be,h0395,0.629064714896346,scr2014,avaConv,pvResi
be,h0396,0.7476926746381359,scr2014,avaConv,pvResi
be,h0397,0.7247366145337668,scr2014,avaConv,pvResi
be,h0398,0.6416638200493382,scr2014,avaConv,pvResi
be,h0399,0.5170920832309789,scr2014,avaConv,pvResi
be,h0400,0.42430833076313945,scr2014,avaConv,pvResi
be,h0401,0.315449449015421,scr2014,avaConv,pvResi
be,h0402,0.21220077264612403,scr2014,avaConv,pvResi
be,h0403,0.10863198706450197,scr2014,avaConv,pvResi
be,h0404,0.03900732700726264,scr2014,avaConv,pvResi
be,h0405,0.0034960453873530903,scr2014,avaConv,pvResi
be,h0406,0.0,scr2014,avaConv,pvResi
be,h0407,0.0,scr2014,avaConv,pvResi
be,h0408,0.0,scr2014,avaConv,pvResi
bg,h0337,0.0,scr2014,avaConv,pvResi
bg,h0338,0.0,scr2014,avaConv,pvResi
bg,h0339,0.0,scr2014,avaConv,pvResi
bg,h0340,0.0,scr2014,avaConv,pvResi
bg,h0341,0.0070377890520114525,scr2014,avaConv,pvResi
bg,h0342,0.05648887078515714,scr2014,avaConv,pvResi
bg,h0343,0.17634210802915243,scr2014,avaConv,pvResi
bg,h0344,0.35566893119245035,scr2014,avaConv,pvResi
bg,h0345,0.5340991622438355,scr2014,avaConv,pvResi
bg,h0346,0.6726779877094311,scr2014,avaConv,pvResi
bg,h0347,0.7542010095247359,scr2014,avaConv,pvResi
bg,h0348,0.787678925743531,scr2014,avaConv,pvResi
bg,h0349,0.7517414618311572,scr2014,avaConv,pvResi
bg,h0350,0.6618765189430352,scr2014,avaConv,pvResi
bg,h0351,0.5194777422066604,scr2014,avaConv,pvResi
bg,h0352,0.3699703535974899,scr2014,avaConv,pvResi
bg,h0353,0.2285293268504735,scr2014,avaConv,pvResi
bg,h0354,0.11476357959533384,scr2014,avaConv,pvResi
bg,h0355,0.04074502187892385,scr2014,avaConv,pvResi
bg,h0356,0.006825093780031318,scr2014,avaConv,pvResi
bg,h0357,0.0,scr2014,avaConv,pvResi
bg,h0358,0.0,scr2014,avaConv,pvResi
bg,h0359,0.0,scr2014,avaConv,pvResi
bg,h0360,0.0,scr2014,avaConv,pvResi
bg,h0361,0.0,scr2014,avaConv,pvResi
bg,h0362,0.0,scr2014,avaConv,pvResi
bg,h0363,0.0,scr2014,avaConv,pvResi
bg,h0364,0.0,scr2014,avaConv,pvResi
bg,h0365,0.007766720865368614,scr2014,avaConv,pvResi
bg,h0366,0.04284526117546596,scr2014,avaConv,pvResi
bg,h0367,0.13043585220551207,scr2014,avaConv,pvResi
bg,h0368,0.25665462039981235,scr2014,avaConv,pvResi
bg,h0369,0.37341564000043564,scr2014,avaConv,pvResi
bg,h0370,0.45955980536484237,scr2014,avaConv,pvResi
bg,h0371,0.5079851322431327,scr2014,avaConv,pvResi
bg,h0372,0.5235955949904142,scr2014,avaConv,pvResi
bg,h0373,0.573749571342243,scr2014,avaConv,pvResi
bg,h0374,0.5848985392990653,scr2014,avaConv,pvResi
bg,h0375,0.566711039124517,scr2014,avaConv,pvResi
bg,h0376,0.4349593291128649,scr2014,avaConv,pvResi
bg,h0377,0.2777536451518393,scr2014,avaConv,pvResi
bg,h0378,0.13080242638830816,scr2014,avaConv,pvResi
bg,h0379,0.03874241622035715,scr2014,avaConv,pvResi
bg,h0380,0.003557670795221979,scr2014,avaConv,pvResi
bg,h0381,0.0,scr2014,avaConv,pvResi
bg,h0382,0.0,scr2014,avaConv,pvResi
bg,h0383,0.0,scr2014,avaConv,pvResi
bg,h0384,0.0,scr2014,avaConv,pvResi
bg,h0385,0.0,scr2014,avaConv,pvResi
bg,h0386,0.0,scr2014,avaConv,pvResi
bg,h0387,0.0,scr2014,avaConv,pvResi
bg,h0388,0.0,scr2014,avaConv,pvResi
bg,h0389,0.004120859051093794,scr2014,avaConv,pvResi
bg,h0390,0.03868927515944445,scr2014,avaConv,pvResi
bg,h0391,0.12897002831328883,scr2014,avaConv,pvResi
bg,h0392,0.26969074581855623,scr2014,avaConv,pvResi
bg,h0393,0.42037982798374995,scr2014,avaConv,pvResi
bg,h0394,0.5321002902916453,scr2014,avaConv,pvResi
bg,h0395,0.5866372916641769,scr2014,avaConv,pvResi
bg,h0396,0.5909555948631252,scr2014,avaConv,pvResi
bg,h0397,0.5955368626416375,scr2014,avaConv,pvResi
bg,h0398,0.5749605700251019,scr2014,avaConv,pvResi
bg,h0399,0.5214780567846589,scr2014,avaConv,pvResi
bg,h0400,0.39617350398809476,scr2014,avaConv,pvResi
bg,h0401,0.24857439200557888,scr2014,avaConv,pvResi
bg,h0402,0.11172465587148689,scr2014,avaConv,pvResi
bg,h0403,0.030799548042242865,scr2014,avaConv,pvResi
bg,h0404,0.001835267587687124,scr2014,avaConv,pvResi
bg,h0405,0.0,scr2014,avaConv,pvResi
bg,h0406,0.0,scr2014,avaConv,pvResi
bg,h0407,0.0,scr2014,avaConv,pvResi
bg,h0408,0.0,scr2014,avaConv,pvResi
ch,h0337,0.0,scr2014,avaConv,pvResi
ch,h0338,0.0,scr2014,avaConv,pvResi
ch,h0339,0.0,scr2014,avaConv,pvResi
ch,h0340,0.0,scr2014,avaConv,pvResi
ch,h0341,0.0,scr2014,avaConv,pvResi
ch,h0342,0.006608138323753358,scr2014,avaConv,pvResi
ch,h0343,0.034010321756405705,scr2014,avaConv,pvResi
ch,h0344,0.09753463178518135,scr2014,avaConv,pvResi
ch,h0345,0.20623038118944614,scr2014,avaConv,pvResi
ch,h0346,0.3295830391213791,scr2014,avaConv,pvResi
ch,h0347,0.4351618673372773,scr2014,avaConv,pvResi
ch,h0348,0.47087482912692075,scr2014,avaConv,pvResi
ch,h0349,0.39780615840540023,scr2014,avaConv,pvResi
ch,h0350,0.29538989676894284,scr2014,avaConv,pvResi
ch,h0351,0.20529926766656093,scr2014,avaConv,pvResi
ch,h0352,0.18435530450198953,scr2014,avaConv,pvResi
ch,h0353,0.1618632769727985,scr2014,avaConv,pvResi
ch,h0354,0.13373407493577635,scr2014,avaConv,pvResi
ch,h0355,0.0884475932257607,scr2014,avaConv,pvResi
ch,h0356,0.04400221716153224,scr2014,avaConv,pvResi
ch,h0357,0.011830618276934603,scr2014,avaConv,pvResi
ch,h0358,0.0,scr2014,avaConv,pvResi
ch,h0359,0.0,scr2014,avaConv,pvResi
ch,h0360,0.0,scr2014,avaConv,pvResi
ch,h0361,0.0,scr2014,avaConv,pvResi
ch,h0362,0.0,scr2014,avaConv,pvResi
ch,h0363,0.0,scr2014,avaConv,pvResi
ch,h0364,0.0,scr2014,avaConv,pvResi
ch,h0365,0.0,scr2014,avaConv,pvResi
ch,h0366,0.012524449411771263,scr2014,avaConv,pvResi
ch,h0367,0.06472018492155981,scr2014,avaConv,pvResi
ch,h0368,0.1894451821234481,scr2014,avaConv,pvResi
ch,h0369,0.37337690264936185,scr2014,avaConv,pvResi
ch,h0370,0.5723425103009072,scr2014,avaConv,pvResi
ch,h0371,0.729829211642923,scr2014,avaConv,pvResi
ch,h0372,0.8268757427125047,scr2014,avaConv,pvResi
ch,h0373,0.6531960599786663,scr2014,avaConv,pvResi
ch,h0374,0.43402485736585056,scr2014,avaConv,pvResi
ch,h0375,0.19985095373182285,scr2014,avaConv,pvResi
ch,h0376,0.1728817258607578,scr2014,avaConv,pvResi
ch,h0377,0.14818303023713986,scr2014,avaConv,pvResi
ch,h0378,0.11385093427491262,scr2014,avaConv,pvResi
ch,h0379,0.07459906882290172,scr2014,avaConv,pvResi
ch,h0380,0.03519343242900386,scr2014,avaConv,pvResi
ch,h0381,0.01313101143592348,scr2014,avaConv,pvResi
ch,h0382,0.0,scr2014,avaConv,pvResi
ch,h0383,0.0,scr2014,avaConv,pvResi
ch,h0384,0.0,scr2014,avaConv,pvResi
ch,h0385,0.0,scr2014,avaConv,pvResi
ch,h0386,0.0,scr2014,avaConv,pvResi
ch,h0387,0.0,scr2014,avaConv,pvResi
ch,h0388,0.0,scr2014,avaConv,pvResi
ch,h0389,0.0,scr2014,avaConv,pvResi
ch,h0390,0.007965162272533246,scr2014,avaConv,pvResi
ch,h0391,0.04107009389259758,scr2014,avaConv,pvResi
ch,h0392,0.11098169125994614,scr2014,avaConv,pvResi
ch,h0393,0.22070385640740706,scr2014,avaConv,pvResi
ch,h0394,0.3433996231742366,scr2014,avaConv,pvResi
ch,h0395,0.4554675936082766,scr2014,avaConv,pvResi
ch,h0396,0.5353484348804227,scr2014,avaConv,pvResi
ch,h0397,0.4785446726365662,scr2014,avaConv,pvResi
ch,h0398,0.40145372820028524,scr2014,avaConv,pvResi
ch,h0399,0.3259495331861136,scr2014,avaConv,pvResi
ch,h0400,0.3448954691961147,scr2014,avaConv,pvResi
ch,h0401,0.33313664683082084,scr2014,avaConv,pvResi
ch,h0402,0.2630285330562563,scr2014,avaConv,pvResi
ch,h0403,0.15148755601216501,scr2014,avaConv,pvResi
ch,h0404,0.05843975482206079,scr2014,avaConv,pvResi
ch,h0405,0.007684489201348241,scr2014,avaConv,pvResi
ch,h0406,0.0,scr2014,avaConv,pvResi
ch,h0407,0.0,scr2014,avaConv,pvResi
ch,h0408,0.0,scr2014,avaConv,pvResi
cz,h0337,0.0,scr2014,avaConv,pvResi
cz,h0338,0.0,scr2014,avaConv,pvResi
cz,h0339,0.0,scr2014,avaConv,pvResi
cz,h0340,0.0,scr2014,avaConv,pvResi
cz,h0341,0.005620268685483835,scr2014,avaConv,pvResi
cz,h0342,0.03750509827870282,scr2014,avaConv,pvResi
cz,h0343,0.10589720226357832,scr2014,avaConv,pvResi
cz,h0344,0.20190711156946087,scr2014,avaConv,pvResi
cz,h0345,0.29906290880665193,scr2014,avaConv,pvResi
cz,h0346,0.396274178320546,scr2014,avaConv,pvResi
cz,h0347,0.495023154573178,scr2014,avaConv,pvResi
cz,h0348,0.5875562106889324,scr2014,avaConv,pvResi
cz,h0349,0.5820228867355223,scr2014,avaConv,pvResi
cz,h0350,0.5183349360454242,scr2014,avaConv,pvResi
cz,h0351,0.4006677776066119,scr2014,avaConv,pvResi
cz,h0352,0.31698326409915173,scr2014,avaConv,pvResi
cz,h0353,0.23051416752102033,scr2014,avaConv,pvResi
cz,h0354,0.14905483734171843,scr2014,avaConv,pvResi
cz,h0355,0.08105044756642402,scr2014,avaConv,pvResi
cz,h0356,0.030841983250779345,scr2014,avaConv,pvResi
cz,h0357,0.008355538753327752,scr2014,avaConv,pvResi
cz,h0358,0.0,scr2014,avaConv,pvResi
cz,h0359,0.0,scr2014,avaConv,pvResi
cz,h0360,0.0,scr2014,avaConv,pvResi
cz,h0361,0.0,scr2014,avaConv,pvResi
cz,h0362,0.0,scr2014,avaConv,pvResi
cz,h0363,0.0,scr2014,avaConv,pvResi
cz,h0364,0.0,scr2014,avaConv,pvResi
cz,h0365,0.0032903783025649545,scr2014,avaConv,pvResi
cz,h0366,0.02954228046920996,scr2014,avaConv,pvResi
cz,h0367,0.1091944565984502,scr2014,avaConv,pvResi
cz,h0368,0.24534830682892025,scr2014,avaConv,pvResi
cz,h0369,0.41377079474209727,scr2014,avaConv,pvResi
cz,h0370,0.5653750724007791,scr2014,avaConv,pvResi
cz,h0371,0.6502581976628552,scr2014,avaConv,pvResi
cz,h0372,0.6629137350265017,scr2014,avaConv,pvResi
cz,h0373,0.5925786173848108,scr2014,avaConv,pvResi
cz,h0374,0.4925029379122484,scr2014,avaConv,pvResi
cz,h0375,0.3668209203825658,scr2014,avaConv,pvResi
cz,h0376,0.25723704452818347,scr2014,avaConv,pvResi
cz,h0377,0.16102068856638233,scr2014,avaConv,pvResi
cz,h0378,0.08917380813134002,scr2014,avaConv,pvResi
cz,h0379,0.04180871085935833,scr2014,avaConv,pvResi
cz,h0380,0.014075774542964324,scr2014,avaConv,pvResi
cz,h0381,0.004193459976338816,scr2014,avaConv,pvResi
cz,h0382,0.0,scr2014,avaConv,pvResi
cz,h0383,0.0,scr2014,avaConv,pvResi
cz,h0384,0.0,scr2014,avaConv,pvResi
cz,h0385,0.0,scr2014,avaConv,pvResi
cz,h0386,0.0,scr2014,avaConv,pvResi
cz,h0387,0.0,scr2014,avaConv,pvResi
cz,h0388,0.0,scr2014,avaConv,pvResi
cz,h0389,0.0016648326234533523,scr2014,avaConv,pvResi
cz,h0390,0.022011410493304195,scr2014,avaConv,pvResi
cz,h0391,0.03997086699433849,scr2014,avaConv,pvResi
cz,h0392,0.06831985148590715,scr2014,avaConv,pvResi
cz,h0393,0.09139070164576044,scr2014,avaConv,pvResi
cz,h0394,0.13373479959968393,scr2014,avaConv,pvResi
cz,h0395,0.17835894898371463,scr2014,avaConv,pvResi
cz,h0396,0.22316928469519043,scr2014,avaConv,pvResi
cz,h0397,0.3526317302619068,scr2014,avaConv,pvResi
cz,h0398,0.44686085873818343,scr2014,avaConv,pvResi
cz,h0399,0.5001756718784057,scr2014,avaConv,pvResi
cz,h0400,0.406432046523224,scr2014,avaConv,pvResi
cz,h0401,0.28989643069270565,scr2014,avaConv,pvResi
cz,h0402,0.16785896228367306,scr2014,avaConv,pvResi
cz,h0403,0.07232969299015576,scr2014,avaConv,pvResi
cz,h0404,0.020618453253480853,scr2014,avaConv,pvResi
cz,h0405,0.0013321075909148703,scr2014,avaConv,pvResi
cz,h0406,0.0,scr2014,avaConv,pvResi
cz,h0407,0.0,scr2014,avaConv,pvResi
cz,h0408,0.0,scr2014,avaConv,pvResi
de,h0337,0.0,scr2014,avaConv,pvResi
de,h0338,0.0,scr2014,avaConv,pvResi
de,h0339,0.0,scr2014,avaConv,pvResi
de,h0340,0.0,scr2014,avaConv,pvResi
de,h0341,0.003875686030692715,scr2014,avaConv,pvResi
de,h0342,0.03027306127560913,scr2014,avaConv,pvResi
de,h0343,0.07985396877046297,scr2014,avaConv,pvResi
de,h0344,0.16164418215501697,scr2014,avaConv,pvResi
de,h0345,0.2530863819305432,scr2014,avaConv,pvResi
de,h0346,0.3535666839197461,scr2014,avaConv,pvResi
de,h0347,0.43319952298142794,scr2014,avaConv,pvResi
de,h0348,0.4832127977308079,scr2014,avaConv,pvResi
de,h0349,0.39954939787404337,scr2014,avaConv,pvResi
de,h0350,0.30425509243554744,scr2014,avaConv,pvResi
de,h0351,0.1938675288739569,scr2014,avaConv,pvResi
de,h0352,0.16249461430674758,scr2014,avaConv,pvResi
de,h0353,0.11553601411903443,scr2014,avaConv,pvResi
de,h0354,0.07057703057030126,scr2014,avaConv,pvResi
de,h0355,0.051067311136869076,scr2014,avaConv,pvResi
de,h0356,0.02824878702948309,scr2014,avaConv,pvResi
de,h0357,0.016382538878407873,scr2014,avaConv,pvResi
de,h0358,0.0006214192616109599,scr2014,avaConv,pvResi
de,h0359,0.0,scr2014,avaConv,pvResi
de,h0360,0.0,scr2014,avaConv,pvResi
de,h0361,0.0,scr2014,avaConv,pvResi
de,h0362,0.0,scr2014,avaConv,pvResi
de,h0363,0.0,scr2014,avaConv,pvResi
de,h0364,0.0,scr2014,avaConv,pvResi
de,h0365,0.0016652649149473252,scr2014,avaConv,pvResi
de,h0366,0.021396550313908514,scr2014,avaConv,pvResi
de,h0367,0.08173361916282385,scr2014,avaConv,pvResi
de,h0368,0.1914460178459438,scr2014,avaConv,pvResi
de,h0369,0.3283951397155802,scr2014,avaConv,pvResi
de,h0370,0.4590183481041448,scr2014,avaConv,pvResi
de,h0371,0.5611761249800484,scr2014,avaConv,pvResi
de,h0372,0.6275062007143943,scr2014,avaConv,pvResi
de,h0373,0.533032494161933,scr2014,avaConv,pvResi
de,h0374,0.40885640795042294,scr2014,avaConv,pvResi
de,h0375,0.26500550360677105,scr2014,avaConv,pvResi
de,h0376,0.22787833534984975,scr2014,avaConv,pvResi
de,h0377,0.18215980947961907,scr2014,avaConv,pvResi
de,h0378,0.12915463828214943,scr2014,avaConv,pvResi
de,h0379,0.07931615566784109,scr2014,avaConv,pvResi
de,h0380,0.0349959330333708,scr2014,avaConv,pvResi
de,h0381,0.011549286122426247,scr2014,avaConv,pvResi
de,h0382,0.0,scr2014,avaConv,pvResi
de,h0383,0.0,scr2014,avaConv,pvResi
de,h0384,0.0,scr2014,avaConv,pvResi
de,h0385,0.0,scr2014,avaConv,pvResi
de,h0386,0.0,scr2014,avaConv,pvResi
de,h0387,0.0,scr2014,avaConv,pvResi
de,h0388,0.0,scr2014,avaConv,pvResi
de,h0389,0.0001888967886904938,scr2014,avaConv,pvResi
de,h0390,0.011821134730597021,scr2014,avaConv,pvResi
de,h0391,0.05042868031929567,scr2014,avaConv,pvResi
de,h0392,0.12457806337793341,scr2014,avaConv,pvResi
de,h0393,0.22263417541767083,scr2014,avaConv,pvResi
de,h0394,0.32620741618446664,scr2014,avaConv,pvResi
de,h0395,0.4160004846764041,scr2014,avaConv,pvResi
de,h0396,0.4765737335067621,scr2014,avaConv,pvResi
de,h0397,0.4831812001171853,scr2014,avaConv,pvResi
de,h0398,0.4580316235076848,scr2014,avaConv,pvResi
de,h0399,0.40467295645515866,scr2014,avaConv,pvResi
de,h0400,0.33821974426923324,scr2014,avaConv,pvResi
de,h0401,0.2516086627794908,scr2014,avaConv,pvResi
de,h0402,0.15989607399699463,scr2014,avaConv,pvResi
de,h0403,0.08286600509701147,scr2014,avaConv,pvResi
de,h0404,0.030780443533641344,scr2014,avaConv,pvResi
de,h0405,0.006102858157907366,scr2014,avaConv,pvResi
de,h0406,0.0,scr2014,avaConv,pvResi
de,h0407,0.0,scr2014,avaConv,pvResi
de,h0408,0.0,scr2014,avaConv,pvResi
dk_e,h0337,0.0,scr2014,avaConv,pvResi
dk_e,h0338,0.0,scr2014,avaConv,pvResi
dk_e,h0339,0.0,scr2014,avaConv,pvResi
dk_e,h0340,0.0,scr2014,avaConv,pvResi
dk_e,h0341,0.0024271750692426673,scr2014,avaConv,pvResi
dk_e,h0342,0.015710492966758013,scr2014,avaConv,pvResi
dk_e,h0343,0.05896039189691343,scr2014,avaConv,pvResi
dk_e,h0344,0.14455059780036936,scr2014,avaConv,pvResi
dk_e,h0345,0.25466841178181315,scr2014,avaConv,pvResi
dk_e,h0346,0.3560621499052616,scr2014,avaConv,pvResi
dk_e,h0347,0.4296764044603794,scr2014,avaConv,pvResi
dk_e,h0348,0.4787930657069796,scr2014,avaConv,pvResi
dk_e,h0349,0.4651589990951606,scr2014,avaConv,pvResi
dk_e,h0350,0.42515916217928945,scr2014,avaConv,pvResi
dk_e,h0351,0.36543262155639694,scr2014,avaConv,pvResi
dk_e,h0352,0.33499188784085104,scr2014,avaConv,pvResi
dk_e,h0353,0.2823511682651794,scr2014,avaConv,pvResi
dk_e,h0354,0.19967529611693358,scr2014,avaConv,pvResi
dk_e,h0355,0.10262294529228265,scr2014,avaConv,pvResi
dk_e,h0356,0.03414268775536473,scr2014,avaConv,pvResi
dk_e,h0357,0.005746662369505237,scr2014,avaConv,pvResi
dk_e,h0358,0.0004983316597659011,scr2014,avaConv,pvResi
dk_e,h0359,0.0,scr2014,avaConv,pvResi
dk_e,h0360,0.0,scr2014,avaConv,pvResi
dk_e,h0361,0.0,scr2014,avaConv,pvResi
dk_e,h0362,0.0,scr2014,avaConv,pvResi
dk_e,h0363,0.0,scr2014,avaConv,pvResi
dk_e,h0364,0.0,scr2014,avaConv,pvResi
dk_e,h0365,0.0021916580511943153,scr2014,avaConv,pvResi
dk_e,h0366,0.014629811087707448,scr2014,avaConv,pvResi
dk_e,h0367,0.059739346081483326,scr2014,avaConv,pvResi
dk_e,h0368,0.15412692909293818,scr2014,avaConv,pvResi
dk_e,h0369,0.2883912242348428,scr2014,avaConv,pvResi
dk_e,h0370,0.42405221262835374,scr2014,avaConv,pvResi
dk_e,h0371,0.5298696070643336,scr2014,avaConv,pvResi
dk_e,h0372,0.5975979589562299,scr2014,avaConv,pvResi
dk_e,h0373,0.662125729365729,scr2014,avaConv,pvResi
dk_e,h0374,0.6859056164681644,scr2014,avaConv,pvResi
dk_e,h0375,0.658046145872676,scr2014,avaConv,pvResi
dk_e,h0376,0.5426942910513118,scr2014,avaConv,pvResi
dk_e,h0377,0.39184430987151025,scr2014,avaConv,pvResi
dk_e,h0378,0.23406433411913147,scr2014,avaConv,pvResi
dk_e,h0379,0.10502681179697512,scr2014,avaConv,pvResi
dk_e,h0380,0.029967770311580755,scr2014,avaConv,pvResi
dk_e,h0381,0.0032437640758924613,scr2014,avaConv,pvResi
dk_e,h0382,0.0,scr2014,avaConv,pvResi
dk_e,h0383,0.0,scr2014,avaConv,pvResi
dk_e,h0384,0.0,scr2014,avaConv,pvResi
dk_e,h0385,0.0,scr2014,avaConv,pvResi
dk_e,h0386,0.0,scr2014,avaConv,pvResi
dk_e,h0387,0.0,scr2014,avaConv,pvResi
dk_e,h0388,0.0,scr2014,avaConv,pvResi
dk_e,h0389,0.00038312588847030455,scr2014,avaConv,pvResi
dk_e,h0390,0.006651148140793601,scr2014,avaConv,pvResi
dk_e,h0391,0.04432649438526621,scr2014,avaConv,pvResi
dk_e,h0392,0.13003769673566273,scr2014,avaConv,pvResi
dk_e,h0393,0.2545500451756995,scr2014,avaConv,pvResi
dk_e,h0394,0.3819120810174648,scr2014,avaConv,pvResi
dk_e,h0395,0.4738359419729113,scr2014,avaConv,pvResi
dk_e,h0396,0.5293184504800782,scr2014,avaConv,pvResi
dk_e,h0397,0.41411615590201245,scr2014,avaConv,pvResi
dk_e,h0398,0.3242460666664928,scr2014,avaConv,pvResi
dk_e,h0399,0.23110859135061526,scr2014,avaConv,pvResi
dk_e,h0400,0.2367991831097181,scr2014,avaConv,pvResi
dk_e,h0401,0.19221540906248363,scr2014,avaConv,pvResi
dk_e,h0402,0.12653227556520108,scr2014,avaConv,pvResi
dk_e,h0403,0.06123275099161837,scr2014,avaConv,pvResi
dk_e,h0404,0.018582880300091763,scr2014,avaConv,pvResi
dk_e,h0405,0.001081584149117488,scr2014,avaConv,pvResi
dk_e,h0406,0.0,scr2014,avaConv,pvResi
dk_e,h0407,0.0,scr2014,avaConv,pvResi
dk_e,h0408,0.0,scr2014,avaConv,pvResi
dk_w,h0337,0.0,scr2014,avaConv,pvResi
dk_w,h0338,0.0,scr2014,avaConv,pvResi
dk_w,h0339,0.0,scr2014,avaConv,pvResi
dk_w,h0340,0.0,scr2014,avaConv,pvResi
dk_w,h0341,0.0020197541144378666,scr2014,avaConv,pvResi
dk_w,h0342,0.013265421588362355,scr2014,avaConv,pvResi
dk_w,h0343,0.05755306475059518,scr2014,avaConv,pvResi
dk_w,h0344,0.15692903321632543,scr2014,avaConv,pvResi
dk_w,h0345,0.2893603395717428,scr2014,avaConv,pvResi
dk_w,h0346,0.39006525307846857,scr2014,avaConv,pvResi
dk_w,h0347,0.4189802444280324,scr2014,avaConv,pvResi
dk_w,h0348,0.4123962456616169,scr2014,avaConv,pvResi
dk_w,h0349,0.3774542866703368,scr2014,avaConv,pvResi
dk_w,h0350,0.34023690842437754,scr2014,avaConv,pvResi
dk_w,h0351,0.2856456768003144,scr2014,avaConv,pvResi
dk_w,h0352,0.23393891787247678,scr2014,avaConv,pvResi
dk_w,h0353,0.17682878286325884,scr2014,avaConv,pvResi
dk_w,h0354,0.12255095916451587,scr2014,avaConv,pvResi
dk_w,h0355,0.06704896131080884,scr2014,avaConv,pvResi
dk_w,h0356,0.027613656127191393,scr2014,avaConv,pvResi
dk_w,h0357,0.004525502292350485,scr2014,avaConv,pvResi
dk_w,h0358,0.0004624402203309455,scr2014,avaConv,pvResi
dk_w,h0359,0.0,scr2014,avaConv,pvResi
dk_w,h0360,0.0,scr2014,avaConv,pvResi
dk_w,h0361,0.0,scr2014,avaConv,pvResi
dk_w,h0362,0.0,scr2014,avaConv,pvResi
dk_w,h0363,0.0,scr2014,avaConv,pvResi
dk_w,h0364,0.0,scr2014,avaConv,pvResi
dk_w,h0365,0.0018968634059162248,scr2014,avaConv,pvResi
dk_w,h0366,0.012203429758292741,scr2014,avaConv,pvResi
dk_w,h0367,0.04981551997494233,scr2014,avaConv,pvResi
dk_w,h0368,0.13806663348312473,scr2014,avaConv,pvResi
dk_w,h0369,0.2775112335199847,scr2014,avaConv,pvResi
dk_w,h0370,0.43965728728409115,scr2014,avaConv,pvResi
dk_w,h0371,0.576846909781665,scr2014,avaConv,pvResi
dk_w,h0372,0.6634694613651001,scr2014,avaConv,pvResi
dk_w,h0373,0.7284562216554847,scr2014,avaConv,pvResi
dk_w,h0374,0.7466887828762179,scr2014,avaConv,pvResi
dk_w,h0375,0.7180144657065648,scr2014,avaConv,pvResi
dk_w,h0376,0.6051251670955418,scr2014,avaConv,pvResi
dk_w,h0377,0.4499188957498048,scr2014,avaConv,pvResi
dk_w,h0378,0.27476634586173887,scr2014,avaConv,pvResi
dk_w,h0379,0.1250070660343509,scr2014,avaConv,pvResi
dk_w,h0380,0.035391384835058666,scr2014,avaConv,pvResi
dk_w,h0381,0.004343416059960714,scr2014,avaConv,pvResi
dk_w,h0382,0.0,scr2014,avaConv,pvResi
dk_w,h0383,0.0,scr2014,avaConv,pvResi
dk_w,h0384,0.0,scr2014,avaConv,pvResi
dk_w,h0385,0.0,scr2014,avaConv,pvResi
dk_w,h0386,0.0,scr2014,avaConv,pvResi
dk_w,h0387,0.0,scr2014,avaConv,pvResi
dk_w,h0388,0.0,scr2014,avaConv,pvResi
dk_w,h0389,0.00018385678142159335,scr2014,avaConv,pvResi
dk_w,h0390,0.004878765032797485,scr2014,avaConv,pvResi
dk_w,h0391,0.03662618038967933,scr2014,avaConv,pvResi
dk_w,h0392,0.11010338539993103,scr2014,avaConv,pvResi
dk_w,h0393,0.22181975022489767,scr2014,avaConv,pvResi
dk_w,h0394,0.34110668139982103,scr2014,avaConv,pvResi
dk_w,h0395,0.4374998226518833,scr2014,avaConv,pvResi
dk_w,h0396,0.4990344006732048,scr2014,avaConv,pvResi
dk_w,h0397,0.3598761475149706,scr2014,avaConv,pvResi
dk_w,h0398,0.20923476298382582,scr2014,avaConv,pvResi
dk_w,h0399,0.07945889715083586,scr2014,avaConv,pvResi
dk_w,h0400,0.08721728599697504,scr2014,avaConv,pvResi
dk_w,h0401,0.10270802743221953,scr2014,avaConv,pvResi
dk_w,h0402,0.09553916754484491,scr2014,avaConv,pvResi
dk_w,h0403,0.05783793770118666,scr2014,avaConv,pvResi
dk_w,h0404,0.019884319762117342,scr2014,avaConv,pvResi
dk_w,h0405,0.002011330123860108,scr2014,avaConv,pvResi
dk_w,h0406,0.0,scr2014,avaConv,pvResi
dk_w,h0407,0.0,scr2014,avaConv,pvResi
dk_w,h0408,0.0,scr2014,avaConv,pvResi
ee,h0337,0.0,scr2014,avaConv,pvResi
ee,h0338,0.0,scr2014,avaConv,pvResi
ee,h0339,0.0,scr2014,avaConv,pvResi
ee,h0340,0.007892304725202819,scr2014,avaConv,pvResi
ee,h0341,0.030798839029704393,scr2014,avaConv,pvResi
ee,h0342,0.0858054989208348,scr2014,avaConv,pvResi
ee,h0343,0.18468981905655457,scr2014,avaConv,pvResi
ee,h0344,0.31735346721650637,scr2014,avaConv,pvResi
ee,h0345,0.45745965012010115,scr2014,avaConv,pvResi
ee,h0346,0.5576368990584537,scr2014,avaConv,pvResi
ee,h0347,0.6012906279878838,scr2014,avaConv,pvResi
ee,h0348,0.5936130508026252,scr2014,avaConv,pvResi
ee,h0349,0.5982982194728274,scr2014,avaConv,pvResi
ee,h0350,0.5845569099448997,scr2014,avaConv,pvResi
ee,h0351,0.5483438934111362,scr2014,avaConv,pvResi
ee,h0352,0.43862608957866,scr2014,avaConv,pvResi
ee,h0353,0.30314096757663805,scr2014,avaConv,pvResi
ee,h0354,0.1619396197761865,scr2014,avaConv,pvResi
ee,h0355,0.062251447339215574,scr2014,avaConv,pvResi
ee,h0356,0.012905533276797106,scr2014,avaConv,pvResi
ee,h0357,0.0023013935968364614,scr2014,avaConv,pvResi
ee,h0358,0.0,scr2014,avaConv,pvResi
ee,h0359,0.0,scr2014,avaConv,pvResi
ee,h0360,0.0,scr2014,avaConv,pvResi
ee,h0361,0.0,scr2014,avaConv,pvResi
ee,h0362,0.0,scr2014,avaConv,pvResi
ee,h0363,0.0,scr2014,avaConv,pvResi
ee,h0364,0.004447750770999249,scr2014,avaConv,pvResi
ee,h0365,0.02129294550625031,scr2014,avaConv,pvResi
ee,h0366,0.07253009011090801,scr2014,avaConv,pvResi
ee,h0367,0.14062953981525955,scr2014,avaConv,pvResi
ee,h0368,0.23012370909179966,scr2014,avaConv,pvResi
ee,h0369,0.3196324903783733,scr2014,avaConv,pvResi
ee,h0370,0.4256330767966733,scr2014,avaConv,pvResi
ee,h0371,0.5068779607248814,scr2014,avaConv,pvResi
ee,h0372,0.5327607701769842,scr2014,avaConv,pvResi
ee,h0373,0.5259079404376046,scr2014,avaConv,pvResi
ee,h0374,0.4987743028356706,scr2014,avaConv,pvResi
ee,h0375,0.47797403289977025,scr2014,avaConv,pvResi
ee,h0376,0.41099300398355654,scr2014,avaConv,pvResi
ee,h0377,0.2985284383419458,scr2014,avaConv,pvResi
ee,h0378,0.15891006522801093,scr2014,avaConv,pvResi
ee,h0379,0.05682513339320096,scr2014,avaConv,pvResi
ee,h0380,0.009774431738329897,scr2014,avaConv,pvResi
ee,h0381,0.0016025938425462548,scr2014,avaConv,pvResi
ee,h0382,0.0,scr2014,avaConv,pvResi
ee,h0383,0.0,scr2014,avaConv,pvResi
ee,h0384,0.0,scr2014,avaConv,pvResi
ee,h0385,0.0,scr2014,avaConv,pvResi
ee,h0386,0.0,scr2014,avaConv,pvResi
ee,h0387,0.0,scr2014,avaConv,pvResi
ee,h0388,0.001551966254200715,scr2014,avaConv,pvResi
ee,h0389,0.01270814324762579,scr2014,avaConv,pvResi
ee,h0390,0.05704884640165708,scr2014,avaConv,pvResi
ee,h0391,0.15701546367288327,scr2014,avaConv,pvResi
ee,h0392,0.30487692745045863,scr2014,avaConv,pvResi
ee,h0393,0.45318003933859485,scr2014,avaConv,pvResi
ee,h0394,0.5441408077222818,scr2014,avaConv,pvResi
ee,h0395,0.5221668850182348,scr2014,avaConv,pvResi
ee,h0396,0.42025393002575495,scr2014,avaConv,pvResi
ee,h0397,0.44965337815122197,scr2014,avaConv,pvResi
ee,h0398,0.5033571641050839,scr2014,avaConv,pvResi
ee,h0399,0.5609558177655026,scr2014,avaConv,pvResi
ee,h0400,0.43347755181334724,scr2014,avaConv,pvResi
ee,h0401,0.280739074578433,scr2014,avaConv,pvResi
ee,h0402,0.137976366968398,scr2014,avaConv,pvResi
ee,h0403,0.04315673159384617,scr2014,avaConv,pvResi
ee,h0404,0.005459962182847885,scr2014,avaConv,pvResi
ee,h0405,0.0,scr2014,avaConv,pvResi
ee,h0406,0.0,scr2014,avaConv,pvResi
ee,h0407,0.0,scr2014,avaConv,pvResi
ee,h0408,0.0,scr2014,avaConv,pvResi
es,h0337,0.0,scr2014,avaConv,pvResi
es,h0338,0.0,scr2014,avaConv,pvResi
es,h0339,0.0,scr2014,avaConv,pvResi
es,h0340,0.0,scr2014,avaConv,pvResi
es,h0341,0.0,scr2014,avaConv,pvResi
es,h0342,0.0,scr2014,avaConv,pvResi
es,h0343,0.006872934952523691,scr2014,avaConv,pvResi
es,h0344,0.05910646664222846,scr2014,avaConv,pvResi
es,h0345,0.18048001590877735,scr2014,avaConv,pvResi
es,h0346,0.3581503929992608,scr2014,avaConv,pvResi
es,h0347,0.5284657631012653,scr2014,avaConv,pvResi
es,h0348,0.6526925289767471,scr2014,avaConv,pvResi
es,h0349,0.7240466813656228,scr2014,avaConv,pvResi
es,h0350,0.7498768675010067,scr2014,avaConv,pvResi
es,h0351,0.7362098670538395,scr2014,avaConv,pvResi
es,h0352,0.6840918015790001,scr2014,avaConv,pvResi
es,h0353,0.5894083909291881,scr2014,avaConv,pvResi
es,h0354,0.4504753756610572,scr2014,avaConv,pvResi
es,h0355,0.27768773225829685,scr2014,avaConv,pvResi
es,h0356,0.11935981631154825,scr2014,avaConv,pvResi
es,h0357,0.02815572646823321,scr2014,avaConv,pvResi
es,h0358,0.0003328649990051845,scr2014,avaConv,pvResi
es,h0359,0.0,scr2014,avaConv,pvResi
es,h0360,0.0,scr2014,avaConv,pvResi
es,h0361,0.0,scr2014,avaConv,pvResi
es,h0362,0.0,scr2014,avaConv,pvResi
es,h0363,0.0,scr2014,avaConv,pvResi
es,h0364,0.0,scr2014,avaConv,pvResi
es,h0365,0.0,scr2014,avaConv,pvResi
es,h0366,0.0,scr2014,avaConv,pvResi
es,h0367,0.004894547934256649,scr2014,avaConv,pvResi
es,h0368,0.05019869269500341,scr2014,avaConv,pvResi
es,h0369,0.15939930950789957,scr2014,avaConv,pvResi
es,h0370,0.3225204897257775,scr2014,avaConv,pvResi
es,h0371,0.48142865525344924,scr2014,avaConv,pvResi
es,h0372,0.6056020428727438,scr2014,avaConv,pvResi
es,h0373,0.7017367143247049,scr2014,avaConv,pvResi
es,h0374,0.7553694961007956,scr2014,avaConv,pvResi
es,h0375,0.7642561194850037,scr2014,avaConv,pvResi
es,h0376,0.7114374452788907,scr2014,avaConv,pvResi
es,h0377,0.6092422381929077,scr2014,avaConv,pvResi
es,h0378,0.458392774730217,scr2014,avaConv,pvResi
es,h0379,0.27308543216714226,scr2014,avaConv,pvResi
es,h0380,0.11369040617920749,scr2014,avaConv,pvResi
es,h0381,0.02424782884753958,scr2014,avaConv,pvResi
es,h0382,0.0003852647020567407,scr2014,avaConv,pvResi
es,h0383,0.0,scr2014,avaConv,pvResi
es,h0384,0.0,scr2014,avaConv,pvResi
es,h0385,0.0,scr2014,avaConv,pvResi
es,h0386,0.0,scr2014,avaConv,pvResi
es,h0387,0.0,scr2014,avaConv,pvResi
es,h0388,0.0,scr2014,avaConv,pvResi
es,h0389,0.0,scr2014,avaConv,pvResi
es,h0390,0.0,scr2014,avaConv,pvResi
es,h0391,0.0025055538026906954,scr2014,avaConv,pvResi
es,h0392,0.04391044533079269,scr2014,avaConv,pvResi
es,h0393,0.1544904712985468,scr2014,avaConv,pvResi
es,h0394,0.33018168382547497,scr2014,avaConv,pvResi
es,h0395,0.5058722564274142,scr2014,avaConv,pvResi
es,h0396,0.6381316158537936,scr2014,avaConv,pvResi
es,h0397,0.6920951930238919,scr2014,avaConv,pvResi
es,h0398,0.6996576306841857,scr2014,avaConv,pvResi
es,h0399,0.666080309901502,scr2014,avaConv,pvResi
es,h0400,0.6167478193654801,scr2014,avaConv,pvResi
es,h0401,0.5261452198562273,scr2014,avaConv,pvResi
es,h0402,0.3948741513016387,scr2014,avaConv,pvResi
es,h0403,0.23478652295240857,scr2014,avaConv,pvResi
es,h0404,0.09734449436511244,scr2014,avaConv,pvResi
es,h0405,0.020316005685930717,scr2014,avaConv,pvResi
es,h0406,0.00036022820684309775,scr2014,avaConv,pvResi
es,h0407,0.0,scr2014,avaConv,pvResi
es,h0408,0.0,scr2014,avaConv,pvResi
fi,h0337,0.0,scr2014,avaConv,pvResi
fi,h0338,0.0,scr2014,avaConv,pvResi
fi,h0339,0.00016313812931268467,scr2014,avaConv,pvResi
fi,h0340,0.0015048514195783328,scr2014,avaConv,pvResi
fi,h0341,0.007235912658464762,scr2014,avaConv,pvResi
fi,h0342,0.02420828638588846,scr2014,avaConv,pvResi
fi,h0343,0.1203466127637933,scr2014,avaConv,pvResi
fi,h0344,0.29035961712033037,scr2014,avaConv,pvResi
fi,h0345,0.5103201294229724,scr2014,avaConv,pvResi
fi,h0346,0.6543794542703716,scr2014,avaConv,pvResi
fi,h0347,0.7470578677736357,scr2014,avaConv,pvResi
fi,h0348,0.7747881448417888,scr2014,avaConv,pvResi
fi,h0349,0.7623669814400684,scr2014,avaConv,pvResi
fi,h0350,0.6863607976900544,scr2014,avaConv,pvResi
fi,h0351,0.5797227688184174,scr2014,avaConv,pvResi
fi,h0352,0.42932988778308606,scr2014,avaConv,pvResi
fi,h0353,0.2764313318026912,scr2014,avaConv,pvResi
fi,h0354,0.13855490509313226,scr2014,avaConv,pvResi
fi,h0355,0.04862333955736228,scr2014,avaConv,pvResi
fi,h0356,0.009589628112291542,scr2014,avaConv,pvResi
fi,h0357,0.0011114792895979965,scr2014,avaConv,pvResi
fi,h0358,0.0,scr2014,avaConv,pvResi
fi,h0359,0.0,scr2014,avaConv,pvResi
fi,h0360,0.0,scr2014,avaConv,pvResi
fi,h0361,0.0,scr2014,avaConv,pvResi
fi,h0362,0.0,scr2014,avaConv,pvResi
fi,h0363,0.00019431263184463687,scr2014,avaConv,pvResi
fi,h0364,0.0028490289770921598,scr2014,avaConv,pvResi
fi,h0365,0.014016840568520208,scr2014,avaConv,pvResi
fi,h0366,0.055131175925736825,scr2014,avaConv,pvResi
fi,h0367,0.14620665642847133,scr2014,avaConv,pvResi
fi,h0368,0.2867590582112021,scr2014,avaConv,pvResi
fi,h0369,0.4432018175294385,scr2014,avaConv,pvResi
fi,h0370,0.5630213031073045,scr2014,avaConv,pvResi
fi,h0371,0.6165365990513524,scr2014,avaConv,pvResi
fi,h0372,0.6052964967296222,scr2014,avaConv,pvResi
fi,h0373,0.6019956732883531,scr2014,avaConv,pvResi
fi,h0374,0.5584617647648507,scr2014,avaConv,pvResi
fi,h0375,0.4871020771752471,scr2014,avaConv,pvResi
fi,h0376,0.35345546122176913,scr2014,avaConv,pvResi
fi,h0377,0.22925903282872917,scr2014,avaConv,pvResi
fi,h0378,0.11822226899682566,scr2014,avaConv,pvResi
fi,h0379,0.043847896836837374,scr2014,avaConv,pvResi
fi,h0380,0.009657231318808489,scr2014,avaConv,pvResi
fi,h0381,0.0013721772966798467,scr2014,avaConv,pvResi
fi,h0382,0.0,scr2014,avaConv,pvResi
fi,h0383,0.0,scr2014,avaConv,pvResi
fi,h0384,0.0,scr2014,avaConv,pvResi
fi,h0385,0.0,scr2014,avaConv,pvResi
fi,h0386,0.0,scr2014,avaConv,pvResi
fi,h0387,0.0,scr2014,avaConv,pvResi
fi,h0388,0.0010948906571530686,scr2014,avaConv,pvResi
fi,h0389,0.007882633876027651,scr2014,avaConv,pvResi
fi,h0390,0.044528667310835865,scr2014,avaConv,pvResi
fi,h0391,0.11208067162653094,scr2014,avaConv,pvResi
fi,h0392,0.21432073835454635,scr2014,avaConv,pvResi
fi,h0393,0.3065447057933586,scr2014,avaConv,pvResi
fi,h0394,0.38241340952574193,scr2014,avaConv,pvResi
fi,h0395,0.4077493390495461,scr2014,avaConv,pvResi
fi,h0396,0.3847590533678147,scr2014,avaConv,pvResi
fi,h0397,0.4408432477067971,scr2014,avaConv,pvResi
fi,h0398,0.4880745565859812,scr2014,avaConv,pvResi
fi,h0399,0.518657501074269,scr2014,avaConv,pvResi
fi,h0400,0.40217095698870514,scr2014,avaConv,pvResi
fi,h0401,0.25316540470636933,scr2014,avaConv,pvResi
fi,h0402,0.11517429429630782,scr2014,avaConv,pvResi
fi,h0403,0.032275064495152425,scr2014,avaConv,pvResi
fi,h0404,0.0038987681138553548,scr2014,avaConv,pvResi
fi,h0405,0.00019351572777580247,scr2014,avaConv,pvResi
fi,h0406,0.0,scr2014,avaConv,pvResi
fi,h0407,0.0,scr2014,avaConv,pvResi
fi,h0408,0.0,scr2014,avaConv,pvResi
fr,h0337,0.0,scr2014,avaConv,pvResi
fr,h0338,0.0,scr2014,avaConv,pvResi
fr,h0339,0.0,scr2014,avaConv,pvResi
fr,h0340,0.0,scr2014,avaConv,pvResi
fr,h0341,0.0,scr2014,avaConv,pvResi
fr,h0342,0.0032899938088251307,scr2014,avaConv,pvResi
fr,h0343,0.023655065357993003,scr2014,avaConv,pvResi
fr,h0344,0.07998023372598637,scr2014,avaConv,pvResi
fr,h0345,0.17291903263801467,scr2014,avaConv,pvResi
fr,h0346,0.2817093970872947,scr2014,avaConv,pvResi
fr,h0347,0.38296041052083896,scr2014,avaConv,pvResi
fr,h0348,0.4655297786397667,scr2014,avaConv,pvResi
fr,h0349,0.5323380706975553,scr2014,avaConv,pvResi
fr,h0350,0.5598846360590146,scr2014,avaConv,pvResi
fr,h0351,0.5470375103152247,scr2014,avaConv,pvResi
fr,h0352,0.48889802914231656,scr2014,avaConv,pvResi
fr,h0353,0.4066293039498482,scr2014,avaConv,pvResi
fr,h0354,0.29760036927932604,scr2014,avaConv,pvResi
fr,h0355,0.17427661541906728,scr2014,avaConv,pvResi
fr,h0356,0.07196224234424103,scr2014,avaConv,pvResi
fr,h0357,0.016800948695441603,scr2014,avaConv,pvResi
fr,h0358,0.0014010233186950397,scr2014,avaConv,pvResi
fr,h0359,0.0,scr2014,avaConv,pvResi
fr,h0360,0.0,scr2014,avaConv,pvResi
fr,h0361,0.0,scr2014,avaConv,pvResi
fr,h0362,0.0,scr2014,avaConv,pvResi
fr,h0363,0.0,scr2014,avaConv,pvResi
fr,h0364,0.0,scr2014,avaConv,pvResi
fr,h0365,0.0,scr2014,avaConv,pvResi
fr,h0366,0.0013513773792943938,scr2014,avaConv,pvResi
fr,h0367,0.023107121510597003,scr2014,avaConv,pvResi
fr,h0368,0.10040056061753959,scr2014,avaConv,pvResi
fr,h0369,0.24599025782606018,scr2014,avaConv,pvResi
fr,h0370,0.42949777494931507,scr2014,avaConv,pvResi
fr,h0371,0.596328888685465,scr2014,avaConv,pvResi
fr,h0372,0.7156398945353101,scr2014,avaConv,pvResi
fr,h0373,0.6760289369854131,scr2014,avaConv,pvResi
fr,h0374,0.594117467079571,scr2014,avaConv,pvResi
fr,h0375,0.48129859900659155,scr2014,avaConv,pvResi
fr,h0376,0.4358757001579725,scr2014,avaConv,pvResi
fr,h0377,0.35802479486559896,scr2014,avaConv,pvResi
fr,h0378,0.2576560421093698,scr2014,avaConv,pvResi
fr,h0379,0.1499675049192566,scr2014,avaConv,pvResi
fr,h0380,0.062283312675613926,scr2014,avaConv,pvResi
fr,h0381,0.014146518598688327,scr2014,avaConv,pvResi
fr,h0382,0.00045399077887485245,scr2014,avaConv,pvResi
fr,h0383,0.0,scr2014,avaConv,pvResi
fr,h0384,0.0,scr2014,avaConv,pvResi
fr,h0385,0.0,scr2014,avaConv,pvResi
fr,h0386,0.0,scr2014,avaConv,pvResi
fr,h0387,0.0,scr2014,avaConv,pvResi
fr,h0388,0.0,scr2014,avaConv,pvResi
fr,h0389,0.0,scr2014,avaConv,pvResi
fr,h0390,0.0005617003446948494,scr2014,avaConv,pvResi
fr,h0391,0.017378882501023686,scr2014,avaConv,pvResi
fr,h0392,0.08875240390801661,scr2014,avaConv,pvResi
fr,h0393,0.23043707171035988,scr2014,avaConv,pvResi
fr,h0394,0.4105338849093472,scr2014,avaConv,pvResi
fr,h0395,0.5648447855750481,scr2014,avaConv,pvResi
fr,h0396,0.6629890669414614,scr2014,avaConv,pvResi
fr,h0397,0.6679281991254443,scr2014,avaConv,pvResi
fr,h0398,0.6337023700567951,scr2014,avaConv,pvResi
fr,h0399,0.5721558243980996,scr2014,avaConv,pvResi
fr,h0400,0.5149386652754657,scr2014,avaConv,pvResi
fr,h0401,0.4241621517618632,scr2014,avaConv,pvResi
fr,h0402,0.2996713028671405,scr2014,avaConv,pvResi
fr,h0403,0.16246217063554969,scr2014,avaConv,pvResi
fr,h0404,0.05892960482504162,scr2014,avaConv,pvResi
fr,h0405,0.008590744958783491,scr2014,avaConv,pvResi
fr,h0406,0.0,scr2014,avaConv,pvResi
fr,h0407,0.0,scr2014,avaConv,pvResi
fr,h0408,0.0,scr2014,avaConv,pvResi
fr_co,h0337,0.0,scr2014,avaConv,pvResi
fr_co,h0338,0.0,scr2014,avaConv,pvResi
fr_co,h0339,0.0,scr2014,avaConv,pvResi
fr_co,h0340,0.0,scr2014,avaConv,pvResi
fr_co,h0341,0.0,scr2014,avaConv,pvResi
fr_co,h0342,0.007486030552111433,scr2014,avaConv,pvResi
fr_co,h0343,0.04445148542829986,scr2014,avaConv,pvResi
fr_co,h0344,0.12543479759517048,scr2014,avaConv,pvResi
fr_co,h0345,0.23986468554876744,scr2014,avaConv,pvResi
fr_co,h0346,0.3594296044945054,scr2014,avaConv,pvResi
fr_co,h0347,0.4580753758293521,scr2014,avaConv,pvResi
fr_co,h0348,0.5242531680026533,scr2014,avaConv,pvResi
fr_co,h0349,0.5608824210894333,scr2014,avaConv,pvResi
fr_co,h0350,0.5647878439800255,scr2014,avaConv,pvResi
fr_co,h0351,0.5366813799914703,scr2014,avaConv,pvResi
fr_co,h0352,0.465528807351929,scr2014,avaConv,pvResi
fr_co,h0353,0.36225864172351496,scr2014,avaConv,pvResi
fr_co,h0354,0.237662637141974,scr2014,avaConv,pvResi
fr_co,h0355,0.11921883375194567,scr2014,avaConv,pvResi
fr_co,h0356,0.03914551271051177,scr2014,avaConv,pvResi
fr_co,h0357,0.004497570346700624,scr2014,avaConv,pvResi
fr_co,h0358,0.0,scr2014,avaConv,pvResi
fr_co,h0359,0.0,scr2014,avaConv,pvResi
fr_co,h0360,0.0,scr2014,avaConv,pvResi
fr_co,h0361,0.0,scr2014,avaConv,pvResi
fr_co,h0362,0.0,scr2014,avaConv,pvResi
fr_co,h0363,0.0,scr2014,avaConv,pvResi
fr_co,h0364,0.0,scr2014,avaConv,pvResi
fr_co,h0365,0.0,scr2014,avaConv,pvResi
fr_co,h0366,0.004952349367919758,scr2014,avaConv,pvResi
fr_co,h0367,0.04015108408438733,scr2014,avaConv,pvResi
fr_co,h0368,0.1247183533899908,scr2014,avaConv,pvResi
fr_co,h0369,0.24933865951683973,scr2014,avaConv,pvResi
fr_co,h0370,0.37712112519404006,scr2014,avaConv,pvResi
fr_co,h0371,0.47738881645474723,scr2014,avaConv,pvResi
fr_co,h0372,0.5425830944780734,scr2014,avaConv,pvResi
fr_co,h0373,0.5399862159146068,scr2014,avaConv,pvResi
fr_co,h0374,0.5103683344951983,scr2014,avaConv,pvResi
fr_co,h0375,0.45335759128372344,scr2014,avaConv,pvResi
fr_co,h0376,0.39256118099324633,scr2014,avaConv,pvResi
fr_co,h0377,0.2968417934874516,scr2014,avaConv,pvResi
fr_co,h0378,0.18563308598461886,scr2014,avaConv,pvResi
fr_co,h0379,0.08870539857371831,scr2014,avaConv,pvResi
fr_co,h0380,0.028930923837578573,scr2014,avaConv,pvResi
fr_co,h0381,0.0033802384523359975,scr2014,avaConv,pvResi
fr_co,h0382,0.0,scr2014,avaConv,pvResi
fr_co,h0383,0.0,scr2014,avaConv,pvResi
fr_co,h0384,0.0,scr2014,avaConv,pvResi
fr_co,h0385,0.0,scr2014,avaConv,pvResi
fr_co,h0386,0.0,scr2014,avaConv,pvResi
fr_co,h0387,0.0,scr2014,avaConv,pvResi
fr_co,h0388,0.0,scr2014,avaConv,pvResi
fr_co,h0389,0.0,scr2014,avaConv,pvResi
fr_co,h0390,0.003017460929736105,scr2014,avaConv,pvResi
fr_co,h0391,0.03386859034674616,scr2014,avaConv,pvResi
fr_co,h0392,0.1125423862015574,scr2014,avaConv,pvResi
fr_co,h0393,0.233990026403526,scr2014,avaConv,pvResi
fr_co,h0394,0.3624491990310955,scr2014,avaConv,pvResi
fr_co,h0395,0.46574903293173314,scr2014,avaConv,pvResi
fr_co,h0396,0.5340149921181713,scr2014,avaConv,pvResi
fr_co,h0397,0.5195251948803076,scr2014,avaConv,pvResi
fr_co,h0398,0.46688128878287904,scr2014,avaConv,pvResi
fr_co,h0399,0.398684559613466,scr2014,avaConv,pvResi
fr_co,h0400,0.35448037562653034,scr2014,avaConv,pvResi
fr_co,h0401,0.28859986511147856,scr2014,avaConv,pvResi
fr_co,h0402,0.19155980048111299,scr2014,avaConv,pvResi
fr_co,h0403,0.0900350262412965,scr2014,avaConv,pvResi
fr_co,h0404,0.026408970253845296,scr2014,avaConv,pvResi
fr_co,h0405,0.00035360707780426686,scr2014,avaConv,pvResi
fr_co,h0406,0.0,scr2014,avaConv,pvResi
fr_co,h0407,0.0,scr2014,avaConv,pvResi
fr_co,h0408,0.0,scr2014,avaConv,pvResi
gr,h0337,0.0,scr2014,avaConv,pvResi
gr,h0338,0.0,scr2014,avaConv,pvResi
gr,h0339,0.0,scr2014,avaConv,pvResi
gr,h0340,0.0,scr2014,avaConv,pvResi
gr,h0341,0.003474491184938303,scr2014,avaConv,pvResi
gr,h0342,0.04092135041595883,scr2014,avaConv,pvResi
gr,h0343,0.14146294385152955,scr2014,avaConv,pvResi
gr,h0344,0.30090670735051284,scr2014,avaConv,pvResi
gr,h0345,0.46800181933261875,scr2014,avaConv,pvResi
gr,h0346,0.6009007024949358,scr2014,avaConv,pvResi
gr,h0347,0.684996959100772,scr2014,avaConv,pvResi
gr,h0348,0.7263295722147805,scr2014,avaConv,pvResi
gr,h0349,0.7121590361465298,scr2014,avaConv,pvResi
gr,h0350,0.6540167185134041,scr2014,avaConv,pvResi
gr,h0351,0.5467417448460916,scr2014,avaConv,pvResi
gr,h0352,0.41921079026113656,scr2014,avaConv,pvResi
gr,h0353,0.2737148513746268,scr2014,avaConv,pvResi
gr,h0354,0.1373728968784415,scr2014,avaConv,pvResi
gr,h0355,0.04495082123302898,scr2014,avaConv,pvResi
gr,h0356,0.004706273828364333,scr2014,avaConv,pvResi
gr,h0357,0.0,scr2014,avaConv,pvResi
gr,h0358,0.0,scr2014,avaConv,pvResi
gr,h0359,0.0,scr2014,avaConv,pvResi
gr,h0360,0.0,scr2014,avaConv,pvResi
gr,h0361,0.0,scr2014,avaConv,pvResi
gr,h0362,0.0,scr2014,avaConv,pvResi
gr,h0363,0.0,scr2014,avaConv,pvResi
gr,h0364,0.0,scr2014,avaConv,pvResi
gr,h0365,0.0026526012008268518,scr2014,avaConv,pvResi
gr,h0366,0.02782546393451764,scr2014,avaConv,pvResi
gr,h0367,0.11734658329661611,scr2014,avaConv,pvResi
gr,h0368,0.2614790449109929,scr2014,avaConv,pvResi
gr,h0369,0.4213904945182304,scr2014,avaConv,pvResi
gr,h0370,0.5387625854034727,scr2014,avaConv,pvResi
gr,h0371,0.60305140869292,scr2014,avaConv,pvResi
gr,h0372,0.6199540444999951,scr2014,avaConv,pvResi
gr,h0373,0.6209187405126628,scr2014,avaConv,pvResi
gr,h0374,0.5943200940018348,scr2014,avaConv,pvResi
gr,h0375,0.5356447517919952,scr2014,avaConv,pvResi
gr,h0376,0.41655259714504766,scr2014,avaConv,pvResi
gr,h0377,0.2715836528705036,scr2014,avaConv,pvResi
gr,h0378,0.1311933903980864,scr2014,avaConv,pvResi
gr,h0379,0.04096177370972168,scr2014,avaConv,pvResi
gr,h0380,0.0037501848622909077,scr2014,avaConv,pvResi
gr,h0381,0.0,scr2014,avaConv,pvResi
gr,h0382,0.0,scr2014,avaConv,pvResi
gr,h0383,0.0,scr2014,avaConv,pvResi
gr,h0384,0.0,scr2014,avaConv,pvResi
gr,h0385,0.0,scr2014,avaConv,pvResi
gr,h0386,0.0,scr2014,avaConv,pvResi
gr,h0387,0.0,scr2014,avaConv,pvResi
gr,h0388,0.0,scr2014,avaConv,pvResi
gr,h0389,0.0005384213341260055,scr2014,avaConv,pvResi
gr,h0390,0.028966161203466723,scr2014,avaConv,pvResi
gr,h0391,0.11101426028265,scr2014,avaConv,pvResi
gr,h0392,0.2504861916060623,scr2014,avaConv,pvResi
gr,h0393,0.4027052971226455,scr2014,avaConv,pvResi
gr,h0394,0.5267475026469868,scr2014,avaConv,pvResi
gr,h0395,0.6042475844295319,scr2014,avaConv,pvResi
gr,h0396,0.6366252951978973,scr2014,avaConv,pvResi
gr,h0397,0.6342793108406962,scr2014,avaConv,pvResi
gr,h0398,0.59803619827962,scr2014,avaConv,pvResi
gr,h0399,0.5250540014950691,scr2014,avaConv,pvResi
gr,h0400,0.4074488941610011,scr2014,avaConv,pvResi
gr,h0401,0.2613552286053526,scr2014,avaConv,pvResi
gr,h0402,0.11978022084681217,scr2014,avaConv,pvResi
gr,h0403,0.03348399174423473,scr2014,avaConv,pvResi
gr,h0404,0.0014667368395097065,scr2014,avaConv,pvResi
gr,h0405,0.0,scr2014,avaConv,pvResi
gr,h0406,0.0,scr2014,avaConv,pvResi
gr,h0407,0.0,scr2014,avaConv,pvResi
gr,h0408,0.0,scr2014,avaConv,pvResi
hr,h0337,0.0,scr2014,avaConv,pvResi
hr,h0338,0.0,scr2014,avaConv,pvResi
hr,h0339,0.0,scr2014,avaConv,pvResi
hr,h0340,0.0,scr2014,avaConv,pvResi
hr,h0341,0.0006366953328756098,scr2014,avaConv,pvResi
hr,h0342,0.015532223743597954,scr2014,avaConv,pvResi
hr,h0343,0.07921366728182415,scr2014,avaConv,pvResi
hr,h0344,0.21316192117429064,scr2014,avaConv,pvResi
hr,h0345,0.3883458554970409,scr2014,avaConv,pvResi
hr,h0346,0.5483718831763416,scr2014,avaConv,pvResi
hr,h0347,0.6511729951431118,scr2014,avaConv,pvResi
hr,h0348,0.7003723832579338,scr2014,avaConv,pvResi
hr,h0349,0.6719689802897497,scr2014,avaConv,pvResi
hr,h0350,0.6241355807999995,scr2014,avaConv,pvResi
hr,h0351,0.5344424766738249,scr2014,avaConv,pvResi
hr,h0352,0.42748618695620433,scr2014,avaConv,pvResi
hr,h0353,0.2857985111426228,scr2014,avaConv,pvResi
hr,h0354,0.15107364255856892,scr2014,avaConv,pvResi
hr,h0355,0.05611351810935555,scr2014,avaConv,pvResi
hr,h0356,0.01199887015288883,scr2014,avaConv,pvResi
hr,h0357,0.00036938607948670024,scr2014,avaConv,pvResi
hr,h0358,0.0,scr2014,avaConv,pvResi
hr,h0359,0.0,scr2014,avaConv,pvResi
hr,h0360,0.0,scr2014,avaConv,pvResi
hr,h0361,0.0,scr2014,avaConv,pvResi
hr,h0362,0.0,scr2014,avaConv,pvResi
hr,h0363,0.0,scr2014,avaConv,pvResi
hr,h0364,0.0,scr2014,avaConv,pvResi
hr,h0365,0.000577860747276703,scr2014,avaConv,pvResi
hr,h0366,0.01294844743236957,scr2014,avaConv,pvResi
hr,h0367,0.06954351849674645,scr2014,avaConv,pvResi
hr,h0368,0.19517070531901537,scr2014,avaConv,pvResi
hr,h0369,0.3650266256609521,scr2014,avaConv,pvResi
hr,h0370,0.5283816145893975,scr2014,avaConv,pvResi
hr,h0371,0.6456849536680128,scr2014,avaConv,pvResi
hr,h0372,0.7102882038341624,scr2014,avaConv,pvResi
hr,h0373,0.583113332564979,scr2014,avaConv,pvResi
hr,h0374,0.46466560208034685,scr2014,avaConv,pvResi
hr,h0375,0.3372458011455501,scr2014,avaConv,pvResi
hr,h0376,0.3069793662130825,scr2014,avaConv,pvResi
hr,h0377,0.22164834893568053,scr2014,avaConv,pvResi
hr,h0378,0.12284728250606676,scr2014,avaConv,pvResi
hr,h0379,0.046231201487445445,scr2014,avaConv,pvResi
hr,h0380,0.009487416585175707,scr2014,avaConv,pvResi
hr,h0381,0.0,scr2014,avaConv,pvResi
hr,h0382,0.0,scr2014,avaConv,pvResi
hr,h0383,0.0,scr2014,avaConv,pvResi
hr,h0384,0.0,scr2014,avaConv,pvResi
hr,h0385,0.0,scr2014,avaConv,pvResi
hr,h0386,0.0,scr2014,avaConv,pvResi
hr,h0387,0.0,scr2014,avaConv,pvResi
hr,h0388,0.0,scr2014,avaConv,pvResi
hr,h0389,0.0,scr2014,avaConv,pvResi
hr,h0390,0.0061898316075482815,scr2014,avaConv,pvResi
hr,h0391,0.04146186456832465,scr2014,avaConv,pvResi
hr,h0392,0.1268771690164743,scr2014,avaConv,pvResi
hr,h0393,0.2540991841132429,scr2014,avaConv,pvResi
hr,h0394,0.3899917797394956,scr2014,avaConv,pvResi
hr,h0395,0.4853756643046897,scr2014,avaConv,pvResi
hr,h0396,0.5187441555785748,scr2014,avaConv,pvResi
hr,h0397,0.5407461237667633,scr2014,avaConv,pvResi
hr,h0398,0.5224747174025902,scr2014,avaConv,pvResi
hr,h0399,0.4776251754107587,scr2014,avaConv,pvResi
hr,h0400,0.3523923075059721,scr2014,avaConv,pvResi
hr,h0401,0.2240181466332975,scr2014,avaConv,pvResi
hr,h0402,0.11058776447142532,scr2014,avaConv,pvResi
hr,h0403,0.03758971464840082,scr2014,avaConv,pvResi
hr,h0404,0.006644749976798969,scr2014,avaConv,pvResi
hr,h0405,0.0,scr2014,avaConv,pvResi
hr,h0406,0.0,scr2014,avaConv,pvResi
hr,h0407,0.0,scr2014,avaConv,pvResi
hr,h0408,0.0,scr2014,avaConv,pvResi
hu,h0337,0.0,scr2014,avaConv,pvResi
hu,h0338,0.0,scr2014,avaConv,pvResi
hu,h0339,0.0,scr2014,avaConv,pvResi
hu,h0340,0.0,scr2014,avaConv,pvResi
hu,h0341,0.004803212376884921,scr2014,avaConv,pvResi
hu,h0342,0.04423801323828177,scr2014,avaConv,pvResi
hu,h0343,0.14541578323463178,scr2014,avaConv,pvResi
hu,h0344,0.2992116256310192,scr2014,avaConv,pvResi
hu,h0345,0.4561804015217153,scr2014,avaConv,pvResi
hu,h0346,0.5789012442712134,scr2014,avaConv,pvResi
hu,h0347,0.6565680017549009,scr2014,avaConv,pvResi
hu,h0348,0.6981644866687029,scr2014,avaConv,pvResi
hu,h0349,0.5783315781918605,scr2014,avaConv,pvResi
hu,h0350,0.4134943663629278,scr2014,avaConv,pvResi
hu,h0351,0.24013498392125537,scr2014,avaConv,pvResi
hu,h0352,0.1977625375061474,scr2014,avaConv,pvResi
hu,h0353,0.1770636978865884,scr2014,avaConv,pvResi
hu,h0354,0.13492004117957535,scr2014,avaConv,pvResi
hu,h0355,0.07060362294861841,scr2014,avaConv,pvResi
hu,h0356,0.02028479247591939,scr2014,avaConv,pvResi
hu,h0357,0.00026573277613791796,scr2014,avaConv,pvResi
hu,h0358,0.0,scr2014,avaConv,pvResi
hu,h0359,0.0,scr2014,avaConv,pvResi
hu,h0360,0.0,scr2014,avaConv,pvResi
hu,h0361,0.0,scr2014,avaConv,pvResi
hu,h0362,0.0,scr2014,avaConv,pvResi
hu,h0363,0.0,scr2014,avaConv,pvResi
hu,h0364,0.0,scr2014,avaConv,pvResi
hu,h0365,0.004376291669983647,scr2014,avaConv,pvResi
hu,h0366,0.038210613192323224,scr2014,avaConv,pvResi
hu,h0367,0.12545787075609907,scr2014,avaConv,pvResi
hu,h0368,0.26614179036063335,scr2014,avaConv,pvResi
hu,h0369,0.4194889945706743,scr2014,avaConv,pvResi
hu,h0370,0.5433955299878389,scr2014,avaConv,pvResi
hu,h0371,0.6223494025969234,scr2014,avaConv,pvResi
hu,h0372,0.6597669209707518,scr2014,avaConv,pvResi
hu,h0373,0.6387184270756954,scr2014,avaConv,pvResi
hu,h0374,0.5599291717584547,scr2014,avaConv,pvResi
hu,h0375,0.45077106028026936,scr2014,avaConv,pvResi
hu,h0376,0.3544757304343106,scr2014,avaConv,pvResi
hu,h0377,0.26768394482309327,scr2014,avaConv,pvResi
hu,h0378,0.1682376962900127,scr2014,avaConv,pvResi
hu,h0379,0.07362994183193622,scr2014,avaConv,pvResi
hu,h0380,0.0163383292676577,scr2014,avaConv,pvResi
hu,h0381,0.0,scr2014,avaConv,pvResi
hu,h0382,0.0,scr2014,avaConv,pvResi
hu,h0383,0.0,scr2014,avaConv,pvResi
hu,h0384,0.0,scr2014,avaConv,pvResi
hu,h0385,0.0,scr2014,avaConv,pvResi
hu,h0386,0.0,scr2014,avaConv,pvResi
hu,h0387,0.0,scr2014,avaConv,pvResi
hu,h0388,0.0,scr2014,avaConv,pvResi
hu,h0389,0.0017352617067098693,scr2014,avaConv,pvResi
hu,h0390,0.014197146650075664,scr2014,avaConv,pvResi
hu,h0391,0.05696642115614525,scr2014,avaConv,pvResi
hu,h0392,0.13759613608772786,scr2014,avaConv,pvResi
hu,h0393,0.2305603672781584,scr2014,avaConv,pvResi
hu,h0394,0.3074835530970748,scr2014,avaConv,pvResi
hu,h0395,0.35074310537282927,scr2014,avaConv,pvResi
hu,h0396,0.3681431965492463,scr2014,avaConv,pvResi
hu,h0397,0.4482983225981177,scr2014,avaConv,pvResi
hu,h0398,0.4900114327395334,scr2014,avaConv,pvResi
hu,h0399,0.4953774128980109,scr2014,avaConv,pvResi
hu,h0400,0.37802722271684064,scr2014,avaConv,pvResi
hu,h0401,0.2504600743272776,scr2014,avaConv,pvResi
hu,h0402,0.1337325737103066,scr2014,avaConv,pvResi
hu,h0403,0.050187852338319176,scr2014,avaConv,pvResi
hu,h0404,0.010792808349033619,scr2014,avaConv,pvResi
hu,h0405,0.0,scr2014,avaConv,pvResi
hu,h0406,0.0,scr2014,avaConv,pvResi
hu,h0407,0.0,scr2014,avaConv,pvResi
hu,h0408,0.0,scr2014,avaConv,pvResi
ie,h0337,0.0,scr2014,avaConv,pvResi
ie,h0338,0.0,scr2014,avaConv,pvResi
ie,h0339,0.0,scr2014,avaConv,pvResi
ie,h0340,0.0,scr2014,avaConv,pvResi
ie,h0341,0.0,scr2014,avaConv,pvResi
ie,h0342,0.0012969987205310911,scr2014,avaConv,pvResi
ie,h0343,0.011685877504414357,scr2014,avaConv,pvResi
ie,h0344,0.05706497729662073,scr2014,avaConv,pvResi
ie,h0345,0.15684251667254567,scr2014,avaConv,pvResi
ie,h0346,0.3003320348156656,scr2014,avaConv,pvResi
ie,h0347,0.4491103580747506,scr2014,avaConv,pvResi
ie,h0348,0.5669038849609789,scr2014,avaConv,pvResi
ie,h0349,0.6510207291183218,scr2014,avaConv,pvResi
ie,h0350,0.6856425734401024,scr2014,avaConv,pvResi
ie,h0351,0.6752886241885121,scr2014,avaConv,pvResi
ie,h0352,0.6217601496906868,scr2014,avaConv,pvResi
ie,h0353,0.5405792109236227,scr2014,avaConv,pvResi
ie,h0354,0.42927111376855265,scr2014,avaConv,pvResi
ie,h0355,0.2591036723769036,scr2014,avaConv,pvResi
ie,h0356,0.1158578793271128,scr2014,avaConv,pvResi
ie,h0357,0.022597706875064922,scr2014,avaConv,pvResi
ie,h0358,0.00513449276949103,scr2014,avaConv,pvResi
ie,h0359,0.00030370827519856893,scr2014,avaConv,pvResi
ie,h0360,0.0,scr2014,avaConv,pvResi
ie,h0361,0.0,scr2014,avaConv,pvResi
ie,h0362,0.0,scr2014,avaConv,pvResi
ie,h0363,0.0,scr2014,avaConv,pvResi
ie,h0364,0.0,scr2014,avaConv,pvResi
ie,h0365,0.0,scr2014,avaConv,pvResi
ie,h0366,0.0001687175919587302,scr2014,avaConv,pvResi
ie,h0367,0.003599857470852011,scr2014,avaConv,pvResi
ie,h0368,0.014950959208806801,scr2014,avaConv,pvResi
ie,h0369,0.035868232191097756,scr2014,avaConv,pvResi
ie,h0370,0.06284926424323342,scr2014,avaConv,pvResi
ie,h0371,0.09402487436712734,scr2014,avaConv,pvResi
ie,h0372,0.1436364296527548,scr2014,avaConv,pvResi
ie,h0373,0.22102084197612476,scr2014,avaConv,pvResi
ie,h0374,0.2888436598203612,scr2014,avaConv,pvResi
ie,h0375,0.3228580815292129,scr2014,avaConv,pvResi
ie,h0376,0.2976849108625309,scr2014,avaConv,pvResi
ie,h0377,0.24616059294778853,scr2014,avaConv,pvResi
ie,h0378,0.18059766924543721,scr2014,avaConv,pvResi
ie,h0379,0.13746874776207443,scr2014,avaConv,pvResi
ie,h0380,0.08865429186858609,scr2014,avaConv,pvResi
ie,h0381,0.04817352345822678,scr2014,avaConv,pvResi
ie,h0382,0.010077070321345164,scr2014,avaConv,pvResi
ie,h0383,0.0003631278089274458,scr2014,avaConv,pvResi
ie,h0384,0.0,scr2014,avaConv,pvResi
ie,h0385,0.0,scr2014,avaConv,pvResi
ie,h0386,0.0,scr2014,avaConv,pvResi
ie,h0387,0.0,scr2014,avaConv,pvResi
ie,h0388,0.0,scr2014,avaConv,pvResi
ie,h0389,0.0,scr2014,avaConv,pvResi
ie,h0390,0.0,scr2014,avaConv,pvResi
ie,h0391,0.005035918997675732,scr2014,avaConv,pvResi
ie,h0392,0.02722928567362997,scr2014,avaConv,pvResi
ie,h0393,0.07731441076488853,scr2014,avaConv,pvResi
ie,h0394,0.15000245424416897,scr2014,avaConv,pvResi
ie,h0395,0.22476076309605766,scr2014,avaConv,pvResi
ie,h0396,0.29802598505290473,scr2014,avaConv,pvResi
ie,h0397,0.3934271486395256,scr2014,avaConv,pvResi
ie,h0398,0.46625201443762526,scr2014,avaConv,pvResi
ie,h0399,0.5042207365446522,scr2014,avaConv,pvResi
ie,h0400,0.46455599344793025,scr2014,avaConv,pvResi
ie,h0401,0.406869023711688,scr2014,avaConv,pvResi
ie,h0402,0.32659838091034915,scr2014,avaConv,pvResi
ie,h0403,0.23652910442730574,scr2014,avaConv,pvResi
ie,h0404,0.12794149871436,scr2014,avaConv,pvResi
ie,h0405,0.04718382659254914,scr2014,avaConv,pvResi
ie,h0406,0.005285743653930821,scr2014,avaConv,pvResi
ie,h0407,0.0,scr2014,avaConv,pvResi
ie,h0408,0.0,scr2014,avaConv,pvResi
it_s,h0337,0.0,scr2014,avaConv,pvResi
it_s,h0338,0.0,scr2014,avaConv,pvResi
it_s,h0339,0.0,scr2014,avaConv,pvResi
it_s,h0340,0.0,scr2014,avaConv,pvResi
it_s,h0341,0.00011856991925985344,scr2014,avaConv,pvResi
it_s,h0342,0.017867586358357192,scr2014,avaConv,pvResi
it_s,h0343,0.08929464830246255,scr2014,avaConv,pvResi
it_s,h0344,0.22977538333103514,scr2014,avaConv,pvResi
it_s,h0345,0.40194230236345946,scr2014,avaConv,pvResi
it_s,h0346,0.5556956770494036,scr2014,avaConv,pvResi
it_s,h0347,0.6662826400727933,scr2014,avaConv,pvResi
it_s,h0348,0.7329768719334997,scr2014,avaConv,pvResi
it_s,h0349,0.7519087249965279,scr2014,avaConv,pvResi
it_s,h0350,0.7247180705359171,scr2014,avaConv,pvResi
it_s,h0351,0.6472736408520865,scr2014,avaConv,pvResi
it_s,h0352,0.5250533262075044,scr2014,avaConv,pvResi
it_s,h0353,0.366361735629348,scr2014,avaConv,pvResi
it_s,h0354,0.2001183874414384,scr2014,avaConv,pvResi
it_s,h0355,0.07503546384322193,scr2014,avaConv,pvResi
it_s,h0356,0.01368001032230644,scr2014,avaConv,pvResi
it_s,h0357,0.00020800797371790043,scr2014,avaConv,pvResi
it_s,h0358,0.0,scr2014,avaConv,pvResi
it_s,h0359,0.0,scr2014,avaConv,pvResi
it_s,h0360,0.0,scr2014,avaConv,pvResi
it_s,h0361,0.0,scr2014,avaConv,pvResi
it_s,h0362,0.0,scr2014,avaConv,pvResi
it_s,h0363,0.0,scr2014,avaConv,pvResi
it_s,h0364,0.0,scr2014,avaConv,pvResi
it_s,h0365,0.0001936958369603906,scr2014,avaConv,pvResi
it_s,h0366,0.01590998752318199,scr2014,avaConv,pvResi
it_s,h0367,0.08036730748408236,scr2014,avaConv,pvResi
it_s,h0368,0.21089182361042663,scr2014,avaConv,pvResi
it_s,h0369,0.3790524783808984,scr2014,avaConv,pvResi
it_s,h0370,0.5303847508289308,scr2014,avaConv,pvResi
it_s,h0371,0.6251580670969213,scr2014,avaConv,pvResi
it_s,h0372,0.6712119070341072,scr2014,avaConv,pvResi
it_s,h0373,0.6045919819817517,scr2014,avaConv,pvResi
it_s,h0374,0.51571011300873,scr2014,avaConv,pvResi
it_s,h0375,0.39527273058225815,scr2014,avaConv,pvResi
it_s,h0376,0.3165542817324929,scr2014,avaConv,pvResi
it_s,h0377,0.22294089167555628,scr2014,avaConv,pvResi
it_s,h0378,0.12791363287936988,scr2014,avaConv,pvResi
it_s,h0379,0.05252380676746168,scr2014,avaConv,pvResi
it_s,h0380,0.01183102252370805,scr2014,avaConv,pvResi
it_s,h0381,0.0,scr2014,avaConv,pvResi
it_s,h0382,0.0,scr2014,avaConv,pvResi
it_s,h0383,0.0,scr2014,avaConv,pvResi
it_s,h0384,0.0,scr2014,avaConv,pvResi
it_s,h0385,0.0,scr2014,avaConv,pvResi
it_s,h0386,0.0,scr2014,avaConv,pvResi
it_s,h0387,0.0,scr2014,avaConv,pvResi
it_s,h0388,0.0,scr2014,avaConv,pvResi
it_s,h0389,0.0,scr2014,avaConv,pvResi
it_s,h0390,0.011992821148123861,scr2014,avaConv,pvResi
it_s,h0391,0.06253239417183212,scr2014,avaConv,pvResi
it_s,h0392,0.1761323962143655,scr2014,avaConv,pvResi
it_s,h0393,0.32646297684809517,scr2014,avaConv,pvResi
it_s,h0394,0.4633027265166436,scr2014,avaConv,pvResi
it_s,h0395,0.5488626283394923,scr2014,avaConv,pvResi
it_s,h0396,0.5815789621639885,scr2014,avaConv,pvResi
it_s,h0397,0.6200958538383211,scr2014,avaConv,pvResi
it_s,h0398,0.6225581889568836,scr2014,avaConv,pvResi
it_s,h0399,0.5857922743789574,scr2014,avaConv,pvResi
it_s,h0400,0.4639305523918831,scr2014,avaConv,pvResi
it_s,h0401,0.3143817662024262,scr2014,avaConv,pvResi
it_s,h0402,0.1636705930394902,scr2014,avaConv,pvResi
it_s,h0403,0.0580117241449193,scr2014,avaConv,pvResi
it_s,h0404,0.008786916172915625,scr2014,avaConv,pvResi
it_s,h0405,0.0,scr2014,avaConv,pvResi
it_s,h0406,0.0,scr2014,avaConv,pvResi
it_s,h0407,0.0,scr2014,avaConv,pvResi
it_s,h0408,0.0,scr2014,avaConv,pvResi
it_cn,h0337,0.0,scr2014,avaConv,pvResi
it_cn,h0338,0.0,scr2014,avaConv,pvResi
it_cn,h0339,0.0,scr2014,avaConv,pvResi
it_cn,h0340,0.0,scr2014,avaConv,pvResi
it_cn,h0341,0.00017020355955702486,scr2014,avaConv,pvResi
it_cn,h0342,0.013392693777985888,scr2014,avaConv,pvResi
it_cn,h0343,0.060089559058159873,scr2014,avaConv,pvResi
it_cn,h0344,0.15586404360831246,scr2014,avaConv,pvResi
it_cn,h0345,0.2854913994156862,scr2014,avaConv,pvResi
it_cn,h0346,0.4170401269858108,scr2014,avaConv,pvResi
it_cn,h0347,0.5282082533502425,scr2014,avaConv,pvResi
it_cn,h0348,0.6035946059438642,scr2014,avaConv,pvResi
it_cn,h0349,0.6248869687559533,scr2014,avaConv,pvResi
it_cn,h0350,0.6065475175349591,scr2014,avaConv,pvResi
it_cn,h0351,0.5467584765558865,scr2014,avaConv,pvResi
it_cn,h0352,0.464257955996375,scr2014,avaConv,pvResi
it_cn,h0353,0.3563656411809339,scr2014,avaConv,pvResi
it_cn,h0354,0.23330310140756017,scr2014,avaConv,pvResi
it_cn,h0355,0.11947244193421724,scr2014,avaConv,pvResi
it_cn,h0356,0.03947895165085931,scr2014,avaConv,pvResi
it_cn,h0357,0.004934077578511893,scr2014,avaConv,pvResi
it_cn,h0358,0.0,scr2014,avaConv,pvResi
it_cn,h0359,0.0,scr2014,avaConv,pvResi
it_cn,h0360,0.0,scr2014,avaConv,pvResi
it_cn,h0361,0.0,scr2014,avaConv,pvResi
it_cn,h0362,0.0,scr2014,avaConv,pvResi
it_cn,h0363,0.0,scr2014,avaConv,pvResi
it_cn,h0364,0.0,scr2014,avaConv,pvResi
it_cn,h0365,0.0,scr2014,avaConv,pvResi
it_cn,h0366,0.010039883108850834,scr2014,avaConv,pvResi
it_cn,h0367,0.06320323644674818,scr2014,avaConv,pvResi
it_cn,h0368,0.18281335445753846,scr2014,avaConv,pvResi
it_cn,h0369,0.35036998440826517,scr2014,avaConv,pvResi
it_cn,h0370,0.5160445788141859,scr2014,avaConv,pvResi
it_cn,h0371,0.62910916146837,scr2014,avaConv,pvResi
it_cn,h0372,0.6836106755176101,scr2014,avaConv,pvResi
it_cn,h0373,0.6283474005772527,scr2014,avaConv,pvResi
it_cn,h0374,0.549400442481479,scr2014,avaConv,pvResi
it_cn,h0375,0.44895914930197806,scr2014,avaConv,pvResi
it_cn,h0376,0.38773148463782686,scr2014,avaConv,pvResi
it_cn,h0377,0.3059384710238661,scr2014,avaConv,pvResi
it_cn,h0378,0.20510665043541929,scr2014,avaConv,pvResi
it_cn,h0379,0.10371453806005367,scr2014,avaConv,pvResi
it_cn,h0380,0.03235976258720666,scr2014,avaConv,pvResi
it_cn,h0381,0.0036116528668067773,scr2014,avaConv,pvResi
it_cn,h0382,0.0,scr2014,avaConv,pvResi
it_cn,h0383,0.0,scr2014,avaConv,pvResi
it_cn,h0384,0.0,scr2014,avaConv,pvResi
it_cn,h0385,0.0,scr2014,avaConv,pvResi
it_cn,h0386,0.0,scr2014,avaConv,pvResi
it_cn,h0387,0.0,scr2014,avaConv,pvResi
it_cn,h0388,0.0,scr2014,avaConv,pvResi
it_cn,h0389,0.0,scr2014,avaConv,pvResi
it_cn,h0390,0.0065132475138917805,scr2014,avaConv,pvResi
it_cn,h0391,0.04492342012582616,scr2014,avaConv,pvResi
it_cn,h0392,0.12991669203594666,scr2014,avaConv,pvResi
it_cn,h0393,0.2592435745155259,scr2014,avaConv,pvResi
it_cn,h0394,0.3879335776003472,scr2014,avaConv,pvResi
it_cn,h0395,0.4859694450896299,scr2014,avaConv,pvResi
it_cn,h0396,0.5278586604675568,scr2014,avaConv,pvResi
it_cn,h0397,0.5746031344243263,scr2014,avaConv,pvResi
it_cn,h0398,0.5945172208650458,scr2014,avaConv,pvResi
it_cn,h0399,0.5904696211035944,scr2014,avaConv,pvResi
it_cn,h0400,0.4962173810745952,scr2014,avaConv,pvResi
it_cn,h0401,0.3632597372290612,scr2014,avaConv,pvResi
it_cn,h0402,0.21745864769227427,scr2014,avaConv,pvResi
it_cn,h0403,0.09487723640367965,scr2014,avaConv,pvResi
it_cn,h0404,0.02573934973450207,scr2014,avaConv,pvResi
it_cn,h0405,0.0,scr2014,avaConv,pvResi
it_cn,h0406,0.0,scr2014,avaConv,pvResi
it_cn,h0407,0.0,scr2014,avaConv,pvResi
it_cn,h0408,0.0,scr2014,avaConv,pvResi
it_cs,h0337,0.0,scr2014,avaConv,pvResi
it_cs,h0338,0.0,scr2014,avaConv,pvResi
it_cs,h0339,0.0,scr2014,avaConv,pvResi
it_cs,h0340,0.0,scr2014,avaConv,pvResi
it_cs,h0341,0.00013244909603142587,scr2014,avaConv,pvResi
it_cs,h0342,0.010569577546384098,scr2014,avaConv,pvResi
it_cs,h0343,0.059898925081489085,scr2014,avaConv,pvResi
it_cs,h0344,0.16886930417654483,scr2014,avaConv,pvResi
it_cs,h0345,0.31626838416121217,scr2014,avaConv,pvResi
it_cs,h0346,0.46397943065890357,scr2014,avaConv,pvResi
it_cs,h0347,0.5865446271129664,scr2014,avaConv,pvResi
it_cs,h0348,0.6701958913401059,scr2014,avaConv,pvResi
it_cs,h0349,0.6937373978678707,scr2014,avaConv,pvResi
it_cs,h0350,0.6714697247849231,scr2014,avaConv,pvResi
it_cs,h0351,0.6101482780582973,scr2014,avaConv,pvResi
it_cs,h0352,0.5162502987251181,scr2014,avaConv,pvResi
it_cs,h0353,0.3800251655655297,scr2014,avaConv,pvResi
it_cs,h0354,0.22293392269775797,scr2014,avaConv,pvResi
it_cs,h0355,0.09272652694572256,scr2014,avaConv,pvResi
it_cs,h0356,0.022227766780386897,scr2014,avaConv,pvResi
it_cs,h0357,0.0013106574479697884,scr2014,avaConv,pvResi
it_cs,h0358,0.0,scr2014,avaConv,pvResi
it_cs,h0359,0.0,scr2014,avaConv,pvResi
it_cs,h0360,0.0,scr2014,avaConv,pvResi
it_cs,h0361,0.0,scr2014,avaConv,pvResi
it_cs,h0362,0.0,scr2014,avaConv,pvResi
it_cs,h0363,0.0,scr2014,avaConv,pvResi
it_cs,h0364,0.0,scr2014,avaConv,pvResi
it_cs,h0365,0.0,scr2014,avaConv,pvResi
it_cs,h0366,0.008002943757627161,scr2014,avaConv,pvResi
it_cs,h0367,0.05700631087742374,scr2014,avaConv,pvResi
it_cs,h0368,0.1774949959243988,scr2014,avaConv,pvResi
it_cs,h0369,0.35387396952863936,scr2014,avaConv,pvResi
it_cs,h0370,0.5277059703856326,scr2014,avaConv,pvResi
it_cs,h0371,0.6438159321709139,scr2014,avaConv,pvResi
it_cs,h0372,0.6978562799337312,scr2014,avaConv,pvResi
it_cs,h0373,0.6439792480836799,scr2014,avaConv,pvResi
it_cs,h0374,0.5736490055877683,scr2014,avaConv,pvResi
it_cs,h0375,0.4677993660111832,scr2014,avaConv,pvResi
it_cs,h0376,0.38739826026959034,scr2014,avaConv,pvResi
it_cs,h0377,0.2807823004548957,scr2014,avaConv,pvResi
it_cs,h0378,0.1696990916558914,scr2014,avaConv,pvResi
it_cs,h0379,0.07479740941110834,scr2014,avaConv,pvResi
it_cs,h0380,0.017990318644540086,scr2014,avaConv,pvResi
it_cs,h0381,0.0007954743764492293,scr2014,avaConv,pvResi
it_cs,h0382,0.0,scr2014,avaConv,pvResi
it_cs,h0383,0.0,scr2014,avaConv,pvResi
it_cs,h0384,0.0,scr2014,avaConv,pvResi
it_cs,h0385,0.0,scr2014,avaConv,pvResi
it_cs,h0386,0.0,scr2014,avaConv,pvResi
it_cs,h0387,0.0,scr2014,avaConv,pvResi
it_cs,h0388,0.0,scr2014,avaConv,pvResi
it_cs,h0389,0.0,scr2014,avaConv,pvResi
it_cs,h0390,0.005655088961536361,scr2014,avaConv,pvResi
it_cs,h0391,0.04172465452090345,scr2014,avaConv,pvResi
it_cs,h0392,0.13294672141650882,scr2014,avaConv,pvResi
it_cs,h0393,0.2779789024025012,scr2014,avaConv,pvResi
it_cs,h0394,0.4252353092497663,scr2014,avaConv,pvResi
it_cs,h0395,0.5228566409079487,scr2014,avaConv,pvResi
it_cs,h0396,0.5452370066321519,scr2014,avaConv,pvResi
it_cs,h0397,0.584570783655274,scr2014,avaConv,pvResi
it_cs,h0398,0.5892599637994903,scr2014,avaConv,pvResi
it_cs,h0399,0.5777667296892306,scr2014,avaConv,pvResi
it_cs,h0400,0.47056683970590274,scr2014,avaConv,pvResi
it_cs,h0401,0.3392133317559586,scr2014,avaConv,pvResi
it_cs,h0402,0.1923177818417783,scr2014,avaConv,pvResi
it_cs,h0403,0.07312831990617169,scr2014,avaConv,pvResi
it_cs,h0404,0.014279992890161252,scr2014,avaConv,pvResi
it_cs,h0405,0.00010926947742330637,scr2014,avaConv,pvResi
it_cs,h0406,0.0,scr2014,avaConv,pvResi
it_cs,h0407,0.0,scr2014,avaConv,pvResi
it_cs,h0408,0.0,scr2014,avaConv,pvResi
it_n,h0337,0.0,scr2014,avaConv,pvResi
it_n,h0338,0.0,scr2014,avaConv,pvResi
it_n,h0339,0.0,scr2014,avaConv,pvResi
it_n,h0340,0.0,scr2014,avaConv,pvResi
it_n,h0341,0.0,scr2014,avaConv,pvResi
it_n,h0342,0.010832863802292874,scr2014,avaConv,pvResi
it_n,h0343,0.05777638540609143,scr2014,avaConv,pvResi
it_n,h0344,0.1646655636273316,scr2014,avaConv,pvResi
it_n,h0345,0.3188092088900698,scr2014,avaConv,pvResi
it_n,h0346,0.46896660071787205,scr2014,avaConv,pvResi
it_n,h0347,0.5734658137591737,scr2014,avaConv,pvResi
it_n,h0348,0.614489083277567,scr2014,avaConv,pvResi
it_n,h0349,0.5571241788402581,scr2014,avaConv,pvResi
it_n,h0350,0.4861719014864969,scr2014,avaConv,pvResi
it_n,h0351,0.3941300347230806,scr2014,avaConv,pvResi
it_n,h0352,0.33848186785845613,scr2014,avaConv,pvResi
it_n,h0353,0.26244143662534997,scr2014,avaConv,pvResi
it_n,h0354,0.18632682265578293,scr2014,avaConv,pvResi
it_n,h0355,0.10862927110908044,scr2014,avaConv,pvResi
it_n,h0356,0.04410112848220338,scr2014,avaConv,pvResi
it_n,h0357,0.008051046247617459,scr2014,avaConv,pvResi
it_n,h0358,0.0,scr2014,avaConv,pvResi
it_n,h0359,0.0,scr2014,avaConv,pvResi
it_n,h0360,0.0,scr2014,avaConv,pvResi
it_n,h0361,0.0,scr2014,avaConv,pvResi
it_n,h0362,0.0,scr2014,avaConv,pvResi
it_n,h0363,0.0,scr2014,avaConv,pvResi
it_n,h0364,0.0,scr2014,avaConv,pvResi
it_n,h0365,0.0,scr2014,avaConv,pvResi
it_n,h0366,0.007233378184291909,scr2014,avaConv,pvResi
it_n,h0367,0.05423643372571746,scr2014,avaConv,pvResi
it_n,h0368,0.16785745350635145,scr2014,avaConv,pvResi
it_n,h0369,0.3352719129668358,scr2014,avaConv,pvResi
it_n,h0370,0.5025877776826506,scr2014,avaConv,pvResi
it_n,h0371,0.6247287239559444,scr2014,avaConv,pvResi
it_n,h0372,0.6909074040768227,scr2014,avaConv,pvResi
it_n,h0373,0.6009714877835811,scr2014,avaConv,pvResi
it_n,h0374,0.4786181313079252,scr2014,avaConv,pvResi
it_n,h0375,0.3388523974896598,scr2014,avaConv,pvResi
it_n,h0376,0.2919999136495169,scr2014,avaConv,pvResi
it_n,h0377,0.2322561049166565,scr2014,avaConv,pvResi
it_n,h0378,0.16195314932887483,scr2014,avaConv,pvResi
it_n,h0379,0.08909844973087426,scr2014,avaConv,pvResi
it_n,h0380,0.03425541605696333,scr2014,avaConv,pvResi
it_n,h0381,0.0070508242141808656,scr2014,avaConv,pvResi
it_n,h0382,0.0,scr2014,avaConv,pvResi
it_n,h0383,0.0,scr2014,avaConv,pvResi
it_n,h0384,0.0,scr2014,avaConv,pvResi
it_n,h0385,0.0,scr2014,avaConv,pvResi
it_n,h0386,0.0,scr2014,avaConv,pvResi
it_n,h0387,0.0,scr2014,avaConv,pvResi
it_n,h0388,0.0,scr2014,avaConv,pvResi
it_n,h0389,0.0,scr2014,avaConv,pvResi
it_n,h0390,0.005392786504965245,scr2014,avaConv,pvResi
it_n,h0391,0.04573762230982612,scr2014,avaConv,pvResi
it_n,h0392,0.15176806901132936,scr2014,avaConv,pvResi
it_n,h0393,0.31962438468166354,scr2014,avaConv,pvResi
it_n,h0394,0.49997263365429073,scr2014,avaConv,pvResi
it_n,h0395,0.6418951050865549,scr2014,avaConv,pvResi
it_n,h0396,0.7211892078102632,scr2014,avaConv,pvResi
it_n,h0397,0.6769979110036861,scr2014,avaConv,pvResi
it_n,h0398,0.5997745829896411,scr2014,avaConv,pvResi
it_n,h0399,0.5053994576121885,scr2014,avaConv,pvResi
it_n,h0400,0.4477181143653426,scr2014,avaConv,pvResi
it_n,h0401,0.351869128572715,scr2014,avaConv,pvResi
it_n,h0402,0.22934032656226128,scr2014,avaConv,pvResi
it_n,h0403,0.1110761737950551,scr2014,avaConv,pvResi
it_n,h0404,0.035614346214862536,scr2014,avaConv,pvResi
it_n,h0405,0.002957423715046886,scr2014,avaConv,pvResi
it_n,h0406,0.0,scr2014,avaConv,pvResi
it_n,h0407,0.0,scr2014,avaConv,pvResi
it_n,h0408,0.0,scr2014,avaConv,pvResi
it_sar,h0337,0.0,scr2014,avaConv,pvResi
it_sar,h0338,0.0,scr2014,avaConv,pvResi
it_sar,h0339,0.0,scr2014,avaConv,pvResi
it_sar,h0340,0.0,scr2014,avaConv,pvResi
it_sar,h0341,0.0,scr2014,avaConv,pvResi
it_sar,h0342,0.005845749571010308,scr2014,avaConv,pvResi
it_sar,h0343,0.05020425952617995,scr2014,avaConv,pvResi
it_sar,h0344,0.15608239417334147,scr2014,avaConv,pvResi
it_sar,h0345,0.3147516284739472,scr2014,avaConv,pvResi
it_sar,h0346,0.4775419934641266,scr2014,avaConv,pvResi
it_sar,h0347,0.6064056309683955,scr2014,avaConv,pvResi
it_sar,h0348,0.6896045218580014,scr2014,avaConv,pvResi
it_sar,h0349,0.7293973740569887,scr2014,avaConv,pvResi
it_sar,h0350,0.7307417427728536,scr2014,avaConv,pvResi
it_sar,h0351,0.6924004150539537,scr2014,avaConv,pvResi
it_sar,h0352,0.6074092368624866,scr2014,avaConv,pvResi
it_sar,h0353,0.4748482842579955,scr2014,avaConv,pvResi
it_sar,h0354,0.3085125432644961,scr2014,avaConv,pvResi
it_sar,h0355,0.15028994913705526,scr2014,avaConv,pvResi
it_sar,h0356,0.04686070592825228,scr2014,avaConv,pvResi
it_sar,h0357,0.005381704378087877,scr2014,avaConv,pvResi
it_sar,h0358,0.0,scr2014,avaConv,pvResi
it_sar,h0359,0.0,scr2014,avaConv,pvResi
it_sar,h0360,0.0,scr2014,avaConv,pvResi
it_sar,h0361,0.0,scr2014,avaConv,pvResi
it_sar,h0362,0.0,scr2014,avaConv,pvResi
it_sar,h0363,0.0,scr2014,avaConv,pvResi
it_sar,h0364,0.0,scr2014,avaConv,pvResi
it_sar,h0365,0.0,scr2014,avaConv,pvResi
it_sar,h0366,0.005179087082697872,scr2014,avaConv,pvResi
it_sar,h0367,0.04601095340934251,scr2014,avaConv,pvResi
it_sar,h0368,0.14853068678440856,scr2014,avaConv,pvResi
it_sar,h0369,0.3018713319147032,scr2014,avaConv,pvResi
it_sar,h0370,0.46080046331643687,scr2014,avaConv,pvResi
it_sar,h0371,0.583794875622961,scr2014,avaConv,pvResi
it_sar,h0372,0.6625926176395637,scr2014,avaConv,pvResi
it_sar,h0373,0.7060211310921204,scr2014,avaConv,pvResi
it_sar,h0374,0.7076204907890777,scr2014,avaConv,pvResi
it_sar,h0375,0.6674443100964251,scr2014,avaConv,pvResi
it_sar,h0376,0.575382517803878,scr2014,avaConv,pvResi
it_sar,h0377,0.4453673223798601,scr2014,avaConv,pvResi
it_sar,h0378,0.2877508228323524,scr2014,avaConv,pvResi
it_sar,h0379,0.13626561144115326,scr2014,avaConv,pvResi
it_sar,h0380,0.03943425305834234,scr2014,avaConv,pvResi
it_sar,h0381,0.001827587780142228,scr2014,avaConv,pvResi
it_sar,h0382,0.0,scr2014,avaConv,pvResi
it_sar,h0383,0.0,scr2014,avaConv,pvResi
it_sar,h0384,0.0,scr2014,avaConv,pvResi
it_sar,h0385,0.0,scr2014,avaConv,pvResi
it_sar,h0386,0.0,scr2014,avaConv,pvResi
it_sar,h0387,0.0,scr2014,avaConv,pvResi
it_sar,h0388,0.0,scr2014,avaConv,pvResi
it_sar,h0389,0.0,scr2014,avaConv,pvResi
it_sar,h0390,0.0020849180471262303,scr2014,avaConv,pvResi
it_sar,h0391,0.03604931950389928,scr2014,avaConv,pvResi
it_sar,h0392,0.1239715682973481,scr2014,avaConv,pvResi
it_sar,h0393,0.26841866614647036,scr2014,avaConv,pvResi
it_sar,h0394,0.4308518064392759,scr2014,avaConv,pvResi
it_sar,h0395,0.5697863266339266,scr2014,avaConv,pvResi
it_sar,h0396,0.666344337365477,scr2014,avaConv,pvResi
it_sar,h0397,0.6746884075822116,scr2014,avaConv,pvResi
it_sar,h0398,0.6604745568422116,scr2014,avaConv,pvResi
it_sar,h0399,0.6090889231534414,scr2014,avaConv,pvResi
it_sar,h0400,0.5521644792290661,scr2014,avaConv,pvResi
it_sar,h0401,0.43251076639570296,scr2014,avaConv,pvResi
it_sar,h0402,0.2750994543762438,scr2014,avaConv,pvResi
it_sar,h0403,0.12442321487948667,scr2014,avaConv,pvResi
it_sar,h0404,0.03200631934664092,scr2014,avaConv,pvResi
it_sar,h0405,0.0,scr2014,avaConv,pvResi
it_sar,h0406,0.0,scr2014,avaConv,pvResi
it_sar,h0407,0.0,scr2014,avaConv,pvResi
it_sar,h0408,0.0,scr2014,avaConv,pvResi
it_sic,h0337,0.0,scr2014,avaConv,pvResi
it_sic,h0338,0.0,scr2014,avaConv,pvResi
it_sic,h0339,0.0,scr2014,avaConv,pvResi
it_sic,h0340,0.0,scr2014,avaConv,pvResi
it_sic,h0341,0.0,scr2014,avaConv,pvResi
it_sic,h0342,0.012494903560205762,scr2014,avaConv,pvResi
it_sic,h0343,0.07330105490199218,scr2014,avaConv,pvResi
it_sic,h0344,0.1981841234490283,scr2014,avaConv,pvResi
it_sic,h0345,0.3629988627712268,scr2014,avaConv,pvResi
it_sic,h0346,0.5157640579309023,scr2014,avaConv,pvResi
it_sic,h0347,0.627399258719421,scr2014,avaConv,pvResi
it_sic,h0348,0.6960663215170827,scr2014,avaConv,pvResi
it_sic,h0349,0.7173071333595143,scr2014,avaConv,pvResi
it_sic,h0350,0.6994058717772196,scr2014,avaConv,pvResi
it_sic,h0351,0.6385442158254673,scr2014,avaConv,pvResi
it_sic,h0352,0.5384206811892668,scr2014,avaConv,pvResi
it_sic,h0353,0.3966885729041903,scr2014,avaConv,pvResi
it_sic,h0354,0.23331515868962094,scr2014,avaConv,pvResi
it_sic,h0355,0.09623524856531936,scr2014,avaConv,pvResi
it_sic,h0356,0.021130057870002755,scr2014,avaConv,pvResi
it_sic,h0357,0.0002147326168852295,scr2014,avaConv,pvResi
it_sic,h0358,0.0,scr2014,avaConv,pvResi
it_sic,h0359,0.0,scr2014,avaConv,pvResi
it_sic,h0360,0.0,scr2014,avaConv,pvResi
it_sic,h0361,0.0,scr2014,avaConv,pvResi
it_sic,h0362,0.0,scr2014,avaConv,pvResi
it_sic,h0363,0.0,scr2014,avaConv,pvResi
it_sic,h0364,0.0,scr2014,avaConv,pvResi
it_sic,h0365,0.0,scr2014,avaConv,pvResi
it_sic,h0366,0.010408384231002979,scr2014,avaConv,pvResi
it_sic,h0367,0.06661784065427738,scr2014,avaConv,pvResi
it_sic,h0368,0.18600428822562054,scr2014,avaConv,pvResi
it_sic,h0369,0.3472649577208493,scr2014,avaConv,pvResi
it_sic,h0370,0.4978704716329808,scr2014,avaConv,pvResi
it_sic,h0371,0.6035563066044343,scr2014,avaConv,pvResi
it_sic,h0372,0.6467431592368974,scr2014,avaConv,pvResi
it_sic,h0373,0.649265978827438,scr2014,avaConv,pvResi
it_sic,h0374,0.6047892887932678,scr2014,avaConv,pvResi
it_sic,h0375,0.5426762406604595,scr2014,avaConv,pvResi
it_sic,h0376,0.45084877928658934,scr2014,avaConv,pvResi
it_sic,h0377,0.33829358996946507,scr2014,avaConv,pvResi
it_sic,h0378,0.20591638935201828,scr2014,avaConv,pvResi
it_sic,h0379,0.08659987551467081,scr2014,avaConv,pvResi
it_sic,h0380,0.01987182287194192,scr2014,avaConv,pvResi
it_sic,h0381,0.0003908998986032717,scr2014,avaConv,pvResi
it_sic,h0382,0.0,scr2014,avaConv,pvResi
it_sic,h0383,0.0,scr2014,avaConv,pvResi
it_sic,h0384,0.0,scr2014,avaConv,pvResi
it_sic,h0385,0.0,scr2014,avaConv,pvResi
it_sic,h0386,0.0,scr2014,avaConv,pvResi
it_sic,h0387,0.0,scr2014,avaConv,pvResi
it_sic,h0388,0.0,scr2014,avaConv,pvResi
it_sic,h0389,0.0,scr2014,avaConv,pvResi
it_sic,h0390,0.00686534002099017,scr2014,avaConv,pvResi
it_sic,h0391,0.055385265928346146,scr2014,avaConv,pvResi
it_sic,h0392,0.1606988238834475,scr2014,avaConv,pvResi
it_sic,h0393,0.31140774945286825,scr2014,avaConv,pvResi
it_sic,h0394,0.46072181399228773,scr2014,avaConv,pvResi
it_sic,h0395,0.5807489709197435,scr2014,avaConv,pvResi
it_sic,h0396,0.6621632904986804,scr2014,avaConv,pvResi
it_sic,h0397,0.7004180107248928,scr2014,avaConv,pvResi
it_sic,h0398,0.6948217621249297,scr2014,avaConv,pvResi
it_sic,h0399,0.6416899440324322,scr2014,avaConv,pvResi
it_sic,h0400,0.5379811118663482,scr2014,avaConv,pvResi
it_sic,h0401,0.3891387421109931,scr2014,avaConv,pvResi
it_sic,h0402,0.21910840366191672,scr2014,avaConv,pvResi
it_sic,h0403,0.08451238095275017,scr2014,avaConv,pvResi
it_sic,h0404,0.015190243734570057,scr2014,avaConv,pvResi
it_sic,h0405,0.0,scr2014,avaConv,pvResi
it_sic,h0406,0.0,scr2014,avaConv,pvResi
it_sic,h0407,0.0,scr2014,avaConv,pvResi
it_sic,h0408,0.0,scr2014,avaConv,pvResi
lt,h0337,0.0,scr2014,avaConv,pvResi
lt,h0338,0.0,scr2014,avaConv,pvResi
lt,h0339,0.0,scr2014,avaConv,pvResi
lt,h0340,0.0025729254222654537,scr2014,avaConv,pvResi
lt,h0341,0.014341388972293416,scr2014,avaConv,pvResi
lt,h0342,0.06485303149202905,scr2014,avaConv,pvResi
lt,h0343,0.17253476250690336,scr2014,avaConv,pvResi
lt,h0344,0.3258247594415853,scr2014,avaConv,pvResi
lt,h0345,0.4793779812346118,scr2014,avaConv,pvResi
lt,h0346,0.6010103047105567,scr2014,avaConv,pvResi
lt,h0347,0.6740990321646058,scr2014,avaConv,pvResi
lt,h0348,0.6949637572099628,scr2014,avaConv,pvResi
lt,h0349,0.6686536398160383,scr2014,avaConv,pvResi
lt,h0350,0.6003485232071302,scr2014,avaConv,pvResi
lt,h0351,0.4950937818675364,scr2014,avaConv,pvResi
lt,h0352,0.3679654653386194,scr2014,avaConv,pvResi
lt,h0353,0.2465552409779404,scr2014,avaConv,pvResi
lt,h0354,0.13946986514159337,scr2014,avaConv,pvResi
lt,h0355,0.06294067142127581,scr2014,avaConv,pvResi
lt,h0356,0.017095817228122208,scr2014,avaConv,pvResi
lt,h0357,0.003198975528557608,scr2014,avaConv,pvResi
lt,h0358,0.0,scr2014,avaConv,pvResi
lt,h0359,0.0,scr2014,avaConv,pvResi
lt,h0360,0.0,scr2014,avaConv,pvResi
lt,h0361,0.0,scr2014,avaConv,pvResi
lt,h0362,0.0,scr2014,avaConv,pvResi
lt,h0363,0.0,scr2014,avaConv,pvResi
lt,h0364,0.001520526687980969,scr2014,avaConv,pvResi
lt,h0365,0.01264800502362987,scr2014,avaConv,pvResi
lt,h0366,0.05491616515462003,scr2014,avaConv,pvResi
lt,h0367,0.15265696715697866,scr2014,avaConv,pvResi
lt,h0368,0.28403992384378773,scr2014,avaConv,pvResi
lt,h0369,0.4194639681168124,scr2014,avaConv,pvResi
lt,h0370,0.514897230729487,scr2014,avaConv,pvResi
lt,h0371,0.5766822840071651,scr2014,avaConv,pvResi
lt,h0372,0.6082346138842956,scr2014,avaConv,pvResi
lt,h0373,0.5895519971916356,scr2014,avaConv,pvResi
lt,h0374,0.533600172665175,scr2014,avaConv,pvResi
lt,h0375,0.43835597165494883,scr2014,avaConv,pvResi
lt,h0376,0.3410830393610356,scr2014,avaConv,pvResi
lt,h0377,0.23254960016176177,scr2014,avaConv,pvResi
lt,h0378,0.1315741192167281,scr2014,avaConv,pvResi
lt,h0379,0.052232508932306604,scr2014,avaConv,pvResi
lt,h0380,0.013432231518677179,scr2014,avaConv,pvResi
lt,h0381,0.0007957048009855935,scr2014,avaConv,pvResi
lt,h0382,0.0,scr2014,avaConv,pvResi
lt,h0383,0.0,scr2014,avaConv,pvResi
lt,h0384,0.0,scr2014,avaConv,pvResi
lt,h0385,0.0,scr2014,avaConv,pvResi
lt,h0386,0.0,scr2014,avaConv,pvResi
lt,h0387,0.0,scr2014,avaConv,pvResi
lt,h0388,0.0,scr2014,avaConv,pvResi
lt,h0389,0.00669365705746235,scr2014,avaConv,pvResi
lt,h0390,0.04270826367953091,scr2014,avaConv,pvResi
lt,h0391,0.12105310290737002,scr2014,avaConv,pvResi
lt,h0392,0.22823892002025828,scr2014,avaConv,pvResi
lt,h0393,0.3145333291413223,scr2014,avaConv,pvResi
lt,h0394,0.3688080229414987,scr2014,avaConv,pvResi
lt,h0395,0.3845994117715217,scr2014,avaConv,pvResi
lt,h0396,0.36269728082064395,scr2014,avaConv,pvResi
lt,h0397,0.42111369823388534,scr2014,avaConv,pvResi
lt,h0398,0.4627411959302025,scr2014,avaConv,pvResi
lt,h0399,0.49255807168547056,scr2014,avaConv,pvResi
lt,h0400,0.3849088896130322,scr2014,avaConv,pvResi
lt,h0401,0.2514923600265913,scr2014,avaConv,pvResi
lt,h0402,0.12626187654165236,scr2014,avaConv,pvResi
lt,h0403,0.041640961199019604,scr2014,avaConv,pvResi
lt,h0404,0.0058761353225983155,scr2014,avaConv,pvResi
lt,h0405,0.0,scr2014,avaConv,pvResi
lt,h0406,0.0,scr2014,avaConv,pvResi
lt,h0407,0.0,scr2014,avaConv,pvResi
lt,h0408,0.0,scr2014,avaConv,pvResi
lu,h0337,0.0,scr2014,avaConv,pvResi
lu,h0338,0.0,scr2014,avaConv,pvResi
lu,h0339,0.0,scr2014,avaConv,pvResi
lu,h0340,0.0,scr2014,avaConv,pvResi
lu,h0341,0.0008278590270342591,scr2014,avaConv,pvResi
lu,h0342,0.007005540394965288,scr2014,avaConv,pvResi
lu,h0343,0.044252153419886,scr2014,avaConv,pvResi
lu,h0344,0.12316382251914125,scr2014,avaConv,pvResi
lu,h0345,0.20011113274508005,scr2014,avaConv,pvResi
lu,h0346,0.20478372469453335,scr2014,avaConv,pvResi
lu,h0347,0.14478931865655514,scr2014,avaConv,pvResi
lu,h0348,0.11819221019348242,scr2014,avaConv,pvResi
lu,h0349,0.10041577819818952,scr2014,avaConv,pvResi
lu,h0350,0.10359005989699824,scr2014,avaConv,pvResi
lu,h0351,0.06873258969473495,scr2014,avaConv,pvResi
lu,h0352,0.061444301385764004,scr2014,avaConv,pvResi
lu,h0353,0.057785336688103185,scr2014,avaConv,pvResi
lu,h0354,0.06585572100165257,scr2014,avaConv,pvResi
lu,h0355,0.06588513639928442,scr2014,avaConv,pvResi
lu,h0356,0.046168373240602655,scr2014,avaConv,pvResi
lu,h0357,0.019539972297461412,scr2014,avaConv,pvResi
lu,h0358,0.0020278968608991523,scr2014,avaConv,pvResi
lu,h0359,0.0,scr2014,avaConv,pvResi
lu,h0360,0.0,scr2014,avaConv,pvResi
lu,h0361,0.0,scr2014,avaConv,pvResi
lu,h0362,0.0,scr2014,avaConv,pvResi
lu,h0363,0.0,scr2014,avaConv,pvResi
lu,h0364,0.0,scr2014,avaConv,pvResi
lu,h0365,0.0,scr2014,avaConv,pvResi
lu,h0366,0.005700814798601051,scr2014,avaConv,pvResi
lu,h0367,0.04305603209379908,scr2014,avaConv,pvResi
lu,h0368,0.14794778717406512,scr2014,avaConv,pvResi
lu,h0369,0.3148691853434239,scr2014,avaConv,pvResi
lu,h0370,0.4993808832400151,scr2014,avaConv,pvResi
lu,h0371,0.6475668941705969,scr2014,avaConv,pvResi
lu,h0372,0.7451390360061771,scr2014,avaConv,pvResi
lu,h0373,0.561648270943706,scr2014,avaConv,pvResi
lu,h0374,0.35851581306537667,scr2014,avaConv,pvResi
lu,h0375,0.14547362013452841,scr2014,avaConv,pvResi
lu,h0376,0.14422446087720747,scr2014,avaConv,pvResi
lu,h0377,0.12750104993579653,scr2014,avaConv,pvResi
lu,h0378,0.10594153769337315,scr2014,avaConv,pvResi
lu,h0379,0.07539214776436483,scr2014,avaConv,pvResi
lu,h0380,0.03867861726091295,scr2014,avaConv,pvResi
lu,h0381,0.013853753678773659,scr2014,avaConv,pvResi
lu,h0382,0.0,scr2014,avaConv,pvResi
lu,h0383,0.0,scr2014,avaConv,pvResi
lu,h0384,0.0,scr2014,avaConv,pvResi
lu,h0385,0.0,scr2014,avaConv,pvResi
lu,h0386,0.0,scr2014,avaConv,pvResi
lu,h0387,0.0,scr2014,avaConv,pvResi
lu,h0388,0.0,scr2014,avaConv,pvResi
lu,h0389,0.0,scr2014,avaConv,pvResi
lu,h0390,0.005141194439227013,scr2014,avaConv,pvResi
lu,h0391,0.036773304195001806,scr2014,avaConv,pvResi
lu,h0392,0.11521953480126688,scr2014,avaConv,pvResi
lu,h0393,0.24126144962386953,scr2014,avaConv,pvResi
lu,h0394,0.38447580804444054,scr2014,avaConv,pvResi
lu,h0395,0.5228745461720017,scr2014,avaConv,pvResi
lu,h0396,0.6458828492075447,scr2014,avaConv,pvResi
lu,h0397,0.6640433854913971,scr2014,avaConv,pvResi
lu,h0398,0.6057037295935818,scr2014,avaConv,pvResi
lu,h0399,0.49305434153164035,scr2014,avaConv,pvResi
lu,h0400,0.4224446343818832,scr2014,avaConv,pvResi
lu,h0401,0.34871374208643846,scr2014,avaConv,pvResi
lu,h0402,0.24974499355600074,scr2014,avaConv,pvResi
lu,h0403,0.1253195407061175,scr2014,avaConv,pvResi
lu,h0404,0.04028590863325046,scr2014,avaConv,pvResi
lu,h0405,0.0011147977347298755,scr2014,avaConv,pvResi
lu,h0406,0.0,scr2014,avaConv,pvResi
lu,h0407,0.0,scr2014,avaConv,pvResi
lu,h0408,0.0,scr2014,avaConv,pvResi
lv,h0337,0.0,scr2014,avaConv,pvResi
lv,h0338,0.0,scr2014,avaConv,pvResi
lv,h0339,0.0,scr2014,avaConv,pvResi
lv,h0340,0.0064625067547236705,scr2014,avaConv,pvResi
lv,h0341,0.027276051337627196,scr2014,avaConv,pvResi
lv,h0342,0.08094920517305408,scr2014,avaConv,pvResi
lv,h0343,0.18990698752248977,scr2014,avaConv,pvResi
lv,h0344,0.34252717426296103,scr2014,avaConv,pvResi
lv,h0345,0.5020216134989632,scr2014,avaConv,pvResi
lv,h0346,0.6238855092463031,scr2014,avaConv,pvResi
lv,h0347,0.691608476683182,scr2014,avaConv,pvResi
lv,h0348,0.7012023902308314,scr2014,avaConv,pvResi
lv,h0349,0.675785964944236,scr2014,avaConv,pvResi
lv,h0350,0.6181962556459114,scr2014,avaConv,pvResi
lv,h0351,0.5242342228364321,scr2014,avaConv,pvResi
lv,h0352,0.3924461014486402,scr2014,avaConv,pvResi
lv,h0353,0.25748108526520264,scr2014,avaConv,pvResi
lv,h0354,0.14076081082013575,scr2014,avaConv,pvResi
lv,h0355,0.06271689070528057,scr2014,avaConv,pvResi
lv,h0356,0.015294969957068128,scr2014,avaConv,pvResi
lv,h0357,0.003235598639088872,scr2014,avaConv,pvResi
lv,h0358,0.0,scr2014,avaConv,pvResi
lv,h0359,0.0,scr2014,avaConv,pvResi
lv,h0360,0.0,scr2014,avaConv,pvResi
lv,h0361,0.0,scr2014,avaConv,pvResi
lv,h0362,0.0,scr2014,avaConv,pvResi
lv,h0363,0.0,scr2014,avaConv,pvResi
lv,h0364,0.0030318106119724057,scr2014,avaConv,pvResi
lv,h0365,0.01755145173504332,scr2014,avaConv,pvResi
lv,h0366,0.06780674742144037,scr2014,avaConv,pvResi
lv,h0367,0.13701932934457806,scr2014,avaConv,pvResi
lv,h0368,0.22659288277904296,scr2014,avaConv,pvResi
lv,h0369,0.3060254378935907,scr2014,avaConv,pvResi
lv,h0370,0.3850389363043942,scr2014,avaConv,pvResi
lv,h0371,0.4415484641346517,scr2014,avaConv,pvResi
lv,h0372,0.4611780558596391,scr2014,avaConv,pvResi
lv,h0373,0.47923574509169714,scr2014,avaConv,pvResi
lv,h0374,0.4589913221477007,scr2014,avaConv,pvResi
lv,h0375,0.4235807711605435,scr2014,avaConv,pvResi
lv,h0376,0.3371707036856127,scr2014,avaConv,pvResi
lv,h0377,0.2415676384440653,scr2014,avaConv,pvResi
lv,h0378,0.1374579239776342,scr2014,avaConv,pvResi
lv,h0379,0.05646021488819499,scr2014,avaConv,pvResi
lv,h0380,0.012702184059820572,scr2014,avaConv,pvResi
lv,h0381,0.0013675993982765317,scr2014,avaConv,pvResi
lv,h0382,0.0,scr2014,avaConv,pvResi
lv,h0383,0.0,scr2014,avaConv,pvResi
lv,h0384,0.0,scr2014,avaConv,pvResi
lv,h0385,0.0,scr2014,avaConv,pvResi
lv,h0386,0.0,scr2014,avaConv,pvResi
lv,h0387,0.0,scr2014,avaConv,pvResi
lv,h0388,0.0007651017409415236,scr2014,avaConv,pvResi
lv,h0389,0.010450773431095758,scr2014,avaConv,pvResi
lv,h0390,0.054626056409177996,scr2014,avaConv,pvResi
lv,h0391,0.1538114664888833,scr2014,avaConv,pvResi
lv,h0392,0.28601956683228535,scr2014,avaConv,pvResi
lv,h0393,0.39212621173282963,scr2014,avaConv,pvResi
lv,h0394,0.426951278145551,scr2014,avaConv,pvResi
lv,h0395,0.3957024679082,scr2014,avaConv,pvResi
lv,h0396,0.3227222289094002,scr2014,avaConv,pvResi
lv,h0397,0.4016395602318681,scr2014,avaConv,pvResi
lv,h0398,0.46221124741234526,scr2014,avaConv,pvResi
lv,h0399,0.5025427134675681,scr2014,avaConv,pvResi
lv,h0400,0.36156290721440515,scr2014,avaConv,pvResi
lv,h0401,0.2269721743207472,scr2014,avaConv,pvResi
lv,h0402,0.11729059704686416,scr2014,avaConv,pvResi
lv,h0403,0.04213487641838039,scr2014,avaConv,pvResi
lv,h0404,0.007162407122776729,scr2014,avaConv,pvResi
lv,h0405,0.0,scr2014,avaConv,pvResi
lv,h0406,0.0,scr2014,avaConv,pvResi
lv,h0407,0.0,scr2014,avaConv,pvResi
lv,h0408,0.0,scr2014,avaConv,pvResi
me,h0337,0.0,scr2014,avaConv,pvResi
me,h0338,0.0,scr2014,avaConv,pvResi
me,h0339,0.0,scr2014,avaConv,pvResi
me,h0340,0.0,scr2014,avaConv,pvResi
me,h0341,0.0012169776034189912,scr2014,avaConv,pvResi
me,h0342,0.028176747833012203,scr2014,avaConv,pvResi
me,h0343,0.11709718735119597,scr2014,avaConv,pvResi
me,h0344,0.2763239996241607,scr2014,avaConv,pvResi
me,h0345,0.4587865687368309,scr2014,avaConv,pvResi
me,h0346,0.6124101591092319,scr2014,avaConv,pvResi
me,h0347,0.7107951341427784,scr2014,avaConv,pvResi
me,h0348,0.7609722324433833,scr2014,avaConv,pvResi
me,h0349,0.7439462640517097,scr2014,avaConv,pvResi
me,h0350,0.6896123804125853,scr2014,avaConv,pvResi
me,h0351,0.5973960180968152,scr2014,avaConv,pvResi
me,h0352,0.49159737094945594,scr2014,avaConv,pvResi
me,h0353,0.34875070702155436,scr2014,avaConv,pvResi
me,h0354,0.19076083825668091,scr2014,avaConv,pvResi
me,h0355,0.06853423712194606,scr2014,avaConv,pvResi
me,h0356,0.011041564035768977,scr2014,avaConv,pvResi
me,h0357,0.0,scr2014,avaConv,pvResi
me,h0358,0.0,scr2014,avaConv,pvResi
me,h0359,0.0,scr2014,avaConv,pvResi
me,h0360,0.0,scr2014,avaConv,pvResi
me,h0361,0.0,scr2014,avaConv,pvResi
me,h0362,0.0,scr2014,avaConv,pvResi
me,h0363,0.0,scr2014,avaConv,pvResi
me,h0364,0.0,scr2014,avaConv,pvResi
me,h0365,0.0015689119121595223,scr2014,avaConv,pvResi
me,h0366,0.02493389544597881,scr2014,avaConv,pvResi
me,h0367,0.09931210326141553,scr2014,avaConv,pvResi
me,h0368,0.23763067600656468,scr2014,avaConv,pvResi
me,h0369,0.395403288182141,scr2014,avaConv,pvResi
me,h0370,0.5332331941188458,scr2014,avaConv,pvResi
me,h0371,0.6292444775751376,scr2014,avaConv,pvResi
me,h0372,0.6777662157158858,scr2014,avaConv,pvResi
me,h0373,0.6655893151145215,scr2014,avaConv,pvResi
me,h0374,0.5822865718131462,scr2014,avaConv,pvResi
me,h0375,0.4448927052767234,scr2014,avaConv,pvResi
me,h0376,0.2916543865919316,scr2014,avaConv,pvResi
me,h0377,0.1644687667242753,scr2014,avaConv,pvResi
me,h0378,0.08078486200500566,scr2014,avaConv,pvResi
me,h0379,0.03139331677973356,scr2014,avaConv,pvResi
me,h0380,0.00782313656099431,scr2014,avaConv,pvResi
me,h0381,0.0,scr2014,avaConv,pvResi
me,h0382,0.0,scr2014,avaConv,pvResi
me,h0383,0.0,scr2014,avaConv,pvResi
me,h0384,0.0,scr2014,avaConv,pvResi
me,h0385,0.0,scr2014,avaConv,pvResi
me,h0386,0.0,scr2014,avaConv,pvResi
me,h0387,0.0,scr2014,avaConv,pvResi
me,h0388,0.0,scr2014,avaConv,pvResi
me,h0389,0.0,scr2014,avaConv,pvResi
me,h0390,0.006062761195628385,scr2014,avaConv,pvResi
me,h0391,0.02343316458563857,scr2014,avaConv,pvResi
me,h0392,0.05887358566675354,scr2014,avaConv,pvResi
me,h0393,0.12405016412170254,scr2014,avaConv,pvResi
me,h0394,0.22851388375622522,scr2014,avaConv,pvResi
me,h0395,0.3643089344290561,scr2014,avaConv,pvResi
me,h0396,0.4826586182682323,scr2014,avaConv,pvResi
me,h0397,0.5409342090492123,scr2014,avaConv,pvResi
me,h0398,0.5425429544503813,scr2014,avaConv,pvResi
me,h0399,0.5008739571374077,scr2014,avaConv,pvResi
me,h0400,0.4073208296355886,scr2014,avaConv,pvResi
me,h0401,0.27416917947933583,scr2014,avaConv,pvResi
me,h0402,0.13354221041068745,scr2014,avaConv,pvResi
me,h0403,0.04559863548975099,scr2014,avaConv,pvResi
me,h0404,0.007497757355651971,scr2014,avaConv,pvResi
me,h0405,0.0,scr2014,avaConv,pvResi
me,h0406,0.0,scr2014,avaConv,pvResi
me,h0407,0.0,scr2014,avaConv,pvResi
me,h0408,0.0,scr2014,avaConv,pvResi
mk,h0337,0.0,scr2014,avaConv,pvResi
mk,h0338,0.0,scr2014,avaConv,pvResi
mk,h0339,0.0,scr2014,avaConv,pvResi
mk,h0340,0.0,scr2014,avaConv,pvResi
mk,h0341,0.0034461386682643354,scr2014,avaConv,pvResi
mk,h0342,0.04392236955041129,scr2014,avaConv,pvResi
mk,h0343,0.15388116529400062,scr2014,avaConv,pvResi
mk,h0344,0.33041838853903066,scr2014,avaConv,pvResi
mk,h0345,0.5123065580949655,scr2014,avaConv,pvResi
mk,h0346,0.6567563731737411,scr2014,avaConv,pvResi
mk,h0347,0.7444407589604367,scr2014,avaConv,pvResi
mk,h0348,0.788083956716391,scr2014,avaConv,pvResi
mk,h0349,0.7417650211255867,scr2014,avaConv,pvResi
mk,h0350,0.643109856108272,scr2014,avaConv,pvResi
mk,h0351,0.5110788343788389,scr2014,avaConv,pvResi
mk,h0352,0.395235949666843,scr2014,avaConv,pvResi
mk,h0353,0.273106626246421,scr2014,avaConv,pvResi
mk,h0354,0.14630273920517417,scr2014,avaConv,pvResi
mk,h0355,0.05246887345671175,scr2014,avaConv,pvResi
mk,h0356,0.008394503127459997,scr2014,avaConv,pvResi
mk,h0357,0.0,scr2014,avaConv,pvResi
mk,h0358,0.0,scr2014,avaConv,pvResi
mk,h0359,0.0,scr2014,avaConv,pvResi
mk,h0360,0.0,scr2014,avaConv,pvResi
mk,h0361,0.0,scr2014,avaConv,pvResi
mk,h0362,0.0,scr2014,avaConv,pvResi
mk,h0363,0.0,scr2014,avaConv,pvResi
mk,h0364,0.0,scr2014,avaConv,pvResi
mk,h0365,0.00396555105985591,scr2014,avaConv,pvResi
mk,h0366,0.026337131517399297,scr2014,avaConv,pvResi
mk,h0367,0.10866894632005912,scr2014,avaConv,pvResi
mk,h0368,0.23400100635714147,scr2014,avaConv,pvResi
mk,h0369,0.3825322409784578,scr2014,avaConv,pvResi
mk,h0370,0.49733364865593194,scr2014,avaConv,pvResi
mk,h0371,0.5708243214839682,scr2014,avaConv,pvResi
mk,h0372,0.5879732217312736,scr2014,avaConv,pvResi
mk,h0373,0.6221383516211892,scr2014,avaConv,pvResi
mk,h0374,0.6033928260082734,scr2014,avaConv,pvResi
mk,h0375,0.5402558813013784,scr2014,avaConv,pvResi
mk,h0376,0.38598812474893984,scr2014,avaConv,pvResi
mk,h0377,0.24019982461151498,scr2014,avaConv,pvResi
mk,h0378,0.12255546211516687,scr2014,avaConv,pvResi
mk,h0379,0.04321225021658316,scr2014,avaConv,pvResi
mk,h0380,0.007276091476905958,scr2014,avaConv,pvResi
mk,h0381,0.0,scr2014,avaConv,pvResi
mk,h0382,0.0,scr2014,avaConv,pvResi
mk,h0383,0.0,scr2014,avaConv,pvResi
mk,h0384,0.0,scr2014,avaConv,pvResi
mk,h0385,0.0,scr2014,avaConv,pvResi
mk,h0386,0.0,scr2014,avaConv,pvResi
mk,h0387,0.0,scr2014,avaConv,pvResi
mk,h0388,0.0,scr2014,avaConv,pvResi
mk,h0389,0.0014850516875881488,scr2014,avaConv,pvResi
mk,h0390,0.030402127088281203,scr2014,avaConv,pvResi
mk,h0391,0.11059826594541908,scr2014,avaConv,pvResi
mk,h0392,0.25021937314287224,scr2014,avaConv,pvResi
mk,h0393,0.40512739779562496,scr2014,avaConv,pvResi
mk,h0394,0.5225320983695015,scr2014,avaConv,pvResi
mk,h0395,0.5730802571190984,scr2014,avaConv,pvResi
mk,h0396,0.5675245592710068,scr2014,avaConv,pvResi
mk,h0397,0.5736570179122539,scr2014,avaConv,pvResi
mk,h0398,0.5619342390964629,scr2014,avaConv,pvResi
mk,h0399,0.5179400247881846,scr2014,avaConv,pvResi
mk,h0400,0.39721117981360404,scr2014,avaConv,pvResi
mk,h0401,0.2545344273766486,scr2014,avaConv,pvResi
mk,h0402,0.12146199995827439,scr2014,avaConv,pvResi
mk,h0403,0.038118708320725454,scr2014,avaConv,pvResi
mk,h0404,0.0038250906043110398,scr2014,avaConv,pvResi
mk,h0405,0.0,scr2014,avaConv,pvResi
mk,h0406,0.0,scr2014,avaConv,pvResi
mk,h0407,0.0,scr2014,avaConv,pvResi
mk,h0408,0.0,scr2014,avaConv,pvResi
nl,h0337,0.0,scr2014,avaConv,pvResi
nl,h0338,0.0,scr2014,avaConv,pvResi
nl,h0339,0.0,scr2014,avaConv,pvResi
nl,h0340,0.0,scr2014,avaConv,pvResi
nl,h0341,0.0007765161361260056,scr2014,avaConv,pvResi
nl,h0342,0.010097365757655474,scr2014,avaConv,pvResi
nl,h0343,0.047281038621658396,scr2014,avaConv,pvResi
nl,h0344,0.14413116233346268,scr2014,avaConv,pvResi
nl,h0345,0.2831447339757172,scr2014,avaConv,pvResi
nl,h0346,0.4284458381263863,scr2014,avaConv,pvResi
nl,h0347,0.5046167102759024,scr2014,avaConv,pvResi
nl,h0348,0.504112976426027,scr2014,avaConv,pvResi
nl,h0349,0.33376263699327513,scr2014,avaConv,pvResi
nl,h0350,0.1824778459684921,scr2014,avaConv,pvResi
nl,h0351,0.0651943883097101,scr2014,avaConv,pvResi
nl,h0352,0.04975868621548284,scr2014,avaConv,pvResi
nl,h0353,0.0321157276656349,scr2014,avaConv,pvResi
nl,h0354,0.019183399586549216,scr2014,avaConv,pvResi
nl,h0355,0.021247559659676615,scr2014,avaConv,pvResi
nl,h0356,0.015622346638306028,scr2014,avaConv,pvResi
nl,h0357,0.011059576718122516,scr2014,avaConv,pvResi
nl,h0358,0.0008246352166245046,scr2014,avaConv,pvResi
nl,h0359,0.0,scr2014,avaConv,pvResi
nl,h0360,0.0,scr2014,avaConv,pvResi
nl,h0361,0.0,scr2014,avaConv,pvResi
nl,h0362,0.0,scr2014,avaConv,pvResi
nl,h0363,0.0,scr2014,avaConv,pvResi
nl,h0364,0.0,scr2014,avaConv,pvResi
nl,h0365,0.0,scr2014,avaConv,pvResi
nl,h0366,0.005830569998472551,scr2014,avaConv,pvResi
nl,h0367,0.037684489065806105,scr2014,avaConv,pvResi
nl,h0368,0.13498183783258977,scr2014,avaConv,pvResi
nl,h0369,0.29926058122384636,scr2014,avaConv,pvResi
nl,h0370,0.49374370109186067,scr2014,avaConv,pvResi
nl,h0371,0.6584708840485805,scr2014,avaConv,pvResi
nl,h0372,0.7664188372428444,scr2014,avaConv,pvResi
nl,h0373,0.5341376690499855,scr2014,avaConv,pvResi
nl,h0374,0.3030859103984291,scr2014,avaConv,pvResi
nl,h0375,0.0965489414942425,scr2014,avaConv,pvResi
nl,h0376,0.10721165748419305,scr2014,avaConv,pvResi
nl,h0377,0.10173264466256249,scr2014,avaConv,pvResi
nl,h0378,0.08286660084000122,scr2014,avaConv,pvResi
nl,h0379,0.06027269066044125,scr2014,avaConv,pvResi
nl,h0380,0.029393086549100174,scr2014,avaConv,pvResi
nl,h0381,0.010133322863614822,scr2014,avaConv,pvResi
nl,h0382,0.0004930935144675789,scr2014,avaConv,pvResi
nl,h0383,0.0,scr2014,avaConv,pvResi
nl,h0384,0.0,scr2014,avaConv,pvResi
nl,h0385,0.0,scr2014,avaConv,pvResi
nl,h0386,0.0,scr2014,avaConv,pvResi
nl,h0387,0.0,scr2014,avaConv,pvResi
nl,h0388,0.0,scr2014,avaConv,pvResi
nl,h0389,0.0,scr2014,avaConv,pvResi
nl,h0390,0.004389437069477713,scr2014,avaConv,pvResi
nl,h0391,0.030162018720018342,scr2014,avaConv,pvResi
nl,h0392,0.10688343791107745,scr2014,avaConv,pvResi
nl,h0393,0.24812096792690447,scr2014,avaConv,pvResi
nl,h0394,0.4254593932801863,scr2014,avaConv,pvResi
nl,h0395,0.562975406082644,scr2014,avaConv,pvResi
nl,h0396,0.6243430977455688,scr2014,avaConv,pvResi
nl,h0397,0.6841195091002457,scr2014,avaConv,pvResi
nl,h0398,0.7307775851908611,scr2014,avaConv,pvResi
nl,h0399,0.7524620638176115,scr2014,avaConv,pvResi
nl,h0400,0.6480132010354146,scr2014,avaConv,pvResi
nl,h0401,0.47379557271329154,scr2014,avaConv,pvResi
nl,h0402,0.2783003092845972,scr2014,avaConv,pvResi
nl,h0403,0.11544998323780349,scr2014,avaConv,pvResi
nl,h0404,0.030422161792929156,scr2014,avaConv,pvResi
nl,h0405,0.0013352890806067488,scr2014,avaConv,pvResi
nl,h0406,0.0,scr2014,avaConv,pvResi
nl,h0407,0.0,scr2014,avaConv,pvResi
nl,h0408,0.0,scr2014,avaConv,pvResi
no_m,h0337,0.0,scr2014,avaConv,pvResi
no_m,h0338,0.0,scr2014,avaConv,pvResi
no_m,h0339,0.0,scr2014,avaConv,pvResi
no_m,h0340,0.0014004051496184383,scr2014,avaConv,pvResi
no_m,h0341,0.004639131453567059,scr2014,avaConv,pvResi
no_m,h0342,0.01900986653866628,scr2014,avaConv,pvResi
no_m,h0343,0.07035178033765482,scr2014,avaConv,pvResi
no_m,h0344,0.172633215363223,scr2014,avaConv,pvResi
no_m,h0345,0.32474082738237503,scr2014,avaConv,pvResi
no_m,h0346,0.4880247317102083,scr2014,avaConv,pvResi
no_m,h0347,0.6279606906809763,scr2014,avaConv,pvResi
no_m,h0348,0.7080447232939949,scr2014,avaConv,pvResi
no_m,h0349,0.5970470988015503,scr2014,avaConv,pvResi
no_m,h0350,0.48084282764844244,scr2014,avaConv,pvResi
no_m,h0351,0.3665339563070271,scr2014,avaConv,pvResi
no_m,h0352,0.35746744788418666,scr2014,avaConv,pvResi
no_m,h0353,0.30473163331028186,scr2014,avaConv,pvResi
no_m,h0354,0.2194715894692711,scr2014,avaConv,pvResi
no_m,h0355,0.1321699469214479,scr2014,avaConv,pvResi
no_m,h0356,0.06159392704828262,scr2014,avaConv,pvResi
no_m,h0357,0.020657246754288174,scr2014,avaConv,pvResi
no_m,h0358,0.005267301612642003,scr2014,avaConv,pvResi
no_m,h0359,0.0004979569169698266,scr2014,avaConv,pvResi
no_m,h0360,0.0,scr2014,avaConv,pvResi
no_m,h0361,0.0,scr2014,avaConv,pvResi
no_m,h0362,0.0,scr2014,avaConv,pvResi
no_m,h0363,0.0,scr2014,avaConv,pvResi
no_m,h0364,0.0007628012287361068,scr2014,avaConv,pvResi
no_m,h0365,0.006402095836962822,scr2014,avaConv,pvResi
no_m,h0366,0.021832910601418787,scr2014,avaConv,pvResi
no_m,h0367,0.04716479232015136,scr2014,avaConv,pvResi
no_m,h0368,0.09099856413869932,scr2014,avaConv,pvResi
no_m,h0369,0.1448846563597904,scr2014,avaConv,pvResi
no_m,h0370,0.19742823205454982,scr2014,avaConv,pvResi
no_m,h0371,0.23559396270392688,scr2014,avaConv,pvResi
no_m,h0372,0.2624811868839823,scr2014,avaConv,pvResi
no_m,h0373,0.4219078197373915,scr2014,avaConv,pvResi
no_m,h0374,0.5434498513128111,scr2014,avaConv,pvResi
no_m,h0375,0.6063581049149442,scr2014,avaConv,pvResi
no_m,h0376,0.4815636885849325,scr2014,avaConv,pvResi
no_m,h0377,0.3596630348428698,scr2014,avaConv,pvResi
no_m,h0378,0.24569371194847414,scr2014,avaConv,pvResi
no_m,h0379,0.1304762648409545,scr2014,avaConv,pvResi
no_m,h0380,0.047273944258807266,scr2014,avaConv,pvResi
no_m,h0381,0.007108257348545797,scr2014,avaConv,pvResi
no_m,h0382,0.001252973003214528,scr2014,avaConv,pvResi
no_m,h0383,0.0,scr2014,avaConv,pvResi
no_m,h0384,0.0,scr2014,avaConv,pvResi
no_m,h0385,0.0,scr2014,avaConv,pvResi
no_m,h0386,0.0,scr2014,avaConv,pvResi
no_m,h0387,0.0,scr2014,avaConv,pvResi
no_m,h0388,0.0,scr2014,avaConv,pvResi
no_m,h0389,0.0038578044889759806,scr2014,avaConv,pvResi
no_m,h0390,0.017663945075194715,scr2014,avaConv,pvResi
no_m,h0391,0.06257923629417239,scr2014,avaConv,pvResi
no_m,h0392,0.1603571914849282,scr2014,avaConv,pvResi
no_m,h0393,0.2987959560981498,scr2014,avaConv,pvResi
no_m,h0394,0.43368938583765126,scr2014,avaConv,pvResi
no_m,h0395,0.5133518749350378,scr2014,avaConv,pvResi
no_m,h0396,0.5350720457998479,scr2014,avaConv,pvResi
no_m,h0397,0.5058470010666564,scr2014,avaConv,pvResi
no_m,h0398,0.4495120366193014,scr2014,avaConv,pvResi
no_m,h0399,0.36838753975058514,scr2014,avaConv,pvResi
no_m,h0400,0.28792661030403266,scr2014,avaConv,pvResi
no_m,h0401,0.21010172219812454,scr2014,avaConv,pvResi
no_m,h0402,0.14391389757658757,scr2014,avaConv,pvResi
no_m,h0403,0.07744997978013943,scr2014,avaConv,pvResi
no_m,h0404,0.029377228705050325,scr2014,avaConv,pvResi
no_m,h0405,0.00455280314364424,scr2014,avaConv,pvResi
no_m,h0406,0.0004689290507927096,scr2014,avaConv,pvResi
no_m,h0407,0.0,scr2014,avaConv,pvResi
no_m,h0408,0.0,scr2014,avaConv,pvResi
no_n,h0337,0.0005799221409240805,scr2014,avaConv,pvResi
no_n,h0338,0.002166856486570424,scr2014,avaConv,pvResi
no_n,h0339,0.005946741548852151,scr2014,avaConv,pvResi
no_n,h0340,0.01193845893515806,scr2014,avaConv,pvResi
no_n,h0341,0.024541578023300457,scr2014,avaConv,pvResi
no_n,h0342,0.06540765766373718,scr2014,avaConv,pvResi
no_n,h0343,0.12716283879613197,scr2014,avaConv,pvResi
no_n,h0344,0.21847436484660562,scr2014,avaConv,pvResi
no_n,h0345,0.3074243085700778,scr2014,avaConv,pvResi
no_n,h0346,0.40329928553012273,scr2014,avaConv,pvResi
no_n,h0347,0.47488837451998295,scr2014,avaConv,pvResi
no_n,h0348,0.5141427899693916,scr2014,avaConv,pvResi
no_n,h0349,0.5420194938331461,scr2014,avaConv,pvResi
no_n,h0350,0.5415887701821268,scr2014,avaConv,pvResi
no_n,h0351,0.5157488898707275,scr2014,avaConv,pvResi
no_n,h0352,0.4379421090447868,scr2014,avaConv,pvResi
no_n,h0353,0.32868304472115023,scr2014,avaConv,pvResi
no_n,h0354,0.20498840760702278,scr2014,avaConv,pvResi
no_n,h0355,0.1007750049064976,scr2014,avaConv,pvResi
no_n,h0356,0.03927038923209845,scr2014,avaConv,pvResi
no_n,h0357,0.013892376709439743,scr2014,avaConv,pvResi
no_n,h0358,0.00458969832266743,scr2014,avaConv,pvResi
no_n,h0359,0.0008569726631599158,scr2014,avaConv,pvResi
no_n,h0360,0.0,scr2014,avaConv,pvResi
no_n,h0361,0.0,scr2014,avaConv,pvResi
no_n,h0362,0.000657252480621179,scr2014,avaConv,pvResi
no_n,h0363,0.0030170581920531733,scr2014,avaConv,pvResi
no_n,h0364,0.008187097553355355,scr2014,avaConv,pvResi
no_n,h0365,0.019800206500646015,scr2014,avaConv,pvResi
no_n,h0366,0.058073447728173605,scr2014,avaConv,pvResi
no_n,h0367,0.08052958456895856,scr2014,avaConv,pvResi
no_n,h0368,0.10622008502610077,scr2014,avaConv,pvResi
no_n,h0369,0.1100449103352476,scr2014,avaConv,pvResi
no_n,h0370,0.14005207158090852,scr2014,avaConv,pvResi
no_n,h0371,0.170965916409459,scr2014,avaConv,pvResi
no_n,h0372,0.1992595951946587,scr2014,avaConv,pvResi
no_n,h0373,0.3191988317045427,scr2014,avaConv,pvResi
no_n,h0374,0.39862593557504156,scr2014,avaConv,pvResi
no_n,h0375,0.44089538959112484,scr2014,avaConv,pvResi
no_n,h0376,0.3433185561513949,scr2014,avaConv,pvResi
no_n,h0377,0.24908460669493,scr2014,avaConv,pvResi
no_n,h0378,0.15864277493520157,scr2014,avaConv,pvResi
no_n,h0379,0.08198158744711287,scr2014,avaConv,pvResi
no_n,h0380,0.03304646040441827,scr2014,avaConv,pvResi
no_n,h0381,0.008998419816566397,scr2014,avaConv,pvResi
no_n,h0382,0.002358980038294828,scr2014,avaConv,pvResi
no_n,h0383,0.0001005231052855631,scr2014,avaConv,pvResi
no_n,h0384,0.0,scr2014,avaConv,pvResi
no_n,h0385,0.0,scr2014,avaConv,pvResi
no_n,h0386,0.0,scr2014,avaConv,pvResi
no_n,h0387,0.0007947264720528824,scr2014,avaConv,pvResi
no_n,h0388,0.0044935933464231815,scr2014,avaConv,pvResi
no_n,h0389,0.014613076154925193,scr2014,avaConv,pvResi
no_n,h0390,0.03678065974139829,scr2014,avaConv,pvResi
no_n,h0391,0.0602096064548905,scr2014,avaConv,pvResi
no_n,h0392,0.09936172424977777,scr2014,avaConv,pvResi
no_n,h0393,0.1485947702229548,scr2014,avaConv,pvResi
no_n,h0394,0.21934156330885513,scr2014,avaConv,pvResi
no_n,h0395,0.27623264527434,scr2014,avaConv,pvResi
no_n,h0396,0.3102048443915645,scr2014,avaConv,pvResi
no_n,h0397,0.3767209505057953,scr2014,avaConv,pvResi
no_n,h0398,0.40873716338098465,scr2014,avaConv,pvResi
no_n,h0399,0.4106443603740812,scr2014,avaConv,pvResi
no_n,h0400,0.3234420509395377,scr2014,avaConv,pvResi
no_n,h0401,0.2274212083370386,scr2014,avaConv,pvResi
no_n,h0402,0.135927713616739,scr2014,avaConv,pvResi
no_n,h0403,0.061486887631089775,scr2014,avaConv,pvResi
no_n,h0404,0.020138472107365607,scr2014,avaConv,pvResi
no_n,h0405,0.0033317360261911223,scr2014,avaConv,pvResi
no_n,h0406,0.0002289594761516471,scr2014,avaConv,pvResi
no_n,h0407,0.0,scr2014,avaConv,pvResi
no_n,h0408,0.0,scr2014,avaConv,pvResi
no_s,h0337,0.0,scr2014,avaConv,pvResi
no_s,h0338,0.0,scr2014,avaConv,pvResi
no_s,h0339,0.0,scr2014,avaConv,pvResi
no_s,h0340,0.0007021731543940234,scr2014,avaConv,pvResi
no_s,h0341,0.0052051371065146256,scr2014,avaConv,pvResi
no_s,h0342,0.022910369641350823,scr2014,avaConv,pvResi
no_s,h0343,0.0688819337457533,scr2014,avaConv,pvResi
no_s,h0344,0.12978829499722436,scr2014,avaConv,pvResi
no_s,h0345,0.19383781004873923,scr2014,avaConv,pvResi
no_s,h0346,0.2511048321145151,scr2014,avaConv,pvResi
no_s,h0347,0.30631128388031353,scr2014,avaConv,pvResi
no_s,h0348,0.35379015558056043,scr2014,avaConv,pvResi
no_s,h0349,0.3740651542583206,scr2014,avaConv,pvResi
no_s,h0350,0.37041199109942474,scr2014,avaConv,pvResi
no_s,h0351,0.356031379240059,scr2014,avaConv,pvResi
no_s,h0352,0.33458314835308567,scr2014,avaConv,pvResi
no_s,h0353,0.29498599894989286,scr2014,avaConv,pvResi
no_s,h0354,0.2259228346218579,scr2014,avaConv,pvResi
no_s,h0355,0.14378118805775963,scr2014,avaConv,pvResi
no_s,h0356,0.07268083190984978,scr2014,avaConv,pvResi
no_s,h0357,0.027082614573789077,scr2014,avaConv,pvResi
no_s,h0358,0.006542362783581395,scr2014,avaConv,pvResi
no_s,h0359,0.00020746786789013256,scr2014,avaConv,pvResi
no_s,h0360,0.0,scr2014,avaConv,pvResi
no_s,h0361,0.0,scr2014,avaConv,pvResi
no_s,h0362,0.0,scr2014,avaConv,pvResi
no_s,h0363,0.0,scr2014,avaConv,pvResi
no_s,h0364,0.00014751659246639464,scr2014,avaConv,pvResi
no_s,h0365,0.007019465741490396,scr2014,avaConv,pvResi
no_s,h0366,0.027381224022328128,scr2014,avaConv,pvResi
no_s,h0367,0.08383111214524125,scr2014,avaConv,pvResi
no_s,h0368,0.18687367692371826,scr2014,avaConv,pvResi
no_s,h0369,0.3154990165159769,scr2014,avaConv,pvResi
no_s,h0370,0.4298109013724173,scr2014,avaConv,pvResi
no_s,h0371,0.49722159776461194,scr2014,avaConv,pvResi
no_s,h0372,0.5216026535072371,scr2014,avaConv,pvResi
no_s,h0373,0.5314796656045577,scr2014,avaConv,pvResi
no_s,h0374,0.5126727280425841,scr2014,avaConv,pvResi
no_s,h0375,0.48137337128869656,scr2014,avaConv,pvResi
no_s,h0376,0.42502351282434964,scr2014,avaConv,pvResi
no_s,h0377,0.3592181760259297,scr2014,avaConv,pvResi
no_s,h0378,0.26982230356045095,scr2014,avaConv,pvResi
no_s,h0379,0.1628092934074368,scr2014,avaConv,pvResi
no_s,h0380,0.07477597358064256,scr2014,avaConv,pvResi
no_s,h0381,0.0220186491866467,scr2014,avaConv,pvResi
no_s,h0382,0.004601235974109962,scr2014,avaConv,pvResi
no_s,h0383,0.0,scr2014,avaConv,pvResi
no_s,h0384,0.0,scr2014,avaConv,pvResi
no_s,h0385,0.0,scr2014,avaConv,pvResi
no_s,h0386,0.0,scr2014,avaConv,pvResi
no_s,h0387,0.0,scr2014,avaConv,pvResi
no_s,h0388,0.0,scr2014,avaConv,pvResi
no_s,h0389,0.004713152996668919,scr2014,avaConv,pvResi
no_s,h0390,0.023327460777870318,scr2014,avaConv,pvResi
no_s,h0391,0.07666875097635949,scr2014,avaConv,pvResi
no_s,h0392,0.1756886053899867,scr2014,avaConv,pvResi
no_s,h0393,0.2964641192249777,scr2014,avaConv,pvResi
no_s,h0394,0.4011029124289034,scr2014,avaConv,pvResi
no_s,h0395,0.4486786966802049,scr2014,avaConv,pvResi
no_s,h0396,0.44529613676135715,scr2014,avaConv,pvResi
no_s,h0397,0.3307873690473169,scr2014,avaConv,pvResi
no_s,h0398,0.21873892928012226,scr2014,avaConv,pvResi
no_s,h0399,0.11425667454864062,scr2014,avaConv,pvResi
no_s,h0400,0.09625223170502627,scr2014,avaConv,pvResi
no_s,h0401,0.07586586366931024,scr2014,avaConv,pvResi
no_s,h0402,0.055715435889087006,scr2014,avaConv,pvResi
no_s,h0403,0.040881229243148735,scr2014,avaConv,pvResi
no_s,h0404,0.022908843808519038,scr2014,avaConv,pvResi
no_s,h0405,0.011157426654672366,scr2014,avaConv,pvResi
no_s,h0406,0.0007623423400658529,scr2014,avaConv,pvResi
no_s,h0407,0.0,scr2014,avaConv,pvResi
no_s,h0408,0.0,scr2014,avaConv,pvResi
pl,h0337,0.0,scr2014,avaConv,pvResi
pl,h0338,0.0,scr2014,avaConv,pvResi
pl,h0339,0.0,scr2014,avaConv,pvResi
pl,h0340,0.0,scr2014,avaConv,pvResi
pl,h0341,0.006482900737198485,scr2014,avaConv,pvResi
pl,h0342,0.0416333873036342,scr2014,avaConv,pvResi
pl,h0343,0.1260826753196484,scr2014,avaConv,pvResi
pl,h0344,0.2607162215160164,scr2014,avaConv,pvResi
pl,h0345,0.4109188959491864,scr2014,avaConv,pvResi
pl,h0346,0.5453468908026783,scr2014,avaConv,pvResi
pl,h0347,0.6369843816996795,scr2014,avaConv,pvResi
pl,h0348,0.6773655302629044,scr2014,avaConv,pvResi
pl,h0349,0.649007778709758,scr2014,avaConv,pvResi
pl,h0350,0.5754706855555985,scr2014,avaConv,pvResi
pl,h0351,0.48446411994380995,scr2014,avaConv,pvResi
pl,h0352,0.388394254435166,scr2014,avaConv,pvResi
pl,h0353,0.2796721085915175,scr2014,avaConv,pvResi
pl,h0354,0.1654282855905001,scr2014,avaConv,pvResi
pl,h0355,0.07448332887990664,scr2014,avaConv,pvResi
pl,h0356,0.02390305792635437,scr2014,avaConv,pvResi
pl,h0357,0.0036243489692586676,scr2014,avaConv,pvResi
pl,h0358,0.0,scr2014,avaConv,pvResi
pl,h0359,0.0,scr2014,avaConv,pvResi
pl,h0360,0.0,scr2014,avaConv,pvResi
pl,h0361,0.0,scr2014,avaConv,pvResi
pl,h0362,0.0,scr2014,avaConv,pvResi
pl,h0363,0.0,scr2014,avaConv,pvResi
pl,h0364,0.0,scr2014,avaConv,pvResi
pl,h0365,0.0048980880746818545,scr2014,avaConv,pvResi
pl,h0366,0.034278334462879395,scr2014,avaConv,pvResi
pl,h0367,0.11106019796305187,scr2014,avaConv,pvResi
pl,h0368,0.23948515231391257,scr2014,avaConv,pvResi
pl,h0369,0.38837689602806136,scr2014,avaConv,pvResi
pl,h0370,0.5141565844979596,scr2014,avaConv,pvResi
pl,h0371,0.5960466613002473,scr2014,avaConv,pvResi
pl,h0372,0.6344531740595651,scr2014,avaConv,pvResi
pl,h0373,0.6319626560948582,scr2014,avaConv,pvResi
pl,h0374,0.5879808152489769,scr2014,avaConv,pvResi
pl,h0375,0.5028094243652318,scr2014,avaConv,pvResi
pl,h0376,0.39402821120594395,scr2014,avaConv,pvResi
pl,h0377,0.27171481866358527,scr2014,avaConv,pvResi
pl,h0378,0.15538641200950568,scr2014,avaConv,pvResi
pl,h0379,0.06367013624912385,scr2014,avaConv,pvResi
pl,h0380,0.01589183681483472,scr2014,avaConv,pvResi
pl,h0381,0.00059314369103377,scr2014,avaConv,pvResi
pl,h0382,0.0,scr2014,avaConv,pvResi
pl,h0383,0.0,scr2014,avaConv,pvResi
pl,h0384,0.0,scr2014,avaConv,pvResi
pl,h0385,0.0,scr2014,avaConv,pvResi
pl,h0386,0.0,scr2014,avaConv,pvResi
pl,h0387,0.0,scr2014,avaConv,pvResi
pl,h0388,0.0,scr2014,avaConv,pvResi
pl,h0389,0.002253639672690212,scr2014,avaConv,pvResi
pl,h0390,0.025483558534120727,scr2014,avaConv,pvResi
pl,h0391,0.06750381134479128,scr2014,avaConv,pvResi
pl,h0392,0.141371229248932,scr2014,avaConv,pvResi
pl,h0393,0.22452305987306007,scr2014,avaConv,pvResi
pl,h0394,0.31436559308352785,scr2014,avaConv,pvResi
pl,h0395,0.38964413727127123,scr2014,avaConv,pvResi
pl,h0396,0.4398001999007641,scr2014,avaConv,pvResi
pl,h0397,0.5273426608326981,scr2014,avaConv,pvResi
pl,h0398,0.5577479994098448,scr2014,avaConv,pvResi
pl,h0399,0.5255201900241254,scr2014,avaConv,pvResi
pl,h0400,0.3832362016229703,scr2014,avaConv,pvResi
pl,h0401,0.24388448486470676,scr2014,avaConv,pvResi
pl,h0402,0.12904479555478343,scr2014,avaConv,pvResi
pl,h0403,0.051303016845997085,scr2014,avaConv,pvResi
pl,h0404,0.011680876324281275,scr2014,avaConv,pvResi
pl,h0405,0.0003093469401811719,scr2014,avaConv,pvResi
pl,h0406,0.0,scr2014,avaConv,pvResi
pl,h0407,0.0,scr2014,avaConv,pvResi
pl,h0408,0.0,scr2014,avaConv,pvResi
pt,h0337,0.0,scr2014,avaConv,pvResi
pt,h0338,0.0,scr2014,avaConv,pvResi
pt,h0339,0.0,scr2014,avaConv,pvResi
pt,h0340,0.0,scr2014,avaConv,pvResi
pt,h0341,0.0,scr2014,avaConv,pvResi
pt,h0342,0.0,scr2014,avaConv,pvResi
pt,h0343,0.0017250480912300234,scr2014,avaConv,pvResi
pt,h0344,0.03756207695682541,scr2014,avaConv,pvResi
pt,h0345,0.14269321560851006,scr2014,avaConv,pvResi
pt,h0346,0.31904859463532903,scr2014,avaConv,pvResi
pt,h0347,0.5069424001786822,scr2014,avaConv,pvResi
pt,h0348,0.6568253054706819,scr2014,avaConv,pvResi
pt,h0349,0.7535289542684954,scr2014,avaConv,pvResi
pt,h0350,0.8016485639871075,scr2014,avaConv,pvResi
pt,h0351,0.8034521213268878,scr2014,avaConv,pvResi
pt,h0352,0.759155717179973,scr2014,avaConv,pvResi
pt,h0353,0.6650902400650113,scr2014,avaConv,pvResi
pt,h0354,0.5224577252443688,scr2014,avaConv,pvResi
pt,h0355,0.33954995895891116,scr2014,avaConv,pvResi
pt,h0356,0.15976258590801456,scr2014,avaConv,pvResi
pt,h0357,0.045406027865192454,scr2014,avaConv,pvResi
pt,h0358,0.0025806348126227027,scr2014,avaConv,pvResi
pt,h0359,0.0,scr2014,avaConv,pvResi
pt,h0360,0.0,scr2014,avaConv,pvResi
pt,h0361,0.0,scr2014,avaConv,pvResi
pt,h0362,0.0,scr2014,avaConv,pvResi
pt,h0363,0.0,scr2014,avaConv,pvResi
pt,h0364,0.0,scr2014,avaConv,pvResi
pt,h0365,0.0,scr2014,avaConv,pvResi
pt,h0366,0.0,scr2014,avaConv,pvResi
pt,h0367,0.0008875739905549832,scr2014,avaConv,pvResi
pt,h0368,0.03110339808012713,scr2014,avaConv,pvResi
pt,h0369,0.11992302762954088,scr2014,avaConv,pvResi
pt,h0370,0.27528604390253947,scr2014,avaConv,pvResi
pt,h0371,0.4504840052227781,scr2014,avaConv,pvResi
pt,h0372,0.603293712345022,scr2014,avaConv,pvResi
pt,h0373,0.7161313085122991,scr2014,avaConv,pvResi
pt,h0374,0.7762427851459707,scr2014,avaConv,pvResi
pt,h0375,0.7861405642799477,scr2014,avaConv,pvResi
pt,h0376,0.7431113094955192,scr2014,avaConv,pvResi
pt,h0377,0.6522912132505552,scr2014,avaConv,pvResi
pt,h0378,0.5126907398160966,scr2014,avaConv,pvResi
pt,h0379,0.3328372409275405,scr2014,avaConv,pvResi
pt,h0380,0.15514341467295154,scr2014,avaConv,pvResi
pt,h0381,0.04349805369938916,scr2014,avaConv,pvResi
pt,h0382,0.0019819495068653867,scr2014,avaConv,pvResi
pt,h0383,0.0,scr2014,avaConv,pvResi
pt,h0384,0.0,scr2014,avaConv,pvResi
pt,h0385,0.0,scr2014,avaConv,pvResi
pt,h0386,0.0,scr2014,avaConv,pvResi
pt,h0387,0.0,scr2014,avaConv,pvResi
pt,h0388,0.0,scr2014,avaConv,pvResi
pt,h0389,0.0,scr2014,avaConv,pvResi
pt,h0390,0.0,scr2014,avaConv,pvResi
pt,h0391,0.0,scr2014,avaConv,pvResi
pt,h0392,0.024636152255132347,scr2014,avaConv,pvResi
pt,h0393,0.10821015503532734,scr2014,avaConv,pvResi
pt,h0394,0.2680088808973536,scr2014,avaConv,pvResi
pt,h0395,0.46080137023117396,scr2014,avaConv,pvResi
pt,h0396,0.6313705455826044,scr2014,avaConv,pvResi
pt,h0397,0.6278807691869674,scr2014,avaConv,pvResi
pt,h0398,0.5525982279754269,scr2014,avaConv,pvResi
pt,h0399,0.45171808605864694,scr2014,avaConv,pvResi
pt,h0400,0.4526399749468436,scr2014,avaConv,pvResi
pt,h0401,0.44845225170539654,scr2014,avaConv,pvResi
pt,h0402,0.3923677843152746,scr2014,avaConv,pvResi
pt,h0403,0.2727538105517948,scr2014,avaConv,pvResi
pt,h0404,0.12910835924785807,scr2014,avaConv,pvResi
pt,h0405,0.0344780860283181,scr2014,avaConv,pvResi
pt,h0406,0.0002776392878493584,scr2014,avaConv,pvResi
pt,h0407,0.0,scr2014,avaConv,pvResi
pt,h0408,0.0,scr2014,avaConv,pvResi
ro,h0337,0.0,scr2014,avaConv,pvResi
ro,h0338,0.0,scr2014,avaConv,pvResi
ro,h0339,0.0,scr2014,avaConv,pvResi
ro,h0340,0.0,scr2014,avaConv,pvResi
ro,h0341,0.005704759839980582,scr2014,avaConv,pvResi
ro,h0342,0.04984467548861116,scr2014,avaConv,pvResi
ro,h0343,0.16045422438446919,scr2014,avaConv,pvResi
ro,h0344,0.33250017080110467,scr2014,avaConv,pvResi
ro,h0345,0.503409314010716,scr2014,avaConv,pvResi
ro,h0346,0.6314010870354474,scr2014,avaConv,pvResi
ro,h0347,0.7037026661071631,scr2014,avaConv,pvResi
ro,h0348,0.7326300042246155,scr2014,avaConv,pvResi
ro,h0349,0.6981410009044068,scr2014,avaConv,pvResi
ro,h0350,0.6022760337361874,scr2014,avaConv,pvResi
ro,h0351,0.4676003249849216,scr2014,avaConv,pvResi
ro,h0352,0.33634084452005736,scr2014,avaConv,pvResi
ro,h0353,0.21631404366115561,scr2014,avaConv,pvResi
ro,h0354,0.11051341563011217,scr2014,avaConv,pvResi
ro,h0355,0.03717833263556287,scr2014,avaConv,pvResi
ro,h0356,0.0062871805902183055,scr2014,avaConv,pvResi
ro,h0357,0.0,scr2014,avaConv,pvResi
ro,h0358,0.0,scr2014,avaConv,pvResi
ro,h0359,0.0,scr2014,avaConv,pvResi
ro,h0360,0.0,scr2014,avaConv,pvResi
ro,h0361,0.0,scr2014,avaConv,pvResi
ro,h0362,0.0,scr2014,avaConv,pvResi
ro,h0363,0.0,scr2014,avaConv,pvResi
ro,h0364,0.0,scr2014,avaConv,pvResi
ro,h0365,0.004816853190437174,scr2014,avaConv,pvResi
ro,h0366,0.04224480214330244,scr2014,avaConv,pvResi
ro,h0367,0.11992317221354473,scr2014,avaConv,pvResi
ro,h0368,0.23661210610037053,scr2014,avaConv,pvResi
ro,h0369,0.3517150353931491,scr2014,avaConv,pvResi
ro,h0370,0.46157908265297853,scr2014,avaConv,pvResi
ro,h0371,0.5486945334822644,scr2014,avaConv,pvResi
ro,h0372,0.6020971212519245,scr2014,avaConv,pvResi
ro,h0373,0.6409685891569878,scr2014,avaConv,pvResi
ro,h0374,0.6240529962067233,scr2014,avaConv,pvResi
ro,h0375,0.5477316931847934,scr2014,avaConv,pvResi
ro,h0376,0.40004920118276854,scr2014,avaConv,pvResi
ro,h0377,0.23934803341400007,scr2014,avaConv,pvResi
ro,h0378,0.10888224841587472,scr2014,avaConv,pvResi
ro,h0379,0.03165192422938044,scr2014,avaConv,pvResi
ro,h0380,0.0041835377303226385,scr2014,avaConv,pvResi
ro,h0381,0.0,scr2014,avaConv,pvResi
ro,h0382,0.0,scr2014,avaConv,pvResi
ro,h0383,0.0,scr2014,avaConv,pvResi
ro,h0384,0.0,scr2014,avaConv,pvResi
ro,h0385,0.0,scr2014,avaConv,pvResi
ro,h0386,0.0,scr2014,avaConv,pvResi
ro,h0387,0.0,scr2014,avaConv,pvResi
ro,h0388,0.0,scr2014,avaConv,pvResi
ro,h0389,0.0034777916868500634,scr2014,avaConv,pvResi
ro,h0390,0.0300166849962866,scr2014,avaConv,pvResi
ro,h0391,0.10066126870796846,scr2014,avaConv,pvResi
ro,h0392,0.21625877789690312,scr2014,avaConv,pvResi
ro,h0393,0.3427710633020136,scr2014,avaConv,pvResi
ro,h0394,0.4650445257115197,scr2014,avaConv,pvResi
ro,h0395,0.5645075447347483,scr2014,avaConv,pvResi
ro,h0396,0.630088682193599,scr2014,avaConv,pvResi
ro,h0397,0.6507806839719447,scr2014,avaConv,pvResi
ro,h0398,0.614853608596379,scr2014,avaConv,pvResi
ro,h0399,0.5284577397686921,scr2014,avaConv,pvResi
ro,h0400,0.39059829454252054,scr2014,avaConv,pvResi
ro,h0401,0.23527326239646681,scr2014,avaConv,pvResi
ro,h0402,0.1026199919501206,scr2014,avaConv,pvResi
ro,h0403,0.02739471279134235,scr2014,avaConv,pvResi
ro,h0404,0.0023154088288485095,scr2014,avaConv,pvResi
ro,h0405,0.0,scr2014,avaConv,pvResi
ro,h0406,0.0,scr2014,avaConv,pvResi
ro,h0407,0.0,scr2014,avaConv,pvResi
ro,h0408,0.0,scr2014,avaConv,pvResi
rs,h0337,0.0,scr2014,avaConv,pvResi
rs,h0338,0.0,scr2014,avaConv,pvResi
rs,h0339,0.0,scr2014,avaConv,pvResi
rs,h0340,0.0,scr2014,avaConv,pvResi
rs,h0341,0.0033661533288769255,scr2014,avaConv,pvResi
rs,h0342,0.040587362368354994,scr2014,avaConv,pvResi
rs,h0343,0.1434219538406612,scr2014,avaConv,pvResi
rs,h0344,0.31207446015047363,scr2014,avaConv,pvResi
rs,h0345,0.4909714345335598,scr2014,avaConv,pvResi
rs,h0346,0.6356814465866486,scr2014,avaConv,pvResi
rs,h0347,0.7252044301277252,scr2014,avaConv,pvResi
rs,h0348,0.7682079620531186,scr2014,avaConv,pvResi
rs,h0349,0.6730904383147767,scr2014,avaConv,pvResi
rs,h0350,0.5573310431464846,scr2014,avaConv,pvResi
rs,h0351,0.4196837583509687,scr2014,avaConv,pvResi
rs,h0352,0.3462130788075602,scr2014,avaConv,pvResi
rs,h0353,0.24533420667605252,scr2014,avaConv,pvResi
rs,h0354,0.13630797214028947,scr2014,avaConv,pvResi
rs,h0355,0.053289806410333804,scr2014,avaConv,pvResi
rs,h0356,0.011002951331898644,scr2014,avaConv,pvResi
rs,h0357,0.0,scr2014,avaConv,pvResi
rs,h0358,0.0,scr2014,avaConv,pvResi
rs,h0359,0.0,scr2014,avaConv,pvResi
rs,h0360,0.0,scr2014,avaConv,pvResi
rs,h0361,0.0,scr2014,avaConv,pvResi
rs,h0362,0.0,scr2014,avaConv,pvResi
rs,h0363,0.0,scr2014,avaConv,pvResi
rs,h0364,0.0,scr2014,avaConv,pvResi
rs,h0365,0.004846937161716846,scr2014,avaConv,pvResi
rs,h0366,0.033455457935268794,scr2014,avaConv,pvResi
rs,h0367,0.08232369511454393,scr2014,avaConv,pvResi
rs,h0368,0.1543606679792115,scr2014,avaConv,pvResi
rs,h0369,0.23160094024625433,scr2014,avaConv,pvResi
rs,h0370,0.3296943505931809,scr2014,avaConv,pvResi
rs,h0371,0.4193429544978178,scr2014,avaConv,pvResi
rs,h0372,0.4826411614017188,scr2014,avaConv,pvResi
rs,h0373,0.5332052622324766,scr2014,avaConv,pvResi
rs,h0374,0.5121259672590099,scr2014,avaConv,pvResi
rs,h0375,0.44462424414578067,scr2014,avaConv,pvResi
rs,h0376,0.3160902659232613,scr2014,avaConv,pvResi
rs,h0377,0.20828594806304354,scr2014,avaConv,pvResi
rs,h0378,0.11453717713176219,scr2014,avaConv,pvResi
rs,h0379,0.0455647735961505,scr2014,avaConv,pvResi
rs,h0380,0.009825205869577863,scr2014,avaConv,pvResi
rs,h0381,0.0,scr2014,avaConv,pvResi
rs,h0382,0.0,scr2014,avaConv,pvResi
rs,h0383,0.0,scr2014,avaConv,pvResi
rs,h0384,0.0,scr2014,avaConv,pvResi
rs,h0385,0.0,scr2014,avaConv,pvResi
rs,h0386,0.0,scr2014,avaConv,pvResi
rs,h0387,0.0,scr2014,avaConv,pvResi
rs,h0388,0.0,scr2014,avaConv,pvResi
rs,h0389,0.0017513986114503063,scr2014,avaConv,pvResi
rs,h0390,0.018340291242431733,scr2014,avaConv,pvResi
rs,h0391,0.06125069840303379,scr2014,avaConv,pvResi
rs,h0392,0.1260863438051736,scr2014,avaConv,pvResi
rs,h0393,0.19765602500254395,scr2014,avaConv,pvResi
rs,h0394,0.26972290554318157,scr2014,avaConv,pvResi
rs,h0395,0.3291126422780982,scr2014,avaConv,pvResi
rs,h0396,0.37032295616169686,scr2014,avaConv,pvResi
rs,h0397,0.4642274462510311,scr2014,avaConv,pvResi
rs,h0398,0.5212768622761013,scr2014,avaConv,pvResi
rs,h0399,0.5317297064949885,scr2014,avaConv,pvResi
rs,h0400,0.4048412755397059,scr2014,avaConv,pvResi
rs,h0401,0.2587433045556483,scr2014,avaConv,pvResi
rs,h0402,0.12503788285691214,scr2014,avaConv,pvResi
rs,h0403,0.04087394777032819,scr2014,avaConv,pvResi
rs,h0404,0.006239271965528714,scr2014,avaConv,pvResi
rs,h0405,0.0,scr2014,avaConv,pvResi
rs,h0406,0.0,scr2014,avaConv,pvResi
rs,h0407,0.0,scr2014,avaConv,pvResi
rs,h0408,0.0,scr2014,avaConv,pvResi
se_1,h0337,0.0,scr2014,avaConv,pvResi
se_1,h0338,0.00013308080234207556,scr2014,avaConv,pvResi
se_1,h0339,0.002369505534625823,scr2014,avaConv,pvResi
se_1,h0340,0.006295878947555184,scr2014,avaConv,pvResi
se_1,h0341,0.016016068302192744,scr2014,avaConv,pvResi
se_1,h0342,0.06902107332850653,scr2014,avaConv,pvResi
se_1,h0343,0.16304294093087043,scr2014,avaConv,pvResi
se_1,h0344,0.30160766770751807,scr2014,avaConv,pvResi
se_1,h0345,0.43786331357150704,scr2014,avaConv,pvResi
se_1,h0346,0.5497809951407828,scr2014,avaConv,pvResi
se_1,h0347,0.5925746358624033,scr2014,avaConv,pvResi
se_1,h0348,0.5373443605644064,scr2014,avaConv,pvResi
se_1,h0349,0.5629007638101395,scr2014,avaConv,pvResi
se_1,h0350,0.5797794855800418,scr2014,avaConv,pvResi
se_1,h0351,0.604155766031153,scr2014,avaConv,pvResi
se_1,h0352,0.48502111414182064,scr2014,avaConv,pvResi
se_1,h0353,0.34878463521206937,scr2014,avaConv,pvResi
se_1,h0354,0.21592835548140607,scr2014,avaConv,pvResi
se_1,h0355,0.10596346679226593,scr2014,avaConv,pvResi
se_1,h0356,0.03927448850048606,scr2014,avaConv,pvResi
se_1,h0357,0.010711866398411141,scr2014,avaConv,pvResi
se_1,h0358,0.0039023171931852523,scr2014,avaConv,pvResi
se_1,h0359,0.0003074241280257166,scr2014,avaConv,pvResi
se_1,h0360,0.0,scr2014,avaConv,pvResi
se_1,h0361,0.0,scr2014,avaConv,pvResi
se_1,h0362,0.0,scr2014,avaConv,pvResi
se_1,h0363,0.001143022382085479,scr2014,avaConv,pvResi
se_1,h0364,0.006766953991765668,scr2014,avaConv,pvResi
se_1,h0365,0.020144109141575956,scr2014,avaConv,pvResi
se_1,h0366,0.04483969274320704,scr2014,avaConv,pvResi
se_1,h0367,0.08543618606209417,scr2014,avaConv,pvResi
se_1,h0368,0.13110978824790315,scr2014,avaConv,pvResi
se_1,h0369,0.18614027505594938,scr2014,avaConv,pvResi
se_1,h0370,0.23893490129378805,scr2014,avaConv,pvResi
se_1,h0371,0.286685964937825,scr2014,avaConv,pvResi
se_1,h0372,0.31129639518382407,scr2014,avaConv,pvResi
se_1,h0373,0.39593133924598706,scr2014,avaConv,pvResi
se_1,h0374,0.4540012319970829,scr2014,avaConv,pvResi
se_1,h0375,0.4947583187094299,scr2014,avaConv,pvResi
se_1,h0376,0.42364227395725695,scr2014,avaConv,pvResi
se_1,h0377,0.3244504026945976,scr2014,avaConv,pvResi
se_1,h0378,0.20452099436468804,scr2014,avaConv,pvResi
se_1,h0379,0.09661300088102921,scr2014,avaConv,pvResi
se_1,h0380,0.033088692266685316,scr2014,avaConv,pvResi
se_1,h0381,0.007115744229650323,scr2014,avaConv,pvResi
se_1,h0382,0.0016108311740434102,scr2014,avaConv,pvResi
se_1,h0383,0.0,scr2014,avaConv,pvResi
se_1,h0384,0.0,scr2014,avaConv,pvResi
se_1,h0385,0.0,scr2014,avaConv,pvResi
se_1,h0386,0.0,scr2014,avaConv,pvResi
se_1,h0387,0.0,scr2014,avaConv,pvResi
se_1,h0388,0.005958722313582277,scr2014,avaConv,pvResi
se_1,h0389,0.02206920388733768,scr2014,avaConv,pvResi
se_1,h0390,0.0566910344021082,scr2014,avaConv,pvResi
se_1,h0391,0.11628860052851756,scr2014,avaConv,pvResi
se_1,h0392,0.20015249226029522,scr2014,avaConv,pvResi
se_1,h0393,0.28000659875902273,scr2014,avaConv,pvResi
se_1,h0394,0.35475731511274095,scr2014,avaConv,pvResi
se_1,h0395,0.39134291647421515,scr2014,avaConv,pvResi
se_1,h0396,0.4121368357840482,scr2014,avaConv,pvResi
se_1,h0397,0.4389195981734418,scr2014,avaConv,pvResi
se_1,h0398,0.45587218089915216,scr2014,avaConv,pvResi
se_1,h0399,0.456386748306133,scr2014,avaConv,pvResi
se_1,h0400,0.39775096184585407,scr2014,avaConv,pvResi
se_1,h0401,0.30774743643845925,scr2014,avaConv,pvResi
se_1,h0402,0.18857773975894934,scr2014,avaConv,pvResi
se_1,h0403,0.0842372230101062,scr2014,avaConv,pvResi
se_1,h0404,0.02125884237694082,scr2014,avaConv,pvResi
se_1,h0405,0.0044636541544422524,scr2014,avaConv,pvResi
se_1,h0406,0.00012081086801012718,scr2014,avaConv,pvResi
se_1,h0407,0.0,scr2014,avaConv,pvResi
se_1,h0408,0.0,scr2014,avaConv,pvResi
se_2,h0337,0.0,scr2014,avaConv,pvResi
se_2,h0338,0.0,scr2014,avaConv,pvResi
se_2,h0339,0.0,scr2014,avaConv,pvResi
se_2,h0340,0.002440087611087062,scr2014,avaConv,pvResi
se_2,h0341,0.009425240325589893,scr2014,avaConv,pvResi
se_2,h0342,0.0410930989512341,scr2014,avaConv,pvResi
se_2,h0343,0.12459273759010284,scr2014,avaConv,pvResi
se_2,h0344,0.271978760031974,scr2014,avaConv,pvResi
se_2,h0345,0.4362691481571256,scr2014,avaConv,pvResi
se_2,h0346,0.5633311920601592,scr2014,avaConv,pvResi
se_2,h0347,0.6121962572276022,scr2014,avaConv,pvResi
se_2,h0348,0.5879744441581011,scr2014,avaConv,pvResi
se_2,h0349,0.5648427190070252,scr2014,avaConv,pvResi
se_2,h0350,0.537280894419496,scr2014,avaConv,pvResi
se_2,h0351,0.5137572245609713,scr2014,avaConv,pvResi
se_2,h0352,0.43310039524080224,scr2014,avaConv,pvResi
se_2,h0353,0.33384653990604235,scr2014,avaConv,pvResi
se_2,h0354,0.2154183015909179,scr2014,avaConv,pvResi
se_2,h0355,0.10398682862860707,scr2014,avaConv,pvResi
se_2,h0356,0.032123613494028175,scr2014,avaConv,pvResi
se_2,h0357,0.0041816124454442305,scr2014,avaConv,pvResi
se_2,h0358,0.0009535454936010827,scr2014,avaConv,pvResi
se_2,h0359,0.0,scr2014,avaConv,pvResi
se_2,h0360,0.0,scr2014,avaConv,pvResi
se_2,h0361,0.0,scr2014,avaConv,pvResi
se_2,h0362,0.0,scr2014,avaConv,pvResi
se_2,h0363,0.0,scr2014,avaConv,pvResi
se_2,h0364,0.0018971867920807611,scr2014,avaConv,pvResi
se_2,h0365,0.011139884432343542,scr2014,avaConv,pvResi
se_2,h0366,0.03584736239821595,scr2014,avaConv,pvResi
se_2,h0367,0.08265555874437114,scr2014,avaConv,pvResi
se_2,h0368,0.14211383210578532,scr2014,avaConv,pvResi
se_2,h0369,0.21374241669892471,scr2014,avaConv,pvResi
se_2,h0370,0.28587101902876694,scr2014,avaConv,pvResi
se_2,h0371,0.3529718217559632,scr2014,avaConv,pvResi
se_2,h0372,0.3909854776951805,scr2014,avaConv,pvResi
se_2,h0373,0.4526267142548825,scr2014,avaConv,pvResi
se_2,h0374,0.4925336750855088,scr2014,avaConv,pvResi
se_2,h0375,0.502578891747527,scr2014,avaConv,pvResi
se_2,h0376,0.43202451379336215,scr2014,avaConv,pvResi
se_2,h0377,0.32683693071394515,scr2014,avaConv,pvResi
se_2,h0378,0.20798463758489089,scr2014,avaConv,pvResi
se_2,h0379,0.10079193749834993,scr2014,avaConv,pvResi
se_2,h0380,0.03324116129233717,scr2014,avaConv,pvResi
se_2,h0381,0.007471245331484439,scr2014,avaConv,pvResi
se_2,h0382,0.0008982685973652543,scr2014,avaConv,pvResi
se_2,h0383,0.0,scr2014,avaConv,pvResi
se_2,h0384,0.0,scr2014,avaConv,pvResi
se_2,h0385,0.0,scr2014,avaConv,pvResi
se_2,h0386,0.0,scr2014,avaConv,pvResi
se_2,h0387,0.0,scr2014,avaConv,pvResi
se_2,h0388,0.0002686032763213478,scr2014,avaConv,pvResi
se_2,h0389,0.0035237225215412173,scr2014,avaConv,pvResi
se_2,h0390,0.022865443952305515,scr2014,avaConv,pvResi
se_2,h0391,0.09738804088568224,scr2014,avaConv,pvResi
se_2,h0392,0.24296902405920784,scr2014,avaConv,pvResi
se_2,h0393,0.41828234536860165,scr2014,avaConv,pvResi
se_2,h0394,0.5608831558435178,scr2014,avaConv,pvResi
se_2,h0395,0.6688824339036752,scr2014,avaConv,pvResi
se_2,h0396,0.7409500272882478,scr2014,avaConv,pvResi
se_2,h0397,0.617304672389392,scr2014,avaConv,pvResi
se_2,h0398,0.4381923892864477,scr2014,avaConv,pvResi
se_2,h0399,0.2506811134786767,scr2014,avaConv,pvResi
se_2,h0400,0.19402213844139407,scr2014,avaConv,pvResi
se_2,h0401,0.13768216347185602,scr2014,avaConv,pvResi
se_2,h0402,0.08152391313331908,scr2014,avaConv,pvResi
se_2,h0403,0.038833462015429636,scr2014,avaConv,pvResi
se_2,h0404,0.013062316989537042,scr2014,avaConv,pvResi
se_2,h0405,0.00287614936364468,scr2014,avaConv,pvResi
se_2,h0406,0.0,scr2014,avaConv,pvResi
se_2,h0407,0.0,scr2014,avaConv,pvResi
se_2,h0408,0.0,scr2014,avaConv,pvResi
se_3,h0337,0.0,scr2014,avaConv,pvResi
se_3,h0338,0.0,scr2014,avaConv,pvResi
se_3,h0339,0.0,scr2014,avaConv,pvResi
se_3,h0340,0.0012046137356197548,scr2014,avaConv,pvResi
se_3,h0341,0.007022545013050896,scr2014,avaConv,pvResi
se_3,h0342,0.03182427376048385,scr2014,avaConv,pvResi
se_3,h0343,0.10533204772443162,scr2014,avaConv,pvResi
se_3,h0344,0.23920595811295473,scr2014,avaConv,pvResi
se_3,h0345,0.4126556208088201,scr2014,avaConv,pvResi
se_3,h0346,0.5502988005404952,scr2014,avaConv,pvResi
se_3,h0347,0.6239921131813763,scr2014,avaConv,pvResi
se_3,h0348,0.6482285343276407,scr2014,avaConv,pvResi
se_3,h0349,0.6471961722817114,scr2014,avaConv,pvResi
se_3,h0350,0.6254892191123158,scr2014,avaConv,pvResi
se_3,h0351,0.5657187626040486,scr2014,avaConv,pvResi
se_3,h0352,0.47479094794888865,scr2014,avaConv,pvResi
se_3,h0353,0.35967957126708455,scr2014,avaConv,pvResi
se_3,h0354,0.228558252387482,scr2014,avaConv,pvResi
se_3,h0355,0.10915706194977601,scr2014,avaConv,pvResi
se_3,h0356,0.03531849752459626,scr2014,avaConv,pvResi
se_3,h0357,0.005464799056683054,scr2014,avaConv,pvResi
se_3,h0358,0.0010317839115339237,scr2014,avaConv,pvResi
se_3,h0359,0.0,scr2014,avaConv,pvResi
se_3,h0360,0.0,scr2014,avaConv,pvResi
se_3,h0361,0.0,scr2014,avaConv,pvResi
se_3,h0362,0.0,scr2014,avaConv,pvResi
se_3,h0363,0.0,scr2014,avaConv,pvResi
se_3,h0364,0.0,scr2014,avaConv,pvResi
se_3,h0365,0.0033465146220843065,scr2014,avaConv,pvResi
se_3,h0366,0.01955738802731935,scr2014,avaConv,pvResi
se_3,h0367,0.0790259370967967,scr2014,avaConv,pvResi
se_3,h0368,0.18103468367890035,scr2014,avaConv,pvResi
se_3,h0369,0.308909047138311,scr2014,avaConv,pvResi
se_3,h0370,0.41877878970104365,scr2014,avaConv,pvResi
se_3,h0371,0.49774236972328156,scr2014,avaConv,pvResi
se_3,h0372,0.5462287163979521,scr2014,avaConv,pvResi
se_3,h0373,0.5893246652987508,scr2014,avaConv,pvResi
se_3,h0374,0.5961897555454271,scr2014,avaConv,pvResi
se_3,h0375,0.5618795642304011,scr2014,avaConv,pvResi
se_3,h0376,0.4662694789171162,scr2014,avaConv,pvResi
se_3,h0377,0.3465412697004971,scr2014,avaConv,pvResi
se_3,h0378,0.21729914749494011,scr2014,avaConv,pvResi
se_3,h0379,0.10355599455618575,scr2014,avaConv,pvResi
se_3,h0380,0.03368240050142446,scr2014,avaConv,pvResi
se_3,h0381,0.0062534661648757615,scr2014,avaConv,pvResi
se_3,h0382,0.00048300717616366935,scr2014,avaConv,pvResi
se_3,h0383,0.0,scr2014,avaConv,pvResi
se_3,h0384,0.0,scr2014,avaConv,pvResi
se_3,h0385,0.0,scr2014,avaConv,pvResi
se_3,h0386,0.0,scr2014,avaConv,pvResi
se_3,h0387,0.0,scr2014,avaConv,pvResi
se_3,h0388,0.0,scr2014,avaConv,pvResi
se_3,h0389,0.0029107721200208607,scr2014,avaConv,pvResi
se_3,h0390,0.019149636240354092,scr2014,avaConv,pvResi
se_3,h0391,0.08293910193834869,scr2014,avaConv,pvResi
se_3,h0392,0.2119387219301228,scr2014,avaConv,pvResi
se_3,h0393,0.39004928112215,scr2014,avaConv,pvResi
se_3,h0394,0.5622695908311689,scr2014,avaConv,pvResi
se_3,h0395,0.686765459777397,scr2014,avaConv,pvResi
se_3,h0396,0.7420261752394287,scr2014,avaConv,pvResi
se_3,h0397,0.6007237274640481,scr2014,avaConv,pvResi
se_3,h0398,0.4424799662685863,scr2014,avaConv,pvResi
se_3,h0399,0.2914138101938308,scr2014,avaConv,pvResi
se_3,h0400,0.25236367958359857,scr2014,avaConv,pvResi
se_3,h0401,0.18931293719823883,scr2014,avaConv,pvResi
se_3,h0402,0.11452203631014632,scr2014,avaConv,pvResi
se_3,h0403,0.053643597183388375,scr2014,avaConv,pvResi
se_3,h0404,0.016949796003042684,scr2014,avaConv,pvResi
se_3,h0405,0.0026774577035011816,scr2014,avaConv,pvResi
se_3,h0406,0.0,scr2014,avaConv,pvResi
se_3,h0407,0.0,scr2014,avaConv,pvResi
se_3,h0408,0.0,scr2014,avaConv,pvResi
se_4,h0337,0.0,scr2014,avaConv,pvResi
se_4,h0338,0.0,scr2014,avaConv,pvResi
se_4,h0339,0.0,scr2014,avaConv,pvResi
se_4,h0340,0.00012756085514885963,scr2014,avaConv,pvResi
se_4,h0341,0.004905027300441703,scr2014,avaConv,pvResi
se_4,h0342,0.02624259324660439,scr2014,avaConv,pvResi
se_4,h0343,0.08601706348481976,scr2014,avaConv,pvResi
se_4,h0344,0.19192130091245388,scr2014,avaConv,pvResi
se_4,h0345,0.33371572236277774,scr2014,avaConv,pvResi
se_4,h0346,0.47619522861804675,scr2014,avaConv,pvResi
se_4,h0347,0.5799504677708023,scr2014,avaConv,pvResi
se_4,h0348,0.6218585226921232,scr2014,avaConv,pvResi
se_4,h0349,0.5929343488970394,scr2014,avaConv,pvResi
se_4,h0350,0.528720623275795,scr2014,avaConv,pvResi
se_4,h0351,0.46731312453435725,scr2014,avaConv,pvResi
se_4,h0352,0.41250610368890167,scr2014,avaConv,pvResi
se_4,h0353,0.3369371143573117,scr2014,avaConv,pvResi
se_4,h0354,0.22053302215079554,scr2014,avaConv,pvResi
se_4,h0355,0.10668074417559369,scr2014,avaConv,pvResi
se_4,h0356,0.03298845270789195,scr2014,avaConv,pvResi
se_4,h0357,0.005772660225390269,scr2014,avaConv,pvResi
se_4,h0358,0.00025547368500507397,scr2014,avaConv,pvResi
se_4,h0359,0.0,scr2014,avaConv,pvResi
se_4,h0360,0.0,scr2014,avaConv,pvResi
se_4,h0361,0.0,scr2014,avaConv,pvResi
se_4,h0362,0.0,scr2014,avaConv,pvResi
se_4,h0363,0.0,scr2014,avaConv,pvResi
se_4,h0364,0.0,scr2014,avaConv,pvResi
se_4,h0365,0.0037383644902866386,scr2014,avaConv,pvResi
se_4,h0366,0.020920609124566128,scr2014,avaConv,pvResi
se_4,h0367,0.07955913527590446,scr2014,avaConv,pvResi
se_4,h0368,0.18899608181122796,scr2014,avaConv,pvResi
se_4,h0369,0.32874837276619717,scr2014,avaConv,pvResi
se_4,h0370,0.4434503313546643,scr2014,avaConv,pvResi
se_4,h0371,0.5031384378425928,scr2014,avaConv,pvResi
se_4,h0372,0.5199449393408921,scr2014,avaConv,pvResi
se_4,h0373,0.5332005279806327,scr2014,avaConv,pvResi
se_4,h0374,0.5162869129079916,scr2014,avaConv,pvResi
se_4,h0375,0.4732114407601745,scr2014,avaConv,pvResi
se_4,h0376,0.390626817845438,scr2014,avaConv,pvResi
se_4,h0377,0.2986310990627846,scr2014,avaConv,pvResi
se_4,h0378,0.19270273923736875,scr2014,avaConv,pvResi
se_4,h0379,0.08912856571149019,scr2014,avaConv,pvResi
se_4,h0380,0.025354567564846327,scr2014,avaConv,pvResi
se_4,h0381,0.0021701826602759156,scr2014,avaConv,pvResi
se_4,h0382,0.0,scr2014,avaConv,pvResi
se_4,h0383,0.0,scr2014,avaConv,pvResi
se_4,h0384,0.0,scr2014,avaConv,pvResi
se_4,h0385,0.0,scr2014,avaConv,pvResi
se_4,h0386,0.0,scr2014,avaConv,pvResi
se_4,h0387,0.0,scr2014,avaConv,pvResi
se_4,h0388,0.0,scr2014,avaConv,pvResi
se_4,h0389,0.002166483673770726,scr2014,avaConv,pvResi
se_4,h0390,0.016159446918332286,scr2014,avaConv,pvResi
se_4,h0391,0.06771779279641878,scr2014,avaConv,pvResi
se_4,h0392,0.16408546519634098,scr2014,avaConv,pvResi
se_4,h0393,0.2932862002787899,scr2014,avaConv,pvResi
se_4,h0394,0.41664634607966955,scr2014,avaConv,pvResi
se_4,h0395,0.513194967609841,scr2014,avaConv,pvResi
se_4,h0396,0.5656466132321473,scr2014,avaConv,pvResi
se_4,h0397,0.6017375535487535,scr2014,avaConv,pvResi
se_4,h0398,0.6041925048468096,scr2014,avaConv,pvResi
se_4,h0399,0.5721354467681637,scr2014,avaConv,pvResi
se_4,h0400,0.4680673811733923,scr2014,avaConv,pvResi
se_4,h0401,0.3247102919176666,scr2014,avaConv,pvResi
se_4,h0402,0.17812753562738912,scr2014,avaConv,pvResi
se_4,h0403,0.0704563982837301,scr2014,avaConv,pvResi
se_4,h0404,0.017048977604698486,scr2014,avaConv,pvResi
se_4,h0405,0.0013266560733833051,scr2014,avaConv,pvResi
se_4,h0406,0.0,scr2014,avaConv,pvResi
se_4,h0407,0.0,scr2014,avaConv,pvResi
se_4,h0408,0.0,scr2014,avaConv,pvResi
si,h0337,0.0,scr2014,avaConv,pvResi
si,h0338,0.0,scr2014,avaConv,pvResi
si,h0339,0.0,scr2014,avaConv,pvResi
si,h0340,0.0,scr2014,avaConv,pvResi
si,h0341,0.002437373193794267,scr2014,avaConv,pvResi
si,h0342,0.027764583845114148,scr2014,avaConv,pvResi
si,h0343,0.1028283336618891,scr2014,avaConv,pvResi
si,h0344,0.23480986084723254,scr2014,avaConv,pvResi
si,h0345,0.3848132033107557,scr2014,avaConv,pvResi
si,h0346,0.5133913274924243,scr2014,avaConv,pvResi
si,h0347,0.5943028072245223,scr2014,avaConv,pvResi
si,h0348,0.6364691697952396,scr2014,avaConv,pvResi
si,h0349,0.5966051651822782,scr2014,avaConv,pvResi
si,h0350,0.5566170129890211,scr2014,avaConv,pvResi
si,h0351,0.4832672603897777,scr2014,avaConv,pvResi
si,h0352,0.4203890603155665,scr2014,avaConv,pvResi
si,h0353,0.31066497633040985,scr2014,avaConv,pvResi
si,h0354,0.1970685187495298,scr2014,avaConv,pvResi
si,h0355,0.0996618859951506,scr2014,avaConv,pvResi
si,h0356,0.03448042860377242,scr2014,avaConv,pvResi
si,h0357,0.004780972185944067,scr2014,avaConv,pvResi
si,h0358,0.0,scr2014,avaConv,pvResi
si,h0359,0.0,scr2014,avaConv,pvResi
si,h0360,0.0,scr2014,avaConv,pvResi
si,h0361,0.0,scr2014,avaConv,pvResi
si,h0362,0.0,scr2014,avaConv,pvResi
si,h0363,0.0,scr2014,avaConv,pvResi
si,h0364,0.0,scr2014,avaConv,pvResi
si,h0365,0.0005784693614562264,scr2014,avaConv,pvResi
si,h0366,0.020131270548548224,scr2014,avaConv,pvResi
si,h0367,0.09244907447643205,scr2014,avaConv,pvResi
si,h0368,0.22960260279526748,scr2014,avaConv,pvResi
si,h0369,0.4007604493865513,scr2014,avaConv,pvResi
si,h0370,0.552522424836664,scr2014,avaConv,pvResi
si,h0371,0.6285943850977137,scr2014,avaConv,pvResi
si,h0372,0.6350208127407956,scr2014,avaConv,pvResi
si,h0373,0.5375980574401066,scr2014,avaConv,pvResi
si,h0374,0.4725297942616761,scr2014,avaConv,pvResi
si,h0375,0.38692698562046324,scr2014,avaConv,pvResi
si,h0376,0.32220528085091854,scr2014,avaConv,pvResi
si,h0377,0.223173907374176,scr2014,avaConv,pvResi
si,h0378,0.13736500428302462,scr2014,avaConv,pvResi
si,h0379,0.07543632518295906,scr2014,avaConv,pvResi
si,h0380,0.026823121868973114,scr2014,avaConv,pvResi
si,h0381,0.0026031309171309367,scr2014,avaConv,pvResi
si,h0382,0.0,scr2014,avaConv,pvResi
si,h0383,0.0,scr2014,avaConv,pvResi
si,h0384,0.0,scr2014,avaConv,pvResi
si,h0385,0.0,scr2014,avaConv,pvResi
si,h0386,0.0,scr2014,avaConv,pvResi
si,h0387,0.0,scr2014,avaConv,pvResi
si,h0388,0.0,scr2014,avaConv,pvResi
si,h0389,0.0,scr2014,avaConv,pvResi
si,h0390,0.015348167007470779,scr2014,avaConv,pvResi
si,h0391,0.05195568434530475,scr2014,avaConv,pvResi
si,h0392,0.09590649024793883,scr2014,avaConv,pvResi
si,h0393,0.13551228844888236,scr2014,avaConv,pvResi
si,h0394,0.17904127169978235,scr2014,avaConv,pvResi
si,h0395,0.22935880689551272,scr2014,avaConv,pvResi
si,h0396,0.2746644607874622,scr2014,avaConv,pvResi
si,h0397,0.3980027425268822,scr2014,avaConv,pvResi
si,h0398,0.45691496636565654,scr2014,avaConv,pvResi
si,h0399,0.44622923659850633,scr2014,avaConv,pvResi
si,h0400,0.2943425864722303,scr2014,avaConv,pvResi
si,h0401,0.18172836875313927,scr2014,avaConv,pvResi
si,h0402,0.11092436731226599,scr2014,avaConv,pvResi
si,h0403,0.05667190287249301,scr2014,avaConv,pvResi
si,h0404,0.018463384422855496,scr2014,avaConv,pvResi
si,h0405,0.0001426275496124781,scr2014,avaConv,pvResi
si,h0406,0.0,scr2014,avaConv,pvResi
si,h0407,0.0,scr2014,avaConv,pvResi
si,h0408,0.0,scr2014,avaConv,pvResi
sk,h0337,0.0,scr2014,avaConv,pvResi
sk,h0338,0.0,scr2014,avaConv,pvResi
sk,h0339,0.0,scr2014,avaConv,pvResi
sk,h0340,0.0,scr2014,avaConv,pvResi
sk,h0341,0.009154560434463109,scr2014,avaConv,pvResi
sk,h0342,0.056517083584842885,scr2014,avaConv,pvResi
sk,h0343,0.16131586138242687,scr2014,avaConv,pvResi
sk,h0344,0.3149862259295175,scr2014,avaConv,pvResi
sk,h0345,0.47831117776616566,scr2014,avaConv,pvResi
sk,h0346,0.6145893622046308,scr2014,avaConv,pvResi
sk,h0347,0.7018817800254621,scr2014,avaConv,pvResi
sk,h0348,0.7373665083527762,scr2014,avaConv,pvResi
sk,h0349,0.6440613730199479,scr2014,avaConv,pvResi
sk,h0350,0.5053798428876916,scr2014,avaConv,pvResi
sk,h0351,0.3387061237513317,scr2014,avaConv,pvResi
sk,h0352,0.24389187260686646,scr2014,avaConv,pvResi
sk,h0353,0.17107486190748614,scr2014,avaConv,pvResi
sk,h0354,0.11477991462003903,scr2014,avaConv,pvResi
sk,h0355,0.06700816281847055,scr2014,avaConv,pvResi
sk,h0356,0.028406372202086902,scr2014,avaConv,pvResi
sk,h0357,0.004440180161843174,scr2014,avaConv,pvResi
sk,h0358,0.0,scr2014,avaConv,pvResi
sk,h0359,0.0,scr2014,avaConv,pvResi
sk,h0360,0.0,scr2014,avaConv,pvResi
sk,h0361,0.0,scr2014,avaConv,pvResi
sk,h0362,0.0,scr2014,avaConv,pvResi
sk,h0363,0.0,scr2014,avaConv,pvResi
sk,h0364,0.0,scr2014,avaConv,pvResi
sk,h0365,0.0071460373712182584,scr2014,avaConv,pvResi
sk,h0366,0.04826737152651235,scr2014,avaConv,pvResi
sk,h0367,0.13542585565208343,scr2014,avaConv,pvResi
sk,h0368,0.26766130896514123,scr2014,avaConv,pvResi
sk,h0369,0.39998095706637166,scr2014,avaConv,pvResi
sk,h0370,0.5038420795340158,scr2014,avaConv,pvResi
sk,h0371,0.5590127211598703,scr2014,avaConv,pvResi
sk,h0372,0.5600918239157731,scr2014,avaConv,pvResi
sk,h0373,0.5452450268568045,scr2014,avaConv,pvResi
sk,h0374,0.4834753343905292,scr2014,avaConv,pvResi
sk,h0375,0.38935835930499463,scr2014,avaConv,pvResi
sk,h0376,0.2565724658342954,scr2014,avaConv,pvResi
sk,h0377,0.14700933047053688,scr2014,avaConv,pvResi
sk,h0378,0.07787614304616883,scr2014,avaConv,pvResi
sk,h0379,0.035822255421754975,scr2014,avaConv,pvResi
sk,h0380,0.012133084857365374,scr2014,avaConv,pvResi
sk,h0381,0.0012170192982459951,scr2014,avaConv,pvResi
sk,h0382,0.0,scr2014,avaConv,pvResi
sk,h0383,0.0,scr2014,avaConv,pvResi
sk,h0384,0.0,scr2014,avaConv,pvResi
sk,h0385,0.0,scr2014,avaConv,pvResi
sk,h0386,0.0,scr2014,avaConv,pvResi
sk,h0387,0.0,scr2014,avaConv,pvResi
sk,h0388,0.0,scr2014,avaConv,pvResi
sk,h0389,0.00540250581477758,scr2014,avaConv,pvResi
sk,h0390,0.035290387027576156,scr2014,avaConv,pvResi
sk,h0391,0.06623088036706046,scr2014,avaConv,pvResi
sk,h0392,0.09170223842538687,scr2014,avaConv,pvResi
sk,h0393,0.11368758863323014,scr2014,avaConv,pvResi
sk,h0394,0.16285841026582873,scr2014,avaConv,pvResi
sk,h0395,0.24990268019632866,scr2014,avaConv,pvResi
sk,h0396,0.3487581787979263,scr2014,avaConv,pvResi
sk,h0397,0.4817615809452347,scr2014,avaConv,pvResi
sk,h0398,0.5461396940225307,scr2014,avaConv,pvResi
sk,h0399,0.5354609918643661,scr2014,avaConv,pvResi
sk,h0400,0.4074868509458465,scr2014,avaConv,pvResi
sk,h0401,0.2689746117773859,scr2014,avaConv,pvResi
sk,h0402,0.1465456839422542,scr2014,avaConv,pvResi
sk,h0403,0.06191282857204223,scr2014,avaConv,pvResi
sk,h0404,0.017608750196483027,scr2014,avaConv,pvResi
sk,h0405,0.0,scr2014,avaConv,pvResi
sk,h0406,0.0,scr2014,avaConv,pvResi
sk,h0407,0.0,scr2014,avaConv,pvResi
sk,h0408,0.0,scr2014,avaConv,pvResi
uk,h0337,0.0,scr2014,avaConv,pvResi
uk,h0338,0.0,scr2014,avaConv,pvResi
uk,h0339,0.0,scr2014,avaConv,pvResi
uk,h0340,0.0,scr2014,avaConv,pvResi
uk,h0341,0.0,scr2014,avaConv,pvResi
uk,h0342,0.0012407846130100346,scr2014,avaConv,pvResi
uk,h0343,0.0034658555941493225,scr2014,avaConv,pvResi
uk,h0344,0.014962658071073002,scr2014,avaConv,pvResi
uk,h0345,0.04717930061470863,scr2014,avaConv,pvResi
uk,h0346,0.12918084902131113,scr2014,avaConv,pvResi
uk,h0347,0.2652851285225317,scr2014,avaConv,pvResi
uk,h0348,0.4317225507378423,scr2014,avaConv,pvResi
uk,h0349,0.5659858826397224,scr2014,avaConv,pvResi
uk,h0350,0.6269720110824336,scr2014,avaConv,pvResi
uk,h0351,0.5980290589954688,scr2014,avaConv,pvResi
uk,h0352,0.5073696682936091,scr2014,avaConv,pvResi
uk,h0353,0.3938973285472226,scr2014,avaConv,pvResi
uk,h0354,0.28150816782808324,scr2014,avaConv,pvResi
uk,h0355,0.17006952612836224,scr2014,avaConv,pvResi
uk,h0356,0.07624277087234495,scr2014,avaConv,pvResi
uk,h0357,0.019599545874544606,scr2014,avaConv,pvResi
uk,h0358,0.002490807251836737,scr2014,avaConv,pvResi
uk,h0359,0.0,scr2014,avaConv,pvResi
uk,h0360,0.0,scr2014,avaConv,pvResi
uk,h0361,0.0,scr2014,avaConv,pvResi
uk,h0362,0.0,scr2014,avaConv,pvResi
uk,h0363,0.0,scr2014,avaConv,pvResi
uk,h0364,0.0,scr2014,avaConv,pvResi
uk,h0365,0.0,scr2014,avaConv,pvResi
uk,h0366,0.0006856319292396066,scr2014,avaConv,pvResi
uk,h0367,0.009328818224586635,scr2014,avaConv,pvResi
uk,h0368,0.050139784424548264,scr2014,avaConv,pvResi
uk,h0369,0.14375143230874932,scr2014,avaConv,pvResi
uk,h0370,0.2832841479727881,scr2014,avaConv,pvResi
uk,h0371,0.42919742502572017,scr2014,avaConv,pvResi
uk,h0372,0.5603605116298421,scr2014,avaConv,pvResi
uk,h0373,0.5846952788885696,scr2014,avaConv,pvResi
uk,h0374,0.5587858018679758,scr2014,avaConv,pvResi
uk,h0375,0.49612064419718516,scr2014,avaConv,pvResi
uk,h0376,0.46746639914418614,scr2014,avaConv,pvResi
uk,h0377,0.40623643607177923,scr2014,avaConv,pvResi
uk,h0378,0.304032689201386,scr2014,avaConv,pvResi
uk,h0379,0.17928971460025472,scr2014,avaConv,pvResi
uk,h0380,0.07262562692455449,scr2014,avaConv,pvResi
uk,h0381,0.016243723476971946,scr2014,avaConv,pvResi
uk,h0382,0.0006061810655605469,scr2014,avaConv,pvResi
uk,h0383,0.0,scr2014,avaConv,pvResi
uk,h0384,0.0,scr2014,avaConv,pvResi
uk,h0385,0.0,scr2014,avaConv,pvResi
uk,h0386,0.0,scr2014,avaConv,pvResi
uk,h0387,0.0,scr2014,avaConv,pvResi
uk,h0388,0.0,scr2014,avaConv,pvResi
uk,h0389,0.0,scr2014,avaConv,pvResi
uk,h0390,0.00023737003100743798,scr2014,avaConv,pvResi
uk,h0391,0.0065982756331374355,scr2014,avaConv,pvResi
uk,h0392,0.046538459299209814,scr2014,avaConv,pvResi
uk,h0393,0.14385664882769428,scr2014,avaConv,pvResi
uk,h0394,0.2830333940944251,scr2014,avaConv,pvResi
uk,h0395,0.41371071318361896,scr2014,avaConv,pvResi
uk,h0396,0.5023653081754503,scr2014,avaConv,pvResi
uk,h0397,0.5458742252781139,scr2014,avaConv,pvResi
uk,h0398,0.5517793476805165,scr2014,avaConv,pvResi
uk,h0399,0.5400731598773355,scr2014,avaConv,pvResi
uk,h0400,0.5021080880176829,scr2014,avaConv,pvResi
uk,h0401,0.4259298766913636,scr2014,avaConv,pvResi
uk,h0402,0.3070862500728218,scr2014,avaConv,pvResi
uk,h0403,0.17083427708202992,scr2014,avaConv,pvResi
uk,h0404,0.06445208860861601,scr2014,avaConv,pvResi
uk,h0405,0.012300116161336663,scr2014,avaConv,pvResi
uk,h0406,0.0005096857801474142,scr2014,avaConv,pvResi
uk,h0407,0.0,scr2014,avaConv,pvResi
uk,h0408,0.0,scr2014,avaConv,pvResi
ni,h0337,0.0,scr2014,avaConv,pvResi
ni,h0338,0.0,scr2014,avaConv,pvResi
ni,h0339,0.0,scr2014,avaConv,pvResi
ni,h0340,0.0,scr2014,avaConv,pvResi
ni,h0341,0.0,scr2014,avaConv,pvResi
ni,h0342,0.0017980404375413826,scr2014,avaConv,pvResi
ni,h0343,0.010367984253180154,scr2014,avaConv,pvResi
ni,h0344,0.0540466865871471,scr2014,avaConv,pvResi
ni,h0345,0.15818907240547367,scr2014,avaConv,pvResi
ni,h0346,0.3428640855689483,scr2014,avaConv,pvResi
ni,h0347,0.5598389645249099,scr2014,avaConv,pvResi
ni,h0348,0.7472149835831786,scr2014,avaConv,pvResi
ni,h0349,0.6906080935019082,scr2014,avaConv,pvResi
ni,h0350,0.614813908005087,scr2014,avaConv,pvResi
ni,h0351,0.5216274766734115,scr2014,avaConv,pvResi
ni,h0352,0.5533689198752995,scr2014,avaConv,pvResi
ni,h0353,0.5208933114314087,scr2014,avaConv,pvResi
ni,h0354,0.4241121170314796,scr2014,avaConv,pvResi
ni,h0355,0.24108166550135304,scr2014,avaConv,pvResi
ni,h0356,0.08768152327112577,scr2014,avaConv,pvResi
ni,h0357,0.0068603976753872165,scr2014,avaConv,pvResi
ni,h0358,0.0005886481348517812,scr2014,avaConv,pvResi
ni,h0359,0.0,scr2014,avaConv,pvResi
ni,h0360,0.0,scr2014,avaConv,pvResi
ni,h0361,0.0,scr2014,avaConv,pvResi
ni,h0362,0.0,scr2014,avaConv,pvResi
ni,h0363,0.0,scr2014,avaConv,pvResi
ni,h0364,0.0,scr2014,avaConv,pvResi
ni,h0365,0.0,scr2014,avaConv,pvResi
ni,h0366,0.00034615647013700606,scr2014,avaConv,pvResi
ni,h0367,0.007045928661752617,scr2014,avaConv,pvResi
ni,h0368,0.03968277285572619,scr2014,avaConv,pvResi
ni,h0369,0.12394046976324641,scr2014,avaConv,pvResi
ni,h0370,0.2367883801608113,scr2014,avaConv,pvResi
ni,h0371,0.30428540980498575,scr2014,avaConv,pvResi
ni,h0372,0.3046746260554646,scr2014,avaConv,pvResi
ni,h0373,0.3102363656390708,scr2014,avaConv,pvResi
ni,h0374,0.34705050113885055,scr2014,avaConv,pvResi
ni,h0375,0.3644812287206873,scr2014,avaConv,pvResi
ni,h0376,0.3109960905395707,scr2014,avaConv,pvResi
ni,h0377,0.21410453721881267,scr2014,avaConv,pvResi
ni,h0378,0.1355738723779405,scr2014,avaConv,pvResi
ni,h0379,0.10975049626304072,scr2014,avaConv,pvResi
ni,h0380,0.06611248582021714,scr2014,avaConv,pvResi
ni,h0381,0.03589459320372078,scr2014,avaConv,pvResi
ni,h0382,0.0018393583199461097,scr2014,avaConv,pvResi
ni,h0383,0.0,scr2014,avaConv,pvResi
ni,h0384,0.0,scr2014,avaConv,pvResi
ni,h0385,0.0,scr2014,avaConv,pvResi
ni,h0386,0.0,scr2014,avaConv,pvResi
ni,h0387,0.0,scr2014,avaConv,pvResi
ni,h0388,0.0,scr2014,avaConv,pvResi
ni,h0389,0.0,scr2014,avaConv,pvResi
ni,h0390,0.0,scr2014,avaConv,pvResi
ni,h0391,0.004923841764316338,scr2014,avaConv,pvResi
ni,h0392,0.027653799448934598,scr2014,avaConv,pvResi
ni,h0393,0.07718377834278445,scr2014,avaConv,pvResi
ni,h0394,0.13497143698966638,scr2014,avaConv,pvResi
ni,h0395,0.1811660438494265,scr2014,avaConv,pvResi
ni,h0396,0.21243221948782348,scr2014,avaConv,pvResi
ni,h0397,0.3548559615722291,scr2014,avaConv,pvResi
ni,h0398,0.4738527491198874,scr2014,avaConv,pvResi
ni,h0399,0.5556410070513406,scr2014,avaConv,pvResi
ni,h0400,0.4469907656947063,scr2014,avaConv,pvResi
ni,h0401,0.31945413773671544,scr2014,avaConv,pvResi
ni,h0402,0.20559877976059665,scr2014,avaConv,pvResi
ni,h0403,0.12437242173170149,scr2014,avaConv,pvResi
ni,h0404,0.06581330450565266,scr2014,avaConv,pvResi
ni,h0405,0.02498676861540587,scr2014,avaConv,pvResi
ni,h0406,0.003466648512230932,scr2014,avaConv,pvResi
ni,h0407,0.0,scr2014,avaConv,pvResi
ni,h0408,0.0,scr2014,avaConv,pvResi
