region_1,timestep_6,value,scenario_1,parameter,technology_3
AT,h8041,2.584368708858095,scr2084,stInflow,reservoir
AT,h8042,2.584368708858095,scr2084,stInflow,reservoir
AT,h8043,2.584368708858095,scr2084,stInflow,reservoir
AT,h8044,2.584368708858095,scr2084,stInflow,reservoir
AT,h8045,2.584368708858095,scr2084,stInflow,reservoir
AT,h8046,2.584368708858095,scr2084,stInflow,reservoir
AT,h8047,2.584368708858095,scr2084,stInflow,reservoir
AT,h8048,2.584368708858095,scr2084,stInflow,reservoir
AT,h8049,2.584368708858095,scr2084,stInflow,reservoir
AT,h8050,2.584368708858095,scr2084,stInflow,reservoir
AT,h8051,2.584368708858095,scr2084,stInflow,reservoir
AT,h8052,2.584368708858095,scr2084,stInflow,reservoir
AT,h8053,2.584368708858095,scr2084,stInflow,reservoir
AT,h8054,2.584368708858095,scr2084,stInflow,reservoir
AT,h8055,2.584368708858095,scr2084,stInflow,reservoir
AT,h8056,2.584368708858095,scr2084,stInflow,reservoir
AT,h8057,2.584368708858095,scr2084,stInflow,reservoir
AT,h8058,2.584368708858095,scr2084,stInflow,reservoir
AT,h8059,2.584368708858095,scr2084,stInflow,reservoir
AT,h8060,2.584368708858095,scr2084,stInflow,reservoir
AT,h8061,2.584368708858095,scr2084,stInflow,reservoir
AT,h8062,2.584368708858095,scr2084,stInflow,reservoir
AT,h8063,2.584368708858095,scr2084,stInflow,reservoir
AT,h8064,2.584368708858095,scr2084,stInflow,reservoir
AT,h8065,2.584368708858095,scr2084,stInflow,reservoir
AT,h8066,2.584368708858095,scr2084,stInflow,reservoir
AT,h8067,2.584368708858095,scr2084,stInflow,reservoir
AT,h8068,2.584368708858095,scr2084,stInflow,reservoir
AT,h8069,2.584368708858095,scr2084,stInflow,reservoir
AT,h8070,2.584368708858095,scr2084,stInflow,reservoir
AT,h8071,2.584368708858095,scr2084,stInflow,reservoir
AT,h8072,2.584368708858095,scr2084,stInflow,reservoir
AT,h8073,2.584368708858095,scr2084,stInflow,reservoir
AT,h8074,2.584368708858095,scr2084,stInflow,reservoir
AT,h8075,2.584368708858095,scr2084,stInflow,reservoir
AT,h8076,2.584368708858095,scr2084,stInflow,reservoir
AT,h8077,2.584368708858095,scr2084,stInflow,reservoir
AT,h8078,2.584368708858095,scr2084,stInflow,reservoir
AT,h8079,2.584368708858095,scr2084,stInflow,reservoir
AT,h8080,2.584368708858095,scr2084,stInflow,reservoir
AT,h8081,2.584368708858095,scr2084,stInflow,reservoir
AT,h8082,2.584368708858095,scr2084,stInflow,reservoir
AT,h8083,2.584368708858095,scr2084,stInflow,reservoir
AT,h8084,2.584368708858095,scr2084,stInflow,reservoir
AT,h8085,2.584368708858095,scr2084,stInflow,reservoir
AT,h8086,2.584368708858095,scr2084,stInflow,reservoir
AT,h8087,2.584368708858095,scr2084,stInflow,reservoir
AT,h8088,2.584368708858095,scr2084,stInflow,reservoir
AT,h8089,2.584368708858095,scr2084,stInflow,reservoir
AT,h8090,2.584368708858095,scr2084,stInflow,reservoir
AT,h8091,2.584368708858095,scr2084,stInflow,reservoir
AT,h8092,2.584368708858095,scr2084,stInflow,reservoir
AT,h8093,2.584368708858095,scr2084,stInflow,reservoir
AT,h8094,2.584368708858095,scr2084,stInflow,reservoir
AT,h8095,2.584368708858095,scr2084,stInflow,reservoir
AT,h8096,2.584368708858095,scr2084,stInflow,reservoir
AT,h8097,2.584368708858095,scr2084,stInflow,reservoir
AT,h8098,2.584368708858095,scr2084,stInflow,reservoir
AT,h8099,2.584368708858095,scr2084,stInflow,reservoir
AT,h8100,2.584368708858095,scr2084,stInflow,reservoir
AT,h8101,2.584368708858095,scr2084,stInflow,reservoir
AT,h8102,2.584368708858095,scr2084,stInflow,reservoir
AT,h8103,2.584368708858095,scr2084,stInflow,reservoir
AT,h8104,2.584368708858095,scr2084,stInflow,reservoir
AT,h8105,2.584368708858095,scr2084,stInflow,reservoir
AT,h8106,2.584368708858095,scr2084,stInflow,reservoir
AT,h8107,2.584368708858095,scr2084,stInflow,reservoir
AT,h8108,2.584368708858095,scr2084,stInflow,reservoir
AT,h8109,2.584368708858095,scr2084,stInflow,reservoir
AT,h8110,2.584368708858095,scr2084,stInflow,reservoir
AT,h8111,2.584368708858095,scr2084,stInflow,reservoir
AT,h8112,2.584368708858095,scr2084,stInflow,reservoir
AT,h8113,2.6994888019809355,scr2084,stInflow,reservoir
AT,h8114,2.814609386136971,scr2084,stInflow,reservoir
AT,h8115,2.9297304412348955,scr2084,stInflow,reservoir
AT,h8116,2.9297304412348955,scr2084,stInflow,reservoir
AT,h8117,2.9297304412348955,scr2084,stInflow,reservoir
AT,h8118,2.9297304412348955,scr2084,stInflow,reservoir
AT,h8119,2.9297304412348955,scr2084,stInflow,reservoir
AT,h8120,2.9297304412348955,scr2084,stInflow,reservoir
AT,h8121,2.9297304412348955,scr2084,stInflow,reservoir
AT,h8122,2.9297304412348955,scr2084,stInflow,reservoir
AT,h8123,2.9297304412348955,scr2084,stInflow,reservoir
AT,h8124,2.9297304412348955,scr2084,stInflow,reservoir
AT,h8125,2.9297304412348955,scr2084,stInflow,reservoir
AT,h8126,2.9297304412348955,scr2084,stInflow,reservoir
AT,h8127,2.9297304412348955,scr2084,stInflow,reservoir
AT,h8128,2.9297304412348955,scr2084,stInflow,reservoir
AT,h8129,2.9297304412348955,scr2084,stInflow,reservoir
AT,h8130,2.9297304412348955,scr2084,stInflow,reservoir
AT,h8131,2.9297304412348955,scr2084,stInflow,reservoir
AT,h8132,2.9297304412348955,scr2084,stInflow,reservoir
AT,h8133,2.9297304412348955,scr2084,stInflow,reservoir
AT,h8134,2.9297304412348955,scr2084,stInflow,reservoir
AT,h8135,2.9297304412348955,scr2084,stInflow,reservoir
AT,h8136,2.9297304412348955,scr2084,stInflow,reservoir
AT,h8137,2.9297304412348955,scr2084,stInflow,reservoir
AT,h8138,2.9297304412348955,scr2084,stInflow,reservoir
AT,h8139,2.9297304412348955,scr2084,stInflow,reservoir
AT,h8140,2.9297304412348955,scr2084,stInflow,reservoir
AT,h8141,2.9297304412348955,scr2084,stInflow,reservoir
AT,h8142,2.9297304412348955,scr2084,stInflow,reservoir
AT,h8143,2.9297304412348955,scr2084,stInflow,reservoir
AT,h8144,2.9297304412348955,scr2084,stInflow,reservoir
AT,h8145,2.9297304412348955,scr2084,stInflow,reservoir
AT,h8146,2.9297304412348955,scr2084,stInflow,reservoir
AT,h8147,2.9297304412348955,scr2084,stInflow,reservoir
AT,h8148,2.9297304412348955,scr2084,stInflow,reservoir
AT,h8149,2.9297304412348955,scr2084,stInflow,reservoir
AT,h8150,2.9297304412348955,scr2084,stInflow,reservoir
AT,h8151,2.9297304412348955,scr2084,stInflow,reservoir
AT,h8152,2.9297304412348955,scr2084,stInflow,reservoir
AT,h8153,2.9297304412348955,scr2084,stInflow,reservoir
AT,h8154,2.9297304412348955,scr2084,stInflow,reservoir
AT,h8155,2.9297304412348955,scr2084,stInflow,reservoir
AT,h8156,2.9297304412348955,scr2084,stInflow,reservoir
AT,h8157,2.9297304412348955,scr2084,stInflow,reservoir
AT,h8158,2.9297304412348955,scr2084,stInflow,reservoir
AT,h8159,2.9297304412348955,scr2084,stInflow,reservoir
AT,h8160,2.9297304412348955,scr2084,stInflow,reservoir
AT,h8161,2.9297304412348955,scr2084,stInflow,reservoir
AT,h8162,2.9297304412348955,scr2084,stInflow,reservoir
AT,h8163,2.9297304412348955,scr2084,stInflow,reservoir
AT,h8164,2.9297304412348955,scr2084,stInflow,reservoir
AT,h8165,2.9297304412348955,scr2084,stInflow,reservoir
AT,h8166,2.9297304412348955,scr2084,stInflow,reservoir
AT,h8167,2.9297304412348955,scr2084,stInflow,reservoir
AT,h8168,2.9297304412348955,scr2084,stInflow,reservoir
AT,h8169,2.9297304412348955,scr2084,stInflow,reservoir
AT,h8170,2.9297304412348955,scr2084,stInflow,reservoir
AT,h8171,2.9297304412348955,scr2084,stInflow,reservoir
AT,h8172,2.9297304412348955,scr2084,stInflow,reservoir
AT,h8173,2.9297304412348955,scr2084,stInflow,reservoir
AT,h8174,2.9297304412348955,scr2084,stInflow,reservoir
AT,h8175,2.9297304412348955,scr2084,stInflow,reservoir
AT,h8176,2.9297304412348955,scr2084,stInflow,reservoir
AT,h8177,2.9297304412348955,scr2084,stInflow,reservoir
AT,h8178,2.9297304412348955,scr2084,stInflow,reservoir
AT,h8179,2.9297304412348955,scr2084,stInflow,reservoir
AT,h8180,2.9297304412348955,scr2084,stInflow,reservoir
AT,h8181,2.9297304412348955,scr2084,stInflow,reservoir
AT,h8182,2.9297304412348955,scr2084,stInflow,reservoir
AT,h8183,2.9297304412348955,scr2084,stInflow,reservoir
AT,h8184,2.9297304412348955,scr2084,stInflow,reservoir
AT,h8185,2.9297304412348955,scr2084,stInflow,reservoir
AT,h8186,2.9297304412348955,scr2084,stInflow,reservoir
AT,h8187,2.9297304412348955,scr2084,stInflow,reservoir
AT,h8188,2.9297304412348955,scr2084,stInflow,reservoir
AT,h8189,2.9297304412348955,scr2084,stInflow,reservoir
AT,h8190,2.9297304412348955,scr2084,stInflow,reservoir
AT,h8191,2.9297304412348955,scr2084,stInflow,reservoir
AT,h8192,2.9297304412348955,scr2084,stInflow,reservoir
AT,h8193,2.9297304412348955,scr2084,stInflow,reservoir
AT,h8194,2.9297304412348955,scr2084,stInflow,reservoir
AT,h8195,2.9297304412348955,scr2084,stInflow,reservoir
AT,h8196,2.9297304412348955,scr2084,stInflow,reservoir
AT,h8197,2.9297304412348955,scr2084,stInflow,reservoir
AT,h8198,2.9297304412348955,scr2084,stInflow,reservoir
AT,h8199,2.9297304412348955,scr2084,stInflow,reservoir
AT,h8200,2.9297304412348955,scr2084,stInflow,reservoir
AT,h8201,2.9297304412348955,scr2084,stInflow,reservoir
AT,h8202,2.9297304412348955,scr2084,stInflow,reservoir
AT,h8203,2.9297304412348955,scr2084,stInflow,reservoir
AT,h8204,2.9297304412348955,scr2084,stInflow,reservoir
AT,h8205,2.9297304412348955,scr2084,stInflow,reservoir
AT,h8206,2.9297304412348955,scr2084,stInflow,reservoir
AT,h8207,2.9297304412348955,scr2084,stInflow,reservoir
AT,h8208,2.9297304412348955,scr2084,stInflow,reservoir
AT,h8209,2.9297304412348955,scr2084,stInflow,reservoir
AT,h8210,2.9297304412348955,scr2084,stInflow,reservoir
AT,h8211,2.9297304412348955,scr2084,stInflow,reservoir
AT,h8212,2.9297304412348955,scr2084,stInflow,reservoir
AT,h8213,2.9297304412348955,scr2084,stInflow,reservoir
AT,h8214,2.9297304412348955,scr2084,stInflow,reservoir
AT,h8215,2.9297304412348955,scr2084,stInflow,reservoir
AT,h8216,2.9297304412348955,scr2084,stInflow,reservoir
AT,h8217,2.9297304412348955,scr2084,stInflow,reservoir
AT,h8218,2.9297304412348955,scr2084,stInflow,reservoir
AT,h8219,2.9297304412348955,scr2084,stInflow,reservoir
AT,h8220,2.9297304412348955,scr2084,stInflow,reservoir
AT,h8221,2.9297304412348955,scr2084,stInflow,reservoir
AT,h8222,2.9297304412348955,scr2084,stInflow,reservoir
AT,h8223,2.9297304412348955,scr2084,stInflow,reservoir
AT,h8224,2.9297304412348955,scr2084,stInflow,reservoir
AT,h8225,2.9297304412348955,scr2084,stInflow,reservoir
AT,h8226,2.9297304412348955,scr2084,stInflow,reservoir
AT,h8227,2.9297304412348955,scr2084,stInflow,reservoir
AT,h8228,2.9297304412348955,scr2084,stInflow,reservoir
AT,h8229,2.9297304412348955,scr2084,stInflow,reservoir
AT,h8230,2.9297304412348955,scr2084,stInflow,reservoir
AT,h8231,2.9297304412348955,scr2084,stInflow,reservoir
AT,h8232,2.9297304412348955,scr2084,stInflow,reservoir
AT,h8233,2.9297304412348955,scr2084,stInflow,reservoir
AT,h8234,2.9297304412348955,scr2084,stInflow,reservoir
AT,h8235,2.9297304412348955,scr2084,stInflow,reservoir
AT,h8236,2.9297304412348955,scr2084,stInflow,reservoir
AT,h8237,2.9297304412348955,scr2084,stInflow,reservoir
AT,h8238,2.9297304412348955,scr2084,stInflow,reservoir
AT,h8239,2.9297304412348955,scr2084,stInflow,reservoir
AT,h8240,2.9297304412348955,scr2084,stInflow,reservoir
AT,h8241,2.9297304412348955,scr2084,stInflow,reservoir
AT,h8242,2.9297304412348955,scr2084,stInflow,reservoir
AT,h8243,2.9297304412348955,scr2084,stInflow,reservoir
AT,h8244,2.9297304412348955,scr2084,stInflow,reservoir
AT,h8245,2.9297304412348955,scr2084,stInflow,reservoir
AT,h8246,2.9297304412348955,scr2084,stInflow,reservoir
AT,h8247,2.9297304412348955,scr2084,stInflow,reservoir
AT,h8248,2.9297304412348955,scr2084,stInflow,reservoir
AT,h8249,2.9297304412348955,scr2084,stInflow,reservoir
AT,h8250,2.9297304412348955,scr2084,stInflow,reservoir
AT,h8251,2.9297304412348955,scr2084,stInflow,reservoir
AT,h8252,2.9297304412348955,scr2084,stInflow,reservoir
AT,h8253,2.9297304412348955,scr2084,stInflow,reservoir
AT,h8254,2.9297304412348955,scr2084,stInflow,reservoir
AT,h8255,2.9297304412348955,scr2084,stInflow,reservoir
AT,h8256,2.9297304412348955,scr2084,stInflow,reservoir
AT,h8257,2.9297304412348955,scr2084,stInflow,reservoir
AT,h8258,2.9297304412348955,scr2084,stInflow,reservoir
AT,h8259,2.9297304412348955,scr2084,stInflow,reservoir
AT,h8260,2.9297304412348955,scr2084,stInflow,reservoir
AT,h8261,2.9297304412348955,scr2084,stInflow,reservoir
AT,h8262,2.9297304412348955,scr2084,stInflow,reservoir
AT,h8263,2.9297304412348955,scr2084,stInflow,reservoir
AT,h8264,2.9297304412348955,scr2084,stInflow,reservoir
AT,h8265,2.9297304412348955,scr2084,stInflow,reservoir
AT,h8266,2.9297304412348955,scr2084,stInflow,reservoir
AT,h8267,2.9297304412348955,scr2084,stInflow,reservoir
AT,h8268,2.9297304412348955,scr2084,stInflow,reservoir
AT,h8269,2.9297304412348955,scr2084,stInflow,reservoir
AT,h8270,2.9297304412348955,scr2084,stInflow,reservoir
AT,h8271,2.9297304412348955,scr2084,stInflow,reservoir
AT,h8272,2.9297304412348955,scr2084,stInflow,reservoir
AT,h8273,2.9297304412348955,scr2084,stInflow,reservoir
AT,h8274,2.9297304412348955,scr2084,stInflow,reservoir
AT,h8275,2.9297304412348955,scr2084,stInflow,reservoir
AT,h8276,2.9297304412348955,scr2084,stInflow,reservoir
AT,h8277,2.9297304412348955,scr2084,stInflow,reservoir
AT,h8278,2.9297304412348955,scr2084,stInflow,reservoir
AT,h8279,2.9297304412348955,scr2084,stInflow,reservoir
AT,h8280,2.9297304412348955,scr2084,stInflow,reservoir
AT,h8281,2.9907615659865088,scr2084,stInflow,reservoir
AT,h8282,3.051792815278036,scr2084,stInflow,reservoir
AT,h8283,3.1128241866190223,scr2084,stInflow,reservoir
AT,h8284,3.1128241866190223,scr2084,stInflow,reservoir
AT,h8285,3.1128241866190223,scr2084,stInflow,reservoir
AT,h8286,3.1128241866190223,scr2084,stInflow,reservoir
AT,h8287,3.1128241866190223,scr2084,stInflow,reservoir
AT,h8288,3.1128241866190223,scr2084,stInflow,reservoir
AT,h8289,3.1128241866190223,scr2084,stInflow,reservoir
AT,h8290,3.1128241866190223,scr2084,stInflow,reservoir
AT,h8291,3.1128241866190223,scr2084,stInflow,reservoir
AT,h8292,3.1128241866190223,scr2084,stInflow,reservoir
AT,h8293,3.1128241866190223,scr2084,stInflow,reservoir
AT,h8294,3.1128241866190223,scr2084,stInflow,reservoir
AT,h8295,3.1128241866190223,scr2084,stInflow,reservoir
AT,h8296,3.1128241866190223,scr2084,stInflow,reservoir
AT,h8297,3.1128241866190223,scr2084,stInflow,reservoir
AT,h8298,3.1128241866190223,scr2084,stInflow,reservoir
AT,h8299,3.1128241866190223,scr2084,stInflow,reservoir
AT,h8300,3.1128241866190223,scr2084,stInflow,reservoir
AT,h8301,3.1128241866190223,scr2084,stInflow,reservoir
AT,h8302,3.1128241866190223,scr2084,stInflow,reservoir
AT,h8303,3.1128241866190223,scr2084,stInflow,reservoir
AT,h8304,3.1128241866190223,scr2084,stInflow,reservoir
AT,h8305,3.1128241866190223,scr2084,stInflow,reservoir
AT,h8306,3.1128241866190223,scr2084,stInflow,reservoir
AT,h8307,3.1128241866190223,scr2084,stInflow,reservoir
AT,h8308,3.1128241866190223,scr2084,stInflow,reservoir
AT,h8309,3.1128241866190223,scr2084,stInflow,reservoir
AT,h8310,3.1128241866190223,scr2084,stInflow,reservoir
AT,h8311,3.1128241866190223,scr2084,stInflow,reservoir
AT,h8312,3.1128241866190223,scr2084,stInflow,reservoir
AT,h8313,3.1128241866190223,scr2084,stInflow,reservoir
AT,h8314,3.1128241866190223,scr2084,stInflow,reservoir
AT,h8315,3.1128241866190223,scr2084,stInflow,reservoir
AT,h8316,3.1128241866190223,scr2084,stInflow,reservoir
AT,h8317,3.1128241866190223,scr2084,stInflow,reservoir
AT,h8318,3.1128241866190223,scr2084,stInflow,reservoir
AT,h8319,3.1128241866190223,scr2084,stInflow,reservoir
AT,h8320,3.1128241866190223,scr2084,stInflow,reservoir
AT,h8321,3.1128241866190223,scr2084,stInflow,reservoir
AT,h8322,3.1128241866190223,scr2084,stInflow,reservoir
AT,h8323,3.1128241866190223,scr2084,stInflow,reservoir
AT,h8324,3.1128241866190223,scr2084,stInflow,reservoir
AT,h8325,3.1128241866190223,scr2084,stInflow,reservoir
AT,h8326,3.1128241866190223,scr2084,stInflow,reservoir
AT,h8327,3.1128241866190223,scr2084,stInflow,reservoir
AT,h8328,3.1128241866190223,scr2084,stInflow,reservoir
AT,h8329,3.1128241866190223,scr2084,stInflow,reservoir
AT,h8330,3.1128241866190223,scr2084,stInflow,reservoir
AT,h8331,3.1128241866190223,scr2084,stInflow,reservoir
AT,h8332,3.1128241866190223,scr2084,stInflow,reservoir
AT,h8333,3.1128241866190223,scr2084,stInflow,reservoir
AT,h8334,3.1128241866190223,scr2084,stInflow,reservoir
AT,h8335,3.1128241866190223,scr2084,stInflow,reservoir
AT,h8336,3.1128241866190223,scr2084,stInflow,reservoir
AT,h8337,3.1128241866190223,scr2084,stInflow,reservoir
AT,h8338,3.1128241866190223,scr2084,stInflow,reservoir
AT,h8339,3.1128241866190223,scr2084,stInflow,reservoir
AT,h8340,3.1128241866190223,scr2084,stInflow,reservoir
AT,h8341,3.1128241866190223,scr2084,stInflow,reservoir
AT,h8342,3.1128241866190223,scr2084,stInflow,reservoir
AT,h8343,3.1128241866190223,scr2084,stInflow,reservoir
AT,h8344,3.1128241866190223,scr2084,stInflow,reservoir
AT,h8345,3.1128241866190223,scr2084,stInflow,reservoir
AT,h8346,3.1128241866190223,scr2084,stInflow,reservoir
AT,h8347,3.1128241866190223,scr2084,stInflow,reservoir
AT,h8348,3.1128241866190223,scr2084,stInflow,reservoir
AT,h8349,3.1128241866190223,scr2084,stInflow,reservoir
AT,h8350,3.1128241866190223,scr2084,stInflow,reservoir
AT,h8351,3.1128241866190223,scr2084,stInflow,reservoir
AT,h8352,3.1128241866190223,scr2084,stInflow,reservoir
AT,h8353,3.1128241866190223,scr2084,stInflow,reservoir
AT,h8354,3.1128241866190223,scr2084,stInflow,reservoir
AT,h8355,3.1128241866190223,scr2084,stInflow,reservoir
AT,h8356,3.1128241866190223,scr2084,stInflow,reservoir
AT,h8357,3.1128241866190223,scr2084,stInflow,reservoir
AT,h8358,3.1128241866190223,scr2084,stInflow,reservoir
AT,h8359,3.1128241866190223,scr2084,stInflow,reservoir
AT,h8360,3.1128241866190223,scr2084,stInflow,reservoir
AT,h8361,3.1128241866190223,scr2084,stInflow,reservoir
AT,h8362,3.1128241866190223,scr2084,stInflow,reservoir
AT,h8363,3.1128241866190223,scr2084,stInflow,reservoir
AT,h8364,3.1128241866190223,scr2084,stInflow,reservoir
AT,h8365,3.1128241866190223,scr2084,stInflow,reservoir
AT,h8366,3.1128241866190223,scr2084,stInflow,reservoir
AT,h8367,3.1128241866190223,scr2084,stInflow,reservoir
AT,h8368,3.1128241866190223,scr2084,stInflow,reservoir
AT,h8369,3.1128241866190223,scr2084,stInflow,reservoir
AT,h8370,3.1128241866190223,scr2084,stInflow,reservoir
AT,h8371,3.1128241866190223,scr2084,stInflow,reservoir
AT,h8372,3.1128241866190223,scr2084,stInflow,reservoir
AT,h8373,3.1128241866190223,scr2084,stInflow,reservoir
AT,h8374,3.1128241866190223,scr2084,stInflow,reservoir
AT,h8375,3.1128241866190223,scr2084,stInflow,reservoir
AT,h8376,3.1128241866190223,scr2084,stInflow,reservoir
AT,h8377,3.1128241866190223,scr2084,stInflow,reservoir
AT,h8378,3.1128241866190223,scr2084,stInflow,reservoir
AT,h8379,3.1128241866190223,scr2084,stInflow,reservoir
AT,h8380,3.1128241866190223,scr2084,stInflow,reservoir
AT,h8381,3.1128241866190223,scr2084,stInflow,reservoir
AT,h8382,3.1128241866190223,scr2084,stInflow,reservoir
AT,h8383,3.1128241866190223,scr2084,stInflow,reservoir
AT,h8384,3.1128241866190223,scr2084,stInflow,reservoir
AT,h8385,3.1128241866190223,scr2084,stInflow,reservoir
AT,h8386,3.1128241866190223,scr2084,stInflow,reservoir
AT,h8387,3.1128241866190223,scr2084,stInflow,reservoir
AT,h8388,3.1128241866190223,scr2084,stInflow,reservoir
AT,h8389,3.1128241866190223,scr2084,stInflow,reservoir
AT,h8390,3.1128241866190223,scr2084,stInflow,reservoir
AT,h8391,3.1128241866190223,scr2084,stInflow,reservoir
AT,h8392,3.1128241866190223,scr2084,stInflow,reservoir
AT,h8393,3.1128241866190223,scr2084,stInflow,reservoir
AT,h8394,3.1128241866190223,scr2084,stInflow,reservoir
AT,h8395,3.1128241866190223,scr2084,stInflow,reservoir
AT,h8396,3.1128241866190223,scr2084,stInflow,reservoir
AT,h8397,3.1128241866190223,scr2084,stInflow,reservoir
AT,h8398,3.1128241866190223,scr2084,stInflow,reservoir
AT,h8399,3.1128241866190223,scr2084,stInflow,reservoir
AT,h8400,3.1128241866190223,scr2084,stInflow,reservoir
AT,h8401,3.1128241866190223,scr2084,stInflow,reservoir
AT,h8402,3.1128241866190223,scr2084,stInflow,reservoir
AT,h8403,3.1128241866190223,scr2084,stInflow,reservoir
AT,h8404,3.1128241866190223,scr2084,stInflow,reservoir
AT,h8405,3.1128241866190223,scr2084,stInflow,reservoir
AT,h8406,3.1128241866190223,scr2084,stInflow,reservoir
AT,h8407,3.1128241866190223,scr2084,stInflow,reservoir
AT,h8408,3.1128241866190223,scr2084,stInflow,reservoir
AT,h8409,3.1128241866190223,scr2084,stInflow,reservoir
AT,h8410,3.1128241866190223,scr2084,stInflow,reservoir
AT,h8411,3.1128241866190223,scr2084,stInflow,reservoir
AT,h8412,3.1128241866190223,scr2084,stInflow,reservoir
AT,h8413,3.1128241866190223,scr2084,stInflow,reservoir
AT,h8414,3.1128241866190223,scr2084,stInflow,reservoir
AT,h8415,3.1128241866190223,scr2084,stInflow,reservoir
AT,h8416,3.1128241866190223,scr2084,stInflow,reservoir
AT,h8417,3.1128241866190223,scr2084,stInflow,reservoir
AT,h8418,3.1128241866190223,scr2084,stInflow,reservoir
AT,h8419,3.1128241866190223,scr2084,stInflow,reservoir
AT,h8420,3.1128241866190223,scr2084,stInflow,reservoir
AT,h8421,3.1128241866190223,scr2084,stInflow,reservoir
AT,h8422,3.1128241866190223,scr2084,stInflow,reservoir
AT,h8423,3.1128241866190223,scr2084,stInflow,reservoir
AT,h8424,3.1128241866190223,scr2084,stInflow,reservoir
AT,h8425,3.1128241866190223,scr2084,stInflow,reservoir
AT,h8426,3.1128241866190223,scr2084,stInflow,reservoir
AT,h8427,3.1128241866190223,scr2084,stInflow,reservoir
AT,h8428,3.1128241866190223,scr2084,stInflow,reservoir
AT,h8429,3.1128241866190223,scr2084,stInflow,reservoir
AT,h8430,3.1128241866190223,scr2084,stInflow,reservoir
AT,h8431,3.1128241866190223,scr2084,stInflow,reservoir
AT,h8432,3.1128241866190223,scr2084,stInflow,reservoir
AT,h8433,3.1128241866190223,scr2084,stInflow,reservoir
AT,h8434,3.1128241866190223,scr2084,stInflow,reservoir
AT,h8435,3.1128241866190223,scr2084,stInflow,reservoir
AT,h8436,3.1128241866190223,scr2084,stInflow,reservoir
AT,h8437,3.1128241866190223,scr2084,stInflow,reservoir
AT,h8438,3.1128241866190223,scr2084,stInflow,reservoir
AT,h8439,3.1128241866190223,scr2084,stInflow,reservoir
AT,h8440,3.1128241866190223,scr2084,stInflow,reservoir
AT,h8441,3.1128241866190223,scr2084,stInflow,reservoir
AT,h8442,3.1128241866190223,scr2084,stInflow,reservoir
AT,h8443,3.1128241866190223,scr2084,stInflow,reservoir
AT,h8444,3.1128241866190223,scr2084,stInflow,reservoir
AT,h8445,3.1128241866190223,scr2084,stInflow,reservoir
AT,h8446,3.1128241866190223,scr2084,stInflow,reservoir
AT,h8447,3.1128241866190223,scr2084,stInflow,reservoir
AT,h8448,3.1128241866190223,scr2084,stInflow,reservoir
AT,h8449,3.113530079406549,scr2084,stInflow,reservoir
AT,h8450,3.1142359722100776,scr2084,stInflow,reservoir
AT,h8451,3.114941865029605,scr2084,stInflow,reservoir
AT,h8452,3.114941865029605,scr2084,stInflow,reservoir
AT,h8453,3.114941865029605,scr2084,stInflow,reservoir
AT,h8454,3.114941865029605,scr2084,stInflow,reservoir
AT,h8455,3.114941865029605,scr2084,stInflow,reservoir
AT,h8456,3.114941865029605,scr2084,stInflow,reservoir
AT,h8457,3.114941865029605,scr2084,stInflow,reservoir
AT,h8458,3.114941865029605,scr2084,stInflow,reservoir
AT,h8459,3.114941865029605,scr2084,stInflow,reservoir
AT,h8460,3.114941865029605,scr2084,stInflow,reservoir
AT,h8461,3.114941865029605,scr2084,stInflow,reservoir
AT,h8462,3.114941865029605,scr2084,stInflow,reservoir
AT,h8463,3.114941865029605,scr2084,stInflow,reservoir
AT,h8464,3.114941865029605,scr2084,stInflow,reservoir
AT,h8465,3.114941865029605,scr2084,stInflow,reservoir
AT,h8466,3.114941865029605,scr2084,stInflow,reservoir
AT,h8467,3.114941865029605,scr2084,stInflow,reservoir
AT,h8468,3.114941865029605,scr2084,stInflow,reservoir
AT,h8469,3.114941865029605,scr2084,stInflow,reservoir
AT,h8470,3.114941865029605,scr2084,stInflow,reservoir
AT,h8471,3.114941865029605,scr2084,stInflow,reservoir
AT,h8472,3.114941865029605,scr2084,stInflow,reservoir
AT,h8473,3.114941865029605,scr2084,stInflow,reservoir
AT,h8474,3.114941865029605,scr2084,stInflow,reservoir
AT,h8475,3.114941865029605,scr2084,stInflow,reservoir
AT,h8476,3.114941865029605,scr2084,stInflow,reservoir
AT,h8477,3.114941865029605,scr2084,stInflow,reservoir
AT,h8478,3.114941865029605,scr2084,stInflow,reservoir
AT,h8479,3.114941865029605,scr2084,stInflow,reservoir
AT,h8480,3.114941865029605,scr2084,stInflow,reservoir
AT,h8481,3.114941865029605,scr2084,stInflow,reservoir
AT,h8482,3.114941865029605,scr2084,stInflow,reservoir
AT,h8483,3.114941865029605,scr2084,stInflow,reservoir
AT,h8484,3.114941865029605,scr2084,stInflow,reservoir
AT,h8485,3.114941865029605,scr2084,stInflow,reservoir
AT,h8486,3.114941865029605,scr2084,stInflow,reservoir
AT,h8487,3.114941865029605,scr2084,stInflow,reservoir
AT,h8488,3.114941865029605,scr2084,stInflow,reservoir
AT,h8489,3.114941865029605,scr2084,stInflow,reservoir
AT,h8490,3.114941865029605,scr2084,stInflow,reservoir
AT,h8491,3.114941865029605,scr2084,stInflow,reservoir
AT,h8492,3.114941865029605,scr2084,stInflow,reservoir
AT,h8493,3.114941865029605,scr2084,stInflow,reservoir
AT,h8494,3.114941865029605,scr2084,stInflow,reservoir
AT,h8495,3.114941865029605,scr2084,stInflow,reservoir
AT,h8496,3.114941865029605,scr2084,stInflow,reservoir
AT,h8497,3.114941865029605,scr2084,stInflow,reservoir
AT,h8498,3.114941865029605,scr2084,stInflow,reservoir
AT,h8499,3.114941865029605,scr2084,stInflow,reservoir
AT,h8500,3.114941865029605,scr2084,stInflow,reservoir
AT,h8501,3.114941865029605,scr2084,stInflow,reservoir
AT,h8502,3.114941865029605,scr2084,stInflow,reservoir
AT,h8503,3.114941865029605,scr2084,stInflow,reservoir
AT,h8504,3.114941865029605,scr2084,stInflow,reservoir
AT,h8505,3.114941865029605,scr2084,stInflow,reservoir
AT,h8506,3.114941865029605,scr2084,stInflow,reservoir
AT,h8507,3.114941865029605,scr2084,stInflow,reservoir
AT,h8508,3.114941865029605,scr2084,stInflow,reservoir
AT,h8509,3.114941865029605,scr2084,stInflow,reservoir
AT,h8510,3.114941865029605,scr2084,stInflow,reservoir
AT,h8511,3.114941865029605,scr2084,stInflow,reservoir
AT,h8512,3.114941865029605,scr2084,stInflow,reservoir
AT,h8513,3.114941865029605,scr2084,stInflow,reservoir
AT,h8514,3.114941865029605,scr2084,stInflow,reservoir
AT,h8515,3.114941865029605,scr2084,stInflow,reservoir
AT,h8516,3.114941865029605,scr2084,stInflow,reservoir
AT,h8517,3.114941865029605,scr2084,stInflow,reservoir
AT,h8518,3.114941865029605,scr2084,stInflow,reservoir
AT,h8519,3.114941865029605,scr2084,stInflow,reservoir
AT,h8520,3.114941865029605,scr2084,stInflow,reservoir
AT,h8521,3.114941865029605,scr2084,stInflow,reservoir
AT,h8522,3.114941865029605,scr2084,stInflow,reservoir
AT,h8523,3.114941865029605,scr2084,stInflow,reservoir
AT,h8524,3.114941865029605,scr2084,stInflow,reservoir
AT,h8525,3.114941865029605,scr2084,stInflow,reservoir
AT,h8526,3.114941865029605,scr2084,stInflow,reservoir
AT,h8527,3.114941865029605,scr2084,stInflow,reservoir
AT,h8528,3.114941865029605,scr2084,stInflow,reservoir
AT,h8529,3.114941865029605,scr2084,stInflow,reservoir
AT,h8530,3.114941865029605,scr2084,stInflow,reservoir
AT,h8531,3.114941865029605,scr2084,stInflow,reservoir
AT,h8532,3.114941865029605,scr2084,stInflow,reservoir
AT,h8533,3.114941865029605,scr2084,stInflow,reservoir
AT,h8534,3.114941865029605,scr2084,stInflow,reservoir
AT,h8535,3.114941865029605,scr2084,stInflow,reservoir
AT,h8536,3.114941865029605,scr2084,stInflow,reservoir
AT,h8537,3.114941865029605,scr2084,stInflow,reservoir
AT,h8538,3.114941865029605,scr2084,stInflow,reservoir
AT,h8539,3.114941865029605,scr2084,stInflow,reservoir
AT,h8540,3.114941865029605,scr2084,stInflow,reservoir
AT,h8541,3.114941865029605,scr2084,stInflow,reservoir
AT,h8542,3.114941865029605,scr2084,stInflow,reservoir
AT,h8543,3.114941865029605,scr2084,stInflow,reservoir
AT,h8544,3.114941865029605,scr2084,stInflow,reservoir
AT,h8545,3.114941865029605,scr2084,stInflow,reservoir
AT,h8546,3.114941865029605,scr2084,stInflow,reservoir
AT,h8547,3.114941865029605,scr2084,stInflow,reservoir
AT,h8548,3.114941865029605,scr2084,stInflow,reservoir
AT,h8549,3.114941865029605,scr2084,stInflow,reservoir
AT,h8550,3.114941865029605,scr2084,stInflow,reservoir
AT,h8551,3.114941865029605,scr2084,stInflow,reservoir
AT,h8552,3.114941865029605,scr2084,stInflow,reservoir
AT,h8553,3.114941865029605,scr2084,stInflow,reservoir
AT,h8554,3.114941865029605,scr2084,stInflow,reservoir
AT,h8555,3.114941865029605,scr2084,stInflow,reservoir
AT,h8556,3.114941865029605,scr2084,stInflow,reservoir
AT,h8557,3.114941865029605,scr2084,stInflow,reservoir
AT,h8558,3.114941865029605,scr2084,stInflow,reservoir
AT,h8559,3.114941865029605,scr2084,stInflow,reservoir
AT,h8560,3.114941865029605,scr2084,stInflow,reservoir
AT,h8561,3.114941865029605,scr2084,stInflow,reservoir
AT,h8562,3.114941865029605,scr2084,stInflow,reservoir
AT,h8563,3.114941865029605,scr2084,stInflow,reservoir
AT,h8564,3.114941865029605,scr2084,stInflow,reservoir
AT,h8565,3.114941865029605,scr2084,stInflow,reservoir
AT,h8566,3.114941865029605,scr2084,stInflow,reservoir
AT,h8567,3.114941865029605,scr2084,stInflow,reservoir
AT,h8568,3.114941865029605,scr2084,stInflow,reservoir
AT,h8569,3.114941865029605,scr2084,stInflow,reservoir
AT,h8570,3.114941865029605,scr2084,stInflow,reservoir
AT,h8571,3.114941865029605,scr2084,stInflow,reservoir
AT,h8572,3.114941865029605,scr2084,stInflow,reservoir
AT,h8573,3.114941865029605,scr2084,stInflow,reservoir
AT,h8574,3.114941865029605,scr2084,stInflow,reservoir
AT,h8575,3.114941865029605,scr2084,stInflow,reservoir
AT,h8576,3.114941865029605,scr2084,stInflow,reservoir
AT,h8577,3.114941865029605,scr2084,stInflow,reservoir
AT,h8578,3.114941865029605,scr2084,stInflow,reservoir
AT,h8579,3.114941865029605,scr2084,stInflow,reservoir
AT,h8580,3.114941865029605,scr2084,stInflow,reservoir
AT,h8581,3.114941865029605,scr2084,stInflow,reservoir
AT,h8582,3.114941865029605,scr2084,stInflow,reservoir
AT,h8583,3.114941865029605,scr2084,stInflow,reservoir
AT,h8584,3.114941865029605,scr2084,stInflow,reservoir
AT,h8585,3.114941865029605,scr2084,stInflow,reservoir
AT,h8586,3.114941865029605,scr2084,stInflow,reservoir
AT,h8587,3.114941865029605,scr2084,stInflow,reservoir
AT,h8588,3.114941865029605,scr2084,stInflow,reservoir
AT,h8589,3.114941865029605,scr2084,stInflow,reservoir
AT,h8590,3.114941865029605,scr2084,stInflow,reservoir
AT,h8591,3.114941865029605,scr2084,stInflow,reservoir
AT,h8592,3.114941865029605,scr2084,stInflow,reservoir
AT,h8593,3.114941865029605,scr2084,stInflow,reservoir
AT,h8594,3.114941865029605,scr2084,stInflow,reservoir
AT,h8595,3.114941865029605,scr2084,stInflow,reservoir
AT,h8596,3.114941865029605,scr2084,stInflow,reservoir
AT,h8597,3.114941865029605,scr2084,stInflow,reservoir
AT,h8598,3.114941865029605,scr2084,stInflow,reservoir
AT,h8599,3.114941865029605,scr2084,stInflow,reservoir
AT,h8600,3.114941865029605,scr2084,stInflow,reservoir
AT,h8601,3.114941865029605,scr2084,stInflow,reservoir
AT,h8602,3.114941865029605,scr2084,stInflow,reservoir
AT,h8603,3.114941865029605,scr2084,stInflow,reservoir
AT,h8604,3.114941865029605,scr2084,stInflow,reservoir
AT,h8605,3.114941865029605,scr2084,stInflow,reservoir
AT,h8606,3.114941865029605,scr2084,stInflow,reservoir
AT,h8607,3.114941865029605,scr2084,stInflow,reservoir
AT,h8608,3.114941865029605,scr2084,stInflow,reservoir
AT,h8609,3.114941865029605,scr2084,stInflow,reservoir
AT,h8610,3.114941865029605,scr2084,stInflow,reservoir
AT,h8611,3.114941865029605,scr2084,stInflow,reservoir
AT,h8612,3.114941865029605,scr2084,stInflow,reservoir
AT,h8613,3.114941865029605,scr2084,stInflow,reservoir
AT,h8614,3.114941865029605,scr2084,stInflow,reservoir
AT,h8615,3.114941865029605,scr2084,stInflow,reservoir
AT,h8616,3.114941865029605,scr2084,stInflow,reservoir
AT,h8617,3.03725791509545,scr2084,stInflow,reservoir
AT,h8618,2.959574163854833,scr2084,stInflow,reservoir
AT,h8619,2.881890616523245,scr2084,stInflow,reservoir
AT,h8620,2.881890616523245,scr2084,stInflow,reservoir
AT,h8621,2.881890616523245,scr2084,stInflow,reservoir
AT,h8622,2.881890616523245,scr2084,stInflow,reservoir
AT,h8623,2.881890616523245,scr2084,stInflow,reservoir
AT,h8624,2.881890616523245,scr2084,stInflow,reservoir
AT,h8625,2.881890616523245,scr2084,stInflow,reservoir
AT,h8626,2.881890616523245,scr2084,stInflow,reservoir
AT,h8627,2.881890616523245,scr2084,stInflow,reservoir
AT,h8628,2.881890616523245,scr2084,stInflow,reservoir
AT,h8629,2.881890616523245,scr2084,stInflow,reservoir
AT,h8630,2.881890616523245,scr2084,stInflow,reservoir
AT,h8631,2.881890616523245,scr2084,stInflow,reservoir
AT,h8632,2.881890616523245,scr2084,stInflow,reservoir
AT,h8633,2.881890616523245,scr2084,stInflow,reservoir
AT,h8634,2.881890616523245,scr2084,stInflow,reservoir
AT,h8635,2.881890616523245,scr2084,stInflow,reservoir
AT,h8636,2.881890616523245,scr2084,stInflow,reservoir
AT,h8637,2.881890616523245,scr2084,stInflow,reservoir
AT,h8638,2.881890616523245,scr2084,stInflow,reservoir
AT,h8639,2.881890616523245,scr2084,stInflow,reservoir
AT,h8640,2.881890616523245,scr2084,stInflow,reservoir
AT,h8641,2.881890616523245,scr2084,stInflow,reservoir
AT,h8642,2.881890616523245,scr2084,stInflow,reservoir
AT,h8643,2.881890616523245,scr2084,stInflow,reservoir
AT,h8644,2.881890616523245,scr2084,stInflow,reservoir
AT,h8645,2.881890616523245,scr2084,stInflow,reservoir
AT,h8646,2.881890616523245,scr2084,stInflow,reservoir
AT,h8647,2.881890616523245,scr2084,stInflow,reservoir
AT,h8648,2.881890616523245,scr2084,stInflow,reservoir
AT,h8649,2.881890616523245,scr2084,stInflow,reservoir
AT,h8650,2.881890616523245,scr2084,stInflow,reservoir
AT,h8651,2.881890616523245,scr2084,stInflow,reservoir
AT,h8652,2.881890616523245,scr2084,stInflow,reservoir
AT,h8653,2.881890616523245,scr2084,stInflow,reservoir
AT,h8654,2.881890616523245,scr2084,stInflow,reservoir
AT,h8655,2.881890616523245,scr2084,stInflow,reservoir
AT,h8656,2.881890616523245,scr2084,stInflow,reservoir
AT,h8657,2.881890616523245,scr2084,stInflow,reservoir
AT,h8658,2.881890616523245,scr2084,stInflow,reservoir
AT,h8659,2.881890616523245,scr2084,stInflow,reservoir
AT,h8660,2.881890616523245,scr2084,stInflow,reservoir
AT,h8661,2.881890616523245,scr2084,stInflow,reservoir
AT,h8662,2.881890616523245,scr2084,stInflow,reservoir
AT,h8663,2.881890616523245,scr2084,stInflow,reservoir
AT,h8664,2.881890616523245,scr2084,stInflow,reservoir
AT,h8665,2.881890616523245,scr2084,stInflow,reservoir
AT,h8666,2.881890616523245,scr2084,stInflow,reservoir
AT,h8667,2.881890616523245,scr2084,stInflow,reservoir
AT,h8668,2.881890616523245,scr2084,stInflow,reservoir
AT,h8669,2.881890616523245,scr2084,stInflow,reservoir
AT,h8670,2.881890616523245,scr2084,stInflow,reservoir
AT,h8671,2.881890616523245,scr2084,stInflow,reservoir
AT,h8672,2.881890616523245,scr2084,stInflow,reservoir
AT,h8673,2.881890616523245,scr2084,stInflow,reservoir
AT,h8674,2.881890616523245,scr2084,stInflow,reservoir
AT,h8675,2.881890616523245,scr2084,stInflow,reservoir
AT,h8676,2.881890616523245,scr2084,stInflow,reservoir
AT,h8677,2.881890616523245,scr2084,stInflow,reservoir
AT,h8678,2.881890616523245,scr2084,stInflow,reservoir
AT,h8679,2.881890616523245,scr2084,stInflow,reservoir
AT,h8680,2.881890616523245,scr2084,stInflow,reservoir
AT,h8681,2.881890616523245,scr2084,stInflow,reservoir
AT,h8682,2.881890616523245,scr2084,stInflow,reservoir
AT,h8683,2.881890616523245,scr2084,stInflow,reservoir
AT,h8684,2.881890616523245,scr2084,stInflow,reservoir
AT,h8685,2.881890616523245,scr2084,stInflow,reservoir
AT,h8686,2.881890616523245,scr2084,stInflow,reservoir
AT,h8687,2.881890616523245,scr2084,stInflow,reservoir
AT,h8688,2.881890616523245,scr2084,stInflow,reservoir
AT,h8689,2.881890616523245,scr2084,stInflow,reservoir
AT,h8690,2.881890616523245,scr2084,stInflow,reservoir
AT,h8691,2.881890616523245,scr2084,stInflow,reservoir
AT,h8692,2.881890616523245,scr2084,stInflow,reservoir
AT,h8693,2.881890616523245,scr2084,stInflow,reservoir
AT,h8694,2.881890616523245,scr2084,stInflow,reservoir
AT,h8695,2.881890616523245,scr2084,stInflow,reservoir
AT,h8696,2.881890616523245,scr2084,stInflow,reservoir
AT,h8697,2.881890616523245,scr2084,stInflow,reservoir
AT,h8698,2.881890616523245,scr2084,stInflow,reservoir
AT,h8699,2.881890616523245,scr2084,stInflow,reservoir
AT,h8700,2.881890616523245,scr2084,stInflow,reservoir
AT,h8701,2.881890616523245,scr2084,stInflow,reservoir
AT,h8702,2.881890616523245,scr2084,stInflow,reservoir
AT,h8703,2.881890616523245,scr2084,stInflow,reservoir
AT,h8704,2.881890616523245,scr2084,stInflow,reservoir
AT,h8705,2.881890616523245,scr2084,stInflow,reservoir
AT,h8706,2.881890616523245,scr2084,stInflow,reservoir
AT,h8707,2.881890616523245,scr2084,stInflow,reservoir
AT,h8708,2.881890616523245,scr2084,stInflow,reservoir
AT,h8709,2.881890616523245,scr2084,stInflow,reservoir
AT,h8710,2.881890616523245,scr2084,stInflow,reservoir
AT,h8711,2.881890616523245,scr2084,stInflow,reservoir
AT,h8712,2.881890616523245,scr2084,stInflow,reservoir
AT,h8713,2.881890616523245,scr2084,stInflow,reservoir
AT,h8714,2.881890616523245,scr2084,stInflow,reservoir
AT,h8715,2.881890616523245,scr2084,stInflow,reservoir
AT,h8716,2.881890616523245,scr2084,stInflow,reservoir
AT,h8717,2.881890616523245,scr2084,stInflow,reservoir
AT,h8718,2.881890616523245,scr2084,stInflow,reservoir
AT,h8719,2.881890616523245,scr2084,stInflow,reservoir
AT,h8720,2.881890616523245,scr2084,stInflow,reservoir
AT,h8721,2.881890616523245,scr2084,stInflow,reservoir
AT,h8722,2.881890616523245,scr2084,stInflow,reservoir
AT,h8723,2.881890616523245,scr2084,stInflow,reservoir
AT,h8724,2.881890616523245,scr2084,stInflow,reservoir
AT,h8725,2.881890616523245,scr2084,stInflow,reservoir
AT,h8726,2.881890616523245,scr2084,stInflow,reservoir
AT,h8727,2.881890616523245,scr2084,stInflow,reservoir
AT,h8728,2.881890616523245,scr2084,stInflow,reservoir
AT,h8729,2.881890616523245,scr2084,stInflow,reservoir
AT,h8730,2.881890616523245,scr2084,stInflow,reservoir
AT,h8731,2.881890616523245,scr2084,stInflow,reservoir
AT,h8732,2.881890616523245,scr2084,stInflow,reservoir
AT,h8733,2.881890616523245,scr2084,stInflow,reservoir
AT,h8734,2.881890616523245,scr2084,stInflow,reservoir
AT,h8735,2.881890616523245,scr2084,stInflow,reservoir
AT,h8736,2.881890616523245,scr2084,stInflow,reservoir
AT,h8737,2.881890616523245,scr2084,stInflow,reservoir
AT,h8738,2.881890616523245,scr2084,stInflow,reservoir
AT,h8739,2.881890616523245,scr2084,stInflow,reservoir
AT,h8740,2.881890616523245,scr2084,stInflow,reservoir
AT,h8741,2.881890616523245,scr2084,stInflow,reservoir
AT,h8742,2.881890616523245,scr2084,stInflow,reservoir
AT,h8743,2.881890616523245,scr2084,stInflow,reservoir
AT,h8744,2.881890616523245,scr2084,stInflow,reservoir
AT,h8745,2.881890616523245,scr2084,stInflow,reservoir
AT,h8746,2.881890616523245,scr2084,stInflow,reservoir
AT,h8747,2.881890616523245,scr2084,stInflow,reservoir
AT,h8748,2.881890616523245,scr2084,stInflow,reservoir
AT,h8749,2.881890616523245,scr2084,stInflow,reservoir
AT,h8750,2.881890616523245,scr2084,stInflow,reservoir
AT,h8751,2.881890616523245,scr2084,stInflow,reservoir
AT,h8752,2.881890616523245,scr2084,stInflow,reservoir
AT,h8753,2.881890616523245,scr2084,stInflow,reservoir
AT,h8754,2.881890616523245,scr2084,stInflow,reservoir
AT,h8755,2.881890616523245,scr2084,stInflow,reservoir
AT,h8756,2.881890616523245,scr2084,stInflow,reservoir
AT,h8757,2.881890616523245,scr2084,stInflow,reservoir
AT,h8758,2.881890616523245,scr2084,stInflow,reservoir
AT,h8759,2.881890616523245,scr2084,stInflow,reservoir
AT,h8760,2.881890616523245,scr2084,stInflow,reservoir
BG,h8041,0.4200471535050507,scr2084,stInflow,reservoir
BG,h8042,0.4200471535050507,scr2084,stInflow,reservoir
BG,h8043,0.4200471535050507,scr2084,stInflow,reservoir
BG,h8044,0.4200471535050507,scr2084,stInflow,reservoir
BG,h8045,0.4200471535050507,scr2084,stInflow,reservoir
BG,h8046,0.4200471535050507,scr2084,stInflow,reservoir
BG,h8047,0.4200471535050507,scr2084,stInflow,reservoir
BG,h8048,0.4200471535050507,scr2084,stInflow,reservoir
BG,h8049,0.4200471535050507,scr2084,stInflow,reservoir
BG,h8050,0.4200471535050507,scr2084,stInflow,reservoir
BG,h8051,0.4200471535050507,scr2084,stInflow,reservoir
BG,h8052,0.4200471535050507,scr2084,stInflow,reservoir
BG,h8053,0.4200471535050507,scr2084,stInflow,reservoir
BG,h8054,0.4200471535050507,scr2084,stInflow,reservoir
BG,h8055,0.4200471535050507,scr2084,stInflow,reservoir
BG,h8056,0.4200471535050507,scr2084,stInflow,reservoir
BG,h8057,0.4200471535050507,scr2084,stInflow,reservoir
BG,h8058,0.4200471535050507,scr2084,stInflow,reservoir
BG,h8059,0.4200471535050507,scr2084,stInflow,reservoir
BG,h8060,0.4200471535050507,scr2084,stInflow,reservoir
BG,h8061,0.4200471535050507,scr2084,stInflow,reservoir
BG,h8062,0.4200471535050507,scr2084,stInflow,reservoir
BG,h8063,0.4200471535050507,scr2084,stInflow,reservoir
BG,h8064,0.4200471535050507,scr2084,stInflow,reservoir
BG,h8065,0.4200471535050507,scr2084,stInflow,reservoir
BG,h8066,0.4200471535050507,scr2084,stInflow,reservoir
BG,h8067,0.4200471535050507,scr2084,stInflow,reservoir
BG,h8068,0.4200471535050507,scr2084,stInflow,reservoir
BG,h8069,0.4200471535050507,scr2084,stInflow,reservoir
BG,h8070,0.4200471535050507,scr2084,stInflow,reservoir
BG,h8071,0.4200471535050507,scr2084,stInflow,reservoir
BG,h8072,0.4200471535050507,scr2084,stInflow,reservoir
BG,h8073,0.4200471535050507,scr2084,stInflow,reservoir
BG,h8074,0.4200471535050507,scr2084,stInflow,reservoir
BG,h8075,0.4200471535050507,scr2084,stInflow,reservoir
BG,h8076,0.4200471535050507,scr2084,stInflow,reservoir
BG,h8077,0.4200471535050507,scr2084,stInflow,reservoir
BG,h8078,0.4200471535050507,scr2084,stInflow,reservoir
BG,h8079,0.4200471535050507,scr2084,stInflow,reservoir
BG,h8080,0.4200471535050507,scr2084,stInflow,reservoir
BG,h8081,0.4200471535050507,scr2084,stInflow,reservoir
BG,h8082,0.4200471535050507,scr2084,stInflow,reservoir
BG,h8083,0.4200471535050507,scr2084,stInflow,reservoir
BG,h8084,0.4200471535050507,scr2084,stInflow,reservoir
BG,h8085,0.4200471535050507,scr2084,stInflow,reservoir
BG,h8086,0.4200471535050507,scr2084,stInflow,reservoir
BG,h8087,0.4200471535050507,scr2084,stInflow,reservoir
BG,h8088,0.4200471535050507,scr2084,stInflow,reservoir
BG,h8089,0.4200471535050507,scr2084,stInflow,reservoir
BG,h8090,0.4200471535050507,scr2084,stInflow,reservoir
BG,h8091,0.4200471535050507,scr2084,stInflow,reservoir
BG,h8092,0.4200471535050507,scr2084,stInflow,reservoir
BG,h8093,0.4200471535050507,scr2084,stInflow,reservoir
BG,h8094,0.4200471535050507,scr2084,stInflow,reservoir
BG,h8095,0.4200471535050507,scr2084,stInflow,reservoir
BG,h8096,0.4200471535050507,scr2084,stInflow,reservoir
BG,h8097,0.4200471535050507,scr2084,stInflow,reservoir
BG,h8098,0.4200471535050507,scr2084,stInflow,reservoir
BG,h8099,0.4200471535050507,scr2084,stInflow,reservoir
BG,h8100,0.4200471535050507,scr2084,stInflow,reservoir
BG,h8101,0.4200471535050507,scr2084,stInflow,reservoir
BG,h8102,0.4200471535050507,scr2084,stInflow,reservoir
BG,h8103,0.4200471535050507,scr2084,stInflow,reservoir
BG,h8104,0.4200471535050507,scr2084,stInflow,reservoir
BG,h8105,0.4200471535050507,scr2084,stInflow,reservoir
BG,h8106,0.4200471535050507,scr2084,stInflow,reservoir
BG,h8107,0.4200471535050507,scr2084,stInflow,reservoir
BG,h8108,0.4200471535050507,scr2084,stInflow,reservoir
BG,h8109,0.4200471535050507,scr2084,stInflow,reservoir
BG,h8110,0.4200471535050507,scr2084,stInflow,reservoir
BG,h8111,0.4200471535050507,scr2084,stInflow,reservoir
BG,h8112,0.4200471535050507,scr2084,stInflow,reservoir
BG,h8113,0.3850388062100686,scr2084,stInflow,reservoir
BG,h8114,0.35003077762177504,scr2084,stInflow,reservoir
BG,h8115,0.3150230997106706,scr2084,stInflow,reservoir
BG,h8116,0.3150230997106706,scr2084,stInflow,reservoir
BG,h8117,0.3150230997106706,scr2084,stInflow,reservoir
BG,h8118,0.3150230997106706,scr2084,stInflow,reservoir
BG,h8119,0.3150230997106706,scr2084,stInflow,reservoir
BG,h8120,0.3150230997106706,scr2084,stInflow,reservoir
BG,h8121,0.3150230997106706,scr2084,stInflow,reservoir
BG,h8122,0.3150230997106706,scr2084,stInflow,reservoir
BG,h8123,0.3150230997106706,scr2084,stInflow,reservoir
BG,h8124,0.3150230997106706,scr2084,stInflow,reservoir
BG,h8125,0.3150230997106706,scr2084,stInflow,reservoir
BG,h8126,0.3150230997106706,scr2084,stInflow,reservoir
BG,h8127,0.3150230997106706,scr2084,stInflow,reservoir
BG,h8128,0.3150230997106706,scr2084,stInflow,reservoir
BG,h8129,0.3150230997106706,scr2084,stInflow,reservoir
BG,h8130,0.3150230997106706,scr2084,stInflow,reservoir
BG,h8131,0.3150230997106706,scr2084,stInflow,reservoir
BG,h8132,0.3150230997106706,scr2084,stInflow,reservoir
BG,h8133,0.3150230997106706,scr2084,stInflow,reservoir
BG,h8134,0.3150230997106706,scr2084,stInflow,reservoir
BG,h8135,0.3150230997106706,scr2084,stInflow,reservoir
BG,h8136,0.3150230997106706,scr2084,stInflow,reservoir
BG,h8137,0.3150230997106706,scr2084,stInflow,reservoir
BG,h8138,0.3150230997106706,scr2084,stInflow,reservoir
BG,h8139,0.3150230997106706,scr2084,stInflow,reservoir
BG,h8140,0.3150230997106706,scr2084,stInflow,reservoir
BG,h8141,0.3150230997106706,scr2084,stInflow,reservoir
BG,h8142,0.3150230997106706,scr2084,stInflow,reservoir
BG,h8143,0.3150230997106706,scr2084,stInflow,reservoir
BG,h8144,0.3150230997106706,scr2084,stInflow,reservoir
BG,h8145,0.3150230997106706,scr2084,stInflow,reservoir
BG,h8146,0.3150230997106706,scr2084,stInflow,reservoir
BG,h8147,0.3150230997106706,scr2084,stInflow,reservoir
BG,h8148,0.3150230997106706,scr2084,stInflow,reservoir
BG,h8149,0.3150230997106706,scr2084,stInflow,reservoir
BG,h8150,0.3150230997106706,scr2084,stInflow,reservoir
BG,h8151,0.3150230997106706,scr2084,stInflow,reservoir
BG,h8152,0.3150230997106706,scr2084,stInflow,reservoir
BG,h8153,0.3150230997106706,scr2084,stInflow,reservoir
BG,h8154,0.3150230997106706,scr2084,stInflow,reservoir
BG,h8155,0.3150230997106706,scr2084,stInflow,reservoir
BG,h8156,0.3150230997106706,scr2084,stInflow,reservoir
BG,h8157,0.3150230997106706,scr2084,stInflow,reservoir
BG,h8158,0.3150230997106706,scr2084,stInflow,reservoir
BG,h8159,0.3150230997106706,scr2084,stInflow,reservoir
BG,h8160,0.3150230997106706,scr2084,stInflow,reservoir
BG,h8161,0.3150230997106706,scr2084,stInflow,reservoir
BG,h8162,0.3150230997106706,scr2084,stInflow,reservoir
BG,h8163,0.3150230997106706,scr2084,stInflow,reservoir
BG,h8164,0.3150230997106706,scr2084,stInflow,reservoir
BG,h8165,0.3150230997106706,scr2084,stInflow,reservoir
BG,h8166,0.3150230997106706,scr2084,stInflow,reservoir
BG,h8167,0.3150230997106706,scr2084,stInflow,reservoir
BG,h8168,0.3150230997106706,scr2084,stInflow,reservoir
BG,h8169,0.3150230997106706,scr2084,stInflow,reservoir
BG,h8170,0.3150230997106706,scr2084,stInflow,reservoir
BG,h8171,0.3150230997106706,scr2084,stInflow,reservoir
BG,h8172,0.3150230997106706,scr2084,stInflow,reservoir
BG,h8173,0.3150230997106706,scr2084,stInflow,reservoir
BG,h8174,0.3150230997106706,scr2084,stInflow,reservoir
BG,h8175,0.3150230997106706,scr2084,stInflow,reservoir
BG,h8176,0.3150230997106706,scr2084,stInflow,reservoir
BG,h8177,0.3150230997106706,scr2084,stInflow,reservoir
BG,h8178,0.3150230997106706,scr2084,stInflow,reservoir
BG,h8179,0.3150230997106706,scr2084,stInflow,reservoir
BG,h8180,0.3150230997106706,scr2084,stInflow,reservoir
BG,h8181,0.3150230997106706,scr2084,stInflow,reservoir
BG,h8182,0.3150230997106706,scr2084,stInflow,reservoir
BG,h8183,0.3150230997106706,scr2084,stInflow,reservoir
BG,h8184,0.3150230997106706,scr2084,stInflow,reservoir
BG,h8185,0.3150230997106706,scr2084,stInflow,reservoir
BG,h8186,0.3150230997106706,scr2084,stInflow,reservoir
BG,h8187,0.3150230997106706,scr2084,stInflow,reservoir
BG,h8188,0.3150230997106706,scr2084,stInflow,reservoir
BG,h8189,0.3150230997106706,scr2084,stInflow,reservoir
BG,h8190,0.3150230997106706,scr2084,stInflow,reservoir
BG,h8191,0.3150230997106706,scr2084,stInflow,reservoir
BG,h8192,0.3150230997106706,scr2084,stInflow,reservoir
BG,h8193,0.3150230997106706,scr2084,stInflow,reservoir
BG,h8194,0.3150230997106706,scr2084,stInflow,reservoir
BG,h8195,0.3150230997106706,scr2084,stInflow,reservoir
BG,h8196,0.3150230997106706,scr2084,stInflow,reservoir
BG,h8197,0.3150230997106706,scr2084,stInflow,reservoir
BG,h8198,0.3150230997106706,scr2084,stInflow,reservoir
BG,h8199,0.3150230997106706,scr2084,stInflow,reservoir
BG,h8200,0.3150230997106706,scr2084,stInflow,reservoir
BG,h8201,0.3150230997106706,scr2084,stInflow,reservoir
BG,h8202,0.3150230997106706,scr2084,stInflow,reservoir
BG,h8203,0.3150230997106706,scr2084,stInflow,reservoir
BG,h8204,0.3150230997106706,scr2084,stInflow,reservoir
BG,h8205,0.3150230997106706,scr2084,stInflow,reservoir
BG,h8206,0.3150230997106706,scr2084,stInflow,reservoir
BG,h8207,0.3150230997106706,scr2084,stInflow,reservoir
BG,h8208,0.3150230997106706,scr2084,stInflow,reservoir
BG,h8209,0.3150230997106706,scr2084,stInflow,reservoir
BG,h8210,0.3150230997106706,scr2084,stInflow,reservoir
BG,h8211,0.3150230997106706,scr2084,stInflow,reservoir
BG,h8212,0.3150230997106706,scr2084,stInflow,reservoir
BG,h8213,0.3150230997106706,scr2084,stInflow,reservoir
BG,h8214,0.3150230997106706,scr2084,stInflow,reservoir
BG,h8215,0.3150230997106706,scr2084,stInflow,reservoir
BG,h8216,0.3150230997106706,scr2084,stInflow,reservoir
BG,h8217,0.3150230997106706,scr2084,stInflow,reservoir
BG,h8218,0.3150230997106706,scr2084,stInflow,reservoir
BG,h8219,0.3150230997106706,scr2084,stInflow,reservoir
BG,h8220,0.3150230997106706,scr2084,stInflow,reservoir
BG,h8221,0.3150230997106706,scr2084,stInflow,reservoir
BG,h8222,0.3150230997106706,scr2084,stInflow,reservoir
BG,h8223,0.3150230997106706,scr2084,stInflow,reservoir
BG,h8224,0.3150230997106706,scr2084,stInflow,reservoir
BG,h8225,0.3150230997106706,scr2084,stInflow,reservoir
BG,h8226,0.3150230997106706,scr2084,stInflow,reservoir
BG,h8227,0.3150230997106706,scr2084,stInflow,reservoir
BG,h8228,0.3150230997106706,scr2084,stInflow,reservoir
BG,h8229,0.3150230997106706,scr2084,stInflow,reservoir
BG,h8230,0.3150230997106706,scr2084,stInflow,reservoir
BG,h8231,0.3150230997106706,scr2084,stInflow,reservoir
BG,h8232,0.3150230997106706,scr2084,stInflow,reservoir
BG,h8233,0.3150230997106706,scr2084,stInflow,reservoir
BG,h8234,0.3150230997106706,scr2084,stInflow,reservoir
BG,h8235,0.3150230997106706,scr2084,stInflow,reservoir
BG,h8236,0.3150230997106706,scr2084,stInflow,reservoir
BG,h8237,0.3150230997106706,scr2084,stInflow,reservoir
BG,h8238,0.3150230997106706,scr2084,stInflow,reservoir
BG,h8239,0.3150230997106706,scr2084,stInflow,reservoir
BG,h8240,0.3150230997106706,scr2084,stInflow,reservoir
BG,h8241,0.3150230997106706,scr2084,stInflow,reservoir
BG,h8242,0.3150230997106706,scr2084,stInflow,reservoir
BG,h8243,0.3150230997106706,scr2084,stInflow,reservoir
BG,h8244,0.3150230997106706,scr2084,stInflow,reservoir
BG,h8245,0.3150230997106706,scr2084,stInflow,reservoir
BG,h8246,0.3150230997106706,scr2084,stInflow,reservoir
BG,h8247,0.3150230997106706,scr2084,stInflow,reservoir
BG,h8248,0.3150230997106706,scr2084,stInflow,reservoir
BG,h8249,0.3150230997106706,scr2084,stInflow,reservoir
BG,h8250,0.3150230997106706,scr2084,stInflow,reservoir
BG,h8251,0.3150230997106706,scr2084,stInflow,reservoir
BG,h8252,0.3150230997106706,scr2084,stInflow,reservoir
BG,h8253,0.3150230997106706,scr2084,stInflow,reservoir
BG,h8254,0.3150230997106706,scr2084,stInflow,reservoir
BG,h8255,0.3150230997106706,scr2084,stInflow,reservoir
BG,h8256,0.3150230997106706,scr2084,stInflow,reservoir
BG,h8257,0.3150230997106706,scr2084,stInflow,reservoir
BG,h8258,0.3150230997106706,scr2084,stInflow,reservoir
BG,h8259,0.3150230997106706,scr2084,stInflow,reservoir
BG,h8260,0.3150230997106706,scr2084,stInflow,reservoir
BG,h8261,0.3150230997106706,scr2084,stInflow,reservoir
BG,h8262,0.3150230997106706,scr2084,stInflow,reservoir
BG,h8263,0.3150230997106706,scr2084,stInflow,reservoir
BG,h8264,0.3150230997106706,scr2084,stInflow,reservoir
BG,h8265,0.3150230997106706,scr2084,stInflow,reservoir
BG,h8266,0.3150230997106706,scr2084,stInflow,reservoir
BG,h8267,0.3150230997106706,scr2084,stInflow,reservoir
BG,h8268,0.3150230997106706,scr2084,stInflow,reservoir
BG,h8269,0.3150230997106706,scr2084,stInflow,reservoir
BG,h8270,0.3150230997106706,scr2084,stInflow,reservoir
BG,h8271,0.3150230997106706,scr2084,stInflow,reservoir
BG,h8272,0.3150230997106706,scr2084,stInflow,reservoir
BG,h8273,0.3150230997106706,scr2084,stInflow,reservoir
BG,h8274,0.3150230997106706,scr2084,stInflow,reservoir
BG,h8275,0.3150230997106706,scr2084,stInflow,reservoir
BG,h8276,0.3150230997106706,scr2084,stInflow,reservoir
BG,h8277,0.3150230997106706,scr2084,stInflow,reservoir
BG,h8278,0.3150230997106706,scr2084,stInflow,reservoir
BG,h8279,0.3150230997106706,scr2084,stInflow,reservoir
BG,h8280,0.3150230997106706,scr2084,stInflow,reservoir
BG,h8281,0.2969568554971675,scr2084,stInflow,reservoir
BG,h8282,0.27889072125120323,scr2084,stInflow,reservoir
BG,h8283,0.26082470410452596,scr2084,stInflow,reservoir
BG,h8284,0.26082470410452596,scr2084,stInflow,reservoir
BG,h8285,0.26082470410452596,scr2084,stInflow,reservoir
BG,h8286,0.26082470410452596,scr2084,stInflow,reservoir
BG,h8287,0.26082470410452596,scr2084,stInflow,reservoir
BG,h8288,0.26082470410452596,scr2084,stInflow,reservoir
BG,h8289,0.26082470410452596,scr2084,stInflow,reservoir
BG,h8290,0.26082470410452596,scr2084,stInflow,reservoir
BG,h8291,0.26082470410452596,scr2084,stInflow,reservoir
BG,h8292,0.26082470410452596,scr2084,stInflow,reservoir
BG,h8293,0.26082470410452596,scr2084,stInflow,reservoir
BG,h8294,0.26082470410452596,scr2084,stInflow,reservoir
BG,h8295,0.26082470410452596,scr2084,stInflow,reservoir
BG,h8296,0.26082470410452596,scr2084,stInflow,reservoir
BG,h8297,0.26082470410452596,scr2084,stInflow,reservoir
BG,h8298,0.26082470410452596,scr2084,stInflow,reservoir
BG,h8299,0.26082470410452596,scr2084,stInflow,reservoir
BG,h8300,0.26082470410452596,scr2084,stInflow,reservoir
BG,h8301,0.26082470410452596,scr2084,stInflow,reservoir
BG,h8302,0.26082470410452596,scr2084,stInflow,reservoir
BG,h8303,0.26082470410452596,scr2084,stInflow,reservoir
BG,h8304,0.26082470410452596,scr2084,stInflow,reservoir
BG,h8305,0.26082470410452596,scr2084,stInflow,reservoir
BG,h8306,0.26082470410452596,scr2084,stInflow,reservoir
BG,h8307,0.26082470410452596,scr2084,stInflow,reservoir
BG,h8308,0.26082470410452596,scr2084,stInflow,reservoir
BG,h8309,0.26082470410452596,scr2084,stInflow,reservoir
BG,h8310,0.26082470410452596,scr2084,stInflow,reservoir
BG,h8311,0.26082470410452596,scr2084,stInflow,reservoir
BG,h8312,0.26082470410452596,scr2084,stInflow,reservoir
BG,h8313,0.26082470410452596,scr2084,stInflow,reservoir
BG,h8314,0.26082470410452596,scr2084,stInflow,reservoir
BG,h8315,0.26082470410452596,scr2084,stInflow,reservoir
BG,h8316,0.26082470410452596,scr2084,stInflow,reservoir
BG,h8317,0.26082470410452596,scr2084,stInflow,reservoir
BG,h8318,0.26082470410452596,scr2084,stInflow,reservoir
BG,h8319,0.26082470410452596,scr2084,stInflow,reservoir
BG,h8320,0.26082470410452596,scr2084,stInflow,reservoir
BG,h8321,0.26082470410452596,scr2084,stInflow,reservoir
BG,h8322,0.26082470410452596,scr2084,stInflow,reservoir
BG,h8323,0.26082470410452596,scr2084,stInflow,reservoir
BG,h8324,0.26082470410452596,scr2084,stInflow,reservoir
BG,h8325,0.26082470410452596,scr2084,stInflow,reservoir
BG,h8326,0.26082470410452596,scr2084,stInflow,reservoir
BG,h8327,0.26082470410452596,scr2084,stInflow,reservoir
BG,h8328,0.26082470410452596,scr2084,stInflow,reservoir
BG,h8329,0.26082470410452596,scr2084,stInflow,reservoir
BG,h8330,0.26082470410452596,scr2084,stInflow,reservoir
BG,h8331,0.26082470410452596,scr2084,stInflow,reservoir
BG,h8332,0.26082470410452596,scr2084,stInflow,reservoir
BG,h8333,0.26082470410452596,scr2084,stInflow,reservoir
BG,h8334,0.26082470410452596,scr2084,stInflow,reservoir
BG,h8335,0.26082470410452596,scr2084,stInflow,reservoir
BG,h8336,0.26082470410452596,scr2084,stInflow,reservoir
BG,h8337,0.26082470410452596,scr2084,stInflow,reservoir
BG,h8338,0.26082470410452596,scr2084,stInflow,reservoir
BG,h8339,0.26082470410452596,scr2084,stInflow,reservoir
BG,h8340,0.26082470410452596,scr2084,stInflow,reservoir
BG,h8341,0.26082470410452596,scr2084,stInflow,reservoir
BG,h8342,0.26082470410452596,scr2084,stInflow,reservoir
BG,h8343,0.26082470410452596,scr2084,stInflow,reservoir
BG,h8344,0.26082470410452596,scr2084,stInflow,reservoir
BG,h8345,0.26082470410452596,scr2084,stInflow,reservoir
BG,h8346,0.26082470410452596,scr2084,stInflow,reservoir
BG,h8347,0.26082470410452596,scr2084,stInflow,reservoir
BG,h8348,0.26082470410452596,scr2084,stInflow,reservoir
BG,h8349,0.26082470410452596,scr2084,stInflow,reservoir
BG,h8350,0.26082470410452596,scr2084,stInflow,reservoir
BG,h8351,0.26082470410452596,scr2084,stInflow,reservoir
BG,h8352,0.26082470410452596,scr2084,stInflow,reservoir
BG,h8353,0.26082470410452596,scr2084,stInflow,reservoir
BG,h8354,0.26082470410452596,scr2084,stInflow,reservoir
BG,h8355,0.26082470410452596,scr2084,stInflow,reservoir
BG,h8356,0.26082470410452596,scr2084,stInflow,reservoir
BG,h8357,0.26082470410452596,scr2084,stInflow,reservoir
BG,h8358,0.26082470410452596,scr2084,stInflow,reservoir
BG,h8359,0.26082470410452596,scr2084,stInflow,reservoir
BG,h8360,0.26082470410452596,scr2084,stInflow,reservoir
BG,h8361,0.26082470410452596,scr2084,stInflow,reservoir
BG,h8362,0.26082470410452596,scr2084,stInflow,reservoir
BG,h8363,0.26082470410452596,scr2084,stInflow,reservoir
BG,h8364,0.26082470410452596,scr2084,stInflow,reservoir
BG,h8365,0.26082470410452596,scr2084,stInflow,reservoir
BG,h8366,0.26082470410452596,scr2084,stInflow,reservoir
BG,h8367,0.26082470410452596,scr2084,stInflow,reservoir
BG,h8368,0.26082470410452596,scr2084,stInflow,reservoir
BG,h8369,0.26082470410452596,scr2084,stInflow,reservoir
BG,h8370,0.26082470410452596,scr2084,stInflow,reservoir
BG,h8371,0.26082470410452596,scr2084,stInflow,reservoir
BG,h8372,0.26082470410452596,scr2084,stInflow,reservoir
BG,h8373,0.26082470410452596,scr2084,stInflow,reservoir
BG,h8374,0.26082470410452596,scr2084,stInflow,reservoir
BG,h8375,0.26082470410452596,scr2084,stInflow,reservoir
BG,h8376,0.26082470410452596,scr2084,stInflow,reservoir
BG,h8377,0.26082470410452596,scr2084,stInflow,reservoir
BG,h8378,0.26082470410452596,scr2084,stInflow,reservoir
BG,h8379,0.26082470410452596,scr2084,stInflow,reservoir
BG,h8380,0.26082470410452596,scr2084,stInflow,reservoir
BG,h8381,0.26082470410452596,scr2084,stInflow,reservoir
BG,h8382,0.26082470410452596,scr2084,stInflow,reservoir
BG,h8383,0.26082470410452596,scr2084,stInflow,reservoir
BG,h8384,0.26082470410452596,scr2084,stInflow,reservoir
BG,h8385,0.26082470410452596,scr2084,stInflow,reservoir
BG,h8386,0.26082470410452596,scr2084,stInflow,reservoir
BG,h8387,0.26082470410452596,scr2084,stInflow,reservoir
BG,h8388,0.26082470410452596,scr2084,stInflow,reservoir
BG,h8389,0.26082470410452596,scr2084,stInflow,reservoir
BG,h8390,0.26082470410452596,scr2084,stInflow,reservoir
BG,h8391,0.26082470410452596,scr2084,stInflow,reservoir
BG,h8392,0.26082470410452596,scr2084,stInflow,reservoir
BG,h8393,0.26082470410452596,scr2084,stInflow,reservoir
BG,h8394,0.26082470410452596,scr2084,stInflow,reservoir
BG,h8395,0.26082470410452596,scr2084,stInflow,reservoir
BG,h8396,0.26082470410452596,scr2084,stInflow,reservoir
BG,h8397,0.26082470410452596,scr2084,stInflow,reservoir
BG,h8398,0.26082470410452596,scr2084,stInflow,reservoir
BG,h8399,0.26082470410452596,scr2084,stInflow,reservoir
BG,h8400,0.26082470410452596,scr2084,stInflow,reservoir
BG,h8401,0.26082470410452596,scr2084,stInflow,reservoir
BG,h8402,0.26082470410452596,scr2084,stInflow,reservoir
BG,h8403,0.26082470410452596,scr2084,stInflow,reservoir
BG,h8404,0.26082470410452596,scr2084,stInflow,reservoir
BG,h8405,0.26082470410452596,scr2084,stInflow,reservoir
BG,h8406,0.26082470410452596,scr2084,stInflow,reservoir
BG,h8407,0.26082470410452596,scr2084,stInflow,reservoir
BG,h8408,0.26082470410452596,scr2084,stInflow,reservoir
BG,h8409,0.26082470410452596,scr2084,stInflow,reservoir
BG,h8410,0.26082470410452596,scr2084,stInflow,reservoir
BG,h8411,0.26082470410452596,scr2084,stInflow,reservoir
BG,h8412,0.26082470410452596,scr2084,stInflow,reservoir
BG,h8413,0.26082470410452596,scr2084,stInflow,reservoir
BG,h8414,0.26082470410452596,scr2084,stInflow,reservoir
BG,h8415,0.26082470410452596,scr2084,stInflow,reservoir
BG,h8416,0.26082470410452596,scr2084,stInflow,reservoir
BG,h8417,0.26082470410452596,scr2084,stInflow,reservoir
BG,h8418,0.26082470410452596,scr2084,stInflow,reservoir
BG,h8419,0.26082470410452596,scr2084,stInflow,reservoir
BG,h8420,0.26082470410452596,scr2084,stInflow,reservoir
BG,h8421,0.26082470410452596,scr2084,stInflow,reservoir
BG,h8422,0.26082470410452596,scr2084,stInflow,reservoir
BG,h8423,0.26082470410452596,scr2084,stInflow,reservoir
BG,h8424,0.26082470410452596,scr2084,stInflow,reservoir
BG,h8425,0.26082470410452596,scr2084,stInflow,reservoir
BG,h8426,0.26082470410452596,scr2084,stInflow,reservoir
BG,h8427,0.26082470410452596,scr2084,stInflow,reservoir
BG,h8428,0.26082470410452596,scr2084,stInflow,reservoir
BG,h8429,0.26082470410452596,scr2084,stInflow,reservoir
BG,h8430,0.26082470410452596,scr2084,stInflow,reservoir
BG,h8431,0.26082470410452596,scr2084,stInflow,reservoir
BG,h8432,0.26082470410452596,scr2084,stInflow,reservoir
BG,h8433,0.26082470410452596,scr2084,stInflow,reservoir
BG,h8434,0.26082470410452596,scr2084,stInflow,reservoir
BG,h8435,0.26082470410452596,scr2084,stInflow,reservoir
BG,h8436,0.26082470410452596,scr2084,stInflow,reservoir
BG,h8437,0.26082470410452596,scr2084,stInflow,reservoir
BG,h8438,0.26082470410452596,scr2084,stInflow,reservoir
BG,h8439,0.26082470410452596,scr2084,stInflow,reservoir
BG,h8440,0.26082470410452596,scr2084,stInflow,reservoir
BG,h8441,0.26082470410452596,scr2084,stInflow,reservoir
BG,h8442,0.26082470410452596,scr2084,stInflow,reservoir
BG,h8443,0.26082470410452596,scr2084,stInflow,reservoir
BG,h8444,0.26082470410452596,scr2084,stInflow,reservoir
BG,h8445,0.26082470410452596,scr2084,stInflow,reservoir
BG,h8446,0.26082470410452596,scr2084,stInflow,reservoir
BG,h8447,0.26082470410452596,scr2084,stInflow,reservoir
BG,h8448,0.26082470410452596,scr2084,stInflow,reservoir
BG,h8449,0.26132691274889547,scr2084,stInflow,reservoir
BG,h8450,0.261829121489768,scr2084,stInflow,reservoir
BG,h8451,0.26233133032695866,scr2084,stInflow,reservoir
BG,h8452,0.26233133032695866,scr2084,stInflow,reservoir
BG,h8453,0.26233133032695866,scr2084,stInflow,reservoir
BG,h8454,0.26233133032695866,scr2084,stInflow,reservoir
BG,h8455,0.26233133032695866,scr2084,stInflow,reservoir
BG,h8456,0.26233133032695866,scr2084,stInflow,reservoir
BG,h8457,0.26233133032695866,scr2084,stInflow,reservoir
BG,h8458,0.26233133032695866,scr2084,stInflow,reservoir
BG,h8459,0.26233133032695866,scr2084,stInflow,reservoir
BG,h8460,0.26233133032695866,scr2084,stInflow,reservoir
BG,h8461,0.26233133032695866,scr2084,stInflow,reservoir
BG,h8462,0.26233133032695866,scr2084,stInflow,reservoir
BG,h8463,0.26233133032695866,scr2084,stInflow,reservoir
BG,h8464,0.26233133032695866,scr2084,stInflow,reservoir
BG,h8465,0.26233133032695866,scr2084,stInflow,reservoir
BG,h8466,0.26233133032695866,scr2084,stInflow,reservoir
BG,h8467,0.26233133032695866,scr2084,stInflow,reservoir
BG,h8468,0.26233133032695866,scr2084,stInflow,reservoir
BG,h8469,0.26233133032695866,scr2084,stInflow,reservoir
BG,h8470,0.26233133032695866,scr2084,stInflow,reservoir
BG,h8471,0.26233133032695866,scr2084,stInflow,reservoir
BG,h8472,0.26233133032695866,scr2084,stInflow,reservoir
BG,h8473,0.26233133032695866,scr2084,stInflow,reservoir
BG,h8474,0.26233133032695866,scr2084,stInflow,reservoir
BG,h8475,0.26233133032695866,scr2084,stInflow,reservoir
BG,h8476,0.26233133032695866,scr2084,stInflow,reservoir
BG,h8477,0.26233133032695866,scr2084,stInflow,reservoir
BG,h8478,0.26233133032695866,scr2084,stInflow,reservoir
BG,h8479,0.26233133032695866,scr2084,stInflow,reservoir
BG,h8480,0.26233133032695866,scr2084,stInflow,reservoir
BG,h8481,0.26233133032695866,scr2084,stInflow,reservoir
BG,h8482,0.26233133032695866,scr2084,stInflow,reservoir
BG,h8483,0.26233133032695866,scr2084,stInflow,reservoir
BG,h8484,0.26233133032695866,scr2084,stInflow,reservoir
BG,h8485,0.26233133032695866,scr2084,stInflow,reservoir
BG,h8486,0.26233133032695866,scr2084,stInflow,reservoir
BG,h8487,0.26233133032695866,scr2084,stInflow,reservoir
BG,h8488,0.26233133032695866,scr2084,stInflow,reservoir
BG,h8489,0.26233133032695866,scr2084,stInflow,reservoir
BG,h8490,0.26233133032695866,scr2084,stInflow,reservoir
BG,h8491,0.26233133032695866,scr2084,stInflow,reservoir
BG,h8492,0.26233133032695866,scr2084,stInflow,reservoir
BG,h8493,0.26233133032695866,scr2084,stInflow,reservoir
BG,h8494,0.26233133032695866,scr2084,stInflow,reservoir
BG,h8495,0.26233133032695866,scr2084,stInflow,reservoir
BG,h8496,0.26233133032695866,scr2084,stInflow,reservoir
BG,h8497,0.26233133032695866,scr2084,stInflow,reservoir
BG,h8498,0.26233133032695866,scr2084,stInflow,reservoir
BG,h8499,0.26233133032695866,scr2084,stInflow,reservoir
BG,h8500,0.26233133032695866,scr2084,stInflow,reservoir
BG,h8501,0.26233133032695866,scr2084,stInflow,reservoir
BG,h8502,0.26233133032695866,scr2084,stInflow,reservoir
BG,h8503,0.26233133032695866,scr2084,stInflow,reservoir
BG,h8504,0.26233133032695866,scr2084,stInflow,reservoir
BG,h8505,0.26233133032695866,scr2084,stInflow,reservoir
BG,h8506,0.26233133032695866,scr2084,stInflow,reservoir
BG,h8507,0.26233133032695866,scr2084,stInflow,reservoir
BG,h8508,0.26233133032695866,scr2084,stInflow,reservoir
BG,h8509,0.26233133032695866,scr2084,stInflow,reservoir
BG,h8510,0.26233133032695866,scr2084,stInflow,reservoir
BG,h8511,0.26233133032695866,scr2084,stInflow,reservoir
BG,h8512,0.26233133032695866,scr2084,stInflow,reservoir
BG,h8513,0.26233133032695866,scr2084,stInflow,reservoir
BG,h8514,0.26233133032695866,scr2084,stInflow,reservoir
BG,h8515,0.26233133032695866,scr2084,stInflow,reservoir
BG,h8516,0.26233133032695866,scr2084,stInflow,reservoir
BG,h8517,0.26233133032695866,scr2084,stInflow,reservoir
BG,h8518,0.26233133032695866,scr2084,stInflow,reservoir
BG,h8519,0.26233133032695866,scr2084,stInflow,reservoir
BG,h8520,0.26233133032695866,scr2084,stInflow,reservoir
BG,h8521,0.26233133032695866,scr2084,stInflow,reservoir
BG,h8522,0.26233133032695866,scr2084,stInflow,reservoir
BG,h8523,0.26233133032695866,scr2084,stInflow,reservoir
BG,h8524,0.26233133032695866,scr2084,stInflow,reservoir
BG,h8525,0.26233133032695866,scr2084,stInflow,reservoir
BG,h8526,0.26233133032695866,scr2084,stInflow,reservoir
BG,h8527,0.26233133032695866,scr2084,stInflow,reservoir
BG,h8528,0.26233133032695866,scr2084,stInflow,reservoir
BG,h8529,0.26233133032695866,scr2084,stInflow,reservoir
BG,h8530,0.26233133032695866,scr2084,stInflow,reservoir
BG,h8531,0.26233133032695866,scr2084,stInflow,reservoir
BG,h8532,0.26233133032695866,scr2084,stInflow,reservoir
BG,h8533,0.26233133032695866,scr2084,stInflow,reservoir
BG,h8534,0.26233133032695866,scr2084,stInflow,reservoir
BG,h8535,0.26233133032695866,scr2084,stInflow,reservoir
BG,h8536,0.26233133032695866,scr2084,stInflow,reservoir
BG,h8537,0.26233133032695866,scr2084,stInflow,reservoir
BG,h8538,0.26233133032695866,scr2084,stInflow,reservoir
BG,h8539,0.26233133032695866,scr2084,stInflow,reservoir
BG,h8540,0.26233133032695866,scr2084,stInflow,reservoir
BG,h8541,0.26233133032695866,scr2084,stInflow,reservoir
BG,h8542,0.26233133032695866,scr2084,stInflow,reservoir
BG,h8543,0.26233133032695866,scr2084,stInflow,reservoir
BG,h8544,0.26233133032695866,scr2084,stInflow,reservoir
BG,h8545,0.26233133032695866,scr2084,stInflow,reservoir
BG,h8546,0.26233133032695866,scr2084,stInflow,reservoir
BG,h8547,0.26233133032695866,scr2084,stInflow,reservoir
BG,h8548,0.26233133032695866,scr2084,stInflow,reservoir
BG,h8549,0.26233133032695866,scr2084,stInflow,reservoir
BG,h8550,0.26233133032695866,scr2084,stInflow,reservoir
BG,h8551,0.26233133032695866,scr2084,stInflow,reservoir
BG,h8552,0.26233133032695866,scr2084,stInflow,reservoir
BG,h8553,0.26233133032695866,scr2084,stInflow,reservoir
BG,h8554,0.26233133032695866,scr2084,stInflow,reservoir
BG,h8555,0.26233133032695866,scr2084,stInflow,reservoir
BG,h8556,0.26233133032695866,scr2084,stInflow,reservoir
BG,h8557,0.26233133032695866,scr2084,stInflow,reservoir
BG,h8558,0.26233133032695866,scr2084,stInflow,reservoir
BG,h8559,0.26233133032695866,scr2084,stInflow,reservoir
BG,h8560,0.26233133032695866,scr2084,stInflow,reservoir
BG,h8561,0.26233133032695866,scr2084,stInflow,reservoir
BG,h8562,0.26233133032695866,scr2084,stInflow,reservoir
BG,h8563,0.26233133032695866,scr2084,stInflow,reservoir
BG,h8564,0.26233133032695866,scr2084,stInflow,reservoir
BG,h8565,0.26233133032695866,scr2084,stInflow,reservoir
BG,h8566,0.26233133032695866,scr2084,stInflow,reservoir
BG,h8567,0.26233133032695866,scr2084,stInflow,reservoir
BG,h8568,0.26233133032695866,scr2084,stInflow,reservoir
BG,h8569,0.26233133032695866,scr2084,stInflow,reservoir
BG,h8570,0.26233133032695866,scr2084,stInflow,reservoir
BG,h8571,0.26233133032695866,scr2084,stInflow,reservoir
BG,h8572,0.26233133032695866,scr2084,stInflow,reservoir
BG,h8573,0.26233133032695866,scr2084,stInflow,reservoir
BG,h8574,0.26233133032695866,scr2084,stInflow,reservoir
BG,h8575,0.26233133032695866,scr2084,stInflow,reservoir
BG,h8576,0.26233133032695866,scr2084,stInflow,reservoir
BG,h8577,0.26233133032695866,scr2084,stInflow,reservoir
BG,h8578,0.26233133032695866,scr2084,stInflow,reservoir
BG,h8579,0.26233133032695866,scr2084,stInflow,reservoir
BG,h8580,0.26233133032695866,scr2084,stInflow,reservoir
BG,h8581,0.26233133032695866,scr2084,stInflow,reservoir
BG,h8582,0.26233133032695866,scr2084,stInflow,reservoir
BG,h8583,0.26233133032695866,scr2084,stInflow,reservoir
BG,h8584,0.26233133032695866,scr2084,stInflow,reservoir
BG,h8585,0.26233133032695866,scr2084,stInflow,reservoir
BG,h8586,0.26233133032695866,scr2084,stInflow,reservoir
BG,h8587,0.26233133032695866,scr2084,stInflow,reservoir
BG,h8588,0.26233133032695866,scr2084,stInflow,reservoir
BG,h8589,0.26233133032695866,scr2084,stInflow,reservoir
BG,h8590,0.26233133032695866,scr2084,stInflow,reservoir
BG,h8591,0.26233133032695866,scr2084,stInflow,reservoir
BG,h8592,0.26233133032695866,scr2084,stInflow,reservoir
BG,h8593,0.26233133032695866,scr2084,stInflow,reservoir
BG,h8594,0.26233133032695866,scr2084,stInflow,reservoir
BG,h8595,0.26233133032695866,scr2084,stInflow,reservoir
BG,h8596,0.26233133032695866,scr2084,stInflow,reservoir
BG,h8597,0.26233133032695866,scr2084,stInflow,reservoir
BG,h8598,0.26233133032695866,scr2084,stInflow,reservoir
BG,h8599,0.26233133032695866,scr2084,stInflow,reservoir
BG,h8600,0.26233133032695866,scr2084,stInflow,reservoir
BG,h8601,0.26233133032695866,scr2084,stInflow,reservoir
BG,h8602,0.26233133032695866,scr2084,stInflow,reservoir
BG,h8603,0.26233133032695866,scr2084,stInflow,reservoir
BG,h8604,0.26233133032695866,scr2084,stInflow,reservoir
BG,h8605,0.26233133032695866,scr2084,stInflow,reservoir
BG,h8606,0.26233133032695866,scr2084,stInflow,reservoir
BG,h8607,0.26233133032695866,scr2084,stInflow,reservoir
BG,h8608,0.26233133032695866,scr2084,stInflow,reservoir
BG,h8609,0.26233133032695866,scr2084,stInflow,reservoir
BG,h8610,0.26233133032695866,scr2084,stInflow,reservoir
BG,h8611,0.26233133032695866,scr2084,stInflow,reservoir
BG,h8612,0.26233133032695866,scr2084,stInflow,reservoir
BG,h8613,0.26233133032695866,scr2084,stInflow,reservoir
BG,h8614,0.26233133032695866,scr2084,stInflow,reservoir
BG,h8615,0.26233133032695866,scr2084,stInflow,reservoir
BG,h8616,0.26233133032695866,scr2084,stInflow,reservoir
BG,h8617,0.24179224913259795,scr2084,stInflow,reservoir
BG,h8618,0.2212533425992326,scr2084,stInflow,reservoir
BG,h8619,0.20071462698202625,scr2084,stInflow,reservoir
BG,h8620,0.20071462698202625,scr2084,stInflow,reservoir
BG,h8621,0.20071462698202625,scr2084,stInflow,reservoir
BG,h8622,0.20071462698202625,scr2084,stInflow,reservoir
BG,h8623,0.20071462698202625,scr2084,stInflow,reservoir
BG,h8624,0.20071462698202625,scr2084,stInflow,reservoir
BG,h8625,0.20071462698202625,scr2084,stInflow,reservoir
BG,h8626,0.20071462698202625,scr2084,stInflow,reservoir
BG,h8627,0.20071462698202625,scr2084,stInflow,reservoir
BG,h8628,0.20071462698202625,scr2084,stInflow,reservoir
BG,h8629,0.20071462698202625,scr2084,stInflow,reservoir
BG,h8630,0.20071462698202625,scr2084,stInflow,reservoir
BG,h8631,0.20071462698202625,scr2084,stInflow,reservoir
BG,h8632,0.20071462698202625,scr2084,stInflow,reservoir
BG,h8633,0.20071462698202625,scr2084,stInflow,reservoir
BG,h8634,0.20071462698202625,scr2084,stInflow,reservoir
BG,h8635,0.20071462698202625,scr2084,stInflow,reservoir
BG,h8636,0.20071462698202625,scr2084,stInflow,reservoir
BG,h8637,0.20071462698202625,scr2084,stInflow,reservoir
BG,h8638,0.20071462698202625,scr2084,stInflow,reservoir
BG,h8639,0.20071462698202625,scr2084,stInflow,reservoir
BG,h8640,0.20071462698202625,scr2084,stInflow,reservoir
BG,h8641,0.20071462698202625,scr2084,stInflow,reservoir
BG,h8642,0.20071462698202625,scr2084,stInflow,reservoir
BG,h8643,0.20071462698202625,scr2084,stInflow,reservoir
BG,h8644,0.20071462698202625,scr2084,stInflow,reservoir
BG,h8645,0.20071462698202625,scr2084,stInflow,reservoir
BG,h8646,0.20071462698202625,scr2084,stInflow,reservoir
BG,h8647,0.20071462698202625,scr2084,stInflow,reservoir
BG,h8648,0.20071462698202625,scr2084,stInflow,reservoir
BG,h8649,0.20071462698202625,scr2084,stInflow,reservoir
BG,h8650,0.20071462698202625,scr2084,stInflow,reservoir
BG,h8651,0.20071462698202625,scr2084,stInflow,reservoir
BG,h8652,0.20071462698202625,scr2084,stInflow,reservoir
BG,h8653,0.20071462698202625,scr2084,stInflow,reservoir
BG,h8654,0.20071462698202625,scr2084,stInflow,reservoir
BG,h8655,0.20071462698202625,scr2084,stInflow,reservoir
BG,h8656,0.20071462698202625,scr2084,stInflow,reservoir
BG,h8657,0.20071462698202625,scr2084,stInflow,reservoir
BG,h8658,0.20071462698202625,scr2084,stInflow,reservoir
BG,h8659,0.20071462698202625,scr2084,stInflow,reservoir
BG,h8660,0.20071462698202625,scr2084,stInflow,reservoir
BG,h8661,0.20071462698202625,scr2084,stInflow,reservoir
BG,h8662,0.20071462698202625,scr2084,stInflow,reservoir
BG,h8663,0.20071462698202625,scr2084,stInflow,reservoir
BG,h8664,0.20071462698202625,scr2084,stInflow,reservoir
BG,h8665,0.20071462698202625,scr2084,stInflow,reservoir
BG,h8666,0.20071462698202625,scr2084,stInflow,reservoir
BG,h8667,0.20071462698202625,scr2084,stInflow,reservoir
BG,h8668,0.20071462698202625,scr2084,stInflow,reservoir
BG,h8669,0.20071462698202625,scr2084,stInflow,reservoir
BG,h8670,0.20071462698202625,scr2084,stInflow,reservoir
BG,h8671,0.20071462698202625,scr2084,stInflow,reservoir
BG,h8672,0.20071462698202625,scr2084,stInflow,reservoir
BG,h8673,0.20071462698202625,scr2084,stInflow,reservoir
BG,h8674,0.20071462698202625,scr2084,stInflow,reservoir
BG,h8675,0.20071462698202625,scr2084,stInflow,reservoir
BG,h8676,0.20071462698202625,scr2084,stInflow,reservoir
BG,h8677,0.20071462698202625,scr2084,stInflow,reservoir
BG,h8678,0.20071462698202625,scr2084,stInflow,reservoir
BG,h8679,0.20071462698202625,scr2084,stInflow,reservoir
BG,h8680,0.20071462698202625,scr2084,stInflow,reservoir
BG,h8681,0.20071462698202625,scr2084,stInflow,reservoir
BG,h8682,0.20071462698202625,scr2084,stInflow,reservoir
BG,h8683,0.20071462698202625,scr2084,stInflow,reservoir
BG,h8684,0.20071462698202625,scr2084,stInflow,reservoir
BG,h8685,0.20071462698202625,scr2084,stInflow,reservoir
BG,h8686,0.20071462698202625,scr2084,stInflow,reservoir
BG,h8687,0.20071462698202625,scr2084,stInflow,reservoir
BG,h8688,0.20071462698202625,scr2084,stInflow,reservoir
BG,h8689,0.20071462698202625,scr2084,stInflow,reservoir
BG,h8690,0.20071462698202625,scr2084,stInflow,reservoir
BG,h8691,0.20071462698202625,scr2084,stInflow,reservoir
BG,h8692,0.20071462698202625,scr2084,stInflow,reservoir
BG,h8693,0.20071462698202625,scr2084,stInflow,reservoir
BG,h8694,0.20071462698202625,scr2084,stInflow,reservoir
BG,h8695,0.20071462698202625,scr2084,stInflow,reservoir
BG,h8696,0.20071462698202625,scr2084,stInflow,reservoir
BG,h8697,0.20071462698202625,scr2084,stInflow,reservoir
BG,h8698,0.20071462698202625,scr2084,stInflow,reservoir
BG,h8699,0.20071462698202625,scr2084,stInflow,reservoir
BG,h8700,0.20071462698202625,scr2084,stInflow,reservoir
BG,h8701,0.20071462698202625,scr2084,stInflow,reservoir
BG,h8702,0.20071462698202625,scr2084,stInflow,reservoir
BG,h8703,0.20071462698202625,scr2084,stInflow,reservoir
BG,h8704,0.20071462698202625,scr2084,stInflow,reservoir
BG,h8705,0.20071462698202625,scr2084,stInflow,reservoir
BG,h8706,0.20071462698202625,scr2084,stInflow,reservoir
BG,h8707,0.20071462698202625,scr2084,stInflow,reservoir
BG,h8708,0.20071462698202625,scr2084,stInflow,reservoir
BG,h8709,0.20071462698202625,scr2084,stInflow,reservoir
BG,h8710,0.20071462698202625,scr2084,stInflow,reservoir
BG,h8711,0.20071462698202625,scr2084,stInflow,reservoir
BG,h8712,0.20071462698202625,scr2084,stInflow,reservoir
BG,h8713,0.20071462698202625,scr2084,stInflow,reservoir
BG,h8714,0.20071462698202625,scr2084,stInflow,reservoir
BG,h8715,0.20071462698202625,scr2084,stInflow,reservoir
BG,h8716,0.20071462698202625,scr2084,stInflow,reservoir
BG,h8717,0.20071462698202625,scr2084,stInflow,reservoir
BG,h8718,0.20071462698202625,scr2084,stInflow,reservoir
BG,h8719,0.20071462698202625,scr2084,stInflow,reservoir
BG,h8720,0.20071462698202625,scr2084,stInflow,reservoir
BG,h8721,0.20071462698202625,scr2084,stInflow,reservoir
BG,h8722,0.20071462698202625,scr2084,stInflow,reservoir
BG,h8723,0.20071462698202625,scr2084,stInflow,reservoir
BG,h8724,0.20071462698202625,scr2084,stInflow,reservoir
BG,h8725,0.20071462698202625,scr2084,stInflow,reservoir
BG,h8726,0.20071462698202625,scr2084,stInflow,reservoir
BG,h8727,0.20071462698202625,scr2084,stInflow,reservoir
BG,h8728,0.20071462698202625,scr2084,stInflow,reservoir
BG,h8729,0.20071462698202625,scr2084,stInflow,reservoir
BG,h8730,0.20071462698202625,scr2084,stInflow,reservoir
BG,h8731,0.20071462698202625,scr2084,stInflow,reservoir
BG,h8732,0.20071462698202625,scr2084,stInflow,reservoir
BG,h8733,0.20071462698202625,scr2084,stInflow,reservoir
BG,h8734,0.20071462698202625,scr2084,stInflow,reservoir
BG,h8735,0.20071462698202625,scr2084,stInflow,reservoir
BG,h8736,0.20071462698202625,scr2084,stInflow,reservoir
BG,h8737,0.20071462698202625,scr2084,stInflow,reservoir
BG,h8738,0.20071462698202625,scr2084,stInflow,reservoir
BG,h8739,0.20071462698202625,scr2084,stInflow,reservoir
BG,h8740,0.20071462698202625,scr2084,stInflow,reservoir
BG,h8741,0.20071462698202625,scr2084,stInflow,reservoir
BG,h8742,0.20071462698202625,scr2084,stInflow,reservoir
BG,h8743,0.20071462698202625,scr2084,stInflow,reservoir
BG,h8744,0.20071462698202625,scr2084,stInflow,reservoir
BG,h8745,0.20071462698202625,scr2084,stInflow,reservoir
BG,h8746,0.20071462698202625,scr2084,stInflow,reservoir
BG,h8747,0.20071462698202625,scr2084,stInflow,reservoir
BG,h8748,0.20071462698202625,scr2084,stInflow,reservoir
BG,h8749,0.20071462698202625,scr2084,stInflow,reservoir
BG,h8750,0.20071462698202625,scr2084,stInflow,reservoir
BG,h8751,0.20071462698202625,scr2084,stInflow,reservoir
BG,h8752,0.20071462698202625,scr2084,stInflow,reservoir
BG,h8753,0.20071462698202625,scr2084,stInflow,reservoir
BG,h8754,0.20071462698202625,scr2084,stInflow,reservoir
BG,h8755,0.20071462698202625,scr2084,stInflow,reservoir
BG,h8756,0.20071462698202625,scr2084,stInflow,reservoir
BG,h8757,0.20071462698202625,scr2084,stInflow,reservoir
BG,h8758,0.20071462698202625,scr2084,stInflow,reservoir
BG,h8759,0.20071462698202625,scr2084,stInflow,reservoir
BG,h8760,0.20071462698202625,scr2084,stInflow,reservoir
CH,h8041,5.3051484561379105,scr2084,stInflow,reservoir
CH,h8042,5.3051484561379105,scr2084,stInflow,reservoir
CH,h8043,5.3051484561379105,scr2084,stInflow,reservoir
CH,h8044,5.3051484561379105,scr2084,stInflow,reservoir
CH,h8045,5.3051484561379105,scr2084,stInflow,reservoir
CH,h8046,5.3051484561379105,scr2084,stInflow,reservoir
CH,h8047,5.3051484561379105,scr2084,stInflow,reservoir
CH,h8048,5.3051484561379105,scr2084,stInflow,reservoir
CH,h8049,5.3051484561379105,scr2084,stInflow,reservoir
CH,h8050,5.3051484561379105,scr2084,stInflow,reservoir
CH,h8051,5.3051484561379105,scr2084,stInflow,reservoir
CH,h8052,5.3051484561379105,scr2084,stInflow,reservoir
CH,h8053,5.3051484561379105,scr2084,stInflow,reservoir
CH,h8054,5.3051484561379105,scr2084,stInflow,reservoir
CH,h8055,5.3051484561379105,scr2084,stInflow,reservoir
CH,h8056,5.3051484561379105,scr2084,stInflow,reservoir
CH,h8057,5.3051484561379105,scr2084,stInflow,reservoir
CH,h8058,5.3051484561379105,scr2084,stInflow,reservoir
CH,h8059,5.3051484561379105,scr2084,stInflow,reservoir
CH,h8060,5.3051484561379105,scr2084,stInflow,reservoir
CH,h8061,5.3051484561379105,scr2084,stInflow,reservoir
CH,h8062,5.3051484561379105,scr2084,stInflow,reservoir
CH,h8063,5.3051484561379105,scr2084,stInflow,reservoir
CH,h8064,5.3051484561379105,scr2084,stInflow,reservoir
CH,h8065,5.3051484561379105,scr2084,stInflow,reservoir
CH,h8066,5.3051484561379105,scr2084,stInflow,reservoir
CH,h8067,5.3051484561379105,scr2084,stInflow,reservoir
CH,h8068,5.3051484561379105,scr2084,stInflow,reservoir
CH,h8069,5.3051484561379105,scr2084,stInflow,reservoir
CH,h8070,5.3051484561379105,scr2084,stInflow,reservoir
CH,h8071,5.3051484561379105,scr2084,stInflow,reservoir
CH,h8072,5.3051484561379105,scr2084,stInflow,reservoir
CH,h8073,5.3051484561379105,scr2084,stInflow,reservoir
CH,h8074,5.3051484561379105,scr2084,stInflow,reservoir
CH,h8075,5.3051484561379105,scr2084,stInflow,reservoir
CH,h8076,5.3051484561379105,scr2084,stInflow,reservoir
CH,h8077,5.3051484561379105,scr2084,stInflow,reservoir
CH,h8078,5.3051484561379105,scr2084,stInflow,reservoir
CH,h8079,5.3051484561379105,scr2084,stInflow,reservoir
CH,h8080,5.3051484561379105,scr2084,stInflow,reservoir
CH,h8081,5.3051484561379105,scr2084,stInflow,reservoir
CH,h8082,5.3051484561379105,scr2084,stInflow,reservoir
CH,h8083,5.3051484561379105,scr2084,stInflow,reservoir
CH,h8084,5.3051484561379105,scr2084,stInflow,reservoir
CH,h8085,5.3051484561379105,scr2084,stInflow,reservoir
CH,h8086,5.3051484561379105,scr2084,stInflow,reservoir
CH,h8087,5.3051484561379105,scr2084,stInflow,reservoir
CH,h8088,5.3051484561379105,scr2084,stInflow,reservoir
CH,h8089,5.3051484561379105,scr2084,stInflow,reservoir
CH,h8090,5.3051484561379105,scr2084,stInflow,reservoir
CH,h8091,5.3051484561379105,scr2084,stInflow,reservoir
CH,h8092,5.3051484561379105,scr2084,stInflow,reservoir
CH,h8093,5.3051484561379105,scr2084,stInflow,reservoir
CH,h8094,5.3051484561379105,scr2084,stInflow,reservoir
CH,h8095,5.3051484561379105,scr2084,stInflow,reservoir
CH,h8096,5.3051484561379105,scr2084,stInflow,reservoir
CH,h8097,5.3051484561379105,scr2084,stInflow,reservoir
CH,h8098,5.3051484561379105,scr2084,stInflow,reservoir
CH,h8099,5.3051484561379105,scr2084,stInflow,reservoir
CH,h8100,5.3051484561379105,scr2084,stInflow,reservoir
CH,h8101,5.3051484561379105,scr2084,stInflow,reservoir
CH,h8102,5.3051484561379105,scr2084,stInflow,reservoir
CH,h8103,5.3051484561379105,scr2084,stInflow,reservoir
CH,h8104,5.3051484561379105,scr2084,stInflow,reservoir
CH,h8105,5.3051484561379105,scr2084,stInflow,reservoir
CH,h8106,5.3051484561379105,scr2084,stInflow,reservoir
CH,h8107,5.3051484561379105,scr2084,stInflow,reservoir
CH,h8108,5.3051484561379105,scr2084,stInflow,reservoir
CH,h8109,5.3051484561379105,scr2084,stInflow,reservoir
CH,h8110,5.3051484561379105,scr2084,stInflow,reservoir
CH,h8111,5.3051484561379105,scr2084,stInflow,reservoir
CH,h8112,5.3051484561379105,scr2084,stInflow,reservoir
CH,h8113,5.526114429289614,scr2084,stInflow,reservoir
CH,h8114,5.747081286141634,scr2084,stInflow,reservoir
CH,h8115,5.96804899270656,scr2084,stInflow,reservoir
CH,h8116,5.96804899270656,scr2084,stInflow,reservoir
CH,h8117,5.96804899270656,scr2084,stInflow,reservoir
CH,h8118,5.96804899270656,scr2084,stInflow,reservoir
CH,h8119,5.96804899270656,scr2084,stInflow,reservoir
CH,h8120,5.96804899270656,scr2084,stInflow,reservoir
CH,h8121,5.96804899270656,scr2084,stInflow,reservoir
CH,h8122,5.96804899270656,scr2084,stInflow,reservoir
CH,h8123,5.96804899270656,scr2084,stInflow,reservoir
CH,h8124,5.96804899270656,scr2084,stInflow,reservoir
CH,h8125,5.96804899270656,scr2084,stInflow,reservoir
CH,h8126,5.96804899270656,scr2084,stInflow,reservoir
CH,h8127,5.96804899270656,scr2084,stInflow,reservoir
CH,h8128,5.96804899270656,scr2084,stInflow,reservoir
CH,h8129,5.96804899270656,scr2084,stInflow,reservoir
CH,h8130,5.96804899270656,scr2084,stInflow,reservoir
CH,h8131,5.96804899270656,scr2084,stInflow,reservoir
CH,h8132,5.96804899270656,scr2084,stInflow,reservoir
CH,h8133,5.96804899270656,scr2084,stInflow,reservoir
CH,h8134,5.96804899270656,scr2084,stInflow,reservoir
CH,h8135,5.96804899270656,scr2084,stInflow,reservoir
CH,h8136,5.96804899270656,scr2084,stInflow,reservoir
CH,h8137,5.96804899270656,scr2084,stInflow,reservoir
CH,h8138,5.96804899270656,scr2084,stInflow,reservoir
CH,h8139,5.96804899270656,scr2084,stInflow,reservoir
CH,h8140,5.96804899270656,scr2084,stInflow,reservoir
CH,h8141,5.96804899270656,scr2084,stInflow,reservoir
CH,h8142,5.96804899270656,scr2084,stInflow,reservoir
CH,h8143,5.96804899270656,scr2084,stInflow,reservoir
CH,h8144,5.96804899270656,scr2084,stInflow,reservoir
CH,h8145,5.96804899270656,scr2084,stInflow,reservoir
CH,h8146,5.96804899270656,scr2084,stInflow,reservoir
CH,h8147,5.96804899270656,scr2084,stInflow,reservoir
CH,h8148,5.96804899270656,scr2084,stInflow,reservoir
CH,h8149,5.96804899270656,scr2084,stInflow,reservoir
CH,h8150,5.96804899270656,scr2084,stInflow,reservoir
CH,h8151,5.96804899270656,scr2084,stInflow,reservoir
CH,h8152,5.96804899270656,scr2084,stInflow,reservoir
CH,h8153,5.96804899270656,scr2084,stInflow,reservoir
CH,h8154,5.96804899270656,scr2084,stInflow,reservoir
CH,h8155,5.96804899270656,scr2084,stInflow,reservoir
CH,h8156,5.96804899270656,scr2084,stInflow,reservoir
CH,h8157,5.96804899270656,scr2084,stInflow,reservoir
CH,h8158,5.96804899270656,scr2084,stInflow,reservoir
CH,h8159,5.96804899270656,scr2084,stInflow,reservoir
CH,h8160,5.96804899270656,scr2084,stInflow,reservoir
CH,h8161,5.96804899270656,scr2084,stInflow,reservoir
CH,h8162,5.96804899270656,scr2084,stInflow,reservoir
CH,h8163,5.96804899270656,scr2084,stInflow,reservoir
CH,h8164,5.96804899270656,scr2084,stInflow,reservoir
CH,h8165,5.96804899270656,scr2084,stInflow,reservoir
CH,h8166,5.96804899270656,scr2084,stInflow,reservoir
CH,h8167,5.96804899270656,scr2084,stInflow,reservoir
CH,h8168,5.96804899270656,scr2084,stInflow,reservoir
CH,h8169,5.96804899270656,scr2084,stInflow,reservoir
CH,h8170,5.96804899270656,scr2084,stInflow,reservoir
CH,h8171,5.96804899270656,scr2084,stInflow,reservoir
CH,h8172,5.96804899270656,scr2084,stInflow,reservoir
CH,h8173,5.96804899270656,scr2084,stInflow,reservoir
CH,h8174,5.96804899270656,scr2084,stInflow,reservoir
CH,h8175,5.96804899270656,scr2084,stInflow,reservoir
CH,h8176,5.96804899270656,scr2084,stInflow,reservoir
CH,h8177,5.96804899270656,scr2084,stInflow,reservoir
CH,h8178,5.96804899270656,scr2084,stInflow,reservoir
CH,h8179,5.96804899270656,scr2084,stInflow,reservoir
CH,h8180,5.96804899270656,scr2084,stInflow,reservoir
CH,h8181,5.96804899270656,scr2084,stInflow,reservoir
CH,h8182,5.96804899270656,scr2084,stInflow,reservoir
CH,h8183,5.96804899270656,scr2084,stInflow,reservoir
CH,h8184,5.96804899270656,scr2084,stInflow,reservoir
CH,h8185,5.96804899270656,scr2084,stInflow,reservoir
CH,h8186,5.96804899270656,scr2084,stInflow,reservoir
CH,h8187,5.96804899270656,scr2084,stInflow,reservoir
CH,h8188,5.96804899270656,scr2084,stInflow,reservoir
CH,h8189,5.96804899270656,scr2084,stInflow,reservoir
CH,h8190,5.96804899270656,scr2084,stInflow,reservoir
CH,h8191,5.96804899270656,scr2084,stInflow,reservoir
CH,h8192,5.96804899270656,scr2084,stInflow,reservoir
CH,h8193,5.96804899270656,scr2084,stInflow,reservoir
CH,h8194,5.96804899270656,scr2084,stInflow,reservoir
CH,h8195,5.96804899270656,scr2084,stInflow,reservoir
CH,h8196,5.96804899270656,scr2084,stInflow,reservoir
CH,h8197,5.96804899270656,scr2084,stInflow,reservoir
CH,h8198,5.96804899270656,scr2084,stInflow,reservoir
CH,h8199,5.96804899270656,scr2084,stInflow,reservoir
CH,h8200,5.96804899270656,scr2084,stInflow,reservoir
CH,h8201,5.96804899270656,scr2084,stInflow,reservoir
CH,h8202,5.96804899270656,scr2084,stInflow,reservoir
CH,h8203,5.96804899270656,scr2084,stInflow,reservoir
CH,h8204,5.96804899270656,scr2084,stInflow,reservoir
CH,h8205,5.96804899270656,scr2084,stInflow,reservoir
CH,h8206,5.96804899270656,scr2084,stInflow,reservoir
CH,h8207,5.96804899270656,scr2084,stInflow,reservoir
CH,h8208,5.96804899270656,scr2084,stInflow,reservoir
CH,h8209,5.96804899270656,scr2084,stInflow,reservoir
CH,h8210,5.96804899270656,scr2084,stInflow,reservoir
CH,h8211,5.96804899270656,scr2084,stInflow,reservoir
CH,h8212,5.96804899270656,scr2084,stInflow,reservoir
CH,h8213,5.96804899270656,scr2084,stInflow,reservoir
CH,h8214,5.96804899270656,scr2084,stInflow,reservoir
CH,h8215,5.96804899270656,scr2084,stInflow,reservoir
CH,h8216,5.96804899270656,scr2084,stInflow,reservoir
CH,h8217,5.96804899270656,scr2084,stInflow,reservoir
CH,h8218,5.96804899270656,scr2084,stInflow,reservoir
CH,h8219,5.96804899270656,scr2084,stInflow,reservoir
CH,h8220,5.96804899270656,scr2084,stInflow,reservoir
CH,h8221,5.96804899270656,scr2084,stInflow,reservoir
CH,h8222,5.96804899270656,scr2084,stInflow,reservoir
CH,h8223,5.96804899270656,scr2084,stInflow,reservoir
CH,h8224,5.96804899270656,scr2084,stInflow,reservoir
CH,h8225,5.96804899270656,scr2084,stInflow,reservoir
CH,h8226,5.96804899270656,scr2084,stInflow,reservoir
CH,h8227,5.96804899270656,scr2084,stInflow,reservoir
CH,h8228,5.96804899270656,scr2084,stInflow,reservoir
CH,h8229,5.96804899270656,scr2084,stInflow,reservoir
CH,h8230,5.96804899270656,scr2084,stInflow,reservoir
CH,h8231,5.96804899270656,scr2084,stInflow,reservoir
CH,h8232,5.96804899270656,scr2084,stInflow,reservoir
CH,h8233,5.96804899270656,scr2084,stInflow,reservoir
CH,h8234,5.96804899270656,scr2084,stInflow,reservoir
CH,h8235,5.96804899270656,scr2084,stInflow,reservoir
CH,h8236,5.96804899270656,scr2084,stInflow,reservoir
CH,h8237,5.96804899270656,scr2084,stInflow,reservoir
CH,h8238,5.96804899270656,scr2084,stInflow,reservoir
CH,h8239,5.96804899270656,scr2084,stInflow,reservoir
CH,h8240,5.96804899270656,scr2084,stInflow,reservoir
CH,h8241,5.96804899270656,scr2084,stInflow,reservoir
CH,h8242,5.96804899270656,scr2084,stInflow,reservoir
CH,h8243,5.96804899270656,scr2084,stInflow,reservoir
CH,h8244,5.96804899270656,scr2084,stInflow,reservoir
CH,h8245,5.96804899270656,scr2084,stInflow,reservoir
CH,h8246,5.96804899270656,scr2084,stInflow,reservoir
CH,h8247,5.96804899270656,scr2084,stInflow,reservoir
CH,h8248,5.96804899270656,scr2084,stInflow,reservoir
CH,h8249,5.96804899270656,scr2084,stInflow,reservoir
CH,h8250,5.96804899270656,scr2084,stInflow,reservoir
CH,h8251,5.96804899270656,scr2084,stInflow,reservoir
CH,h8252,5.96804899270656,scr2084,stInflow,reservoir
CH,h8253,5.96804899270656,scr2084,stInflow,reservoir
CH,h8254,5.96804899270656,scr2084,stInflow,reservoir
CH,h8255,5.96804899270656,scr2084,stInflow,reservoir
CH,h8256,5.96804899270656,scr2084,stInflow,reservoir
CH,h8257,5.96804899270656,scr2084,stInflow,reservoir
CH,h8258,5.96804899270656,scr2084,stInflow,reservoir
CH,h8259,5.96804899270656,scr2084,stInflow,reservoir
CH,h8260,5.96804899270656,scr2084,stInflow,reservoir
CH,h8261,5.96804899270656,scr2084,stInflow,reservoir
CH,h8262,5.96804899270656,scr2084,stInflow,reservoir
CH,h8263,5.96804899270656,scr2084,stInflow,reservoir
CH,h8264,5.96804899270656,scr2084,stInflow,reservoir
CH,h8265,5.96804899270656,scr2084,stInflow,reservoir
CH,h8266,5.96804899270656,scr2084,stInflow,reservoir
CH,h8267,5.96804899270656,scr2084,stInflow,reservoir
CH,h8268,5.96804899270656,scr2084,stInflow,reservoir
CH,h8269,5.96804899270656,scr2084,stInflow,reservoir
CH,h8270,5.96804899270656,scr2084,stInflow,reservoir
CH,h8271,5.96804899270656,scr2084,stInflow,reservoir
CH,h8272,5.96804899270656,scr2084,stInflow,reservoir
CH,h8273,5.96804899270656,scr2084,stInflow,reservoir
CH,h8274,5.96804899270656,scr2084,stInflow,reservoir
CH,h8275,5.96804899270656,scr2084,stInflow,reservoir
CH,h8276,5.96804899270656,scr2084,stInflow,reservoir
CH,h8277,5.96804899270656,scr2084,stInflow,reservoir
CH,h8278,5.96804899270656,scr2084,stInflow,reservoir
CH,h8279,5.96804899270656,scr2084,stInflow,reservoir
CH,h8280,5.96804899270656,scr2084,stInflow,reservoir
CH,h8281,6.078856650227,scr2084,stInflow,reservoir
CH,h8282,6.1896645097231096,scr2084,stInflow,reservoir
CH,h8283,6.300472567579434,scr2084,stInflow,reservoir
CH,h8284,6.300472567579434,scr2084,stInflow,reservoir
CH,h8285,6.300472567579434,scr2084,stInflow,reservoir
CH,h8286,6.300472567579434,scr2084,stInflow,reservoir
CH,h8287,6.300472567579434,scr2084,stInflow,reservoir
CH,h8288,6.300472567579434,scr2084,stInflow,reservoir
CH,h8289,6.300472567579434,scr2084,stInflow,reservoir
CH,h8290,6.300472567579434,scr2084,stInflow,reservoir
CH,h8291,6.300472567579434,scr2084,stInflow,reservoir
CH,h8292,6.300472567579434,scr2084,stInflow,reservoir
CH,h8293,6.300472567579434,scr2084,stInflow,reservoir
CH,h8294,6.300472567579434,scr2084,stInflow,reservoir
CH,h8295,6.300472567579434,scr2084,stInflow,reservoir
CH,h8296,6.300472567579434,scr2084,stInflow,reservoir
CH,h8297,6.300472567579434,scr2084,stInflow,reservoir
CH,h8298,6.300472567579434,scr2084,stInflow,reservoir
CH,h8299,6.300472567579434,scr2084,stInflow,reservoir
CH,h8300,6.300472567579434,scr2084,stInflow,reservoir
CH,h8301,6.300472567579434,scr2084,stInflow,reservoir
CH,h8302,6.300472567579434,scr2084,stInflow,reservoir
CH,h8303,6.300472567579434,scr2084,stInflow,reservoir
CH,h8304,6.300472567579434,scr2084,stInflow,reservoir
CH,h8305,6.300472567579434,scr2084,stInflow,reservoir
CH,h8306,6.300472567579434,scr2084,stInflow,reservoir
CH,h8307,6.300472567579434,scr2084,stInflow,reservoir
CH,h8308,6.300472567579434,scr2084,stInflow,reservoir
CH,h8309,6.300472567579434,scr2084,stInflow,reservoir
CH,h8310,6.300472567579434,scr2084,stInflow,reservoir
CH,h8311,6.300472567579434,scr2084,stInflow,reservoir
CH,h8312,6.300472567579434,scr2084,stInflow,reservoir
CH,h8313,6.300472567579434,scr2084,stInflow,reservoir
CH,h8314,6.300472567579434,scr2084,stInflow,reservoir
CH,h8315,6.300472567579434,scr2084,stInflow,reservoir
CH,h8316,6.300472567579434,scr2084,stInflow,reservoir
CH,h8317,6.300472567579434,scr2084,stInflow,reservoir
CH,h8318,6.300472567579434,scr2084,stInflow,reservoir
CH,h8319,6.300472567579434,scr2084,stInflow,reservoir
CH,h8320,6.300472567579434,scr2084,stInflow,reservoir
CH,h8321,6.300472567579434,scr2084,stInflow,reservoir
CH,h8322,6.300472567579434,scr2084,stInflow,reservoir
CH,h8323,6.300472567579434,scr2084,stInflow,reservoir
CH,h8324,6.300472567579434,scr2084,stInflow,reservoir
CH,h8325,6.300472567579434,scr2084,stInflow,reservoir
CH,h8326,6.300472567579434,scr2084,stInflow,reservoir
CH,h8327,6.300472567579434,scr2084,stInflow,reservoir
CH,h8328,6.300472567579434,scr2084,stInflow,reservoir
CH,h8329,6.300472567579434,scr2084,stInflow,reservoir
CH,h8330,6.300472567579434,scr2084,stInflow,reservoir
CH,h8331,6.300472567579434,scr2084,stInflow,reservoir
CH,h8332,6.300472567579434,scr2084,stInflow,reservoir
CH,h8333,6.300472567579434,scr2084,stInflow,reservoir
CH,h8334,6.300472567579434,scr2084,stInflow,reservoir
CH,h8335,6.300472567579434,scr2084,stInflow,reservoir
CH,h8336,6.300472567579434,scr2084,stInflow,reservoir
CH,h8337,6.300472567579434,scr2084,stInflow,reservoir
CH,h8338,6.300472567579434,scr2084,stInflow,reservoir
CH,h8339,6.300472567579434,scr2084,stInflow,reservoir
CH,h8340,6.300472567579434,scr2084,stInflow,reservoir
CH,h8341,6.300472567579434,scr2084,stInflow,reservoir
CH,h8342,6.300472567579434,scr2084,stInflow,reservoir
CH,h8343,6.300472567579434,scr2084,stInflow,reservoir
CH,h8344,6.300472567579434,scr2084,stInflow,reservoir
CH,h8345,6.300472567579434,scr2084,stInflow,reservoir
CH,h8346,6.300472567579434,scr2084,stInflow,reservoir
CH,h8347,6.300472567579434,scr2084,stInflow,reservoir
CH,h8348,6.300472567579434,scr2084,stInflow,reservoir
CH,h8349,6.300472567579434,scr2084,stInflow,reservoir
CH,h8350,6.300472567579434,scr2084,stInflow,reservoir
CH,h8351,6.300472567579434,scr2084,stInflow,reservoir
CH,h8352,6.300472567579434,scr2084,stInflow,reservoir
CH,h8353,6.300472567579434,scr2084,stInflow,reservoir
CH,h8354,6.300472567579434,scr2084,stInflow,reservoir
CH,h8355,6.300472567579434,scr2084,stInflow,reservoir
CH,h8356,6.300472567579434,scr2084,stInflow,reservoir
CH,h8357,6.300472567579434,scr2084,stInflow,reservoir
CH,h8358,6.300472567579434,scr2084,stInflow,reservoir
CH,h8359,6.300472567579434,scr2084,stInflow,reservoir
CH,h8360,6.300472567579434,scr2084,stInflow,reservoir
CH,h8361,6.300472567579434,scr2084,stInflow,reservoir
CH,h8362,6.300472567579434,scr2084,stInflow,reservoir
CH,h8363,6.300472567579434,scr2084,stInflow,reservoir
CH,h8364,6.300472567579434,scr2084,stInflow,reservoir
CH,h8365,6.300472567579434,scr2084,stInflow,reservoir
CH,h8366,6.300472567579434,scr2084,stInflow,reservoir
CH,h8367,6.300472567579434,scr2084,stInflow,reservoir
CH,h8368,6.300472567579434,scr2084,stInflow,reservoir
CH,h8369,6.300472567579434,scr2084,stInflow,reservoir
CH,h8370,6.300472567579434,scr2084,stInflow,reservoir
CH,h8371,6.300472567579434,scr2084,stInflow,reservoir
CH,h8372,6.300472567579434,scr2084,stInflow,reservoir
CH,h8373,6.300472567579434,scr2084,stInflow,reservoir
CH,h8374,6.300472567579434,scr2084,stInflow,reservoir
CH,h8375,6.300472567579434,scr2084,stInflow,reservoir
CH,h8376,6.300472567579434,scr2084,stInflow,reservoir
CH,h8377,6.300472567579434,scr2084,stInflow,reservoir
CH,h8378,6.300472567579434,scr2084,stInflow,reservoir
CH,h8379,6.300472567579434,scr2084,stInflow,reservoir
CH,h8380,6.300472567579434,scr2084,stInflow,reservoir
CH,h8381,6.300472567579434,scr2084,stInflow,reservoir
CH,h8382,6.300472567579434,scr2084,stInflow,reservoir
CH,h8383,6.300472567579434,scr2084,stInflow,reservoir
CH,h8384,6.300472567579434,scr2084,stInflow,reservoir
CH,h8385,6.300472567579434,scr2084,stInflow,reservoir
CH,h8386,6.300472567579434,scr2084,stInflow,reservoir
CH,h8387,6.300472567579434,scr2084,stInflow,reservoir
CH,h8388,6.300472567579434,scr2084,stInflow,reservoir
CH,h8389,6.300472567579434,scr2084,stInflow,reservoir
CH,h8390,6.300472567579434,scr2084,stInflow,reservoir
CH,h8391,6.300472567579434,scr2084,stInflow,reservoir
CH,h8392,6.300472567579434,scr2084,stInflow,reservoir
CH,h8393,6.300472567579434,scr2084,stInflow,reservoir
CH,h8394,6.300472567579434,scr2084,stInflow,reservoir
CH,h8395,6.300472567579434,scr2084,stInflow,reservoir
CH,h8396,6.300472567579434,scr2084,stInflow,reservoir
CH,h8397,6.300472567579434,scr2084,stInflow,reservoir
CH,h8398,6.300472567579434,scr2084,stInflow,reservoir
CH,h8399,6.300472567579434,scr2084,stInflow,reservoir
CH,h8400,6.300472567579434,scr2084,stInflow,reservoir
CH,h8401,6.300472567579434,scr2084,stInflow,reservoir
CH,h8402,6.300472567579434,scr2084,stInflow,reservoir
CH,h8403,6.300472567579434,scr2084,stInflow,reservoir
CH,h8404,6.300472567579434,scr2084,stInflow,reservoir
CH,h8405,6.300472567579434,scr2084,stInflow,reservoir
CH,h8406,6.300472567579434,scr2084,stInflow,reservoir
CH,h8407,6.300472567579434,scr2084,stInflow,reservoir
CH,h8408,6.300472567579434,scr2084,stInflow,reservoir
CH,h8409,6.300472567579434,scr2084,stInflow,reservoir
CH,h8410,6.300472567579434,scr2084,stInflow,reservoir
CH,h8411,6.300472567579434,scr2084,stInflow,reservoir
CH,h8412,6.300472567579434,scr2084,stInflow,reservoir
CH,h8413,6.300472567579434,scr2084,stInflow,reservoir
CH,h8414,6.300472567579434,scr2084,stInflow,reservoir
CH,h8415,6.300472567579434,scr2084,stInflow,reservoir
CH,h8416,6.300472567579434,scr2084,stInflow,reservoir
CH,h8417,6.300472567579434,scr2084,stInflow,reservoir
CH,h8418,6.300472567579434,scr2084,stInflow,reservoir
CH,h8419,6.300472567579434,scr2084,stInflow,reservoir
CH,h8420,6.300472567579434,scr2084,stInflow,reservoir
CH,h8421,6.300472567579434,scr2084,stInflow,reservoir
CH,h8422,6.300472567579434,scr2084,stInflow,reservoir
CH,h8423,6.300472567579434,scr2084,stInflow,reservoir
CH,h8424,6.300472567579434,scr2084,stInflow,reservoir
CH,h8425,6.300472567579434,scr2084,stInflow,reservoir
CH,h8426,6.300472567579434,scr2084,stInflow,reservoir
CH,h8427,6.300472567579434,scr2084,stInflow,reservoir
CH,h8428,6.300472567579434,scr2084,stInflow,reservoir
CH,h8429,6.300472567579434,scr2084,stInflow,reservoir
CH,h8430,6.300472567579434,scr2084,stInflow,reservoir
CH,h8431,6.300472567579434,scr2084,stInflow,reservoir
CH,h8432,6.300472567579434,scr2084,stInflow,reservoir
CH,h8433,6.300472567579434,scr2084,stInflow,reservoir
CH,h8434,6.300472567579434,scr2084,stInflow,reservoir
CH,h8435,6.300472567579434,scr2084,stInflow,reservoir
CH,h8436,6.300472567579434,scr2084,stInflow,reservoir
CH,h8437,6.300472567579434,scr2084,stInflow,reservoir
CH,h8438,6.300472567579434,scr2084,stInflow,reservoir
CH,h8439,6.300472567579434,scr2084,stInflow,reservoir
CH,h8440,6.300472567579434,scr2084,stInflow,reservoir
CH,h8441,6.300472567579434,scr2084,stInflow,reservoir
CH,h8442,6.300472567579434,scr2084,stInflow,reservoir
CH,h8443,6.300472567579434,scr2084,stInflow,reservoir
CH,h8444,6.300472567579434,scr2084,stInflow,reservoir
CH,h8445,6.300472567579434,scr2084,stInflow,reservoir
CH,h8446,6.300472567579434,scr2084,stInflow,reservoir
CH,h8447,6.300472567579434,scr2084,stInflow,reservoir
CH,h8448,6.300472567579434,scr2084,stInflow,reservoir
CH,h8449,6.300433482096562,scr2084,stInflow,reservoir
CH,h8450,6.300394396613713,scr2084,stInflow,reservoir
CH,h8451,6.30035531113089,scr2084,stInflow,reservoir
CH,h8452,6.30035531113089,scr2084,stInflow,reservoir
CH,h8453,6.30035531113089,scr2084,stInflow,reservoir
CH,h8454,6.30035531113089,scr2084,stInflow,reservoir
CH,h8455,6.30035531113089,scr2084,stInflow,reservoir
CH,h8456,6.30035531113089,scr2084,stInflow,reservoir
CH,h8457,6.30035531113089,scr2084,stInflow,reservoir
CH,h8458,6.30035531113089,scr2084,stInflow,reservoir
CH,h8459,6.30035531113089,scr2084,stInflow,reservoir
CH,h8460,6.30035531113089,scr2084,stInflow,reservoir
CH,h8461,6.30035531113089,scr2084,stInflow,reservoir
CH,h8462,6.30035531113089,scr2084,stInflow,reservoir
CH,h8463,6.30035531113089,scr2084,stInflow,reservoir
CH,h8464,6.30035531113089,scr2084,stInflow,reservoir
CH,h8465,6.30035531113089,scr2084,stInflow,reservoir
CH,h8466,6.30035531113089,scr2084,stInflow,reservoir
CH,h8467,6.30035531113089,scr2084,stInflow,reservoir
CH,h8468,6.30035531113089,scr2084,stInflow,reservoir
CH,h8469,6.30035531113089,scr2084,stInflow,reservoir
CH,h8470,6.30035531113089,scr2084,stInflow,reservoir
CH,h8471,6.30035531113089,scr2084,stInflow,reservoir
CH,h8472,6.30035531113089,scr2084,stInflow,reservoir
CH,h8473,6.30035531113089,scr2084,stInflow,reservoir
CH,h8474,6.30035531113089,scr2084,stInflow,reservoir
CH,h8475,6.30035531113089,scr2084,stInflow,reservoir
CH,h8476,6.30035531113089,scr2084,stInflow,reservoir
CH,h8477,6.30035531113089,scr2084,stInflow,reservoir
CH,h8478,6.30035531113089,scr2084,stInflow,reservoir
CH,h8479,6.30035531113089,scr2084,stInflow,reservoir
CH,h8480,6.30035531113089,scr2084,stInflow,reservoir
CH,h8481,6.30035531113089,scr2084,stInflow,reservoir
CH,h8482,6.30035531113089,scr2084,stInflow,reservoir
CH,h8483,6.30035531113089,scr2084,stInflow,reservoir
CH,h8484,6.30035531113089,scr2084,stInflow,reservoir
CH,h8485,6.30035531113089,scr2084,stInflow,reservoir
CH,h8486,6.30035531113089,scr2084,stInflow,reservoir
CH,h8487,6.30035531113089,scr2084,stInflow,reservoir
CH,h8488,6.30035531113089,scr2084,stInflow,reservoir
CH,h8489,6.30035531113089,scr2084,stInflow,reservoir
CH,h8490,6.30035531113089,scr2084,stInflow,reservoir
CH,h8491,6.30035531113089,scr2084,stInflow,reservoir
CH,h8492,6.30035531113089,scr2084,stInflow,reservoir
CH,h8493,6.30035531113089,scr2084,stInflow,reservoir
CH,h8494,6.30035531113089,scr2084,stInflow,reservoir
CH,h8495,6.30035531113089,scr2084,stInflow,reservoir
CH,h8496,6.30035531113089,scr2084,stInflow,reservoir
CH,h8497,6.30035531113089,scr2084,stInflow,reservoir
CH,h8498,6.30035531113089,scr2084,stInflow,reservoir
CH,h8499,6.30035531113089,scr2084,stInflow,reservoir
CH,h8500,6.30035531113089,scr2084,stInflow,reservoir
CH,h8501,6.30035531113089,scr2084,stInflow,reservoir
CH,h8502,6.30035531113089,scr2084,stInflow,reservoir
CH,h8503,6.30035531113089,scr2084,stInflow,reservoir
CH,h8504,6.30035531113089,scr2084,stInflow,reservoir
CH,h8505,6.30035531113089,scr2084,stInflow,reservoir
CH,h8506,6.30035531113089,scr2084,stInflow,reservoir
CH,h8507,6.30035531113089,scr2084,stInflow,reservoir
CH,h8508,6.30035531113089,scr2084,stInflow,reservoir
CH,h8509,6.30035531113089,scr2084,stInflow,reservoir
CH,h8510,6.30035531113089,scr2084,stInflow,reservoir
CH,h8511,6.30035531113089,scr2084,stInflow,reservoir
CH,h8512,6.30035531113089,scr2084,stInflow,reservoir
CH,h8513,6.30035531113089,scr2084,stInflow,reservoir
CH,h8514,6.30035531113089,scr2084,stInflow,reservoir
CH,h8515,6.30035531113089,scr2084,stInflow,reservoir
CH,h8516,6.30035531113089,scr2084,stInflow,reservoir
CH,h8517,6.30035531113089,scr2084,stInflow,reservoir
CH,h8518,6.30035531113089,scr2084,stInflow,reservoir
CH,h8519,6.30035531113089,scr2084,stInflow,reservoir
CH,h8520,6.30035531113089,scr2084,stInflow,reservoir
CH,h8521,6.30035531113089,scr2084,stInflow,reservoir
CH,h8522,6.30035531113089,scr2084,stInflow,reservoir
CH,h8523,6.30035531113089,scr2084,stInflow,reservoir
CH,h8524,6.30035531113089,scr2084,stInflow,reservoir
CH,h8525,6.30035531113089,scr2084,stInflow,reservoir
CH,h8526,6.30035531113089,scr2084,stInflow,reservoir
CH,h8527,6.30035531113089,scr2084,stInflow,reservoir
CH,h8528,6.30035531113089,scr2084,stInflow,reservoir
CH,h8529,6.30035531113089,scr2084,stInflow,reservoir
CH,h8530,6.30035531113089,scr2084,stInflow,reservoir
CH,h8531,6.30035531113089,scr2084,stInflow,reservoir
CH,h8532,6.30035531113089,scr2084,stInflow,reservoir
CH,h8533,6.30035531113089,scr2084,stInflow,reservoir
CH,h8534,6.30035531113089,scr2084,stInflow,reservoir
CH,h8535,6.30035531113089,scr2084,stInflow,reservoir
CH,h8536,6.30035531113089,scr2084,stInflow,reservoir
CH,h8537,6.30035531113089,scr2084,stInflow,reservoir
CH,h8538,6.30035531113089,scr2084,stInflow,reservoir
CH,h8539,6.30035531113089,scr2084,stInflow,reservoir
CH,h8540,6.30035531113089,scr2084,stInflow,reservoir
CH,h8541,6.30035531113089,scr2084,stInflow,reservoir
CH,h8542,6.30035531113089,scr2084,stInflow,reservoir
CH,h8543,6.30035531113089,scr2084,stInflow,reservoir
CH,h8544,6.30035531113089,scr2084,stInflow,reservoir
CH,h8545,6.30035531113089,scr2084,stInflow,reservoir
CH,h8546,6.30035531113089,scr2084,stInflow,reservoir
CH,h8547,6.30035531113089,scr2084,stInflow,reservoir
CH,h8548,6.30035531113089,scr2084,stInflow,reservoir
CH,h8549,6.30035531113089,scr2084,stInflow,reservoir
CH,h8550,6.30035531113089,scr2084,stInflow,reservoir
CH,h8551,6.30035531113089,scr2084,stInflow,reservoir
CH,h8552,6.30035531113089,scr2084,stInflow,reservoir
CH,h8553,6.30035531113089,scr2084,stInflow,reservoir
CH,h8554,6.30035531113089,scr2084,stInflow,reservoir
CH,h8555,6.30035531113089,scr2084,stInflow,reservoir
CH,h8556,6.30035531113089,scr2084,stInflow,reservoir
CH,h8557,6.30035531113089,scr2084,stInflow,reservoir
CH,h8558,6.30035531113089,scr2084,stInflow,reservoir
CH,h8559,6.30035531113089,scr2084,stInflow,reservoir
CH,h8560,6.30035531113089,scr2084,stInflow,reservoir
CH,h8561,6.30035531113089,scr2084,stInflow,reservoir
CH,h8562,6.30035531113089,scr2084,stInflow,reservoir
CH,h8563,6.30035531113089,scr2084,stInflow,reservoir
CH,h8564,6.30035531113089,scr2084,stInflow,reservoir
CH,h8565,6.30035531113089,scr2084,stInflow,reservoir
CH,h8566,6.30035531113089,scr2084,stInflow,reservoir
CH,h8567,6.30035531113089,scr2084,stInflow,reservoir
CH,h8568,6.30035531113089,scr2084,stInflow,reservoir
CH,h8569,6.30035531113089,scr2084,stInflow,reservoir
CH,h8570,6.30035531113089,scr2084,stInflow,reservoir
CH,h8571,6.30035531113089,scr2084,stInflow,reservoir
CH,h8572,6.30035531113089,scr2084,stInflow,reservoir
CH,h8573,6.30035531113089,scr2084,stInflow,reservoir
CH,h8574,6.30035531113089,scr2084,stInflow,reservoir
CH,h8575,6.30035531113089,scr2084,stInflow,reservoir
CH,h8576,6.30035531113089,scr2084,stInflow,reservoir
CH,h8577,6.30035531113089,scr2084,stInflow,reservoir
CH,h8578,6.30035531113089,scr2084,stInflow,reservoir
CH,h8579,6.30035531113089,scr2084,stInflow,reservoir
CH,h8580,6.30035531113089,scr2084,stInflow,reservoir
CH,h8581,6.30035531113089,scr2084,stInflow,reservoir
CH,h8582,6.30035531113089,scr2084,stInflow,reservoir
CH,h8583,6.30035531113089,scr2084,stInflow,reservoir
CH,h8584,6.30035531113089,scr2084,stInflow,reservoir
CH,h8585,6.30035531113089,scr2084,stInflow,reservoir
CH,h8586,6.30035531113089,scr2084,stInflow,reservoir
CH,h8587,6.30035531113089,scr2084,stInflow,reservoir
CH,h8588,6.30035531113089,scr2084,stInflow,reservoir
CH,h8589,6.30035531113089,scr2084,stInflow,reservoir
CH,h8590,6.30035531113089,scr2084,stInflow,reservoir
CH,h8591,6.30035531113089,scr2084,stInflow,reservoir
CH,h8592,6.30035531113089,scr2084,stInflow,reservoir
CH,h8593,6.30035531113089,scr2084,stInflow,reservoir
CH,h8594,6.30035531113089,scr2084,stInflow,reservoir
CH,h8595,6.30035531113089,scr2084,stInflow,reservoir
CH,h8596,6.30035531113089,scr2084,stInflow,reservoir
CH,h8597,6.30035531113089,scr2084,stInflow,reservoir
CH,h8598,6.30035531113089,scr2084,stInflow,reservoir
CH,h8599,6.30035531113089,scr2084,stInflow,reservoir
CH,h8600,6.30035531113089,scr2084,stInflow,reservoir
CH,h8601,6.30035531113089,scr2084,stInflow,reservoir
CH,h8602,6.30035531113089,scr2084,stInflow,reservoir
CH,h8603,6.30035531113089,scr2084,stInflow,reservoir
CH,h8604,6.30035531113089,scr2084,stInflow,reservoir
CH,h8605,6.30035531113089,scr2084,stInflow,reservoir
CH,h8606,6.30035531113089,scr2084,stInflow,reservoir
CH,h8607,6.30035531113089,scr2084,stInflow,reservoir
CH,h8608,6.30035531113089,scr2084,stInflow,reservoir
CH,h8609,6.30035531113089,scr2084,stInflow,reservoir
CH,h8610,6.30035531113089,scr2084,stInflow,reservoir
CH,h8611,6.30035531113089,scr2084,stInflow,reservoir
CH,h8612,6.30035531113089,scr2084,stInflow,reservoir
CH,h8613,6.30035531113089,scr2084,stInflow,reservoir
CH,h8614,6.30035531113089,scr2084,stInflow,reservoir
CH,h8615,6.30035531113089,scr2084,stInflow,reservoir
CH,h8616,6.30035531113089,scr2084,stInflow,reservoir
CH,h8617,6.216145900008543,scr2084,stInflow,reservoir
CH,h8618,6.1319366029556415,scr2084,stInflow,reservoir
CH,h8619,6.047727421538472,scr2084,stInflow,reservoir
CH,h8620,6.047727421538472,scr2084,stInflow,reservoir
CH,h8621,6.047727421538472,scr2084,stInflow,reservoir
CH,h8622,6.047727421538472,scr2084,stInflow,reservoir
CH,h8623,6.047727421538472,scr2084,stInflow,reservoir
CH,h8624,6.047727421538472,scr2084,stInflow,reservoir
CH,h8625,6.047727421538472,scr2084,stInflow,reservoir
CH,h8626,6.047727421538472,scr2084,stInflow,reservoir
CH,h8627,6.047727421538472,scr2084,stInflow,reservoir
CH,h8628,6.047727421538472,scr2084,stInflow,reservoir
CH,h8629,6.047727421538472,scr2084,stInflow,reservoir
CH,h8630,6.047727421538472,scr2084,stInflow,reservoir
CH,h8631,6.047727421538472,scr2084,stInflow,reservoir
CH,h8632,6.047727421538472,scr2084,stInflow,reservoir
CH,h8633,6.047727421538472,scr2084,stInflow,reservoir
CH,h8634,6.047727421538472,scr2084,stInflow,reservoir
CH,h8635,6.047727421538472,scr2084,stInflow,reservoir
CH,h8636,6.047727421538472,scr2084,stInflow,reservoir
CH,h8637,6.047727421538472,scr2084,stInflow,reservoir
CH,h8638,6.047727421538472,scr2084,stInflow,reservoir
CH,h8639,6.047727421538472,scr2084,stInflow,reservoir
CH,h8640,6.047727421538472,scr2084,stInflow,reservoir
CH,h8641,6.047727421538472,scr2084,stInflow,reservoir
CH,h8642,6.047727421538472,scr2084,stInflow,reservoir
CH,h8643,6.047727421538472,scr2084,stInflow,reservoir
CH,h8644,6.047727421538472,scr2084,stInflow,reservoir
CH,h8645,6.047727421538472,scr2084,stInflow,reservoir
CH,h8646,6.047727421538472,scr2084,stInflow,reservoir
CH,h8647,6.047727421538472,scr2084,stInflow,reservoir
CH,h8648,6.047727421538472,scr2084,stInflow,reservoir
CH,h8649,6.047727421538472,scr2084,stInflow,reservoir
CH,h8650,6.047727421538472,scr2084,stInflow,reservoir
CH,h8651,6.047727421538472,scr2084,stInflow,reservoir
CH,h8652,6.047727421538472,scr2084,stInflow,reservoir
CH,h8653,6.047727421538472,scr2084,stInflow,reservoir
CH,h8654,6.047727421538472,scr2084,stInflow,reservoir
CH,h8655,6.047727421538472,scr2084,stInflow,reservoir
CH,h8656,6.047727421538472,scr2084,stInflow,reservoir
CH,h8657,6.047727421538472,scr2084,stInflow,reservoir
CH,h8658,6.047727421538472,scr2084,stInflow,reservoir
CH,h8659,6.047727421538472,scr2084,stInflow,reservoir
CH,h8660,6.047727421538472,scr2084,stInflow,reservoir
CH,h8661,6.047727421538472,scr2084,stInflow,reservoir
CH,h8662,6.047727421538472,scr2084,stInflow,reservoir
CH,h8663,6.047727421538472,scr2084,stInflow,reservoir
CH,h8664,6.047727421538472,scr2084,stInflow,reservoir
CH,h8665,6.047727421538472,scr2084,stInflow,reservoir
CH,h8666,6.047727421538472,scr2084,stInflow,reservoir
CH,h8667,6.047727421538472,scr2084,stInflow,reservoir
CH,h8668,6.047727421538472,scr2084,stInflow,reservoir
CH,h8669,6.047727421538472,scr2084,stInflow,reservoir
CH,h8670,6.047727421538472,scr2084,stInflow,reservoir
CH,h8671,6.047727421538472,scr2084,stInflow,reservoir
CH,h8672,6.047727421538472,scr2084,stInflow,reservoir
CH,h8673,6.047727421538472,scr2084,stInflow,reservoir
CH,h8674,6.047727421538472,scr2084,stInflow,reservoir
CH,h8675,6.047727421538472,scr2084,stInflow,reservoir
CH,h8676,6.047727421538472,scr2084,stInflow,reservoir
CH,h8677,6.047727421538472,scr2084,stInflow,reservoir
CH,h8678,6.047727421538472,scr2084,stInflow,reservoir
CH,h8679,6.047727421538472,scr2084,stInflow,reservoir
CH,h8680,6.047727421538472,scr2084,stInflow,reservoir
CH,h8681,6.047727421538472,scr2084,stInflow,reservoir
CH,h8682,6.047727421538472,scr2084,stInflow,reservoir
CH,h8683,6.047727421538472,scr2084,stInflow,reservoir
CH,h8684,6.047727421538472,scr2084,stInflow,reservoir
CH,h8685,6.047727421538472,scr2084,stInflow,reservoir
CH,h8686,6.047727421538472,scr2084,stInflow,reservoir
CH,h8687,6.047727421538472,scr2084,stInflow,reservoir
CH,h8688,6.047727421538472,scr2084,stInflow,reservoir
CH,h8689,6.047727421538472,scr2084,stInflow,reservoir
CH,h8690,6.047727421538472,scr2084,stInflow,reservoir
CH,h8691,6.047727421538472,scr2084,stInflow,reservoir
CH,h8692,6.047727421538472,scr2084,stInflow,reservoir
CH,h8693,6.047727421538472,scr2084,stInflow,reservoir
CH,h8694,6.047727421538472,scr2084,stInflow,reservoir
CH,h8695,6.047727421538472,scr2084,stInflow,reservoir
CH,h8696,6.047727421538472,scr2084,stInflow,reservoir
CH,h8697,6.047727421538472,scr2084,stInflow,reservoir
CH,h8698,6.047727421538472,scr2084,stInflow,reservoir
CH,h8699,6.047727421538472,scr2084,stInflow,reservoir
CH,h8700,6.047727421538472,scr2084,stInflow,reservoir
CH,h8701,6.047727421538472,scr2084,stInflow,reservoir
CH,h8702,6.047727421538472,scr2084,stInflow,reservoir
CH,h8703,6.047727421538472,scr2084,stInflow,reservoir
CH,h8704,6.047727421538472,scr2084,stInflow,reservoir
CH,h8705,6.047727421538472,scr2084,stInflow,reservoir
CH,h8706,6.047727421538472,scr2084,stInflow,reservoir
CH,h8707,6.047727421538472,scr2084,stInflow,reservoir
CH,h8708,6.047727421538472,scr2084,stInflow,reservoir
CH,h8709,6.047727421538472,scr2084,stInflow,reservoir
CH,h8710,6.047727421538472,scr2084,stInflow,reservoir
CH,h8711,6.047727421538472,scr2084,stInflow,reservoir
CH,h8712,6.047727421538472,scr2084,stInflow,reservoir
CH,h8713,6.047727421538472,scr2084,stInflow,reservoir
CH,h8714,6.047727421538472,scr2084,stInflow,reservoir
CH,h8715,6.047727421538472,scr2084,stInflow,reservoir
CH,h8716,6.047727421538472,scr2084,stInflow,reservoir
CH,h8717,6.047727421538472,scr2084,stInflow,reservoir
CH,h8718,6.047727421538472,scr2084,stInflow,reservoir
CH,h8719,6.047727421538472,scr2084,stInflow,reservoir
CH,h8720,6.047727421538472,scr2084,stInflow,reservoir
CH,h8721,6.047727421538472,scr2084,stInflow,reservoir
CH,h8722,6.047727421538472,scr2084,stInflow,reservoir
CH,h8723,6.047727421538472,scr2084,stInflow,reservoir
CH,h8724,6.047727421538472,scr2084,stInflow,reservoir
CH,h8725,6.047727421538472,scr2084,stInflow,reservoir
CH,h8726,6.047727421538472,scr2084,stInflow,reservoir
CH,h8727,6.047727421538472,scr2084,stInflow,reservoir
CH,h8728,6.047727421538472,scr2084,stInflow,reservoir
CH,h8729,6.047727421538472,scr2084,stInflow,reservoir
CH,h8730,6.047727421538472,scr2084,stInflow,reservoir
CH,h8731,6.047727421538472,scr2084,stInflow,reservoir
CH,h8732,6.047727421538472,scr2084,stInflow,reservoir
CH,h8733,6.047727421538472,scr2084,stInflow,reservoir
CH,h8734,6.047727421538472,scr2084,stInflow,reservoir
CH,h8735,6.047727421538472,scr2084,stInflow,reservoir
CH,h8736,6.047727421538472,scr2084,stInflow,reservoir
CH,h8737,6.047727421538472,scr2084,stInflow,reservoir
CH,h8738,6.047727421538472,scr2084,stInflow,reservoir
CH,h8739,6.047727421538472,scr2084,stInflow,reservoir
CH,h8740,6.047727421538472,scr2084,stInflow,reservoir
CH,h8741,6.047727421538472,scr2084,stInflow,reservoir
CH,h8742,6.047727421538472,scr2084,stInflow,reservoir
CH,h8743,6.047727421538472,scr2084,stInflow,reservoir
CH,h8744,6.047727421538472,scr2084,stInflow,reservoir
CH,h8745,6.047727421538472,scr2084,stInflow,reservoir
CH,h8746,6.047727421538472,scr2084,stInflow,reservoir
CH,h8747,6.047727421538472,scr2084,stInflow,reservoir
CH,h8748,6.047727421538472,scr2084,stInflow,reservoir
CH,h8749,6.047727421538472,scr2084,stInflow,reservoir
CH,h8750,6.047727421538472,scr2084,stInflow,reservoir
CH,h8751,6.047727421538472,scr2084,stInflow,reservoir
CH,h8752,6.047727421538472,scr2084,stInflow,reservoir
CH,h8753,6.047727421538472,scr2084,stInflow,reservoir
CH,h8754,6.047727421538472,scr2084,stInflow,reservoir
CH,h8755,6.047727421538472,scr2084,stInflow,reservoir
CH,h8756,6.047727421538472,scr2084,stInflow,reservoir
CH,h8757,6.047727421538472,scr2084,stInflow,reservoir
CH,h8758,6.047727421538472,scr2084,stInflow,reservoir
CH,h8759,6.047727421538472,scr2084,stInflow,reservoir
CH,h8760,6.047727421538472,scr2084,stInflow,reservoir
ES,h8041,3.8669166218368187,scr2084,stInflow,reservoir
ES,h8042,3.8669166218368187,scr2084,stInflow,reservoir
ES,h8043,3.8669166218368187,scr2084,stInflow,reservoir
ES,h8044,3.8669166218368187,scr2084,stInflow,reservoir
ES,h8045,3.8669166218368187,scr2084,stInflow,reservoir
ES,h8046,3.8669166218368187,scr2084,stInflow,reservoir
ES,h8047,3.8669166218368187,scr2084,stInflow,reservoir
ES,h8048,3.8669166218368187,scr2084,stInflow,reservoir
ES,h8049,3.8669166218368187,scr2084,stInflow,reservoir
ES,h8050,3.8669166218368187,scr2084,stInflow,reservoir
ES,h8051,3.8669166218368187,scr2084,stInflow,reservoir
ES,h8052,3.8669166218368187,scr2084,stInflow,reservoir
ES,h8053,3.8669166218368187,scr2084,stInflow,reservoir
ES,h8054,3.8669166218368187,scr2084,stInflow,reservoir
ES,h8055,3.8669166218368187,scr2084,stInflow,reservoir
ES,h8056,3.8669166218368187,scr2084,stInflow,reservoir
ES,h8057,3.8669166218368187,scr2084,stInflow,reservoir
ES,h8058,3.8669166218368187,scr2084,stInflow,reservoir
ES,h8059,3.8669166218368187,scr2084,stInflow,reservoir
ES,h8060,3.8669166218368187,scr2084,stInflow,reservoir
ES,h8061,3.8669166218368187,scr2084,stInflow,reservoir
ES,h8062,3.8669166218368187,scr2084,stInflow,reservoir
ES,h8063,3.8669166218368187,scr2084,stInflow,reservoir
ES,h8064,3.8669166218368187,scr2084,stInflow,reservoir
ES,h8065,3.8669166218368187,scr2084,stInflow,reservoir
ES,h8066,3.8669166218368187,scr2084,stInflow,reservoir
ES,h8067,3.8669166218368187,scr2084,stInflow,reservoir
ES,h8068,3.8669166218368187,scr2084,stInflow,reservoir
ES,h8069,3.8669166218368187,scr2084,stInflow,reservoir
ES,h8070,3.8669166218368187,scr2084,stInflow,reservoir
ES,h8071,3.8669166218368187,scr2084,stInflow,reservoir
ES,h8072,3.8669166218368187,scr2084,stInflow,reservoir
ES,h8073,3.8669166218368187,scr2084,stInflow,reservoir
ES,h8074,3.8669166218368187,scr2084,stInflow,reservoir
ES,h8075,3.8669166218368187,scr2084,stInflow,reservoir
ES,h8076,3.8669166218368187,scr2084,stInflow,reservoir
ES,h8077,3.8669166218368187,scr2084,stInflow,reservoir
ES,h8078,3.8669166218368187,scr2084,stInflow,reservoir
ES,h8079,3.8669166218368187,scr2084,stInflow,reservoir
ES,h8080,3.8669166218368187,scr2084,stInflow,reservoir
ES,h8081,3.8669166218368187,scr2084,stInflow,reservoir
ES,h8082,3.8669166218368187,scr2084,stInflow,reservoir
ES,h8083,3.8669166218368187,scr2084,stInflow,reservoir
ES,h8084,3.8669166218368187,scr2084,stInflow,reservoir
ES,h8085,3.8669166218368187,scr2084,stInflow,reservoir
ES,h8086,3.8669166218368187,scr2084,stInflow,reservoir
ES,h8087,3.8669166218368187,scr2084,stInflow,reservoir
ES,h8088,3.8669166218368187,scr2084,stInflow,reservoir
ES,h8089,3.8669166218368187,scr2084,stInflow,reservoir
ES,h8090,3.8669166218368187,scr2084,stInflow,reservoir
ES,h8091,3.8669166218368187,scr2084,stInflow,reservoir
ES,h8092,3.8669166218368187,scr2084,stInflow,reservoir
ES,h8093,3.8669166218368187,scr2084,stInflow,reservoir
ES,h8094,3.8669166218368187,scr2084,stInflow,reservoir
ES,h8095,3.8669166218368187,scr2084,stInflow,reservoir
ES,h8096,3.8669166218368187,scr2084,stInflow,reservoir
ES,h8097,3.8669166218368187,scr2084,stInflow,reservoir
ES,h8098,3.8669166218368187,scr2084,stInflow,reservoir
ES,h8099,3.8669166218368187,scr2084,stInflow,reservoir
ES,h8100,3.8669166218368187,scr2084,stInflow,reservoir
ES,h8101,3.8669166218368187,scr2084,stInflow,reservoir
ES,h8102,3.8669166218368187,scr2084,stInflow,reservoir
ES,h8103,3.8669166218368187,scr2084,stInflow,reservoir
ES,h8104,3.8669166218368187,scr2084,stInflow,reservoir
ES,h8105,3.8669166218368187,scr2084,stInflow,reservoir
ES,h8106,3.8669166218368187,scr2084,stInflow,reservoir
ES,h8107,3.8669166218368187,scr2084,stInflow,reservoir
ES,h8108,3.8669166218368187,scr2084,stInflow,reservoir
ES,h8109,3.8669166218368187,scr2084,stInflow,reservoir
ES,h8110,3.8669166218368187,scr2084,stInflow,reservoir
ES,h8111,3.8669166218368187,scr2084,stInflow,reservoir
ES,h8112,3.8669166218368187,scr2084,stInflow,reservoir
ES,h8113,4.162920842626697,scr2084,stInflow,reservoir
ES,h8114,4.4589271698113215,scr2084,stInflow,reservoir
ES,h8115,4.754935463366422,scr2084,stInflow,reservoir
ES,h8116,4.754935463366422,scr2084,stInflow,reservoir
ES,h8117,4.754935463366422,scr2084,stInflow,reservoir
ES,h8118,4.754935463366422,scr2084,stInflow,reservoir
ES,h8119,4.754935463366422,scr2084,stInflow,reservoir
ES,h8120,4.754935463366422,scr2084,stInflow,reservoir
ES,h8121,4.754935463366422,scr2084,stInflow,reservoir
ES,h8122,4.754935463366422,scr2084,stInflow,reservoir
ES,h8123,4.754935463366422,scr2084,stInflow,reservoir
ES,h8124,4.754935463366422,scr2084,stInflow,reservoir
ES,h8125,4.754935463366422,scr2084,stInflow,reservoir
ES,h8126,4.754935463366422,scr2084,stInflow,reservoir
ES,h8127,4.754935463366422,scr2084,stInflow,reservoir
ES,h8128,4.754935463366422,scr2084,stInflow,reservoir
ES,h8129,4.754935463366422,scr2084,stInflow,reservoir
ES,h8130,4.754935463366422,scr2084,stInflow,reservoir
ES,h8131,4.754935463366422,scr2084,stInflow,reservoir
ES,h8132,4.754935463366422,scr2084,stInflow,reservoir
ES,h8133,4.754935463366422,scr2084,stInflow,reservoir
ES,h8134,4.754935463366422,scr2084,stInflow,reservoir
ES,h8135,4.754935463366422,scr2084,stInflow,reservoir
ES,h8136,4.754935463366422,scr2084,stInflow,reservoir
ES,h8137,4.754935463366422,scr2084,stInflow,reservoir
ES,h8138,4.754935463366422,scr2084,stInflow,reservoir
ES,h8139,4.754935463366422,scr2084,stInflow,reservoir
ES,h8140,4.754935463366422,scr2084,stInflow,reservoir
ES,h8141,4.754935463366422,scr2084,stInflow,reservoir
ES,h8142,4.754935463366422,scr2084,stInflow,reservoir
ES,h8143,4.754935463366422,scr2084,stInflow,reservoir
ES,h8144,4.754935463366422,scr2084,stInflow,reservoir
ES,h8145,4.754935463366422,scr2084,stInflow,reservoir
ES,h8146,4.754935463366422,scr2084,stInflow,reservoir
ES,h8147,4.754935463366422,scr2084,stInflow,reservoir
ES,h8148,4.754935463366422,scr2084,stInflow,reservoir
ES,h8149,4.754935463366422,scr2084,stInflow,reservoir
ES,h8150,4.754935463366422,scr2084,stInflow,reservoir
ES,h8151,4.754935463366422,scr2084,stInflow,reservoir
ES,h8152,4.754935463366422,scr2084,stInflow,reservoir
ES,h8153,4.754935463366422,scr2084,stInflow,reservoir
ES,h8154,4.754935463366422,scr2084,stInflow,reservoir
ES,h8155,4.754935463366422,scr2084,stInflow,reservoir
ES,h8156,4.754935463366422,scr2084,stInflow,reservoir
ES,h8157,4.754935463366422,scr2084,stInflow,reservoir
ES,h8158,4.754935463366422,scr2084,stInflow,reservoir
ES,h8159,4.754935463366422,scr2084,stInflow,reservoir
ES,h8160,4.754935463366422,scr2084,stInflow,reservoir
ES,h8161,4.754935463366422,scr2084,stInflow,reservoir
ES,h8162,4.754935463366422,scr2084,stInflow,reservoir
ES,h8163,4.754935463366422,scr2084,stInflow,reservoir
ES,h8164,4.754935463366422,scr2084,stInflow,reservoir
ES,h8165,4.754935463366422,scr2084,stInflow,reservoir
ES,h8166,4.754935463366422,scr2084,stInflow,reservoir
ES,h8167,4.754935463366422,scr2084,stInflow,reservoir
ES,h8168,4.754935463366422,scr2084,stInflow,reservoir
ES,h8169,4.754935463366422,scr2084,stInflow,reservoir
ES,h8170,4.754935463366422,scr2084,stInflow,reservoir
ES,h8171,4.754935463366422,scr2084,stInflow,reservoir
ES,h8172,4.754935463366422,scr2084,stInflow,reservoir
ES,h8173,4.754935463366422,scr2084,stInflow,reservoir
ES,h8174,4.754935463366422,scr2084,stInflow,reservoir
ES,h8175,4.754935463366422,scr2084,stInflow,reservoir
ES,h8176,4.754935463366422,scr2084,stInflow,reservoir
ES,h8177,4.754935463366422,scr2084,stInflow,reservoir
ES,h8178,4.754935463366422,scr2084,stInflow,reservoir
ES,h8179,4.754935463366422,scr2084,stInflow,reservoir
ES,h8180,4.754935463366422,scr2084,stInflow,reservoir
ES,h8181,4.754935463366422,scr2084,stInflow,reservoir
ES,h8182,4.754935463366422,scr2084,stInflow,reservoir
ES,h8183,4.754935463366422,scr2084,stInflow,reservoir
ES,h8184,4.754935463366422,scr2084,stInflow,reservoir
ES,h8185,4.754935463366422,scr2084,stInflow,reservoir
ES,h8186,4.754935463366422,scr2084,stInflow,reservoir
ES,h8187,4.754935463366422,scr2084,stInflow,reservoir
ES,h8188,4.754935463366422,scr2084,stInflow,reservoir
ES,h8189,4.754935463366422,scr2084,stInflow,reservoir
ES,h8190,4.754935463366422,scr2084,stInflow,reservoir
ES,h8191,4.754935463366422,scr2084,stInflow,reservoir
ES,h8192,4.754935463366422,scr2084,stInflow,reservoir
ES,h8193,4.754935463366422,scr2084,stInflow,reservoir
ES,h8194,4.754935463366422,scr2084,stInflow,reservoir
ES,h8195,4.754935463366422,scr2084,stInflow,reservoir
ES,h8196,4.754935463366422,scr2084,stInflow,reservoir
ES,h8197,4.754935463366422,scr2084,stInflow,reservoir
ES,h8198,4.754935463366422,scr2084,stInflow,reservoir
ES,h8199,4.754935463366422,scr2084,stInflow,reservoir
ES,h8200,4.754935463366422,scr2084,stInflow,reservoir
ES,h8201,4.754935463366422,scr2084,stInflow,reservoir
ES,h8202,4.754935463366422,scr2084,stInflow,reservoir
ES,h8203,4.754935463366422,scr2084,stInflow,reservoir
ES,h8204,4.754935463366422,scr2084,stInflow,reservoir
ES,h8205,4.754935463366422,scr2084,stInflow,reservoir
ES,h8206,4.754935463366422,scr2084,stInflow,reservoir
ES,h8207,4.754935463366422,scr2084,stInflow,reservoir
ES,h8208,4.754935463366422,scr2084,stInflow,reservoir
ES,h8209,4.754935463366422,scr2084,stInflow,reservoir
ES,h8210,4.754935463366422,scr2084,stInflow,reservoir
ES,h8211,4.754935463366422,scr2084,stInflow,reservoir
ES,h8212,4.754935463366422,scr2084,stInflow,reservoir
ES,h8213,4.754935463366422,scr2084,stInflow,reservoir
ES,h8214,4.754935463366422,scr2084,stInflow,reservoir
ES,h8215,4.754935463366422,scr2084,stInflow,reservoir
ES,h8216,4.754935463366422,scr2084,stInflow,reservoir
ES,h8217,4.754935463366422,scr2084,stInflow,reservoir
ES,h8218,4.754935463366422,scr2084,stInflow,reservoir
ES,h8219,4.754935463366422,scr2084,stInflow,reservoir
ES,h8220,4.754935463366422,scr2084,stInflow,reservoir
ES,h8221,4.754935463366422,scr2084,stInflow,reservoir
ES,h8222,4.754935463366422,scr2084,stInflow,reservoir
ES,h8223,4.754935463366422,scr2084,stInflow,reservoir
ES,h8224,4.754935463366422,scr2084,stInflow,reservoir
ES,h8225,4.754935463366422,scr2084,stInflow,reservoir
ES,h8226,4.754935463366422,scr2084,stInflow,reservoir
ES,h8227,4.754935463366422,scr2084,stInflow,reservoir
ES,h8228,4.754935463366422,scr2084,stInflow,reservoir
ES,h8229,4.754935463366422,scr2084,stInflow,reservoir
ES,h8230,4.754935463366422,scr2084,stInflow,reservoir
ES,h8231,4.754935463366422,scr2084,stInflow,reservoir
ES,h8232,4.754935463366422,scr2084,stInflow,reservoir
ES,h8233,4.754935463366422,scr2084,stInflow,reservoir
ES,h8234,4.754935463366422,scr2084,stInflow,reservoir
ES,h8235,4.754935463366422,scr2084,stInflow,reservoir
ES,h8236,4.754935463366422,scr2084,stInflow,reservoir
ES,h8237,4.754935463366422,scr2084,stInflow,reservoir
ES,h8238,4.754935463366422,scr2084,stInflow,reservoir
ES,h8239,4.754935463366422,scr2084,stInflow,reservoir
ES,h8240,4.754935463366422,scr2084,stInflow,reservoir
ES,h8241,4.754935463366422,scr2084,stInflow,reservoir
ES,h8242,4.754935463366422,scr2084,stInflow,reservoir
ES,h8243,4.754935463366422,scr2084,stInflow,reservoir
ES,h8244,4.754935463366422,scr2084,stInflow,reservoir
ES,h8245,4.754935463366422,scr2084,stInflow,reservoir
ES,h8246,4.754935463366422,scr2084,stInflow,reservoir
ES,h8247,4.754935463366422,scr2084,stInflow,reservoir
ES,h8248,4.754935463366422,scr2084,stInflow,reservoir
ES,h8249,4.754935463366422,scr2084,stInflow,reservoir
ES,h8250,4.754935463366422,scr2084,stInflow,reservoir
ES,h8251,4.754935463366422,scr2084,stInflow,reservoir
ES,h8252,4.754935463366422,scr2084,stInflow,reservoir
ES,h8253,4.754935463366422,scr2084,stInflow,reservoir
ES,h8254,4.754935463366422,scr2084,stInflow,reservoir
ES,h8255,4.754935463366422,scr2084,stInflow,reservoir
ES,h8256,4.754935463366422,scr2084,stInflow,reservoir
ES,h8257,4.754935463366422,scr2084,stInflow,reservoir
ES,h8258,4.754935463366422,scr2084,stInflow,reservoir
ES,h8259,4.754935463366422,scr2084,stInflow,reservoir
ES,h8260,4.754935463366422,scr2084,stInflow,reservoir
ES,h8261,4.754935463366422,scr2084,stInflow,reservoir
ES,h8262,4.754935463366422,scr2084,stInflow,reservoir
ES,h8263,4.754935463366422,scr2084,stInflow,reservoir
ES,h8264,4.754935463366422,scr2084,stInflow,reservoir
ES,h8265,4.754935463366422,scr2084,stInflow,reservoir
ES,h8266,4.754935463366422,scr2084,stInflow,reservoir
ES,h8267,4.754935463366422,scr2084,stInflow,reservoir
ES,h8268,4.754935463366422,scr2084,stInflow,reservoir
ES,h8269,4.754935463366422,scr2084,stInflow,reservoir
ES,h8270,4.754935463366422,scr2084,stInflow,reservoir
ES,h8271,4.754935463366422,scr2084,stInflow,reservoir
ES,h8272,4.754935463366422,scr2084,stInflow,reservoir
ES,h8273,4.754935463366422,scr2084,stInflow,reservoir
ES,h8274,4.754935463366422,scr2084,stInflow,reservoir
ES,h8275,4.754935463366422,scr2084,stInflow,reservoir
ES,h8276,4.754935463366422,scr2084,stInflow,reservoir
ES,h8277,4.754935463366422,scr2084,stInflow,reservoir
ES,h8278,4.754935463366422,scr2084,stInflow,reservoir
ES,h8279,4.754935463366422,scr2084,stInflow,reservoir
ES,h8280,4.754935463366422,scr2084,stInflow,reservoir
ES,h8281,4.89229069479999,scr2084,stInflow,reservoir
ES,h8282,5.029646311895304,scr2084,stInflow,reservoir
ES,h8283,5.167002304119352,scr2084,stInflow,reservoir
ES,h8284,5.167002304119352,scr2084,stInflow,reservoir
ES,h8285,5.167002304119352,scr2084,stInflow,reservoir
ES,h8286,5.167002304119352,scr2084,stInflow,reservoir
ES,h8287,5.167002304119352,scr2084,stInflow,reservoir
ES,h8288,5.167002304119352,scr2084,stInflow,reservoir
ES,h8289,5.167002304119352,scr2084,stInflow,reservoir
ES,h8290,5.167002304119352,scr2084,stInflow,reservoir
ES,h8291,5.167002304119352,scr2084,stInflow,reservoir
ES,h8292,5.167002304119352,scr2084,stInflow,reservoir
ES,h8293,5.167002304119352,scr2084,stInflow,reservoir
ES,h8294,5.167002304119352,scr2084,stInflow,reservoir
ES,h8295,5.167002304119352,scr2084,stInflow,reservoir
ES,h8296,5.167002304119352,scr2084,stInflow,reservoir
ES,h8297,5.167002304119352,scr2084,stInflow,reservoir
ES,h8298,5.167002304119352,scr2084,stInflow,reservoir
ES,h8299,5.167002304119352,scr2084,stInflow,reservoir
ES,h8300,5.167002304119352,scr2084,stInflow,reservoir
ES,h8301,5.167002304119352,scr2084,stInflow,reservoir
ES,h8302,5.167002304119352,scr2084,stInflow,reservoir
ES,h8303,5.167002304119352,scr2084,stInflow,reservoir
ES,h8304,5.167002304119352,scr2084,stInflow,reservoir
ES,h8305,5.167002304119352,scr2084,stInflow,reservoir
ES,h8306,5.167002304119352,scr2084,stInflow,reservoir
ES,h8307,5.167002304119352,scr2084,stInflow,reservoir
ES,h8308,5.167002304119352,scr2084,stInflow,reservoir
ES,h8309,5.167002304119352,scr2084,stInflow,reservoir
ES,h8310,5.167002304119352,scr2084,stInflow,reservoir
ES,h8311,5.167002304119352,scr2084,stInflow,reservoir
ES,h8312,5.167002304119352,scr2084,stInflow,reservoir
ES,h8313,5.167002304119352,scr2084,stInflow,reservoir
ES,h8314,5.167002304119352,scr2084,stInflow,reservoir
ES,h8315,5.167002304119352,scr2084,stInflow,reservoir
ES,h8316,5.167002304119352,scr2084,stInflow,reservoir
ES,h8317,5.167002304119352,scr2084,stInflow,reservoir
ES,h8318,5.167002304119352,scr2084,stInflow,reservoir
ES,h8319,5.167002304119352,scr2084,stInflow,reservoir
ES,h8320,5.167002304119352,scr2084,stInflow,reservoir
ES,h8321,5.167002304119352,scr2084,stInflow,reservoir
ES,h8322,5.167002304119352,scr2084,stInflow,reservoir
ES,h8323,5.167002304119352,scr2084,stInflow,reservoir
ES,h8324,5.167002304119352,scr2084,stInflow,reservoir
ES,h8325,5.167002304119352,scr2084,stInflow,reservoir
ES,h8326,5.167002304119352,scr2084,stInflow,reservoir
ES,h8327,5.167002304119352,scr2084,stInflow,reservoir
ES,h8328,5.167002304119352,scr2084,stInflow,reservoir
ES,h8329,5.167002304119352,scr2084,stInflow,reservoir
ES,h8330,5.167002304119352,scr2084,stInflow,reservoir
ES,h8331,5.167002304119352,scr2084,stInflow,reservoir
ES,h8332,5.167002304119352,scr2084,stInflow,reservoir
ES,h8333,5.167002304119352,scr2084,stInflow,reservoir
ES,h8334,5.167002304119352,scr2084,stInflow,reservoir
ES,h8335,5.167002304119352,scr2084,stInflow,reservoir
ES,h8336,5.167002304119352,scr2084,stInflow,reservoir
ES,h8337,5.167002304119352,scr2084,stInflow,reservoir
ES,h8338,5.167002304119352,scr2084,stInflow,reservoir
ES,h8339,5.167002304119352,scr2084,stInflow,reservoir
ES,h8340,5.167002304119352,scr2084,stInflow,reservoir
ES,h8341,5.167002304119352,scr2084,stInflow,reservoir
ES,h8342,5.167002304119352,scr2084,stInflow,reservoir
ES,h8343,5.167002304119352,scr2084,stInflow,reservoir
ES,h8344,5.167002304119352,scr2084,stInflow,reservoir
ES,h8345,5.167002304119352,scr2084,stInflow,reservoir
ES,h8346,5.167002304119352,scr2084,stInflow,reservoir
ES,h8347,5.167002304119352,scr2084,stInflow,reservoir
ES,h8348,5.167002304119352,scr2084,stInflow,reservoir
ES,h8349,5.167002304119352,scr2084,stInflow,reservoir
ES,h8350,5.167002304119352,scr2084,stInflow,reservoir
ES,h8351,5.167002304119352,scr2084,stInflow,reservoir
ES,h8352,5.167002304119352,scr2084,stInflow,reservoir
ES,h8353,5.167002304119352,scr2084,stInflow,reservoir
ES,h8354,5.167002304119352,scr2084,stInflow,reservoir
ES,h8355,5.167002304119352,scr2084,stInflow,reservoir
ES,h8356,5.167002304119352,scr2084,stInflow,reservoir
ES,h8357,5.167002304119352,scr2084,stInflow,reservoir
ES,h8358,5.167002304119352,scr2084,stInflow,reservoir
ES,h8359,5.167002304119352,scr2084,stInflow,reservoir
ES,h8360,5.167002304119352,scr2084,stInflow,reservoir
ES,h8361,5.167002304119352,scr2084,stInflow,reservoir
ES,h8362,5.167002304119352,scr2084,stInflow,reservoir
ES,h8363,5.167002304119352,scr2084,stInflow,reservoir
ES,h8364,5.167002304119352,scr2084,stInflow,reservoir
ES,h8365,5.167002304119352,scr2084,stInflow,reservoir
ES,h8366,5.167002304119352,scr2084,stInflow,reservoir
ES,h8367,5.167002304119352,scr2084,stInflow,reservoir
ES,h8368,5.167002304119352,scr2084,stInflow,reservoir
ES,h8369,5.167002304119352,scr2084,stInflow,reservoir
ES,h8370,5.167002304119352,scr2084,stInflow,reservoir
ES,h8371,5.167002304119352,scr2084,stInflow,reservoir
ES,h8372,5.167002304119352,scr2084,stInflow,reservoir
ES,h8373,5.167002304119352,scr2084,stInflow,reservoir
ES,h8374,5.167002304119352,scr2084,stInflow,reservoir
ES,h8375,5.167002304119352,scr2084,stInflow,reservoir
ES,h8376,5.167002304119352,scr2084,stInflow,reservoir
ES,h8377,5.167002304119352,scr2084,stInflow,reservoir
ES,h8378,5.167002304119352,scr2084,stInflow,reservoir
ES,h8379,5.167002304119352,scr2084,stInflow,reservoir
ES,h8380,5.167002304119352,scr2084,stInflow,reservoir
ES,h8381,5.167002304119352,scr2084,stInflow,reservoir
ES,h8382,5.167002304119352,scr2084,stInflow,reservoir
ES,h8383,5.167002304119352,scr2084,stInflow,reservoir
ES,h8384,5.167002304119352,scr2084,stInflow,reservoir
ES,h8385,5.167002304119352,scr2084,stInflow,reservoir
ES,h8386,5.167002304119352,scr2084,stInflow,reservoir
ES,h8387,5.167002304119352,scr2084,stInflow,reservoir
ES,h8388,5.167002304119352,scr2084,stInflow,reservoir
ES,h8389,5.167002304119352,scr2084,stInflow,reservoir
ES,h8390,5.167002304119352,scr2084,stInflow,reservoir
ES,h8391,5.167002304119352,scr2084,stInflow,reservoir
ES,h8392,5.167002304119352,scr2084,stInflow,reservoir
ES,h8393,5.167002304119352,scr2084,stInflow,reservoir
ES,h8394,5.167002304119352,scr2084,stInflow,reservoir
ES,h8395,5.167002304119352,scr2084,stInflow,reservoir
ES,h8396,5.167002304119352,scr2084,stInflow,reservoir
ES,h8397,5.167002304119352,scr2084,stInflow,reservoir
ES,h8398,5.167002304119352,scr2084,stInflow,reservoir
ES,h8399,5.167002304119352,scr2084,stInflow,reservoir
ES,h8400,5.167002304119352,scr2084,stInflow,reservoir
ES,h8401,5.167002304119352,scr2084,stInflow,reservoir
ES,h8402,5.167002304119352,scr2084,stInflow,reservoir
ES,h8403,5.167002304119352,scr2084,stInflow,reservoir
ES,h8404,5.167002304119352,scr2084,stInflow,reservoir
ES,h8405,5.167002304119352,scr2084,stInflow,reservoir
ES,h8406,5.167002304119352,scr2084,stInflow,reservoir
ES,h8407,5.167002304119352,scr2084,stInflow,reservoir
ES,h8408,5.167002304119352,scr2084,stInflow,reservoir
ES,h8409,5.167002304119352,scr2084,stInflow,reservoir
ES,h8410,5.167002304119352,scr2084,stInflow,reservoir
ES,h8411,5.167002304119352,scr2084,stInflow,reservoir
ES,h8412,5.167002304119352,scr2084,stInflow,reservoir
ES,h8413,5.167002304119352,scr2084,stInflow,reservoir
ES,h8414,5.167002304119352,scr2084,stInflow,reservoir
ES,h8415,5.167002304119352,scr2084,stInflow,reservoir
ES,h8416,5.167002304119352,scr2084,stInflow,reservoir
ES,h8417,5.167002304119352,scr2084,stInflow,reservoir
ES,h8418,5.167002304119352,scr2084,stInflow,reservoir
ES,h8419,5.167002304119352,scr2084,stInflow,reservoir
ES,h8420,5.167002304119352,scr2084,stInflow,reservoir
ES,h8421,5.167002304119352,scr2084,stInflow,reservoir
ES,h8422,5.167002304119352,scr2084,stInflow,reservoir
ES,h8423,5.167002304119352,scr2084,stInflow,reservoir
ES,h8424,5.167002304119352,scr2084,stInflow,reservoir
ES,h8425,5.167002304119352,scr2084,stInflow,reservoir
ES,h8426,5.167002304119352,scr2084,stInflow,reservoir
ES,h8427,5.167002304119352,scr2084,stInflow,reservoir
ES,h8428,5.167002304119352,scr2084,stInflow,reservoir
ES,h8429,5.167002304119352,scr2084,stInflow,reservoir
ES,h8430,5.167002304119352,scr2084,stInflow,reservoir
ES,h8431,5.167002304119352,scr2084,stInflow,reservoir
ES,h8432,5.167002304119352,scr2084,stInflow,reservoir
ES,h8433,5.167002304119352,scr2084,stInflow,reservoir
ES,h8434,5.167002304119352,scr2084,stInflow,reservoir
ES,h8435,5.167002304119352,scr2084,stInflow,reservoir
ES,h8436,5.167002304119352,scr2084,stInflow,reservoir
ES,h8437,5.167002304119352,scr2084,stInflow,reservoir
ES,h8438,5.167002304119352,scr2084,stInflow,reservoir
ES,h8439,5.167002304119352,scr2084,stInflow,reservoir
ES,h8440,5.167002304119352,scr2084,stInflow,reservoir
ES,h8441,5.167002304119352,scr2084,stInflow,reservoir
ES,h8442,5.167002304119352,scr2084,stInflow,reservoir
ES,h8443,5.167002304119352,scr2084,stInflow,reservoir
ES,h8444,5.167002304119352,scr2084,stInflow,reservoir
ES,h8445,5.167002304119352,scr2084,stInflow,reservoir
ES,h8446,5.167002304119352,scr2084,stInflow,reservoir
ES,h8447,5.167002304119352,scr2084,stInflow,reservoir
ES,h8448,5.167002304119352,scr2084,stInflow,reservoir
ES,h8449,5.16928555312273,scr2084,stInflow,reservoir
ES,h8450,5.171568802226953,scr2084,stInflow,reservoir
ES,h8451,5.173852051431973,scr2084,stInflow,reservoir
ES,h8452,5.173852051431973,scr2084,stInflow,reservoir
ES,h8453,5.173852051431973,scr2084,stInflow,reservoir
ES,h8454,5.173852051431973,scr2084,stInflow,reservoir
ES,h8455,5.173852051431973,scr2084,stInflow,reservoir
ES,h8456,5.173852051431973,scr2084,stInflow,reservoir
ES,h8457,5.173852051431973,scr2084,stInflow,reservoir
ES,h8458,5.173852051431973,scr2084,stInflow,reservoir
ES,h8459,5.173852051431973,scr2084,stInflow,reservoir
ES,h8460,5.173852051431973,scr2084,stInflow,reservoir
ES,h8461,5.173852051431973,scr2084,stInflow,reservoir
ES,h8462,5.173852051431973,scr2084,stInflow,reservoir
ES,h8463,5.173852051431973,scr2084,stInflow,reservoir
ES,h8464,5.173852051431973,scr2084,stInflow,reservoir
ES,h8465,5.173852051431973,scr2084,stInflow,reservoir
ES,h8466,5.173852051431973,scr2084,stInflow,reservoir
ES,h8467,5.173852051431973,scr2084,stInflow,reservoir
ES,h8468,5.173852051431973,scr2084,stInflow,reservoir
ES,h8469,5.173852051431973,scr2084,stInflow,reservoir
ES,h8470,5.173852051431973,scr2084,stInflow,reservoir
ES,h8471,5.173852051431973,scr2084,stInflow,reservoir
ES,h8472,5.173852051431973,scr2084,stInflow,reservoir
ES,h8473,5.173852051431973,scr2084,stInflow,reservoir
ES,h8474,5.173852051431973,scr2084,stInflow,reservoir
ES,h8475,5.173852051431973,scr2084,stInflow,reservoir
ES,h8476,5.173852051431973,scr2084,stInflow,reservoir
ES,h8477,5.173852051431973,scr2084,stInflow,reservoir
ES,h8478,5.173852051431973,scr2084,stInflow,reservoir
ES,h8479,5.173852051431973,scr2084,stInflow,reservoir
ES,h8480,5.173852051431973,scr2084,stInflow,reservoir
ES,h8481,5.173852051431973,scr2084,stInflow,reservoir
ES,h8482,5.173852051431973,scr2084,stInflow,reservoir
ES,h8483,5.173852051431973,scr2084,stInflow,reservoir
ES,h8484,5.173852051431973,scr2084,stInflow,reservoir
ES,h8485,5.173852051431973,scr2084,stInflow,reservoir
ES,h8486,5.173852051431973,scr2084,stInflow,reservoir
ES,h8487,5.173852051431973,scr2084,stInflow,reservoir
ES,h8488,5.173852051431973,scr2084,stInflow,reservoir
ES,h8489,5.173852051431973,scr2084,stInflow,reservoir
ES,h8490,5.173852051431973,scr2084,stInflow,reservoir
ES,h8491,5.173852051431973,scr2084,stInflow,reservoir
ES,h8492,5.173852051431973,scr2084,stInflow,reservoir
ES,h8493,5.173852051431973,scr2084,stInflow,reservoir
ES,h8494,5.173852051431973,scr2084,stInflow,reservoir
ES,h8495,5.173852051431973,scr2084,stInflow,reservoir
ES,h8496,5.173852051431973,scr2084,stInflow,reservoir
ES,h8497,5.173852051431973,scr2084,stInflow,reservoir
ES,h8498,5.173852051431973,scr2084,stInflow,reservoir
ES,h8499,5.173852051431973,scr2084,stInflow,reservoir
ES,h8500,5.173852051431973,scr2084,stInflow,reservoir
ES,h8501,5.173852051431973,scr2084,stInflow,reservoir
ES,h8502,5.173852051431973,scr2084,stInflow,reservoir
ES,h8503,5.173852051431973,scr2084,stInflow,reservoir
ES,h8504,5.173852051431973,scr2084,stInflow,reservoir
ES,h8505,5.173852051431973,scr2084,stInflow,reservoir
ES,h8506,5.173852051431973,scr2084,stInflow,reservoir
ES,h8507,5.173852051431973,scr2084,stInflow,reservoir
ES,h8508,5.173852051431973,scr2084,stInflow,reservoir
ES,h8509,5.173852051431973,scr2084,stInflow,reservoir
ES,h8510,5.173852051431973,scr2084,stInflow,reservoir
ES,h8511,5.173852051431973,scr2084,stInflow,reservoir
ES,h8512,5.173852051431973,scr2084,stInflow,reservoir
ES,h8513,5.173852051431973,scr2084,stInflow,reservoir
ES,h8514,5.173852051431973,scr2084,stInflow,reservoir
ES,h8515,5.173852051431973,scr2084,stInflow,reservoir
ES,h8516,5.173852051431973,scr2084,stInflow,reservoir
ES,h8517,5.173852051431973,scr2084,stInflow,reservoir
ES,h8518,5.173852051431973,scr2084,stInflow,reservoir
ES,h8519,5.173852051431973,scr2084,stInflow,reservoir
ES,h8520,5.173852051431973,scr2084,stInflow,reservoir
ES,h8521,5.173852051431973,scr2084,stInflow,reservoir
ES,h8522,5.173852051431973,scr2084,stInflow,reservoir
ES,h8523,5.173852051431973,scr2084,stInflow,reservoir
ES,h8524,5.173852051431973,scr2084,stInflow,reservoir
ES,h8525,5.173852051431973,scr2084,stInflow,reservoir
ES,h8526,5.173852051431973,scr2084,stInflow,reservoir
ES,h8527,5.173852051431973,scr2084,stInflow,reservoir
ES,h8528,5.173852051431973,scr2084,stInflow,reservoir
ES,h8529,5.173852051431973,scr2084,stInflow,reservoir
ES,h8530,5.173852051431973,scr2084,stInflow,reservoir
ES,h8531,5.173852051431973,scr2084,stInflow,reservoir
ES,h8532,5.173852051431973,scr2084,stInflow,reservoir
ES,h8533,5.173852051431973,scr2084,stInflow,reservoir
ES,h8534,5.173852051431973,scr2084,stInflow,reservoir
ES,h8535,5.173852051431973,scr2084,stInflow,reservoir
ES,h8536,5.173852051431973,scr2084,stInflow,reservoir
ES,h8537,5.173852051431973,scr2084,stInflow,reservoir
ES,h8538,5.173852051431973,scr2084,stInflow,reservoir
ES,h8539,5.173852051431973,scr2084,stInflow,reservoir
ES,h8540,5.173852051431973,scr2084,stInflow,reservoir
ES,h8541,5.173852051431973,scr2084,stInflow,reservoir
ES,h8542,5.173852051431973,scr2084,stInflow,reservoir
ES,h8543,5.173852051431973,scr2084,stInflow,reservoir
ES,h8544,5.173852051431973,scr2084,stInflow,reservoir
ES,h8545,5.173852051431973,scr2084,stInflow,reservoir
ES,h8546,5.173852051431973,scr2084,stInflow,reservoir
ES,h8547,5.173852051431973,scr2084,stInflow,reservoir
ES,h8548,5.173852051431973,scr2084,stInflow,reservoir
ES,h8549,5.173852051431973,scr2084,stInflow,reservoir
ES,h8550,5.173852051431973,scr2084,stInflow,reservoir
ES,h8551,5.173852051431973,scr2084,stInflow,reservoir
ES,h8552,5.173852051431973,scr2084,stInflow,reservoir
ES,h8553,5.173852051431973,scr2084,stInflow,reservoir
ES,h8554,5.173852051431973,scr2084,stInflow,reservoir
ES,h8555,5.173852051431973,scr2084,stInflow,reservoir
ES,h8556,5.173852051431973,scr2084,stInflow,reservoir
ES,h8557,5.173852051431973,scr2084,stInflow,reservoir
ES,h8558,5.173852051431973,scr2084,stInflow,reservoir
ES,h8559,5.173852051431973,scr2084,stInflow,reservoir
ES,h8560,5.173852051431973,scr2084,stInflow,reservoir
ES,h8561,5.173852051431973,scr2084,stInflow,reservoir
ES,h8562,5.173852051431973,scr2084,stInflow,reservoir
ES,h8563,5.173852051431973,scr2084,stInflow,reservoir
ES,h8564,5.173852051431973,scr2084,stInflow,reservoir
ES,h8565,5.173852051431973,scr2084,stInflow,reservoir
ES,h8566,5.173852051431973,scr2084,stInflow,reservoir
ES,h8567,5.173852051431973,scr2084,stInflow,reservoir
ES,h8568,5.173852051431973,scr2084,stInflow,reservoir
ES,h8569,5.173852051431973,scr2084,stInflow,reservoir
ES,h8570,5.173852051431973,scr2084,stInflow,reservoir
ES,h8571,5.173852051431973,scr2084,stInflow,reservoir
ES,h8572,5.173852051431973,scr2084,stInflow,reservoir
ES,h8573,5.173852051431973,scr2084,stInflow,reservoir
ES,h8574,5.173852051431973,scr2084,stInflow,reservoir
ES,h8575,5.173852051431973,scr2084,stInflow,reservoir
ES,h8576,5.173852051431973,scr2084,stInflow,reservoir
ES,h8577,5.173852051431973,scr2084,stInflow,reservoir
ES,h8578,5.173852051431973,scr2084,stInflow,reservoir
ES,h8579,5.173852051431973,scr2084,stInflow,reservoir
ES,h8580,5.173852051431973,scr2084,stInflow,reservoir
ES,h8581,5.173852051431973,scr2084,stInflow,reservoir
ES,h8582,5.173852051431973,scr2084,stInflow,reservoir
ES,h8583,5.173852051431973,scr2084,stInflow,reservoir
ES,h8584,5.173852051431973,scr2084,stInflow,reservoir
ES,h8585,5.173852051431973,scr2084,stInflow,reservoir
ES,h8586,5.173852051431973,scr2084,stInflow,reservoir
ES,h8587,5.173852051431973,scr2084,stInflow,reservoir
ES,h8588,5.173852051431973,scr2084,stInflow,reservoir
ES,h8589,5.173852051431973,scr2084,stInflow,reservoir
ES,h8590,5.173852051431973,scr2084,stInflow,reservoir
ES,h8591,5.173852051431973,scr2084,stInflow,reservoir
ES,h8592,5.173852051431973,scr2084,stInflow,reservoir
ES,h8593,5.173852051431973,scr2084,stInflow,reservoir
ES,h8594,5.173852051431973,scr2084,stInflow,reservoir
ES,h8595,5.173852051431973,scr2084,stInflow,reservoir
ES,h8596,5.173852051431973,scr2084,stInflow,reservoir
ES,h8597,5.173852051431973,scr2084,stInflow,reservoir
ES,h8598,5.173852051431973,scr2084,stInflow,reservoir
ES,h8599,5.173852051431973,scr2084,stInflow,reservoir
ES,h8600,5.173852051431973,scr2084,stInflow,reservoir
ES,h8601,5.173852051431973,scr2084,stInflow,reservoir
ES,h8602,5.173852051431973,scr2084,stInflow,reservoir
ES,h8603,5.173852051431973,scr2084,stInflow,reservoir
ES,h8604,5.173852051431973,scr2084,stInflow,reservoir
ES,h8605,5.173852051431973,scr2084,stInflow,reservoir
ES,h8606,5.173852051431973,scr2084,stInflow,reservoir
ES,h8607,5.173852051431973,scr2084,stInflow,reservoir
ES,h8608,5.173852051431973,scr2084,stInflow,reservoir
ES,h8609,5.173852051431973,scr2084,stInflow,reservoir
ES,h8610,5.173852051431973,scr2084,stInflow,reservoir
ES,h8611,5.173852051431973,scr2084,stInflow,reservoir
ES,h8612,5.173852051431973,scr2084,stInflow,reservoir
ES,h8613,5.173852051431973,scr2084,stInflow,reservoir
ES,h8614,5.173852051431973,scr2084,stInflow,reservoir
ES,h8615,5.173852051431973,scr2084,stInflow,reservoir
ES,h8616,5.173852051431973,scr2084,stInflow,reservoir
ES,h8617,4.886716335949521,scr2084,stInflow,reservoir
ES,h8618,4.599582308477171,scr2084,stInflow,reservoir
ES,h8619,4.312450074505731,scr2084,stInflow,reservoir
ES,h8620,4.312450074505731,scr2084,stInflow,reservoir
ES,h8621,4.312450074505731,scr2084,stInflow,reservoir
ES,h8622,4.312450074505731,scr2084,stInflow,reservoir
ES,h8623,4.312450074505731,scr2084,stInflow,reservoir
ES,h8624,4.312450074505731,scr2084,stInflow,reservoir
ES,h8625,4.312450074505731,scr2084,stInflow,reservoir
ES,h8626,4.312450074505731,scr2084,stInflow,reservoir
ES,h8627,4.312450074505731,scr2084,stInflow,reservoir
ES,h8628,4.312450074505731,scr2084,stInflow,reservoir
ES,h8629,4.312450074505731,scr2084,stInflow,reservoir
ES,h8630,4.312450074505731,scr2084,stInflow,reservoir
ES,h8631,4.312450074505731,scr2084,stInflow,reservoir
ES,h8632,4.312450074505731,scr2084,stInflow,reservoir
ES,h8633,4.312450074505731,scr2084,stInflow,reservoir
ES,h8634,4.312450074505731,scr2084,stInflow,reservoir
ES,h8635,4.312450074505731,scr2084,stInflow,reservoir
ES,h8636,4.312450074505731,scr2084,stInflow,reservoir
ES,h8637,4.312450074505731,scr2084,stInflow,reservoir
ES,h8638,4.312450074505731,scr2084,stInflow,reservoir
ES,h8639,4.312450074505731,scr2084,stInflow,reservoir
ES,h8640,4.312450074505731,scr2084,stInflow,reservoir
ES,h8641,4.312450074505731,scr2084,stInflow,reservoir
ES,h8642,4.312450074505731,scr2084,stInflow,reservoir
ES,h8643,4.312450074505731,scr2084,stInflow,reservoir
ES,h8644,4.312450074505731,scr2084,stInflow,reservoir
ES,h8645,4.312450074505731,scr2084,stInflow,reservoir
ES,h8646,4.312450074505731,scr2084,stInflow,reservoir
ES,h8647,4.312450074505731,scr2084,stInflow,reservoir
ES,h8648,4.312450074505731,scr2084,stInflow,reservoir
ES,h8649,4.312450074505731,scr2084,stInflow,reservoir
ES,h8650,4.312450074505731,scr2084,stInflow,reservoir
ES,h8651,4.312450074505731,scr2084,stInflow,reservoir
ES,h8652,4.312450074505731,scr2084,stInflow,reservoir
ES,h8653,4.312450074505731,scr2084,stInflow,reservoir
ES,h8654,4.312450074505731,scr2084,stInflow,reservoir
ES,h8655,4.312450074505731,scr2084,stInflow,reservoir
ES,h8656,4.312450074505731,scr2084,stInflow,reservoir
ES,h8657,4.312450074505731,scr2084,stInflow,reservoir
ES,h8658,4.312450074505731,scr2084,stInflow,reservoir
ES,h8659,4.312450074505731,scr2084,stInflow,reservoir
ES,h8660,4.312450074505731,scr2084,stInflow,reservoir
ES,h8661,4.312450074505731,scr2084,stInflow,reservoir
ES,h8662,4.312450074505731,scr2084,stInflow,reservoir
ES,h8663,4.312450074505731,scr2084,stInflow,reservoir
ES,h8664,4.312450074505731,scr2084,stInflow,reservoir
ES,h8665,4.312450074505731,scr2084,stInflow,reservoir
ES,h8666,4.312450074505731,scr2084,stInflow,reservoir
ES,h8667,4.312450074505731,scr2084,stInflow,reservoir
ES,h8668,4.312450074505731,scr2084,stInflow,reservoir
ES,h8669,4.312450074505731,scr2084,stInflow,reservoir
ES,h8670,4.312450074505731,scr2084,stInflow,reservoir
ES,h8671,4.312450074505731,scr2084,stInflow,reservoir
ES,h8672,4.312450074505731,scr2084,stInflow,reservoir
ES,h8673,4.312450074505731,scr2084,stInflow,reservoir
ES,h8674,4.312450074505731,scr2084,stInflow,reservoir
ES,h8675,4.312450074505731,scr2084,stInflow,reservoir
ES,h8676,4.312450074505731,scr2084,stInflow,reservoir
ES,h8677,4.312450074505731,scr2084,stInflow,reservoir
ES,h8678,4.312450074505731,scr2084,stInflow,reservoir
ES,h8679,4.312450074505731,scr2084,stInflow,reservoir
ES,h8680,4.312450074505731,scr2084,stInflow,reservoir
ES,h8681,4.312450074505731,scr2084,stInflow,reservoir
ES,h8682,4.312450074505731,scr2084,stInflow,reservoir
ES,h8683,4.312450074505731,scr2084,stInflow,reservoir
ES,h8684,4.312450074505731,scr2084,stInflow,reservoir
ES,h8685,4.312450074505731,scr2084,stInflow,reservoir
ES,h8686,4.312450074505731,scr2084,stInflow,reservoir
ES,h8687,4.312450074505731,scr2084,stInflow,reservoir
ES,h8688,4.312450074505731,scr2084,stInflow,reservoir
ES,h8689,4.312450074505731,scr2084,stInflow,reservoir
ES,h8690,4.312450074505731,scr2084,stInflow,reservoir
ES,h8691,4.312450074505731,scr2084,stInflow,reservoir
ES,h8692,4.312450074505731,scr2084,stInflow,reservoir
ES,h8693,4.312450074505731,scr2084,stInflow,reservoir
ES,h8694,4.312450074505731,scr2084,stInflow,reservoir
ES,h8695,4.312450074505731,scr2084,stInflow,reservoir
ES,h8696,4.312450074505731,scr2084,stInflow,reservoir
ES,h8697,4.312450074505731,scr2084,stInflow,reservoir
ES,h8698,4.312450074505731,scr2084,stInflow,reservoir
ES,h8699,4.312450074505731,scr2084,stInflow,reservoir
ES,h8700,4.312450074505731,scr2084,stInflow,reservoir
ES,h8701,4.312450074505731,scr2084,stInflow,reservoir
ES,h8702,4.312450074505731,scr2084,stInflow,reservoir
ES,h8703,4.312450074505731,scr2084,stInflow,reservoir
ES,h8704,4.312450074505731,scr2084,stInflow,reservoir
ES,h8705,4.312450074505731,scr2084,stInflow,reservoir
ES,h8706,4.312450074505731,scr2084,stInflow,reservoir
ES,h8707,4.312450074505731,scr2084,stInflow,reservoir
ES,h8708,4.312450074505731,scr2084,stInflow,reservoir
ES,h8709,4.312450074505731,scr2084,stInflow,reservoir
ES,h8710,4.312450074505731,scr2084,stInflow,reservoir
ES,h8711,4.312450074505731,scr2084,stInflow,reservoir
ES,h8712,4.312450074505731,scr2084,stInflow,reservoir
ES,h8713,4.312450074505731,scr2084,stInflow,reservoir
ES,h8714,4.312450074505731,scr2084,stInflow,reservoir
ES,h8715,4.312450074505731,scr2084,stInflow,reservoir
ES,h8716,4.312450074505731,scr2084,stInflow,reservoir
ES,h8717,4.312450074505731,scr2084,stInflow,reservoir
ES,h8718,4.312450074505731,scr2084,stInflow,reservoir
ES,h8719,4.312450074505731,scr2084,stInflow,reservoir
ES,h8720,4.312450074505731,scr2084,stInflow,reservoir
ES,h8721,4.312450074505731,scr2084,stInflow,reservoir
ES,h8722,4.312450074505731,scr2084,stInflow,reservoir
ES,h8723,4.312450074505731,scr2084,stInflow,reservoir
ES,h8724,4.312450074505731,scr2084,stInflow,reservoir
ES,h8725,4.312450074505731,scr2084,stInflow,reservoir
ES,h8726,4.312450074505731,scr2084,stInflow,reservoir
ES,h8727,4.312450074505731,scr2084,stInflow,reservoir
ES,h8728,4.312450074505731,scr2084,stInflow,reservoir
ES,h8729,4.312450074505731,scr2084,stInflow,reservoir
ES,h8730,4.312450074505731,scr2084,stInflow,reservoir
ES,h8731,4.312450074505731,scr2084,stInflow,reservoir
ES,h8732,4.312450074505731,scr2084,stInflow,reservoir
ES,h8733,4.312450074505731,scr2084,stInflow,reservoir
ES,h8734,4.312450074505731,scr2084,stInflow,reservoir
ES,h8735,4.312450074505731,scr2084,stInflow,reservoir
ES,h8736,4.312450074505731,scr2084,stInflow,reservoir
ES,h8737,4.312450074505731,scr2084,stInflow,reservoir
ES,h8738,4.312450074505731,scr2084,stInflow,reservoir
ES,h8739,4.312450074505731,scr2084,stInflow,reservoir
ES,h8740,4.312450074505731,scr2084,stInflow,reservoir
ES,h8741,4.312450074505731,scr2084,stInflow,reservoir
ES,h8742,4.312450074505731,scr2084,stInflow,reservoir
ES,h8743,4.312450074505731,scr2084,stInflow,reservoir
ES,h8744,4.312450074505731,scr2084,stInflow,reservoir
ES,h8745,4.312450074505731,scr2084,stInflow,reservoir
ES,h8746,4.312450074505731,scr2084,stInflow,reservoir
ES,h8747,4.312450074505731,scr2084,stInflow,reservoir
ES,h8748,4.312450074505731,scr2084,stInflow,reservoir
ES,h8749,4.312450074505731,scr2084,stInflow,reservoir
ES,h8750,4.312450074505731,scr2084,stInflow,reservoir
ES,h8751,4.312450074505731,scr2084,stInflow,reservoir
ES,h8752,4.312450074505731,scr2084,stInflow,reservoir
ES,h8753,4.312450074505731,scr2084,stInflow,reservoir
ES,h8754,4.312450074505731,scr2084,stInflow,reservoir
ES,h8755,4.312450074505731,scr2084,stInflow,reservoir
ES,h8756,4.312450074505731,scr2084,stInflow,reservoir
ES,h8757,4.312450074505731,scr2084,stInflow,reservoir
ES,h8758,4.312450074505731,scr2084,stInflow,reservoir
ES,h8759,4.312450074505731,scr2084,stInflow,reservoir
ES,h8760,4.312450074505731,scr2084,stInflow,reservoir
FR,h8041,3.6678989816795657,scr2084,stInflow,reservoir
FR,h8042,3.6678989816795657,scr2084,stInflow,reservoir
FR,h8043,3.6678989816795657,scr2084,stInflow,reservoir
FR,h8044,3.6678989816795657,scr2084,stInflow,reservoir
FR,h8045,3.6678989816795657,scr2084,stInflow,reservoir
FR,h8046,3.6678989816795657,scr2084,stInflow,reservoir
FR,h8047,3.6678989816795657,scr2084,stInflow,reservoir
FR,h8048,3.6678989816795657,scr2084,stInflow,reservoir
FR,h8049,3.6678989816795657,scr2084,stInflow,reservoir
FR,h8050,3.6678989816795657,scr2084,stInflow,reservoir
FR,h8051,3.6678989816795657,scr2084,stInflow,reservoir
FR,h8052,3.6678989816795657,scr2084,stInflow,reservoir
FR,h8053,3.6678989816795657,scr2084,stInflow,reservoir
FR,h8054,3.6678989816795657,scr2084,stInflow,reservoir
FR,h8055,3.6678989816795657,scr2084,stInflow,reservoir
FR,h8056,3.6678989816795657,scr2084,stInflow,reservoir
FR,h8057,3.6678989816795657,scr2084,stInflow,reservoir
FR,h8058,3.6678989816795657,scr2084,stInflow,reservoir
FR,h8059,3.6678989816795657,scr2084,stInflow,reservoir
FR,h8060,3.6678989816795657,scr2084,stInflow,reservoir
FR,h8061,3.6678989816795657,scr2084,stInflow,reservoir
FR,h8062,3.6678989816795657,scr2084,stInflow,reservoir
FR,h8063,3.6678989816795657,scr2084,stInflow,reservoir
FR,h8064,3.6678989816795657,scr2084,stInflow,reservoir
FR,h8065,3.6678989816795657,scr2084,stInflow,reservoir
FR,h8066,3.6678989816795657,scr2084,stInflow,reservoir
FR,h8067,3.6678989816795657,scr2084,stInflow,reservoir
FR,h8068,3.6678989816795657,scr2084,stInflow,reservoir
FR,h8069,3.6678989816795657,scr2084,stInflow,reservoir
FR,h8070,3.6678989816795657,scr2084,stInflow,reservoir
FR,h8071,3.6678989816795657,scr2084,stInflow,reservoir
FR,h8072,3.6678989816795657,scr2084,stInflow,reservoir
FR,h8073,3.6678989816795657,scr2084,stInflow,reservoir
FR,h8074,3.6678989816795657,scr2084,stInflow,reservoir
FR,h8075,3.6678989816795657,scr2084,stInflow,reservoir
FR,h8076,3.6678989816795657,scr2084,stInflow,reservoir
FR,h8077,3.6678989816795657,scr2084,stInflow,reservoir
FR,h8078,3.6678989816795657,scr2084,stInflow,reservoir
FR,h8079,3.6678989816795657,scr2084,stInflow,reservoir
FR,h8080,3.6678989816795657,scr2084,stInflow,reservoir
FR,h8081,3.6678989816795657,scr2084,stInflow,reservoir
FR,h8082,3.6678989816795657,scr2084,stInflow,reservoir
FR,h8083,3.6678989816795657,scr2084,stInflow,reservoir
FR,h8084,3.6678989816795657,scr2084,stInflow,reservoir
FR,h8085,3.6678989816795657,scr2084,stInflow,reservoir
FR,h8086,3.6678989816795657,scr2084,stInflow,reservoir
FR,h8087,3.6678989816795657,scr2084,stInflow,reservoir
FR,h8088,3.6678989816795657,scr2084,stInflow,reservoir
FR,h8089,3.6678989816795657,scr2084,stInflow,reservoir
FR,h8090,3.6678989816795657,scr2084,stInflow,reservoir
FR,h8091,3.6678989816795657,scr2084,stInflow,reservoir
FR,h8092,3.6678989816795657,scr2084,stInflow,reservoir
FR,h8093,3.6678989816795657,scr2084,stInflow,reservoir
FR,h8094,3.6678989816795657,scr2084,stInflow,reservoir
FR,h8095,3.6678989816795657,scr2084,stInflow,reservoir
FR,h8096,3.6678989816795657,scr2084,stInflow,reservoir
FR,h8097,3.6678989816795657,scr2084,stInflow,reservoir
FR,h8098,3.6678989816795657,scr2084,stInflow,reservoir
FR,h8099,3.6678989816795657,scr2084,stInflow,reservoir
FR,h8100,3.6678989816795657,scr2084,stInflow,reservoir
FR,h8101,3.6678989816795657,scr2084,stInflow,reservoir
FR,h8102,3.6678989816795657,scr2084,stInflow,reservoir
FR,h8103,3.6678989816795657,scr2084,stInflow,reservoir
FR,h8104,3.6678989816795657,scr2084,stInflow,reservoir
FR,h8105,3.6678989816795657,scr2084,stInflow,reservoir
FR,h8106,3.6678989816795657,scr2084,stInflow,reservoir
FR,h8107,3.6678989816795657,scr2084,stInflow,reservoir
FR,h8108,3.6678989816795657,scr2084,stInflow,reservoir
FR,h8109,3.6678989816795657,scr2084,stInflow,reservoir
FR,h8110,3.6678989816795657,scr2084,stInflow,reservoir
FR,h8111,3.6678989816795657,scr2084,stInflow,reservoir
FR,h8112,3.6678989816795657,scr2084,stInflow,reservoir
FR,h8113,3.7213389482804486,scr2084,stInflow,reservoir
FR,h8114,3.7747789916213197,scr2084,stInflow,reservoir
FR,h8115,3.828219110615863,scr2084,stInflow,reservoir
FR,h8116,3.828219110615863,scr2084,stInflow,reservoir
FR,h8117,3.828219110615863,scr2084,stInflow,reservoir
FR,h8118,3.828219110615863,scr2084,stInflow,reservoir
FR,h8119,3.828219110615863,scr2084,stInflow,reservoir
FR,h8120,3.828219110615863,scr2084,stInflow,reservoir
FR,h8121,3.828219110615863,scr2084,stInflow,reservoir
FR,h8122,3.828219110615863,scr2084,stInflow,reservoir
FR,h8123,3.828219110615863,scr2084,stInflow,reservoir
FR,h8124,3.828219110615863,scr2084,stInflow,reservoir
FR,h8125,3.828219110615863,scr2084,stInflow,reservoir
FR,h8126,3.828219110615863,scr2084,stInflow,reservoir
FR,h8127,3.828219110615863,scr2084,stInflow,reservoir
FR,h8128,3.828219110615863,scr2084,stInflow,reservoir
FR,h8129,3.828219110615863,scr2084,stInflow,reservoir
FR,h8130,3.828219110615863,scr2084,stInflow,reservoir
FR,h8131,3.828219110615863,scr2084,stInflow,reservoir
FR,h8132,3.828219110615863,scr2084,stInflow,reservoir
FR,h8133,3.828219110615863,scr2084,stInflow,reservoir
FR,h8134,3.828219110615863,scr2084,stInflow,reservoir
FR,h8135,3.828219110615863,scr2084,stInflow,reservoir
FR,h8136,3.828219110615863,scr2084,stInflow,reservoir
FR,h8137,3.828219110615863,scr2084,stInflow,reservoir
FR,h8138,3.828219110615863,scr2084,stInflow,reservoir
FR,h8139,3.828219110615863,scr2084,stInflow,reservoir
FR,h8140,3.828219110615863,scr2084,stInflow,reservoir
FR,h8141,3.828219110615863,scr2084,stInflow,reservoir
FR,h8142,3.828219110615863,scr2084,stInflow,reservoir
FR,h8143,3.828219110615863,scr2084,stInflow,reservoir
FR,h8144,3.828219110615863,scr2084,stInflow,reservoir
FR,h8145,3.828219110615863,scr2084,stInflow,reservoir
FR,h8146,3.828219110615863,scr2084,stInflow,reservoir
FR,h8147,3.828219110615863,scr2084,stInflow,reservoir
FR,h8148,3.828219110615863,scr2084,stInflow,reservoir
FR,h8149,3.828219110615863,scr2084,stInflow,reservoir
FR,h8150,3.828219110615863,scr2084,stInflow,reservoir
FR,h8151,3.828219110615863,scr2084,stInflow,reservoir
FR,h8152,3.828219110615863,scr2084,stInflow,reservoir
FR,h8153,3.828219110615863,scr2084,stInflow,reservoir
FR,h8154,3.828219110615863,scr2084,stInflow,reservoir
FR,h8155,3.828219110615863,scr2084,stInflow,reservoir
FR,h8156,3.828219110615863,scr2084,stInflow,reservoir
FR,h8157,3.828219110615863,scr2084,stInflow,reservoir
FR,h8158,3.828219110615863,scr2084,stInflow,reservoir
FR,h8159,3.828219110615863,scr2084,stInflow,reservoir
FR,h8160,3.828219110615863,scr2084,stInflow,reservoir
FR,h8161,3.828219110615863,scr2084,stInflow,reservoir
FR,h8162,3.828219110615863,scr2084,stInflow,reservoir
FR,h8163,3.828219110615863,scr2084,stInflow,reservoir
FR,h8164,3.828219110615863,scr2084,stInflow,reservoir
FR,h8165,3.828219110615863,scr2084,stInflow,reservoir
FR,h8166,3.828219110615863,scr2084,stInflow,reservoir
FR,h8167,3.828219110615863,scr2084,stInflow,reservoir
FR,h8168,3.828219110615863,scr2084,stInflow,reservoir
FR,h8169,3.828219110615863,scr2084,stInflow,reservoir
FR,h8170,3.828219110615863,scr2084,stInflow,reservoir
FR,h8171,3.828219110615863,scr2084,stInflow,reservoir
FR,h8172,3.828219110615863,scr2084,stInflow,reservoir
FR,h8173,3.828219110615863,scr2084,stInflow,reservoir
FR,h8174,3.828219110615863,scr2084,stInflow,reservoir
FR,h8175,3.828219110615863,scr2084,stInflow,reservoir
FR,h8176,3.828219110615863,scr2084,stInflow,reservoir
FR,h8177,3.828219110615863,scr2084,stInflow,reservoir
FR,h8178,3.828219110615863,scr2084,stInflow,reservoir
FR,h8179,3.828219110615863,scr2084,stInflow,reservoir
FR,h8180,3.828219110615863,scr2084,stInflow,reservoir
FR,h8181,3.828219110615863,scr2084,stInflow,reservoir
FR,h8182,3.828219110615863,scr2084,stInflow,reservoir
FR,h8183,3.828219110615863,scr2084,stInflow,reservoir
FR,h8184,3.828219110615863,scr2084,stInflow,reservoir
FR,h8185,3.828219110615863,scr2084,stInflow,reservoir
FR,h8186,3.828219110615863,scr2084,stInflow,reservoir
FR,h8187,3.828219110615863,scr2084,stInflow,reservoir
FR,h8188,3.828219110615863,scr2084,stInflow,reservoir
FR,h8189,3.828219110615863,scr2084,stInflow,reservoir
FR,h8190,3.828219110615863,scr2084,stInflow,reservoir
FR,h8191,3.828219110615863,scr2084,stInflow,reservoir
FR,h8192,3.828219110615863,scr2084,stInflow,reservoir
FR,h8193,3.828219110615863,scr2084,stInflow,reservoir
FR,h8194,3.828219110615863,scr2084,stInflow,reservoir
FR,h8195,3.828219110615863,scr2084,stInflow,reservoir
FR,h8196,3.828219110615863,scr2084,stInflow,reservoir
FR,h8197,3.828219110615863,scr2084,stInflow,reservoir
FR,h8198,3.828219110615863,scr2084,stInflow,reservoir
FR,h8199,3.828219110615863,scr2084,stInflow,reservoir
FR,h8200,3.828219110615863,scr2084,stInflow,reservoir
FR,h8201,3.828219110615863,scr2084,stInflow,reservoir
FR,h8202,3.828219110615863,scr2084,stInflow,reservoir
FR,h8203,3.828219110615863,scr2084,stInflow,reservoir
FR,h8204,3.828219110615863,scr2084,stInflow,reservoir
FR,h8205,3.828219110615863,scr2084,stInflow,reservoir
FR,h8206,3.828219110615863,scr2084,stInflow,reservoir
FR,h8207,3.828219110615863,scr2084,stInflow,reservoir
FR,h8208,3.828219110615863,scr2084,stInflow,reservoir
FR,h8209,3.828219110615863,scr2084,stInflow,reservoir
FR,h8210,3.828219110615863,scr2084,stInflow,reservoir
FR,h8211,3.828219110615863,scr2084,stInflow,reservoir
FR,h8212,3.828219110615863,scr2084,stInflow,reservoir
FR,h8213,3.828219110615863,scr2084,stInflow,reservoir
FR,h8214,3.828219110615863,scr2084,stInflow,reservoir
FR,h8215,3.828219110615863,scr2084,stInflow,reservoir
FR,h8216,3.828219110615863,scr2084,stInflow,reservoir
FR,h8217,3.828219110615863,scr2084,stInflow,reservoir
FR,h8218,3.828219110615863,scr2084,stInflow,reservoir
FR,h8219,3.828219110615863,scr2084,stInflow,reservoir
FR,h8220,3.828219110615863,scr2084,stInflow,reservoir
FR,h8221,3.828219110615863,scr2084,stInflow,reservoir
FR,h8222,3.828219110615863,scr2084,stInflow,reservoir
FR,h8223,3.828219110615863,scr2084,stInflow,reservoir
FR,h8224,3.828219110615863,scr2084,stInflow,reservoir
FR,h8225,3.828219110615863,scr2084,stInflow,reservoir
FR,h8226,3.828219110615863,scr2084,stInflow,reservoir
FR,h8227,3.828219110615863,scr2084,stInflow,reservoir
FR,h8228,3.828219110615863,scr2084,stInflow,reservoir
FR,h8229,3.828219110615863,scr2084,stInflow,reservoir
FR,h8230,3.828219110615863,scr2084,stInflow,reservoir
FR,h8231,3.828219110615863,scr2084,stInflow,reservoir
FR,h8232,3.828219110615863,scr2084,stInflow,reservoir
FR,h8233,3.828219110615863,scr2084,stInflow,reservoir
FR,h8234,3.828219110615863,scr2084,stInflow,reservoir
FR,h8235,3.828219110615863,scr2084,stInflow,reservoir
FR,h8236,3.828219110615863,scr2084,stInflow,reservoir
FR,h8237,3.828219110615863,scr2084,stInflow,reservoir
FR,h8238,3.828219110615863,scr2084,stInflow,reservoir
FR,h8239,3.828219110615863,scr2084,stInflow,reservoir
FR,h8240,3.828219110615863,scr2084,stInflow,reservoir
FR,h8241,3.828219110615863,scr2084,stInflow,reservoir
FR,h8242,3.828219110615863,scr2084,stInflow,reservoir
FR,h8243,3.828219110615863,scr2084,stInflow,reservoir
FR,h8244,3.828219110615863,scr2084,stInflow,reservoir
FR,h8245,3.828219110615863,scr2084,stInflow,reservoir
FR,h8246,3.828219110615863,scr2084,stInflow,reservoir
FR,h8247,3.828219110615863,scr2084,stInflow,reservoir
FR,h8248,3.828219110615863,scr2084,stInflow,reservoir
FR,h8249,3.828219110615863,scr2084,stInflow,reservoir
FR,h8250,3.828219110615863,scr2084,stInflow,reservoir
FR,h8251,3.828219110615863,scr2084,stInflow,reservoir
FR,h8252,3.828219110615863,scr2084,stInflow,reservoir
FR,h8253,3.828219110615863,scr2084,stInflow,reservoir
FR,h8254,3.828219110615863,scr2084,stInflow,reservoir
FR,h8255,3.828219110615863,scr2084,stInflow,reservoir
FR,h8256,3.828219110615863,scr2084,stInflow,reservoir
FR,h8257,3.828219110615863,scr2084,stInflow,reservoir
FR,h8258,3.828219110615863,scr2084,stInflow,reservoir
FR,h8259,3.828219110615863,scr2084,stInflow,reservoir
FR,h8260,3.828219110615863,scr2084,stInflow,reservoir
FR,h8261,3.828219110615863,scr2084,stInflow,reservoir
FR,h8262,3.828219110615863,scr2084,stInflow,reservoir
FR,h8263,3.828219110615863,scr2084,stInflow,reservoir
FR,h8264,3.828219110615863,scr2084,stInflow,reservoir
FR,h8265,3.828219110615863,scr2084,stInflow,reservoir
FR,h8266,3.828219110615863,scr2084,stInflow,reservoir
FR,h8267,3.828219110615863,scr2084,stInflow,reservoir
FR,h8268,3.828219110615863,scr2084,stInflow,reservoir
FR,h8269,3.828219110615863,scr2084,stInflow,reservoir
FR,h8270,3.828219110615863,scr2084,stInflow,reservoir
FR,h8271,3.828219110615863,scr2084,stInflow,reservoir
FR,h8272,3.828219110615863,scr2084,stInflow,reservoir
FR,h8273,3.828219110615863,scr2084,stInflow,reservoir
FR,h8274,3.828219110615863,scr2084,stInflow,reservoir
FR,h8275,3.828219110615863,scr2084,stInflow,reservoir
FR,h8276,3.828219110615863,scr2084,stInflow,reservoir
FR,h8277,3.828219110615863,scr2084,stInflow,reservoir
FR,h8278,3.828219110615863,scr2084,stInflow,reservoir
FR,h8279,3.828219110615863,scr2084,stInflow,reservoir
FR,h8280,3.828219110615863,scr2084,stInflow,reservoir
FR,h8281,3.8534207977853203,scr2084,stInflow,reservoir
FR,h8282,3.878622501435971,scr2084,stInflow,reservoir
FR,h8283,3.9038242214607433,scr2084,stInflow,reservoir
FR,h8284,3.9038242214607433,scr2084,stInflow,reservoir
FR,h8285,3.9038242214607433,scr2084,stInflow,reservoir
FR,h8286,3.9038242214607433,scr2084,stInflow,reservoir
FR,h8287,3.9038242214607433,scr2084,stInflow,reservoir
FR,h8288,3.9038242214607433,scr2084,stInflow,reservoir
FR,h8289,3.9038242214607433,scr2084,stInflow,reservoir
FR,h8290,3.9038242214607433,scr2084,stInflow,reservoir
FR,h8291,3.9038242214607433,scr2084,stInflow,reservoir
FR,h8292,3.9038242214607433,scr2084,stInflow,reservoir
FR,h8293,3.9038242214607433,scr2084,stInflow,reservoir
FR,h8294,3.9038242214607433,scr2084,stInflow,reservoir
FR,h8295,3.9038242214607433,scr2084,stInflow,reservoir
FR,h8296,3.9038242214607433,scr2084,stInflow,reservoir
FR,h8297,3.9038242214607433,scr2084,stInflow,reservoir
FR,h8298,3.9038242214607433,scr2084,stInflow,reservoir
FR,h8299,3.9038242214607433,scr2084,stInflow,reservoir
FR,h8300,3.9038242214607433,scr2084,stInflow,reservoir
FR,h8301,3.9038242214607433,scr2084,stInflow,reservoir
FR,h8302,3.9038242214607433,scr2084,stInflow,reservoir
FR,h8303,3.9038242214607433,scr2084,stInflow,reservoir
FR,h8304,3.9038242214607433,scr2084,stInflow,reservoir
FR,h8305,3.9038242214607433,scr2084,stInflow,reservoir
FR,h8306,3.9038242214607433,scr2084,stInflow,reservoir
FR,h8307,3.9038242214607433,scr2084,stInflow,reservoir
FR,h8308,3.9038242214607433,scr2084,stInflow,reservoir
FR,h8309,3.9038242214607433,scr2084,stInflow,reservoir
FR,h8310,3.9038242214607433,scr2084,stInflow,reservoir
FR,h8311,3.9038242214607433,scr2084,stInflow,reservoir
FR,h8312,3.9038242214607433,scr2084,stInflow,reservoir
FR,h8313,3.9038242214607433,scr2084,stInflow,reservoir
FR,h8314,3.9038242214607433,scr2084,stInflow,reservoir
FR,h8315,3.9038242214607433,scr2084,stInflow,reservoir
FR,h8316,3.9038242214607433,scr2084,stInflow,reservoir
FR,h8317,3.9038242214607433,scr2084,stInflow,reservoir
FR,h8318,3.9038242214607433,scr2084,stInflow,reservoir
FR,h8319,3.9038242214607433,scr2084,stInflow,reservoir
FR,h8320,3.9038242214607433,scr2084,stInflow,reservoir
FR,h8321,3.9038242214607433,scr2084,stInflow,reservoir
FR,h8322,3.9038242214607433,scr2084,stInflow,reservoir
FR,h8323,3.9038242214607433,scr2084,stInflow,reservoir
FR,h8324,3.9038242214607433,scr2084,stInflow,reservoir
FR,h8325,3.9038242214607433,scr2084,stInflow,reservoir
FR,h8326,3.9038242214607433,scr2084,stInflow,reservoir
FR,h8327,3.9038242214607433,scr2084,stInflow,reservoir
FR,h8328,3.9038242214607433,scr2084,stInflow,reservoir
FR,h8329,3.9038242214607433,scr2084,stInflow,reservoir
FR,h8330,3.9038242214607433,scr2084,stInflow,reservoir
FR,h8331,3.9038242214607433,scr2084,stInflow,reservoir
FR,h8332,3.9038242214607433,scr2084,stInflow,reservoir
FR,h8333,3.9038242214607433,scr2084,stInflow,reservoir
FR,h8334,3.9038242214607433,scr2084,stInflow,reservoir
FR,h8335,3.9038242214607433,scr2084,stInflow,reservoir
FR,h8336,3.9038242214607433,scr2084,stInflow,reservoir
FR,h8337,3.9038242214607433,scr2084,stInflow,reservoir
FR,h8338,3.9038242214607433,scr2084,stInflow,reservoir
FR,h8339,3.9038242214607433,scr2084,stInflow,reservoir
FR,h8340,3.9038242214607433,scr2084,stInflow,reservoir
FR,h8341,3.9038242214607433,scr2084,stInflow,reservoir
FR,h8342,3.9038242214607433,scr2084,stInflow,reservoir
FR,h8343,3.9038242214607433,scr2084,stInflow,reservoir
FR,h8344,3.9038242214607433,scr2084,stInflow,reservoir
FR,h8345,3.9038242214607433,scr2084,stInflow,reservoir
FR,h8346,3.9038242214607433,scr2084,stInflow,reservoir
FR,h8347,3.9038242214607433,scr2084,stInflow,reservoir
FR,h8348,3.9038242214607433,scr2084,stInflow,reservoir
FR,h8349,3.9038242214607433,scr2084,stInflow,reservoir
FR,h8350,3.9038242214607433,scr2084,stInflow,reservoir
FR,h8351,3.9038242214607433,scr2084,stInflow,reservoir
FR,h8352,3.9038242214607433,scr2084,stInflow,reservoir
FR,h8353,3.9038242214607433,scr2084,stInflow,reservoir
FR,h8354,3.9038242214607433,scr2084,stInflow,reservoir
FR,h8355,3.9038242214607433,scr2084,stInflow,reservoir
FR,h8356,3.9038242214607433,scr2084,stInflow,reservoir
FR,h8357,3.9038242214607433,scr2084,stInflow,reservoir
FR,h8358,3.9038242214607433,scr2084,stInflow,reservoir
FR,h8359,3.9038242214607433,scr2084,stInflow,reservoir
FR,h8360,3.9038242214607433,scr2084,stInflow,reservoir
FR,h8361,3.9038242214607433,scr2084,stInflow,reservoir
FR,h8362,3.9038242214607433,scr2084,stInflow,reservoir
FR,h8363,3.9038242214607433,scr2084,stInflow,reservoir
FR,h8364,3.9038242214607433,scr2084,stInflow,reservoir
FR,h8365,3.9038242214607433,scr2084,stInflow,reservoir
FR,h8366,3.9038242214607433,scr2084,stInflow,reservoir
FR,h8367,3.9038242214607433,scr2084,stInflow,reservoir
FR,h8368,3.9038242214607433,scr2084,stInflow,reservoir
FR,h8369,3.9038242214607433,scr2084,stInflow,reservoir
FR,h8370,3.9038242214607433,scr2084,stInflow,reservoir
FR,h8371,3.9038242214607433,scr2084,stInflow,reservoir
FR,h8372,3.9038242214607433,scr2084,stInflow,reservoir
FR,h8373,3.9038242214607433,scr2084,stInflow,reservoir
FR,h8374,3.9038242214607433,scr2084,stInflow,reservoir
FR,h8375,3.9038242214607433,scr2084,stInflow,reservoir
FR,h8376,3.9038242214607433,scr2084,stInflow,reservoir
FR,h8377,3.9038242214607433,scr2084,stInflow,reservoir
FR,h8378,3.9038242214607433,scr2084,stInflow,reservoir
FR,h8379,3.9038242214607433,scr2084,stInflow,reservoir
FR,h8380,3.9038242214607433,scr2084,stInflow,reservoir
FR,h8381,3.9038242214607433,scr2084,stInflow,reservoir
FR,h8382,3.9038242214607433,scr2084,stInflow,reservoir
FR,h8383,3.9038242214607433,scr2084,stInflow,reservoir
FR,h8384,3.9038242214607433,scr2084,stInflow,reservoir
FR,h8385,3.9038242214607433,scr2084,stInflow,reservoir
FR,h8386,3.9038242214607433,scr2084,stInflow,reservoir
FR,h8387,3.9038242214607433,scr2084,stInflow,reservoir
FR,h8388,3.9038242214607433,scr2084,stInflow,reservoir
FR,h8389,3.9038242214607433,scr2084,stInflow,reservoir
FR,h8390,3.9038242214607433,scr2084,stInflow,reservoir
FR,h8391,3.9038242214607433,scr2084,stInflow,reservoir
FR,h8392,3.9038242214607433,scr2084,stInflow,reservoir
FR,h8393,3.9038242214607433,scr2084,stInflow,reservoir
FR,h8394,3.9038242214607433,scr2084,stInflow,reservoir
FR,h8395,3.9038242214607433,scr2084,stInflow,reservoir
FR,h8396,3.9038242214607433,scr2084,stInflow,reservoir
FR,h8397,3.9038242214607433,scr2084,stInflow,reservoir
FR,h8398,3.9038242214607433,scr2084,stInflow,reservoir
FR,h8399,3.9038242214607433,scr2084,stInflow,reservoir
FR,h8400,3.9038242214607433,scr2084,stInflow,reservoir
FR,h8401,3.9038242214607433,scr2084,stInflow,reservoir
FR,h8402,3.9038242214607433,scr2084,stInflow,reservoir
FR,h8403,3.9038242214607433,scr2084,stInflow,reservoir
FR,h8404,3.9038242214607433,scr2084,stInflow,reservoir
FR,h8405,3.9038242214607433,scr2084,stInflow,reservoir
FR,h8406,3.9038242214607433,scr2084,stInflow,reservoir
FR,h8407,3.9038242214607433,scr2084,stInflow,reservoir
FR,h8408,3.9038242214607433,scr2084,stInflow,reservoir
FR,h8409,3.9038242214607433,scr2084,stInflow,reservoir
FR,h8410,3.9038242214607433,scr2084,stInflow,reservoir
FR,h8411,3.9038242214607433,scr2084,stInflow,reservoir
FR,h8412,3.9038242214607433,scr2084,stInflow,reservoir
FR,h8413,3.9038242214607433,scr2084,stInflow,reservoir
FR,h8414,3.9038242214607433,scr2084,stInflow,reservoir
FR,h8415,3.9038242214607433,scr2084,stInflow,reservoir
FR,h8416,3.9038242214607433,scr2084,stInflow,reservoir
FR,h8417,3.9038242214607433,scr2084,stInflow,reservoir
FR,h8418,3.9038242214607433,scr2084,stInflow,reservoir
FR,h8419,3.9038242214607433,scr2084,stInflow,reservoir
FR,h8420,3.9038242214607433,scr2084,stInflow,reservoir
FR,h8421,3.9038242214607433,scr2084,stInflow,reservoir
FR,h8422,3.9038242214607433,scr2084,stInflow,reservoir
FR,h8423,3.9038242214607433,scr2084,stInflow,reservoir
FR,h8424,3.9038242214607433,scr2084,stInflow,reservoir
FR,h8425,3.9038242214607433,scr2084,stInflow,reservoir
FR,h8426,3.9038242214607433,scr2084,stInflow,reservoir
FR,h8427,3.9038242214607433,scr2084,stInflow,reservoir
FR,h8428,3.9038242214607433,scr2084,stInflow,reservoir
FR,h8429,3.9038242214607433,scr2084,stInflow,reservoir
FR,h8430,3.9038242214607433,scr2084,stInflow,reservoir
FR,h8431,3.9038242214607433,scr2084,stInflow,reservoir
FR,h8432,3.9038242214607433,scr2084,stInflow,reservoir
FR,h8433,3.9038242214607433,scr2084,stInflow,reservoir
FR,h8434,3.9038242214607433,scr2084,stInflow,reservoir
FR,h8435,3.9038242214607433,scr2084,stInflow,reservoir
FR,h8436,3.9038242214607433,scr2084,stInflow,reservoir
FR,h8437,3.9038242214607433,scr2084,stInflow,reservoir
FR,h8438,3.9038242214607433,scr2084,stInflow,reservoir
FR,h8439,3.9038242214607433,scr2084,stInflow,reservoir
FR,h8440,3.9038242214607433,scr2084,stInflow,reservoir
FR,h8441,3.9038242214607433,scr2084,stInflow,reservoir
FR,h8442,3.9038242214607433,scr2084,stInflow,reservoir
FR,h8443,3.9038242214607433,scr2084,stInflow,reservoir
FR,h8444,3.9038242214607433,scr2084,stInflow,reservoir
FR,h8445,3.9038242214607433,scr2084,stInflow,reservoir
FR,h8446,3.9038242214607433,scr2084,stInflow,reservoir
FR,h8447,3.9038242214607433,scr2084,stInflow,reservoir
FR,h8448,3.9038242214607433,scr2084,stInflow,reservoir
FR,h8449,3.903975142167673,scr2084,stInflow,reservoir
FR,h8450,3.9041260628751853,scr2084,stInflow,reservoir
FR,h8451,3.9042769835832822,scr2084,stInflow,reservoir
FR,h8452,3.9042769835832822,scr2084,stInflow,reservoir
FR,h8453,3.9042769835832822,scr2084,stInflow,reservoir
FR,h8454,3.9042769835832822,scr2084,stInflow,reservoir
FR,h8455,3.9042769835832822,scr2084,stInflow,reservoir
FR,h8456,3.9042769835832822,scr2084,stInflow,reservoir
FR,h8457,3.9042769835832822,scr2084,stInflow,reservoir
FR,h8458,3.9042769835832822,scr2084,stInflow,reservoir
FR,h8459,3.9042769835832822,scr2084,stInflow,reservoir
FR,h8460,3.9042769835832822,scr2084,stInflow,reservoir
FR,h8461,3.9042769835832822,scr2084,stInflow,reservoir
FR,h8462,3.9042769835832822,scr2084,stInflow,reservoir
FR,h8463,3.9042769835832822,scr2084,stInflow,reservoir
FR,h8464,3.9042769835832822,scr2084,stInflow,reservoir
FR,h8465,3.9042769835832822,scr2084,stInflow,reservoir
FR,h8466,3.9042769835832822,scr2084,stInflow,reservoir
FR,h8467,3.9042769835832822,scr2084,stInflow,reservoir
FR,h8468,3.9042769835832822,scr2084,stInflow,reservoir
FR,h8469,3.9042769835832822,scr2084,stInflow,reservoir
FR,h8470,3.9042769835832822,scr2084,stInflow,reservoir
FR,h8471,3.9042769835832822,scr2084,stInflow,reservoir
FR,h8472,3.9042769835832822,scr2084,stInflow,reservoir
FR,h8473,3.9042769835832822,scr2084,stInflow,reservoir
FR,h8474,3.9042769835832822,scr2084,stInflow,reservoir
FR,h8475,3.9042769835832822,scr2084,stInflow,reservoir
FR,h8476,3.9042769835832822,scr2084,stInflow,reservoir
FR,h8477,3.9042769835832822,scr2084,stInflow,reservoir
FR,h8478,3.9042769835832822,scr2084,stInflow,reservoir
FR,h8479,3.9042769835832822,scr2084,stInflow,reservoir
FR,h8480,3.9042769835832822,scr2084,stInflow,reservoir
FR,h8481,3.9042769835832822,scr2084,stInflow,reservoir
FR,h8482,3.9042769835832822,scr2084,stInflow,reservoir
FR,h8483,3.9042769835832822,scr2084,stInflow,reservoir
FR,h8484,3.9042769835832822,scr2084,stInflow,reservoir
FR,h8485,3.9042769835832822,scr2084,stInflow,reservoir
FR,h8486,3.9042769835832822,scr2084,stInflow,reservoir
FR,h8487,3.9042769835832822,scr2084,stInflow,reservoir
FR,h8488,3.9042769835832822,scr2084,stInflow,reservoir
FR,h8489,3.9042769835832822,scr2084,stInflow,reservoir
FR,h8490,3.9042769835832822,scr2084,stInflow,reservoir
FR,h8491,3.9042769835832822,scr2084,stInflow,reservoir
FR,h8492,3.9042769835832822,scr2084,stInflow,reservoir
FR,h8493,3.9042769835832822,scr2084,stInflow,reservoir
FR,h8494,3.9042769835832822,scr2084,stInflow,reservoir
FR,h8495,3.9042769835832822,scr2084,stInflow,reservoir
FR,h8496,3.9042769835832822,scr2084,stInflow,reservoir
FR,h8497,3.9042769835832822,scr2084,stInflow,reservoir
FR,h8498,3.9042769835832822,scr2084,stInflow,reservoir
FR,h8499,3.9042769835832822,scr2084,stInflow,reservoir
FR,h8500,3.9042769835832822,scr2084,stInflow,reservoir
FR,h8501,3.9042769835832822,scr2084,stInflow,reservoir
FR,h8502,3.9042769835832822,scr2084,stInflow,reservoir
FR,h8503,3.9042769835832822,scr2084,stInflow,reservoir
FR,h8504,3.9042769835832822,scr2084,stInflow,reservoir
FR,h8505,3.9042769835832822,scr2084,stInflow,reservoir
FR,h8506,3.9042769835832822,scr2084,stInflow,reservoir
FR,h8507,3.9042769835832822,scr2084,stInflow,reservoir
FR,h8508,3.9042769835832822,scr2084,stInflow,reservoir
FR,h8509,3.9042769835832822,scr2084,stInflow,reservoir
FR,h8510,3.9042769835832822,scr2084,stInflow,reservoir
FR,h8511,3.9042769835832822,scr2084,stInflow,reservoir
FR,h8512,3.9042769835832822,scr2084,stInflow,reservoir
FR,h8513,3.9042769835832822,scr2084,stInflow,reservoir
FR,h8514,3.9042769835832822,scr2084,stInflow,reservoir
FR,h8515,3.9042769835832822,scr2084,stInflow,reservoir
FR,h8516,3.9042769835832822,scr2084,stInflow,reservoir
FR,h8517,3.9042769835832822,scr2084,stInflow,reservoir
FR,h8518,3.9042769835832822,scr2084,stInflow,reservoir
FR,h8519,3.9042769835832822,scr2084,stInflow,reservoir
FR,h8520,3.9042769835832822,scr2084,stInflow,reservoir
FR,h8521,3.9042769835832822,scr2084,stInflow,reservoir
FR,h8522,3.9042769835832822,scr2084,stInflow,reservoir
FR,h8523,3.9042769835832822,scr2084,stInflow,reservoir
FR,h8524,3.9042769835832822,scr2084,stInflow,reservoir
FR,h8525,3.9042769835832822,scr2084,stInflow,reservoir
FR,h8526,3.9042769835832822,scr2084,stInflow,reservoir
FR,h8527,3.9042769835832822,scr2084,stInflow,reservoir
FR,h8528,3.9042769835832822,scr2084,stInflow,reservoir
FR,h8529,3.9042769835832822,scr2084,stInflow,reservoir
FR,h8530,3.9042769835832822,scr2084,stInflow,reservoir
FR,h8531,3.9042769835832822,scr2084,stInflow,reservoir
FR,h8532,3.9042769835832822,scr2084,stInflow,reservoir
FR,h8533,3.9042769835832822,scr2084,stInflow,reservoir
FR,h8534,3.9042769835832822,scr2084,stInflow,reservoir
FR,h8535,3.9042769835832822,scr2084,stInflow,reservoir
FR,h8536,3.9042769835832822,scr2084,stInflow,reservoir
FR,h8537,3.9042769835832822,scr2084,stInflow,reservoir
FR,h8538,3.9042769835832822,scr2084,stInflow,reservoir
FR,h8539,3.9042769835832822,scr2084,stInflow,reservoir
FR,h8540,3.9042769835832822,scr2084,stInflow,reservoir
FR,h8541,3.9042769835832822,scr2084,stInflow,reservoir
FR,h8542,3.9042769835832822,scr2084,stInflow,reservoir
FR,h8543,3.9042769835832822,scr2084,stInflow,reservoir
FR,h8544,3.9042769835832822,scr2084,stInflow,reservoir
FR,h8545,3.9042769835832822,scr2084,stInflow,reservoir
FR,h8546,3.9042769835832822,scr2084,stInflow,reservoir
FR,h8547,3.9042769835832822,scr2084,stInflow,reservoir
FR,h8548,3.9042769835832822,scr2084,stInflow,reservoir
FR,h8549,3.9042769835832822,scr2084,stInflow,reservoir
FR,h8550,3.9042769835832822,scr2084,stInflow,reservoir
FR,h8551,3.9042769835832822,scr2084,stInflow,reservoir
FR,h8552,3.9042769835832822,scr2084,stInflow,reservoir
FR,h8553,3.9042769835832822,scr2084,stInflow,reservoir
FR,h8554,3.9042769835832822,scr2084,stInflow,reservoir
FR,h8555,3.9042769835832822,scr2084,stInflow,reservoir
FR,h8556,3.9042769835832822,scr2084,stInflow,reservoir
FR,h8557,3.9042769835832822,scr2084,stInflow,reservoir
FR,h8558,3.9042769835832822,scr2084,stInflow,reservoir
FR,h8559,3.9042769835832822,scr2084,stInflow,reservoir
FR,h8560,3.9042769835832822,scr2084,stInflow,reservoir
FR,h8561,3.9042769835832822,scr2084,stInflow,reservoir
FR,h8562,3.9042769835832822,scr2084,stInflow,reservoir
FR,h8563,3.9042769835832822,scr2084,stInflow,reservoir
FR,h8564,3.9042769835832822,scr2084,stInflow,reservoir
FR,h8565,3.9042769835832822,scr2084,stInflow,reservoir
FR,h8566,3.9042769835832822,scr2084,stInflow,reservoir
FR,h8567,3.9042769835832822,scr2084,stInflow,reservoir
FR,h8568,3.9042769835832822,scr2084,stInflow,reservoir
FR,h8569,3.9042769835832822,scr2084,stInflow,reservoir
FR,h8570,3.9042769835832822,scr2084,stInflow,reservoir
FR,h8571,3.9042769835832822,scr2084,stInflow,reservoir
FR,h8572,3.9042769835832822,scr2084,stInflow,reservoir
FR,h8573,3.9042769835832822,scr2084,stInflow,reservoir
FR,h8574,3.9042769835832822,scr2084,stInflow,reservoir
FR,h8575,3.9042769835832822,scr2084,stInflow,reservoir
FR,h8576,3.9042769835832822,scr2084,stInflow,reservoir
FR,h8577,3.9042769835832822,scr2084,stInflow,reservoir
FR,h8578,3.9042769835832822,scr2084,stInflow,reservoir
FR,h8579,3.9042769835832822,scr2084,stInflow,reservoir
FR,h8580,3.9042769835832822,scr2084,stInflow,reservoir
FR,h8581,3.9042769835832822,scr2084,stInflow,reservoir
FR,h8582,3.9042769835832822,scr2084,stInflow,reservoir
FR,h8583,3.9042769835832822,scr2084,stInflow,reservoir
FR,h8584,3.9042769835832822,scr2084,stInflow,reservoir
FR,h8585,3.9042769835832822,scr2084,stInflow,reservoir
FR,h8586,3.9042769835832822,scr2084,stInflow,reservoir
FR,h8587,3.9042769835832822,scr2084,stInflow,reservoir
FR,h8588,3.9042769835832822,scr2084,stInflow,reservoir
FR,h8589,3.9042769835832822,scr2084,stInflow,reservoir
FR,h8590,3.9042769835832822,scr2084,stInflow,reservoir
FR,h8591,3.9042769835832822,scr2084,stInflow,reservoir
FR,h8592,3.9042769835832822,scr2084,stInflow,reservoir
FR,h8593,3.9042769835832822,scr2084,stInflow,reservoir
FR,h8594,3.9042769835832822,scr2084,stInflow,reservoir
FR,h8595,3.9042769835832822,scr2084,stInflow,reservoir
FR,h8596,3.9042769835832822,scr2084,stInflow,reservoir
FR,h8597,3.9042769835832822,scr2084,stInflow,reservoir
FR,h8598,3.9042769835832822,scr2084,stInflow,reservoir
FR,h8599,3.9042769835832822,scr2084,stInflow,reservoir
FR,h8600,3.9042769835832822,scr2084,stInflow,reservoir
FR,h8601,3.9042769835832822,scr2084,stInflow,reservoir
FR,h8602,3.9042769835832822,scr2084,stInflow,reservoir
FR,h8603,3.9042769835832822,scr2084,stInflow,reservoir
FR,h8604,3.9042769835832822,scr2084,stInflow,reservoir
FR,h8605,3.9042769835832822,scr2084,stInflow,reservoir
FR,h8606,3.9042769835832822,scr2084,stInflow,reservoir
FR,h8607,3.9042769835832822,scr2084,stInflow,reservoir
FR,h8608,3.9042769835832822,scr2084,stInflow,reservoir
FR,h8609,3.9042769835832822,scr2084,stInflow,reservoir
FR,h8610,3.9042769835832822,scr2084,stInflow,reservoir
FR,h8611,3.9042769835832822,scr2084,stInflow,reservoir
FR,h8612,3.9042769835832822,scr2084,stInflow,reservoir
FR,h8613,3.9042769835832822,scr2084,stInflow,reservoir
FR,h8614,3.9042769835832822,scr2084,stInflow,reservoir
FR,h8615,3.9042769835832822,scr2084,stInflow,reservoir
FR,h8616,3.9042769835832822,scr2084,stInflow,reservoir
FR,h8617,3.9296108389624402,scr2084,stInflow,reservoir
FR,h8618,3.954944710673189,scr2084,stInflow,reservoir
FR,h8619,3.980278598610929,scr2084,stInflow,reservoir
FR,h8620,3.980278598610929,scr2084,stInflow,reservoir
FR,h8621,3.980278598610929,scr2084,stInflow,reservoir
FR,h8622,3.980278598610929,scr2084,stInflow,reservoir
FR,h8623,3.980278598610929,scr2084,stInflow,reservoir
FR,h8624,3.980278598610929,scr2084,stInflow,reservoir
FR,h8625,3.980278598610929,scr2084,stInflow,reservoir
FR,h8626,3.980278598610929,scr2084,stInflow,reservoir
FR,h8627,3.980278598610929,scr2084,stInflow,reservoir
FR,h8628,3.980278598610929,scr2084,stInflow,reservoir
FR,h8629,3.980278598610929,scr2084,stInflow,reservoir
FR,h8630,3.980278598610929,scr2084,stInflow,reservoir
FR,h8631,3.980278598610929,scr2084,stInflow,reservoir
FR,h8632,3.980278598610929,scr2084,stInflow,reservoir
FR,h8633,3.980278598610929,scr2084,stInflow,reservoir
FR,h8634,3.980278598610929,scr2084,stInflow,reservoir
FR,h8635,3.980278598610929,scr2084,stInflow,reservoir
FR,h8636,3.980278598610929,scr2084,stInflow,reservoir
FR,h8637,3.980278598610929,scr2084,stInflow,reservoir
FR,h8638,3.980278598610929,scr2084,stInflow,reservoir
FR,h8639,3.980278598610929,scr2084,stInflow,reservoir
FR,h8640,3.980278598610929,scr2084,stInflow,reservoir
FR,h8641,3.980278598610929,scr2084,stInflow,reservoir
FR,h8642,3.980278598610929,scr2084,stInflow,reservoir
FR,h8643,3.980278598610929,scr2084,stInflow,reservoir
FR,h8644,3.980278598610929,scr2084,stInflow,reservoir
FR,h8645,3.980278598610929,scr2084,stInflow,reservoir
FR,h8646,3.980278598610929,scr2084,stInflow,reservoir
FR,h8647,3.980278598610929,scr2084,stInflow,reservoir
FR,h8648,3.980278598610929,scr2084,stInflow,reservoir
FR,h8649,3.980278598610929,scr2084,stInflow,reservoir
FR,h8650,3.980278598610929,scr2084,stInflow,reservoir
FR,h8651,3.980278598610929,scr2084,stInflow,reservoir
FR,h8652,3.980278598610929,scr2084,stInflow,reservoir
FR,h8653,3.980278598610929,scr2084,stInflow,reservoir
FR,h8654,3.980278598610929,scr2084,stInflow,reservoir
FR,h8655,3.980278598610929,scr2084,stInflow,reservoir
FR,h8656,3.980278598610929,scr2084,stInflow,reservoir
FR,h8657,3.980278598610929,scr2084,stInflow,reservoir
FR,h8658,3.980278598610929,scr2084,stInflow,reservoir
FR,h8659,3.980278598610929,scr2084,stInflow,reservoir
FR,h8660,3.980278598610929,scr2084,stInflow,reservoir
FR,h8661,3.980278598610929,scr2084,stInflow,reservoir
FR,h8662,3.980278598610929,scr2084,stInflow,reservoir
FR,h8663,3.980278598610929,scr2084,stInflow,reservoir
FR,h8664,3.980278598610929,scr2084,stInflow,reservoir
FR,h8665,3.980278598610929,scr2084,stInflow,reservoir
FR,h8666,3.980278598610929,scr2084,stInflow,reservoir
FR,h8667,3.980278598610929,scr2084,stInflow,reservoir
FR,h8668,3.980278598610929,scr2084,stInflow,reservoir
FR,h8669,3.980278598610929,scr2084,stInflow,reservoir
FR,h8670,3.980278598610929,scr2084,stInflow,reservoir
FR,h8671,3.980278598610929,scr2084,stInflow,reservoir
FR,h8672,3.980278598610929,scr2084,stInflow,reservoir
FR,h8673,3.980278598610929,scr2084,stInflow,reservoir
FR,h8674,3.980278598610929,scr2084,stInflow,reservoir
FR,h8675,3.980278598610929,scr2084,stInflow,reservoir
FR,h8676,3.980278598610929,scr2084,stInflow,reservoir
FR,h8677,3.980278598610929,scr2084,stInflow,reservoir
FR,h8678,3.980278598610929,scr2084,stInflow,reservoir
FR,h8679,3.980278598610929,scr2084,stInflow,reservoir
FR,h8680,3.980278598610929,scr2084,stInflow,reservoir
FR,h8681,3.980278598610929,scr2084,stInflow,reservoir
FR,h8682,3.980278598610929,scr2084,stInflow,reservoir
FR,h8683,3.980278598610929,scr2084,stInflow,reservoir
FR,h8684,3.980278598610929,scr2084,stInflow,reservoir
FR,h8685,3.980278598610929,scr2084,stInflow,reservoir
FR,h8686,3.980278598610929,scr2084,stInflow,reservoir
FR,h8687,3.980278598610929,scr2084,stInflow,reservoir
FR,h8688,3.980278598610929,scr2084,stInflow,reservoir
FR,h8689,3.980278598610929,scr2084,stInflow,reservoir
FR,h8690,3.980278598610929,scr2084,stInflow,reservoir
FR,h8691,3.980278598610929,scr2084,stInflow,reservoir
FR,h8692,3.980278598610929,scr2084,stInflow,reservoir
FR,h8693,3.980278598610929,scr2084,stInflow,reservoir
FR,h8694,3.980278598610929,scr2084,stInflow,reservoir
FR,h8695,3.980278598610929,scr2084,stInflow,reservoir
FR,h8696,3.980278598610929,scr2084,stInflow,reservoir
FR,h8697,3.980278598610929,scr2084,stInflow,reservoir
FR,h8698,3.980278598610929,scr2084,stInflow,reservoir
FR,h8699,3.980278598610929,scr2084,stInflow,reservoir
FR,h8700,3.980278598610929,scr2084,stInflow,reservoir
FR,h8701,3.980278598610929,scr2084,stInflow,reservoir
FR,h8702,3.980278598610929,scr2084,stInflow,reservoir
FR,h8703,3.980278598610929,scr2084,stInflow,reservoir
FR,h8704,3.980278598610929,scr2084,stInflow,reservoir
FR,h8705,3.980278598610929,scr2084,stInflow,reservoir
FR,h8706,3.980278598610929,scr2084,stInflow,reservoir
FR,h8707,3.980278598610929,scr2084,stInflow,reservoir
FR,h8708,3.980278598610929,scr2084,stInflow,reservoir
FR,h8709,3.980278598610929,scr2084,stInflow,reservoir
FR,h8710,3.980278598610929,scr2084,stInflow,reservoir
FR,h8711,3.980278598610929,scr2084,stInflow,reservoir
FR,h8712,3.980278598610929,scr2084,stInflow,reservoir
FR,h8713,3.980278598610929,scr2084,stInflow,reservoir
FR,h8714,3.980278598610929,scr2084,stInflow,reservoir
FR,h8715,3.980278598610929,scr2084,stInflow,reservoir
FR,h8716,3.980278598610929,scr2084,stInflow,reservoir
FR,h8717,3.980278598610929,scr2084,stInflow,reservoir
FR,h8718,3.980278598610929,scr2084,stInflow,reservoir
FR,h8719,3.980278598610929,scr2084,stInflow,reservoir
FR,h8720,3.980278598610929,scr2084,stInflow,reservoir
FR,h8721,3.980278598610929,scr2084,stInflow,reservoir
FR,h8722,3.980278598610929,scr2084,stInflow,reservoir
FR,h8723,3.980278598610929,scr2084,stInflow,reservoir
FR,h8724,3.980278598610929,scr2084,stInflow,reservoir
FR,h8725,3.980278598610929,scr2084,stInflow,reservoir
FR,h8726,3.980278598610929,scr2084,stInflow,reservoir
FR,h8727,3.980278598610929,scr2084,stInflow,reservoir
FR,h8728,3.980278598610929,scr2084,stInflow,reservoir
FR,h8729,3.980278598610929,scr2084,stInflow,reservoir
FR,h8730,3.980278598610929,scr2084,stInflow,reservoir
FR,h8731,3.980278598610929,scr2084,stInflow,reservoir
FR,h8732,3.980278598610929,scr2084,stInflow,reservoir
FR,h8733,3.980278598610929,scr2084,stInflow,reservoir
FR,h8734,3.980278598610929,scr2084,stInflow,reservoir
FR,h8735,3.980278598610929,scr2084,stInflow,reservoir
FR,h8736,3.980278598610929,scr2084,stInflow,reservoir
FR,h8737,3.980278598610929,scr2084,stInflow,reservoir
FR,h8738,3.980278598610929,scr2084,stInflow,reservoir
FR,h8739,3.980278598610929,scr2084,stInflow,reservoir
FR,h8740,3.980278598610929,scr2084,stInflow,reservoir
FR,h8741,3.980278598610929,scr2084,stInflow,reservoir
FR,h8742,3.980278598610929,scr2084,stInflow,reservoir
FR,h8743,3.980278598610929,scr2084,stInflow,reservoir
FR,h8744,3.980278598610929,scr2084,stInflow,reservoir
FR,h8745,3.980278598610929,scr2084,stInflow,reservoir
FR,h8746,3.980278598610929,scr2084,stInflow,reservoir
FR,h8747,3.980278598610929,scr2084,stInflow,reservoir
FR,h8748,3.980278598610929,scr2084,stInflow,reservoir
FR,h8749,3.980278598610929,scr2084,stInflow,reservoir
FR,h8750,3.980278598610929,scr2084,stInflow,reservoir
FR,h8751,3.980278598610929,scr2084,stInflow,reservoir
FR,h8752,3.980278598610929,scr2084,stInflow,reservoir
FR,h8753,3.980278598610929,scr2084,stInflow,reservoir
FR,h8754,3.980278598610929,scr2084,stInflow,reservoir
FR,h8755,3.980278598610929,scr2084,stInflow,reservoir
FR,h8756,3.980278598610929,scr2084,stInflow,reservoir
FR,h8757,3.980278598610929,scr2084,stInflow,reservoir
FR,h8758,3.980278598610929,scr2084,stInflow,reservoir
FR,h8759,3.980278598610929,scr2084,stInflow,reservoir
FR,h8760,3.980278598610929,scr2084,stInflow,reservoir
IT,h8041,2.128683452617054,scr2084,stInflow,reservoir
IT,h8042,2.128683452617054,scr2084,stInflow,reservoir
IT,h8043,2.128683452617054,scr2084,stInflow,reservoir
IT,h8044,2.128683452617054,scr2084,stInflow,reservoir
IT,h8045,2.128683452617054,scr2084,stInflow,reservoir
IT,h8046,2.128683452617054,scr2084,stInflow,reservoir
IT,h8047,2.128683452617054,scr2084,stInflow,reservoir
IT,h8048,2.128683452617054,scr2084,stInflow,reservoir
IT,h8049,2.128683452617054,scr2084,stInflow,reservoir
IT,h8050,2.128683452617054,scr2084,stInflow,reservoir
IT,h8051,2.128683452617054,scr2084,stInflow,reservoir
IT,h8052,2.128683452617054,scr2084,stInflow,reservoir
IT,h8053,2.128683452617054,scr2084,stInflow,reservoir
IT,h8054,2.128683452617054,scr2084,stInflow,reservoir
IT,h8055,2.128683452617054,scr2084,stInflow,reservoir
IT,h8056,2.128683452617054,scr2084,stInflow,reservoir
IT,h8057,2.128683452617054,scr2084,stInflow,reservoir
IT,h8058,2.128683452617054,scr2084,stInflow,reservoir
IT,h8059,2.128683452617054,scr2084,stInflow,reservoir
IT,h8060,2.128683452617054,scr2084,stInflow,reservoir
IT,h8061,2.128683452617054,scr2084,stInflow,reservoir
IT,h8062,2.128683452617054,scr2084,stInflow,reservoir
IT,h8063,2.128683452617054,scr2084,stInflow,reservoir
IT,h8064,2.128683452617054,scr2084,stInflow,reservoir
IT,h8065,2.128683452617054,scr2084,stInflow,reservoir
IT,h8066,2.128683452617054,scr2084,stInflow,reservoir
IT,h8067,2.128683452617054,scr2084,stInflow,reservoir
IT,h8068,2.128683452617054,scr2084,stInflow,reservoir
IT,h8069,2.128683452617054,scr2084,stInflow,reservoir
IT,h8070,2.128683452617054,scr2084,stInflow,reservoir
IT,h8071,2.128683452617054,scr2084,stInflow,reservoir
IT,h8072,2.128683452617054,scr2084,stInflow,reservoir
IT,h8073,2.128683452617054,scr2084,stInflow,reservoir
IT,h8074,2.128683452617054,scr2084,stInflow,reservoir
IT,h8075,2.128683452617054,scr2084,stInflow,reservoir
IT,h8076,2.128683452617054,scr2084,stInflow,reservoir
IT,h8077,2.128683452617054,scr2084,stInflow,reservoir
IT,h8078,2.128683452617054,scr2084,stInflow,reservoir
IT,h8079,2.128683452617054,scr2084,stInflow,reservoir
IT,h8080,2.128683452617054,scr2084,stInflow,reservoir
IT,h8081,2.128683452617054,scr2084,stInflow,reservoir
IT,h8082,2.128683452617054,scr2084,stInflow,reservoir
IT,h8083,2.128683452617054,scr2084,stInflow,reservoir
IT,h8084,2.128683452617054,scr2084,stInflow,reservoir
IT,h8085,2.128683452617054,scr2084,stInflow,reservoir
IT,h8086,2.128683452617054,scr2084,stInflow,reservoir
IT,h8087,2.128683452617054,scr2084,stInflow,reservoir
IT,h8088,2.128683452617054,scr2084,stInflow,reservoir
IT,h8089,2.128683452617054,scr2084,stInflow,reservoir
IT,h8090,2.128683452617054,scr2084,stInflow,reservoir
IT,h8091,2.128683452617054,scr2084,stInflow,reservoir
IT,h8092,2.128683452617054,scr2084,stInflow,reservoir
IT,h8093,2.128683452617054,scr2084,stInflow,reservoir
IT,h8094,2.128683452617054,scr2084,stInflow,reservoir
IT,h8095,2.128683452617054,scr2084,stInflow,reservoir
IT,h8096,2.128683452617054,scr2084,stInflow,reservoir
IT,h8097,2.128683452617054,scr2084,stInflow,reservoir
IT,h8098,2.128683452617054,scr2084,stInflow,reservoir
IT,h8099,2.128683452617054,scr2084,stInflow,reservoir
IT,h8100,2.128683452617054,scr2084,stInflow,reservoir
IT,h8101,2.128683452617054,scr2084,stInflow,reservoir
IT,h8102,2.128683452617054,scr2084,stInflow,reservoir
IT,h8103,2.128683452617054,scr2084,stInflow,reservoir
IT,h8104,2.128683452617054,scr2084,stInflow,reservoir
IT,h8105,2.128683452617054,scr2084,stInflow,reservoir
IT,h8106,2.128683452617054,scr2084,stInflow,reservoir
IT,h8107,2.128683452617054,scr2084,stInflow,reservoir
IT,h8108,2.128683452617054,scr2084,stInflow,reservoir
IT,h8109,2.128683452617054,scr2084,stInflow,reservoir
IT,h8110,2.128683452617054,scr2084,stInflow,reservoir
IT,h8111,2.128683452617054,scr2084,stInflow,reservoir
IT,h8112,2.128683452617054,scr2084,stInflow,reservoir
IT,h8113,2.2681084350917686,scr2084,stInflow,reservoir
IT,h8114,2.4075342751091315,scr2084,stInflow,reservoir
IT,h8115,2.546960922958618,scr2084,stInflow,reservoir
IT,h8116,2.546960922958618,scr2084,stInflow,reservoir
IT,h8117,2.546960922958618,scr2084,stInflow,reservoir
IT,h8118,2.546960922958618,scr2084,stInflow,reservoir
IT,h8119,2.546960922958618,scr2084,stInflow,reservoir
IT,h8120,2.546960922958618,scr2084,stInflow,reservoir
IT,h8121,2.546960922958618,scr2084,stInflow,reservoir
IT,h8122,2.546960922958618,scr2084,stInflow,reservoir
IT,h8123,2.546960922958618,scr2084,stInflow,reservoir
IT,h8124,2.546960922958618,scr2084,stInflow,reservoir
IT,h8125,2.546960922958618,scr2084,stInflow,reservoir
IT,h8126,2.546960922958618,scr2084,stInflow,reservoir
IT,h8127,2.546960922958618,scr2084,stInflow,reservoir
IT,h8128,2.546960922958618,scr2084,stInflow,reservoir
IT,h8129,2.546960922958618,scr2084,stInflow,reservoir
IT,h8130,2.546960922958618,scr2084,stInflow,reservoir
IT,h8131,2.546960922958618,scr2084,stInflow,reservoir
IT,h8132,2.546960922958618,scr2084,stInflow,reservoir
IT,h8133,2.546960922958618,scr2084,stInflow,reservoir
IT,h8134,2.546960922958618,scr2084,stInflow,reservoir
IT,h8135,2.546960922958618,scr2084,stInflow,reservoir
IT,h8136,2.546960922958618,scr2084,stInflow,reservoir
IT,h8137,2.546960922958618,scr2084,stInflow,reservoir
IT,h8138,2.546960922958618,scr2084,stInflow,reservoir
IT,h8139,2.546960922958618,scr2084,stInflow,reservoir
IT,h8140,2.546960922958618,scr2084,stInflow,reservoir
IT,h8141,2.546960922958618,scr2084,stInflow,reservoir
IT,h8142,2.546960922958618,scr2084,stInflow,reservoir
IT,h8143,2.546960922958618,scr2084,stInflow,reservoir
IT,h8144,2.546960922958618,scr2084,stInflow,reservoir
IT,h8145,2.546960922958618,scr2084,stInflow,reservoir
IT,h8146,2.546960922958618,scr2084,stInflow,reservoir
IT,h8147,2.546960922958618,scr2084,stInflow,reservoir
IT,h8148,2.546960922958618,scr2084,stInflow,reservoir
IT,h8149,2.546960922958618,scr2084,stInflow,reservoir
IT,h8150,2.546960922958618,scr2084,stInflow,reservoir
IT,h8151,2.546960922958618,scr2084,stInflow,reservoir
IT,h8152,2.546960922958618,scr2084,stInflow,reservoir
IT,h8153,2.546960922958618,scr2084,stInflow,reservoir
IT,h8154,2.546960922958618,scr2084,stInflow,reservoir
IT,h8155,2.546960922958618,scr2084,stInflow,reservoir
IT,h8156,2.546960922958618,scr2084,stInflow,reservoir
IT,h8157,2.546960922958618,scr2084,stInflow,reservoir
IT,h8158,2.546960922958618,scr2084,stInflow,reservoir
IT,h8159,2.546960922958618,scr2084,stInflow,reservoir
IT,h8160,2.546960922958618,scr2084,stInflow,reservoir
IT,h8161,2.546960922958618,scr2084,stInflow,reservoir
IT,h8162,2.546960922958618,scr2084,stInflow,reservoir
IT,h8163,2.546960922958618,scr2084,stInflow,reservoir
IT,h8164,2.546960922958618,scr2084,stInflow,reservoir
IT,h8165,2.546960922958618,scr2084,stInflow,reservoir
IT,h8166,2.546960922958618,scr2084,stInflow,reservoir
IT,h8167,2.546960922958618,scr2084,stInflow,reservoir
IT,h8168,2.546960922958618,scr2084,stInflow,reservoir
IT,h8169,2.546960922958618,scr2084,stInflow,reservoir
IT,h8170,2.546960922958618,scr2084,stInflow,reservoir
IT,h8171,2.546960922958618,scr2084,stInflow,reservoir
IT,h8172,2.546960922958618,scr2084,stInflow,reservoir
IT,h8173,2.546960922958618,scr2084,stInflow,reservoir
IT,h8174,2.546960922958618,scr2084,stInflow,reservoir
IT,h8175,2.546960922958618,scr2084,stInflow,reservoir
IT,h8176,2.546960922958618,scr2084,stInflow,reservoir
IT,h8177,2.546960922958618,scr2084,stInflow,reservoir
IT,h8178,2.546960922958618,scr2084,stInflow,reservoir
IT,h8179,2.546960922958618,scr2084,stInflow,reservoir
IT,h8180,2.546960922958618,scr2084,stInflow,reservoir
IT,h8181,2.546960922958618,scr2084,stInflow,reservoir
IT,h8182,2.546960922958618,scr2084,stInflow,reservoir
IT,h8183,2.546960922958618,scr2084,stInflow,reservoir
IT,h8184,2.546960922958618,scr2084,stInflow,reservoir
IT,h8185,2.546960922958618,scr2084,stInflow,reservoir
IT,h8186,2.546960922958618,scr2084,stInflow,reservoir
IT,h8187,2.546960922958618,scr2084,stInflow,reservoir
IT,h8188,2.546960922958618,scr2084,stInflow,reservoir
IT,h8189,2.546960922958618,scr2084,stInflow,reservoir
IT,h8190,2.546960922958618,scr2084,stInflow,reservoir
IT,h8191,2.546960922958618,scr2084,stInflow,reservoir
IT,h8192,2.546960922958618,scr2084,stInflow,reservoir
IT,h8193,2.546960922958618,scr2084,stInflow,reservoir
IT,h8194,2.546960922958618,scr2084,stInflow,reservoir
IT,h8195,2.546960922958618,scr2084,stInflow,reservoir
IT,h8196,2.546960922958618,scr2084,stInflow,reservoir
IT,h8197,2.546960922958618,scr2084,stInflow,reservoir
IT,h8198,2.546960922958618,scr2084,stInflow,reservoir
IT,h8199,2.546960922958618,scr2084,stInflow,reservoir
IT,h8200,2.546960922958618,scr2084,stInflow,reservoir
IT,h8201,2.546960922958618,scr2084,stInflow,reservoir
IT,h8202,2.546960922958618,scr2084,stInflow,reservoir
IT,h8203,2.546960922958618,scr2084,stInflow,reservoir
IT,h8204,2.546960922958618,scr2084,stInflow,reservoir
IT,h8205,2.546960922958618,scr2084,stInflow,reservoir
IT,h8206,2.546960922958618,scr2084,stInflow,reservoir
IT,h8207,2.546960922958618,scr2084,stInflow,reservoir
IT,h8208,2.546960922958618,scr2084,stInflow,reservoir
IT,h8209,2.546960922958618,scr2084,stInflow,reservoir
IT,h8210,2.546960922958618,scr2084,stInflow,reservoir
IT,h8211,2.546960922958618,scr2084,stInflow,reservoir
IT,h8212,2.546960922958618,scr2084,stInflow,reservoir
IT,h8213,2.546960922958618,scr2084,stInflow,reservoir
IT,h8214,2.546960922958618,scr2084,stInflow,reservoir
IT,h8215,2.546960922958618,scr2084,stInflow,reservoir
IT,h8216,2.546960922958618,scr2084,stInflow,reservoir
IT,h8217,2.546960922958618,scr2084,stInflow,reservoir
IT,h8218,2.546960922958618,scr2084,stInflow,reservoir
IT,h8219,2.546960922958618,scr2084,stInflow,reservoir
IT,h8220,2.546960922958618,scr2084,stInflow,reservoir
IT,h8221,2.546960922958618,scr2084,stInflow,reservoir
IT,h8222,2.546960922958618,scr2084,stInflow,reservoir
IT,h8223,2.546960922958618,scr2084,stInflow,reservoir
IT,h8224,2.546960922958618,scr2084,stInflow,reservoir
IT,h8225,2.546960922958618,scr2084,stInflow,reservoir
IT,h8226,2.546960922958618,scr2084,stInflow,reservoir
IT,h8227,2.546960922958618,scr2084,stInflow,reservoir
IT,h8228,2.546960922958618,scr2084,stInflow,reservoir
IT,h8229,2.546960922958618,scr2084,stInflow,reservoir
IT,h8230,2.546960922958618,scr2084,stInflow,reservoir
IT,h8231,2.546960922958618,scr2084,stInflow,reservoir
IT,h8232,2.546960922958618,scr2084,stInflow,reservoir
IT,h8233,2.546960922958618,scr2084,stInflow,reservoir
IT,h8234,2.546960922958618,scr2084,stInflow,reservoir
IT,h8235,2.546960922958618,scr2084,stInflow,reservoir
IT,h8236,2.546960922958618,scr2084,stInflow,reservoir
IT,h8237,2.546960922958618,scr2084,stInflow,reservoir
IT,h8238,2.546960922958618,scr2084,stInflow,reservoir
IT,h8239,2.546960922958618,scr2084,stInflow,reservoir
IT,h8240,2.546960922958618,scr2084,stInflow,reservoir
IT,h8241,2.546960922958618,scr2084,stInflow,reservoir
IT,h8242,2.546960922958618,scr2084,stInflow,reservoir
IT,h8243,2.546960922958618,scr2084,stInflow,reservoir
IT,h8244,2.546960922958618,scr2084,stInflow,reservoir
IT,h8245,2.546960922958618,scr2084,stInflow,reservoir
IT,h8246,2.546960922958618,scr2084,stInflow,reservoir
IT,h8247,2.546960922958618,scr2084,stInflow,reservoir
IT,h8248,2.546960922958618,scr2084,stInflow,reservoir
IT,h8249,2.546960922958618,scr2084,stInflow,reservoir
IT,h8250,2.546960922958618,scr2084,stInflow,reservoir
IT,h8251,2.546960922958618,scr2084,stInflow,reservoir
IT,h8252,2.546960922958618,scr2084,stInflow,reservoir
IT,h8253,2.546960922958618,scr2084,stInflow,reservoir
IT,h8254,2.546960922958618,scr2084,stInflow,reservoir
IT,h8255,2.546960922958618,scr2084,stInflow,reservoir
IT,h8256,2.546960922958618,scr2084,stInflow,reservoir
IT,h8257,2.546960922958618,scr2084,stInflow,reservoir
IT,h8258,2.546960922958618,scr2084,stInflow,reservoir
IT,h8259,2.546960922958618,scr2084,stInflow,reservoir
IT,h8260,2.546960922958618,scr2084,stInflow,reservoir
IT,h8261,2.546960922958618,scr2084,stInflow,reservoir
IT,h8262,2.546960922958618,scr2084,stInflow,reservoir
IT,h8263,2.546960922958618,scr2084,stInflow,reservoir
IT,h8264,2.546960922958618,scr2084,stInflow,reservoir
IT,h8265,2.546960922958618,scr2084,stInflow,reservoir
IT,h8266,2.546960922958618,scr2084,stInflow,reservoir
IT,h8267,2.546960922958618,scr2084,stInflow,reservoir
IT,h8268,2.546960922958618,scr2084,stInflow,reservoir
IT,h8269,2.546960922958618,scr2084,stInflow,reservoir
IT,h8270,2.546960922958618,scr2084,stInflow,reservoir
IT,h8271,2.546960922958618,scr2084,stInflow,reservoir
IT,h8272,2.546960922958618,scr2084,stInflow,reservoir
IT,h8273,2.546960922958618,scr2084,stInflow,reservoir
IT,h8274,2.546960922958618,scr2084,stInflow,reservoir
IT,h8275,2.546960922958618,scr2084,stInflow,reservoir
IT,h8276,2.546960922958618,scr2084,stInflow,reservoir
IT,h8277,2.546960922958618,scr2084,stInflow,reservoir
IT,h8278,2.546960922958618,scr2084,stInflow,reservoir
IT,h8279,2.546960922958618,scr2084,stInflow,reservoir
IT,h8280,2.546960922958618,scr2084,stInflow,reservoir
IT,h8281,2.6202168330593594,scr2084,stInflow,reservoir
IT,h8282,2.693472947977597,scr2084,stInflow,reservoir
IT,h8283,2.766729262142427,scr2084,stInflow,reservoir
IT,h8284,2.766729262142427,scr2084,stInflow,reservoir
IT,h8285,2.766729262142427,scr2084,stInflow,reservoir
IT,h8286,2.766729262142427,scr2084,stInflow,reservoir
IT,h8287,2.766729262142427,scr2084,stInflow,reservoir
IT,h8288,2.766729262142427,scr2084,stInflow,reservoir
IT,h8289,2.766729262142427,scr2084,stInflow,reservoir
IT,h8290,2.766729262142427,scr2084,stInflow,reservoir
IT,h8291,2.766729262142427,scr2084,stInflow,reservoir
IT,h8292,2.766729262142427,scr2084,stInflow,reservoir
IT,h8293,2.766729262142427,scr2084,stInflow,reservoir
IT,h8294,2.766729262142427,scr2084,stInflow,reservoir
IT,h8295,2.766729262142427,scr2084,stInflow,reservoir
IT,h8296,2.766729262142427,scr2084,stInflow,reservoir
IT,h8297,2.766729262142427,scr2084,stInflow,reservoir
IT,h8298,2.766729262142427,scr2084,stInflow,reservoir
IT,h8299,2.766729262142427,scr2084,stInflow,reservoir
IT,h8300,2.766729262142427,scr2084,stInflow,reservoir
IT,h8301,2.766729262142427,scr2084,stInflow,reservoir
IT,h8302,2.766729262142427,scr2084,stInflow,reservoir
IT,h8303,2.766729262142427,scr2084,stInflow,reservoir
IT,h8304,2.766729262142427,scr2084,stInflow,reservoir
IT,h8305,2.766729262142427,scr2084,stInflow,reservoir
IT,h8306,2.766729262142427,scr2084,stInflow,reservoir
IT,h8307,2.766729262142427,scr2084,stInflow,reservoir
IT,h8308,2.766729262142427,scr2084,stInflow,reservoir
IT,h8309,2.766729262142427,scr2084,stInflow,reservoir
IT,h8310,2.766729262142427,scr2084,stInflow,reservoir
IT,h8311,2.766729262142427,scr2084,stInflow,reservoir
IT,h8312,2.766729262142427,scr2084,stInflow,reservoir
IT,h8313,2.766729262142427,scr2084,stInflow,reservoir
IT,h8314,2.766729262142427,scr2084,stInflow,reservoir
IT,h8315,2.766729262142427,scr2084,stInflow,reservoir
IT,h8316,2.766729262142427,scr2084,stInflow,reservoir
IT,h8317,2.766729262142427,scr2084,stInflow,reservoir
IT,h8318,2.766729262142427,scr2084,stInflow,reservoir
IT,h8319,2.766729262142427,scr2084,stInflow,reservoir
IT,h8320,2.766729262142427,scr2084,stInflow,reservoir
IT,h8321,2.766729262142427,scr2084,stInflow,reservoir
IT,h8322,2.766729262142427,scr2084,stInflow,reservoir
IT,h8323,2.766729262142427,scr2084,stInflow,reservoir
IT,h8324,2.766729262142427,scr2084,stInflow,reservoir
IT,h8325,2.766729262142427,scr2084,stInflow,reservoir
IT,h8326,2.766729262142427,scr2084,stInflow,reservoir
IT,h8327,2.766729262142427,scr2084,stInflow,reservoir
IT,h8328,2.766729262142427,scr2084,stInflow,reservoir
IT,h8329,2.766729262142427,scr2084,stInflow,reservoir
IT,h8330,2.766729262142427,scr2084,stInflow,reservoir
IT,h8331,2.766729262142427,scr2084,stInflow,reservoir
IT,h8332,2.766729262142427,scr2084,stInflow,reservoir
IT,h8333,2.766729262142427,scr2084,stInflow,reservoir
IT,h8334,2.766729262142427,scr2084,stInflow,reservoir
IT,h8335,2.766729262142427,scr2084,stInflow,reservoir
IT,h8336,2.766729262142427,scr2084,stInflow,reservoir
IT,h8337,2.766729262142427,scr2084,stInflow,reservoir
IT,h8338,2.766729262142427,scr2084,stInflow,reservoir
IT,h8339,2.766729262142427,scr2084,stInflow,reservoir
IT,h8340,2.766729262142427,scr2084,stInflow,reservoir
IT,h8341,2.766729262142427,scr2084,stInflow,reservoir
IT,h8342,2.766729262142427,scr2084,stInflow,reservoir
IT,h8343,2.766729262142427,scr2084,stInflow,reservoir
IT,h8344,2.766729262142427,scr2084,stInflow,reservoir
IT,h8345,2.766729262142427,scr2084,stInflow,reservoir
IT,h8346,2.766729262142427,scr2084,stInflow,reservoir
IT,h8347,2.766729262142427,scr2084,stInflow,reservoir
IT,h8348,2.766729262142427,scr2084,stInflow,reservoir
IT,h8349,2.766729262142427,scr2084,stInflow,reservoir
IT,h8350,2.766729262142427,scr2084,stInflow,reservoir
IT,h8351,2.766729262142427,scr2084,stInflow,reservoir
IT,h8352,2.766729262142427,scr2084,stInflow,reservoir
IT,h8353,2.766729262142427,scr2084,stInflow,reservoir
IT,h8354,2.766729262142427,scr2084,stInflow,reservoir
IT,h8355,2.766729262142427,scr2084,stInflow,reservoir
IT,h8356,2.766729262142427,scr2084,stInflow,reservoir
IT,h8357,2.766729262142427,scr2084,stInflow,reservoir
IT,h8358,2.766729262142427,scr2084,stInflow,reservoir
IT,h8359,2.766729262142427,scr2084,stInflow,reservoir
IT,h8360,2.766729262142427,scr2084,stInflow,reservoir
IT,h8361,2.766729262142427,scr2084,stInflow,reservoir
IT,h8362,2.766729262142427,scr2084,stInflow,reservoir
IT,h8363,2.766729262142427,scr2084,stInflow,reservoir
IT,h8364,2.766729262142427,scr2084,stInflow,reservoir
IT,h8365,2.766729262142427,scr2084,stInflow,reservoir
IT,h8366,2.766729262142427,scr2084,stInflow,reservoir
IT,h8367,2.766729262142427,scr2084,stInflow,reservoir
IT,h8368,2.766729262142427,scr2084,stInflow,reservoir
IT,h8369,2.766729262142427,scr2084,stInflow,reservoir
IT,h8370,2.766729262142427,scr2084,stInflow,reservoir
IT,h8371,2.766729262142427,scr2084,stInflow,reservoir
IT,h8372,2.766729262142427,scr2084,stInflow,reservoir
IT,h8373,2.766729262142427,scr2084,stInflow,reservoir
IT,h8374,2.766729262142427,scr2084,stInflow,reservoir
IT,h8375,2.766729262142427,scr2084,stInflow,reservoir
IT,h8376,2.766729262142427,scr2084,stInflow,reservoir
IT,h8377,2.766729262142427,scr2084,stInflow,reservoir
IT,h8378,2.766729262142427,scr2084,stInflow,reservoir
IT,h8379,2.766729262142427,scr2084,stInflow,reservoir
IT,h8380,2.766729262142427,scr2084,stInflow,reservoir
IT,h8381,2.766729262142427,scr2084,stInflow,reservoir
IT,h8382,2.766729262142427,scr2084,stInflow,reservoir
IT,h8383,2.766729262142427,scr2084,stInflow,reservoir
IT,h8384,2.766729262142427,scr2084,stInflow,reservoir
IT,h8385,2.766729262142427,scr2084,stInflow,reservoir
IT,h8386,2.766729262142427,scr2084,stInflow,reservoir
IT,h8387,2.766729262142427,scr2084,stInflow,reservoir
IT,h8388,2.766729262142427,scr2084,stInflow,reservoir
IT,h8389,2.766729262142427,scr2084,stInflow,reservoir
IT,h8390,2.766729262142427,scr2084,stInflow,reservoir
IT,h8391,2.766729262142427,scr2084,stInflow,reservoir
IT,h8392,2.766729262142427,scr2084,stInflow,reservoir
IT,h8393,2.766729262142427,scr2084,stInflow,reservoir
IT,h8394,2.766729262142427,scr2084,stInflow,reservoir
IT,h8395,2.766729262142427,scr2084,stInflow,reservoir
IT,h8396,2.766729262142427,scr2084,stInflow,reservoir
IT,h8397,2.766729262142427,scr2084,stInflow,reservoir
IT,h8398,2.766729262142427,scr2084,stInflow,reservoir
IT,h8399,2.766729262142427,scr2084,stInflow,reservoir
IT,h8400,2.766729262142427,scr2084,stInflow,reservoir
IT,h8401,2.766729262142427,scr2084,stInflow,reservoir
IT,h8402,2.766729262142427,scr2084,stInflow,reservoir
IT,h8403,2.766729262142427,scr2084,stInflow,reservoir
IT,h8404,2.766729262142427,scr2084,stInflow,reservoir
IT,h8405,2.766729262142427,scr2084,stInflow,reservoir
IT,h8406,2.766729262142427,scr2084,stInflow,reservoir
IT,h8407,2.766729262142427,scr2084,stInflow,reservoir
IT,h8408,2.766729262142427,scr2084,stInflow,reservoir
IT,h8409,2.766729262142427,scr2084,stInflow,reservoir
IT,h8410,2.766729262142427,scr2084,stInflow,reservoir
IT,h8411,2.766729262142427,scr2084,stInflow,reservoir
IT,h8412,2.766729262142427,scr2084,stInflow,reservoir
IT,h8413,2.766729262142427,scr2084,stInflow,reservoir
IT,h8414,2.766729262142427,scr2084,stInflow,reservoir
IT,h8415,2.766729262142427,scr2084,stInflow,reservoir
IT,h8416,2.766729262142427,scr2084,stInflow,reservoir
IT,h8417,2.766729262142427,scr2084,stInflow,reservoir
IT,h8418,2.766729262142427,scr2084,stInflow,reservoir
IT,h8419,2.766729262142427,scr2084,stInflow,reservoir
IT,h8420,2.766729262142427,scr2084,stInflow,reservoir
IT,h8421,2.766729262142427,scr2084,stInflow,reservoir
IT,h8422,2.766729262142427,scr2084,stInflow,reservoir
IT,h8423,2.766729262142427,scr2084,stInflow,reservoir
IT,h8424,2.766729262142427,scr2084,stInflow,reservoir
IT,h8425,2.766729262142427,scr2084,stInflow,reservoir
IT,h8426,2.766729262142427,scr2084,stInflow,reservoir
IT,h8427,2.766729262142427,scr2084,stInflow,reservoir
IT,h8428,2.766729262142427,scr2084,stInflow,reservoir
IT,h8429,2.766729262142427,scr2084,stInflow,reservoir
IT,h8430,2.766729262142427,scr2084,stInflow,reservoir
IT,h8431,2.766729262142427,scr2084,stInflow,reservoir
IT,h8432,2.766729262142427,scr2084,stInflow,reservoir
IT,h8433,2.766729262142427,scr2084,stInflow,reservoir
IT,h8434,2.766729262142427,scr2084,stInflow,reservoir
IT,h8435,2.766729262142427,scr2084,stInflow,reservoir
IT,h8436,2.766729262142427,scr2084,stInflow,reservoir
IT,h8437,2.766729262142427,scr2084,stInflow,reservoir
IT,h8438,2.766729262142427,scr2084,stInflow,reservoir
IT,h8439,2.766729262142427,scr2084,stInflow,reservoir
IT,h8440,2.766729262142427,scr2084,stInflow,reservoir
IT,h8441,2.766729262142427,scr2084,stInflow,reservoir
IT,h8442,2.766729262142427,scr2084,stInflow,reservoir
IT,h8443,2.766729262142427,scr2084,stInflow,reservoir
IT,h8444,2.766729262142427,scr2084,stInflow,reservoir
IT,h8445,2.766729262142427,scr2084,stInflow,reservoir
IT,h8446,2.766729262142427,scr2084,stInflow,reservoir
IT,h8447,2.766729262142427,scr2084,stInflow,reservoir
IT,h8448,2.766729262142427,scr2084,stInflow,reservoir
IT,h8449,2.76664359560124,scr2084,stInflow,reservoir
IT,h8450,2.7665579290603195,scr2084,stInflow,reservoir
IT,h8451,2.766472262519664,scr2084,stInflow,reservoir
IT,h8452,2.766472262519664,scr2084,stInflow,reservoir
IT,h8453,2.766472262519664,scr2084,stInflow,reservoir
IT,h8454,2.766472262519664,scr2084,stInflow,reservoir
IT,h8455,2.766472262519664,scr2084,stInflow,reservoir
IT,h8456,2.766472262519664,scr2084,stInflow,reservoir
IT,h8457,2.766472262519664,scr2084,stInflow,reservoir
IT,h8458,2.766472262519664,scr2084,stInflow,reservoir
IT,h8459,2.766472262519664,scr2084,stInflow,reservoir
IT,h8460,2.766472262519664,scr2084,stInflow,reservoir
IT,h8461,2.766472262519664,scr2084,stInflow,reservoir
IT,h8462,2.766472262519664,scr2084,stInflow,reservoir
IT,h8463,2.766472262519664,scr2084,stInflow,reservoir
IT,h8464,2.766472262519664,scr2084,stInflow,reservoir
IT,h8465,2.766472262519664,scr2084,stInflow,reservoir
IT,h8466,2.766472262519664,scr2084,stInflow,reservoir
IT,h8467,2.766472262519664,scr2084,stInflow,reservoir
IT,h8468,2.766472262519664,scr2084,stInflow,reservoir
IT,h8469,2.766472262519664,scr2084,stInflow,reservoir
IT,h8470,2.766472262519664,scr2084,stInflow,reservoir
IT,h8471,2.766472262519664,scr2084,stInflow,reservoir
IT,h8472,2.766472262519664,scr2084,stInflow,reservoir
IT,h8473,2.766472262519664,scr2084,stInflow,reservoir
IT,h8474,2.766472262519664,scr2084,stInflow,reservoir
IT,h8475,2.766472262519664,scr2084,stInflow,reservoir
IT,h8476,2.766472262519664,scr2084,stInflow,reservoir
IT,h8477,2.766472262519664,scr2084,stInflow,reservoir
IT,h8478,2.766472262519664,scr2084,stInflow,reservoir
IT,h8479,2.766472262519664,scr2084,stInflow,reservoir
IT,h8480,2.766472262519664,scr2084,stInflow,reservoir
IT,h8481,2.766472262519664,scr2084,stInflow,reservoir
IT,h8482,2.766472262519664,scr2084,stInflow,reservoir
IT,h8483,2.766472262519664,scr2084,stInflow,reservoir
IT,h8484,2.766472262519664,scr2084,stInflow,reservoir
IT,h8485,2.766472262519664,scr2084,stInflow,reservoir
IT,h8486,2.766472262519664,scr2084,stInflow,reservoir
IT,h8487,2.766472262519664,scr2084,stInflow,reservoir
IT,h8488,2.766472262519664,scr2084,stInflow,reservoir
IT,h8489,2.766472262519664,scr2084,stInflow,reservoir
IT,h8490,2.766472262519664,scr2084,stInflow,reservoir
IT,h8491,2.766472262519664,scr2084,stInflow,reservoir
IT,h8492,2.766472262519664,scr2084,stInflow,reservoir
IT,h8493,2.766472262519664,scr2084,stInflow,reservoir
IT,h8494,2.766472262519664,scr2084,stInflow,reservoir
IT,h8495,2.766472262519664,scr2084,stInflow,reservoir
IT,h8496,2.766472262519664,scr2084,stInflow,reservoir
IT,h8497,2.766472262519664,scr2084,stInflow,reservoir
IT,h8498,2.766472262519664,scr2084,stInflow,reservoir
IT,h8499,2.766472262519664,scr2084,stInflow,reservoir
IT,h8500,2.766472262519664,scr2084,stInflow,reservoir
IT,h8501,2.766472262519664,scr2084,stInflow,reservoir
IT,h8502,2.766472262519664,scr2084,stInflow,reservoir
IT,h8503,2.766472262519664,scr2084,stInflow,reservoir
IT,h8504,2.766472262519664,scr2084,stInflow,reservoir
IT,h8505,2.766472262519664,scr2084,stInflow,reservoir
IT,h8506,2.766472262519664,scr2084,stInflow,reservoir
IT,h8507,2.766472262519664,scr2084,stInflow,reservoir
IT,h8508,2.766472262519664,scr2084,stInflow,reservoir
IT,h8509,2.766472262519664,scr2084,stInflow,reservoir
IT,h8510,2.766472262519664,scr2084,stInflow,reservoir
IT,h8511,2.766472262519664,scr2084,stInflow,reservoir
IT,h8512,2.766472262519664,scr2084,stInflow,reservoir
IT,h8513,2.766472262519664,scr2084,stInflow,reservoir
IT,h8514,2.766472262519664,scr2084,stInflow,reservoir
IT,h8515,2.766472262519664,scr2084,stInflow,reservoir
IT,h8516,2.766472262519664,scr2084,stInflow,reservoir
IT,h8517,2.766472262519664,scr2084,stInflow,reservoir
IT,h8518,2.766472262519664,scr2084,stInflow,reservoir
IT,h8519,2.766472262519664,scr2084,stInflow,reservoir
IT,h8520,2.766472262519664,scr2084,stInflow,reservoir
IT,h8521,2.766472262519664,scr2084,stInflow,reservoir
IT,h8522,2.766472262519664,scr2084,stInflow,reservoir
IT,h8523,2.766472262519664,scr2084,stInflow,reservoir
IT,h8524,2.766472262519664,scr2084,stInflow,reservoir
IT,h8525,2.766472262519664,scr2084,stInflow,reservoir
IT,h8526,2.766472262519664,scr2084,stInflow,reservoir
IT,h8527,2.766472262519664,scr2084,stInflow,reservoir
IT,h8528,2.766472262519664,scr2084,stInflow,reservoir
IT,h8529,2.766472262519664,scr2084,stInflow,reservoir
IT,h8530,2.766472262519664,scr2084,stInflow,reservoir
IT,h8531,2.766472262519664,scr2084,stInflow,reservoir
IT,h8532,2.766472262519664,scr2084,stInflow,reservoir
IT,h8533,2.766472262519664,scr2084,stInflow,reservoir
IT,h8534,2.766472262519664,scr2084,stInflow,reservoir
IT,h8535,2.766472262519664,scr2084,stInflow,reservoir
IT,h8536,2.766472262519664,scr2084,stInflow,reservoir
IT,h8537,2.766472262519664,scr2084,stInflow,reservoir
IT,h8538,2.766472262519664,scr2084,stInflow,reservoir
IT,h8539,2.766472262519664,scr2084,stInflow,reservoir
IT,h8540,2.766472262519664,scr2084,stInflow,reservoir
IT,h8541,2.766472262519664,scr2084,stInflow,reservoir
IT,h8542,2.766472262519664,scr2084,stInflow,reservoir
IT,h8543,2.766472262519664,scr2084,stInflow,reservoir
IT,h8544,2.766472262519664,scr2084,stInflow,reservoir
IT,h8545,2.766472262519664,scr2084,stInflow,reservoir
IT,h8546,2.766472262519664,scr2084,stInflow,reservoir
IT,h8547,2.766472262519664,scr2084,stInflow,reservoir
IT,h8548,2.766472262519664,scr2084,stInflow,reservoir
IT,h8549,2.766472262519664,scr2084,stInflow,reservoir
IT,h8550,2.766472262519664,scr2084,stInflow,reservoir
IT,h8551,2.766472262519664,scr2084,stInflow,reservoir
IT,h8552,2.766472262519664,scr2084,stInflow,reservoir
IT,h8553,2.766472262519664,scr2084,stInflow,reservoir
IT,h8554,2.766472262519664,scr2084,stInflow,reservoir
IT,h8555,2.766472262519664,scr2084,stInflow,reservoir
IT,h8556,2.766472262519664,scr2084,stInflow,reservoir
IT,h8557,2.766472262519664,scr2084,stInflow,reservoir
IT,h8558,2.766472262519664,scr2084,stInflow,reservoir
IT,h8559,2.766472262519664,scr2084,stInflow,reservoir
IT,h8560,2.766472262519664,scr2084,stInflow,reservoir
IT,h8561,2.766472262519664,scr2084,stInflow,reservoir
IT,h8562,2.766472262519664,scr2084,stInflow,reservoir
IT,h8563,2.766472262519664,scr2084,stInflow,reservoir
IT,h8564,2.766472262519664,scr2084,stInflow,reservoir
IT,h8565,2.766472262519664,scr2084,stInflow,reservoir
IT,h8566,2.766472262519664,scr2084,stInflow,reservoir
IT,h8567,2.766472262519664,scr2084,stInflow,reservoir
IT,h8568,2.766472262519664,scr2084,stInflow,reservoir
IT,h8569,2.766472262519664,scr2084,stInflow,reservoir
IT,h8570,2.766472262519664,scr2084,stInflow,reservoir
IT,h8571,2.766472262519664,scr2084,stInflow,reservoir
IT,h8572,2.766472262519664,scr2084,stInflow,reservoir
IT,h8573,2.766472262519664,scr2084,stInflow,reservoir
IT,h8574,2.766472262519664,scr2084,stInflow,reservoir
IT,h8575,2.766472262519664,scr2084,stInflow,reservoir
IT,h8576,2.766472262519664,scr2084,stInflow,reservoir
IT,h8577,2.766472262519664,scr2084,stInflow,reservoir
IT,h8578,2.766472262519664,scr2084,stInflow,reservoir
IT,h8579,2.766472262519664,scr2084,stInflow,reservoir
IT,h8580,2.766472262519664,scr2084,stInflow,reservoir
IT,h8581,2.766472262519664,scr2084,stInflow,reservoir
IT,h8582,2.766472262519664,scr2084,stInflow,reservoir
IT,h8583,2.766472262519664,scr2084,stInflow,reservoir
IT,h8584,2.766472262519664,scr2084,stInflow,reservoir
IT,h8585,2.766472262519664,scr2084,stInflow,reservoir
IT,h8586,2.766472262519664,scr2084,stInflow,reservoir
IT,h8587,2.766472262519664,scr2084,stInflow,reservoir
IT,h8588,2.766472262519664,scr2084,stInflow,reservoir
IT,h8589,2.766472262519664,scr2084,stInflow,reservoir
IT,h8590,2.766472262519664,scr2084,stInflow,reservoir
IT,h8591,2.766472262519664,scr2084,stInflow,reservoir
IT,h8592,2.766472262519664,scr2084,stInflow,reservoir
IT,h8593,2.766472262519664,scr2084,stInflow,reservoir
IT,h8594,2.766472262519664,scr2084,stInflow,reservoir
IT,h8595,2.766472262519664,scr2084,stInflow,reservoir
IT,h8596,2.766472262519664,scr2084,stInflow,reservoir
IT,h8597,2.766472262519664,scr2084,stInflow,reservoir
IT,h8598,2.766472262519664,scr2084,stInflow,reservoir
IT,h8599,2.766472262519664,scr2084,stInflow,reservoir
IT,h8600,2.766472262519664,scr2084,stInflow,reservoir
IT,h8601,2.766472262519664,scr2084,stInflow,reservoir
IT,h8602,2.766472262519664,scr2084,stInflow,reservoir
IT,h8603,2.766472262519664,scr2084,stInflow,reservoir
IT,h8604,2.766472262519664,scr2084,stInflow,reservoir
IT,h8605,2.766472262519664,scr2084,stInflow,reservoir
IT,h8606,2.766472262519664,scr2084,stInflow,reservoir
IT,h8607,2.766472262519664,scr2084,stInflow,reservoir
IT,h8608,2.766472262519664,scr2084,stInflow,reservoir
IT,h8609,2.766472262519664,scr2084,stInflow,reservoir
IT,h8610,2.766472262519664,scr2084,stInflow,reservoir
IT,h8611,2.766472262519664,scr2084,stInflow,reservoir
IT,h8612,2.766472262519664,scr2084,stInflow,reservoir
IT,h8613,2.766472262519664,scr2084,stInflow,reservoir
IT,h8614,2.766472262519664,scr2084,stInflow,reservoir
IT,h8615,2.766472262519664,scr2084,stInflow,reservoir
IT,h8616,2.766472262519664,scr2084,stInflow,reservoir
IT,h8617,2.5850308555003143,scr2084,stInflow,reservoir
IT,h8618,2.4035907229296214,scr2084,stInflow,reservoir
IT,h8619,2.222151961170048,scr2084,stInflow,reservoir
IT,h8620,2.222151961170048,scr2084,stInflow,reservoir
IT,h8621,2.222151961170048,scr2084,stInflow,reservoir
IT,h8622,2.222151961170048,scr2084,stInflow,reservoir
IT,h8623,2.222151961170048,scr2084,stInflow,reservoir
IT,h8624,2.222151961170048,scr2084,stInflow,reservoir
IT,h8625,2.222151961170048,scr2084,stInflow,reservoir
IT,h8626,2.222151961170048,scr2084,stInflow,reservoir
IT,h8627,2.222151961170048,scr2084,stInflow,reservoir
IT,h8628,2.222151961170048,scr2084,stInflow,reservoir
IT,h8629,2.222151961170048,scr2084,stInflow,reservoir
IT,h8630,2.222151961170048,scr2084,stInflow,reservoir
IT,h8631,2.222151961170048,scr2084,stInflow,reservoir
IT,h8632,2.222151961170048,scr2084,stInflow,reservoir
IT,h8633,2.222151961170048,scr2084,stInflow,reservoir
IT,h8634,2.222151961170048,scr2084,stInflow,reservoir
IT,h8635,2.222151961170048,scr2084,stInflow,reservoir
IT,h8636,2.222151961170048,scr2084,stInflow,reservoir
IT,h8637,2.222151961170048,scr2084,stInflow,reservoir
IT,h8638,2.222151961170048,scr2084,stInflow,reservoir
IT,h8639,2.222151961170048,scr2084,stInflow,reservoir
IT,h8640,2.222151961170048,scr2084,stInflow,reservoir
IT,h8641,2.222151961170048,scr2084,stInflow,reservoir
IT,h8642,2.222151961170048,scr2084,stInflow,reservoir
IT,h8643,2.222151961170048,scr2084,stInflow,reservoir
IT,h8644,2.222151961170048,scr2084,stInflow,reservoir
IT,h8645,2.222151961170048,scr2084,stInflow,reservoir
IT,h8646,2.222151961170048,scr2084,stInflow,reservoir
IT,h8647,2.222151961170048,scr2084,stInflow,reservoir
IT,h8648,2.222151961170048,scr2084,stInflow,reservoir
IT,h8649,2.222151961170048,scr2084,stInflow,reservoir
IT,h8650,2.222151961170048,scr2084,stInflow,reservoir
IT,h8651,2.222151961170048,scr2084,stInflow,reservoir
IT,h8652,2.222151961170048,scr2084,stInflow,reservoir
IT,h8653,2.222151961170048,scr2084,stInflow,reservoir
IT,h8654,2.222151961170048,scr2084,stInflow,reservoir
IT,h8655,2.222151961170048,scr2084,stInflow,reservoir
IT,h8656,2.222151961170048,scr2084,stInflow,reservoir
IT,h8657,2.222151961170048,scr2084,stInflow,reservoir
IT,h8658,2.222151961170048,scr2084,stInflow,reservoir
IT,h8659,2.222151961170048,scr2084,stInflow,reservoir
IT,h8660,2.222151961170048,scr2084,stInflow,reservoir
IT,h8661,2.222151961170048,scr2084,stInflow,reservoir
IT,h8662,2.222151961170048,scr2084,stInflow,reservoir
IT,h8663,2.222151961170048,scr2084,stInflow,reservoir
IT,h8664,2.222151961170048,scr2084,stInflow,reservoir
IT,h8665,2.222151961170048,scr2084,stInflow,reservoir
IT,h8666,2.222151961170048,scr2084,stInflow,reservoir
IT,h8667,2.222151961170048,scr2084,stInflow,reservoir
IT,h8668,2.222151961170048,scr2084,stInflow,reservoir
IT,h8669,2.222151961170048,scr2084,stInflow,reservoir
IT,h8670,2.222151961170048,scr2084,stInflow,reservoir
IT,h8671,2.222151961170048,scr2084,stInflow,reservoir
IT,h8672,2.222151961170048,scr2084,stInflow,reservoir
IT,h8673,2.222151961170048,scr2084,stInflow,reservoir
IT,h8674,2.222151961170048,scr2084,stInflow,reservoir
IT,h8675,2.222151961170048,scr2084,stInflow,reservoir
IT,h8676,2.222151961170048,scr2084,stInflow,reservoir
IT,h8677,2.222151961170048,scr2084,stInflow,reservoir
IT,h8678,2.222151961170048,scr2084,stInflow,reservoir
IT,h8679,2.222151961170048,scr2084,stInflow,reservoir
IT,h8680,2.222151961170048,scr2084,stInflow,reservoir
IT,h8681,2.222151961170048,scr2084,stInflow,reservoir
IT,h8682,2.222151961170048,scr2084,stInflow,reservoir
IT,h8683,2.222151961170048,scr2084,stInflow,reservoir
IT,h8684,2.222151961170048,scr2084,stInflow,reservoir
IT,h8685,2.222151961170048,scr2084,stInflow,reservoir
IT,h8686,2.222151961170048,scr2084,stInflow,reservoir
IT,h8687,2.222151961170048,scr2084,stInflow,reservoir
IT,h8688,2.222151961170048,scr2084,stInflow,reservoir
IT,h8689,2.222151961170048,scr2084,stInflow,reservoir
IT,h8690,2.222151961170048,scr2084,stInflow,reservoir
IT,h8691,2.222151961170048,scr2084,stInflow,reservoir
IT,h8692,2.222151961170048,scr2084,stInflow,reservoir
IT,h8693,2.222151961170048,scr2084,stInflow,reservoir
IT,h8694,2.222151961170048,scr2084,stInflow,reservoir
IT,h8695,2.222151961170048,scr2084,stInflow,reservoir
IT,h8696,2.222151961170048,scr2084,stInflow,reservoir
IT,h8697,2.222151961170048,scr2084,stInflow,reservoir
IT,h8698,2.222151961170048,scr2084,stInflow,reservoir
IT,h8699,2.222151961170048,scr2084,stInflow,reservoir
IT,h8700,2.222151961170048,scr2084,stInflow,reservoir
IT,h8701,2.222151961170048,scr2084,stInflow,reservoir
IT,h8702,2.222151961170048,scr2084,stInflow,reservoir
IT,h8703,2.222151961170048,scr2084,stInflow,reservoir
IT,h8704,2.222151961170048,scr2084,stInflow,reservoir
IT,h8705,2.222151961170048,scr2084,stInflow,reservoir
IT,h8706,2.222151961170048,scr2084,stInflow,reservoir
IT,h8707,2.222151961170048,scr2084,stInflow,reservoir
IT,h8708,2.222151961170048,scr2084,stInflow,reservoir
IT,h8709,2.222151961170048,scr2084,stInflow,reservoir
IT,h8710,2.222151961170048,scr2084,stInflow,reservoir
IT,h8711,2.222151961170048,scr2084,stInflow,reservoir
IT,h8712,2.222151961170048,scr2084,stInflow,reservoir
IT,h8713,2.222151961170048,scr2084,stInflow,reservoir
IT,h8714,2.222151961170048,scr2084,stInflow,reservoir
IT,h8715,2.222151961170048,scr2084,stInflow,reservoir
IT,h8716,2.222151961170048,scr2084,stInflow,reservoir
IT,h8717,2.222151961170048,scr2084,stInflow,reservoir
IT,h8718,2.222151961170048,scr2084,stInflow,reservoir
IT,h8719,2.222151961170048,scr2084,stInflow,reservoir
IT,h8720,2.222151961170048,scr2084,stInflow,reservoir
IT,h8721,2.222151961170048,scr2084,stInflow,reservoir
IT,h8722,2.222151961170048,scr2084,stInflow,reservoir
IT,h8723,2.222151961170048,scr2084,stInflow,reservoir
IT,h8724,2.222151961170048,scr2084,stInflow,reservoir
IT,h8725,2.222151961170048,scr2084,stInflow,reservoir
IT,h8726,2.222151961170048,scr2084,stInflow,reservoir
IT,h8727,2.222151961170048,scr2084,stInflow,reservoir
IT,h8728,2.222151961170048,scr2084,stInflow,reservoir
IT,h8729,2.222151961170048,scr2084,stInflow,reservoir
IT,h8730,2.222151961170048,scr2084,stInflow,reservoir
IT,h8731,2.222151961170048,scr2084,stInflow,reservoir
IT,h8732,2.222151961170048,scr2084,stInflow,reservoir
IT,h8733,2.222151961170048,scr2084,stInflow,reservoir
IT,h8734,2.222151961170048,scr2084,stInflow,reservoir
IT,h8735,2.222151961170048,scr2084,stInflow,reservoir
IT,h8736,2.222151961170048,scr2084,stInflow,reservoir
IT,h8737,2.222151961170048,scr2084,stInflow,reservoir
IT,h8738,2.222151961170048,scr2084,stInflow,reservoir
IT,h8739,2.222151961170048,scr2084,stInflow,reservoir
IT,h8740,2.222151961170048,scr2084,stInflow,reservoir
IT,h8741,2.222151961170048,scr2084,stInflow,reservoir
IT,h8742,2.222151961170048,scr2084,stInflow,reservoir
IT,h8743,2.222151961170048,scr2084,stInflow,reservoir
IT,h8744,2.222151961170048,scr2084,stInflow,reservoir
IT,h8745,2.222151961170048,scr2084,stInflow,reservoir
IT,h8746,2.222151961170048,scr2084,stInflow,reservoir
IT,h8747,2.222151961170048,scr2084,stInflow,reservoir
IT,h8748,2.222151961170048,scr2084,stInflow,reservoir
IT,h8749,2.222151961170048,scr2084,stInflow,reservoir
IT,h8750,2.222151961170048,scr2084,stInflow,reservoir
IT,h8751,2.222151961170048,scr2084,stInflow,reservoir
IT,h8752,2.222151961170048,scr2084,stInflow,reservoir
IT,h8753,2.222151961170048,scr2084,stInflow,reservoir
IT,h8754,2.222151961170048,scr2084,stInflow,reservoir
IT,h8755,2.222151961170048,scr2084,stInflow,reservoir
IT,h8756,2.222151961170048,scr2084,stInflow,reservoir
IT,h8757,2.222151961170048,scr2084,stInflow,reservoir
IT,h8758,2.222151961170048,scr2084,stInflow,reservoir
IT,h8759,2.222151961170048,scr2084,stInflow,reservoir
IT,h8760,2.222151961170048,scr2084,stInflow,reservoir
ME,h8041,0.4045622371838058,scr2084,stInflow,reservoir
ME,h8042,0.4045622371838058,scr2084,stInflow,reservoir
ME,h8043,0.4045622371838058,scr2084,stInflow,reservoir
ME,h8044,0.4045622371838058,scr2084,stInflow,reservoir
ME,h8045,0.4045622371838058,scr2084,stInflow,reservoir
ME,h8046,0.4045622371838058,scr2084,stInflow,reservoir
ME,h8047,0.4045622371838058,scr2084,stInflow,reservoir
ME,h8048,0.4045622371838058,scr2084,stInflow,reservoir
ME,h8049,0.4045622371838058,scr2084,stInflow,reservoir
ME,h8050,0.4045622371838058,scr2084,stInflow,reservoir
ME,h8051,0.4045622371838058,scr2084,stInflow,reservoir
ME,h8052,0.4045622371838058,scr2084,stInflow,reservoir
ME,h8053,0.4045622371838058,scr2084,stInflow,reservoir
ME,h8054,0.4045622371838058,scr2084,stInflow,reservoir
ME,h8055,0.4045622371838058,scr2084,stInflow,reservoir
ME,h8056,0.4045622371838058,scr2084,stInflow,reservoir
ME,h8057,0.4045622371838058,scr2084,stInflow,reservoir
ME,h8058,0.4045622371838058,scr2084,stInflow,reservoir
ME,h8059,0.4045622371838058,scr2084,stInflow,reservoir
ME,h8060,0.4045622371838058,scr2084,stInflow,reservoir
ME,h8061,0.4045622371838058,scr2084,stInflow,reservoir
ME,h8062,0.4045622371838058,scr2084,stInflow,reservoir
ME,h8063,0.4045622371838058,scr2084,stInflow,reservoir
ME,h8064,0.4045622371838058,scr2084,stInflow,reservoir
ME,h8065,0.4045622371838058,scr2084,stInflow,reservoir
ME,h8066,0.4045622371838058,scr2084,stInflow,reservoir
ME,h8067,0.4045622371838058,scr2084,stInflow,reservoir
ME,h8068,0.4045622371838058,scr2084,stInflow,reservoir
ME,h8069,0.4045622371838058,scr2084,stInflow,reservoir
ME,h8070,0.4045622371838058,scr2084,stInflow,reservoir
ME,h8071,0.4045622371838058,scr2084,stInflow,reservoir
ME,h8072,0.4045622371838058,scr2084,stInflow,reservoir
ME,h8073,0.4045622371838058,scr2084,stInflow,reservoir
ME,h8074,0.4045622371838058,scr2084,stInflow,reservoir
ME,h8075,0.4045622371838058,scr2084,stInflow,reservoir
ME,h8076,0.4045622371838058,scr2084,stInflow,reservoir
ME,h8077,0.4045622371838058,scr2084,stInflow,reservoir
ME,h8078,0.4045622371838058,scr2084,stInflow,reservoir
ME,h8079,0.4045622371838058,scr2084,stInflow,reservoir
ME,h8080,0.4045622371838058,scr2084,stInflow,reservoir
ME,h8081,0.4045622371838058,scr2084,stInflow,reservoir
ME,h8082,0.4045622371838058,scr2084,stInflow,reservoir
ME,h8083,0.4045622371838058,scr2084,stInflow,reservoir
ME,h8084,0.4045622371838058,scr2084,stInflow,reservoir
ME,h8085,0.4045622371838058,scr2084,stInflow,reservoir
ME,h8086,0.4045622371838058,scr2084,stInflow,reservoir
ME,h8087,0.4045622371838058,scr2084,stInflow,reservoir
ME,h8088,0.4045622371838058,scr2084,stInflow,reservoir
ME,h8089,0.4045622371838058,scr2084,stInflow,reservoir
ME,h8090,0.4045622371838058,scr2084,stInflow,reservoir
ME,h8091,0.4045622371838058,scr2084,stInflow,reservoir
ME,h8092,0.4045622371838058,scr2084,stInflow,reservoir
ME,h8093,0.4045622371838058,scr2084,stInflow,reservoir
ME,h8094,0.4045622371838058,scr2084,stInflow,reservoir
ME,h8095,0.4045622371838058,scr2084,stInflow,reservoir
ME,h8096,0.4045622371838058,scr2084,stInflow,reservoir
ME,h8097,0.4045622371838058,scr2084,stInflow,reservoir
ME,h8098,0.4045622371838058,scr2084,stInflow,reservoir
ME,h8099,0.4045622371838058,scr2084,stInflow,reservoir
ME,h8100,0.4045622371838058,scr2084,stInflow,reservoir
ME,h8101,0.4045622371838058,scr2084,stInflow,reservoir
ME,h8102,0.4045622371838058,scr2084,stInflow,reservoir
ME,h8103,0.4045622371838058,scr2084,stInflow,reservoir
ME,h8104,0.4045622371838058,scr2084,stInflow,reservoir
ME,h8105,0.4045622371838058,scr2084,stInflow,reservoir
ME,h8106,0.4045622371838058,scr2084,stInflow,reservoir
ME,h8107,0.4045622371838058,scr2084,stInflow,reservoir
ME,h8108,0.4045622371838058,scr2084,stInflow,reservoir
ME,h8109,0.4045622371838058,scr2084,stInflow,reservoir
ME,h8110,0.4045622371838058,scr2084,stInflow,reservoir
ME,h8111,0.4045622371838058,scr2084,stInflow,reservoir
ME,h8112,0.4045622371838058,scr2084,stInflow,reservoir
ME,h8113,0.40542974681787264,scr2084,stInflow,reservoir
ME,h8114,0.40629725663755073,scr2084,stInflow,reservoir
ME,h8115,0.40716476664244416,scr2084,stInflow,reservoir
ME,h8116,0.40716476664244416,scr2084,stInflow,reservoir
ME,h8117,0.40716476664244416,scr2084,stInflow,reservoir
ME,h8118,0.40716476664244416,scr2084,stInflow,reservoir
ME,h8119,0.40716476664244416,scr2084,stInflow,reservoir
ME,h8120,0.40716476664244416,scr2084,stInflow,reservoir
ME,h8121,0.40716476664244416,scr2084,stInflow,reservoir
ME,h8122,0.40716476664244416,scr2084,stInflow,reservoir
ME,h8123,0.40716476664244416,scr2084,stInflow,reservoir
ME,h8124,0.40716476664244416,scr2084,stInflow,reservoir
ME,h8125,0.40716476664244416,scr2084,stInflow,reservoir
ME,h8126,0.40716476664244416,scr2084,stInflow,reservoir
ME,h8127,0.40716476664244416,scr2084,stInflow,reservoir
ME,h8128,0.40716476664244416,scr2084,stInflow,reservoir
ME,h8129,0.40716476664244416,scr2084,stInflow,reservoir
ME,h8130,0.40716476664244416,scr2084,stInflow,reservoir
ME,h8131,0.40716476664244416,scr2084,stInflow,reservoir
ME,h8132,0.40716476664244416,scr2084,stInflow,reservoir
ME,h8133,0.40716476664244416,scr2084,stInflow,reservoir
ME,h8134,0.40716476664244416,scr2084,stInflow,reservoir
ME,h8135,0.40716476664244416,scr2084,stInflow,reservoir
ME,h8136,0.40716476664244416,scr2084,stInflow,reservoir
ME,h8137,0.40716476664244416,scr2084,stInflow,reservoir
ME,h8138,0.40716476664244416,scr2084,stInflow,reservoir
ME,h8139,0.40716476664244416,scr2084,stInflow,reservoir
ME,h8140,0.40716476664244416,scr2084,stInflow,reservoir
ME,h8141,0.40716476664244416,scr2084,stInflow,reservoir
ME,h8142,0.40716476664244416,scr2084,stInflow,reservoir
ME,h8143,0.40716476664244416,scr2084,stInflow,reservoir
ME,h8144,0.40716476664244416,scr2084,stInflow,reservoir
ME,h8145,0.40716476664244416,scr2084,stInflow,reservoir
ME,h8146,0.40716476664244416,scr2084,stInflow,reservoir
ME,h8147,0.40716476664244416,scr2084,stInflow,reservoir
ME,h8148,0.40716476664244416,scr2084,stInflow,reservoir
ME,h8149,0.40716476664244416,scr2084,stInflow,reservoir
ME,h8150,0.40716476664244416,scr2084,stInflow,reservoir
ME,h8151,0.40716476664244416,scr2084,stInflow,reservoir
ME,h8152,0.40716476664244416,scr2084,stInflow,reservoir
ME,h8153,0.40716476664244416,scr2084,stInflow,reservoir
ME,h8154,0.40716476664244416,scr2084,stInflow,reservoir
ME,h8155,0.40716476664244416,scr2084,stInflow,reservoir
ME,h8156,0.40716476664244416,scr2084,stInflow,reservoir
ME,h8157,0.40716476664244416,scr2084,stInflow,reservoir
ME,h8158,0.40716476664244416,scr2084,stInflow,reservoir
ME,h8159,0.40716476664244416,scr2084,stInflow,reservoir
ME,h8160,0.40716476664244416,scr2084,stInflow,reservoir
ME,h8161,0.40716476664244416,scr2084,stInflow,reservoir
ME,h8162,0.40716476664244416,scr2084,stInflow,reservoir
ME,h8163,0.40716476664244416,scr2084,stInflow,reservoir
ME,h8164,0.40716476664244416,scr2084,stInflow,reservoir
ME,h8165,0.40716476664244416,scr2084,stInflow,reservoir
ME,h8166,0.40716476664244416,scr2084,stInflow,reservoir
ME,h8167,0.40716476664244416,scr2084,stInflow,reservoir
ME,h8168,0.40716476664244416,scr2084,stInflow,reservoir
ME,h8169,0.40716476664244416,scr2084,stInflow,reservoir
ME,h8170,0.40716476664244416,scr2084,stInflow,reservoir
ME,h8171,0.40716476664244416,scr2084,stInflow,reservoir
ME,h8172,0.40716476664244416,scr2084,stInflow,reservoir
ME,h8173,0.40716476664244416,scr2084,stInflow,reservoir
ME,h8174,0.40716476664244416,scr2084,stInflow,reservoir
ME,h8175,0.40716476664244416,scr2084,stInflow,reservoir
ME,h8176,0.40716476664244416,scr2084,stInflow,reservoir
ME,h8177,0.40716476664244416,scr2084,stInflow,reservoir
ME,h8178,0.40716476664244416,scr2084,stInflow,reservoir
ME,h8179,0.40716476664244416,scr2084,stInflow,reservoir
ME,h8180,0.40716476664244416,scr2084,stInflow,reservoir
ME,h8181,0.40716476664244416,scr2084,stInflow,reservoir
ME,h8182,0.40716476664244416,scr2084,stInflow,reservoir
ME,h8183,0.40716476664244416,scr2084,stInflow,reservoir
ME,h8184,0.40716476664244416,scr2084,stInflow,reservoir
ME,h8185,0.40716476664244416,scr2084,stInflow,reservoir
ME,h8186,0.40716476664244416,scr2084,stInflow,reservoir
ME,h8187,0.40716476664244416,scr2084,stInflow,reservoir
ME,h8188,0.40716476664244416,scr2084,stInflow,reservoir
ME,h8189,0.40716476664244416,scr2084,stInflow,reservoir
ME,h8190,0.40716476664244416,scr2084,stInflow,reservoir
ME,h8191,0.40716476664244416,scr2084,stInflow,reservoir
ME,h8192,0.40716476664244416,scr2084,stInflow,reservoir
ME,h8193,0.40716476664244416,scr2084,stInflow,reservoir
ME,h8194,0.40716476664244416,scr2084,stInflow,reservoir
ME,h8195,0.40716476664244416,scr2084,stInflow,reservoir
ME,h8196,0.40716476664244416,scr2084,stInflow,reservoir
ME,h8197,0.40716476664244416,scr2084,stInflow,reservoir
ME,h8198,0.40716476664244416,scr2084,stInflow,reservoir
ME,h8199,0.40716476664244416,scr2084,stInflow,reservoir
ME,h8200,0.40716476664244416,scr2084,stInflow,reservoir
ME,h8201,0.40716476664244416,scr2084,stInflow,reservoir
ME,h8202,0.40716476664244416,scr2084,stInflow,reservoir
ME,h8203,0.40716476664244416,scr2084,stInflow,reservoir
ME,h8204,0.40716476664244416,scr2084,stInflow,reservoir
ME,h8205,0.40716476664244416,scr2084,stInflow,reservoir
ME,h8206,0.40716476664244416,scr2084,stInflow,reservoir
ME,h8207,0.40716476664244416,scr2084,stInflow,reservoir
ME,h8208,0.40716476664244416,scr2084,stInflow,reservoir
ME,h8209,0.40716476664244416,scr2084,stInflow,reservoir
ME,h8210,0.40716476664244416,scr2084,stInflow,reservoir
ME,h8211,0.40716476664244416,scr2084,stInflow,reservoir
ME,h8212,0.40716476664244416,scr2084,stInflow,reservoir
ME,h8213,0.40716476664244416,scr2084,stInflow,reservoir
ME,h8214,0.40716476664244416,scr2084,stInflow,reservoir
ME,h8215,0.40716476664244416,scr2084,stInflow,reservoir
ME,h8216,0.40716476664244416,scr2084,stInflow,reservoir
ME,h8217,0.40716476664244416,scr2084,stInflow,reservoir
ME,h8218,0.40716476664244416,scr2084,stInflow,reservoir
ME,h8219,0.40716476664244416,scr2084,stInflow,reservoir
ME,h8220,0.40716476664244416,scr2084,stInflow,reservoir
ME,h8221,0.40716476664244416,scr2084,stInflow,reservoir
ME,h8222,0.40716476664244416,scr2084,stInflow,reservoir
ME,h8223,0.40716476664244416,scr2084,stInflow,reservoir
ME,h8224,0.40716476664244416,scr2084,stInflow,reservoir
ME,h8225,0.40716476664244416,scr2084,stInflow,reservoir
ME,h8226,0.40716476664244416,scr2084,stInflow,reservoir
ME,h8227,0.40716476664244416,scr2084,stInflow,reservoir
ME,h8228,0.40716476664244416,scr2084,stInflow,reservoir
ME,h8229,0.40716476664244416,scr2084,stInflow,reservoir
ME,h8230,0.40716476664244416,scr2084,stInflow,reservoir
ME,h8231,0.40716476664244416,scr2084,stInflow,reservoir
ME,h8232,0.40716476664244416,scr2084,stInflow,reservoir
ME,h8233,0.40716476664244416,scr2084,stInflow,reservoir
ME,h8234,0.40716476664244416,scr2084,stInflow,reservoir
ME,h8235,0.40716476664244416,scr2084,stInflow,reservoir
ME,h8236,0.40716476664244416,scr2084,stInflow,reservoir
ME,h8237,0.40716476664244416,scr2084,stInflow,reservoir
ME,h8238,0.40716476664244416,scr2084,stInflow,reservoir
ME,h8239,0.40716476664244416,scr2084,stInflow,reservoir
ME,h8240,0.40716476664244416,scr2084,stInflow,reservoir
ME,h8241,0.40716476664244416,scr2084,stInflow,reservoir
ME,h8242,0.40716476664244416,scr2084,stInflow,reservoir
ME,h8243,0.40716476664244416,scr2084,stInflow,reservoir
ME,h8244,0.40716476664244416,scr2084,stInflow,reservoir
ME,h8245,0.40716476664244416,scr2084,stInflow,reservoir
ME,h8246,0.40716476664244416,scr2084,stInflow,reservoir
ME,h8247,0.40716476664244416,scr2084,stInflow,reservoir
ME,h8248,0.40716476664244416,scr2084,stInflow,reservoir
ME,h8249,0.40716476664244416,scr2084,stInflow,reservoir
ME,h8250,0.40716476664244416,scr2084,stInflow,reservoir
ME,h8251,0.40716476664244416,scr2084,stInflow,reservoir
ME,h8252,0.40716476664244416,scr2084,stInflow,reservoir
ME,h8253,0.40716476664244416,scr2084,stInflow,reservoir
ME,h8254,0.40716476664244416,scr2084,stInflow,reservoir
ME,h8255,0.40716476664244416,scr2084,stInflow,reservoir
ME,h8256,0.40716476664244416,scr2084,stInflow,reservoir
ME,h8257,0.40716476664244416,scr2084,stInflow,reservoir
ME,h8258,0.40716476664244416,scr2084,stInflow,reservoir
ME,h8259,0.40716476664244416,scr2084,stInflow,reservoir
ME,h8260,0.40716476664244416,scr2084,stInflow,reservoir
ME,h8261,0.40716476664244416,scr2084,stInflow,reservoir
ME,h8262,0.40716476664244416,scr2084,stInflow,reservoir
ME,h8263,0.40716476664244416,scr2084,stInflow,reservoir
ME,h8264,0.40716476664244416,scr2084,stInflow,reservoir
ME,h8265,0.40716476664244416,scr2084,stInflow,reservoir
ME,h8266,0.40716476664244416,scr2084,stInflow,reservoir
ME,h8267,0.40716476664244416,scr2084,stInflow,reservoir
ME,h8268,0.40716476664244416,scr2084,stInflow,reservoir
ME,h8269,0.40716476664244416,scr2084,stInflow,reservoir
ME,h8270,0.40716476664244416,scr2084,stInflow,reservoir
ME,h8271,0.40716476664244416,scr2084,stInflow,reservoir
ME,h8272,0.40716476664244416,scr2084,stInflow,reservoir
ME,h8273,0.40716476664244416,scr2084,stInflow,reservoir
ME,h8274,0.40716476664244416,scr2084,stInflow,reservoir
ME,h8275,0.40716476664244416,scr2084,stInflow,reservoir
ME,h8276,0.40716476664244416,scr2084,stInflow,reservoir
ME,h8277,0.40716476664244416,scr2084,stInflow,reservoir
ME,h8278,0.40716476664244416,scr2084,stInflow,reservoir
ME,h8279,0.40716476664244416,scr2084,stInflow,reservoir
ME,h8280,0.40716476664244416,scr2084,stInflow,reservoir
ME,h8281,0.40757669098967897,scr2084,stInflow,reservoir
ME,h8282,0.40798861537854286,scr2084,stInflow,reservoir
ME,h8283,0.4084005398089938,scr2084,stInflow,reservoir
ME,h8284,0.4084005398089938,scr2084,stInflow,reservoir
ME,h8285,0.4084005398089938,scr2084,stInflow,reservoir
ME,h8286,0.4084005398089938,scr2084,stInflow,reservoir
ME,h8287,0.4084005398089938,scr2084,stInflow,reservoir
ME,h8288,0.4084005398089938,scr2084,stInflow,reservoir
ME,h8289,0.4084005398089938,scr2084,stInflow,reservoir
ME,h8290,0.4084005398089938,scr2084,stInflow,reservoir
ME,h8291,0.4084005398089938,scr2084,stInflow,reservoir
ME,h8292,0.4084005398089938,scr2084,stInflow,reservoir
ME,h8293,0.4084005398089938,scr2084,stInflow,reservoir
ME,h8294,0.4084005398089938,scr2084,stInflow,reservoir
ME,h8295,0.4084005398089938,scr2084,stInflow,reservoir
ME,h8296,0.4084005398089938,scr2084,stInflow,reservoir
ME,h8297,0.4084005398089938,scr2084,stInflow,reservoir
ME,h8298,0.4084005398089938,scr2084,stInflow,reservoir
ME,h8299,0.4084005398089938,scr2084,stInflow,reservoir
ME,h8300,0.4084005398089938,scr2084,stInflow,reservoir
ME,h8301,0.4084005398089938,scr2084,stInflow,reservoir
ME,h8302,0.4084005398089938,scr2084,stInflow,reservoir
ME,h8303,0.4084005398089938,scr2084,stInflow,reservoir
ME,h8304,0.4084005398089938,scr2084,stInflow,reservoir
ME,h8305,0.4084005398089938,scr2084,stInflow,reservoir
ME,h8306,0.4084005398089938,scr2084,stInflow,reservoir
ME,h8307,0.4084005398089938,scr2084,stInflow,reservoir
ME,h8308,0.4084005398089938,scr2084,stInflow,reservoir
ME,h8309,0.4084005398089938,scr2084,stInflow,reservoir
ME,h8310,0.4084005398089938,scr2084,stInflow,reservoir
ME,h8311,0.4084005398089938,scr2084,stInflow,reservoir
ME,h8312,0.4084005398089938,scr2084,stInflow,reservoir
ME,h8313,0.4084005398089938,scr2084,stInflow,reservoir
ME,h8314,0.4084005398089938,scr2084,stInflow,reservoir
ME,h8315,0.4084005398089938,scr2084,stInflow,reservoir
ME,h8316,0.4084005398089938,scr2084,stInflow,reservoir
ME,h8317,0.4084005398089938,scr2084,stInflow,reservoir
ME,h8318,0.4084005398089938,scr2084,stInflow,reservoir
ME,h8319,0.4084005398089938,scr2084,stInflow,reservoir
ME,h8320,0.4084005398089938,scr2084,stInflow,reservoir
ME,h8321,0.4084005398089938,scr2084,stInflow,reservoir
ME,h8322,0.4084005398089938,scr2084,stInflow,reservoir
ME,h8323,0.4084005398089938,scr2084,stInflow,reservoir
ME,h8324,0.4084005398089938,scr2084,stInflow,reservoir
ME,h8325,0.4084005398089938,scr2084,stInflow,reservoir
ME,h8326,0.4084005398089938,scr2084,stInflow,reservoir
ME,h8327,0.4084005398089938,scr2084,stInflow,reservoir
ME,h8328,0.4084005398089938,scr2084,stInflow,reservoir
ME,h8329,0.4084005398089938,scr2084,stInflow,reservoir
ME,h8330,0.4084005398089938,scr2084,stInflow,reservoir
ME,h8331,0.4084005398089938,scr2084,stInflow,reservoir
ME,h8332,0.4084005398089938,scr2084,stInflow,reservoir
ME,h8333,0.4084005398089938,scr2084,stInflow,reservoir
ME,h8334,0.4084005398089938,scr2084,stInflow,reservoir
ME,h8335,0.4084005398089938,scr2084,stInflow,reservoir
ME,h8336,0.4084005398089938,scr2084,stInflow,reservoir
ME,h8337,0.4084005398089938,scr2084,stInflow,reservoir
ME,h8338,0.4084005398089938,scr2084,stInflow,reservoir
ME,h8339,0.4084005398089938,scr2084,stInflow,reservoir
ME,h8340,0.4084005398089938,scr2084,stInflow,reservoir
ME,h8341,0.4084005398089938,scr2084,stInflow,reservoir
ME,h8342,0.4084005398089938,scr2084,stInflow,reservoir
ME,h8343,0.4084005398089938,scr2084,stInflow,reservoir
ME,h8344,0.4084005398089938,scr2084,stInflow,reservoir
ME,h8345,0.4084005398089938,scr2084,stInflow,reservoir
ME,h8346,0.4084005398089938,scr2084,stInflow,reservoir
ME,h8347,0.4084005398089938,scr2084,stInflow,reservoir
ME,h8348,0.4084005398089938,scr2084,stInflow,reservoir
ME,h8349,0.4084005398089938,scr2084,stInflow,reservoir
ME,h8350,0.4084005398089938,scr2084,stInflow,reservoir
ME,h8351,0.4084005398089938,scr2084,stInflow,reservoir
ME,h8352,0.4084005398089938,scr2084,stInflow,reservoir
ME,h8353,0.4084005398089938,scr2084,stInflow,reservoir
ME,h8354,0.4084005398089938,scr2084,stInflow,reservoir
ME,h8355,0.4084005398089938,scr2084,stInflow,reservoir
ME,h8356,0.4084005398089938,scr2084,stInflow,reservoir
ME,h8357,0.4084005398089938,scr2084,stInflow,reservoir
ME,h8358,0.4084005398089938,scr2084,stInflow,reservoir
ME,h8359,0.4084005398089938,scr2084,stInflow,reservoir
ME,h8360,0.4084005398089938,scr2084,stInflow,reservoir
ME,h8361,0.4084005398089938,scr2084,stInflow,reservoir
ME,h8362,0.4084005398089938,scr2084,stInflow,reservoir
ME,h8363,0.4084005398089938,scr2084,stInflow,reservoir
ME,h8364,0.4084005398089938,scr2084,stInflow,reservoir
ME,h8365,0.4084005398089938,scr2084,stInflow,reservoir
ME,h8366,0.4084005398089938,scr2084,stInflow,reservoir
ME,h8367,0.4084005398089938,scr2084,stInflow,reservoir
ME,h8368,0.4084005398089938,scr2084,stInflow,reservoir
ME,h8369,0.4084005398089938,scr2084,stInflow,reservoir
ME,h8370,0.4084005398089938,scr2084,stInflow,reservoir
ME,h8371,0.4084005398089938,scr2084,stInflow,reservoir
ME,h8372,0.4084005398089938,scr2084,stInflow,reservoir
ME,h8373,0.4084005398089938,scr2084,stInflow,reservoir
ME,h8374,0.4084005398089938,scr2084,stInflow,reservoir
ME,h8375,0.4084005398089938,scr2084,stInflow,reservoir
ME,h8376,0.4084005398089938,scr2084,stInflow,reservoir
ME,h8377,0.4084005398089938,scr2084,stInflow,reservoir
ME,h8378,0.4084005398089938,scr2084,stInflow,reservoir
ME,h8379,0.4084005398089938,scr2084,stInflow,reservoir
ME,h8380,0.4084005398089938,scr2084,stInflow,reservoir
ME,h8381,0.4084005398089938,scr2084,stInflow,reservoir
ME,h8382,0.4084005398089938,scr2084,stInflow,reservoir
ME,h8383,0.4084005398089938,scr2084,stInflow,reservoir
ME,h8384,0.4084005398089938,scr2084,stInflow,reservoir
ME,h8385,0.4084005398089938,scr2084,stInflow,reservoir
ME,h8386,0.4084005398089938,scr2084,stInflow,reservoir
ME,h8387,0.4084005398089938,scr2084,stInflow,reservoir
ME,h8388,0.4084005398089938,scr2084,stInflow,reservoir
ME,h8389,0.4084005398089938,scr2084,stInflow,reservoir
ME,h8390,0.4084005398089938,scr2084,stInflow,reservoir
ME,h8391,0.4084005398089938,scr2084,stInflow,reservoir
ME,h8392,0.4084005398089938,scr2084,stInflow,reservoir
ME,h8393,0.4084005398089938,scr2084,stInflow,reservoir
ME,h8394,0.4084005398089938,scr2084,stInflow,reservoir
ME,h8395,0.4084005398089938,scr2084,stInflow,reservoir
ME,h8396,0.4084005398089938,scr2084,stInflow,reservoir
ME,h8397,0.4084005398089938,scr2084,stInflow,reservoir
ME,h8398,0.4084005398089938,scr2084,stInflow,reservoir
ME,h8399,0.4084005398089938,scr2084,stInflow,reservoir
ME,h8400,0.4084005398089938,scr2084,stInflow,reservoir
ME,h8401,0.4084005398089938,scr2084,stInflow,reservoir
ME,h8402,0.4084005398089938,scr2084,stInflow,reservoir
ME,h8403,0.4084005398089938,scr2084,stInflow,reservoir
ME,h8404,0.4084005398089938,scr2084,stInflow,reservoir
ME,h8405,0.4084005398089938,scr2084,stInflow,reservoir
ME,h8406,0.4084005398089938,scr2084,stInflow,reservoir
ME,h8407,0.4084005398089938,scr2084,stInflow,reservoir
ME,h8408,0.4084005398089938,scr2084,stInflow,reservoir
ME,h8409,0.4084005398089938,scr2084,stInflow,reservoir
ME,h8410,0.4084005398089938,scr2084,stInflow,reservoir
ME,h8411,0.4084005398089938,scr2084,stInflow,reservoir
ME,h8412,0.4084005398089938,scr2084,stInflow,reservoir
ME,h8413,0.4084005398089938,scr2084,stInflow,reservoir
ME,h8414,0.4084005398089938,scr2084,stInflow,reservoir
ME,h8415,0.4084005398089938,scr2084,stInflow,reservoir
ME,h8416,0.4084005398089938,scr2084,stInflow,reservoir
ME,h8417,0.4084005398089938,scr2084,stInflow,reservoir
ME,h8418,0.4084005398089938,scr2084,stInflow,reservoir
ME,h8419,0.4084005398089938,scr2084,stInflow,reservoir
ME,h8420,0.4084005398089938,scr2084,stInflow,reservoir
ME,h8421,0.4084005398089938,scr2084,stInflow,reservoir
ME,h8422,0.4084005398089938,scr2084,stInflow,reservoir
ME,h8423,0.4084005398089938,scr2084,stInflow,reservoir
ME,h8424,0.4084005398089938,scr2084,stInflow,reservoir
ME,h8425,0.4084005398089938,scr2084,stInflow,reservoir
ME,h8426,0.4084005398089938,scr2084,stInflow,reservoir
ME,h8427,0.4084005398089938,scr2084,stInflow,reservoir
ME,h8428,0.4084005398089938,scr2084,stInflow,reservoir
ME,h8429,0.4084005398089938,scr2084,stInflow,reservoir
ME,h8430,0.4084005398089938,scr2084,stInflow,reservoir
ME,h8431,0.4084005398089938,scr2084,stInflow,reservoir
ME,h8432,0.4084005398089938,scr2084,stInflow,reservoir
ME,h8433,0.4084005398089938,scr2084,stInflow,reservoir
ME,h8434,0.4084005398089938,scr2084,stInflow,reservoir
ME,h8435,0.4084005398089938,scr2084,stInflow,reservoir
ME,h8436,0.4084005398089938,scr2084,stInflow,reservoir
ME,h8437,0.4084005398089938,scr2084,stInflow,reservoir
ME,h8438,0.4084005398089938,scr2084,stInflow,reservoir
ME,h8439,0.4084005398089938,scr2084,stInflow,reservoir
ME,h8440,0.4084005398089938,scr2084,stInflow,reservoir
ME,h8441,0.4084005398089938,scr2084,stInflow,reservoir
ME,h8442,0.4084005398089938,scr2084,stInflow,reservoir
ME,h8443,0.4084005398089938,scr2084,stInflow,reservoir
ME,h8444,0.4084005398089938,scr2084,stInflow,reservoir
ME,h8445,0.4084005398089938,scr2084,stInflow,reservoir
ME,h8446,0.4084005398089938,scr2084,stInflow,reservoir
ME,h8447,0.4084005398089938,scr2084,stInflow,reservoir
ME,h8448,0.4084005398089938,scr2084,stInflow,reservoir
ME,h8449,0.40839848086956604,scr2084,stInflow,reservoir
ME,h8450,0.4083964219301392,scr2084,stInflow,reservoir
ME,h8451,0.4083943629907135,scr2084,stInflow,reservoir
ME,h8452,0.4083943629907135,scr2084,stInflow,reservoir
ME,h8453,0.4083943629907135,scr2084,stInflow,reservoir
ME,h8454,0.4083943629907135,scr2084,stInflow,reservoir
ME,h8455,0.4083943629907135,scr2084,stInflow,reservoir
ME,h8456,0.4083943629907135,scr2084,stInflow,reservoir
ME,h8457,0.4083943629907135,scr2084,stInflow,reservoir
ME,h8458,0.4083943629907135,scr2084,stInflow,reservoir
ME,h8459,0.4083943629907135,scr2084,stInflow,reservoir
ME,h8460,0.4083943629907135,scr2084,stInflow,reservoir
ME,h8461,0.4083943629907135,scr2084,stInflow,reservoir
ME,h8462,0.4083943629907135,scr2084,stInflow,reservoir
ME,h8463,0.4083943629907135,scr2084,stInflow,reservoir
ME,h8464,0.4083943629907135,scr2084,stInflow,reservoir
ME,h8465,0.4083943629907135,scr2084,stInflow,reservoir
ME,h8466,0.4083943629907135,scr2084,stInflow,reservoir
ME,h8467,0.4083943629907135,scr2084,stInflow,reservoir
ME,h8468,0.4083943629907135,scr2084,stInflow,reservoir
ME,h8469,0.4083943629907135,scr2084,stInflow,reservoir
ME,h8470,0.4083943629907135,scr2084,stInflow,reservoir
ME,h8471,0.4083943629907135,scr2084,stInflow,reservoir
ME,h8472,0.4083943629907135,scr2084,stInflow,reservoir
ME,h8473,0.4083943629907135,scr2084,stInflow,reservoir
ME,h8474,0.4083943629907135,scr2084,stInflow,reservoir
ME,h8475,0.4083943629907135,scr2084,stInflow,reservoir
ME,h8476,0.4083943629907135,scr2084,stInflow,reservoir
ME,h8477,0.4083943629907135,scr2084,stInflow,reservoir
ME,h8478,0.4083943629907135,scr2084,stInflow,reservoir
ME,h8479,0.4083943629907135,scr2084,stInflow,reservoir
ME,h8480,0.4083943629907135,scr2084,stInflow,reservoir
ME,h8481,0.4083943629907135,scr2084,stInflow,reservoir
ME,h8482,0.4083943629907135,scr2084,stInflow,reservoir
ME,h8483,0.4083943629907135,scr2084,stInflow,reservoir
ME,h8484,0.4083943629907135,scr2084,stInflow,reservoir
ME,h8485,0.4083943629907135,scr2084,stInflow,reservoir
ME,h8486,0.4083943629907135,scr2084,stInflow,reservoir
ME,h8487,0.4083943629907135,scr2084,stInflow,reservoir
ME,h8488,0.4083943629907135,scr2084,stInflow,reservoir
ME,h8489,0.4083943629907135,scr2084,stInflow,reservoir
ME,h8490,0.4083943629907135,scr2084,stInflow,reservoir
ME,h8491,0.4083943629907135,scr2084,stInflow,reservoir
ME,h8492,0.4083943629907135,scr2084,stInflow,reservoir
ME,h8493,0.4083943629907135,scr2084,stInflow,reservoir
ME,h8494,0.4083943629907135,scr2084,stInflow,reservoir
ME,h8495,0.4083943629907135,scr2084,stInflow,reservoir
ME,h8496,0.4083943629907135,scr2084,stInflow,reservoir
ME,h8497,0.4083943629907135,scr2084,stInflow,reservoir
ME,h8498,0.4083943629907135,scr2084,stInflow,reservoir
ME,h8499,0.4083943629907135,scr2084,stInflow,reservoir
ME,h8500,0.4083943629907135,scr2084,stInflow,reservoir
ME,h8501,0.4083943629907135,scr2084,stInflow,reservoir
ME,h8502,0.4083943629907135,scr2084,stInflow,reservoir
ME,h8503,0.4083943629907135,scr2084,stInflow,reservoir
ME,h8504,0.4083943629907135,scr2084,stInflow,reservoir
ME,h8505,0.4083943629907135,scr2084,stInflow,reservoir
ME,h8506,0.4083943629907135,scr2084,stInflow,reservoir
ME,h8507,0.4083943629907135,scr2084,stInflow,reservoir
ME,h8508,0.4083943629907135,scr2084,stInflow,reservoir
ME,h8509,0.4083943629907135,scr2084,stInflow,reservoir
ME,h8510,0.4083943629907135,scr2084,stInflow,reservoir
ME,h8511,0.4083943629907135,scr2084,stInflow,reservoir
ME,h8512,0.4083943629907135,scr2084,stInflow,reservoir
ME,h8513,0.4083943629907135,scr2084,stInflow,reservoir
ME,h8514,0.4083943629907135,scr2084,stInflow,reservoir
ME,h8515,0.4083943629907135,scr2084,stInflow,reservoir
ME,h8516,0.4083943629907135,scr2084,stInflow,reservoir
ME,h8517,0.4083943629907135,scr2084,stInflow,reservoir
ME,h8518,0.4083943629907135,scr2084,stInflow,reservoir
ME,h8519,0.4083943629907135,scr2084,stInflow,reservoir
ME,h8520,0.4083943629907135,scr2084,stInflow,reservoir
ME,h8521,0.4083943629907135,scr2084,stInflow,reservoir
ME,h8522,0.4083943629907135,scr2084,stInflow,reservoir
ME,h8523,0.4083943629907135,scr2084,stInflow,reservoir
ME,h8524,0.4083943629907135,scr2084,stInflow,reservoir
ME,h8525,0.4083943629907135,scr2084,stInflow,reservoir
ME,h8526,0.4083943629907135,scr2084,stInflow,reservoir
ME,h8527,0.4083943629907135,scr2084,stInflow,reservoir
ME,h8528,0.4083943629907135,scr2084,stInflow,reservoir
ME,h8529,0.4083943629907135,scr2084,stInflow,reservoir
ME,h8530,0.4083943629907135,scr2084,stInflow,reservoir
ME,h8531,0.4083943629907135,scr2084,stInflow,reservoir
ME,h8532,0.4083943629907135,scr2084,stInflow,reservoir
ME,h8533,0.4083943629907135,scr2084,stInflow,reservoir
ME,h8534,0.4083943629907135,scr2084,stInflow,reservoir
ME,h8535,0.4083943629907135,scr2084,stInflow,reservoir
ME,h8536,0.4083943629907135,scr2084,stInflow,reservoir
ME,h8537,0.4083943629907135,scr2084,stInflow,reservoir
ME,h8538,0.4083943629907135,scr2084,stInflow,reservoir
ME,h8539,0.4083943629907135,scr2084,stInflow,reservoir
ME,h8540,0.4083943629907135,scr2084,stInflow,reservoir
ME,h8541,0.4083943629907135,scr2084,stInflow,reservoir
ME,h8542,0.4083943629907135,scr2084,stInflow,reservoir
ME,h8543,0.4083943629907135,scr2084,stInflow,reservoir
ME,h8544,0.4083943629907135,scr2084,stInflow,reservoir
ME,h8545,0.4083943629907135,scr2084,stInflow,reservoir
ME,h8546,0.4083943629907135,scr2084,stInflow,reservoir
ME,h8547,0.4083943629907135,scr2084,stInflow,reservoir
ME,h8548,0.4083943629907135,scr2084,stInflow,reservoir
ME,h8549,0.4083943629907135,scr2084,stInflow,reservoir
ME,h8550,0.4083943629907135,scr2084,stInflow,reservoir
ME,h8551,0.4083943629907135,scr2084,stInflow,reservoir
ME,h8552,0.4083943629907135,scr2084,stInflow,reservoir
ME,h8553,0.4083943629907135,scr2084,stInflow,reservoir
ME,h8554,0.4083943629907135,scr2084,stInflow,reservoir
ME,h8555,0.4083943629907135,scr2084,stInflow,reservoir
ME,h8556,0.4083943629907135,scr2084,stInflow,reservoir
ME,h8557,0.4083943629907135,scr2084,stInflow,reservoir
ME,h8558,0.4083943629907135,scr2084,stInflow,reservoir
ME,h8559,0.4083943629907135,scr2084,stInflow,reservoir
ME,h8560,0.4083943629907135,scr2084,stInflow,reservoir
ME,h8561,0.4083943629907135,scr2084,stInflow,reservoir
ME,h8562,0.4083943629907135,scr2084,stInflow,reservoir
ME,h8563,0.4083943629907135,scr2084,stInflow,reservoir
ME,h8564,0.4083943629907135,scr2084,stInflow,reservoir
ME,h8565,0.4083943629907135,scr2084,stInflow,reservoir
ME,h8566,0.4083943629907135,scr2084,stInflow,reservoir
ME,h8567,0.4083943629907135,scr2084,stInflow,reservoir
ME,h8568,0.4083943629907135,scr2084,stInflow,reservoir
ME,h8569,0.4083943629907135,scr2084,stInflow,reservoir
ME,h8570,0.4083943629907135,scr2084,stInflow,reservoir
ME,h8571,0.4083943629907135,scr2084,stInflow,reservoir
ME,h8572,0.4083943629907135,scr2084,stInflow,reservoir
ME,h8573,0.4083943629907135,scr2084,stInflow,reservoir
ME,h8574,0.4083943629907135,scr2084,stInflow,reservoir
ME,h8575,0.4083943629907135,scr2084,stInflow,reservoir
ME,h8576,0.4083943629907135,scr2084,stInflow,reservoir
ME,h8577,0.4083943629907135,scr2084,stInflow,reservoir
ME,h8578,0.4083943629907135,scr2084,stInflow,reservoir
ME,h8579,0.4083943629907135,scr2084,stInflow,reservoir
ME,h8580,0.4083943629907135,scr2084,stInflow,reservoir
ME,h8581,0.4083943629907135,scr2084,stInflow,reservoir
ME,h8582,0.4083943629907135,scr2084,stInflow,reservoir
ME,h8583,0.4083943629907135,scr2084,stInflow,reservoir
ME,h8584,0.4083943629907135,scr2084,stInflow,reservoir
ME,h8585,0.4083943629907135,scr2084,stInflow,reservoir
ME,h8586,0.4083943629907135,scr2084,stInflow,reservoir
ME,h8587,0.4083943629907135,scr2084,stInflow,reservoir
ME,h8588,0.4083943629907135,scr2084,stInflow,reservoir
ME,h8589,0.4083943629907135,scr2084,stInflow,reservoir
ME,h8590,0.4083943629907135,scr2084,stInflow,reservoir
ME,h8591,0.4083943629907135,scr2084,stInflow,reservoir
ME,h8592,0.4083943629907135,scr2084,stInflow,reservoir
ME,h8593,0.4083943629907135,scr2084,stInflow,reservoir
ME,h8594,0.4083943629907135,scr2084,stInflow,reservoir
ME,h8595,0.4083943629907135,scr2084,stInflow,reservoir
ME,h8596,0.4083943629907135,scr2084,stInflow,reservoir
ME,h8597,0.4083943629907135,scr2084,stInflow,reservoir
ME,h8598,0.4083943629907135,scr2084,stInflow,reservoir
ME,h8599,0.4083943629907135,scr2084,stInflow,reservoir
ME,h8600,0.4083943629907135,scr2084,stInflow,reservoir
ME,h8601,0.4083943629907135,scr2084,stInflow,reservoir
ME,h8602,0.4083943629907135,scr2084,stInflow,reservoir
ME,h8603,0.4083943629907135,scr2084,stInflow,reservoir
ME,h8604,0.4083943629907135,scr2084,stInflow,reservoir
ME,h8605,0.4083943629907135,scr2084,stInflow,reservoir
ME,h8606,0.4083943629907135,scr2084,stInflow,reservoir
ME,h8607,0.4083943629907135,scr2084,stInflow,reservoir
ME,h8608,0.4083943629907135,scr2084,stInflow,reservoir
ME,h8609,0.4083943629907135,scr2084,stInflow,reservoir
ME,h8610,0.4083943629907135,scr2084,stInflow,reservoir
ME,h8611,0.4083943629907135,scr2084,stInflow,reservoir
ME,h8612,0.4083943629907135,scr2084,stInflow,reservoir
ME,h8613,0.4083943629907135,scr2084,stInflow,reservoir
ME,h8614,0.4083943629907135,scr2084,stInflow,reservoir
ME,h8615,0.4083943629907135,scr2084,stInflow,reservoir
ME,h8616,0.4083943629907135,scr2084,stInflow,reservoir
ME,h8617,0.4074865659112876,scr2084,stInflow,reservoir
ME,h8618,0.4065787690340871,scr2084,stInflow,reservoir
ME,h8619,0.4056709723595635,scr2084,stInflow,reservoir
ME,h8620,0.4056709723595635,scr2084,stInflow,reservoir
ME,h8621,0.4056709723595635,scr2084,stInflow,reservoir
ME,h8622,0.4056709723595635,scr2084,stInflow,reservoir
ME,h8623,0.4056709723595635,scr2084,stInflow,reservoir
ME,h8624,0.4056709723595635,scr2084,stInflow,reservoir
ME,h8625,0.4056709723595635,scr2084,stInflow,reservoir
ME,h8626,0.4056709723595635,scr2084,stInflow,reservoir
ME,h8627,0.4056709723595635,scr2084,stInflow,reservoir
ME,h8628,0.4056709723595635,scr2084,stInflow,reservoir
ME,h8629,0.4056709723595635,scr2084,stInflow,reservoir
ME,h8630,0.4056709723595635,scr2084,stInflow,reservoir
ME,h8631,0.4056709723595635,scr2084,stInflow,reservoir
ME,h8632,0.4056709723595635,scr2084,stInflow,reservoir
ME,h8633,0.4056709723595635,scr2084,stInflow,reservoir
ME,h8634,0.4056709723595635,scr2084,stInflow,reservoir
ME,h8635,0.4056709723595635,scr2084,stInflow,reservoir
ME,h8636,0.4056709723595635,scr2084,stInflow,reservoir
ME,h8637,0.4056709723595635,scr2084,stInflow,reservoir
ME,h8638,0.4056709723595635,scr2084,stInflow,reservoir
ME,h8639,0.4056709723595635,scr2084,stInflow,reservoir
ME,h8640,0.4056709723595635,scr2084,stInflow,reservoir
ME,h8641,0.4056709723595635,scr2084,stInflow,reservoir
ME,h8642,0.4056709723595635,scr2084,stInflow,reservoir
ME,h8643,0.4056709723595635,scr2084,stInflow,reservoir
ME,h8644,0.4056709723595635,scr2084,stInflow,reservoir
ME,h8645,0.4056709723595635,scr2084,stInflow,reservoir
ME,h8646,0.4056709723595635,scr2084,stInflow,reservoir
ME,h8647,0.4056709723595635,scr2084,stInflow,reservoir
ME,h8648,0.4056709723595635,scr2084,stInflow,reservoir
ME,h8649,0.4056709723595635,scr2084,stInflow,reservoir
ME,h8650,0.4056709723595635,scr2084,stInflow,reservoir
ME,h8651,0.4056709723595635,scr2084,stInflow,reservoir
ME,h8652,0.4056709723595635,scr2084,stInflow,reservoir
ME,h8653,0.4056709723595635,scr2084,stInflow,reservoir
ME,h8654,0.4056709723595635,scr2084,stInflow,reservoir
ME,h8655,0.4056709723595635,scr2084,stInflow,reservoir
ME,h8656,0.4056709723595635,scr2084,stInflow,reservoir
ME,h8657,0.4056709723595635,scr2084,stInflow,reservoir
ME,h8658,0.4056709723595635,scr2084,stInflow,reservoir
ME,h8659,0.4056709723595635,scr2084,stInflow,reservoir
ME,h8660,0.4056709723595635,scr2084,stInflow,reservoir
ME,h8661,0.4056709723595635,scr2084,stInflow,reservoir
ME,h8662,0.4056709723595635,scr2084,stInflow,reservoir
ME,h8663,0.4056709723595635,scr2084,stInflow,reservoir
ME,h8664,0.4056709723595635,scr2084,stInflow,reservoir
ME,h8665,0.4056709723595635,scr2084,stInflow,reservoir
ME,h8666,0.4056709723595635,scr2084,stInflow,reservoir
ME,h8667,0.4056709723595635,scr2084,stInflow,reservoir
ME,h8668,0.4056709723595635,scr2084,stInflow,reservoir
ME,h8669,0.4056709723595635,scr2084,stInflow,reservoir
ME,h8670,0.4056709723595635,scr2084,stInflow,reservoir
ME,h8671,0.4056709723595635,scr2084,stInflow,reservoir
ME,h8672,0.4056709723595635,scr2084,stInflow,reservoir
ME,h8673,0.4056709723595635,scr2084,stInflow,reservoir
ME,h8674,0.4056709723595635,scr2084,stInflow,reservoir
ME,h8675,0.4056709723595635,scr2084,stInflow,reservoir
ME,h8676,0.4056709723595635,scr2084,stInflow,reservoir
ME,h8677,0.4056709723595635,scr2084,stInflow,reservoir
ME,h8678,0.4056709723595635,scr2084,stInflow,reservoir
ME,h8679,0.4056709723595635,scr2084,stInflow,reservoir
ME,h8680,0.4056709723595635,scr2084,stInflow,reservoir
ME,h8681,0.4056709723595635,scr2084,stInflow,reservoir
ME,h8682,0.4056709723595635,scr2084,stInflow,reservoir
ME,h8683,0.4056709723595635,scr2084,stInflow,reservoir
ME,h8684,0.4056709723595635,scr2084,stInflow,reservoir
ME,h8685,0.4056709723595635,scr2084,stInflow,reservoir
ME,h8686,0.4056709723595635,scr2084,stInflow,reservoir
ME,h8687,0.4056709723595635,scr2084,stInflow,reservoir
ME,h8688,0.4056709723595635,scr2084,stInflow,reservoir
ME,h8689,0.4056709723595635,scr2084,stInflow,reservoir
ME,h8690,0.4056709723595635,scr2084,stInflow,reservoir
ME,h8691,0.4056709723595635,scr2084,stInflow,reservoir
ME,h8692,0.4056709723595635,scr2084,stInflow,reservoir
ME,h8693,0.4056709723595635,scr2084,stInflow,reservoir
ME,h8694,0.4056709723595635,scr2084,stInflow,reservoir
ME,h8695,0.4056709723595635,scr2084,stInflow,reservoir
ME,h8696,0.4056709723595635,scr2084,stInflow,reservoir
ME,h8697,0.4056709723595635,scr2084,stInflow,reservoir
ME,h8698,0.4056709723595635,scr2084,stInflow,reservoir
ME,h8699,0.4056709723595635,scr2084,stInflow,reservoir
ME,h8700,0.4056709723595635,scr2084,stInflow,reservoir
ME,h8701,0.4056709723595635,scr2084,stInflow,reservoir
ME,h8702,0.4056709723595635,scr2084,stInflow,reservoir
ME,h8703,0.4056709723595635,scr2084,stInflow,reservoir
ME,h8704,0.4056709723595635,scr2084,stInflow,reservoir
ME,h8705,0.4056709723595635,scr2084,stInflow,reservoir
ME,h8706,0.4056709723595635,scr2084,stInflow,reservoir
ME,h8707,0.4056709723595635,scr2084,stInflow,reservoir
ME,h8708,0.4056709723595635,scr2084,stInflow,reservoir
ME,h8709,0.4056709723595635,scr2084,stInflow,reservoir
ME,h8710,0.4056709723595635,scr2084,stInflow,reservoir
ME,h8711,0.4056709723595635,scr2084,stInflow,reservoir
ME,h8712,0.4056709723595635,scr2084,stInflow,reservoir
ME,h8713,0.4056709723595635,scr2084,stInflow,reservoir
ME,h8714,0.4056709723595635,scr2084,stInflow,reservoir
ME,h8715,0.4056709723595635,scr2084,stInflow,reservoir
ME,h8716,0.4056709723595635,scr2084,stInflow,reservoir
ME,h8717,0.4056709723595635,scr2084,stInflow,reservoir
ME,h8718,0.4056709723595635,scr2084,stInflow,reservoir
ME,h8719,0.4056709723595635,scr2084,stInflow,reservoir
ME,h8720,0.4056709723595635,scr2084,stInflow,reservoir
ME,h8721,0.4056709723595635,scr2084,stInflow,reservoir
ME,h8722,0.4056709723595635,scr2084,stInflow,reservoir
ME,h8723,0.4056709723595635,scr2084,stInflow,reservoir
ME,h8724,0.4056709723595635,scr2084,stInflow,reservoir
ME,h8725,0.4056709723595635,scr2084,stInflow,reservoir
ME,h8726,0.4056709723595635,scr2084,stInflow,reservoir
ME,h8727,0.4056709723595635,scr2084,stInflow,reservoir
ME,h8728,0.4056709723595635,scr2084,stInflow,reservoir
ME,h8729,0.4056709723595635,scr2084,stInflow,reservoir
ME,h8730,0.4056709723595635,scr2084,stInflow,reservoir
ME,h8731,0.4056709723595635,scr2084,stInflow,reservoir
ME,h8732,0.4056709723595635,scr2084,stInflow,reservoir
ME,h8733,0.4056709723595635,scr2084,stInflow,reservoir
ME,h8734,0.4056709723595635,scr2084,stInflow,reservoir
ME,h8735,0.4056709723595635,scr2084,stInflow,reservoir
ME,h8736,0.4056709723595635,scr2084,stInflow,reservoir
ME,h8737,0.4056709723595635,scr2084,stInflow,reservoir
ME,h8738,0.4056709723595635,scr2084,stInflow,reservoir
ME,h8739,0.4056709723595635,scr2084,stInflow,reservoir
ME,h8740,0.4056709723595635,scr2084,stInflow,reservoir
ME,h8741,0.4056709723595635,scr2084,stInflow,reservoir
ME,h8742,0.4056709723595635,scr2084,stInflow,reservoir
ME,h8743,0.4056709723595635,scr2084,stInflow,reservoir
ME,h8744,0.4056709723595635,scr2084,stInflow,reservoir
ME,h8745,0.4056709723595635,scr2084,stInflow,reservoir
ME,h8746,0.4056709723595635,scr2084,stInflow,reservoir
ME,h8747,0.4056709723595635,scr2084,stInflow,reservoir
ME,h8748,0.4056709723595635,scr2084,stInflow,reservoir
ME,h8749,0.4056709723595635,scr2084,stInflow,reservoir
ME,h8750,0.4056709723595635,scr2084,stInflow,reservoir
ME,h8751,0.4056709723595635,scr2084,stInflow,reservoir
ME,h8752,0.4056709723595635,scr2084,stInflow,reservoir
ME,h8753,0.4056709723595635,scr2084,stInflow,reservoir
ME,h8754,0.4056709723595635,scr2084,stInflow,reservoir
ME,h8755,0.4056709723595635,scr2084,stInflow,reservoir
ME,h8756,0.4056709723595635,scr2084,stInflow,reservoir
ME,h8757,0.4056709723595635,scr2084,stInflow,reservoir
ME,h8758,0.4056709723595635,scr2084,stInflow,reservoir
ME,h8759,0.4056709723595635,scr2084,stInflow,reservoir
ME,h8760,0.4056709723595635,scr2084,stInflow,reservoir
NO,h8041,14.687176905593716,scr2084,stInflow,reservoir
NO,h8042,14.687176905593716,scr2084,stInflow,reservoir
NO,h8043,14.687176905593716,scr2084,stInflow,reservoir
NO,h8044,14.687176905593716,scr2084,stInflow,reservoir
NO,h8045,14.687176905593716,scr2084,stInflow,reservoir
NO,h8046,14.687176905593716,scr2084,stInflow,reservoir
NO,h8047,14.687176905593716,scr2084,stInflow,reservoir
NO,h8048,14.687176905593716,scr2084,stInflow,reservoir
NO,h8049,14.687176905593716,scr2084,stInflow,reservoir
NO,h8050,14.687176905593716,scr2084,stInflow,reservoir
NO,h8051,14.687176905593716,scr2084,stInflow,reservoir
NO,h8052,14.687176905593716,scr2084,stInflow,reservoir
NO,h8053,14.687176905593716,scr2084,stInflow,reservoir
NO,h8054,14.687176905593716,scr2084,stInflow,reservoir
NO,h8055,14.687176905593716,scr2084,stInflow,reservoir
NO,h8056,14.687176905593716,scr2084,stInflow,reservoir
NO,h8057,14.687176905593716,scr2084,stInflow,reservoir
NO,h8058,14.687176905593716,scr2084,stInflow,reservoir
NO,h8059,14.687176905593716,scr2084,stInflow,reservoir
NO,h8060,14.687176905593716,scr2084,stInflow,reservoir
NO,h8061,14.687176905593716,scr2084,stInflow,reservoir
NO,h8062,14.687176905593716,scr2084,stInflow,reservoir
NO,h8063,14.687176905593716,scr2084,stInflow,reservoir
NO,h8064,14.687176905593716,scr2084,stInflow,reservoir
NO,h8065,14.687176905593716,scr2084,stInflow,reservoir
NO,h8066,14.687176905593716,scr2084,stInflow,reservoir
NO,h8067,14.687176905593716,scr2084,stInflow,reservoir
NO,h8068,14.687176905593716,scr2084,stInflow,reservoir
NO,h8069,14.687176905593716,scr2084,stInflow,reservoir
NO,h8070,14.687176905593716,scr2084,stInflow,reservoir
NO,h8071,14.687176905593716,scr2084,stInflow,reservoir
NO,h8072,14.687176905593716,scr2084,stInflow,reservoir
NO,h8073,14.687176905593716,scr2084,stInflow,reservoir
NO,h8074,14.687176905593716,scr2084,stInflow,reservoir
NO,h8075,14.687176905593716,scr2084,stInflow,reservoir
NO,h8076,14.687176905593716,scr2084,stInflow,reservoir
NO,h8077,14.687176905593716,scr2084,stInflow,reservoir
NO,h8078,14.687176905593716,scr2084,stInflow,reservoir
NO,h8079,14.687176905593716,scr2084,stInflow,reservoir
NO,h8080,14.687176905593716,scr2084,stInflow,reservoir
NO,h8081,14.687176905593716,scr2084,stInflow,reservoir
NO,h8082,14.687176905593716,scr2084,stInflow,reservoir
NO,h8083,14.687176905593716,scr2084,stInflow,reservoir
NO,h8084,14.687176905593716,scr2084,stInflow,reservoir
NO,h8085,14.687176905593716,scr2084,stInflow,reservoir
NO,h8086,14.687176905593716,scr2084,stInflow,reservoir
NO,h8087,14.687176905593716,scr2084,stInflow,reservoir
NO,h8088,14.687176905593716,scr2084,stInflow,reservoir
NO,h8089,14.687176905593716,scr2084,stInflow,reservoir
NO,h8090,14.687176905593716,scr2084,stInflow,reservoir
NO,h8091,14.687176905593716,scr2084,stInflow,reservoir
NO,h8092,14.687176905593716,scr2084,stInflow,reservoir
NO,h8093,14.687176905593716,scr2084,stInflow,reservoir
NO,h8094,14.687176905593716,scr2084,stInflow,reservoir
NO,h8095,14.687176905593716,scr2084,stInflow,reservoir
NO,h8096,14.687176905593716,scr2084,stInflow,reservoir
NO,h8097,14.687176905593716,scr2084,stInflow,reservoir
NO,h8098,14.687176905593716,scr2084,stInflow,reservoir
NO,h8099,14.687176905593716,scr2084,stInflow,reservoir
NO,h8100,14.687176905593716,scr2084,stInflow,reservoir
NO,h8101,14.687176905593716,scr2084,stInflow,reservoir
NO,h8102,14.687176905593716,scr2084,stInflow,reservoir
NO,h8103,14.687176905593716,scr2084,stInflow,reservoir
NO,h8104,14.687176905593716,scr2084,stInflow,reservoir
NO,h8105,14.687176905593716,scr2084,stInflow,reservoir
NO,h8106,14.687176905593716,scr2084,stInflow,reservoir
NO,h8107,14.687176905593716,scr2084,stInflow,reservoir
NO,h8108,14.687176905593716,scr2084,stInflow,reservoir
NO,h8109,14.687176905593716,scr2084,stInflow,reservoir
NO,h8110,14.687176905593716,scr2084,stInflow,reservoir
NO,h8111,14.687176905593716,scr2084,stInflow,reservoir
NO,h8112,14.687176905593716,scr2084,stInflow,reservoir
NO,h8113,13.33176194245161,scr2084,stInflow,reservoir
NO,h8114,11.976360782904383,scr2084,stInflow,reservoir
NO,h8115,10.620974995324435,scr2084,stInflow,reservoir
NO,h8116,10.620974995324435,scr2084,stInflow,reservoir
NO,h8117,10.620974995324435,scr2084,stInflow,reservoir
NO,h8118,10.620974995324435,scr2084,stInflow,reservoir
NO,h8119,10.620974995324435,scr2084,stInflow,reservoir
NO,h8120,10.620974995324435,scr2084,stInflow,reservoir
NO,h8121,10.620974995324435,scr2084,stInflow,reservoir
NO,h8122,10.620974995324435,scr2084,stInflow,reservoir
NO,h8123,10.620974995324435,scr2084,stInflow,reservoir
NO,h8124,10.620974995324435,scr2084,stInflow,reservoir
NO,h8125,10.620974995324435,scr2084,stInflow,reservoir
NO,h8126,10.620974995324435,scr2084,stInflow,reservoir
NO,h8127,10.620974995324435,scr2084,stInflow,reservoir
NO,h8128,10.620974995324435,scr2084,stInflow,reservoir
NO,h8129,10.620974995324435,scr2084,stInflow,reservoir
NO,h8130,10.620974995324435,scr2084,stInflow,reservoir
NO,h8131,10.620974995324435,scr2084,stInflow,reservoir
NO,h8132,10.620974995324435,scr2084,stInflow,reservoir
NO,h8133,10.620974995324435,scr2084,stInflow,reservoir
NO,h8134,10.620974995324435,scr2084,stInflow,reservoir
NO,h8135,10.620974995324435,scr2084,stInflow,reservoir
NO,h8136,10.620974995324435,scr2084,stInflow,reservoir
NO,h8137,10.620974995324435,scr2084,stInflow,reservoir
NO,h8138,10.620974995324435,scr2084,stInflow,reservoir
NO,h8139,10.620974995324435,scr2084,stInflow,reservoir
NO,h8140,10.620974995324435,scr2084,stInflow,reservoir
NO,h8141,10.620974995324435,scr2084,stInflow,reservoir
NO,h8142,10.620974995324435,scr2084,stInflow,reservoir
NO,h8143,10.620974995324435,scr2084,stInflow,reservoir
NO,h8144,10.620974995324435,scr2084,stInflow,reservoir
NO,h8145,10.620974995324435,scr2084,stInflow,reservoir
NO,h8146,10.620974995324435,scr2084,stInflow,reservoir
NO,h8147,10.620974995324435,scr2084,stInflow,reservoir
NO,h8148,10.620974995324435,scr2084,stInflow,reservoir
NO,h8149,10.620974995324435,scr2084,stInflow,reservoir
NO,h8150,10.620974995324435,scr2084,stInflow,reservoir
NO,h8151,10.620974995324435,scr2084,stInflow,reservoir
NO,h8152,10.620974995324435,scr2084,stInflow,reservoir
NO,h8153,10.620974995324435,scr2084,stInflow,reservoir
NO,h8154,10.620974995324435,scr2084,stInflow,reservoir
NO,h8155,10.620974995324435,scr2084,stInflow,reservoir
NO,h8156,10.620974995324435,scr2084,stInflow,reservoir
NO,h8157,10.620974995324435,scr2084,stInflow,reservoir
NO,h8158,10.620974995324435,scr2084,stInflow,reservoir
NO,h8159,10.620974995324435,scr2084,stInflow,reservoir
NO,h8160,10.620974995324435,scr2084,stInflow,reservoir
NO,h8161,10.620974995324435,scr2084,stInflow,reservoir
NO,h8162,10.620974995324435,scr2084,stInflow,reservoir
NO,h8163,10.620974995324435,scr2084,stInflow,reservoir
NO,h8164,10.620974995324435,scr2084,stInflow,reservoir
NO,h8165,10.620974995324435,scr2084,stInflow,reservoir
NO,h8166,10.620974995324435,scr2084,stInflow,reservoir
NO,h8167,10.620974995324435,scr2084,stInflow,reservoir
NO,h8168,10.620974995324435,scr2084,stInflow,reservoir
NO,h8169,10.620974995324435,scr2084,stInflow,reservoir
NO,h8170,10.620974995324435,scr2084,stInflow,reservoir
NO,h8171,10.620974995324435,scr2084,stInflow,reservoir
NO,h8172,10.620974995324435,scr2084,stInflow,reservoir
NO,h8173,10.620974995324435,scr2084,stInflow,reservoir
NO,h8174,10.620974995324435,scr2084,stInflow,reservoir
NO,h8175,10.620974995324435,scr2084,stInflow,reservoir
NO,h8176,10.620974995324435,scr2084,stInflow,reservoir
NO,h8177,10.620974995324435,scr2084,stInflow,reservoir
NO,h8178,10.620974995324435,scr2084,stInflow,reservoir
NO,h8179,10.620974995324435,scr2084,stInflow,reservoir
NO,h8180,10.620974995324435,scr2084,stInflow,reservoir
NO,h8181,10.620974995324435,scr2084,stInflow,reservoir
NO,h8182,10.620974995324435,scr2084,stInflow,reservoir
NO,h8183,10.620974995324435,scr2084,stInflow,reservoir
NO,h8184,10.620974995324435,scr2084,stInflow,reservoir
NO,h8185,10.620974995324435,scr2084,stInflow,reservoir
NO,h8186,10.620974995324435,scr2084,stInflow,reservoir
NO,h8187,10.620974995324435,scr2084,stInflow,reservoir
NO,h8188,10.620974995324435,scr2084,stInflow,reservoir
NO,h8189,10.620974995324435,scr2084,stInflow,reservoir
NO,h8190,10.620974995324435,scr2084,stInflow,reservoir
NO,h8191,10.620974995324435,scr2084,stInflow,reservoir
NO,h8192,10.620974995324435,scr2084,stInflow,reservoir
NO,h8193,10.620974995324435,scr2084,stInflow,reservoir
NO,h8194,10.620974995324435,scr2084,stInflow,reservoir
NO,h8195,10.620974995324435,scr2084,stInflow,reservoir
NO,h8196,10.620974995324435,scr2084,stInflow,reservoir
NO,h8197,10.620974995324435,scr2084,stInflow,reservoir
NO,h8198,10.620974995324435,scr2084,stInflow,reservoir
NO,h8199,10.620974995324435,scr2084,stInflow,reservoir
NO,h8200,10.620974995324435,scr2084,stInflow,reservoir
NO,h8201,10.620974995324435,scr2084,stInflow,reservoir
NO,h8202,10.620974995324435,scr2084,stInflow,reservoir
NO,h8203,10.620974995324435,scr2084,stInflow,reservoir
NO,h8204,10.620974995324435,scr2084,stInflow,reservoir
NO,h8205,10.620974995324435,scr2084,stInflow,reservoir
NO,h8206,10.620974995324435,scr2084,stInflow,reservoir
NO,h8207,10.620974995324435,scr2084,stInflow,reservoir
NO,h8208,10.620974995324435,scr2084,stInflow,reservoir
NO,h8209,10.620974995324435,scr2084,stInflow,reservoir
NO,h8210,10.620974995324435,scr2084,stInflow,reservoir
NO,h8211,10.620974995324435,scr2084,stInflow,reservoir
NO,h8212,10.620974995324435,scr2084,stInflow,reservoir
NO,h8213,10.620974995324435,scr2084,stInflow,reservoir
NO,h8214,10.620974995324435,scr2084,stInflow,reservoir
NO,h8215,10.620974995324435,scr2084,stInflow,reservoir
NO,h8216,10.620974995324435,scr2084,stInflow,reservoir
NO,h8217,10.620974995324435,scr2084,stInflow,reservoir
NO,h8218,10.620974995324435,scr2084,stInflow,reservoir
NO,h8219,10.620974995324435,scr2084,stInflow,reservoir
NO,h8220,10.620974995324435,scr2084,stInflow,reservoir
NO,h8221,10.620974995324435,scr2084,stInflow,reservoir
NO,h8222,10.620974995324435,scr2084,stInflow,reservoir
NO,h8223,10.620974995324435,scr2084,stInflow,reservoir
NO,h8224,10.620974995324435,scr2084,stInflow,reservoir
NO,h8225,10.620974995324435,scr2084,stInflow,reservoir
NO,h8226,10.620974995324435,scr2084,stInflow,reservoir
NO,h8227,10.620974995324435,scr2084,stInflow,reservoir
NO,h8228,10.620974995324435,scr2084,stInflow,reservoir
NO,h8229,10.620974995324435,scr2084,stInflow,reservoir
NO,h8230,10.620974995324435,scr2084,stInflow,reservoir
NO,h8231,10.620974995324435,scr2084,stInflow,reservoir
NO,h8232,10.620974995324435,scr2084,stInflow,reservoir
NO,h8233,10.620974995324435,scr2084,stInflow,reservoir
NO,h8234,10.620974995324435,scr2084,stInflow,reservoir
NO,h8235,10.620974995324435,scr2084,stInflow,reservoir
NO,h8236,10.620974995324435,scr2084,stInflow,reservoir
NO,h8237,10.620974995324435,scr2084,stInflow,reservoir
NO,h8238,10.620974995324435,scr2084,stInflow,reservoir
NO,h8239,10.620974995324435,scr2084,stInflow,reservoir
NO,h8240,10.620974995324435,scr2084,stInflow,reservoir
NO,h8241,10.620974995324435,scr2084,stInflow,reservoir
NO,h8242,10.620974995324435,scr2084,stInflow,reservoir
NO,h8243,10.620974995324435,scr2084,stInflow,reservoir
NO,h8244,10.620974995324435,scr2084,stInflow,reservoir
NO,h8245,10.620974995324435,scr2084,stInflow,reservoir
NO,h8246,10.620974995324435,scr2084,stInflow,reservoir
NO,h8247,10.620974995324435,scr2084,stInflow,reservoir
NO,h8248,10.620974995324435,scr2084,stInflow,reservoir
NO,h8249,10.620974995324435,scr2084,stInflow,reservoir
NO,h8250,10.620974995324435,scr2084,stInflow,reservoir
NO,h8251,10.620974995324435,scr2084,stInflow,reservoir
NO,h8252,10.620974995324435,scr2084,stInflow,reservoir
NO,h8253,10.620974995324435,scr2084,stInflow,reservoir
NO,h8254,10.620974995324435,scr2084,stInflow,reservoir
NO,h8255,10.620974995324435,scr2084,stInflow,reservoir
NO,h8256,10.620974995324435,scr2084,stInflow,reservoir
NO,h8257,10.620974995324435,scr2084,stInflow,reservoir
NO,h8258,10.620974995324435,scr2084,stInflow,reservoir
NO,h8259,10.620974995324435,scr2084,stInflow,reservoir
NO,h8260,10.620974995324435,scr2084,stInflow,reservoir
NO,h8261,10.620974995324435,scr2084,stInflow,reservoir
NO,h8262,10.620974995324435,scr2084,stInflow,reservoir
NO,h8263,10.620974995324435,scr2084,stInflow,reservoir
NO,h8264,10.620974995324435,scr2084,stInflow,reservoir
NO,h8265,10.620974995324435,scr2084,stInflow,reservoir
NO,h8266,10.620974995324435,scr2084,stInflow,reservoir
NO,h8267,10.620974995324435,scr2084,stInflow,reservoir
NO,h8268,10.620974995324435,scr2084,stInflow,reservoir
NO,h8269,10.620974995324435,scr2084,stInflow,reservoir
NO,h8270,10.620974995324435,scr2084,stInflow,reservoir
NO,h8271,10.620974995324435,scr2084,stInflow,reservoir
NO,h8272,10.620974995324435,scr2084,stInflow,reservoir
NO,h8273,10.620974995324435,scr2084,stInflow,reservoir
NO,h8274,10.620974995324435,scr2084,stInflow,reservoir
NO,h8275,10.620974995324435,scr2084,stInflow,reservoir
NO,h8276,10.620974995324435,scr2084,stInflow,reservoir
NO,h8277,10.620974995324435,scr2084,stInflow,reservoir
NO,h8278,10.620974995324435,scr2084,stInflow,reservoir
NO,h8279,10.620974995324435,scr2084,stInflow,reservoir
NO,h8280,10.620974995324435,scr2084,stInflow,reservoir
NO,h8281,9.919706055896167,scr2084,stInflow,reservoir
NO,h8282,9.21844207816012,scr2084,stInflow,reservoir
NO,h8283,8.517183440228585,scr2084,stInflow,reservoir
NO,h8284,8.517183440228585,scr2084,stInflow,reservoir
NO,h8285,8.517183440228585,scr2084,stInflow,reservoir
NO,h8286,8.517183440228585,scr2084,stInflow,reservoir
NO,h8287,8.517183440228585,scr2084,stInflow,reservoir
NO,h8288,8.517183440228585,scr2084,stInflow,reservoir
NO,h8289,8.517183440228585,scr2084,stInflow,reservoir
NO,h8290,8.517183440228585,scr2084,stInflow,reservoir
NO,h8291,8.517183440228585,scr2084,stInflow,reservoir
NO,h8292,8.517183440228585,scr2084,stInflow,reservoir
NO,h8293,8.517183440228585,scr2084,stInflow,reservoir
NO,h8294,8.517183440228585,scr2084,stInflow,reservoir
NO,h8295,8.517183440228585,scr2084,stInflow,reservoir
NO,h8296,8.517183440228585,scr2084,stInflow,reservoir
NO,h8297,8.517183440228585,scr2084,stInflow,reservoir
NO,h8298,8.517183440228585,scr2084,stInflow,reservoir
NO,h8299,8.517183440228585,scr2084,stInflow,reservoir
NO,h8300,8.517183440228585,scr2084,stInflow,reservoir
NO,h8301,8.517183440228585,scr2084,stInflow,reservoir
NO,h8302,8.517183440228585,scr2084,stInflow,reservoir
NO,h8303,8.517183440228585,scr2084,stInflow,reservoir
NO,h8304,8.517183440228585,scr2084,stInflow,reservoir
NO,h8305,8.517183440228585,scr2084,stInflow,reservoir
NO,h8306,8.517183440228585,scr2084,stInflow,reservoir
NO,h8307,8.517183440228585,scr2084,stInflow,reservoir
NO,h8308,8.517183440228585,scr2084,stInflow,reservoir
NO,h8309,8.517183440228585,scr2084,stInflow,reservoir
NO,h8310,8.517183440228585,scr2084,stInflow,reservoir
NO,h8311,8.517183440228585,scr2084,stInflow,reservoir
NO,h8312,8.517183440228585,scr2084,stInflow,reservoir
NO,h8313,8.517183440228585,scr2084,stInflow,reservoir
NO,h8314,8.517183440228585,scr2084,stInflow,reservoir
NO,h8315,8.517183440228585,scr2084,stInflow,reservoir
NO,h8316,8.517183440228585,scr2084,stInflow,reservoir
NO,h8317,8.517183440228585,scr2084,stInflow,reservoir
NO,h8318,8.517183440228585,scr2084,stInflow,reservoir
NO,h8319,8.517183440228585,scr2084,stInflow,reservoir
NO,h8320,8.517183440228585,scr2084,stInflow,reservoir
NO,h8321,8.517183440228585,scr2084,stInflow,reservoir
NO,h8322,8.517183440228585,scr2084,stInflow,reservoir
NO,h8323,8.517183440228585,scr2084,stInflow,reservoir
NO,h8324,8.517183440228585,scr2084,stInflow,reservoir
NO,h8325,8.517183440228585,scr2084,stInflow,reservoir
NO,h8326,8.517183440228585,scr2084,stInflow,reservoir
NO,h8327,8.517183440228585,scr2084,stInflow,reservoir
NO,h8328,8.517183440228585,scr2084,stInflow,reservoir
NO,h8329,8.517183440228585,scr2084,stInflow,reservoir
NO,h8330,8.517183440228585,scr2084,stInflow,reservoir
NO,h8331,8.517183440228585,scr2084,stInflow,reservoir
NO,h8332,8.517183440228585,scr2084,stInflow,reservoir
NO,h8333,8.517183440228585,scr2084,stInflow,reservoir
NO,h8334,8.517183440228585,scr2084,stInflow,reservoir
NO,h8335,8.517183440228585,scr2084,stInflow,reservoir
NO,h8336,8.517183440228585,scr2084,stInflow,reservoir
NO,h8337,8.517183440228585,scr2084,stInflow,reservoir
NO,h8338,8.517183440228585,scr2084,stInflow,reservoir
NO,h8339,8.517183440228585,scr2084,stInflow,reservoir
NO,h8340,8.517183440228585,scr2084,stInflow,reservoir
NO,h8341,8.517183440228585,scr2084,stInflow,reservoir
NO,h8342,8.517183440228585,scr2084,stInflow,reservoir
NO,h8343,8.517183440228585,scr2084,stInflow,reservoir
NO,h8344,8.517183440228585,scr2084,stInflow,reservoir
NO,h8345,8.517183440228585,scr2084,stInflow,reservoir
NO,h8346,8.517183440228585,scr2084,stInflow,reservoir
NO,h8347,8.517183440228585,scr2084,stInflow,reservoir
NO,h8348,8.517183440228585,scr2084,stInflow,reservoir
NO,h8349,8.517183440228585,scr2084,stInflow,reservoir
NO,h8350,8.517183440228585,scr2084,stInflow,reservoir
NO,h8351,8.517183440228585,scr2084,stInflow,reservoir
NO,h8352,8.517183440228585,scr2084,stInflow,reservoir
NO,h8353,8.517183440228585,scr2084,stInflow,reservoir
NO,h8354,8.517183440228585,scr2084,stInflow,reservoir
NO,h8355,8.517183440228585,scr2084,stInflow,reservoir
NO,h8356,8.517183440228585,scr2084,stInflow,reservoir
NO,h8357,8.517183440228585,scr2084,stInflow,reservoir
NO,h8358,8.517183440228585,scr2084,stInflow,reservoir
NO,h8359,8.517183440228585,scr2084,stInflow,reservoir
NO,h8360,8.517183440228585,scr2084,stInflow,reservoir
NO,h8361,8.517183440228585,scr2084,stInflow,reservoir
NO,h8362,8.517183440228585,scr2084,stInflow,reservoir
NO,h8363,8.517183440228585,scr2084,stInflow,reservoir
NO,h8364,8.517183440228585,scr2084,stInflow,reservoir
NO,h8365,8.517183440228585,scr2084,stInflow,reservoir
NO,h8366,8.517183440228585,scr2084,stInflow,reservoir
NO,h8367,8.517183440228585,scr2084,stInflow,reservoir
NO,h8368,8.517183440228585,scr2084,stInflow,reservoir
NO,h8369,8.517183440228585,scr2084,stInflow,reservoir
NO,h8370,8.517183440228585,scr2084,stInflow,reservoir
NO,h8371,8.517183440228585,scr2084,stInflow,reservoir
NO,h8372,8.517183440228585,scr2084,stInflow,reservoir
NO,h8373,8.517183440228585,scr2084,stInflow,reservoir
NO,h8374,8.517183440228585,scr2084,stInflow,reservoir
NO,h8375,8.517183440228585,scr2084,stInflow,reservoir
NO,h8376,8.517183440228585,scr2084,stInflow,reservoir
NO,h8377,8.517183440228585,scr2084,stInflow,reservoir
NO,h8378,8.517183440228585,scr2084,stInflow,reservoir
NO,h8379,8.517183440228585,scr2084,stInflow,reservoir
NO,h8380,8.517183440228585,scr2084,stInflow,reservoir
NO,h8381,8.517183440228585,scr2084,stInflow,reservoir
NO,h8382,8.517183440228585,scr2084,stInflow,reservoir
NO,h8383,8.517183440228585,scr2084,stInflow,reservoir
NO,h8384,8.517183440228585,scr2084,stInflow,reservoir
NO,h8385,8.517183440228585,scr2084,stInflow,reservoir
NO,h8386,8.517183440228585,scr2084,stInflow,reservoir
NO,h8387,8.517183440228585,scr2084,stInflow,reservoir
NO,h8388,8.517183440228585,scr2084,stInflow,reservoir
NO,h8389,8.517183440228585,scr2084,stInflow,reservoir
NO,h8390,8.517183440228585,scr2084,stInflow,reservoir
NO,h8391,8.517183440228585,scr2084,stInflow,reservoir
NO,h8392,8.517183440228585,scr2084,stInflow,reservoir
NO,h8393,8.517183440228585,scr2084,stInflow,reservoir
NO,h8394,8.517183440228585,scr2084,stInflow,reservoir
NO,h8395,8.517183440228585,scr2084,stInflow,reservoir
NO,h8396,8.517183440228585,scr2084,stInflow,reservoir
NO,h8397,8.517183440228585,scr2084,stInflow,reservoir
NO,h8398,8.517183440228585,scr2084,stInflow,reservoir
NO,h8399,8.517183440228585,scr2084,stInflow,reservoir
NO,h8400,8.517183440228585,scr2084,stInflow,reservoir
NO,h8401,8.517183440228585,scr2084,stInflow,reservoir
NO,h8402,8.517183440228585,scr2084,stInflow,reservoir
NO,h8403,8.517183440228585,scr2084,stInflow,reservoir
NO,h8404,8.517183440228585,scr2084,stInflow,reservoir
NO,h8405,8.517183440228585,scr2084,stInflow,reservoir
NO,h8406,8.517183440228585,scr2084,stInflow,reservoir
NO,h8407,8.517183440228585,scr2084,stInflow,reservoir
NO,h8408,8.517183440228585,scr2084,stInflow,reservoir
NO,h8409,8.517183440228585,scr2084,stInflow,reservoir
NO,h8410,8.517183440228585,scr2084,stInflow,reservoir
NO,h8411,8.517183440228585,scr2084,stInflow,reservoir
NO,h8412,8.517183440228585,scr2084,stInflow,reservoir
NO,h8413,8.517183440228585,scr2084,stInflow,reservoir
NO,h8414,8.517183440228585,scr2084,stInflow,reservoir
NO,h8415,8.517183440228585,scr2084,stInflow,reservoir
NO,h8416,8.517183440228585,scr2084,stInflow,reservoir
NO,h8417,8.517183440228585,scr2084,stInflow,reservoir
NO,h8418,8.517183440228585,scr2084,stInflow,reservoir
NO,h8419,8.517183440228585,scr2084,stInflow,reservoir
NO,h8420,8.517183440228585,scr2084,stInflow,reservoir
NO,h8421,8.517183440228585,scr2084,stInflow,reservoir
NO,h8422,8.517183440228585,scr2084,stInflow,reservoir
NO,h8423,8.517183440228585,scr2084,stInflow,reservoir
NO,h8424,8.517183440228585,scr2084,stInflow,reservoir
NO,h8425,8.517183440228585,scr2084,stInflow,reservoir
NO,h8426,8.517183440228585,scr2084,stInflow,reservoir
NO,h8427,8.517183440228585,scr2084,stInflow,reservoir
NO,h8428,8.517183440228585,scr2084,stInflow,reservoir
NO,h8429,8.517183440228585,scr2084,stInflow,reservoir
NO,h8430,8.517183440228585,scr2084,stInflow,reservoir
NO,h8431,8.517183440228585,scr2084,stInflow,reservoir
NO,h8432,8.517183440228585,scr2084,stInflow,reservoir
NO,h8433,8.517183440228585,scr2084,stInflow,reservoir
NO,h8434,8.517183440228585,scr2084,stInflow,reservoir
NO,h8435,8.517183440228585,scr2084,stInflow,reservoir
NO,h8436,8.517183440228585,scr2084,stInflow,reservoir
NO,h8437,8.517183440228585,scr2084,stInflow,reservoir
NO,h8438,8.517183440228585,scr2084,stInflow,reservoir
NO,h8439,8.517183440228585,scr2084,stInflow,reservoir
NO,h8440,8.517183440228585,scr2084,stInflow,reservoir
NO,h8441,8.517183440228585,scr2084,stInflow,reservoir
NO,h8442,8.517183440228585,scr2084,stInflow,reservoir
NO,h8443,8.517183440228585,scr2084,stInflow,reservoir
NO,h8444,8.517183440228585,scr2084,stInflow,reservoir
NO,h8445,8.517183440228585,scr2084,stInflow,reservoir
NO,h8446,8.517183440228585,scr2084,stInflow,reservoir
NO,h8447,8.517183440228585,scr2084,stInflow,reservoir
NO,h8448,8.517183440228585,scr2084,stInflow,reservoir
NO,h8449,8.524183449237047,scr2084,stInflow,reservoir
NO,h8450,8.531183458820355,scr2084,stInflow,reservoir
NO,h8451,8.538183468978037,scr2084,stInflow,reservoir
NO,h8452,8.538183468978037,scr2084,stInflow,reservoir
NO,h8453,8.538183468978037,scr2084,stInflow,reservoir
NO,h8454,8.538183468978037,scr2084,stInflow,reservoir
NO,h8455,8.538183468978037,scr2084,stInflow,reservoir
NO,h8456,8.538183468978037,scr2084,stInflow,reservoir
NO,h8457,8.538183468978037,scr2084,stInflow,reservoir
NO,h8458,8.538183468978037,scr2084,stInflow,reservoir
NO,h8459,8.538183468978037,scr2084,stInflow,reservoir
NO,h8460,8.538183468978037,scr2084,stInflow,reservoir
NO,h8461,8.538183468978037,scr2084,stInflow,reservoir
NO,h8462,8.538183468978037,scr2084,stInflow,reservoir
NO,h8463,8.538183468978037,scr2084,stInflow,reservoir
NO,h8464,8.538183468978037,scr2084,stInflow,reservoir
NO,h8465,8.538183468978037,scr2084,stInflow,reservoir
NO,h8466,8.538183468978037,scr2084,stInflow,reservoir
NO,h8467,8.538183468978037,scr2084,stInflow,reservoir
NO,h8468,8.538183468978037,scr2084,stInflow,reservoir
NO,h8469,8.538183468978037,scr2084,stInflow,reservoir
NO,h8470,8.538183468978037,scr2084,stInflow,reservoir
NO,h8471,8.538183468978037,scr2084,stInflow,reservoir
NO,h8472,8.538183468978037,scr2084,stInflow,reservoir
NO,h8473,8.538183468978037,scr2084,stInflow,reservoir
NO,h8474,8.538183468978037,scr2084,stInflow,reservoir
NO,h8475,8.538183468978037,scr2084,stInflow,reservoir
NO,h8476,8.538183468978037,scr2084,stInflow,reservoir
NO,h8477,8.538183468978037,scr2084,stInflow,reservoir
NO,h8478,8.538183468978037,scr2084,stInflow,reservoir
NO,h8479,8.538183468978037,scr2084,stInflow,reservoir
NO,h8480,8.538183468978037,scr2084,stInflow,reservoir
NO,h8481,8.538183468978037,scr2084,stInflow,reservoir
NO,h8482,8.538183468978037,scr2084,stInflow,reservoir
NO,h8483,8.538183468978037,scr2084,stInflow,reservoir
NO,h8484,8.538183468978037,scr2084,stInflow,reservoir
NO,h8485,8.538183468978037,scr2084,stInflow,reservoir
NO,h8486,8.538183468978037,scr2084,stInflow,reservoir
NO,h8487,8.538183468978037,scr2084,stInflow,reservoir
NO,h8488,8.538183468978037,scr2084,stInflow,reservoir
NO,h8489,8.538183468978037,scr2084,stInflow,reservoir
NO,h8490,8.538183468978037,scr2084,stInflow,reservoir
NO,h8491,8.538183468978037,scr2084,stInflow,reservoir
NO,h8492,8.538183468978037,scr2084,stInflow,reservoir
NO,h8493,8.538183468978037,scr2084,stInflow,reservoir
NO,h8494,8.538183468978037,scr2084,stInflow,reservoir
NO,h8495,8.538183468978037,scr2084,stInflow,reservoir
NO,h8496,8.538183468978037,scr2084,stInflow,reservoir
NO,h8497,8.538183468978037,scr2084,stInflow,reservoir
NO,h8498,8.538183468978037,scr2084,stInflow,reservoir
NO,h8499,8.538183468978037,scr2084,stInflow,reservoir
NO,h8500,8.538183468978037,scr2084,stInflow,reservoir
NO,h8501,8.538183468978037,scr2084,stInflow,reservoir
NO,h8502,8.538183468978037,scr2084,stInflow,reservoir
NO,h8503,8.538183468978037,scr2084,stInflow,reservoir
NO,h8504,8.538183468978037,scr2084,stInflow,reservoir
NO,h8505,8.538183468978037,scr2084,stInflow,reservoir
NO,h8506,8.538183468978037,scr2084,stInflow,reservoir
NO,h8507,8.538183468978037,scr2084,stInflow,reservoir
NO,h8508,8.538183468978037,scr2084,stInflow,reservoir
NO,h8509,8.538183468978037,scr2084,stInflow,reservoir
NO,h8510,8.538183468978037,scr2084,stInflow,reservoir
NO,h8511,8.538183468978037,scr2084,stInflow,reservoir
NO,h8512,8.538183468978037,scr2084,stInflow,reservoir
NO,h8513,8.538183468978037,scr2084,stInflow,reservoir
NO,h8514,8.538183468978037,scr2084,stInflow,reservoir
NO,h8515,8.538183468978037,scr2084,stInflow,reservoir
NO,h8516,8.538183468978037,scr2084,stInflow,reservoir
NO,h8517,8.538183468978037,scr2084,stInflow,reservoir
NO,h8518,8.538183468978037,scr2084,stInflow,reservoir
NO,h8519,8.538183468978037,scr2084,stInflow,reservoir
NO,h8520,8.538183468978037,scr2084,stInflow,reservoir
NO,h8521,8.538183468978037,scr2084,stInflow,reservoir
NO,h8522,8.538183468978037,scr2084,stInflow,reservoir
NO,h8523,8.538183468978037,scr2084,stInflow,reservoir
NO,h8524,8.538183468978037,scr2084,stInflow,reservoir
NO,h8525,8.538183468978037,scr2084,stInflow,reservoir
NO,h8526,8.538183468978037,scr2084,stInflow,reservoir
NO,h8527,8.538183468978037,scr2084,stInflow,reservoir
NO,h8528,8.538183468978037,scr2084,stInflow,reservoir
NO,h8529,8.538183468978037,scr2084,stInflow,reservoir
NO,h8530,8.538183468978037,scr2084,stInflow,reservoir
NO,h8531,8.538183468978037,scr2084,stInflow,reservoir
NO,h8532,8.538183468978037,scr2084,stInflow,reservoir
NO,h8533,8.538183468978037,scr2084,stInflow,reservoir
NO,h8534,8.538183468978037,scr2084,stInflow,reservoir
NO,h8535,8.538183468978037,scr2084,stInflow,reservoir
NO,h8536,8.538183468978037,scr2084,stInflow,reservoir
NO,h8537,8.538183468978037,scr2084,stInflow,reservoir
NO,h8538,8.538183468978037,scr2084,stInflow,reservoir
NO,h8539,8.538183468978037,scr2084,stInflow,reservoir
NO,h8540,8.538183468978037,scr2084,stInflow,reservoir
NO,h8541,8.538183468978037,scr2084,stInflow,reservoir
NO,h8542,8.538183468978037,scr2084,stInflow,reservoir
NO,h8543,8.538183468978037,scr2084,stInflow,reservoir
NO,h8544,8.538183468978037,scr2084,stInflow,reservoir
NO,h8545,8.538183468978037,scr2084,stInflow,reservoir
NO,h8546,8.538183468978037,scr2084,stInflow,reservoir
NO,h8547,8.538183468978037,scr2084,stInflow,reservoir
NO,h8548,8.538183468978037,scr2084,stInflow,reservoir
NO,h8549,8.538183468978037,scr2084,stInflow,reservoir
NO,h8550,8.538183468978037,scr2084,stInflow,reservoir
NO,h8551,8.538183468978037,scr2084,stInflow,reservoir
NO,h8552,8.538183468978037,scr2084,stInflow,reservoir
NO,h8553,8.538183468978037,scr2084,stInflow,reservoir
NO,h8554,8.538183468978037,scr2084,stInflow,reservoir
NO,h8555,8.538183468978037,scr2084,stInflow,reservoir
NO,h8556,8.538183468978037,scr2084,stInflow,reservoir
NO,h8557,8.538183468978037,scr2084,stInflow,reservoir
NO,h8558,8.538183468978037,scr2084,stInflow,reservoir
NO,h8559,8.538183468978037,scr2084,stInflow,reservoir
NO,h8560,8.538183468978037,scr2084,stInflow,reservoir
NO,h8561,8.538183468978037,scr2084,stInflow,reservoir
NO,h8562,8.538183468978037,scr2084,stInflow,reservoir
NO,h8563,8.538183468978037,scr2084,stInflow,reservoir
NO,h8564,8.538183468978037,scr2084,stInflow,reservoir
NO,h8565,8.538183468978037,scr2084,stInflow,reservoir
NO,h8566,8.538183468978037,scr2084,stInflow,reservoir
NO,h8567,8.538183468978037,scr2084,stInflow,reservoir
NO,h8568,8.538183468978037,scr2084,stInflow,reservoir
NO,h8569,8.538183468978037,scr2084,stInflow,reservoir
NO,h8570,8.538183468978037,scr2084,stInflow,reservoir
NO,h8571,8.538183468978037,scr2084,stInflow,reservoir
NO,h8572,8.538183468978037,scr2084,stInflow,reservoir
NO,h8573,8.538183468978037,scr2084,stInflow,reservoir
NO,h8574,8.538183468978037,scr2084,stInflow,reservoir
NO,h8575,8.538183468978037,scr2084,stInflow,reservoir
NO,h8576,8.538183468978037,scr2084,stInflow,reservoir
NO,h8577,8.538183468978037,scr2084,stInflow,reservoir
NO,h8578,8.538183468978037,scr2084,stInflow,reservoir
NO,h8579,8.538183468978037,scr2084,stInflow,reservoir
NO,h8580,8.538183468978037,scr2084,stInflow,reservoir
NO,h8581,8.538183468978037,scr2084,stInflow,reservoir
NO,h8582,8.538183468978037,scr2084,stInflow,reservoir
NO,h8583,8.538183468978037,scr2084,stInflow,reservoir
NO,h8584,8.538183468978037,scr2084,stInflow,reservoir
NO,h8585,8.538183468978037,scr2084,stInflow,reservoir
NO,h8586,8.538183468978037,scr2084,stInflow,reservoir
NO,h8587,8.538183468978037,scr2084,stInflow,reservoir
NO,h8588,8.538183468978037,scr2084,stInflow,reservoir
NO,h8589,8.538183468978037,scr2084,stInflow,reservoir
NO,h8590,8.538183468978037,scr2084,stInflow,reservoir
NO,h8591,8.538183468978037,scr2084,stInflow,reservoir
NO,h8592,8.538183468978037,scr2084,stInflow,reservoir
NO,h8593,8.538183468978037,scr2084,stInflow,reservoir
NO,h8594,8.538183468978037,scr2084,stInflow,reservoir
NO,h8595,8.538183468978037,scr2084,stInflow,reservoir
NO,h8596,8.538183468978037,scr2084,stInflow,reservoir
NO,h8597,8.538183468978037,scr2084,stInflow,reservoir
NO,h8598,8.538183468978037,scr2084,stInflow,reservoir
NO,h8599,8.538183468978037,scr2084,stInflow,reservoir
NO,h8600,8.538183468978037,scr2084,stInflow,reservoir
NO,h8601,8.538183468978037,scr2084,stInflow,reservoir
NO,h8602,8.538183468978037,scr2084,stInflow,reservoir
NO,h8603,8.538183468978037,scr2084,stInflow,reservoir
NO,h8604,8.538183468978037,scr2084,stInflow,reservoir
NO,h8605,8.538183468978037,scr2084,stInflow,reservoir
NO,h8606,8.538183468978037,scr2084,stInflow,reservoir
NO,h8607,8.538183468978037,scr2084,stInflow,reservoir
NO,h8608,8.538183468978037,scr2084,stInflow,reservoir
NO,h8609,8.538183468978037,scr2084,stInflow,reservoir
NO,h8610,8.538183468978037,scr2084,stInflow,reservoir
NO,h8611,8.538183468978037,scr2084,stInflow,reservoir
NO,h8612,8.538183468978037,scr2084,stInflow,reservoir
NO,h8613,8.538183468978037,scr2084,stInflow,reservoir
NO,h8614,8.538183468978037,scr2084,stInflow,reservoir
NO,h8615,8.538183468978037,scr2084,stInflow,reservoir
NO,h8616,8.538183468978037,scr2084,stInflow,reservoir
NO,h8617,8.536430681065088,scr2084,stInflow,reservoir
NO,h8618,8.534677893188132,scr2084,stInflow,reservoir
NO,h8619,8.532925105347172,scr2084,stInflow,reservoir
NO,h8620,8.532925105347172,scr2084,stInflow,reservoir
NO,h8621,8.532925105347172,scr2084,stInflow,reservoir
NO,h8622,8.532925105347172,scr2084,stInflow,reservoir
NO,h8623,8.532925105347172,scr2084,stInflow,reservoir
NO,h8624,8.532925105347172,scr2084,stInflow,reservoir
NO,h8625,8.532925105347172,scr2084,stInflow,reservoir
NO,h8626,8.532925105347172,scr2084,stInflow,reservoir
NO,h8627,8.532925105347172,scr2084,stInflow,reservoir
NO,h8628,8.532925105347172,scr2084,stInflow,reservoir
NO,h8629,8.532925105347172,scr2084,stInflow,reservoir
NO,h8630,8.532925105347172,scr2084,stInflow,reservoir
NO,h8631,8.532925105347172,scr2084,stInflow,reservoir
NO,h8632,8.532925105347172,scr2084,stInflow,reservoir
NO,h8633,8.532925105347172,scr2084,stInflow,reservoir
NO,h8634,8.532925105347172,scr2084,stInflow,reservoir
NO,h8635,8.532925105347172,scr2084,stInflow,reservoir
NO,h8636,8.532925105347172,scr2084,stInflow,reservoir
NO,h8637,8.532925105347172,scr2084,stInflow,reservoir
NO,h8638,8.532925105347172,scr2084,stInflow,reservoir
NO,h8639,8.532925105347172,scr2084,stInflow,reservoir
NO,h8640,8.532925105347172,scr2084,stInflow,reservoir
NO,h8641,8.532925105347172,scr2084,stInflow,reservoir
NO,h8642,8.532925105347172,scr2084,stInflow,reservoir
NO,h8643,8.532925105347172,scr2084,stInflow,reservoir
NO,h8644,8.532925105347172,scr2084,stInflow,reservoir
NO,h8645,8.532925105347172,scr2084,stInflow,reservoir
NO,h8646,8.532925105347172,scr2084,stInflow,reservoir
NO,h8647,8.532925105347172,scr2084,stInflow,reservoir
NO,h8648,8.532925105347172,scr2084,stInflow,reservoir
NO,h8649,8.532925105347172,scr2084,stInflow,reservoir
NO,h8650,8.532925105347172,scr2084,stInflow,reservoir
NO,h8651,8.532925105347172,scr2084,stInflow,reservoir
NO,h8652,8.532925105347172,scr2084,stInflow,reservoir
NO,h8653,8.532925105347172,scr2084,stInflow,reservoir
NO,h8654,8.532925105347172,scr2084,stInflow,reservoir
NO,h8655,8.532925105347172,scr2084,stInflow,reservoir
NO,h8656,8.532925105347172,scr2084,stInflow,reservoir
NO,h8657,8.532925105347172,scr2084,stInflow,reservoir
NO,h8658,8.532925105347172,scr2084,stInflow,reservoir
NO,h8659,8.532925105347172,scr2084,stInflow,reservoir
NO,h8660,8.532925105347172,scr2084,stInflow,reservoir
NO,h8661,8.532925105347172,scr2084,stInflow,reservoir
NO,h8662,8.532925105347172,scr2084,stInflow,reservoir
NO,h8663,8.532925105347172,scr2084,stInflow,reservoir
NO,h8664,8.532925105347172,scr2084,stInflow,reservoir
NO,h8665,8.532925105347172,scr2084,stInflow,reservoir
NO,h8666,8.532925105347172,scr2084,stInflow,reservoir
NO,h8667,8.532925105347172,scr2084,stInflow,reservoir
NO,h8668,8.532925105347172,scr2084,stInflow,reservoir
NO,h8669,8.532925105347172,scr2084,stInflow,reservoir
NO,h8670,8.532925105347172,scr2084,stInflow,reservoir
NO,h8671,8.532925105347172,scr2084,stInflow,reservoir
NO,h8672,8.532925105347172,scr2084,stInflow,reservoir
NO,h8673,8.532925105347172,scr2084,stInflow,reservoir
NO,h8674,8.532925105347172,scr2084,stInflow,reservoir
NO,h8675,8.532925105347172,scr2084,stInflow,reservoir
NO,h8676,8.532925105347172,scr2084,stInflow,reservoir
NO,h8677,8.532925105347172,scr2084,stInflow,reservoir
NO,h8678,8.532925105347172,scr2084,stInflow,reservoir
NO,h8679,8.532925105347172,scr2084,stInflow,reservoir
NO,h8680,8.532925105347172,scr2084,stInflow,reservoir
NO,h8681,8.532925105347172,scr2084,stInflow,reservoir
NO,h8682,8.532925105347172,scr2084,stInflow,reservoir
NO,h8683,8.532925105347172,scr2084,stInflow,reservoir
NO,h8684,8.532925105347172,scr2084,stInflow,reservoir
NO,h8685,8.532925105347172,scr2084,stInflow,reservoir
NO,h8686,8.532925105347172,scr2084,stInflow,reservoir
NO,h8687,8.532925105347172,scr2084,stInflow,reservoir
NO,h8688,8.532925105347172,scr2084,stInflow,reservoir
NO,h8689,8.532925105347172,scr2084,stInflow,reservoir
NO,h8690,8.532925105347172,scr2084,stInflow,reservoir
NO,h8691,8.532925105347172,scr2084,stInflow,reservoir
NO,h8692,8.532925105347172,scr2084,stInflow,reservoir
NO,h8693,8.532925105347172,scr2084,stInflow,reservoir
NO,h8694,8.532925105347172,scr2084,stInflow,reservoir
NO,h8695,8.532925105347172,scr2084,stInflow,reservoir
NO,h8696,8.532925105347172,scr2084,stInflow,reservoir
NO,h8697,8.532925105347172,scr2084,stInflow,reservoir
NO,h8698,8.532925105347172,scr2084,stInflow,reservoir
NO,h8699,8.532925105347172,scr2084,stInflow,reservoir
NO,h8700,8.532925105347172,scr2084,stInflow,reservoir
NO,h8701,8.532925105347172,scr2084,stInflow,reservoir
NO,h8702,8.532925105347172,scr2084,stInflow,reservoir
NO,h8703,8.532925105347172,scr2084,stInflow,reservoir
NO,h8704,8.532925105347172,scr2084,stInflow,reservoir
NO,h8705,8.532925105347172,scr2084,stInflow,reservoir
NO,h8706,8.532925105347172,scr2084,stInflow,reservoir
NO,h8707,8.532925105347172,scr2084,stInflow,reservoir
NO,h8708,8.532925105347172,scr2084,stInflow,reservoir
NO,h8709,8.532925105347172,scr2084,stInflow,reservoir
NO,h8710,8.532925105347172,scr2084,stInflow,reservoir
NO,h8711,8.532925105347172,scr2084,stInflow,reservoir
NO,h8712,8.532925105347172,scr2084,stInflow,reservoir
NO,h8713,8.532925105347172,scr2084,stInflow,reservoir
NO,h8714,8.532925105347172,scr2084,stInflow,reservoir
NO,h8715,8.532925105347172,scr2084,stInflow,reservoir
NO,h8716,8.532925105347172,scr2084,stInflow,reservoir
NO,h8717,8.532925105347172,scr2084,stInflow,reservoir
NO,h8718,8.532925105347172,scr2084,stInflow,reservoir
NO,h8719,8.532925105347172,scr2084,stInflow,reservoir
NO,h8720,8.532925105347172,scr2084,stInflow,reservoir
NO,h8721,8.532925105347172,scr2084,stInflow,reservoir
NO,h8722,8.532925105347172,scr2084,stInflow,reservoir
NO,h8723,8.532925105347172,scr2084,stInflow,reservoir
NO,h8724,8.532925105347172,scr2084,stInflow,reservoir
NO,h8725,8.532925105347172,scr2084,stInflow,reservoir
NO,h8726,8.532925105347172,scr2084,stInflow,reservoir
NO,h8727,8.532925105347172,scr2084,stInflow,reservoir
NO,h8728,8.532925105347172,scr2084,stInflow,reservoir
NO,h8729,8.532925105347172,scr2084,stInflow,reservoir
NO,h8730,8.532925105347172,scr2084,stInflow,reservoir
NO,h8731,8.532925105347172,scr2084,stInflow,reservoir
NO,h8732,8.532925105347172,scr2084,stInflow,reservoir
NO,h8733,8.532925105347172,scr2084,stInflow,reservoir
NO,h8734,8.532925105347172,scr2084,stInflow,reservoir
NO,h8735,8.532925105347172,scr2084,stInflow,reservoir
NO,h8736,8.532925105347172,scr2084,stInflow,reservoir
NO,h8737,8.532925105347172,scr2084,stInflow,reservoir
NO,h8738,8.532925105347172,scr2084,stInflow,reservoir
NO,h8739,8.532925105347172,scr2084,stInflow,reservoir
NO,h8740,8.532925105347172,scr2084,stInflow,reservoir
NO,h8741,8.532925105347172,scr2084,stInflow,reservoir
NO,h8742,8.532925105347172,scr2084,stInflow,reservoir
NO,h8743,8.532925105347172,scr2084,stInflow,reservoir
NO,h8744,8.532925105347172,scr2084,stInflow,reservoir
NO,h8745,8.532925105347172,scr2084,stInflow,reservoir
NO,h8746,8.532925105347172,scr2084,stInflow,reservoir
NO,h8747,8.532925105347172,scr2084,stInflow,reservoir
NO,h8748,8.532925105347172,scr2084,stInflow,reservoir
NO,h8749,8.532925105347172,scr2084,stInflow,reservoir
NO,h8750,8.532925105347172,scr2084,stInflow,reservoir
NO,h8751,8.532925105347172,scr2084,stInflow,reservoir
NO,h8752,8.532925105347172,scr2084,stInflow,reservoir
NO,h8753,8.532925105347172,scr2084,stInflow,reservoir
NO,h8754,8.532925105347172,scr2084,stInflow,reservoir
NO,h8755,8.532925105347172,scr2084,stInflow,reservoir
NO,h8756,8.532925105347172,scr2084,stInflow,reservoir
NO,h8757,8.532925105347172,scr2084,stInflow,reservoir
NO,h8758,8.532925105347172,scr2084,stInflow,reservoir
NO,h8759,8.532925105347172,scr2084,stInflow,reservoir
NO,h8760,8.532925105347172,scr2084,stInflow,reservoir
PT,h8041,1.7773321244206024,scr2084,stInflow,reservoir
PT,h8042,1.7773321244206024,scr2084,stInflow,reservoir
PT,h8043,1.7773321244206024,scr2084,stInflow,reservoir
PT,h8044,1.7773321244206024,scr2084,stInflow,reservoir
PT,h8045,1.7773321244206024,scr2084,stInflow,reservoir
PT,h8046,1.7773321244206024,scr2084,stInflow,reservoir
PT,h8047,1.7773321244206024,scr2084,stInflow,reservoir
PT,h8048,1.7773321244206024,scr2084,stInflow,reservoir
PT,h8049,1.7773321244206024,scr2084,stInflow,reservoir
PT,h8050,1.7773321244206024,scr2084,stInflow,reservoir
PT,h8051,1.7773321244206024,scr2084,stInflow,reservoir
PT,h8052,1.7773321244206024,scr2084,stInflow,reservoir
PT,h8053,1.7773321244206024,scr2084,stInflow,reservoir
PT,h8054,1.7773321244206024,scr2084,stInflow,reservoir
PT,h8055,1.7773321244206024,scr2084,stInflow,reservoir
PT,h8056,1.7773321244206024,scr2084,stInflow,reservoir
PT,h8057,1.7773321244206024,scr2084,stInflow,reservoir
PT,h8058,1.7773321244206024,scr2084,stInflow,reservoir
PT,h8059,1.7773321244206024,scr2084,stInflow,reservoir
PT,h8060,1.7773321244206024,scr2084,stInflow,reservoir
PT,h8061,1.7773321244206024,scr2084,stInflow,reservoir
PT,h8062,1.7773321244206024,scr2084,stInflow,reservoir
PT,h8063,1.7773321244206024,scr2084,stInflow,reservoir
PT,h8064,1.7773321244206024,scr2084,stInflow,reservoir
PT,h8065,1.7773321244206024,scr2084,stInflow,reservoir
PT,h8066,1.7773321244206024,scr2084,stInflow,reservoir
PT,h8067,1.7773321244206024,scr2084,stInflow,reservoir
PT,h8068,1.7773321244206024,scr2084,stInflow,reservoir
PT,h8069,1.7773321244206024,scr2084,stInflow,reservoir
PT,h8070,1.7773321244206024,scr2084,stInflow,reservoir
PT,h8071,1.7773321244206024,scr2084,stInflow,reservoir
PT,h8072,1.7773321244206024,scr2084,stInflow,reservoir
PT,h8073,1.7773321244206024,scr2084,stInflow,reservoir
PT,h8074,1.7773321244206024,scr2084,stInflow,reservoir
PT,h8075,1.7773321244206024,scr2084,stInflow,reservoir
PT,h8076,1.7773321244206024,scr2084,stInflow,reservoir
PT,h8077,1.7773321244206024,scr2084,stInflow,reservoir
PT,h8078,1.7773321244206024,scr2084,stInflow,reservoir
PT,h8079,1.7773321244206024,scr2084,stInflow,reservoir
PT,h8080,1.7773321244206024,scr2084,stInflow,reservoir
PT,h8081,1.7773321244206024,scr2084,stInflow,reservoir
PT,h8082,1.7773321244206024,scr2084,stInflow,reservoir
PT,h8083,1.7773321244206024,scr2084,stInflow,reservoir
PT,h8084,1.7773321244206024,scr2084,stInflow,reservoir
PT,h8085,1.7773321244206024,scr2084,stInflow,reservoir
PT,h8086,1.7773321244206024,scr2084,stInflow,reservoir
PT,h8087,1.7773321244206024,scr2084,stInflow,reservoir
PT,h8088,1.7773321244206024,scr2084,stInflow,reservoir
PT,h8089,1.7773321244206024,scr2084,stInflow,reservoir
PT,h8090,1.7773321244206024,scr2084,stInflow,reservoir
PT,h8091,1.7773321244206024,scr2084,stInflow,reservoir
PT,h8092,1.7773321244206024,scr2084,stInflow,reservoir
PT,h8093,1.7773321244206024,scr2084,stInflow,reservoir
PT,h8094,1.7773321244206024,scr2084,stInflow,reservoir
PT,h8095,1.7773321244206024,scr2084,stInflow,reservoir
PT,h8096,1.7773321244206024,scr2084,stInflow,reservoir
PT,h8097,1.7773321244206024,scr2084,stInflow,reservoir
PT,h8098,1.7773321244206024,scr2084,stInflow,reservoir
PT,h8099,1.7773321244206024,scr2084,stInflow,reservoir
PT,h8100,1.7773321244206024,scr2084,stInflow,reservoir
PT,h8101,1.7773321244206024,scr2084,stInflow,reservoir
PT,h8102,1.7773321244206024,scr2084,stInflow,reservoir
PT,h8103,1.7773321244206024,scr2084,stInflow,reservoir
PT,h8104,1.7773321244206024,scr2084,stInflow,reservoir
PT,h8105,1.7773321244206024,scr2084,stInflow,reservoir
PT,h8106,1.7773321244206024,scr2084,stInflow,reservoir
PT,h8107,1.7773321244206024,scr2084,stInflow,reservoir
PT,h8108,1.7773321244206024,scr2084,stInflow,reservoir
PT,h8109,1.7773321244206024,scr2084,stInflow,reservoir
PT,h8110,1.7773321244206024,scr2084,stInflow,reservoir
PT,h8111,1.7773321244206024,scr2084,stInflow,reservoir
PT,h8112,1.7773321244206024,scr2084,stInflow,reservoir
PT,h8113,1.9523526701126501,scr2084,stInflow,reservoir
PT,h8114,2.127374786758325,scr2084,stInflow,reservoir
PT,h8115,2.302398344831871,scr2084,stInflow,reservoir
PT,h8116,2.302398344831871,scr2084,stInflow,reservoir
PT,h8117,2.302398344831871,scr2084,stInflow,reservoir
PT,h8118,2.302398344831871,scr2084,stInflow,reservoir
PT,h8119,2.302398344831871,scr2084,stInflow,reservoir
PT,h8120,2.302398344831871,scr2084,stInflow,reservoir
PT,h8121,2.302398344831871,scr2084,stInflow,reservoir
PT,h8122,2.302398344831871,scr2084,stInflow,reservoir
PT,h8123,2.302398344831871,scr2084,stInflow,reservoir
PT,h8124,2.302398344831871,scr2084,stInflow,reservoir
PT,h8125,2.302398344831871,scr2084,stInflow,reservoir
PT,h8126,2.302398344831871,scr2084,stInflow,reservoir
PT,h8127,2.302398344831871,scr2084,stInflow,reservoir
PT,h8128,2.302398344831871,scr2084,stInflow,reservoir
PT,h8129,2.302398344831871,scr2084,stInflow,reservoir
PT,h8130,2.302398344831871,scr2084,stInflow,reservoir
PT,h8131,2.302398344831871,scr2084,stInflow,reservoir
PT,h8132,2.302398344831871,scr2084,stInflow,reservoir
PT,h8133,2.302398344831871,scr2084,stInflow,reservoir
PT,h8134,2.302398344831871,scr2084,stInflow,reservoir
PT,h8135,2.302398344831871,scr2084,stInflow,reservoir
PT,h8136,2.302398344831871,scr2084,stInflow,reservoir
PT,h8137,2.302398344831871,scr2084,stInflow,reservoir
PT,h8138,2.302398344831871,scr2084,stInflow,reservoir
PT,h8139,2.302398344831871,scr2084,stInflow,reservoir
PT,h8140,2.302398344831871,scr2084,stInflow,reservoir
PT,h8141,2.302398344831871,scr2084,stInflow,reservoir
PT,h8142,2.302398344831871,scr2084,stInflow,reservoir
PT,h8143,2.302398344831871,scr2084,stInflow,reservoir
PT,h8144,2.302398344831871,scr2084,stInflow,reservoir
PT,h8145,2.302398344831871,scr2084,stInflow,reservoir
PT,h8146,2.302398344831871,scr2084,stInflow,reservoir
PT,h8147,2.302398344831871,scr2084,stInflow,reservoir
PT,h8148,2.302398344831871,scr2084,stInflow,reservoir
PT,h8149,2.302398344831871,scr2084,stInflow,reservoir
PT,h8150,2.302398344831871,scr2084,stInflow,reservoir
PT,h8151,2.302398344831871,scr2084,stInflow,reservoir
PT,h8152,2.302398344831871,scr2084,stInflow,reservoir
PT,h8153,2.302398344831871,scr2084,stInflow,reservoir
PT,h8154,2.302398344831871,scr2084,stInflow,reservoir
PT,h8155,2.302398344831871,scr2084,stInflow,reservoir
PT,h8156,2.302398344831871,scr2084,stInflow,reservoir
PT,h8157,2.302398344831871,scr2084,stInflow,reservoir
PT,h8158,2.302398344831871,scr2084,stInflow,reservoir
PT,h8159,2.302398344831871,scr2084,stInflow,reservoir
PT,h8160,2.302398344831871,scr2084,stInflow,reservoir
PT,h8161,2.302398344831871,scr2084,stInflow,reservoir
PT,h8162,2.302398344831871,scr2084,stInflow,reservoir
PT,h8163,2.302398344831871,scr2084,stInflow,reservoir
PT,h8164,2.302398344831871,scr2084,stInflow,reservoir
PT,h8165,2.302398344831871,scr2084,stInflow,reservoir
PT,h8166,2.302398344831871,scr2084,stInflow,reservoir
PT,h8167,2.302398344831871,scr2084,stInflow,reservoir
PT,h8168,2.302398344831871,scr2084,stInflow,reservoir
PT,h8169,2.302398344831871,scr2084,stInflow,reservoir
PT,h8170,2.302398344831871,scr2084,stInflow,reservoir
PT,h8171,2.302398344831871,scr2084,stInflow,reservoir
PT,h8172,2.302398344831871,scr2084,stInflow,reservoir
PT,h8173,2.302398344831871,scr2084,stInflow,reservoir
PT,h8174,2.302398344831871,scr2084,stInflow,reservoir
PT,h8175,2.302398344831871,scr2084,stInflow,reservoir
PT,h8176,2.302398344831871,scr2084,stInflow,reservoir
PT,h8177,2.302398344831871,scr2084,stInflow,reservoir
PT,h8178,2.302398344831871,scr2084,stInflow,reservoir
PT,h8179,2.302398344831871,scr2084,stInflow,reservoir
PT,h8180,2.302398344831871,scr2084,stInflow,reservoir
PT,h8181,2.302398344831871,scr2084,stInflow,reservoir
PT,h8182,2.302398344831871,scr2084,stInflow,reservoir
PT,h8183,2.302398344831871,scr2084,stInflow,reservoir
PT,h8184,2.302398344831871,scr2084,stInflow,reservoir
PT,h8185,2.302398344831871,scr2084,stInflow,reservoir
PT,h8186,2.302398344831871,scr2084,stInflow,reservoir
PT,h8187,2.302398344831871,scr2084,stInflow,reservoir
PT,h8188,2.302398344831871,scr2084,stInflow,reservoir
PT,h8189,2.302398344831871,scr2084,stInflow,reservoir
PT,h8190,2.302398344831871,scr2084,stInflow,reservoir
PT,h8191,2.302398344831871,scr2084,stInflow,reservoir
PT,h8192,2.302398344831871,scr2084,stInflow,reservoir
PT,h8193,2.302398344831871,scr2084,stInflow,reservoir
PT,h8194,2.302398344831871,scr2084,stInflow,reservoir
PT,h8195,2.302398344831871,scr2084,stInflow,reservoir
PT,h8196,2.302398344831871,scr2084,stInflow,reservoir
PT,h8197,2.302398344831871,scr2084,stInflow,reservoir
PT,h8198,2.302398344831871,scr2084,stInflow,reservoir
PT,h8199,2.302398344831871,scr2084,stInflow,reservoir
PT,h8200,2.302398344831871,scr2084,stInflow,reservoir
PT,h8201,2.302398344831871,scr2084,stInflow,reservoir
PT,h8202,2.302398344831871,scr2084,stInflow,reservoir
PT,h8203,2.302398344831871,scr2084,stInflow,reservoir
PT,h8204,2.302398344831871,scr2084,stInflow,reservoir
PT,h8205,2.302398344831871,scr2084,stInflow,reservoir
PT,h8206,2.302398344831871,scr2084,stInflow,reservoir
PT,h8207,2.302398344831871,scr2084,stInflow,reservoir
PT,h8208,2.302398344831871,scr2084,stInflow,reservoir
PT,h8209,2.302398344831871,scr2084,stInflow,reservoir
PT,h8210,2.302398344831871,scr2084,stInflow,reservoir
PT,h8211,2.302398344831871,scr2084,stInflow,reservoir
PT,h8212,2.302398344831871,scr2084,stInflow,reservoir
PT,h8213,2.302398344831871,scr2084,stInflow,reservoir
PT,h8214,2.302398344831871,scr2084,stInflow,reservoir
PT,h8215,2.302398344831871,scr2084,stInflow,reservoir
PT,h8216,2.302398344831871,scr2084,stInflow,reservoir
PT,h8217,2.302398344831871,scr2084,stInflow,reservoir
PT,h8218,2.302398344831871,scr2084,stInflow,reservoir
PT,h8219,2.302398344831871,scr2084,stInflow,reservoir
PT,h8220,2.302398344831871,scr2084,stInflow,reservoir
PT,h8221,2.302398344831871,scr2084,stInflow,reservoir
PT,h8222,2.302398344831871,scr2084,stInflow,reservoir
PT,h8223,2.302398344831871,scr2084,stInflow,reservoir
PT,h8224,2.302398344831871,scr2084,stInflow,reservoir
PT,h8225,2.302398344831871,scr2084,stInflow,reservoir
PT,h8226,2.302398344831871,scr2084,stInflow,reservoir
PT,h8227,2.302398344831871,scr2084,stInflow,reservoir
PT,h8228,2.302398344831871,scr2084,stInflow,reservoir
PT,h8229,2.302398344831871,scr2084,stInflow,reservoir
PT,h8230,2.302398344831871,scr2084,stInflow,reservoir
PT,h8231,2.302398344831871,scr2084,stInflow,reservoir
PT,h8232,2.302398344831871,scr2084,stInflow,reservoir
PT,h8233,2.302398344831871,scr2084,stInflow,reservoir
PT,h8234,2.302398344831871,scr2084,stInflow,reservoir
PT,h8235,2.302398344831871,scr2084,stInflow,reservoir
PT,h8236,2.302398344831871,scr2084,stInflow,reservoir
PT,h8237,2.302398344831871,scr2084,stInflow,reservoir
PT,h8238,2.302398344831871,scr2084,stInflow,reservoir
PT,h8239,2.302398344831871,scr2084,stInflow,reservoir
PT,h8240,2.302398344831871,scr2084,stInflow,reservoir
PT,h8241,2.302398344831871,scr2084,stInflow,reservoir
PT,h8242,2.302398344831871,scr2084,stInflow,reservoir
PT,h8243,2.302398344831871,scr2084,stInflow,reservoir
PT,h8244,2.302398344831871,scr2084,stInflow,reservoir
PT,h8245,2.302398344831871,scr2084,stInflow,reservoir
PT,h8246,2.302398344831871,scr2084,stInflow,reservoir
PT,h8247,2.302398344831871,scr2084,stInflow,reservoir
PT,h8248,2.302398344831871,scr2084,stInflow,reservoir
PT,h8249,2.302398344831871,scr2084,stInflow,reservoir
PT,h8250,2.302398344831871,scr2084,stInflow,reservoir
PT,h8251,2.302398344831871,scr2084,stInflow,reservoir
PT,h8252,2.302398344831871,scr2084,stInflow,reservoir
PT,h8253,2.302398344831871,scr2084,stInflow,reservoir
PT,h8254,2.302398344831871,scr2084,stInflow,reservoir
PT,h8255,2.302398344831871,scr2084,stInflow,reservoir
PT,h8256,2.302398344831871,scr2084,stInflow,reservoir
PT,h8257,2.302398344831871,scr2084,stInflow,reservoir
PT,h8258,2.302398344831871,scr2084,stInflow,reservoir
PT,h8259,2.302398344831871,scr2084,stInflow,reservoir
PT,h8260,2.302398344831871,scr2084,stInflow,reservoir
PT,h8261,2.302398344831871,scr2084,stInflow,reservoir
PT,h8262,2.302398344831871,scr2084,stInflow,reservoir
PT,h8263,2.302398344831871,scr2084,stInflow,reservoir
PT,h8264,2.302398344831871,scr2084,stInflow,reservoir
PT,h8265,2.302398344831871,scr2084,stInflow,reservoir
PT,h8266,2.302398344831871,scr2084,stInflow,reservoir
PT,h8267,2.302398344831871,scr2084,stInflow,reservoir
PT,h8268,2.302398344831871,scr2084,stInflow,reservoir
PT,h8269,2.302398344831871,scr2084,stInflow,reservoir
PT,h8270,2.302398344831871,scr2084,stInflow,reservoir
PT,h8271,2.302398344831871,scr2084,stInflow,reservoir
PT,h8272,2.302398344831871,scr2084,stInflow,reservoir
PT,h8273,2.302398344831871,scr2084,stInflow,reservoir
PT,h8274,2.302398344831871,scr2084,stInflow,reservoir
PT,h8275,2.302398344831871,scr2084,stInflow,reservoir
PT,h8276,2.302398344831871,scr2084,stInflow,reservoir
PT,h8277,2.302398344831871,scr2084,stInflow,reservoir
PT,h8278,2.302398344831871,scr2084,stInflow,reservoir
PT,h8279,2.302398344831871,scr2084,stInflow,reservoir
PT,h8280,2.302398344831871,scr2084,stInflow,reservoir
PT,h8281,2.3875691224736117,scr2084,stInflow,reservoir
PT,h8282,2.4727402039767474,scr2084,stInflow,reservoir
PT,h8283,2.557911578872915,scr2084,stInflow,reservoir
PT,h8284,2.557911578872915,scr2084,stInflow,reservoir
PT,h8285,2.557911578872915,scr2084,stInflow,reservoir
PT,h8286,2.557911578872915,scr2084,stInflow,reservoir
PT,h8287,2.557911578872915,scr2084,stInflow,reservoir
PT,h8288,2.557911578872915,scr2084,stInflow,reservoir
PT,h8289,2.557911578872915,scr2084,stInflow,reservoir
PT,h8290,2.557911578872915,scr2084,stInflow,reservoir
PT,h8291,2.557911578872915,scr2084,stInflow,reservoir
PT,h8292,2.557911578872915,scr2084,stInflow,reservoir
PT,h8293,2.557911578872915,scr2084,stInflow,reservoir
PT,h8294,2.557911578872915,scr2084,stInflow,reservoir
PT,h8295,2.557911578872915,scr2084,stInflow,reservoir
PT,h8296,2.557911578872915,scr2084,stInflow,reservoir
PT,h8297,2.557911578872915,scr2084,stInflow,reservoir
PT,h8298,2.557911578872915,scr2084,stInflow,reservoir
PT,h8299,2.557911578872915,scr2084,stInflow,reservoir
PT,h8300,2.557911578872915,scr2084,stInflow,reservoir
PT,h8301,2.557911578872915,scr2084,stInflow,reservoir
PT,h8302,2.557911578872915,scr2084,stInflow,reservoir
PT,h8303,2.557911578872915,scr2084,stInflow,reservoir
PT,h8304,2.557911578872915,scr2084,stInflow,reservoir
PT,h8305,2.557911578872915,scr2084,stInflow,reservoir
PT,h8306,2.557911578872915,scr2084,stInflow,reservoir
PT,h8307,2.557911578872915,scr2084,stInflow,reservoir
PT,h8308,2.557911578872915,scr2084,stInflow,reservoir
PT,h8309,2.557911578872915,scr2084,stInflow,reservoir
PT,h8310,2.557911578872915,scr2084,stInflow,reservoir
PT,h8311,2.557911578872915,scr2084,stInflow,reservoir
PT,h8312,2.557911578872915,scr2084,stInflow,reservoir
PT,h8313,2.557911578872915,scr2084,stInflow,reservoir
PT,h8314,2.557911578872915,scr2084,stInflow,reservoir
PT,h8315,2.557911578872915,scr2084,stInflow,reservoir
PT,h8316,2.557911578872915,scr2084,stInflow,reservoir
PT,h8317,2.557911578872915,scr2084,stInflow,reservoir
PT,h8318,2.557911578872915,scr2084,stInflow,reservoir
PT,h8319,2.557911578872915,scr2084,stInflow,reservoir
PT,h8320,2.557911578872915,scr2084,stInflow,reservoir
PT,h8321,2.557911578872915,scr2084,stInflow,reservoir
PT,h8322,2.557911578872915,scr2084,stInflow,reservoir
PT,h8323,2.557911578872915,scr2084,stInflow,reservoir
PT,h8324,2.557911578872915,scr2084,stInflow,reservoir
PT,h8325,2.557911578872915,scr2084,stInflow,reservoir
PT,h8326,2.557911578872915,scr2084,stInflow,reservoir
PT,h8327,2.557911578872915,scr2084,stInflow,reservoir
PT,h8328,2.557911578872915,scr2084,stInflow,reservoir
PT,h8329,2.557911578872915,scr2084,stInflow,reservoir
PT,h8330,2.557911578872915,scr2084,stInflow,reservoir
PT,h8331,2.557911578872915,scr2084,stInflow,reservoir
PT,h8332,2.557911578872915,scr2084,stInflow,reservoir
PT,h8333,2.557911578872915,scr2084,stInflow,reservoir
PT,h8334,2.557911578872915,scr2084,stInflow,reservoir
PT,h8335,2.557911578872915,scr2084,stInflow,reservoir
PT,h8336,2.557911578872915,scr2084,stInflow,reservoir
PT,h8337,2.557911578872915,scr2084,stInflow,reservoir
PT,h8338,2.557911578872915,scr2084,stInflow,reservoir
PT,h8339,2.557911578872915,scr2084,stInflow,reservoir
PT,h8340,2.557911578872915,scr2084,stInflow,reservoir
PT,h8341,2.557911578872915,scr2084,stInflow,reservoir
PT,h8342,2.557911578872915,scr2084,stInflow,reservoir
PT,h8343,2.557911578872915,scr2084,stInflow,reservoir
PT,h8344,2.557911578872915,scr2084,stInflow,reservoir
PT,h8345,2.557911578872915,scr2084,stInflow,reservoir
PT,h8346,2.557911578872915,scr2084,stInflow,reservoir
PT,h8347,2.557911578872915,scr2084,stInflow,reservoir
PT,h8348,2.557911578872915,scr2084,stInflow,reservoir
PT,h8349,2.557911578872915,scr2084,stInflow,reservoir
PT,h8350,2.557911578872915,scr2084,stInflow,reservoir
PT,h8351,2.557911578872915,scr2084,stInflow,reservoir
PT,h8352,2.557911578872915,scr2084,stInflow,reservoir
PT,h8353,2.557911578872915,scr2084,stInflow,reservoir
PT,h8354,2.557911578872915,scr2084,stInflow,reservoir
PT,h8355,2.557911578872915,scr2084,stInflow,reservoir
PT,h8356,2.557911578872915,scr2084,stInflow,reservoir
PT,h8357,2.557911578872915,scr2084,stInflow,reservoir
PT,h8358,2.557911578872915,scr2084,stInflow,reservoir
PT,h8359,2.557911578872915,scr2084,stInflow,reservoir
PT,h8360,2.557911578872915,scr2084,stInflow,reservoir
PT,h8361,2.557911578872915,scr2084,stInflow,reservoir
PT,h8362,2.557911578872915,scr2084,stInflow,reservoir
PT,h8363,2.557911578872915,scr2084,stInflow,reservoir
PT,h8364,2.557911578872915,scr2084,stInflow,reservoir
PT,h8365,2.557911578872915,scr2084,stInflow,reservoir
PT,h8366,2.557911578872915,scr2084,stInflow,reservoir
PT,h8367,2.557911578872915,scr2084,stInflow,reservoir
PT,h8368,2.557911578872915,scr2084,stInflow,reservoir
PT,h8369,2.557911578872915,scr2084,stInflow,reservoir
PT,h8370,2.557911578872915,scr2084,stInflow,reservoir
PT,h8371,2.557911578872915,scr2084,stInflow,reservoir
PT,h8372,2.557911578872915,scr2084,stInflow,reservoir
PT,h8373,2.557911578872915,scr2084,stInflow,reservoir
PT,h8374,2.557911578872915,scr2084,stInflow,reservoir
PT,h8375,2.557911578872915,scr2084,stInflow,reservoir
PT,h8376,2.557911578872915,scr2084,stInflow,reservoir
PT,h8377,2.557911578872915,scr2084,stInflow,reservoir
PT,h8378,2.557911578872915,scr2084,stInflow,reservoir
PT,h8379,2.557911578872915,scr2084,stInflow,reservoir
PT,h8380,2.557911578872915,scr2084,stInflow,reservoir
PT,h8381,2.557911578872915,scr2084,stInflow,reservoir
PT,h8382,2.557911578872915,scr2084,stInflow,reservoir
PT,h8383,2.557911578872915,scr2084,stInflow,reservoir
PT,h8384,2.557911578872915,scr2084,stInflow,reservoir
PT,h8385,2.557911578872915,scr2084,stInflow,reservoir
PT,h8386,2.557911578872915,scr2084,stInflow,reservoir
PT,h8387,2.557911578872915,scr2084,stInflow,reservoir
PT,h8388,2.557911578872915,scr2084,stInflow,reservoir
PT,h8389,2.557911578872915,scr2084,stInflow,reservoir
PT,h8390,2.557911578872915,scr2084,stInflow,reservoir
PT,h8391,2.557911578872915,scr2084,stInflow,reservoir
PT,h8392,2.557911578872915,scr2084,stInflow,reservoir
PT,h8393,2.557911578872915,scr2084,stInflow,reservoir
PT,h8394,2.557911578872915,scr2084,stInflow,reservoir
PT,h8395,2.557911578872915,scr2084,stInflow,reservoir
PT,h8396,2.557911578872915,scr2084,stInflow,reservoir
PT,h8397,2.557911578872915,scr2084,stInflow,reservoir
PT,h8398,2.557911578872915,scr2084,stInflow,reservoir
PT,h8399,2.557911578872915,scr2084,stInflow,reservoir
PT,h8400,2.557911578872915,scr2084,stInflow,reservoir
PT,h8401,2.557911578872915,scr2084,stInflow,reservoir
PT,h8402,2.557911578872915,scr2084,stInflow,reservoir
PT,h8403,2.557911578872915,scr2084,stInflow,reservoir
PT,h8404,2.557911578872915,scr2084,stInflow,reservoir
PT,h8405,2.557911578872915,scr2084,stInflow,reservoir
PT,h8406,2.557911578872915,scr2084,stInflow,reservoir
PT,h8407,2.557911578872915,scr2084,stInflow,reservoir
PT,h8408,2.557911578872915,scr2084,stInflow,reservoir
PT,h8409,2.557911578872915,scr2084,stInflow,reservoir
PT,h8410,2.557911578872915,scr2084,stInflow,reservoir
PT,h8411,2.557911578872915,scr2084,stInflow,reservoir
PT,h8412,2.557911578872915,scr2084,stInflow,reservoir
PT,h8413,2.557911578872915,scr2084,stInflow,reservoir
PT,h8414,2.557911578872915,scr2084,stInflow,reservoir
PT,h8415,2.557911578872915,scr2084,stInflow,reservoir
PT,h8416,2.557911578872915,scr2084,stInflow,reservoir
PT,h8417,2.557911578872915,scr2084,stInflow,reservoir
PT,h8418,2.557911578872915,scr2084,stInflow,reservoir
PT,h8419,2.557911578872915,scr2084,stInflow,reservoir
PT,h8420,2.557911578872915,scr2084,stInflow,reservoir
PT,h8421,2.557911578872915,scr2084,stInflow,reservoir
PT,h8422,2.557911578872915,scr2084,stInflow,reservoir
PT,h8423,2.557911578872915,scr2084,stInflow,reservoir
PT,h8424,2.557911578872915,scr2084,stInflow,reservoir
PT,h8425,2.557911578872915,scr2084,stInflow,reservoir
PT,h8426,2.557911578872915,scr2084,stInflow,reservoir
PT,h8427,2.557911578872915,scr2084,stInflow,reservoir
PT,h8428,2.557911578872915,scr2084,stInflow,reservoir
PT,h8429,2.557911578872915,scr2084,stInflow,reservoir
PT,h8430,2.557911578872915,scr2084,stInflow,reservoir
PT,h8431,2.557911578872915,scr2084,stInflow,reservoir
PT,h8432,2.557911578872915,scr2084,stInflow,reservoir
PT,h8433,2.557911578872915,scr2084,stInflow,reservoir
PT,h8434,2.557911578872915,scr2084,stInflow,reservoir
PT,h8435,2.557911578872915,scr2084,stInflow,reservoir
PT,h8436,2.557911578872915,scr2084,stInflow,reservoir
PT,h8437,2.557911578872915,scr2084,stInflow,reservoir
PT,h8438,2.557911578872915,scr2084,stInflow,reservoir
PT,h8439,2.557911578872915,scr2084,stInflow,reservoir
PT,h8440,2.557911578872915,scr2084,stInflow,reservoir
PT,h8441,2.557911578872915,scr2084,stInflow,reservoir
PT,h8442,2.557911578872915,scr2084,stInflow,reservoir
PT,h8443,2.557911578872915,scr2084,stInflow,reservoir
PT,h8444,2.557911578872915,scr2084,stInflow,reservoir
PT,h8445,2.557911578872915,scr2084,stInflow,reservoir
PT,h8446,2.557911578872915,scr2084,stInflow,reservoir
PT,h8447,2.557911578872915,scr2084,stInflow,reservoir
PT,h8448,2.557911578872915,scr2084,stInflow,reservoir
PT,h8449,2.5577756283849244,scr2084,stInflow,reservoir
PT,h8450,2.557639677897656,scr2084,stInflow,reservoir
PT,h8451,2.5575037274111105,scr2084,stInflow,reservoir
PT,h8452,2.5575037274111105,scr2084,stInflow,reservoir
PT,h8453,2.5575037274111105,scr2084,stInflow,reservoir
PT,h8454,2.5575037274111105,scr2084,stInflow,reservoir
PT,h8455,2.5575037274111105,scr2084,stInflow,reservoir
PT,h8456,2.5575037274111105,scr2084,stInflow,reservoir
PT,h8457,2.5575037274111105,scr2084,stInflow,reservoir
PT,h8458,2.5575037274111105,scr2084,stInflow,reservoir
PT,h8459,2.5575037274111105,scr2084,stInflow,reservoir
PT,h8460,2.5575037274111105,scr2084,stInflow,reservoir
PT,h8461,2.5575037274111105,scr2084,stInflow,reservoir
PT,h8462,2.5575037274111105,scr2084,stInflow,reservoir
PT,h8463,2.5575037274111105,scr2084,stInflow,reservoir
PT,h8464,2.5575037274111105,scr2084,stInflow,reservoir
PT,h8465,2.5575037274111105,scr2084,stInflow,reservoir
PT,h8466,2.5575037274111105,scr2084,stInflow,reservoir
PT,h8467,2.5575037274111105,scr2084,stInflow,reservoir
PT,h8468,2.5575037274111105,scr2084,stInflow,reservoir
PT,h8469,2.5575037274111105,scr2084,stInflow,reservoir
PT,h8470,2.5575037274111105,scr2084,stInflow,reservoir
PT,h8471,2.5575037274111105,scr2084,stInflow,reservoir
PT,h8472,2.5575037274111105,scr2084,stInflow,reservoir
PT,h8473,2.5575037274111105,scr2084,stInflow,reservoir
PT,h8474,2.5575037274111105,scr2084,stInflow,reservoir
PT,h8475,2.5575037274111105,scr2084,stInflow,reservoir
PT,h8476,2.5575037274111105,scr2084,stInflow,reservoir
PT,h8477,2.5575037274111105,scr2084,stInflow,reservoir
PT,h8478,2.5575037274111105,scr2084,stInflow,reservoir
PT,h8479,2.5575037274111105,scr2084,stInflow,reservoir
PT,h8480,2.5575037274111105,scr2084,stInflow,reservoir
PT,h8481,2.5575037274111105,scr2084,stInflow,reservoir
PT,h8482,2.5575037274111105,scr2084,stInflow,reservoir
PT,h8483,2.5575037274111105,scr2084,stInflow,reservoir
PT,h8484,2.5575037274111105,scr2084,stInflow,reservoir
PT,h8485,2.5575037274111105,scr2084,stInflow,reservoir
PT,h8486,2.5575037274111105,scr2084,stInflow,reservoir
PT,h8487,2.5575037274111105,scr2084,stInflow,reservoir
PT,h8488,2.5575037274111105,scr2084,stInflow,reservoir
PT,h8489,2.5575037274111105,scr2084,stInflow,reservoir
PT,h8490,2.5575037274111105,scr2084,stInflow,reservoir
PT,h8491,2.5575037274111105,scr2084,stInflow,reservoir
PT,h8492,2.5575037274111105,scr2084,stInflow,reservoir
PT,h8493,2.5575037274111105,scr2084,stInflow,reservoir
PT,h8494,2.5575037274111105,scr2084,stInflow,reservoir
PT,h8495,2.5575037274111105,scr2084,stInflow,reservoir
PT,h8496,2.5575037274111105,scr2084,stInflow,reservoir
PT,h8497,2.5575037274111105,scr2084,stInflow,reservoir
PT,h8498,2.5575037274111105,scr2084,stInflow,reservoir
PT,h8499,2.5575037274111105,scr2084,stInflow,reservoir
PT,h8500,2.5575037274111105,scr2084,stInflow,reservoir
PT,h8501,2.5575037274111105,scr2084,stInflow,reservoir
PT,h8502,2.5575037274111105,scr2084,stInflow,reservoir
PT,h8503,2.5575037274111105,scr2084,stInflow,reservoir
PT,h8504,2.5575037274111105,scr2084,stInflow,reservoir
PT,h8505,2.5575037274111105,scr2084,stInflow,reservoir
PT,h8506,2.5575037274111105,scr2084,stInflow,reservoir
PT,h8507,2.5575037274111105,scr2084,stInflow,reservoir
PT,h8508,2.5575037274111105,scr2084,stInflow,reservoir
PT,h8509,2.5575037274111105,scr2084,stInflow,reservoir
PT,h8510,2.5575037274111105,scr2084,stInflow,reservoir
PT,h8511,2.5575037274111105,scr2084,stInflow,reservoir
PT,h8512,2.5575037274111105,scr2084,stInflow,reservoir
PT,h8513,2.5575037274111105,scr2084,stInflow,reservoir
PT,h8514,2.5575037274111105,scr2084,stInflow,reservoir
PT,h8515,2.5575037274111105,scr2084,stInflow,reservoir
PT,h8516,2.5575037274111105,scr2084,stInflow,reservoir
PT,h8517,2.5575037274111105,scr2084,stInflow,reservoir
PT,h8518,2.5575037274111105,scr2084,stInflow,reservoir
PT,h8519,2.5575037274111105,scr2084,stInflow,reservoir
PT,h8520,2.5575037274111105,scr2084,stInflow,reservoir
PT,h8521,2.5575037274111105,scr2084,stInflow,reservoir
PT,h8522,2.5575037274111105,scr2084,stInflow,reservoir
PT,h8523,2.5575037274111105,scr2084,stInflow,reservoir
PT,h8524,2.5575037274111105,scr2084,stInflow,reservoir
PT,h8525,2.5575037274111105,scr2084,stInflow,reservoir
PT,h8526,2.5575037274111105,scr2084,stInflow,reservoir
PT,h8527,2.5575037274111105,scr2084,stInflow,reservoir
PT,h8528,2.5575037274111105,scr2084,stInflow,reservoir
PT,h8529,2.5575037274111105,scr2084,stInflow,reservoir
PT,h8530,2.5575037274111105,scr2084,stInflow,reservoir
PT,h8531,2.5575037274111105,scr2084,stInflow,reservoir
PT,h8532,2.5575037274111105,scr2084,stInflow,reservoir
PT,h8533,2.5575037274111105,scr2084,stInflow,reservoir
PT,h8534,2.5575037274111105,scr2084,stInflow,reservoir
PT,h8535,2.5575037274111105,scr2084,stInflow,reservoir
PT,h8536,2.5575037274111105,scr2084,stInflow,reservoir
PT,h8537,2.5575037274111105,scr2084,stInflow,reservoir
PT,h8538,2.5575037274111105,scr2084,stInflow,reservoir
PT,h8539,2.5575037274111105,scr2084,stInflow,reservoir
PT,h8540,2.5575037274111105,scr2084,stInflow,reservoir
PT,h8541,2.5575037274111105,scr2084,stInflow,reservoir
PT,h8542,2.5575037274111105,scr2084,stInflow,reservoir
PT,h8543,2.5575037274111105,scr2084,stInflow,reservoir
PT,h8544,2.5575037274111105,scr2084,stInflow,reservoir
PT,h8545,2.5575037274111105,scr2084,stInflow,reservoir
PT,h8546,2.5575037274111105,scr2084,stInflow,reservoir
PT,h8547,2.5575037274111105,scr2084,stInflow,reservoir
PT,h8548,2.5575037274111105,scr2084,stInflow,reservoir
PT,h8549,2.5575037274111105,scr2084,stInflow,reservoir
PT,h8550,2.5575037274111105,scr2084,stInflow,reservoir
PT,h8551,2.5575037274111105,scr2084,stInflow,reservoir
PT,h8552,2.5575037274111105,scr2084,stInflow,reservoir
PT,h8553,2.5575037274111105,scr2084,stInflow,reservoir
PT,h8554,2.5575037274111105,scr2084,stInflow,reservoir
PT,h8555,2.5575037274111105,scr2084,stInflow,reservoir
PT,h8556,2.5575037274111105,scr2084,stInflow,reservoir
PT,h8557,2.5575037274111105,scr2084,stInflow,reservoir
PT,h8558,2.5575037274111105,scr2084,stInflow,reservoir
PT,h8559,2.5575037274111105,scr2084,stInflow,reservoir
PT,h8560,2.5575037274111105,scr2084,stInflow,reservoir
PT,h8561,2.5575037274111105,scr2084,stInflow,reservoir
PT,h8562,2.5575037274111105,scr2084,stInflow,reservoir
PT,h8563,2.5575037274111105,scr2084,stInflow,reservoir
PT,h8564,2.5575037274111105,scr2084,stInflow,reservoir
PT,h8565,2.5575037274111105,scr2084,stInflow,reservoir
PT,h8566,2.5575037274111105,scr2084,stInflow,reservoir
PT,h8567,2.5575037274111105,scr2084,stInflow,reservoir
PT,h8568,2.5575037274111105,scr2084,stInflow,reservoir
PT,h8569,2.5575037274111105,scr2084,stInflow,reservoir
PT,h8570,2.5575037274111105,scr2084,stInflow,reservoir
PT,h8571,2.5575037274111105,scr2084,stInflow,reservoir
PT,h8572,2.5575037274111105,scr2084,stInflow,reservoir
PT,h8573,2.5575037274111105,scr2084,stInflow,reservoir
PT,h8574,2.5575037274111105,scr2084,stInflow,reservoir
PT,h8575,2.5575037274111105,scr2084,stInflow,reservoir
PT,h8576,2.5575037274111105,scr2084,stInflow,reservoir
PT,h8577,2.5575037274111105,scr2084,stInflow,reservoir
PT,h8578,2.5575037274111105,scr2084,stInflow,reservoir
PT,h8579,2.5575037274111105,scr2084,stInflow,reservoir
PT,h8580,2.5575037274111105,scr2084,stInflow,reservoir
PT,h8581,2.5575037274111105,scr2084,stInflow,reservoir
PT,h8582,2.5575037274111105,scr2084,stInflow,reservoir
PT,h8583,2.5575037274111105,scr2084,stInflow,reservoir
PT,h8584,2.5575037274111105,scr2084,stInflow,reservoir
PT,h8585,2.5575037274111105,scr2084,stInflow,reservoir
PT,h8586,2.5575037274111105,scr2084,stInflow,reservoir
PT,h8587,2.5575037274111105,scr2084,stInflow,reservoir
PT,h8588,2.5575037274111105,scr2084,stInflow,reservoir
PT,h8589,2.5575037274111105,scr2084,stInflow,reservoir
PT,h8590,2.5575037274111105,scr2084,stInflow,reservoir
PT,h8591,2.5575037274111105,scr2084,stInflow,reservoir
PT,h8592,2.5575037274111105,scr2084,stInflow,reservoir
PT,h8593,2.5575037274111105,scr2084,stInflow,reservoir
PT,h8594,2.5575037274111105,scr2084,stInflow,reservoir
PT,h8595,2.5575037274111105,scr2084,stInflow,reservoir
PT,h8596,2.5575037274111105,scr2084,stInflow,reservoir
PT,h8597,2.5575037274111105,scr2084,stInflow,reservoir
PT,h8598,2.5575037274111105,scr2084,stInflow,reservoir
PT,h8599,2.5575037274111105,scr2084,stInflow,reservoir
PT,h8600,2.5575037274111105,scr2084,stInflow,reservoir
PT,h8601,2.5575037274111105,scr2084,stInflow,reservoir
PT,h8602,2.5575037274111105,scr2084,stInflow,reservoir
PT,h8603,2.5575037274111105,scr2084,stInflow,reservoir
PT,h8604,2.5575037274111105,scr2084,stInflow,reservoir
PT,h8605,2.5575037274111105,scr2084,stInflow,reservoir
PT,h8606,2.5575037274111105,scr2084,stInflow,reservoir
PT,h8607,2.5575037274111105,scr2084,stInflow,reservoir
PT,h8608,2.5575037274111105,scr2084,stInflow,reservoir
PT,h8609,2.5575037274111105,scr2084,stInflow,reservoir
PT,h8610,2.5575037274111105,scr2084,stInflow,reservoir
PT,h8611,2.5575037274111105,scr2084,stInflow,reservoir
PT,h8612,2.5575037274111105,scr2084,stInflow,reservoir
PT,h8613,2.5575037274111105,scr2084,stInflow,reservoir
PT,h8614,2.5575037274111105,scr2084,stInflow,reservoir
PT,h8615,2.5575037274111105,scr2084,stInflow,reservoir
PT,h8616,2.5575037274111105,scr2084,stInflow,reservoir
PT,h8617,2.440836034938608,scr2084,stInflow,reservoir
PT,h8618,2.3241689002713213,scr2084,stInflow,reservoir
PT,h8619,2.207502351426841,scr2084,stInflow,reservoir
PT,h8620,2.207502351426841,scr2084,stInflow,reservoir
PT,h8621,2.207502351426841,scr2084,stInflow,reservoir
PT,h8622,2.207502351426841,scr2084,stInflow,reservoir
PT,h8623,2.207502351426841,scr2084,stInflow,reservoir
PT,h8624,2.207502351426841,scr2084,stInflow,reservoir
PT,h8625,2.207502351426841,scr2084,stInflow,reservoir
PT,h8626,2.207502351426841,scr2084,stInflow,reservoir
PT,h8627,2.207502351426841,scr2084,stInflow,reservoir
PT,h8628,2.207502351426841,scr2084,stInflow,reservoir
PT,h8629,2.207502351426841,scr2084,stInflow,reservoir
PT,h8630,2.207502351426841,scr2084,stInflow,reservoir
PT,h8631,2.207502351426841,scr2084,stInflow,reservoir
PT,h8632,2.207502351426841,scr2084,stInflow,reservoir
PT,h8633,2.207502351426841,scr2084,stInflow,reservoir
PT,h8634,2.207502351426841,scr2084,stInflow,reservoir
PT,h8635,2.207502351426841,scr2084,stInflow,reservoir
PT,h8636,2.207502351426841,scr2084,stInflow,reservoir
PT,h8637,2.207502351426841,scr2084,stInflow,reservoir
PT,h8638,2.207502351426841,scr2084,stInflow,reservoir
PT,h8639,2.207502351426841,scr2084,stInflow,reservoir
PT,h8640,2.207502351426841,scr2084,stInflow,reservoir
PT,h8641,2.207502351426841,scr2084,stInflow,reservoir
PT,h8642,2.207502351426841,scr2084,stInflow,reservoir
PT,h8643,2.207502351426841,scr2084,stInflow,reservoir
PT,h8644,2.207502351426841,scr2084,stInflow,reservoir
PT,h8645,2.207502351426841,scr2084,stInflow,reservoir
PT,h8646,2.207502351426841,scr2084,stInflow,reservoir
PT,h8647,2.207502351426841,scr2084,stInflow,reservoir
PT,h8648,2.207502351426841,scr2084,stInflow,reservoir
PT,h8649,2.207502351426841,scr2084,stInflow,reservoir
PT,h8650,2.207502351426841,scr2084,stInflow,reservoir
PT,h8651,2.207502351426841,scr2084,stInflow,reservoir
PT,h8652,2.207502351426841,scr2084,stInflow,reservoir
PT,h8653,2.207502351426841,scr2084,stInflow,reservoir
PT,h8654,2.207502351426841,scr2084,stInflow,reservoir
PT,h8655,2.207502351426841,scr2084,stInflow,reservoir
PT,h8656,2.207502351426841,scr2084,stInflow,reservoir
PT,h8657,2.207502351426841,scr2084,stInflow,reservoir
PT,h8658,2.207502351426841,scr2084,stInflow,reservoir
PT,h8659,2.207502351426841,scr2084,stInflow,reservoir
PT,h8660,2.207502351426841,scr2084,stInflow,reservoir
PT,h8661,2.207502351426841,scr2084,stInflow,reservoir
PT,h8662,2.207502351426841,scr2084,stInflow,reservoir
PT,h8663,2.207502351426841,scr2084,stInflow,reservoir
PT,h8664,2.207502351426841,scr2084,stInflow,reservoir
PT,h8665,2.207502351426841,scr2084,stInflow,reservoir
PT,h8666,2.207502351426841,scr2084,stInflow,reservoir
PT,h8667,2.207502351426841,scr2084,stInflow,reservoir
PT,h8668,2.207502351426841,scr2084,stInflow,reservoir
PT,h8669,2.207502351426841,scr2084,stInflow,reservoir
PT,h8670,2.207502351426841,scr2084,stInflow,reservoir
PT,h8671,2.207502351426841,scr2084,stInflow,reservoir
PT,h8672,2.207502351426841,scr2084,stInflow,reservoir
PT,h8673,2.207502351426841,scr2084,stInflow,reservoir
PT,h8674,2.207502351426841,scr2084,stInflow,reservoir
PT,h8675,2.207502351426841,scr2084,stInflow,reservoir
PT,h8676,2.207502351426841,scr2084,stInflow,reservoir
PT,h8677,2.207502351426841,scr2084,stInflow,reservoir
PT,h8678,2.207502351426841,scr2084,stInflow,reservoir
PT,h8679,2.207502351426841,scr2084,stInflow,reservoir
PT,h8680,2.207502351426841,scr2084,stInflow,reservoir
PT,h8681,2.207502351426841,scr2084,stInflow,reservoir
PT,h8682,2.207502351426841,scr2084,stInflow,reservoir
PT,h8683,2.207502351426841,scr2084,stInflow,reservoir
PT,h8684,2.207502351426841,scr2084,stInflow,reservoir
PT,h8685,2.207502351426841,scr2084,stInflow,reservoir
PT,h8686,2.207502351426841,scr2084,stInflow,reservoir
PT,h8687,2.207502351426841,scr2084,stInflow,reservoir
PT,h8688,2.207502351426841,scr2084,stInflow,reservoir
PT,h8689,2.207502351426841,scr2084,stInflow,reservoir
PT,h8690,2.207502351426841,scr2084,stInflow,reservoir
PT,h8691,2.207502351426841,scr2084,stInflow,reservoir
PT,h8692,2.207502351426841,scr2084,stInflow,reservoir
PT,h8693,2.207502351426841,scr2084,stInflow,reservoir
PT,h8694,2.207502351426841,scr2084,stInflow,reservoir
PT,h8695,2.207502351426841,scr2084,stInflow,reservoir
PT,h8696,2.207502351426841,scr2084,stInflow,reservoir
PT,h8697,2.207502351426841,scr2084,stInflow,reservoir
PT,h8698,2.207502351426841,scr2084,stInflow,reservoir
PT,h8699,2.207502351426841,scr2084,stInflow,reservoir
PT,h8700,2.207502351426841,scr2084,stInflow,reservoir
PT,h8701,2.207502351426841,scr2084,stInflow,reservoir
PT,h8702,2.207502351426841,scr2084,stInflow,reservoir
PT,h8703,2.207502351426841,scr2084,stInflow,reservoir
PT,h8704,2.207502351426841,scr2084,stInflow,reservoir
PT,h8705,2.207502351426841,scr2084,stInflow,reservoir
PT,h8706,2.207502351426841,scr2084,stInflow,reservoir
PT,h8707,2.207502351426841,scr2084,stInflow,reservoir
PT,h8708,2.207502351426841,scr2084,stInflow,reservoir
PT,h8709,2.207502351426841,scr2084,stInflow,reservoir
PT,h8710,2.207502351426841,scr2084,stInflow,reservoir
PT,h8711,2.207502351426841,scr2084,stInflow,reservoir
PT,h8712,2.207502351426841,scr2084,stInflow,reservoir
PT,h8713,2.207502351426841,scr2084,stInflow,reservoir
PT,h8714,2.207502351426841,scr2084,stInflow,reservoir
PT,h8715,2.207502351426841,scr2084,stInflow,reservoir
PT,h8716,2.207502351426841,scr2084,stInflow,reservoir
PT,h8717,2.207502351426841,scr2084,stInflow,reservoir
PT,h8718,2.207502351426841,scr2084,stInflow,reservoir
PT,h8719,2.207502351426841,scr2084,stInflow,reservoir
PT,h8720,2.207502351426841,scr2084,stInflow,reservoir
PT,h8721,2.207502351426841,scr2084,stInflow,reservoir
PT,h8722,2.207502351426841,scr2084,stInflow,reservoir
PT,h8723,2.207502351426841,scr2084,stInflow,reservoir
PT,h8724,2.207502351426841,scr2084,stInflow,reservoir
PT,h8725,2.207502351426841,scr2084,stInflow,reservoir
PT,h8726,2.207502351426841,scr2084,stInflow,reservoir
PT,h8727,2.207502351426841,scr2084,stInflow,reservoir
PT,h8728,2.207502351426841,scr2084,stInflow,reservoir
PT,h8729,2.207502351426841,scr2084,stInflow,reservoir
PT,h8730,2.207502351426841,scr2084,stInflow,reservoir
PT,h8731,2.207502351426841,scr2084,stInflow,reservoir
PT,h8732,2.207502351426841,scr2084,stInflow,reservoir
PT,h8733,2.207502351426841,scr2084,stInflow,reservoir
PT,h8734,2.207502351426841,scr2084,stInflow,reservoir
PT,h8735,2.207502351426841,scr2084,stInflow,reservoir
PT,h8736,2.207502351426841,scr2084,stInflow,reservoir
PT,h8737,2.207502351426841,scr2084,stInflow,reservoir
PT,h8738,2.207502351426841,scr2084,stInflow,reservoir
PT,h8739,2.207502351426841,scr2084,stInflow,reservoir
PT,h8740,2.207502351426841,scr2084,stInflow,reservoir
PT,h8741,2.207502351426841,scr2084,stInflow,reservoir
PT,h8742,2.207502351426841,scr2084,stInflow,reservoir
PT,h8743,2.207502351426841,scr2084,stInflow,reservoir
PT,h8744,2.207502351426841,scr2084,stInflow,reservoir
PT,h8745,2.207502351426841,scr2084,stInflow,reservoir
PT,h8746,2.207502351426841,scr2084,stInflow,reservoir
PT,h8747,2.207502351426841,scr2084,stInflow,reservoir
PT,h8748,2.207502351426841,scr2084,stInflow,reservoir
PT,h8749,2.207502351426841,scr2084,stInflow,reservoir
PT,h8750,2.207502351426841,scr2084,stInflow,reservoir
PT,h8751,2.207502351426841,scr2084,stInflow,reservoir
PT,h8752,2.207502351426841,scr2084,stInflow,reservoir
PT,h8753,2.207502351426841,scr2084,stInflow,reservoir
PT,h8754,2.207502351426841,scr2084,stInflow,reservoir
PT,h8755,2.207502351426841,scr2084,stInflow,reservoir
PT,h8756,2.207502351426841,scr2084,stInflow,reservoir
PT,h8757,2.207502351426841,scr2084,stInflow,reservoir
PT,h8758,2.207502351426841,scr2084,stInflow,reservoir
PT,h8759,2.207502351426841,scr2084,stInflow,reservoir
PT,h8760,2.207502351426841,scr2084,stInflow,reservoir
RO,h8041,0.6253125103395486,scr2084,stInflow,reservoir
RO,h8042,0.6253125103395486,scr2084,stInflow,reservoir
RO,h8043,0.6253125103395486,scr2084,stInflow,reservoir
RO,h8044,0.6253125103395486,scr2084,stInflow,reservoir
RO,h8045,0.6253125103395486,scr2084,stInflow,reservoir
RO,h8046,0.6253125103395486,scr2084,stInflow,reservoir
RO,h8047,0.6253125103395486,scr2084,stInflow,reservoir
RO,h8048,0.6253125103395486,scr2084,stInflow,reservoir
RO,h8049,0.6253125103395486,scr2084,stInflow,reservoir
RO,h8050,0.6253125103395486,scr2084,stInflow,reservoir
RO,h8051,0.6253125103395486,scr2084,stInflow,reservoir
RO,h8052,0.6253125103395486,scr2084,stInflow,reservoir
RO,h8053,0.6253125103395486,scr2084,stInflow,reservoir
RO,h8054,0.6253125103395486,scr2084,stInflow,reservoir
RO,h8055,0.6253125103395486,scr2084,stInflow,reservoir
RO,h8056,0.6253125103395486,scr2084,stInflow,reservoir
RO,h8057,0.6253125103395486,scr2084,stInflow,reservoir
RO,h8058,0.6253125103395486,scr2084,stInflow,reservoir
RO,h8059,0.6253125103395486,scr2084,stInflow,reservoir
RO,h8060,0.6253125103395486,scr2084,stInflow,reservoir
RO,h8061,0.6253125103395486,scr2084,stInflow,reservoir
RO,h8062,0.6253125103395486,scr2084,stInflow,reservoir
RO,h8063,0.6253125103395486,scr2084,stInflow,reservoir
RO,h8064,0.6253125103395486,scr2084,stInflow,reservoir
RO,h8065,0.6253125103395486,scr2084,stInflow,reservoir
RO,h8066,0.6253125103395486,scr2084,stInflow,reservoir
RO,h8067,0.6253125103395486,scr2084,stInflow,reservoir
RO,h8068,0.6253125103395486,scr2084,stInflow,reservoir
RO,h8069,0.6253125103395486,scr2084,stInflow,reservoir
RO,h8070,0.6253125103395486,scr2084,stInflow,reservoir
RO,h8071,0.6253125103395486,scr2084,stInflow,reservoir
RO,h8072,0.6253125103395486,scr2084,stInflow,reservoir
RO,h8073,0.6253125103395486,scr2084,stInflow,reservoir
RO,h8074,0.6253125103395486,scr2084,stInflow,reservoir
RO,h8075,0.6253125103395486,scr2084,stInflow,reservoir
RO,h8076,0.6253125103395486,scr2084,stInflow,reservoir
RO,h8077,0.6253125103395486,scr2084,stInflow,reservoir
RO,h8078,0.6253125103395486,scr2084,stInflow,reservoir
RO,h8079,0.6253125103395486,scr2084,stInflow,reservoir
RO,h8080,0.6253125103395486,scr2084,stInflow,reservoir
RO,h8081,0.6253125103395486,scr2084,stInflow,reservoir
RO,h8082,0.6253125103395486,scr2084,stInflow,reservoir
RO,h8083,0.6253125103395486,scr2084,stInflow,reservoir
RO,h8084,0.6253125103395486,scr2084,stInflow,reservoir
RO,h8085,0.6253125103395486,scr2084,stInflow,reservoir
RO,h8086,0.6253125103395486,scr2084,stInflow,reservoir
RO,h8087,0.6253125103395486,scr2084,stInflow,reservoir
RO,h8088,0.6253125103395486,scr2084,stInflow,reservoir
RO,h8089,0.6253125103395486,scr2084,stInflow,reservoir
RO,h8090,0.6253125103395486,scr2084,stInflow,reservoir
RO,h8091,0.6253125103395486,scr2084,stInflow,reservoir
RO,h8092,0.6253125103395486,scr2084,stInflow,reservoir
RO,h8093,0.6253125103395486,scr2084,stInflow,reservoir
RO,h8094,0.6253125103395486,scr2084,stInflow,reservoir
RO,h8095,0.6253125103395486,scr2084,stInflow,reservoir
RO,h8096,0.6253125103395486,scr2084,stInflow,reservoir
RO,h8097,0.6253125103395486,scr2084,stInflow,reservoir
RO,h8098,0.6253125103395486,scr2084,stInflow,reservoir
RO,h8099,0.6253125103395486,scr2084,stInflow,reservoir
RO,h8100,0.6253125103395486,scr2084,stInflow,reservoir
RO,h8101,0.6253125103395486,scr2084,stInflow,reservoir
RO,h8102,0.6253125103395486,scr2084,stInflow,reservoir
RO,h8103,0.6253125103395486,scr2084,stInflow,reservoir
RO,h8104,0.6253125103395486,scr2084,stInflow,reservoir
RO,h8105,0.6253125103395486,scr2084,stInflow,reservoir
RO,h8106,0.6253125103395486,scr2084,stInflow,reservoir
RO,h8107,0.6253125103395486,scr2084,stInflow,reservoir
RO,h8108,0.6253125103395486,scr2084,stInflow,reservoir
RO,h8109,0.6253125103395486,scr2084,stInflow,reservoir
RO,h8110,0.6253125103395486,scr2084,stInflow,reservoir
RO,h8111,0.6253125103395486,scr2084,stInflow,reservoir
RO,h8112,0.6253125103395486,scr2084,stInflow,reservoir
RO,h8113,0.6562666483184738,scr2084,stInflow,reservoir
RO,h8114,0.6872209323473433,scr2084,stInflow,reservoir
RO,h8115,0.7181753558440457,scr2084,stInflow,reservoir
RO,h8116,0.7181753558440457,scr2084,stInflow,reservoir
RO,h8117,0.7181753558440457,scr2084,stInflow,reservoir
RO,h8118,0.7181753558440457,scr2084,stInflow,reservoir
RO,h8119,0.7181753558440457,scr2084,stInflow,reservoir
RO,h8120,0.7181753558440457,scr2084,stInflow,reservoir
RO,h8121,0.7181753558440457,scr2084,stInflow,reservoir
RO,h8122,0.7181753558440457,scr2084,stInflow,reservoir
RO,h8123,0.7181753558440457,scr2084,stInflow,reservoir
RO,h8124,0.7181753558440457,scr2084,stInflow,reservoir
RO,h8125,0.7181753558440457,scr2084,stInflow,reservoir
RO,h8126,0.7181753558440457,scr2084,stInflow,reservoir
RO,h8127,0.7181753558440457,scr2084,stInflow,reservoir
RO,h8128,0.7181753558440457,scr2084,stInflow,reservoir
RO,h8129,0.7181753558440457,scr2084,stInflow,reservoir
RO,h8130,0.7181753558440457,scr2084,stInflow,reservoir
RO,h8131,0.7181753558440457,scr2084,stInflow,reservoir
RO,h8132,0.7181753558440457,scr2084,stInflow,reservoir
RO,h8133,0.7181753558440457,scr2084,stInflow,reservoir
RO,h8134,0.7181753558440457,scr2084,stInflow,reservoir
RO,h8135,0.7181753558440457,scr2084,stInflow,reservoir
RO,h8136,0.7181753558440457,scr2084,stInflow,reservoir
RO,h8137,0.7181753558440457,scr2084,stInflow,reservoir
RO,h8138,0.7181753558440457,scr2084,stInflow,reservoir
RO,h8139,0.7181753558440457,scr2084,stInflow,reservoir
RO,h8140,0.7181753558440457,scr2084,stInflow,reservoir
RO,h8141,0.7181753558440457,scr2084,stInflow,reservoir
RO,h8142,0.7181753558440457,scr2084,stInflow,reservoir
RO,h8143,0.7181753558440457,scr2084,stInflow,reservoir
RO,h8144,0.7181753558440457,scr2084,stInflow,reservoir
RO,h8145,0.7181753558440457,scr2084,stInflow,reservoir
RO,h8146,0.7181753558440457,scr2084,stInflow,reservoir
RO,h8147,0.7181753558440457,scr2084,stInflow,reservoir
RO,h8148,0.7181753558440457,scr2084,stInflow,reservoir
RO,h8149,0.7181753558440457,scr2084,stInflow,reservoir
RO,h8150,0.7181753558440457,scr2084,stInflow,reservoir
RO,h8151,0.7181753558440457,scr2084,stInflow,reservoir
RO,h8152,0.7181753558440457,scr2084,stInflow,reservoir
RO,h8153,0.7181753558440457,scr2084,stInflow,reservoir
RO,h8154,0.7181753558440457,scr2084,stInflow,reservoir
RO,h8155,0.7181753558440457,scr2084,stInflow,reservoir
RO,h8156,0.7181753558440457,scr2084,stInflow,reservoir
RO,h8157,0.7181753558440457,scr2084,stInflow,reservoir
RO,h8158,0.7181753558440457,scr2084,stInflow,reservoir
RO,h8159,0.7181753558440457,scr2084,stInflow,reservoir
RO,h8160,0.7181753558440457,scr2084,stInflow,reservoir
RO,h8161,0.7181753558440457,scr2084,stInflow,reservoir
RO,h8162,0.7181753558440457,scr2084,stInflow,reservoir
RO,h8163,0.7181753558440457,scr2084,stInflow,reservoir
RO,h8164,0.7181753558440457,scr2084,stInflow,reservoir
RO,h8165,0.7181753558440457,scr2084,stInflow,reservoir
RO,h8166,0.7181753558440457,scr2084,stInflow,reservoir
RO,h8167,0.7181753558440457,scr2084,stInflow,reservoir
RO,h8168,0.7181753558440457,scr2084,stInflow,reservoir
RO,h8169,0.7181753558440457,scr2084,stInflow,reservoir
RO,h8170,0.7181753558440457,scr2084,stInflow,reservoir
RO,h8171,0.7181753558440457,scr2084,stInflow,reservoir
RO,h8172,0.7181753558440457,scr2084,stInflow,reservoir
RO,h8173,0.7181753558440457,scr2084,stInflow,reservoir
RO,h8174,0.7181753558440457,scr2084,stInflow,reservoir
RO,h8175,0.7181753558440457,scr2084,stInflow,reservoir
RO,h8176,0.7181753558440457,scr2084,stInflow,reservoir
RO,h8177,0.7181753558440457,scr2084,stInflow,reservoir
RO,h8178,0.7181753558440457,scr2084,stInflow,reservoir
RO,h8179,0.7181753558440457,scr2084,stInflow,reservoir
RO,h8180,0.7181753558440457,scr2084,stInflow,reservoir
RO,h8181,0.7181753558440457,scr2084,stInflow,reservoir
RO,h8182,0.7181753558440457,scr2084,stInflow,reservoir
RO,h8183,0.7181753558440457,scr2084,stInflow,reservoir
RO,h8184,0.7181753558440457,scr2084,stInflow,reservoir
RO,h8185,0.7181753558440457,scr2084,stInflow,reservoir
RO,h8186,0.7181753558440457,scr2084,stInflow,reservoir
RO,h8187,0.7181753558440457,scr2084,stInflow,reservoir
RO,h8188,0.7181753558440457,scr2084,stInflow,reservoir
RO,h8189,0.7181753558440457,scr2084,stInflow,reservoir
RO,h8190,0.7181753558440457,scr2084,stInflow,reservoir
RO,h8191,0.7181753558440457,scr2084,stInflow,reservoir
RO,h8192,0.7181753558440457,scr2084,stInflow,reservoir
RO,h8193,0.7181753558440457,scr2084,stInflow,reservoir
RO,h8194,0.7181753558440457,scr2084,stInflow,reservoir
RO,h8195,0.7181753558440457,scr2084,stInflow,reservoir
RO,h8196,0.7181753558440457,scr2084,stInflow,reservoir
RO,h8197,0.7181753558440457,scr2084,stInflow,reservoir
RO,h8198,0.7181753558440457,scr2084,stInflow,reservoir
RO,h8199,0.7181753558440457,scr2084,stInflow,reservoir
RO,h8200,0.7181753558440457,scr2084,stInflow,reservoir
RO,h8201,0.7181753558440457,scr2084,stInflow,reservoir
RO,h8202,0.7181753558440457,scr2084,stInflow,reservoir
RO,h8203,0.7181753558440457,scr2084,stInflow,reservoir
RO,h8204,0.7181753558440457,scr2084,stInflow,reservoir
RO,h8205,0.7181753558440457,scr2084,stInflow,reservoir
RO,h8206,0.7181753558440457,scr2084,stInflow,reservoir
RO,h8207,0.7181753558440457,scr2084,stInflow,reservoir
RO,h8208,0.7181753558440457,scr2084,stInflow,reservoir
RO,h8209,0.7181753558440457,scr2084,stInflow,reservoir
RO,h8210,0.7181753558440457,scr2084,stInflow,reservoir
RO,h8211,0.7181753558440457,scr2084,stInflow,reservoir
RO,h8212,0.7181753558440457,scr2084,stInflow,reservoir
RO,h8213,0.7181753558440457,scr2084,stInflow,reservoir
RO,h8214,0.7181753558440457,scr2084,stInflow,reservoir
RO,h8215,0.7181753558440457,scr2084,stInflow,reservoir
RO,h8216,0.7181753558440457,scr2084,stInflow,reservoir
RO,h8217,0.7181753558440457,scr2084,stInflow,reservoir
RO,h8218,0.7181753558440457,scr2084,stInflow,reservoir
RO,h8219,0.7181753558440457,scr2084,stInflow,reservoir
RO,h8220,0.7181753558440457,scr2084,stInflow,reservoir
RO,h8221,0.7181753558440457,scr2084,stInflow,reservoir
RO,h8222,0.7181753558440457,scr2084,stInflow,reservoir
RO,h8223,0.7181753558440457,scr2084,stInflow,reservoir
RO,h8224,0.7181753558440457,scr2084,stInflow,reservoir
RO,h8225,0.7181753558440457,scr2084,stInflow,reservoir
RO,h8226,0.7181753558440457,scr2084,stInflow,reservoir
RO,h8227,0.7181753558440457,scr2084,stInflow,reservoir
RO,h8228,0.7181753558440457,scr2084,stInflow,reservoir
RO,h8229,0.7181753558440457,scr2084,stInflow,reservoir
RO,h8230,0.7181753558440457,scr2084,stInflow,reservoir
RO,h8231,0.7181753558440457,scr2084,stInflow,reservoir
RO,h8232,0.7181753558440457,scr2084,stInflow,reservoir
RO,h8233,0.7181753558440457,scr2084,stInflow,reservoir
RO,h8234,0.7181753558440457,scr2084,stInflow,reservoir
RO,h8235,0.7181753558440457,scr2084,stInflow,reservoir
RO,h8236,0.7181753558440457,scr2084,stInflow,reservoir
RO,h8237,0.7181753558440457,scr2084,stInflow,reservoir
RO,h8238,0.7181753558440457,scr2084,stInflow,reservoir
RO,h8239,0.7181753558440457,scr2084,stInflow,reservoir
RO,h8240,0.7181753558440457,scr2084,stInflow,reservoir
RO,h8241,0.7181753558440457,scr2084,stInflow,reservoir
RO,h8242,0.7181753558440457,scr2084,stInflow,reservoir
RO,h8243,0.7181753558440457,scr2084,stInflow,reservoir
RO,h8244,0.7181753558440457,scr2084,stInflow,reservoir
RO,h8245,0.7181753558440457,scr2084,stInflow,reservoir
RO,h8246,0.7181753558440457,scr2084,stInflow,reservoir
RO,h8247,0.7181753558440457,scr2084,stInflow,reservoir
RO,h8248,0.7181753558440457,scr2084,stInflow,reservoir
RO,h8249,0.7181753558440457,scr2084,stInflow,reservoir
RO,h8250,0.7181753558440457,scr2084,stInflow,reservoir
RO,h8251,0.7181753558440457,scr2084,stInflow,reservoir
RO,h8252,0.7181753558440457,scr2084,stInflow,reservoir
RO,h8253,0.7181753558440457,scr2084,stInflow,reservoir
RO,h8254,0.7181753558440457,scr2084,stInflow,reservoir
RO,h8255,0.7181753558440457,scr2084,stInflow,reservoir
RO,h8256,0.7181753558440457,scr2084,stInflow,reservoir
RO,h8257,0.7181753558440457,scr2084,stInflow,reservoir
RO,h8258,0.7181753558440457,scr2084,stInflow,reservoir
RO,h8259,0.7181753558440457,scr2084,stInflow,reservoir
RO,h8260,0.7181753558440457,scr2084,stInflow,reservoir
RO,h8261,0.7181753558440457,scr2084,stInflow,reservoir
RO,h8262,0.7181753558440457,scr2084,stInflow,reservoir
RO,h8263,0.7181753558440457,scr2084,stInflow,reservoir
RO,h8264,0.7181753558440457,scr2084,stInflow,reservoir
RO,h8265,0.7181753558440457,scr2084,stInflow,reservoir
RO,h8266,0.7181753558440457,scr2084,stInflow,reservoir
RO,h8267,0.7181753558440457,scr2084,stInflow,reservoir
RO,h8268,0.7181753558440457,scr2084,stInflow,reservoir
RO,h8269,0.7181753558440457,scr2084,stInflow,reservoir
RO,h8270,0.7181753558440457,scr2084,stInflow,reservoir
RO,h8271,0.7181753558440457,scr2084,stInflow,reservoir
RO,h8272,0.7181753558440457,scr2084,stInflow,reservoir
RO,h8273,0.7181753558440457,scr2084,stInflow,reservoir
RO,h8274,0.7181753558440457,scr2084,stInflow,reservoir
RO,h8275,0.7181753558440457,scr2084,stInflow,reservoir
RO,h8276,0.7181753558440457,scr2084,stInflow,reservoir
RO,h8277,0.7181753558440457,scr2084,stInflow,reservoir
RO,h8278,0.7181753558440457,scr2084,stInflow,reservoir
RO,h8279,0.7181753558440457,scr2084,stInflow,reservoir
RO,h8280,0.7181753558440457,scr2084,stInflow,reservoir
RO,h8281,0.7346996941277306,scr2084,stInflow,reservoir
RO,h8282,0.7512240695781481,scr2084,stInflow,reservoir
RO,h8283,0.7677484813777448,scr2084,stInflow,reservoir
RO,h8284,0.7677484813777448,scr2084,stInflow,reservoir
RO,h8285,0.7677484813777448,scr2084,stInflow,reservoir
RO,h8286,0.7677484813777448,scr2084,stInflow,reservoir
RO,h8287,0.7677484813777448,scr2084,stInflow,reservoir
RO,h8288,0.7677484813777448,scr2084,stInflow,reservoir
RO,h8289,0.7677484813777448,scr2084,stInflow,reservoir
RO,h8290,0.7677484813777448,scr2084,stInflow,reservoir
RO,h8291,0.7677484813777448,scr2084,stInflow,reservoir
RO,h8292,0.7677484813777448,scr2084,stInflow,reservoir
RO,h8293,0.7677484813777448,scr2084,stInflow,reservoir
RO,h8294,0.7677484813777448,scr2084,stInflow,reservoir
RO,h8295,0.7677484813777448,scr2084,stInflow,reservoir
RO,h8296,0.7677484813777448,scr2084,stInflow,reservoir
RO,h8297,0.7677484813777448,scr2084,stInflow,reservoir
RO,h8298,0.7677484813777448,scr2084,stInflow,reservoir
RO,h8299,0.7677484813777448,scr2084,stInflow,reservoir
RO,h8300,0.7677484813777448,scr2084,stInflow,reservoir
RO,h8301,0.7677484813777448,scr2084,stInflow,reservoir
RO,h8302,0.7677484813777448,scr2084,stInflow,reservoir
RO,h8303,0.7677484813777448,scr2084,stInflow,reservoir
RO,h8304,0.7677484813777448,scr2084,stInflow,reservoir
RO,h8305,0.7677484813777448,scr2084,stInflow,reservoir
RO,h8306,0.7677484813777448,scr2084,stInflow,reservoir
RO,h8307,0.7677484813777448,scr2084,stInflow,reservoir
RO,h8308,0.7677484813777448,scr2084,stInflow,reservoir
RO,h8309,0.7677484813777448,scr2084,stInflow,reservoir
RO,h8310,0.7677484813777448,scr2084,stInflow,reservoir
RO,h8311,0.7677484813777448,scr2084,stInflow,reservoir
RO,h8312,0.7677484813777448,scr2084,stInflow,reservoir
RO,h8313,0.7677484813777448,scr2084,stInflow,reservoir
RO,h8314,0.7677484813777448,scr2084,stInflow,reservoir
RO,h8315,0.7677484813777448,scr2084,stInflow,reservoir
RO,h8316,0.7677484813777448,scr2084,stInflow,reservoir
RO,h8317,0.7677484813777448,scr2084,stInflow,reservoir
RO,h8318,0.7677484813777448,scr2084,stInflow,reservoir
RO,h8319,0.7677484813777448,scr2084,stInflow,reservoir
RO,h8320,0.7677484813777448,scr2084,stInflow,reservoir
RO,h8321,0.7677484813777448,scr2084,stInflow,reservoir
RO,h8322,0.7677484813777448,scr2084,stInflow,reservoir
RO,h8323,0.7677484813777448,scr2084,stInflow,reservoir
RO,h8324,0.7677484813777448,scr2084,stInflow,reservoir
RO,h8325,0.7677484813777448,scr2084,stInflow,reservoir
RO,h8326,0.7677484813777448,scr2084,stInflow,reservoir
RO,h8327,0.7677484813777448,scr2084,stInflow,reservoir
RO,h8328,0.7677484813777448,scr2084,stInflow,reservoir
RO,h8329,0.7677484813777448,scr2084,stInflow,reservoir
RO,h8330,0.7677484813777448,scr2084,stInflow,reservoir
RO,h8331,0.7677484813777448,scr2084,stInflow,reservoir
RO,h8332,0.7677484813777448,scr2084,stInflow,reservoir
RO,h8333,0.7677484813777448,scr2084,stInflow,reservoir
RO,h8334,0.7677484813777448,scr2084,stInflow,reservoir
RO,h8335,0.7677484813777448,scr2084,stInflow,reservoir
RO,h8336,0.7677484813777448,scr2084,stInflow,reservoir
RO,h8337,0.7677484813777448,scr2084,stInflow,reservoir
RO,h8338,0.7677484813777448,scr2084,stInflow,reservoir
RO,h8339,0.7677484813777448,scr2084,stInflow,reservoir
RO,h8340,0.7677484813777448,scr2084,stInflow,reservoir
RO,h8341,0.7677484813777448,scr2084,stInflow,reservoir
RO,h8342,0.7677484813777448,scr2084,stInflow,reservoir
RO,h8343,0.7677484813777448,scr2084,stInflow,reservoir
RO,h8344,0.7677484813777448,scr2084,stInflow,reservoir
RO,h8345,0.7677484813777448,scr2084,stInflow,reservoir
RO,h8346,0.7677484813777448,scr2084,stInflow,reservoir
RO,h8347,0.7677484813777448,scr2084,stInflow,reservoir
RO,h8348,0.7677484813777448,scr2084,stInflow,reservoir
RO,h8349,0.7677484813777448,scr2084,stInflow,reservoir
RO,h8350,0.7677484813777448,scr2084,stInflow,reservoir
RO,h8351,0.7677484813777448,scr2084,stInflow,reservoir
RO,h8352,0.7677484813777448,scr2084,stInflow,reservoir
RO,h8353,0.7677484813777448,scr2084,stInflow,reservoir
RO,h8354,0.7677484813777448,scr2084,stInflow,reservoir
RO,h8355,0.7677484813777448,scr2084,stInflow,reservoir
RO,h8356,0.7677484813777448,scr2084,stInflow,reservoir
RO,h8357,0.7677484813777448,scr2084,stInflow,reservoir
RO,h8358,0.7677484813777448,scr2084,stInflow,reservoir
RO,h8359,0.7677484813777448,scr2084,stInflow,reservoir
RO,h8360,0.7677484813777448,scr2084,stInflow,reservoir
RO,h8361,0.7677484813777448,scr2084,stInflow,reservoir
RO,h8362,0.7677484813777448,scr2084,stInflow,reservoir
RO,h8363,0.7677484813777448,scr2084,stInflow,reservoir
RO,h8364,0.7677484813777448,scr2084,stInflow,reservoir
RO,h8365,0.7677484813777448,scr2084,stInflow,reservoir
RO,h8366,0.7677484813777448,scr2084,stInflow,reservoir
RO,h8367,0.7677484813777448,scr2084,stInflow,reservoir
RO,h8368,0.7677484813777448,scr2084,stInflow,reservoir
RO,h8369,0.7677484813777448,scr2084,stInflow,reservoir
RO,h8370,0.7677484813777448,scr2084,stInflow,reservoir
RO,h8371,0.7677484813777448,scr2084,stInflow,reservoir
RO,h8372,0.7677484813777448,scr2084,stInflow,reservoir
RO,h8373,0.7677484813777448,scr2084,stInflow,reservoir
RO,h8374,0.7677484813777448,scr2084,stInflow,reservoir
RO,h8375,0.7677484813777448,scr2084,stInflow,reservoir
RO,h8376,0.7677484813777448,scr2084,stInflow,reservoir
RO,h8377,0.7677484813777448,scr2084,stInflow,reservoir
RO,h8378,0.7677484813777448,scr2084,stInflow,reservoir
RO,h8379,0.7677484813777448,scr2084,stInflow,reservoir
RO,h8380,0.7677484813777448,scr2084,stInflow,reservoir
RO,h8381,0.7677484813777448,scr2084,stInflow,reservoir
RO,h8382,0.7677484813777448,scr2084,stInflow,reservoir
RO,h8383,0.7677484813777448,scr2084,stInflow,reservoir
RO,h8384,0.7677484813777448,scr2084,stInflow,reservoir
RO,h8385,0.7677484813777448,scr2084,stInflow,reservoir
RO,h8386,0.7677484813777448,scr2084,stInflow,reservoir
RO,h8387,0.7677484813777448,scr2084,stInflow,reservoir
RO,h8388,0.7677484813777448,scr2084,stInflow,reservoir
RO,h8389,0.7677484813777448,scr2084,stInflow,reservoir
RO,h8390,0.7677484813777448,scr2084,stInflow,reservoir
RO,h8391,0.7677484813777448,scr2084,stInflow,reservoir
RO,h8392,0.7677484813777448,scr2084,stInflow,reservoir
RO,h8393,0.7677484813777448,scr2084,stInflow,reservoir
RO,h8394,0.7677484813777448,scr2084,stInflow,reservoir
RO,h8395,0.7677484813777448,scr2084,stInflow,reservoir
RO,h8396,0.7677484813777448,scr2084,stInflow,reservoir
RO,h8397,0.7677484813777448,scr2084,stInflow,reservoir
RO,h8398,0.7677484813777448,scr2084,stInflow,reservoir
RO,h8399,0.7677484813777448,scr2084,stInflow,reservoir
RO,h8400,0.7677484813777448,scr2084,stInflow,reservoir
RO,h8401,0.7677484813777448,scr2084,stInflow,reservoir
RO,h8402,0.7677484813777448,scr2084,stInflow,reservoir
RO,h8403,0.7677484813777448,scr2084,stInflow,reservoir
RO,h8404,0.7677484813777448,scr2084,stInflow,reservoir
RO,h8405,0.7677484813777448,scr2084,stInflow,reservoir
RO,h8406,0.7677484813777448,scr2084,stInflow,reservoir
RO,h8407,0.7677484813777448,scr2084,stInflow,reservoir
RO,h8408,0.7677484813777448,scr2084,stInflow,reservoir
RO,h8409,0.7677484813777448,scr2084,stInflow,reservoir
RO,h8410,0.7677484813777448,scr2084,stInflow,reservoir
RO,h8411,0.7677484813777448,scr2084,stInflow,reservoir
RO,h8412,0.7677484813777448,scr2084,stInflow,reservoir
RO,h8413,0.7677484813777448,scr2084,stInflow,reservoir
RO,h8414,0.7677484813777448,scr2084,stInflow,reservoir
RO,h8415,0.7677484813777448,scr2084,stInflow,reservoir
RO,h8416,0.7677484813777448,scr2084,stInflow,reservoir
RO,h8417,0.7677484813777448,scr2084,stInflow,reservoir
RO,h8418,0.7677484813777448,scr2084,stInflow,reservoir
RO,h8419,0.7677484813777448,scr2084,stInflow,reservoir
RO,h8420,0.7677484813777448,scr2084,stInflow,reservoir
RO,h8421,0.7677484813777448,scr2084,stInflow,reservoir
RO,h8422,0.7677484813777448,scr2084,stInflow,reservoir
RO,h8423,0.7677484813777448,scr2084,stInflow,reservoir
RO,h8424,0.7677484813777448,scr2084,stInflow,reservoir
RO,h8425,0.7677484813777448,scr2084,stInflow,reservoir
RO,h8426,0.7677484813777448,scr2084,stInflow,reservoir
RO,h8427,0.7677484813777448,scr2084,stInflow,reservoir
RO,h8428,0.7677484813777448,scr2084,stInflow,reservoir
RO,h8429,0.7677484813777448,scr2084,stInflow,reservoir
RO,h8430,0.7677484813777448,scr2084,stInflow,reservoir
RO,h8431,0.7677484813777448,scr2084,stInflow,reservoir
RO,h8432,0.7677484813777448,scr2084,stInflow,reservoir
RO,h8433,0.7677484813777448,scr2084,stInflow,reservoir
RO,h8434,0.7677484813777448,scr2084,stInflow,reservoir
RO,h8435,0.7677484813777448,scr2084,stInflow,reservoir
RO,h8436,0.7677484813777448,scr2084,stInflow,reservoir
RO,h8437,0.7677484813777448,scr2084,stInflow,reservoir
RO,h8438,0.7677484813777448,scr2084,stInflow,reservoir
RO,h8439,0.7677484813777448,scr2084,stInflow,reservoir
RO,h8440,0.7677484813777448,scr2084,stInflow,reservoir
RO,h8441,0.7677484813777448,scr2084,stInflow,reservoir
RO,h8442,0.7677484813777448,scr2084,stInflow,reservoir
RO,h8443,0.7677484813777448,scr2084,stInflow,reservoir
RO,h8444,0.7677484813777448,scr2084,stInflow,reservoir
RO,h8445,0.7677484813777448,scr2084,stInflow,reservoir
RO,h8446,0.7677484813777448,scr2084,stInflow,reservoir
RO,h8447,0.7677484813777448,scr2084,stInflow,reservoir
RO,h8448,0.7677484813777448,scr2084,stInflow,reservoir
RO,h8449,0.7679679985555372,scr2084,stInflow,reservoir
RO,h8450,0.7681875157396041,scr2084,stInflow,reservoir
RO,h8451,0.7684070329299436,scr2084,stInflow,reservoir
RO,h8452,0.7684070329299436,scr2084,stInflow,reservoir
RO,h8453,0.7684070329299436,scr2084,stInflow,reservoir
RO,h8454,0.7684070329299436,scr2084,stInflow,reservoir
RO,h8455,0.7684070329299436,scr2084,stInflow,reservoir
RO,h8456,0.7684070329299436,scr2084,stInflow,reservoir
RO,h8457,0.7684070329299436,scr2084,stInflow,reservoir
RO,h8458,0.7684070329299436,scr2084,stInflow,reservoir
RO,h8459,0.7684070329299436,scr2084,stInflow,reservoir
RO,h8460,0.7684070329299436,scr2084,stInflow,reservoir
RO,h8461,0.7684070329299436,scr2084,stInflow,reservoir
RO,h8462,0.7684070329299436,scr2084,stInflow,reservoir
RO,h8463,0.7684070329299436,scr2084,stInflow,reservoir
RO,h8464,0.7684070329299436,scr2084,stInflow,reservoir
RO,h8465,0.7684070329299436,scr2084,stInflow,reservoir
RO,h8466,0.7684070329299436,scr2084,stInflow,reservoir
RO,h8467,0.7684070329299436,scr2084,stInflow,reservoir
RO,h8468,0.7684070329299436,scr2084,stInflow,reservoir
RO,h8469,0.7684070329299436,scr2084,stInflow,reservoir
RO,h8470,0.7684070329299436,scr2084,stInflow,reservoir
RO,h8471,0.7684070329299436,scr2084,stInflow,reservoir
RO,h8472,0.7684070329299436,scr2084,stInflow,reservoir
RO,h8473,0.7684070329299436,scr2084,stInflow,reservoir
RO,h8474,0.7684070329299436,scr2084,stInflow,reservoir
RO,h8475,0.7684070329299436,scr2084,stInflow,reservoir
RO,h8476,0.7684070329299436,scr2084,stInflow,reservoir
RO,h8477,0.7684070329299436,scr2084,stInflow,reservoir
RO,h8478,0.7684070329299436,scr2084,stInflow,reservoir
RO,h8479,0.7684070329299436,scr2084,stInflow,reservoir
RO,h8480,0.7684070329299436,scr2084,stInflow,reservoir
RO,h8481,0.7684070329299436,scr2084,stInflow,reservoir
RO,h8482,0.7684070329299436,scr2084,stInflow,reservoir
RO,h8483,0.7684070329299436,scr2084,stInflow,reservoir
RO,h8484,0.7684070329299436,scr2084,stInflow,reservoir
RO,h8485,0.7684070329299436,scr2084,stInflow,reservoir
RO,h8486,0.7684070329299436,scr2084,stInflow,reservoir
RO,h8487,0.7684070329299436,scr2084,stInflow,reservoir
RO,h8488,0.7684070329299436,scr2084,stInflow,reservoir
RO,h8489,0.7684070329299436,scr2084,stInflow,reservoir
RO,h8490,0.7684070329299436,scr2084,stInflow,reservoir
RO,h8491,0.7684070329299436,scr2084,stInflow,reservoir
RO,h8492,0.7684070329299436,scr2084,stInflow,reservoir
RO,h8493,0.7684070329299436,scr2084,stInflow,reservoir
RO,h8494,0.7684070329299436,scr2084,stInflow,reservoir
RO,h8495,0.7684070329299436,scr2084,stInflow,reservoir
RO,h8496,0.7684070329299436,scr2084,stInflow,reservoir
RO,h8497,0.7684070329299436,scr2084,stInflow,reservoir
RO,h8498,0.7684070329299436,scr2084,stInflow,reservoir
RO,h8499,0.7684070329299436,scr2084,stInflow,reservoir
RO,h8500,0.7684070329299436,scr2084,stInflow,reservoir
RO,h8501,0.7684070329299436,scr2084,stInflow,reservoir
RO,h8502,0.7684070329299436,scr2084,stInflow,reservoir
RO,h8503,0.7684070329299436,scr2084,stInflow,reservoir
RO,h8504,0.7684070329299436,scr2084,stInflow,reservoir
RO,h8505,0.7684070329299436,scr2084,stInflow,reservoir
RO,h8506,0.7684070329299436,scr2084,stInflow,reservoir
RO,h8507,0.7684070329299436,scr2084,stInflow,reservoir
RO,h8508,0.7684070329299436,scr2084,stInflow,reservoir
RO,h8509,0.7684070329299436,scr2084,stInflow,reservoir
RO,h8510,0.7684070329299436,scr2084,stInflow,reservoir
RO,h8511,0.7684070329299436,scr2084,stInflow,reservoir
RO,h8512,0.7684070329299436,scr2084,stInflow,reservoir
RO,h8513,0.7684070329299436,scr2084,stInflow,reservoir
RO,h8514,0.7684070329299436,scr2084,stInflow,reservoir
RO,h8515,0.7684070329299436,scr2084,stInflow,reservoir
RO,h8516,0.7684070329299436,scr2084,stInflow,reservoir
RO,h8517,0.7684070329299436,scr2084,stInflow,reservoir
RO,h8518,0.7684070329299436,scr2084,stInflow,reservoir
RO,h8519,0.7684070329299436,scr2084,stInflow,reservoir
RO,h8520,0.7684070329299436,scr2084,stInflow,reservoir
RO,h8521,0.7684070329299436,scr2084,stInflow,reservoir
RO,h8522,0.7684070329299436,scr2084,stInflow,reservoir
RO,h8523,0.7684070329299436,scr2084,stInflow,reservoir
RO,h8524,0.7684070329299436,scr2084,stInflow,reservoir
RO,h8525,0.7684070329299436,scr2084,stInflow,reservoir
RO,h8526,0.7684070329299436,scr2084,stInflow,reservoir
RO,h8527,0.7684070329299436,scr2084,stInflow,reservoir
RO,h8528,0.7684070329299436,scr2084,stInflow,reservoir
RO,h8529,0.7684070329299436,scr2084,stInflow,reservoir
RO,h8530,0.7684070329299436,scr2084,stInflow,reservoir
RO,h8531,0.7684070329299436,scr2084,stInflow,reservoir
RO,h8532,0.7684070329299436,scr2084,stInflow,reservoir
RO,h8533,0.7684070329299436,scr2084,stInflow,reservoir
RO,h8534,0.7684070329299436,scr2084,stInflow,reservoir
RO,h8535,0.7684070329299436,scr2084,stInflow,reservoir
RO,h8536,0.7684070329299436,scr2084,stInflow,reservoir
RO,h8537,0.7684070329299436,scr2084,stInflow,reservoir
RO,h8538,0.7684070329299436,scr2084,stInflow,reservoir
RO,h8539,0.7684070329299436,scr2084,stInflow,reservoir
RO,h8540,0.7684070329299436,scr2084,stInflow,reservoir
RO,h8541,0.7684070329299436,scr2084,stInflow,reservoir
RO,h8542,0.7684070329299436,scr2084,stInflow,reservoir
RO,h8543,0.7684070329299436,scr2084,stInflow,reservoir
RO,h8544,0.7684070329299436,scr2084,stInflow,reservoir
RO,h8545,0.7684070329299436,scr2084,stInflow,reservoir
RO,h8546,0.7684070329299436,scr2084,stInflow,reservoir
RO,h8547,0.7684070329299436,scr2084,stInflow,reservoir
RO,h8548,0.7684070329299436,scr2084,stInflow,reservoir
RO,h8549,0.7684070329299436,scr2084,stInflow,reservoir
RO,h8550,0.7684070329299436,scr2084,stInflow,reservoir
RO,h8551,0.7684070329299436,scr2084,stInflow,reservoir
RO,h8552,0.7684070329299436,scr2084,stInflow,reservoir
RO,h8553,0.7684070329299436,scr2084,stInflow,reservoir
RO,h8554,0.7684070329299436,scr2084,stInflow,reservoir
RO,h8555,0.7684070329299436,scr2084,stInflow,reservoir
RO,h8556,0.7684070329299436,scr2084,stInflow,reservoir
RO,h8557,0.7684070329299436,scr2084,stInflow,reservoir
RO,h8558,0.7684070329299436,scr2084,stInflow,reservoir
RO,h8559,0.7684070329299436,scr2084,stInflow,reservoir
RO,h8560,0.7684070329299436,scr2084,stInflow,reservoir
RO,h8561,0.7684070329299436,scr2084,stInflow,reservoir
RO,h8562,0.7684070329299436,scr2084,stInflow,reservoir
RO,h8563,0.7684070329299436,scr2084,stInflow,reservoir
RO,h8564,0.7684070329299436,scr2084,stInflow,reservoir
RO,h8565,0.7684070329299436,scr2084,stInflow,reservoir
RO,h8566,0.7684070329299436,scr2084,stInflow,reservoir
RO,h8567,0.7684070329299436,scr2084,stInflow,reservoir
RO,h8568,0.7684070329299436,scr2084,stInflow,reservoir
RO,h8569,0.7684070329299436,scr2084,stInflow,reservoir
RO,h8570,0.7684070329299436,scr2084,stInflow,reservoir
RO,h8571,0.7684070329299436,scr2084,stInflow,reservoir
RO,h8572,0.7684070329299436,scr2084,stInflow,reservoir
RO,h8573,0.7684070329299436,scr2084,stInflow,reservoir
RO,h8574,0.7684070329299436,scr2084,stInflow,reservoir
RO,h8575,0.7684070329299436,scr2084,stInflow,reservoir
RO,h8576,0.7684070329299436,scr2084,stInflow,reservoir
RO,h8577,0.7684070329299436,scr2084,stInflow,reservoir
RO,h8578,0.7684070329299436,scr2084,stInflow,reservoir
RO,h8579,0.7684070329299436,scr2084,stInflow,reservoir
RO,h8580,0.7684070329299436,scr2084,stInflow,reservoir
RO,h8581,0.7684070329299436,scr2084,stInflow,reservoir
RO,h8582,0.7684070329299436,scr2084,stInflow,reservoir
RO,h8583,0.7684070329299436,scr2084,stInflow,reservoir
RO,h8584,0.7684070329299436,scr2084,stInflow,reservoir
RO,h8585,0.7684070329299436,scr2084,stInflow,reservoir
RO,h8586,0.7684070329299436,scr2084,stInflow,reservoir
RO,h8587,0.7684070329299436,scr2084,stInflow,reservoir
RO,h8588,0.7684070329299436,scr2084,stInflow,reservoir
RO,h8589,0.7684070329299436,scr2084,stInflow,reservoir
RO,h8590,0.7684070329299436,scr2084,stInflow,reservoir
RO,h8591,0.7684070329299436,scr2084,stInflow,reservoir
RO,h8592,0.7684070329299436,scr2084,stInflow,reservoir
RO,h8593,0.7684070329299436,scr2084,stInflow,reservoir
RO,h8594,0.7684070329299436,scr2084,stInflow,reservoir
RO,h8595,0.7684070329299436,scr2084,stInflow,reservoir
RO,h8596,0.7684070329299436,scr2084,stInflow,reservoir
RO,h8597,0.7684070329299436,scr2084,stInflow,reservoir
RO,h8598,0.7684070329299436,scr2084,stInflow,reservoir
RO,h8599,0.7684070329299436,scr2084,stInflow,reservoir
RO,h8600,0.7684070329299436,scr2084,stInflow,reservoir
RO,h8601,0.7684070329299436,scr2084,stInflow,reservoir
RO,h8602,0.7684070329299436,scr2084,stInflow,reservoir
RO,h8603,0.7684070329299436,scr2084,stInflow,reservoir
RO,h8604,0.7684070329299436,scr2084,stInflow,reservoir
RO,h8605,0.7684070329299436,scr2084,stInflow,reservoir
RO,h8606,0.7684070329299436,scr2084,stInflow,reservoir
RO,h8607,0.7684070329299436,scr2084,stInflow,reservoir
RO,h8608,0.7684070329299436,scr2084,stInflow,reservoir
RO,h8609,0.7684070329299436,scr2084,stInflow,reservoir
RO,h8610,0.7684070329299436,scr2084,stInflow,reservoir
RO,h8611,0.7684070329299436,scr2084,stInflow,reservoir
RO,h8612,0.7684070329299436,scr2084,stInflow,reservoir
RO,h8613,0.7684070329299436,scr2084,stInflow,reservoir
RO,h8614,0.7684070329299436,scr2084,stInflow,reservoir
RO,h8615,0.7684070329299436,scr2084,stInflow,reservoir
RO,h8616,0.7684070329299436,scr2084,stInflow,reservoir
RO,h8617,0.7655833075615994,scr2084,stInflow,reservoir
RO,h8618,0.7627595832346873,scr2084,stInflow,reservoir
RO,h8619,0.7599358599530618,scr2084,stInflow,reservoir
RO,h8620,0.7599358599530618,scr2084,stInflow,reservoir
RO,h8621,0.7599358599530618,scr2084,stInflow,reservoir
RO,h8622,0.7599358599530618,scr2084,stInflow,reservoir
RO,h8623,0.7599358599530618,scr2084,stInflow,reservoir
RO,h8624,0.7599358599530618,scr2084,stInflow,reservoir
RO,h8625,0.7599358599530618,scr2084,stInflow,reservoir
RO,h8626,0.7599358599530618,scr2084,stInflow,reservoir
RO,h8627,0.7599358599530618,scr2084,stInflow,reservoir
RO,h8628,0.7599358599530618,scr2084,stInflow,reservoir
RO,h8629,0.7599358599530618,scr2084,stInflow,reservoir
RO,h8630,0.7599358599530618,scr2084,stInflow,reservoir
RO,h8631,0.7599358599530618,scr2084,stInflow,reservoir
RO,h8632,0.7599358599530618,scr2084,stInflow,reservoir
RO,h8633,0.7599358599530618,scr2084,stInflow,reservoir
RO,h8634,0.7599358599530618,scr2084,stInflow,reservoir
RO,h8635,0.7599358599530618,scr2084,stInflow,reservoir
RO,h8636,0.7599358599530618,scr2084,stInflow,reservoir
RO,h8637,0.7599358599530618,scr2084,stInflow,reservoir
RO,h8638,0.7599358599530618,scr2084,stInflow,reservoir
RO,h8639,0.7599358599530618,scr2084,stInflow,reservoir
RO,h8640,0.7599358599530618,scr2084,stInflow,reservoir
RO,h8641,0.7599358599530618,scr2084,stInflow,reservoir
RO,h8642,0.7599358599530618,scr2084,stInflow,reservoir
RO,h8643,0.7599358599530618,scr2084,stInflow,reservoir
RO,h8644,0.7599358599530618,scr2084,stInflow,reservoir
RO,h8645,0.7599358599530618,scr2084,stInflow,reservoir
RO,h8646,0.7599358599530618,scr2084,stInflow,reservoir
RO,h8647,0.7599358599530618,scr2084,stInflow,reservoir
RO,h8648,0.7599358599530618,scr2084,stInflow,reservoir
RO,h8649,0.7599358599530618,scr2084,stInflow,reservoir
RO,h8650,0.7599358599530618,scr2084,stInflow,reservoir
RO,h8651,0.7599358599530618,scr2084,stInflow,reservoir
RO,h8652,0.7599358599530618,scr2084,stInflow,reservoir
RO,h8653,0.7599358599530618,scr2084,stInflow,reservoir
RO,h8654,0.7599358599530618,scr2084,stInflow,reservoir
RO,h8655,0.7599358599530618,scr2084,stInflow,reservoir
RO,h8656,0.7599358599530618,scr2084,stInflow,reservoir
RO,h8657,0.7599358599530618,scr2084,stInflow,reservoir
RO,h8658,0.7599358599530618,scr2084,stInflow,reservoir
RO,h8659,0.7599358599530618,scr2084,stInflow,reservoir
RO,h8660,0.7599358599530618,scr2084,stInflow,reservoir
RO,h8661,0.7599358599530618,scr2084,stInflow,reservoir
RO,h8662,0.7599358599530618,scr2084,stInflow,reservoir
RO,h8663,0.7599358599530618,scr2084,stInflow,reservoir
RO,h8664,0.7599358599530618,scr2084,stInflow,reservoir
RO,h8665,0.7599358599530618,scr2084,stInflow,reservoir
RO,h8666,0.7599358599530618,scr2084,stInflow,reservoir
RO,h8667,0.7599358599530618,scr2084,stInflow,reservoir
RO,h8668,0.7599358599530618,scr2084,stInflow,reservoir
RO,h8669,0.7599358599530618,scr2084,stInflow,reservoir
RO,h8670,0.7599358599530618,scr2084,stInflow,reservoir
RO,h8671,0.7599358599530618,scr2084,stInflow,reservoir
RO,h8672,0.7599358599530618,scr2084,stInflow,reservoir
RO,h8673,0.7599358599530618,scr2084,stInflow,reservoir
RO,h8674,0.7599358599530618,scr2084,stInflow,reservoir
RO,h8675,0.7599358599530618,scr2084,stInflow,reservoir
RO,h8676,0.7599358599530618,scr2084,stInflow,reservoir
RO,h8677,0.7599358599530618,scr2084,stInflow,reservoir
RO,h8678,0.7599358599530618,scr2084,stInflow,reservoir
RO,h8679,0.7599358599530618,scr2084,stInflow,reservoir
RO,h8680,0.7599358599530618,scr2084,stInflow,reservoir
RO,h8681,0.7599358599530618,scr2084,stInflow,reservoir
RO,h8682,0.7599358599530618,scr2084,stInflow,reservoir
RO,h8683,0.7599358599530618,scr2084,stInflow,reservoir
RO,h8684,0.7599358599530618,scr2084,stInflow,reservoir
RO,h8685,0.7599358599530618,scr2084,stInflow,reservoir
RO,h8686,0.7599358599530618,scr2084,stInflow,reservoir
RO,h8687,0.7599358599530618,scr2084,stInflow,reservoir
RO,h8688,0.7599358599530618,scr2084,stInflow,reservoir
RO,h8689,0.7599358599530618,scr2084,stInflow,reservoir
RO,h8690,0.7599358599530618,scr2084,stInflow,reservoir
RO,h8691,0.7599358599530618,scr2084,stInflow,reservoir
RO,h8692,0.7599358599530618,scr2084,stInflow,reservoir
RO,h8693,0.7599358599530618,scr2084,stInflow,reservoir
RO,h8694,0.7599358599530618,scr2084,stInflow,reservoir
RO,h8695,0.7599358599530618,scr2084,stInflow,reservoir
RO,h8696,0.7599358599530618,scr2084,stInflow,reservoir
RO,h8697,0.7599358599530618,scr2084,stInflow,reservoir
RO,h8698,0.7599358599530618,scr2084,stInflow,reservoir
RO,h8699,0.7599358599530618,scr2084,stInflow,reservoir
RO,h8700,0.7599358599530618,scr2084,stInflow,reservoir
RO,h8701,0.7599358599530618,scr2084,stInflow,reservoir
RO,h8702,0.7599358599530618,scr2084,stInflow,reservoir
RO,h8703,0.7599358599530618,scr2084,stInflow,reservoir
RO,h8704,0.7599358599530618,scr2084,stInflow,reservoir
RO,h8705,0.7599358599530618,scr2084,stInflow,reservoir
RO,h8706,0.7599358599530618,scr2084,stInflow,reservoir
RO,h8707,0.7599358599530618,scr2084,stInflow,reservoir
RO,h8708,0.7599358599530618,scr2084,stInflow,reservoir
RO,h8709,0.7599358599530618,scr2084,stInflow,reservoir
RO,h8710,0.7599358599530618,scr2084,stInflow,reservoir
RO,h8711,0.7599358599530618,scr2084,stInflow,reservoir
RO,h8712,0.7599358599530618,scr2084,stInflow,reservoir
RO,h8713,0.7599358599530618,scr2084,stInflow,reservoir
RO,h8714,0.7599358599530618,scr2084,stInflow,reservoir
RO,h8715,0.7599358599530618,scr2084,stInflow,reservoir
RO,h8716,0.7599358599530618,scr2084,stInflow,reservoir
RO,h8717,0.7599358599530618,scr2084,stInflow,reservoir
RO,h8718,0.7599358599530618,scr2084,stInflow,reservoir
RO,h8719,0.7599358599530618,scr2084,stInflow,reservoir
RO,h8720,0.7599358599530618,scr2084,stInflow,reservoir
RO,h8721,0.7599358599530618,scr2084,stInflow,reservoir
RO,h8722,0.7599358599530618,scr2084,stInflow,reservoir
RO,h8723,0.7599358599530618,scr2084,stInflow,reservoir
RO,h8724,0.7599358599530618,scr2084,stInflow,reservoir
RO,h8725,0.7599358599530618,scr2084,stInflow,reservoir
RO,h8726,0.7599358599530618,scr2084,stInflow,reservoir
RO,h8727,0.7599358599530618,scr2084,stInflow,reservoir
RO,h8728,0.7599358599530618,scr2084,stInflow,reservoir
RO,h8729,0.7599358599530618,scr2084,stInflow,reservoir
RO,h8730,0.7599358599530618,scr2084,stInflow,reservoir
RO,h8731,0.7599358599530618,scr2084,stInflow,reservoir
RO,h8732,0.7599358599530618,scr2084,stInflow,reservoir
RO,h8733,0.7599358599530618,scr2084,stInflow,reservoir
RO,h8734,0.7599358599530618,scr2084,stInflow,reservoir
RO,h8735,0.7599358599530618,scr2084,stInflow,reservoir
RO,h8736,0.7599358599530618,scr2084,stInflow,reservoir
RO,h8737,0.7599358599530618,scr2084,stInflow,reservoir
RO,h8738,0.7599358599530618,scr2084,stInflow,reservoir
RO,h8739,0.7599358599530618,scr2084,stInflow,reservoir
RO,h8740,0.7599358599530618,scr2084,stInflow,reservoir
RO,h8741,0.7599358599530618,scr2084,stInflow,reservoir
RO,h8742,0.7599358599530618,scr2084,stInflow,reservoir
RO,h8743,0.7599358599530618,scr2084,stInflow,reservoir
RO,h8744,0.7599358599530618,scr2084,stInflow,reservoir
RO,h8745,0.7599358599530618,scr2084,stInflow,reservoir
RO,h8746,0.7599358599530618,scr2084,stInflow,reservoir
RO,h8747,0.7599358599530618,scr2084,stInflow,reservoir
RO,h8748,0.7599358599530618,scr2084,stInflow,reservoir
RO,h8749,0.7599358599530618,scr2084,stInflow,reservoir
RO,h8750,0.7599358599530618,scr2084,stInflow,reservoir
RO,h8751,0.7599358599530618,scr2084,stInflow,reservoir
RO,h8752,0.7599358599530618,scr2084,stInflow,reservoir
RO,h8753,0.7599358599530618,scr2084,stInflow,reservoir
RO,h8754,0.7599358599530618,scr2084,stInflow,reservoir
RO,h8755,0.7599358599530618,scr2084,stInflow,reservoir
RO,h8756,0.7599358599530618,scr2084,stInflow,reservoir
RO,h8757,0.7599358599530618,scr2084,stInflow,reservoir
RO,h8758,0.7599358599530618,scr2084,stInflow,reservoir
RO,h8759,0.7599358599530618,scr2084,stInflow,reservoir
RO,h8760,0.7599358599530618,scr2084,stInflow,reservoir
SE,h8041,8.166874941530406,scr2084,stInflow,reservoir
SE,h8042,8.166874941530406,scr2084,stInflow,reservoir
SE,h8043,8.166874941530406,scr2084,stInflow,reservoir
SE,h8044,8.166874941530406,scr2084,stInflow,reservoir
SE,h8045,8.166874941530406,scr2084,stInflow,reservoir
SE,h8046,8.166874941530406,scr2084,stInflow,reservoir
SE,h8047,8.166874941530406,scr2084,stInflow,reservoir
SE,h8048,8.166874941530406,scr2084,stInflow,reservoir
SE,h8049,8.166874941530406,scr2084,stInflow,reservoir
SE,h8050,8.166874941530406,scr2084,stInflow,reservoir
SE,h8051,8.166874941530406,scr2084,stInflow,reservoir
SE,h8052,8.166874941530406,scr2084,stInflow,reservoir
SE,h8053,8.166874941530406,scr2084,stInflow,reservoir
SE,h8054,8.166874941530406,scr2084,stInflow,reservoir
SE,h8055,8.166874941530406,scr2084,stInflow,reservoir
SE,h8056,8.166874941530406,scr2084,stInflow,reservoir
SE,h8057,8.166874941530406,scr2084,stInflow,reservoir
SE,h8058,8.166874941530406,scr2084,stInflow,reservoir
SE,h8059,8.166874941530406,scr2084,stInflow,reservoir
SE,h8060,8.166874941530406,scr2084,stInflow,reservoir
SE,h8061,8.166874941530406,scr2084,stInflow,reservoir
SE,h8062,8.166874941530406,scr2084,stInflow,reservoir
SE,h8063,8.166874941530406,scr2084,stInflow,reservoir
SE,h8064,8.166874941530406,scr2084,stInflow,reservoir
SE,h8065,8.166874941530406,scr2084,stInflow,reservoir
SE,h8066,8.166874941530406,scr2084,stInflow,reservoir
SE,h8067,8.166874941530406,scr2084,stInflow,reservoir
SE,h8068,8.166874941530406,scr2084,stInflow,reservoir
SE,h8069,8.166874941530406,scr2084,stInflow,reservoir
SE,h8070,8.166874941530406,scr2084,stInflow,reservoir
SE,h8071,8.166874941530406,scr2084,stInflow,reservoir
SE,h8072,8.166874941530406,scr2084,stInflow,reservoir
SE,h8073,8.166874941530406,scr2084,stInflow,reservoir
SE,h8074,8.166874941530406,scr2084,stInflow,reservoir
SE,h8075,8.166874941530406,scr2084,stInflow,reservoir
SE,h8076,8.166874941530406,scr2084,stInflow,reservoir
SE,h8077,8.166874941530406,scr2084,stInflow,reservoir
SE,h8078,8.166874941530406,scr2084,stInflow,reservoir
SE,h8079,8.166874941530406,scr2084,stInflow,reservoir
SE,h8080,8.166874941530406,scr2084,stInflow,reservoir
SE,h8081,8.166874941530406,scr2084,stInflow,reservoir
SE,h8082,8.166874941530406,scr2084,stInflow,reservoir
SE,h8083,8.166874941530406,scr2084,stInflow,reservoir
SE,h8084,8.166874941530406,scr2084,stInflow,reservoir
SE,h8085,8.166874941530406,scr2084,stInflow,reservoir
SE,h8086,8.166874941530406,scr2084,stInflow,reservoir
SE,h8087,8.166874941530406,scr2084,stInflow,reservoir
SE,h8088,8.166874941530406,scr2084,stInflow,reservoir
SE,h8089,8.166874941530406,scr2084,stInflow,reservoir
SE,h8090,8.166874941530406,scr2084,stInflow,reservoir
SE,h8091,8.166874941530406,scr2084,stInflow,reservoir
SE,h8092,8.166874941530406,scr2084,stInflow,reservoir
SE,h8093,8.166874941530406,scr2084,stInflow,reservoir
SE,h8094,8.166874941530406,scr2084,stInflow,reservoir
SE,h8095,8.166874941530406,scr2084,stInflow,reservoir
SE,h8096,8.166874941530406,scr2084,stInflow,reservoir
SE,h8097,8.166874941530406,scr2084,stInflow,reservoir
SE,h8098,8.166874941530406,scr2084,stInflow,reservoir
SE,h8099,8.166874941530406,scr2084,stInflow,reservoir
SE,h8100,8.166874941530406,scr2084,stInflow,reservoir
SE,h8101,8.166874941530406,scr2084,stInflow,reservoir
SE,h8102,8.166874941530406,scr2084,stInflow,reservoir
SE,h8103,8.166874941530406,scr2084,stInflow,reservoir
SE,h8104,8.166874941530406,scr2084,stInflow,reservoir
SE,h8105,8.166874941530406,scr2084,stInflow,reservoir
SE,h8106,8.166874941530406,scr2084,stInflow,reservoir
SE,h8107,8.166874941530406,scr2084,stInflow,reservoir
SE,h8108,8.166874941530406,scr2084,stInflow,reservoir
SE,h8109,8.166874941530406,scr2084,stInflow,reservoir
SE,h8110,8.166874941530406,scr2084,stInflow,reservoir
SE,h8111,8.166874941530406,scr2084,stInflow,reservoir
SE,h8112,8.166874941530406,scr2084,stInflow,reservoir
SE,h8113,7.827540486098306,scr2084,stInflow,reservoir
SE,h8114,7.488207502209084,scr2084,stInflow,reservoir
SE,h8115,7.148876056586003,scr2084,stInflow,reservoir
SE,h8116,7.148876056586003,scr2084,stInflow,reservoir
SE,h8117,7.148876056586003,scr2084,stInflow,reservoir
SE,h8118,7.148876056586003,scr2084,stInflow,reservoir
SE,h8119,7.148876056586003,scr2084,stInflow,reservoir
SE,h8120,7.148876056586003,scr2084,stInflow,reservoir
SE,h8121,7.148876056586003,scr2084,stInflow,reservoir
SE,h8122,7.148876056586003,scr2084,stInflow,reservoir
SE,h8123,7.148876056586003,scr2084,stInflow,reservoir
SE,h8124,7.148876056586003,scr2084,stInflow,reservoir
SE,h8125,7.148876056586003,scr2084,stInflow,reservoir
SE,h8126,7.148876056586003,scr2084,stInflow,reservoir
SE,h8127,7.148876056586003,scr2084,stInflow,reservoir
SE,h8128,7.148876056586003,scr2084,stInflow,reservoir
SE,h8129,7.148876056586003,scr2084,stInflow,reservoir
SE,h8130,7.148876056586003,scr2084,stInflow,reservoir
SE,h8131,7.148876056586003,scr2084,stInflow,reservoir
SE,h8132,7.148876056586003,scr2084,stInflow,reservoir
SE,h8133,7.148876056586003,scr2084,stInflow,reservoir
SE,h8134,7.148876056586003,scr2084,stInflow,reservoir
SE,h8135,7.148876056586003,scr2084,stInflow,reservoir
SE,h8136,7.148876056586003,scr2084,stInflow,reservoir
SE,h8137,7.148876056586003,scr2084,stInflow,reservoir
SE,h8138,7.148876056586003,scr2084,stInflow,reservoir
SE,h8139,7.148876056586003,scr2084,stInflow,reservoir
SE,h8140,7.148876056586003,scr2084,stInflow,reservoir
SE,h8141,7.148876056586003,scr2084,stInflow,reservoir
SE,h8142,7.148876056586003,scr2084,stInflow,reservoir
SE,h8143,7.148876056586003,scr2084,stInflow,reservoir
SE,h8144,7.148876056586003,scr2084,stInflow,reservoir
SE,h8145,7.148876056586003,scr2084,stInflow,reservoir
SE,h8146,7.148876056586003,scr2084,stInflow,reservoir
SE,h8147,7.148876056586003,scr2084,stInflow,reservoir
SE,h8148,7.148876056586003,scr2084,stInflow,reservoir
SE,h8149,7.148876056586003,scr2084,stInflow,reservoir
SE,h8150,7.148876056586003,scr2084,stInflow,reservoir
SE,h8151,7.148876056586003,scr2084,stInflow,reservoir
SE,h8152,7.148876056586003,scr2084,stInflow,reservoir
SE,h8153,7.148876056586003,scr2084,stInflow,reservoir
SE,h8154,7.148876056586003,scr2084,stInflow,reservoir
SE,h8155,7.148876056586003,scr2084,stInflow,reservoir
SE,h8156,7.148876056586003,scr2084,stInflow,reservoir
SE,h8157,7.148876056586003,scr2084,stInflow,reservoir
SE,h8158,7.148876056586003,scr2084,stInflow,reservoir
SE,h8159,7.148876056586003,scr2084,stInflow,reservoir
SE,h8160,7.148876056586003,scr2084,stInflow,reservoir
SE,h8161,7.148876056586003,scr2084,stInflow,reservoir
SE,h8162,7.148876056586003,scr2084,stInflow,reservoir
SE,h8163,7.148876056586003,scr2084,stInflow,reservoir
SE,h8164,7.148876056586003,scr2084,stInflow,reservoir
SE,h8165,7.148876056586003,scr2084,stInflow,reservoir
SE,h8166,7.148876056586003,scr2084,stInflow,reservoir
SE,h8167,7.148876056586003,scr2084,stInflow,reservoir
SE,h8168,7.148876056586003,scr2084,stInflow,reservoir
SE,h8169,7.148876056586003,scr2084,stInflow,reservoir
SE,h8170,7.148876056586003,scr2084,stInflow,reservoir
SE,h8171,7.148876056586003,scr2084,stInflow,reservoir
SE,h8172,7.148876056586003,scr2084,stInflow,reservoir
SE,h8173,7.148876056586003,scr2084,stInflow,reservoir
SE,h8174,7.148876056586003,scr2084,stInflow,reservoir
SE,h8175,7.148876056586003,scr2084,stInflow,reservoir
SE,h8176,7.148876056586003,scr2084,stInflow,reservoir
SE,h8177,7.148876056586003,scr2084,stInflow,reservoir
SE,h8178,7.148876056586003,scr2084,stInflow,reservoir
SE,h8179,7.148876056586003,scr2084,stInflow,reservoir
SE,h8180,7.148876056586003,scr2084,stInflow,reservoir
SE,h8181,7.148876056586003,scr2084,stInflow,reservoir
SE,h8182,7.148876056586003,scr2084,stInflow,reservoir
SE,h8183,7.148876056586003,scr2084,stInflow,reservoir
SE,h8184,7.148876056586003,scr2084,stInflow,reservoir
SE,h8185,7.148876056586003,scr2084,stInflow,reservoir
SE,h8186,7.148876056586003,scr2084,stInflow,reservoir
SE,h8187,7.148876056586003,scr2084,stInflow,reservoir
SE,h8188,7.148876056586003,scr2084,stInflow,reservoir
SE,h8189,7.148876056586003,scr2084,stInflow,reservoir
SE,h8190,7.148876056586003,scr2084,stInflow,reservoir
SE,h8191,7.148876056586003,scr2084,stInflow,reservoir
SE,h8192,7.148876056586003,scr2084,stInflow,reservoir
SE,h8193,7.148876056586003,scr2084,stInflow,reservoir
SE,h8194,7.148876056586003,scr2084,stInflow,reservoir
SE,h8195,7.148876056586003,scr2084,stInflow,reservoir
SE,h8196,7.148876056586003,scr2084,stInflow,reservoir
SE,h8197,7.148876056586003,scr2084,stInflow,reservoir
SE,h8198,7.148876056586003,scr2084,stInflow,reservoir
SE,h8199,7.148876056586003,scr2084,stInflow,reservoir
SE,h8200,7.148876056586003,scr2084,stInflow,reservoir
SE,h8201,7.148876056586003,scr2084,stInflow,reservoir
SE,h8202,7.148876056586003,scr2084,stInflow,reservoir
SE,h8203,7.148876056586003,scr2084,stInflow,reservoir
SE,h8204,7.148876056586003,scr2084,stInflow,reservoir
SE,h8205,7.148876056586003,scr2084,stInflow,reservoir
SE,h8206,7.148876056586003,scr2084,stInflow,reservoir
SE,h8207,7.148876056586003,scr2084,stInflow,reservoir
SE,h8208,7.148876056586003,scr2084,stInflow,reservoir
SE,h8209,7.148876056586003,scr2084,stInflow,reservoir
SE,h8210,7.148876056586003,scr2084,stInflow,reservoir
SE,h8211,7.148876056586003,scr2084,stInflow,reservoir
SE,h8212,7.148876056586003,scr2084,stInflow,reservoir
SE,h8213,7.148876056586003,scr2084,stInflow,reservoir
SE,h8214,7.148876056586003,scr2084,stInflow,reservoir
SE,h8215,7.148876056586003,scr2084,stInflow,reservoir
SE,h8216,7.148876056586003,scr2084,stInflow,reservoir
SE,h8217,7.148876056586003,scr2084,stInflow,reservoir
SE,h8218,7.148876056586003,scr2084,stInflow,reservoir
SE,h8219,7.148876056586003,scr2084,stInflow,reservoir
SE,h8220,7.148876056586003,scr2084,stInflow,reservoir
SE,h8221,7.148876056586003,scr2084,stInflow,reservoir
SE,h8222,7.148876056586003,scr2084,stInflow,reservoir
SE,h8223,7.148876056586003,scr2084,stInflow,reservoir
SE,h8224,7.148876056586003,scr2084,stInflow,reservoir
SE,h8225,7.148876056586003,scr2084,stInflow,reservoir
SE,h8226,7.148876056586003,scr2084,stInflow,reservoir
SE,h8227,7.148876056586003,scr2084,stInflow,reservoir
SE,h8228,7.148876056586003,scr2084,stInflow,reservoir
SE,h8229,7.148876056586003,scr2084,stInflow,reservoir
SE,h8230,7.148876056586003,scr2084,stInflow,reservoir
SE,h8231,7.148876056586003,scr2084,stInflow,reservoir
SE,h8232,7.148876056586003,scr2084,stInflow,reservoir
SE,h8233,7.148876056586003,scr2084,stInflow,reservoir
SE,h8234,7.148876056586003,scr2084,stInflow,reservoir
SE,h8235,7.148876056586003,scr2084,stInflow,reservoir
SE,h8236,7.148876056586003,scr2084,stInflow,reservoir
SE,h8237,7.148876056586003,scr2084,stInflow,reservoir
SE,h8238,7.148876056586003,scr2084,stInflow,reservoir
SE,h8239,7.148876056586003,scr2084,stInflow,reservoir
SE,h8240,7.148876056586003,scr2084,stInflow,reservoir
SE,h8241,7.148876056586003,scr2084,stInflow,reservoir
SE,h8242,7.148876056586003,scr2084,stInflow,reservoir
SE,h8243,7.148876056586003,scr2084,stInflow,reservoir
SE,h8244,7.148876056586003,scr2084,stInflow,reservoir
SE,h8245,7.148876056586003,scr2084,stInflow,reservoir
SE,h8246,7.148876056586003,scr2084,stInflow,reservoir
SE,h8247,7.148876056586003,scr2084,stInflow,reservoir
SE,h8248,7.148876056586003,scr2084,stInflow,reservoir
SE,h8249,7.148876056586003,scr2084,stInflow,reservoir
SE,h8250,7.148876056586003,scr2084,stInflow,reservoir
SE,h8251,7.148876056586003,scr2084,stInflow,reservoir
SE,h8252,7.148876056586003,scr2084,stInflow,reservoir
SE,h8253,7.148876056586003,scr2084,stInflow,reservoir
SE,h8254,7.148876056586003,scr2084,stInflow,reservoir
SE,h8255,7.148876056586003,scr2084,stInflow,reservoir
SE,h8256,7.148876056586003,scr2084,stInflow,reservoir
SE,h8257,7.148876056586003,scr2084,stInflow,reservoir
SE,h8258,7.148876056586003,scr2084,stInflow,reservoir
SE,h8259,7.148876056586003,scr2084,stInflow,reservoir
SE,h8260,7.148876056586003,scr2084,stInflow,reservoir
SE,h8261,7.148876056586003,scr2084,stInflow,reservoir
SE,h8262,7.148876056586003,scr2084,stInflow,reservoir
SE,h8263,7.148876056586003,scr2084,stInflow,reservoir
SE,h8264,7.148876056586003,scr2084,stInflow,reservoir
SE,h8265,7.148876056586003,scr2084,stInflow,reservoir
SE,h8266,7.148876056586003,scr2084,stInflow,reservoir
SE,h8267,7.148876056586003,scr2084,stInflow,reservoir
SE,h8268,7.148876056586003,scr2084,stInflow,reservoir
SE,h8269,7.148876056586003,scr2084,stInflow,reservoir
SE,h8270,7.148876056586003,scr2084,stInflow,reservoir
SE,h8271,7.148876056586003,scr2084,stInflow,reservoir
SE,h8272,7.148876056586003,scr2084,stInflow,reservoir
SE,h8273,7.148876056586003,scr2084,stInflow,reservoir
SE,h8274,7.148876056586003,scr2084,stInflow,reservoir
SE,h8275,7.148876056586003,scr2084,stInflow,reservoir
SE,h8276,7.148876056586003,scr2084,stInflow,reservoir
SE,h8277,7.148876056586003,scr2084,stInflow,reservoir
SE,h8278,7.148876056586003,scr2084,stInflow,reservoir
SE,h8279,7.148876056586003,scr2084,stInflow,reservoir
SE,h8280,7.148876056586003,scr2084,stInflow,reservoir
SE,h8281,6.967458061606453,scr2084,stInflow,reservoir
SE,h8282,6.786040539069193,scr2084,stInflow,reservoir
SE,h8283,6.604623501606599,scr2084,stInflow,reservoir
SE,h8284,6.604623501606599,scr2084,stInflow,reservoir
SE,h8285,6.604623501606599,scr2084,stInflow,reservoir
SE,h8286,6.604623501606599,scr2084,stInflow,reservoir
SE,h8287,6.604623501606599,scr2084,stInflow,reservoir
SE,h8288,6.604623501606599,scr2084,stInflow,reservoir
SE,h8289,6.604623501606599,scr2084,stInflow,reservoir
SE,h8290,6.604623501606599,scr2084,stInflow,reservoir
SE,h8291,6.604623501606599,scr2084,stInflow,reservoir
SE,h8292,6.604623501606599,scr2084,stInflow,reservoir
SE,h8293,6.604623501606599,scr2084,stInflow,reservoir
SE,h8294,6.604623501606599,scr2084,stInflow,reservoir
SE,h8295,6.604623501606599,scr2084,stInflow,reservoir
SE,h8296,6.604623501606599,scr2084,stInflow,reservoir
SE,h8297,6.604623501606599,scr2084,stInflow,reservoir
SE,h8298,6.604623501606599,scr2084,stInflow,reservoir
SE,h8299,6.604623501606599,scr2084,stInflow,reservoir
SE,h8300,6.604623501606599,scr2084,stInflow,reservoir
SE,h8301,6.604623501606599,scr2084,stInflow,reservoir
SE,h8302,6.604623501606599,scr2084,stInflow,reservoir
SE,h8303,6.604623501606599,scr2084,stInflow,reservoir
SE,h8304,6.604623501606599,scr2084,stInflow,reservoir
SE,h8305,6.604623501606599,scr2084,stInflow,reservoir
SE,h8306,6.604623501606599,scr2084,stInflow,reservoir
SE,h8307,6.604623501606599,scr2084,stInflow,reservoir
SE,h8308,6.604623501606599,scr2084,stInflow,reservoir
SE,h8309,6.604623501606599,scr2084,stInflow,reservoir
SE,h8310,6.604623501606599,scr2084,stInflow,reservoir
SE,h8311,6.604623501606599,scr2084,stInflow,reservoir
SE,h8312,6.604623501606599,scr2084,stInflow,reservoir
SE,h8313,6.604623501606599,scr2084,stInflow,reservoir
SE,h8314,6.604623501606599,scr2084,stInflow,reservoir
SE,h8315,6.604623501606599,scr2084,stInflow,reservoir
SE,h8316,6.604623501606599,scr2084,stInflow,reservoir
SE,h8317,6.604623501606599,scr2084,stInflow,reservoir
SE,h8318,6.604623501606599,scr2084,stInflow,reservoir
SE,h8319,6.604623501606599,scr2084,stInflow,reservoir
SE,h8320,6.604623501606599,scr2084,stInflow,reservoir
SE,h8321,6.604623501606599,scr2084,stInflow,reservoir
SE,h8322,6.604623501606599,scr2084,stInflow,reservoir
SE,h8323,6.604623501606599,scr2084,stInflow,reservoir
SE,h8324,6.604623501606599,scr2084,stInflow,reservoir
SE,h8325,6.604623501606599,scr2084,stInflow,reservoir
SE,h8326,6.604623501606599,scr2084,stInflow,reservoir
SE,h8327,6.604623501606599,scr2084,stInflow,reservoir
SE,h8328,6.604623501606599,scr2084,stInflow,reservoir
SE,h8329,6.604623501606599,scr2084,stInflow,reservoir
SE,h8330,6.604623501606599,scr2084,stInflow,reservoir
SE,h8331,6.604623501606599,scr2084,stInflow,reservoir
SE,h8332,6.604623501606599,scr2084,stInflow,reservoir
SE,h8333,6.604623501606599,scr2084,stInflow,reservoir
SE,h8334,6.604623501606599,scr2084,stInflow,reservoir
SE,h8335,6.604623501606599,scr2084,stInflow,reservoir
SE,h8336,6.604623501606599,scr2084,stInflow,reservoir
SE,h8337,6.604623501606599,scr2084,stInflow,reservoir
SE,h8338,6.604623501606599,scr2084,stInflow,reservoir
SE,h8339,6.604623501606599,scr2084,stInflow,reservoir
SE,h8340,6.604623501606599,scr2084,stInflow,reservoir
SE,h8341,6.604623501606599,scr2084,stInflow,reservoir
SE,h8342,6.604623501606599,scr2084,stInflow,reservoir
SE,h8343,6.604623501606599,scr2084,stInflow,reservoir
SE,h8344,6.604623501606599,scr2084,stInflow,reservoir
SE,h8345,6.604623501606599,scr2084,stInflow,reservoir
SE,h8346,6.604623501606599,scr2084,stInflow,reservoir
SE,h8347,6.604623501606599,scr2084,stInflow,reservoir
SE,h8348,6.604623501606599,scr2084,stInflow,reservoir
SE,h8349,6.604623501606599,scr2084,stInflow,reservoir
SE,h8350,6.604623501606599,scr2084,stInflow,reservoir
SE,h8351,6.604623501606599,scr2084,stInflow,reservoir
SE,h8352,6.604623501606599,scr2084,stInflow,reservoir
SE,h8353,6.604623501606599,scr2084,stInflow,reservoir
SE,h8354,6.604623501606599,scr2084,stInflow,reservoir
SE,h8355,6.604623501606599,scr2084,stInflow,reservoir
SE,h8356,6.604623501606599,scr2084,stInflow,reservoir
SE,h8357,6.604623501606599,scr2084,stInflow,reservoir
SE,h8358,6.604623501606599,scr2084,stInflow,reservoir
SE,h8359,6.604623501606599,scr2084,stInflow,reservoir
SE,h8360,6.604623501606599,scr2084,stInflow,reservoir
SE,h8361,6.604623501606599,scr2084,stInflow,reservoir
SE,h8362,6.604623501606599,scr2084,stInflow,reservoir
SE,h8363,6.604623501606599,scr2084,stInflow,reservoir
SE,h8364,6.604623501606599,scr2084,stInflow,reservoir
SE,h8365,6.604623501606599,scr2084,stInflow,reservoir
SE,h8366,6.604623501606599,scr2084,stInflow,reservoir
SE,h8367,6.604623501606599,scr2084,stInflow,reservoir
SE,h8368,6.604623501606599,scr2084,stInflow,reservoir
SE,h8369,6.604623501606599,scr2084,stInflow,reservoir
SE,h8370,6.604623501606599,scr2084,stInflow,reservoir
SE,h8371,6.604623501606599,scr2084,stInflow,reservoir
SE,h8372,6.604623501606599,scr2084,stInflow,reservoir
SE,h8373,6.604623501606599,scr2084,stInflow,reservoir
SE,h8374,6.604623501606599,scr2084,stInflow,reservoir
SE,h8375,6.604623501606599,scr2084,stInflow,reservoir
SE,h8376,6.604623501606599,scr2084,stInflow,reservoir
SE,h8377,6.604623501606599,scr2084,stInflow,reservoir
SE,h8378,6.604623501606599,scr2084,stInflow,reservoir
SE,h8379,6.604623501606599,scr2084,stInflow,reservoir
SE,h8380,6.604623501606599,scr2084,stInflow,reservoir
SE,h8381,6.604623501606599,scr2084,stInflow,reservoir
SE,h8382,6.604623501606599,scr2084,stInflow,reservoir
SE,h8383,6.604623501606599,scr2084,stInflow,reservoir
SE,h8384,6.604623501606599,scr2084,stInflow,reservoir
SE,h8385,6.604623501606599,scr2084,stInflow,reservoir
SE,h8386,6.604623501606599,scr2084,stInflow,reservoir
SE,h8387,6.604623501606599,scr2084,stInflow,reservoir
SE,h8388,6.604623501606599,scr2084,stInflow,reservoir
SE,h8389,6.604623501606599,scr2084,stInflow,reservoir
SE,h8390,6.604623501606599,scr2084,stInflow,reservoir
SE,h8391,6.604623501606599,scr2084,stInflow,reservoir
SE,h8392,6.604623501606599,scr2084,stInflow,reservoir
SE,h8393,6.604623501606599,scr2084,stInflow,reservoir
SE,h8394,6.604623501606599,scr2084,stInflow,reservoir
SE,h8395,6.604623501606599,scr2084,stInflow,reservoir
SE,h8396,6.604623501606599,scr2084,stInflow,reservoir
SE,h8397,6.604623501606599,scr2084,stInflow,reservoir
SE,h8398,6.604623501606599,scr2084,stInflow,reservoir
SE,h8399,6.604623501606599,scr2084,stInflow,reservoir
SE,h8400,6.604623501606599,scr2084,stInflow,reservoir
SE,h8401,6.604623501606599,scr2084,stInflow,reservoir
SE,h8402,6.604623501606599,scr2084,stInflow,reservoir
SE,h8403,6.604623501606599,scr2084,stInflow,reservoir
SE,h8404,6.604623501606599,scr2084,stInflow,reservoir
SE,h8405,6.604623501606599,scr2084,stInflow,reservoir
SE,h8406,6.604623501606599,scr2084,stInflow,reservoir
SE,h8407,6.604623501606599,scr2084,stInflow,reservoir
SE,h8408,6.604623501606599,scr2084,stInflow,reservoir
SE,h8409,6.604623501606599,scr2084,stInflow,reservoir
SE,h8410,6.604623501606599,scr2084,stInflow,reservoir
SE,h8411,6.604623501606599,scr2084,stInflow,reservoir
SE,h8412,6.604623501606599,scr2084,stInflow,reservoir
SE,h8413,6.604623501606599,scr2084,stInflow,reservoir
SE,h8414,6.604623501606599,scr2084,stInflow,reservoir
SE,h8415,6.604623501606599,scr2084,stInflow,reservoir
SE,h8416,6.604623501606599,scr2084,stInflow,reservoir
SE,h8417,6.604623501606599,scr2084,stInflow,reservoir
SE,h8418,6.604623501606599,scr2084,stInflow,reservoir
SE,h8419,6.604623501606599,scr2084,stInflow,reservoir
SE,h8420,6.604623501606599,scr2084,stInflow,reservoir
SE,h8421,6.604623501606599,scr2084,stInflow,reservoir
SE,h8422,6.604623501606599,scr2084,stInflow,reservoir
SE,h8423,6.604623501606599,scr2084,stInflow,reservoir
SE,h8424,6.604623501606599,scr2084,stInflow,reservoir
SE,h8425,6.604623501606599,scr2084,stInflow,reservoir
SE,h8426,6.604623501606599,scr2084,stInflow,reservoir
SE,h8427,6.604623501606599,scr2084,stInflow,reservoir
SE,h8428,6.604623501606599,scr2084,stInflow,reservoir
SE,h8429,6.604623501606599,scr2084,stInflow,reservoir
SE,h8430,6.604623501606599,scr2084,stInflow,reservoir
SE,h8431,6.604623501606599,scr2084,stInflow,reservoir
SE,h8432,6.604623501606599,scr2084,stInflow,reservoir
SE,h8433,6.604623501606599,scr2084,stInflow,reservoir
SE,h8434,6.604623501606599,scr2084,stInflow,reservoir
SE,h8435,6.604623501606599,scr2084,stInflow,reservoir
SE,h8436,6.604623501606599,scr2084,stInflow,reservoir
SE,h8437,6.604623501606599,scr2084,stInflow,reservoir
SE,h8438,6.604623501606599,scr2084,stInflow,reservoir
SE,h8439,6.604623501606599,scr2084,stInflow,reservoir
SE,h8440,6.604623501606599,scr2084,stInflow,reservoir
SE,h8441,6.604623501606599,scr2084,stInflow,reservoir
SE,h8442,6.604623501606599,scr2084,stInflow,reservoir
SE,h8443,6.604623501606599,scr2084,stInflow,reservoir
SE,h8444,6.604623501606599,scr2084,stInflow,reservoir
SE,h8445,6.604623501606599,scr2084,stInflow,reservoir
SE,h8446,6.604623501606599,scr2084,stInflow,reservoir
SE,h8447,6.604623501606599,scr2084,stInflow,reservoir
SE,h8448,6.604623501606599,scr2084,stInflow,reservoir
SE,h8449,6.604121969073285,scr2084,stInflow,reservoir
SE,h8450,6.603620436543777,scr2084,stInflow,reservoir
SE,h8451,6.603118904018081,scr2084,stInflow,reservoir
SE,h8452,6.603118904018081,scr2084,stInflow,reservoir
SE,h8453,6.603118904018081,scr2084,stInflow,reservoir
SE,h8454,6.603118904018081,scr2084,stInflow,reservoir
SE,h8455,6.603118904018081,scr2084,stInflow,reservoir
SE,h8456,6.603118904018081,scr2084,stInflow,reservoir
SE,h8457,6.603118904018081,scr2084,stInflow,reservoir
SE,h8458,6.603118904018081,scr2084,stInflow,reservoir
SE,h8459,6.603118904018081,scr2084,stInflow,reservoir
SE,h8460,6.603118904018081,scr2084,stInflow,reservoir
SE,h8461,6.603118904018081,scr2084,stInflow,reservoir
SE,h8462,6.603118904018081,scr2084,stInflow,reservoir
SE,h8463,6.603118904018081,scr2084,stInflow,reservoir
SE,h8464,6.603118904018081,scr2084,stInflow,reservoir
SE,h8465,6.603118904018081,scr2084,stInflow,reservoir
SE,h8466,6.603118904018081,scr2084,stInflow,reservoir
SE,h8467,6.603118904018081,scr2084,stInflow,reservoir
SE,h8468,6.603118904018081,scr2084,stInflow,reservoir
SE,h8469,6.603118904018081,scr2084,stInflow,reservoir
SE,h8470,6.603118904018081,scr2084,stInflow,reservoir
SE,h8471,6.603118904018081,scr2084,stInflow,reservoir
SE,h8472,6.603118904018081,scr2084,stInflow,reservoir
SE,h8473,6.603118904018081,scr2084,stInflow,reservoir
SE,h8474,6.603118904018081,scr2084,stInflow,reservoir
SE,h8475,6.603118904018081,scr2084,stInflow,reservoir
SE,h8476,6.603118904018081,scr2084,stInflow,reservoir
SE,h8477,6.603118904018081,scr2084,stInflow,reservoir
SE,h8478,6.603118904018081,scr2084,stInflow,reservoir
SE,h8479,6.603118904018081,scr2084,stInflow,reservoir
SE,h8480,6.603118904018081,scr2084,stInflow,reservoir
SE,h8481,6.603118904018081,scr2084,stInflow,reservoir
SE,h8482,6.603118904018081,scr2084,stInflow,reservoir
SE,h8483,6.603118904018081,scr2084,stInflow,reservoir
SE,h8484,6.603118904018081,scr2084,stInflow,reservoir
SE,h8485,6.603118904018081,scr2084,stInflow,reservoir
SE,h8486,6.603118904018081,scr2084,stInflow,reservoir
SE,h8487,6.603118904018081,scr2084,stInflow,reservoir
SE,h8488,6.603118904018081,scr2084,stInflow,reservoir
SE,h8489,6.603118904018081,scr2084,stInflow,reservoir
SE,h8490,6.603118904018081,scr2084,stInflow,reservoir
SE,h8491,6.603118904018081,scr2084,stInflow,reservoir
SE,h8492,6.603118904018081,scr2084,stInflow,reservoir
SE,h8493,6.603118904018081,scr2084,stInflow,reservoir
SE,h8494,6.603118904018081,scr2084,stInflow,reservoir
SE,h8495,6.603118904018081,scr2084,stInflow,reservoir
SE,h8496,6.603118904018081,scr2084,stInflow,reservoir
SE,h8497,6.603118904018081,scr2084,stInflow,reservoir
SE,h8498,6.603118904018081,scr2084,stInflow,reservoir
SE,h8499,6.603118904018081,scr2084,stInflow,reservoir
SE,h8500,6.603118904018081,scr2084,stInflow,reservoir
SE,h8501,6.603118904018081,scr2084,stInflow,reservoir
SE,h8502,6.603118904018081,scr2084,stInflow,reservoir
SE,h8503,6.603118904018081,scr2084,stInflow,reservoir
SE,h8504,6.603118904018081,scr2084,stInflow,reservoir
SE,h8505,6.603118904018081,scr2084,stInflow,reservoir
SE,h8506,6.603118904018081,scr2084,stInflow,reservoir
SE,h8507,6.603118904018081,scr2084,stInflow,reservoir
SE,h8508,6.603118904018081,scr2084,stInflow,reservoir
SE,h8509,6.603118904018081,scr2084,stInflow,reservoir
SE,h8510,6.603118904018081,scr2084,stInflow,reservoir
SE,h8511,6.603118904018081,scr2084,stInflow,reservoir
SE,h8512,6.603118904018081,scr2084,stInflow,reservoir
SE,h8513,6.603118904018081,scr2084,stInflow,reservoir
SE,h8514,6.603118904018081,scr2084,stInflow,reservoir
SE,h8515,6.603118904018081,scr2084,stInflow,reservoir
SE,h8516,6.603118904018081,scr2084,stInflow,reservoir
SE,h8517,6.603118904018081,scr2084,stInflow,reservoir
SE,h8518,6.603118904018081,scr2084,stInflow,reservoir
SE,h8519,6.603118904018081,scr2084,stInflow,reservoir
SE,h8520,6.603118904018081,scr2084,stInflow,reservoir
SE,h8521,6.603118904018081,scr2084,stInflow,reservoir
SE,h8522,6.603118904018081,scr2084,stInflow,reservoir
SE,h8523,6.603118904018081,scr2084,stInflow,reservoir
SE,h8524,6.603118904018081,scr2084,stInflow,reservoir
SE,h8525,6.603118904018081,scr2084,stInflow,reservoir
SE,h8526,6.603118904018081,scr2084,stInflow,reservoir
SE,h8527,6.603118904018081,scr2084,stInflow,reservoir
SE,h8528,6.603118904018081,scr2084,stInflow,reservoir
SE,h8529,6.603118904018081,scr2084,stInflow,reservoir
SE,h8530,6.603118904018081,scr2084,stInflow,reservoir
SE,h8531,6.603118904018081,scr2084,stInflow,reservoir
SE,h8532,6.603118904018081,scr2084,stInflow,reservoir
SE,h8533,6.603118904018081,scr2084,stInflow,reservoir
SE,h8534,6.603118904018081,scr2084,stInflow,reservoir
SE,h8535,6.603118904018081,scr2084,stInflow,reservoir
SE,h8536,6.603118904018081,scr2084,stInflow,reservoir
SE,h8537,6.603118904018081,scr2084,stInflow,reservoir
SE,h8538,6.603118904018081,scr2084,stInflow,reservoir
SE,h8539,6.603118904018081,scr2084,stInflow,reservoir
SE,h8540,6.603118904018081,scr2084,stInflow,reservoir
SE,h8541,6.603118904018081,scr2084,stInflow,reservoir
SE,h8542,6.603118904018081,scr2084,stInflow,reservoir
SE,h8543,6.603118904018081,scr2084,stInflow,reservoir
SE,h8544,6.603118904018081,scr2084,stInflow,reservoir
SE,h8545,6.603118904018081,scr2084,stInflow,reservoir
SE,h8546,6.603118904018081,scr2084,stInflow,reservoir
SE,h8547,6.603118904018081,scr2084,stInflow,reservoir
SE,h8548,6.603118904018081,scr2084,stInflow,reservoir
SE,h8549,6.603118904018081,scr2084,stInflow,reservoir
SE,h8550,6.603118904018081,scr2084,stInflow,reservoir
SE,h8551,6.603118904018081,scr2084,stInflow,reservoir
SE,h8552,6.603118904018081,scr2084,stInflow,reservoir
SE,h8553,6.603118904018081,scr2084,stInflow,reservoir
SE,h8554,6.603118904018081,scr2084,stInflow,reservoir
SE,h8555,6.603118904018081,scr2084,stInflow,reservoir
SE,h8556,6.603118904018081,scr2084,stInflow,reservoir
SE,h8557,6.603118904018081,scr2084,stInflow,reservoir
SE,h8558,6.603118904018081,scr2084,stInflow,reservoir
SE,h8559,6.603118904018081,scr2084,stInflow,reservoir
SE,h8560,6.603118904018081,scr2084,stInflow,reservoir
SE,h8561,6.603118904018081,scr2084,stInflow,reservoir
SE,h8562,6.603118904018081,scr2084,stInflow,reservoir
SE,h8563,6.603118904018081,scr2084,stInflow,reservoir
SE,h8564,6.603118904018081,scr2084,stInflow,reservoir
SE,h8565,6.603118904018081,scr2084,stInflow,reservoir
SE,h8566,6.603118904018081,scr2084,stInflow,reservoir
SE,h8567,6.603118904018081,scr2084,stInflow,reservoir
SE,h8568,6.603118904018081,scr2084,stInflow,reservoir
SE,h8569,6.603118904018081,scr2084,stInflow,reservoir
SE,h8570,6.603118904018081,scr2084,stInflow,reservoir
SE,h8571,6.603118904018081,scr2084,stInflow,reservoir
SE,h8572,6.603118904018081,scr2084,stInflow,reservoir
SE,h8573,6.603118904018081,scr2084,stInflow,reservoir
SE,h8574,6.603118904018081,scr2084,stInflow,reservoir
SE,h8575,6.603118904018081,scr2084,stInflow,reservoir
SE,h8576,6.603118904018081,scr2084,stInflow,reservoir
SE,h8577,6.603118904018081,scr2084,stInflow,reservoir
SE,h8578,6.603118904018081,scr2084,stInflow,reservoir
SE,h8579,6.603118904018081,scr2084,stInflow,reservoir
SE,h8580,6.603118904018081,scr2084,stInflow,reservoir
SE,h8581,6.603118904018081,scr2084,stInflow,reservoir
SE,h8582,6.603118904018081,scr2084,stInflow,reservoir
SE,h8583,6.603118904018081,scr2084,stInflow,reservoir
SE,h8584,6.603118904018081,scr2084,stInflow,reservoir
SE,h8585,6.603118904018081,scr2084,stInflow,reservoir
SE,h8586,6.603118904018081,scr2084,stInflow,reservoir
SE,h8587,6.603118904018081,scr2084,stInflow,reservoir
SE,h8588,6.603118904018081,scr2084,stInflow,reservoir
SE,h8589,6.603118904018081,scr2084,stInflow,reservoir
SE,h8590,6.603118904018081,scr2084,stInflow,reservoir
SE,h8591,6.603118904018081,scr2084,stInflow,reservoir
SE,h8592,6.603118904018081,scr2084,stInflow,reservoir
SE,h8593,6.603118904018081,scr2084,stInflow,reservoir
SE,h8594,6.603118904018081,scr2084,stInflow,reservoir
SE,h8595,6.603118904018081,scr2084,stInflow,reservoir
SE,h8596,6.603118904018081,scr2084,stInflow,reservoir
SE,h8597,6.603118904018081,scr2084,stInflow,reservoir
SE,h8598,6.603118904018081,scr2084,stInflow,reservoir
SE,h8599,6.603118904018081,scr2084,stInflow,reservoir
SE,h8600,6.603118904018081,scr2084,stInflow,reservoir
SE,h8601,6.603118904018081,scr2084,stInflow,reservoir
SE,h8602,6.603118904018081,scr2084,stInflow,reservoir
SE,h8603,6.603118904018081,scr2084,stInflow,reservoir
SE,h8604,6.603118904018081,scr2084,stInflow,reservoir
SE,h8605,6.603118904018081,scr2084,stInflow,reservoir
SE,h8606,6.603118904018081,scr2084,stInflow,reservoir
SE,h8607,6.603118904018081,scr2084,stInflow,reservoir
SE,h8608,6.603118904018081,scr2084,stInflow,reservoir
SE,h8609,6.603118904018081,scr2084,stInflow,reservoir
SE,h8610,6.603118904018081,scr2084,stInflow,reservoir
SE,h8611,6.603118904018081,scr2084,stInflow,reservoir
SE,h8612,6.603118904018081,scr2084,stInflow,reservoir
SE,h8613,6.603118904018081,scr2084,stInflow,reservoir
SE,h8614,6.603118904018081,scr2084,stInflow,reservoir
SE,h8615,6.603118904018081,scr2084,stInflow,reservoir
SE,h8616,6.603118904018081,scr2084,stInflow,reservoir
SE,h8617,6.446422033251169,scr2084,stInflow,reservoir
SE,h8618,6.289725543429682,scr2084,stInflow,reservoir
SE,h8619,6.133029444045565,scr2084,stInflow,reservoir
SE,h8620,6.133029444045565,scr2084,stInflow,reservoir
SE,h8621,6.133029444045565,scr2084,stInflow,reservoir
SE,h8622,6.133029444045565,scr2084,stInflow,reservoir
SE,h8623,6.133029444045565,scr2084,stInflow,reservoir
SE,h8624,6.133029444045565,scr2084,stInflow,reservoir
SE,h8625,6.133029444045565,scr2084,stInflow,reservoir
SE,h8626,6.133029444045565,scr2084,stInflow,reservoir
SE,h8627,6.133029444045565,scr2084,stInflow,reservoir
SE,h8628,6.133029444045565,scr2084,stInflow,reservoir
SE,h8629,6.133029444045565,scr2084,stInflow,reservoir
SE,h8630,6.133029444045565,scr2084,stInflow,reservoir
SE,h8631,6.133029444045565,scr2084,stInflow,reservoir
SE,h8632,6.133029444045565,scr2084,stInflow,reservoir
SE,h8633,6.133029444045565,scr2084,stInflow,reservoir
SE,h8634,6.133029444045565,scr2084,stInflow,reservoir
SE,h8635,6.133029444045565,scr2084,stInflow,reservoir
SE,h8636,6.133029444045565,scr2084,stInflow,reservoir
SE,h8637,6.133029444045565,scr2084,stInflow,reservoir
SE,h8638,6.133029444045565,scr2084,stInflow,reservoir
SE,h8639,6.133029444045565,scr2084,stInflow,reservoir
SE,h8640,6.133029444045565,scr2084,stInflow,reservoir
SE,h8641,6.133029444045565,scr2084,stInflow,reservoir
SE,h8642,6.133029444045565,scr2084,stInflow,reservoir
SE,h8643,6.133029444045565,scr2084,stInflow,reservoir
SE,h8644,6.133029444045565,scr2084,stInflow,reservoir
SE,h8645,6.133029444045565,scr2084,stInflow,reservoir
SE,h8646,6.133029444045565,scr2084,stInflow,reservoir
SE,h8647,6.133029444045565,scr2084,stInflow,reservoir
SE,h8648,6.133029444045565,scr2084,stInflow,reservoir
SE,h8649,6.133029444045565,scr2084,stInflow,reservoir
SE,h8650,6.133029444045565,scr2084,stInflow,reservoir
SE,h8651,6.133029444045565,scr2084,stInflow,reservoir
SE,h8652,6.133029444045565,scr2084,stInflow,reservoir
SE,h8653,6.133029444045565,scr2084,stInflow,reservoir
SE,h8654,6.133029444045565,scr2084,stInflow,reservoir
SE,h8655,6.133029444045565,scr2084,stInflow,reservoir
SE,h8656,6.133029444045565,scr2084,stInflow,reservoir
SE,h8657,6.133029444045565,scr2084,stInflow,reservoir
SE,h8658,6.133029444045565,scr2084,stInflow,reservoir
SE,h8659,6.133029444045565,scr2084,stInflow,reservoir
SE,h8660,6.133029444045565,scr2084,stInflow,reservoir
SE,h8661,6.133029444045565,scr2084,stInflow,reservoir
SE,h8662,6.133029444045565,scr2084,stInflow,reservoir
SE,h8663,6.133029444045565,scr2084,stInflow,reservoir
SE,h8664,6.133029444045565,scr2084,stInflow,reservoir
SE,h8665,6.133029444045565,scr2084,stInflow,reservoir
SE,h8666,6.133029444045565,scr2084,stInflow,reservoir
SE,h8667,6.133029444045565,scr2084,stInflow,reservoir
SE,h8668,6.133029444045565,scr2084,stInflow,reservoir
SE,h8669,6.133029444045565,scr2084,stInflow,reservoir
SE,h8670,6.133029444045565,scr2084,stInflow,reservoir
SE,h8671,6.133029444045565,scr2084,stInflow,reservoir
SE,h8672,6.133029444045565,scr2084,stInflow,reservoir
SE,h8673,6.133029444045565,scr2084,stInflow,reservoir
SE,h8674,6.133029444045565,scr2084,stInflow,reservoir
SE,h8675,6.133029444045565,scr2084,stInflow,reservoir
SE,h8676,6.133029444045565,scr2084,stInflow,reservoir
SE,h8677,6.133029444045565,scr2084,stInflow,reservoir
SE,h8678,6.133029444045565,scr2084,stInflow,reservoir
SE,h8679,6.133029444045565,scr2084,stInflow,reservoir
SE,h8680,6.133029444045565,scr2084,stInflow,reservoir
SE,h8681,6.133029444045565,scr2084,stInflow,reservoir
SE,h8682,6.133029444045565,scr2084,stInflow,reservoir
SE,h8683,6.133029444045565,scr2084,stInflow,reservoir
SE,h8684,6.133029444045565,scr2084,stInflow,reservoir
SE,h8685,6.133029444045565,scr2084,stInflow,reservoir
SE,h8686,6.133029444045565,scr2084,stInflow,reservoir
SE,h8687,6.133029444045565,scr2084,stInflow,reservoir
SE,h8688,6.133029444045565,scr2084,stInflow,reservoir
SE,h8689,6.133029444045565,scr2084,stInflow,reservoir
SE,h8690,6.133029444045565,scr2084,stInflow,reservoir
SE,h8691,6.133029444045565,scr2084,stInflow,reservoir
SE,h8692,6.133029444045565,scr2084,stInflow,reservoir
SE,h8693,6.133029444045565,scr2084,stInflow,reservoir
SE,h8694,6.133029444045565,scr2084,stInflow,reservoir
SE,h8695,6.133029444045565,scr2084,stInflow,reservoir
SE,h8696,6.133029444045565,scr2084,stInflow,reservoir
SE,h8697,6.133029444045565,scr2084,stInflow,reservoir
SE,h8698,6.133029444045565,scr2084,stInflow,reservoir
SE,h8699,6.133029444045565,scr2084,stInflow,reservoir
SE,h8700,6.133029444045565,scr2084,stInflow,reservoir
SE,h8701,6.133029444045565,scr2084,stInflow,reservoir
SE,h8702,6.133029444045565,scr2084,stInflow,reservoir
SE,h8703,6.133029444045565,scr2084,stInflow,reservoir
SE,h8704,6.133029444045565,scr2084,stInflow,reservoir
SE,h8705,6.133029444045565,scr2084,stInflow,reservoir
SE,h8706,6.133029444045565,scr2084,stInflow,reservoir
SE,h8707,6.133029444045565,scr2084,stInflow,reservoir
SE,h8708,6.133029444045565,scr2084,stInflow,reservoir
SE,h8709,6.133029444045565,scr2084,stInflow,reservoir
SE,h8710,6.133029444045565,scr2084,stInflow,reservoir
SE,h8711,6.133029444045565,scr2084,stInflow,reservoir
SE,h8712,6.133029444045565,scr2084,stInflow,reservoir
SE,h8713,6.133029444045565,scr2084,stInflow,reservoir
SE,h8714,6.133029444045565,scr2084,stInflow,reservoir
SE,h8715,6.133029444045565,scr2084,stInflow,reservoir
SE,h8716,6.133029444045565,scr2084,stInflow,reservoir
SE,h8717,6.133029444045565,scr2084,stInflow,reservoir
SE,h8718,6.133029444045565,scr2084,stInflow,reservoir
SE,h8719,6.133029444045565,scr2084,stInflow,reservoir
SE,h8720,6.133029444045565,scr2084,stInflow,reservoir
SE,h8721,6.133029444045565,scr2084,stInflow,reservoir
SE,h8722,6.133029444045565,scr2084,stInflow,reservoir
SE,h8723,6.133029444045565,scr2084,stInflow,reservoir
SE,h8724,6.133029444045565,scr2084,stInflow,reservoir
SE,h8725,6.133029444045565,scr2084,stInflow,reservoir
SE,h8726,6.133029444045565,scr2084,stInflow,reservoir
SE,h8727,6.133029444045565,scr2084,stInflow,reservoir
SE,h8728,6.133029444045565,scr2084,stInflow,reservoir
SE,h8729,6.133029444045565,scr2084,stInflow,reservoir
SE,h8730,6.133029444045565,scr2084,stInflow,reservoir
SE,h8731,6.133029444045565,scr2084,stInflow,reservoir
SE,h8732,6.133029444045565,scr2084,stInflow,reservoir
SE,h8733,6.133029444045565,scr2084,stInflow,reservoir
SE,h8734,6.133029444045565,scr2084,stInflow,reservoir
SE,h8735,6.133029444045565,scr2084,stInflow,reservoir
SE,h8736,6.133029444045565,scr2084,stInflow,reservoir
SE,h8737,6.133029444045565,scr2084,stInflow,reservoir
SE,h8738,6.133029444045565,scr2084,stInflow,reservoir
SE,h8739,6.133029444045565,scr2084,stInflow,reservoir
SE,h8740,6.133029444045565,scr2084,stInflow,reservoir
SE,h8741,6.133029444045565,scr2084,stInflow,reservoir
SE,h8742,6.133029444045565,scr2084,stInflow,reservoir
SE,h8743,6.133029444045565,scr2084,stInflow,reservoir
SE,h8744,6.133029444045565,scr2084,stInflow,reservoir
SE,h8745,6.133029444045565,scr2084,stInflow,reservoir
SE,h8746,6.133029444045565,scr2084,stInflow,reservoir
SE,h8747,6.133029444045565,scr2084,stInflow,reservoir
SE,h8748,6.133029444045565,scr2084,stInflow,reservoir
SE,h8749,6.133029444045565,scr2084,stInflow,reservoir
SE,h8750,6.133029444045565,scr2084,stInflow,reservoir
SE,h8751,6.133029444045565,scr2084,stInflow,reservoir
SE,h8752,6.133029444045565,scr2084,stInflow,reservoir
SE,h8753,6.133029444045565,scr2084,stInflow,reservoir
SE,h8754,6.133029444045565,scr2084,stInflow,reservoir
SE,h8755,6.133029444045565,scr2084,stInflow,reservoir
SE,h8756,6.133029444045565,scr2084,stInflow,reservoir
SE,h8757,6.133029444045565,scr2084,stInflow,reservoir
SE,h8758,6.133029444045565,scr2084,stInflow,reservoir
SE,h8759,6.133029444045565,scr2084,stInflow,reservoir
SE,h8760,6.133029444045565,scr2084,stInflow,reservoir
