region_3,category,timestep_6,value,scenario_1,parameter,technology_3
al,1,h0481,0.0,scr2007,avaConv,pvInd_a
al,1,h0482,0.0,scr2007,avaConv,pvInd_a
al,1,h0483,0.0,scr2007,avaConv,pvInd_a
al,1,h0484,0.0,scr2007,avaConv,pvInd_a
al,1,h0485,0.0,scr2007,avaConv,pvInd_a
al,1,h0486,0.006451919651511276,scr2007,avaConv,pvInd_a
al,1,h0487,0.050491124943928024,scr2007,avaConv,pvInd_a
al,1,h0488,0.15511032231120808,scr2007,avaConv,pvInd_a
al,1,h0489,0.3100120948359982,scr2007,avaConv,pvInd_a
al,1,h0490,0.45705899900586827,scr2007,avaConv,pvInd_a
al,1,h0491,0.5594467971210617,scr2007,avaConv,pvInd_a
al,1,h0492,0.5931152194349799,scr2007,avaConv,pvInd_a
al,1,h0493,0.621538260374553,scr2007,avaConv,pvInd_a
al,1,h0494,0.5922552680003692,scr2007,avaConv,pvInd_a
al,1,h0495,0.5143390008056785,scr2007,avaConv,pvInd_a
al,1,h0496,0.34150849258407884,scr2007,avaConv,pvInd_a
al,1,h0497,0.16718964541275316,scr2007,avaConv,pvInd_a
al,1,h0498,0.05230139731064749,scr2007,avaConv,pvInd_a
al,1,h0499,0.005819424188361414,scr2007,avaConv,pvInd_a
al,1,h0500,0.0,scr2007,avaConv,pvInd_a
al,1,h0501,0.0,scr2007,avaConv,pvInd_a
al,1,h0502,0.0,scr2007,avaConv,pvInd_a
al,1,h0503,0.0,scr2007,avaConv,pvInd_a
al,1,h0504,0.0,scr2007,avaConv,pvInd_a
al,1,h0505,0.0,scr2007,avaConv,pvInd_a
al,1,h0506,0.0,scr2007,avaConv,pvInd_a
al,1,h0507,0.0,scr2007,avaConv,pvInd_a
al,1,h0508,0.0,scr2007,avaConv,pvInd_a
al,1,h0509,0.0,scr2007,avaConv,pvInd_a
al,1,h0510,0.003562428460256026,scr2007,avaConv,pvInd_a
al,1,h0511,0.04659707104006051,scr2007,avaConv,pvInd_a
al,1,h0512,0.15186531442893472,scr2007,avaConv,pvInd_a
al,1,h0513,0.31663602379343053,scr2007,avaConv,pvInd_a
al,1,h0514,0.48278450432378234,scr2007,avaConv,pvInd_a
al,1,h0515,0.6060266078123736,scr2007,avaConv,pvInd_a
al,1,h0516,0.6695754857208169,scr2007,avaConv,pvInd_a
al,1,h0517,0.5354741829037174,scr2007,avaConv,pvInd_a
al,1,h0518,0.35784117193977766,scr2007,avaConv,pvInd_a
al,1,h0519,0.16468965965494686,scr2007,avaConv,pvInd_a
al,1,h0520,0.09291668447946852,scr2007,avaConv,pvInd_a
al,1,h0521,0.037977680974086936,scr2007,avaConv,pvInd_a
al,1,h0522,0.009877442966506103,scr2007,avaConv,pvInd_a
al,1,h0523,0.0,scr2007,avaConv,pvInd_a
al,1,h0524,0.0,scr2007,avaConv,pvInd_a
al,1,h0525,0.0,scr2007,avaConv,pvInd_a
al,1,h0526,0.0,scr2007,avaConv,pvInd_a
al,1,h0527,0.0,scr2007,avaConv,pvInd_a
al,1,h0528,0.0,scr2007,avaConv,pvInd_a
al,1,h0529,0.0,scr2007,avaConv,pvInd_a
al,1,h0530,0.0,scr2007,avaConv,pvInd_a
al,1,h0531,0.0,scr2007,avaConv,pvInd_a
al,1,h0532,0.0,scr2007,avaConv,pvInd_a
al,1,h0533,0.0,scr2007,avaConv,pvInd_a
al,1,h0534,0.0,scr2007,avaConv,pvInd_a
al,1,h0535,0.040738312899211156,scr2007,avaConv,pvInd_a
al,1,h0536,0.15545997394088534,scr2007,avaConv,pvInd_a
al,1,h0537,0.3389747812896647,scr2007,avaConv,pvInd_a
al,1,h0538,0.5120210335999564,scr2007,avaConv,pvInd_a
al,1,h0539,0.6264516589960463,scr2007,avaConv,pvInd_a
al,1,h0540,0.6792686831852183,scr2007,avaConv,pvInd_a
al,1,h0541,0.495452598079031,scr2007,avaConv,pvInd_a
al,1,h0542,0.2831109432641527,scr2007,avaConv,pvInd_a
al,1,h0543,0.07745959946997054,scr2007,avaConv,pvInd_a
al,1,h0544,0.035662417383747105,scr2007,avaConv,pvInd_a
al,1,h0545,0.012169270827525799,scr2007,avaConv,pvInd_a
al,1,h0546,0.001749092257342757,scr2007,avaConv,pvInd_a
al,1,h0547,0.0,scr2007,avaConv,pvInd_a
al,1,h0548,0.0,scr2007,avaConv,pvInd_a
al,1,h0549,0.0,scr2007,avaConv,pvInd_a
al,1,h0550,0.0,scr2007,avaConv,pvInd_a
al,1,h0551,0.0,scr2007,avaConv,pvInd_a
al,1,h0552,0.0,scr2007,avaConv,pvInd_a
at,1,h0481,0.0,scr2007,avaConv,pvInd_a
at,1,h0482,0.0,scr2007,avaConv,pvInd_a
at,1,h0483,0.0,scr2007,avaConv,pvInd_a
at,1,h0484,0.0,scr2007,avaConv,pvInd_a
at,1,h0485,0.0,scr2007,avaConv,pvInd_a
at,1,h0486,0.0013381920071472207,scr2007,avaConv,pvInd_a
at,1,h0487,0.04527167515871783,scr2007,avaConv,pvInd_a
at,1,h0488,0.15541892104858596,scr2007,avaConv,pvInd_a
at,1,h0489,0.3304309391834519,scr2007,avaConv,pvInd_a
at,1,h0490,0.5115646933670237,scr2007,avaConv,pvInd_a
at,1,h0491,0.6514636133383096,scr2007,avaConv,pvInd_a
at,1,h0492,0.7306931637516341,scr2007,avaConv,pvInd_a
at,1,h0493,0.7421720438913331,scr2007,avaConv,pvInd_a
at,1,h0494,0.6972356949368032,scr2007,avaConv,pvInd_a
at,1,h0495,0.5971630631895611,scr2007,avaConv,pvInd_a
at,1,h0496,0.45030573434426957,scr2007,avaConv,pvInd_a
at,1,h0497,0.26985886313266894,scr2007,avaConv,pvInd_a
at,1,h0498,0.11441329142273349,scr2007,avaConv,pvInd_a
at,1,h0499,0.02474532200752609,scr2007,avaConv,pvInd_a
at,1,h0500,0.0,scr2007,avaConv,pvInd_a
at,1,h0501,0.0,scr2007,avaConv,pvInd_a
at,1,h0502,0.0,scr2007,avaConv,pvInd_a
at,1,h0503,0.0,scr2007,avaConv,pvInd_a
at,1,h0504,0.0,scr2007,avaConv,pvInd_a
at,1,h0505,0.0,scr2007,avaConv,pvInd_a
at,1,h0506,0.0,scr2007,avaConv,pvInd_a
at,1,h0507,0.0,scr2007,avaConv,pvInd_a
at,1,h0508,0.0,scr2007,avaConv,pvInd_a
at,1,h0509,0.0,scr2007,avaConv,pvInd_a
at,1,h0510,0.0,scr2007,avaConv,pvInd_a
at,1,h0511,0.010021091508965957,scr2007,avaConv,pvInd_a
at,1,h0512,0.039159111860697496,scr2007,avaConv,pvInd_a
at,1,h0513,0.09516351486907591,scr2007,avaConv,pvInd_a
at,1,h0514,0.1709896749111569,scr2007,avaConv,pvInd_a
at,1,h0515,0.25275014593379125,scr2007,avaConv,pvInd_a
at,1,h0516,0.30533334595823686,scr2007,avaConv,pvInd_a
at,1,h0517,0.36805939424935874,scr2007,avaConv,pvInd_a
at,1,h0518,0.37640451419836546,scr2007,avaConv,pvInd_a
at,1,h0519,0.3500691843183534,scr2007,avaConv,pvInd_a
at,1,h0520,0.24302936325041966,scr2007,avaConv,pvInd_a
at,1,h0521,0.13110522017697102,scr2007,avaConv,pvInd_a
at,1,h0522,0.0488877272683472,scr2007,avaConv,pvInd_a
at,1,h0523,0.007377544556111271,scr2007,avaConv,pvInd_a
at,1,h0524,0.0,scr2007,avaConv,pvInd_a
at,1,h0525,0.0,scr2007,avaConv,pvInd_a
at,1,h0526,0.0,scr2007,avaConv,pvInd_a
at,1,h0527,0.0,scr2007,avaConv,pvInd_a
at,1,h0528,0.0,scr2007,avaConv,pvInd_a
at,1,h0529,0.0,scr2007,avaConv,pvInd_a
at,1,h0530,0.0,scr2007,avaConv,pvInd_a
at,1,h0531,0.0,scr2007,avaConv,pvInd_a
at,1,h0532,0.0,scr2007,avaConv,pvInd_a
at,1,h0533,0.0,scr2007,avaConv,pvInd_a
at,1,h0534,0.0,scr2007,avaConv,pvInd_a
at,1,h0535,0.02659164101291475,scr2007,avaConv,pvInd_a
at,1,h0536,0.11408520393087258,scr2007,avaConv,pvInd_a
at,1,h0537,0.2684250281670839,scr2007,avaConv,pvInd_a
at,1,h0538,0.44491829509409564,scr2007,avaConv,pvInd_a
at,1,h0539,0.581727320109754,scr2007,avaConv,pvInd_a
at,1,h0540,0.6567258600680702,scr2007,avaConv,pvInd_a
at,1,h0541,0.5448777862503326,scr2007,avaConv,pvInd_a
at,1,h0542,0.39015701160548466,scr2007,avaConv,pvInd_a
at,1,h0543,0.20009230294381447,scr2007,avaConv,pvInd_a
at,1,h0544,0.12443563243645585,scr2007,avaConv,pvInd_a
at,1,h0545,0.05466023611010033,scr2007,avaConv,pvInd_a
at,1,h0546,0.015720183049220418,scr2007,avaConv,pvInd_a
at,1,h0547,0.0,scr2007,avaConv,pvInd_a
at,1,h0548,0.0,scr2007,avaConv,pvInd_a
at,1,h0549,0.0,scr2007,avaConv,pvInd_a
at,1,h0550,0.0,scr2007,avaConv,pvInd_a
at,1,h0551,0.0,scr2007,avaConv,pvInd_a
at,1,h0552,0.0,scr2007,avaConv,pvInd_a
ba,1,h0481,0.0,scr2007,avaConv,pvInd_a
ba,1,h0482,0.0,scr2007,avaConv,pvInd_a
ba,1,h0483,0.0,scr2007,avaConv,pvInd_a
ba,1,h0484,0.0,scr2007,avaConv,pvInd_a
ba,1,h0485,0.0,scr2007,avaConv,pvInd_a
ba,1,h0486,0.011464986611440296,scr2007,avaConv,pvInd_a
ba,1,h0487,0.07707076073936124,scr2007,avaConv,pvInd_a
ba,1,h0488,0.2003964325374724,scr2007,avaConv,pvInd_a
ba,1,h0489,0.35963725724300094,scr2007,avaConv,pvInd_a
ba,1,h0490,0.49968328667032286,scr2007,avaConv,pvInd_a
ba,1,h0491,0.5992914859741882,scr2007,avaConv,pvInd_a
ba,1,h0492,0.6564810320009311,scr2007,avaConv,pvInd_a
ba,1,h0493,0.6621484527794762,scr2007,avaConv,pvInd_a
ba,1,h0494,0.6118600614641225,scr2007,avaConv,pvInd_a
ba,1,h0495,0.5063710528835167,scr2007,avaConv,pvInd_a
ba,1,h0496,0.366336165860407,scr2007,avaConv,pvInd_a
ba,1,h0497,0.21373812508056717,scr2007,avaConv,pvInd_a
ba,1,h0498,0.09042673345972327,scr2007,avaConv,pvInd_a
ba,1,h0499,0.019325669298829104,scr2007,avaConv,pvInd_a
ba,1,h0500,0.0,scr2007,avaConv,pvInd_a
ba,1,h0501,0.0,scr2007,avaConv,pvInd_a
ba,1,h0502,0.0,scr2007,avaConv,pvInd_a
ba,1,h0503,0.0,scr2007,avaConv,pvInd_a
ba,1,h0504,0.0,scr2007,avaConv,pvInd_a
ba,1,h0505,0.0,scr2007,avaConv,pvInd_a
ba,1,h0506,0.0,scr2007,avaConv,pvInd_a
ba,1,h0507,0.0,scr2007,avaConv,pvInd_a
ba,1,h0508,0.0,scr2007,avaConv,pvInd_a
ba,1,h0509,0.0,scr2007,avaConv,pvInd_a
ba,1,h0510,0.0,scr2007,avaConv,pvInd_a
ba,1,h0511,0.0660388822714436,scr2007,avaConv,pvInd_a
ba,1,h0512,0.19402390414547008,scr2007,avaConv,pvInd_a
ba,1,h0513,0.3633362236092534,scr2007,avaConv,pvInd_a
ba,1,h0514,0.5139167736360667,scr2007,avaConv,pvInd_a
ba,1,h0515,0.6154278546801092,scr2007,avaConv,pvInd_a
ba,1,h0516,0.6690898120380846,scr2007,avaConv,pvInd_a
ba,1,h0517,0.5259290826818277,scr2007,avaConv,pvInd_a
ba,1,h0518,0.35791730335078226,scr2007,avaConv,pvInd_a
ba,1,h0519,0.1646920273167096,scr2007,avaConv,pvInd_a
ba,1,h0520,0.12408152176635277,scr2007,avaConv,pvInd_a
ba,1,h0521,0.06801398914165632,scr2007,avaConv,pvInd_a
ba,1,h0522,0.02340843681812365,scr2007,avaConv,pvInd_a
ba,1,h0523,0.0009478998729581056,scr2007,avaConv,pvInd_a
ba,1,h0524,0.0,scr2007,avaConv,pvInd_a
ba,1,h0525,0.0,scr2007,avaConv,pvInd_a
ba,1,h0526,0.0,scr2007,avaConv,pvInd_a
ba,1,h0527,0.0,scr2007,avaConv,pvInd_a
ba,1,h0528,0.0,scr2007,avaConv,pvInd_a
ba,1,h0529,0.0,scr2007,avaConv,pvInd_a
ba,1,h0530,0.0,scr2007,avaConv,pvInd_a
ba,1,h0531,0.0,scr2007,avaConv,pvInd_a
ba,1,h0532,0.0,scr2007,avaConv,pvInd_a
ba,1,h0533,0.0,scr2007,avaConv,pvInd_a
ba,1,h0534,0.0,scr2007,avaConv,pvInd_a
ba,1,h0535,0.06496589415704802,scr2007,avaConv,pvInd_a
ba,1,h0536,0.2024471629396935,scr2007,avaConv,pvInd_a
ba,1,h0537,0.3878800283008011,scr2007,avaConv,pvInd_a
ba,1,h0538,0.55488797773483,scr2007,avaConv,pvInd_a
ba,1,h0539,0.6611443682009464,scr2007,avaConv,pvInd_a
ba,1,h0540,0.7113544788355115,scr2007,avaConv,pvInd_a
ba,1,h0541,0.6520085162425675,scr2007,avaConv,pvInd_a
ba,1,h0542,0.5411064996983491,scr2007,avaConv,pvInd_a
ba,1,h0543,0.3825515254452853,scr2007,avaConv,pvInd_a
ba,1,h0544,0.25300908331517447,scr2007,avaConv,pvInd_a
ba,1,h0545,0.12607939222710127,scr2007,avaConv,pvInd_a
ba,1,h0546,0.040993436885159516,scr2007,avaConv,pvInd_a
ba,1,h0547,0.0,scr2007,avaConv,pvInd_a
ba,1,h0548,0.0,scr2007,avaConv,pvInd_a
ba,1,h0549,0.0,scr2007,avaConv,pvInd_a
ba,1,h0550,0.0,scr2007,avaConv,pvInd_a
ba,1,h0551,0.0,scr2007,avaConv,pvInd_a
ba,1,h0552,0.0,scr2007,avaConv,pvInd_a
be,1,h0481,0.0,scr2007,avaConv,pvInd_a
be,1,h0482,0.0,scr2007,avaConv,pvInd_a
be,1,h0483,0.0,scr2007,avaConv,pvInd_a
be,1,h0484,0.0,scr2007,avaConv,pvInd_a
be,1,h0485,0.0,scr2007,avaConv,pvInd_a
be,1,h0486,0.0,scr2007,avaConv,pvInd_a
be,1,h0487,0.0021144063230064862,scr2007,avaConv,pvInd_a
be,1,h0488,0.02446857535569757,scr2007,avaConv,pvInd_a
be,1,h0489,0.08964045621604642,scr2007,avaConv,pvInd_a
be,1,h0490,0.21477047084667125,scr2007,avaConv,pvInd_a
be,1,h0491,0.37807416585526976,scr2007,avaConv,pvInd_a
be,1,h0492,0.5406304354457793,scr2007,avaConv,pvInd_a
be,1,h0493,0.4370772504274703,scr2007,avaConv,pvInd_a
be,1,h0494,0.2608503264954614,scr2007,avaConv,pvInd_a
be,1,h0495,0.08146168171580692,scr2007,avaConv,pvInd_a
be,1,h0496,0.07772086920337103,scr2007,avaConv,pvInd_a
be,1,h0497,0.08034414599607441,scr2007,avaConv,pvInd_a
be,1,h0498,0.055365785350772904,scr2007,avaConv,pvInd_a
be,1,h0499,0.022511431671703434,scr2007,avaConv,pvInd_a
be,1,h0500,0.0029980994727828066,scr2007,avaConv,pvInd_a
be,1,h0501,0.0,scr2007,avaConv,pvInd_a
be,1,h0502,0.0,scr2007,avaConv,pvInd_a
be,1,h0503,0.0,scr2007,avaConv,pvInd_a
be,1,h0504,0.0,scr2007,avaConv,pvInd_a
be,1,h0505,0.0,scr2007,avaConv,pvInd_a
be,1,h0506,0.0,scr2007,avaConv,pvInd_a
be,1,h0507,0.0,scr2007,avaConv,pvInd_a
be,1,h0508,0.0,scr2007,avaConv,pvInd_a
be,1,h0509,0.0,scr2007,avaConv,pvInd_a
be,1,h0510,0.0,scr2007,avaConv,pvInd_a
be,1,h0511,0.0,scr2007,avaConv,pvInd_a
be,1,h0512,0.005615044414853304,scr2007,avaConv,pvInd_a
be,1,h0513,0.030853168032535832,scr2007,avaConv,pvInd_a
be,1,h0514,0.08618019405434285,scr2007,avaConv,pvInd_a
be,1,h0515,0.1532701077930016,scr2007,avaConv,pvInd_a
be,1,h0516,0.2135864869445616,scr2007,avaConv,pvInd_a
be,1,h0517,0.38432739605204047,scr2007,avaConv,pvInd_a
be,1,h0518,0.5263682579076117,scr2007,avaConv,pvInd_a
be,1,h0519,0.6111350623531994,scr2007,avaConv,pvInd_a
be,1,h0520,0.4763428065323167,scr2007,avaConv,pvInd_a
be,1,h0521,0.2959381439347576,scr2007,avaConv,pvInd_a
be,1,h0522,0.12470702926799251,scr2007,avaConv,pvInd_a
be,1,h0523,0.02865404050118826,scr2007,avaConv,pvInd_a
be,1,h0524,0.0,scr2007,avaConv,pvInd_a
be,1,h0525,0.0,scr2007,avaConv,pvInd_a
be,1,h0526,0.0,scr2007,avaConv,pvInd_a
be,1,h0527,0.0,scr2007,avaConv,pvInd_a
be,1,h0528,0.0,scr2007,avaConv,pvInd_a
be,1,h0529,0.0,scr2007,avaConv,pvInd_a
be,1,h0530,0.0,scr2007,avaConv,pvInd_a
be,1,h0531,0.0,scr2007,avaConv,pvInd_a
be,1,h0532,0.0,scr2007,avaConv,pvInd_a
be,1,h0533,0.0,scr2007,avaConv,pvInd_a
be,1,h0534,0.0,scr2007,avaConv,pvInd_a
be,1,h0535,0.0,scr2007,avaConv,pvInd_a
be,1,h0536,0.0032762320958174885,scr2007,avaConv,pvInd_a
be,1,h0537,0.015260894943855591,scr2007,avaConv,pvInd_a
be,1,h0538,0.035750305971468485,scr2007,avaConv,pvInd_a
be,1,h0539,0.057860423594293275,scr2007,avaConv,pvInd_a
be,1,h0540,0.07977737866222197,scr2007,avaConv,pvInd_a
be,1,h0541,0.26062509292760094,scr2007,avaConv,pvInd_a
be,1,h0542,0.4363789949808296,scr2007,avaConv,pvInd_a
be,1,h0543,0.5594799818643573,scr2007,avaConv,pvInd_a
be,1,h0544,0.41446059236644395,scr2007,avaConv,pvInd_a
be,1,h0545,0.2350057325585031,scr2007,avaConv,pvInd_a
be,1,h0546,0.08893580992410732,scr2007,avaConv,pvInd_a
be,1,h0547,0.016940203770429305,scr2007,avaConv,pvInd_a
be,1,h0548,0.0,scr2007,avaConv,pvInd_a
be,1,h0549,0.0,scr2007,avaConv,pvInd_a
be,1,h0550,0.0,scr2007,avaConv,pvInd_a
be,1,h0551,0.0,scr2007,avaConv,pvInd_a
be,1,h0552,0.0,scr2007,avaConv,pvInd_a
bg,1,h0481,0.0,scr2007,avaConv,pvInd_a
bg,1,h0482,0.0,scr2007,avaConv,pvInd_a
bg,1,h0483,0.0,scr2007,avaConv,pvInd_a
bg,1,h0484,0.0,scr2007,avaConv,pvInd_a
bg,1,h0485,0.0,scr2007,avaConv,pvInd_a
bg,1,h0486,0.018577616546301516,scr2007,avaConv,pvInd_a
bg,1,h0487,0.029610069945087168,scr2007,avaConv,pvInd_a
bg,1,h0488,0.05614562570408832,scr2007,avaConv,pvInd_a
bg,1,h0489,0.0727988174172534,scr2007,avaConv,pvInd_a
bg,1,h0490,0.11223689672169047,scr2007,avaConv,pvInd_a
bg,1,h0491,0.15434233360851554,scr2007,avaConv,pvInd_a
bg,1,h0492,0.19740544252494777,scr2007,avaConv,pvInd_a
bg,1,h0493,0.37093010723039666,scr2007,avaConv,pvInd_a
bg,1,h0494,0.4870177699496855,scr2007,avaConv,pvInd_a
bg,1,h0495,0.5244522295132708,scr2007,avaConv,pvInd_a
bg,1,h0496,0.3378449934884492,scr2007,avaConv,pvInd_a
bg,1,h0497,0.15413855091079062,scr2007,avaConv,pvInd_a
bg,1,h0498,0.04092471946764293,scr2007,avaConv,pvInd_a
bg,1,h0499,0.0011176955300601923,scr2007,avaConv,pvInd_a
bg,1,h0500,0.0,scr2007,avaConv,pvInd_a
bg,1,h0501,0.0,scr2007,avaConv,pvInd_a
bg,1,h0502,0.0,scr2007,avaConv,pvInd_a
bg,1,h0503,0.0,scr2007,avaConv,pvInd_a
bg,1,h0504,0.0,scr2007,avaConv,pvInd_a
bg,1,h0505,0.0,scr2007,avaConv,pvInd_a
bg,1,h0506,0.0,scr2007,avaConv,pvInd_a
bg,1,h0507,0.0,scr2007,avaConv,pvInd_a
bg,1,h0508,0.0,scr2007,avaConv,pvInd_a
bg,1,h0509,0.0,scr2007,avaConv,pvInd_a
bg,1,h0510,0.01053277350525769,scr2007,avaConv,pvInd_a
bg,1,h0511,0.0844435034243083,scr2007,avaConv,pvInd_a
bg,1,h0512,0.2391037757230947,scr2007,avaConv,pvInd_a
bg,1,h0513,0.441544956373504,scr2007,avaConv,pvInd_a
bg,1,h0514,0.6102904516076174,scr2007,avaConv,pvInd_a
bg,1,h0515,0.7110260272037301,scr2007,avaConv,pvInd_a
bg,1,h0516,0.7497950317498752,scr2007,avaConv,pvInd_a
bg,1,h0517,0.5714554874877803,scr2007,avaConv,pvInd_a
bg,1,h0518,0.36638737397291954,scr2007,avaConv,pvInd_a
bg,1,h0519,0.15345782857451343,scr2007,avaConv,pvInd_a
bg,1,h0520,0.08420099765437802,scr2007,avaConv,pvInd_a
bg,1,h0521,0.031612915752714445,scr2007,avaConv,pvInd_a
bg,1,h0522,0.005952366400164996,scr2007,avaConv,pvInd_a
bg,1,h0523,0.0,scr2007,avaConv,pvInd_a
bg,1,h0524,0.0,scr2007,avaConv,pvInd_a
bg,1,h0525,0.0,scr2007,avaConv,pvInd_a
bg,1,h0526,0.0,scr2007,avaConv,pvInd_a
bg,1,h0527,0.0,scr2007,avaConv,pvInd_a
bg,1,h0528,0.0,scr2007,avaConv,pvInd_a
bg,1,h0529,0.0,scr2007,avaConv,pvInd_a
bg,1,h0530,0.0,scr2007,avaConv,pvInd_a
bg,1,h0531,0.0,scr2007,avaConv,pvInd_a
bg,1,h0532,0.0,scr2007,avaConv,pvInd_a
bg,1,h0533,0.0,scr2007,avaConv,pvInd_a
bg,1,h0534,0.003269671734677617,scr2007,avaConv,pvInd_a
bg,1,h0535,0.06972408318593144,scr2007,avaConv,pvInd_a
bg,1,h0536,0.2182551140155406,scr2007,avaConv,pvInd_a
bg,1,h0537,0.428427773060081,scr2007,avaConv,pvInd_a
bg,1,h0538,0.6022327518481527,scr2007,avaConv,pvInd_a
bg,1,h0539,0.7049221113019088,scr2007,avaConv,pvInd_a
bg,1,h0540,0.7417615934427053,scr2007,avaConv,pvInd_a
bg,1,h0541,0.5167282799026549,scr2007,avaConv,pvInd_a
bg,1,h0542,0.28632777305371276,scr2007,avaConv,pvInd_a
bg,1,h0543,0.0685228957156254,scr2007,avaConv,pvInd_a
bg,1,h0544,0.03540854664117633,scr2007,avaConv,pvInd_a
bg,1,h0545,0.010869746411326936,scr2007,avaConv,pvInd_a
bg,1,h0546,0.0009288448509486027,scr2007,avaConv,pvInd_a
bg,1,h0547,0.0,scr2007,avaConv,pvInd_a
bg,1,h0548,0.0,scr2007,avaConv,pvInd_a
bg,1,h0549,0.0,scr2007,avaConv,pvInd_a
bg,1,h0550,0.0,scr2007,avaConv,pvInd_a
bg,1,h0551,0.0,scr2007,avaConv,pvInd_a
bg,1,h0552,0.0,scr2007,avaConv,pvInd_a
ch,1,h0481,0.0,scr2007,avaConv,pvInd_a
ch,1,h0482,0.0,scr2007,avaConv,pvInd_a
ch,1,h0483,0.0,scr2007,avaConv,pvInd_a
ch,1,h0484,0.0,scr2007,avaConv,pvInd_a
ch,1,h0485,0.0,scr2007,avaConv,pvInd_a
ch,1,h0486,0.0,scr2007,avaConv,pvInd_a
ch,1,h0487,0.016042205812489094,scr2007,avaConv,pvInd_a
ch,1,h0488,0.08745723749142836,scr2007,avaConv,pvInd_a
ch,1,h0489,0.23227027536543016,scr2007,avaConv,pvInd_a
ch,1,h0490,0.42882764466882184,scr2007,avaConv,pvInd_a
ch,1,h0491,0.6092097117313244,scr2007,avaConv,pvInd_a
ch,1,h0492,0.7289234113730845,scr2007,avaConv,pvInd_a
ch,1,h0493,0.7493186302662372,scr2007,avaConv,pvInd_a
ch,1,h0494,0.6911868714889094,scr2007,avaConv,pvInd_a
ch,1,h0495,0.5748460413131512,scr2007,avaConv,pvInd_a
ch,1,h0496,0.44691450846950737,scr2007,avaConv,pvInd_a
ch,1,h0497,0.30116189642613506,scr2007,avaConv,pvInd_a
ch,1,h0498,0.1563383630488839,scr2007,avaConv,pvInd_a
ch,1,h0499,0.051503570792202386,scr2007,avaConv,pvInd_a
ch,1,h0500,0.003669049131278344,scr2007,avaConv,pvInd_a
ch,1,h0501,0.0,scr2007,avaConv,pvInd_a
ch,1,h0502,0.0,scr2007,avaConv,pvInd_a
ch,1,h0503,0.0,scr2007,avaConv,pvInd_a
ch,1,h0504,0.0,scr2007,avaConv,pvInd_a
ch,1,h0505,0.0,scr2007,avaConv,pvInd_a
ch,1,h0506,0.0,scr2007,avaConv,pvInd_a
ch,1,h0507,0.0,scr2007,avaConv,pvInd_a
ch,1,h0508,0.0,scr2007,avaConv,pvInd_a
ch,1,h0509,0.0,scr2007,avaConv,pvInd_a
ch,1,h0510,0.0,scr2007,avaConv,pvInd_a
ch,1,h0511,0.00034668079294199915,scr2007,avaConv,pvInd_a
ch,1,h0512,0.006609827518961627,scr2007,avaConv,pvInd_a
ch,1,h0513,0.029989932683798702,scr2007,avaConv,pvInd_a
ch,1,h0514,0.09362745818700102,scr2007,avaConv,pvInd_a
ch,1,h0515,0.190287161748347,scr2007,avaConv,pvInd_a
ch,1,h0516,0.28566677260482926,scr2007,avaConv,pvInd_a
ch,1,h0517,0.43581058977609805,scr2007,avaConv,pvInd_a
ch,1,h0518,0.5304628627316873,scr2007,avaConv,pvInd_a
ch,1,h0519,0.5653215509585371,scr2007,avaConv,pvInd_a
ch,1,h0520,0.44819332586925376,scr2007,avaConv,pvInd_a
ch,1,h0521,0.2878484816127832,scr2007,avaConv,pvInd_a
ch,1,h0522,0.13408023242966527,scr2007,avaConv,pvInd_a
ch,1,h0523,0.036923592355196974,scr2007,avaConv,pvInd_a
ch,1,h0524,0.0,scr2007,avaConv,pvInd_a
ch,1,h0525,0.0,scr2007,avaConv,pvInd_a
ch,1,h0526,0.0,scr2007,avaConv,pvInd_a
ch,1,h0527,0.0,scr2007,avaConv,pvInd_a
ch,1,h0528,0.0,scr2007,avaConv,pvInd_a
ch,1,h0529,0.0,scr2007,avaConv,pvInd_a
ch,1,h0530,0.0,scr2007,avaConv,pvInd_a
ch,1,h0531,0.0,scr2007,avaConv,pvInd_a
ch,1,h0532,0.0,scr2007,avaConv,pvInd_a
ch,1,h0533,0.0,scr2007,avaConv,pvInd_a
ch,1,h0534,0.0,scr2007,avaConv,pvInd_a
ch,1,h0535,0.0,scr2007,avaConv,pvInd_a
ch,1,h0536,0.04509994769871513,scr2007,avaConv,pvInd_a
ch,1,h0537,0.15583896303014746,scr2007,avaConv,pvInd_a
ch,1,h0538,0.31460384620830084,scr2007,avaConv,pvInd_a
ch,1,h0539,0.4611562151259176,scr2007,avaConv,pvInd_a
ch,1,h0540,0.5657511940175358,scr2007,avaConv,pvInd_a
ch,1,h0541,0.6526255972374835,scr2007,avaConv,pvInd_a
ch,1,h0542,0.686508072182888,scr2007,avaConv,pvInd_a
ch,1,h0543,0.6459979128927398,scr2007,avaConv,pvInd_a
ch,1,h0544,0.504545155476348,scr2007,avaConv,pvInd_a
ch,1,h0545,0.3109614033520427,scr2007,avaConv,pvInd_a
ch,1,h0546,0.13556006092425027,scr2007,avaConv,pvInd_a
ch,1,h0547,0.03219806413924833,scr2007,avaConv,pvInd_a
ch,1,h0548,0.0,scr2007,avaConv,pvInd_a
ch,1,h0549,0.0,scr2007,avaConv,pvInd_a
ch,1,h0550,0.0,scr2007,avaConv,pvInd_a
ch,1,h0551,0.0,scr2007,avaConv,pvInd_a
ch,1,h0552,0.0,scr2007,avaConv,pvInd_a
cz,1,h0481,0.0,scr2007,avaConv,pvInd_a
cz,1,h0482,0.0,scr2007,avaConv,pvInd_a
cz,1,h0483,0.0,scr2007,avaConv,pvInd_a
cz,1,h0484,0.0,scr2007,avaConv,pvInd_a
cz,1,h0485,0.0,scr2007,avaConv,pvInd_a
cz,1,h0486,0.0009665888806665293,scr2007,avaConv,pvInd_a
cz,1,h0487,0.03892167512918705,scr2007,avaConv,pvInd_a
cz,1,h0488,0.1423108912535833,scr2007,avaConv,pvInd_a
cz,1,h0489,0.3137307375511534,scr2007,avaConv,pvInd_a
cz,1,h0490,0.49444493042969695,scr2007,avaConv,pvInd_a
cz,1,h0491,0.6350849496662427,scr2007,avaConv,pvInd_a
cz,1,h0492,0.7160443797702368,scr2007,avaConv,pvInd_a
cz,1,h0493,0.7306627249912795,scr2007,avaConv,pvInd_a
cz,1,h0494,0.6866437187001726,scr2007,avaConv,pvInd_a
cz,1,h0495,0.5838387774831096,scr2007,avaConv,pvInd_a
cz,1,h0496,0.4316748457212889,scr2007,avaConv,pvInd_a
cz,1,h0497,0.2505372294006976,scr2007,avaConv,pvInd_a
cz,1,h0498,0.10085138752770113,scr2007,avaConv,pvInd_a
cz,1,h0499,0.02011687380032165,scr2007,avaConv,pvInd_a
cz,1,h0500,0.0,scr2007,avaConv,pvInd_a
cz,1,h0501,0.0,scr2007,avaConv,pvInd_a
cz,1,h0502,0.0,scr2007,avaConv,pvInd_a
cz,1,h0503,0.0,scr2007,avaConv,pvInd_a
cz,1,h0504,0.0,scr2007,avaConv,pvInd_a
cz,1,h0505,0.0,scr2007,avaConv,pvInd_a
cz,1,h0506,0.0,scr2007,avaConv,pvInd_a
cz,1,h0507,0.0,scr2007,avaConv,pvInd_a
cz,1,h0508,0.0,scr2007,avaConv,pvInd_a
cz,1,h0509,0.0,scr2007,avaConv,pvInd_a
cz,1,h0510,0.0,scr2007,avaConv,pvInd_a
cz,1,h0511,0.00405242656649647,scr2007,avaConv,pvInd_a
cz,1,h0512,0.02016309791096914,scr2007,avaConv,pvInd_a
cz,1,h0513,0.05353203722970988,scr2007,avaConv,pvInd_a
cz,1,h0514,0.10616567613948283,scr2007,avaConv,pvInd_a
cz,1,h0515,0.16640782167516785,scr2007,avaConv,pvInd_a
cz,1,h0516,0.22336672877347993,scr2007,avaConv,pvInd_a
cz,1,h0517,0.24941475909805527,scr2007,avaConv,pvInd_a
cz,1,h0518,0.23249466742301922,scr2007,avaConv,pvInd_a
cz,1,h0519,0.17888604504942227,scr2007,avaConv,pvInd_a
cz,1,h0520,0.11390846568609983,scr2007,avaConv,pvInd_a
cz,1,h0521,0.0554363869969718,scr2007,avaConv,pvInd_a
cz,1,h0522,0.01886927795780325,scr2007,avaConv,pvInd_a
cz,1,h0523,0.0016934461706015135,scr2007,avaConv,pvInd_a
cz,1,h0524,0.0,scr2007,avaConv,pvInd_a
cz,1,h0525,0.0,scr2007,avaConv,pvInd_a
cz,1,h0526,0.0,scr2007,avaConv,pvInd_a
cz,1,h0527,0.0,scr2007,avaConv,pvInd_a
cz,1,h0528,0.0,scr2007,avaConv,pvInd_a
cz,1,h0529,0.0,scr2007,avaConv,pvInd_a
cz,1,h0530,0.0,scr2007,avaConv,pvInd_a
cz,1,h0531,0.0,scr2007,avaConv,pvInd_a
cz,1,h0532,0.0,scr2007,avaConv,pvInd_a
cz,1,h0533,0.0,scr2007,avaConv,pvInd_a
cz,1,h0534,0.0,scr2007,avaConv,pvInd_a
cz,1,h0535,0.020398866168850168,scr2007,avaConv,pvInd_a
cz,1,h0536,0.09173051815567775,scr2007,avaConv,pvInd_a
cz,1,h0537,0.22641583995127146,scr2007,avaConv,pvInd_a
cz,1,h0538,0.3967236208943246,scr2007,avaConv,pvInd_a
cz,1,h0539,0.5472714661502184,scr2007,avaConv,pvInd_a
cz,1,h0540,0.6404887635976463,scr2007,avaConv,pvInd_a
cz,1,h0541,0.5401760088435447,scr2007,avaConv,pvInd_a
cz,1,h0542,0.3869169723697154,scr2007,avaConv,pvInd_a
cz,1,h0543,0.20273798828259598,scr2007,avaConv,pvInd_a
cz,1,h0544,0.12310700604664891,scr2007,avaConv,pvInd_a
cz,1,h0545,0.05238111903615838,scr2007,avaConv,pvInd_a
cz,1,h0546,0.01276214298989461,scr2007,avaConv,pvInd_a
cz,1,h0547,0.0,scr2007,avaConv,pvInd_a
cz,1,h0548,0.0,scr2007,avaConv,pvInd_a
cz,1,h0549,0.0,scr2007,avaConv,pvInd_a
cz,1,h0550,0.0,scr2007,avaConv,pvInd_a
cz,1,h0551,0.0,scr2007,avaConv,pvInd_a
cz,1,h0552,0.0,scr2007,avaConv,pvInd_a
de,1,h0481,0.0,scr2007,avaConv,pvInd_a
de,1,h0482,0.0,scr2007,avaConv,pvInd_a
de,1,h0483,0.0,scr2007,avaConv,pvInd_a
de,1,h0484,0.0,scr2007,avaConv,pvInd_a
de,1,h0485,0.0,scr2007,avaConv,pvInd_a
de,1,h0486,0.0,scr2007,avaConv,pvInd_a
de,1,h0487,0.016960166207721283,scr2007,avaConv,pvInd_a
de,1,h0488,0.07297899324706827,scr2007,avaConv,pvInd_a
de,1,h0489,0.1733974267033906,scr2007,avaConv,pvInd_a
de,1,h0490,0.29240020830848046,scr2007,avaConv,pvInd_a
de,1,h0491,0.394213789183041,scr2007,avaConv,pvInd_a
de,1,h0492,0.46134908213745435,scr2007,avaConv,pvInd_a
de,1,h0493,0.4829753163110013,scr2007,avaConv,pvInd_a
de,1,h0494,0.4596509645071576,scr2007,avaConv,pvInd_a
de,1,h0495,0.39401869128085476,scr2007,avaConv,pvInd_a
de,1,h0496,0.29821048494381885,scr2007,avaConv,pvInd_a
de,1,h0497,0.18672285983384235,scr2007,avaConv,pvInd_a
de,1,h0498,0.08499607180806143,scr2007,avaConv,pvInd_a
de,1,h0499,0.02317189096892085,scr2007,avaConv,pvInd_a
de,1,h0500,0.0,scr2007,avaConv,pvInd_a
de,1,h0501,0.0,scr2007,avaConv,pvInd_a
de,1,h0502,0.0,scr2007,avaConv,pvInd_a
de,1,h0503,0.0,scr2007,avaConv,pvInd_a
de,1,h0504,0.0,scr2007,avaConv,pvInd_a
de,1,h0505,0.0,scr2007,avaConv,pvInd_a
de,1,h0506,0.0,scr2007,avaConv,pvInd_a
de,1,h0507,0.0,scr2007,avaConv,pvInd_a
de,1,h0508,0.0,scr2007,avaConv,pvInd_a
de,1,h0509,0.0,scr2007,avaConv,pvInd_a
de,1,h0510,0.0,scr2007,avaConv,pvInd_a
de,1,h0511,0.0029588317387260385,scr2007,avaConv,pvInd_a
de,1,h0512,0.020318345384766616,scr2007,avaConv,pvInd_a
de,1,h0513,0.05599563577569445,scr2007,avaConv,pvInd_a
de,1,h0514,0.10731766561325871,scr2007,avaConv,pvInd_a
de,1,h0515,0.16531292011203114,scr2007,avaConv,pvInd_a
de,1,h0516,0.22076480093629805,scr2007,avaConv,pvInd_a
de,1,h0517,0.2928799991861213,scr2007,avaConv,pvInd_a
de,1,h0518,0.3271255968910494,scr2007,avaConv,pvInd_a
de,1,h0519,0.31848818160787223,scr2007,avaConv,pvInd_a
de,1,h0520,0.23959294300557632,scr2007,avaConv,pvInd_a
de,1,h0521,0.1442257289559134,scr2007,avaConv,pvInd_a
de,1,h0522,0.06177942347181703,scr2007,avaConv,pvInd_a
de,1,h0523,0.01422200840622847,scr2007,avaConv,pvInd_a
de,1,h0524,0.0,scr2007,avaConv,pvInd_a
de,1,h0525,0.0,scr2007,avaConv,pvInd_a
de,1,h0526,0.0,scr2007,avaConv,pvInd_a
de,1,h0527,0.0,scr2007,avaConv,pvInd_a
de,1,h0528,0.0,scr2007,avaConv,pvInd_a
de,1,h0529,0.0,scr2007,avaConv,pvInd_a
de,1,h0530,0.0,scr2007,avaConv,pvInd_a
de,1,h0531,0.0,scr2007,avaConv,pvInd_a
de,1,h0532,0.0,scr2007,avaConv,pvInd_a
de,1,h0533,0.0,scr2007,avaConv,pvInd_a
de,1,h0534,0.0,scr2007,avaConv,pvInd_a
de,1,h0535,0.0010063632523346728,scr2007,avaConv,pvInd_a
de,1,h0536,0.02865403378649012,scr2007,avaConv,pvInd_a
de,1,h0537,0.09330240408106354,scr2007,avaConv,pvInd_a
de,1,h0538,0.188031922186241,scr2007,avaConv,pvInd_a
de,1,h0539,0.2705121764795477,scr2007,avaConv,pvInd_a
de,1,h0540,0.3137188486935399,scr2007,avaConv,pvInd_a
de,1,h0541,0.30725339147529745,scr2007,avaConv,pvInd_a
de,1,h0542,0.2693392626984668,scr2007,avaConv,pvInd_a
de,1,h0543,0.21128799953424712,scr2007,avaConv,pvInd_a
de,1,h0544,0.1468095611535207,scr2007,avaConv,pvInd_a
de,1,h0545,0.07741923436270762,scr2007,avaConv,pvInd_a
de,1,h0546,0.02764248711589747,scr2007,avaConv,pvInd_a
de,1,h0547,0.002705094424593996,scr2007,avaConv,pvInd_a
de,1,h0548,0.0,scr2007,avaConv,pvInd_a
de,1,h0549,0.0,scr2007,avaConv,pvInd_a
de,1,h0550,0.0,scr2007,avaConv,pvInd_a
de,1,h0551,0.0,scr2007,avaConv,pvInd_a
de,1,h0552,0.0,scr2007,avaConv,pvInd_a
dk_e,1,h0481,0.0,scr2007,avaConv,pvInd_a
dk_e,1,h0482,0.0,scr2007,avaConv,pvInd_a
dk_e,1,h0483,0.0,scr2007,avaConv,pvInd_a
dk_e,1,h0484,0.0,scr2007,avaConv,pvInd_a
dk_e,1,h0485,0.0,scr2007,avaConv,pvInd_a
dk_e,1,h0486,0.0,scr2007,avaConv,pvInd_a
dk_e,1,h0487,0.012029350524384134,scr2007,avaConv,pvInd_a
dk_e,1,h0488,0.05984195784716908,scr2007,avaConv,pvInd_a
dk_e,1,h0489,0.15332261526891017,scr2007,avaConv,pvInd_a
dk_e,1,h0490,0.2770989296179699,scr2007,avaConv,pvInd_a
dk_e,1,h0491,0.37593341120401585,scr2007,avaConv,pvInd_a
dk_e,1,h0492,0.41261987520759513,scr2007,avaConv,pvInd_a
dk_e,1,h0493,0.47569542566265743,scr2007,avaConv,pvInd_a
dk_e,1,h0494,0.502190983920299,scr2007,avaConv,pvInd_a
dk_e,1,h0495,0.5003025789506287,scr2007,avaConv,pvInd_a
dk_e,1,h0496,0.3692384549822323,scr2007,avaConv,pvInd_a
dk_e,1,h0497,0.21501187870185565,scr2007,avaConv,pvInd_a
dk_e,1,h0498,0.0867451577220564,scr2007,avaConv,pvInd_a
dk_e,1,h0499,0.01919928204974187,scr2007,avaConv,pvInd_a
dk_e,1,h0500,0.0,scr2007,avaConv,pvInd_a
dk_e,1,h0501,0.0,scr2007,avaConv,pvInd_a
dk_e,1,h0502,0.0,scr2007,avaConv,pvInd_a
dk_e,1,h0503,0.0,scr2007,avaConv,pvInd_a
dk_e,1,h0504,0.0,scr2007,avaConv,pvInd_a
dk_e,1,h0505,0.0,scr2007,avaConv,pvInd_a
dk_e,1,h0506,0.0,scr2007,avaConv,pvInd_a
dk_e,1,h0507,0.0,scr2007,avaConv,pvInd_a
dk_e,1,h0508,0.0,scr2007,avaConv,pvInd_a
dk_e,1,h0509,0.0,scr2007,avaConv,pvInd_a
dk_e,1,h0510,0.0,scr2007,avaConv,pvInd_a
dk_e,1,h0511,0.008801283169013983,scr2007,avaConv,pvInd_a
dk_e,1,h0512,0.054110533438317565,scr2007,avaConv,pvInd_a
dk_e,1,h0513,0.14075121314762232,scr2007,avaConv,pvInd_a
dk_e,1,h0514,0.2331039858567529,scr2007,avaConv,pvInd_a
dk_e,1,h0515,0.27849553419239165,scr2007,avaConv,pvInd_a
dk_e,1,h0516,0.2761523196436656,scr2007,avaConv,pvInd_a
dk_e,1,h0517,0.2297362859012153,scr2007,avaConv,pvInd_a
dk_e,1,h0518,0.19093177773797457,scr2007,avaConv,pvInd_a
dk_e,1,h0519,0.15027614239574014,scr2007,avaConv,pvInd_a
dk_e,1,h0520,0.11646649787519471,scr2007,avaConv,pvInd_a
dk_e,1,h0521,0.06476032299262094,scr2007,avaConv,pvInd_a
dk_e,1,h0522,0.021664182518192875,scr2007,avaConv,pvInd_a
dk_e,1,h0523,0.0018112690025432348,scr2007,avaConv,pvInd_a
dk_e,1,h0524,0.0,scr2007,avaConv,pvInd_a
dk_e,1,h0525,0.0,scr2007,avaConv,pvInd_a
dk_e,1,h0526,0.0,scr2007,avaConv,pvInd_a
dk_e,1,h0527,0.0,scr2007,avaConv,pvInd_a
dk_e,1,h0528,0.0,scr2007,avaConv,pvInd_a
dk_e,1,h0529,0.0,scr2007,avaConv,pvInd_a
dk_e,1,h0530,0.0,scr2007,avaConv,pvInd_a
dk_e,1,h0531,0.0,scr2007,avaConv,pvInd_a
dk_e,1,h0532,0.0,scr2007,avaConv,pvInd_a
dk_e,1,h0533,0.0,scr2007,avaConv,pvInd_a
dk_e,1,h0534,0.0,scr2007,avaConv,pvInd_a
dk_e,1,h0535,0.0,scr2007,avaConv,pvInd_a
dk_e,1,h0536,0.0021479433081976152,scr2007,avaConv,pvInd_a
dk_e,1,h0537,0.009733705542324823,scr2007,avaConv,pvInd_a
dk_e,1,h0538,0.02430809687825891,scr2007,avaConv,pvInd_a
dk_e,1,h0539,0.04040441207241727,scr2007,avaConv,pvInd_a
dk_e,1,h0540,0.050575713467915805,scr2007,avaConv,pvInd_a
dk_e,1,h0541,0.07733802814230624,scr2007,avaConv,pvInd_a
dk_e,1,h0542,0.08505202158709782,scr2007,avaConv,pvInd_a
dk_e,1,h0543,0.08063635821785585,scr2007,avaConv,pvInd_a
dk_e,1,h0544,0.042211828705912995,scr2007,avaConv,pvInd_a
dk_e,1,h0545,0.016329020691125514,scr2007,avaConv,pvInd_a
dk_e,1,h0546,0.003145852954074868,scr2007,avaConv,pvInd_a
dk_e,1,h0547,0.0,scr2007,avaConv,pvInd_a
dk_e,1,h0548,0.0,scr2007,avaConv,pvInd_a
dk_e,1,h0549,0.0,scr2007,avaConv,pvInd_a
dk_e,1,h0550,0.0,scr2007,avaConv,pvInd_a
dk_e,1,h0551,0.0,scr2007,avaConv,pvInd_a
dk_e,1,h0552,0.0,scr2007,avaConv,pvInd_a
dk_w,1,h0481,0.0,scr2007,avaConv,pvInd_a
dk_w,1,h0482,0.0,scr2007,avaConv,pvInd_a
dk_w,1,h0483,0.0,scr2007,avaConv,pvInd_a
dk_w,1,h0484,0.0,scr2007,avaConv,pvInd_a
dk_w,1,h0485,0.0,scr2007,avaConv,pvInd_a
dk_w,1,h0486,0.0,scr2007,avaConv,pvInd_a
dk_w,1,h0487,0.009325054839496801,scr2007,avaConv,pvInd_a
dk_w,1,h0488,0.055723502297978324,scr2007,avaConv,pvInd_a
dk_w,1,h0489,0.13721848674444892,scr2007,avaConv,pvInd_a
dk_w,1,h0490,0.2172334366277051,scr2007,avaConv,pvInd_a
dk_w,1,h0491,0.2525023514585494,scr2007,avaConv,pvInd_a
dk_w,1,h0492,0.2480284630479955,scr2007,avaConv,pvInd_a
dk_w,1,h0493,0.3077280019667034,scr2007,avaConv,pvInd_a
dk_w,1,h0494,0.3650646766437372,scr2007,avaConv,pvInd_a
dk_w,1,h0495,0.39957663416909134,scr2007,avaConv,pvInd_a
dk_w,1,h0496,0.30597338200036694,scr2007,avaConv,pvInd_a
dk_w,1,h0497,0.18169481960170966,scr2007,avaConv,pvInd_a
dk_w,1,h0498,0.07131872110120789,scr2007,avaConv,pvInd_a
dk_w,1,h0499,0.016384552060624537,scr2007,avaConv,pvInd_a
dk_w,1,h0500,0.0,scr2007,avaConv,pvInd_a
dk_w,1,h0501,0.0,scr2007,avaConv,pvInd_a
dk_w,1,h0502,0.0,scr2007,avaConv,pvInd_a
dk_w,1,h0503,0.0,scr2007,avaConv,pvInd_a
dk_w,1,h0504,0.0,scr2007,avaConv,pvInd_a
dk_w,1,h0505,0.0,scr2007,avaConv,pvInd_a
dk_w,1,h0506,0.0,scr2007,avaConv,pvInd_a
dk_w,1,h0507,0.0,scr2007,avaConv,pvInd_a
dk_w,1,h0508,0.0,scr2007,avaConv,pvInd_a
dk_w,1,h0509,0.0,scr2007,avaConv,pvInd_a
dk_w,1,h0510,0.0,scr2007,avaConv,pvInd_a
dk_w,1,h0511,0.0041804498444067174,scr2007,avaConv,pvInd_a
dk_w,1,h0512,0.03224836054385697,scr2007,avaConv,pvInd_a
dk_w,1,h0513,0.08978123967226673,scr2007,avaConv,pvInd_a
dk_w,1,h0514,0.1609804578364598,scr2007,avaConv,pvInd_a
dk_w,1,h0515,0.19758780850185637,scr2007,avaConv,pvInd_a
dk_w,1,h0516,0.206694023992253,scr2007,avaConv,pvInd_a
dk_w,1,h0517,0.19012589157903892,scr2007,avaConv,pvInd_a
dk_w,1,h0518,0.16784108911524226,scr2007,avaConv,pvInd_a
dk_w,1,h0519,0.12771488162943667,scr2007,avaConv,pvInd_a
dk_w,1,h0520,0.07990386274345893,scr2007,avaConv,pvInd_a
dk_w,1,h0521,0.03692235368937846,scr2007,avaConv,pvInd_a
dk_w,1,h0522,0.010573165722855375,scr2007,avaConv,pvInd_a
dk_w,1,h0523,0.000963793689371474,scr2007,avaConv,pvInd_a
dk_w,1,h0524,0.0,scr2007,avaConv,pvInd_a
dk_w,1,h0525,0.0,scr2007,avaConv,pvInd_a
dk_w,1,h0526,0.0,scr2007,avaConv,pvInd_a
dk_w,1,h0527,0.0,scr2007,avaConv,pvInd_a
dk_w,1,h0528,0.0,scr2007,avaConv,pvInd_a
dk_w,1,h0529,0.0,scr2007,avaConv,pvInd_a
dk_w,1,h0530,0.0,scr2007,avaConv,pvInd_a
dk_w,1,h0531,0.0,scr2007,avaConv,pvInd_a
dk_w,1,h0532,0.0,scr2007,avaConv,pvInd_a
dk_w,1,h0533,0.0,scr2007,avaConv,pvInd_a
dk_w,1,h0534,0.0,scr2007,avaConv,pvInd_a
dk_w,1,h0535,0.0,scr2007,avaConv,pvInd_a
dk_w,1,h0536,0.010589808876347999,scr2007,avaConv,pvInd_a
dk_w,1,h0537,0.04758859942658721,scr2007,avaConv,pvInd_a
dk_w,1,h0538,0.11583882955160649,scr2007,avaConv,pvInd_a
dk_w,1,h0539,0.19758000057926503,scr2007,avaConv,pvInd_a
dk_w,1,h0540,0.26394919663912864,scr2007,avaConv,pvInd_a
dk_w,1,h0541,0.24871450781194387,scr2007,avaConv,pvInd_a
dk_w,1,h0542,0.20104642329756678,scr2007,avaConv,pvInd_a
dk_w,1,h0543,0.12456799136454907,scr2007,avaConv,pvInd_a
dk_w,1,h0544,0.07763732507198078,scr2007,avaConv,pvInd_a
dk_w,1,h0545,0.03172898688237743,scr2007,avaConv,pvInd_a
dk_w,1,h0546,0.006208673941821111,scr2007,avaConv,pvInd_a
dk_w,1,h0547,0.0,scr2007,avaConv,pvInd_a
dk_w,1,h0548,0.0,scr2007,avaConv,pvInd_a
dk_w,1,h0549,0.0,scr2007,avaConv,pvInd_a
dk_w,1,h0550,0.0,scr2007,avaConv,pvInd_a
dk_w,1,h0551,0.0,scr2007,avaConv,pvInd_a
dk_w,1,h0552,0.0,scr2007,avaConv,pvInd_a
ee,1,h0481,0.0,scr2007,avaConv,pvInd_a
ee,1,h0482,0.0,scr2007,avaConv,pvInd_a
ee,1,h0483,0.0,scr2007,avaConv,pvInd_a
ee,1,h0484,0.0,scr2007,avaConv,pvInd_a
ee,1,h0485,0.0,scr2007,avaConv,pvInd_a
ee,1,h0486,0.0026588873752596345,scr2007,avaConv,pvInd_a
ee,1,h0487,0.005952253589226633,scr2007,avaConv,pvInd_a
ee,1,h0488,0.014806173320524252,scr2007,avaConv,pvInd_a
ee,1,h0489,0.02958798024191781,scr2007,avaConv,pvInd_a
ee,1,h0490,0.05922988114553634,scr2007,avaConv,pvInd_a
ee,1,h0491,0.09897392351162658,scr2007,avaConv,pvInd_a
ee,1,h0492,0.13487977450439004,scr2007,avaConv,pvInd_a
ee,1,h0493,0.2508267064681308,scr2007,avaConv,pvInd_a
ee,1,h0494,0.34065048373895795,scr2007,avaConv,pvInd_a
ee,1,h0495,0.3732076189092652,scr2007,avaConv,pvInd_a
ee,1,h0496,0.24151902119801577,scr2007,avaConv,pvInd_a
ee,1,h0497,0.1009246566561596,scr2007,avaConv,pvInd_a
ee,1,h0498,0.022368654227670443,scr2007,avaConv,pvInd_a
ee,1,h0499,0.0,scr2007,avaConv,pvInd_a
ee,1,h0500,0.0,scr2007,avaConv,pvInd_a
ee,1,h0501,0.0,scr2007,avaConv,pvInd_a
ee,1,h0502,0.0,scr2007,avaConv,pvInd_a
ee,1,h0503,0.0,scr2007,avaConv,pvInd_a
ee,1,h0504,0.0,scr2007,avaConv,pvInd_a
ee,1,h0505,0.0,scr2007,avaConv,pvInd_a
ee,1,h0506,0.0,scr2007,avaConv,pvInd_a
ee,1,h0507,0.0,scr2007,avaConv,pvInd_a
ee,1,h0508,0.0,scr2007,avaConv,pvInd_a
ee,1,h0509,0.0,scr2007,avaConv,pvInd_a
ee,1,h0510,0.0017849331509921039,scr2007,avaConv,pvInd_a
ee,1,h0511,0.003630958589922428,scr2007,avaConv,pvInd_a
ee,1,h0512,0.009422470524622096,scr2007,avaConv,pvInd_a
ee,1,h0513,0.019342765985375262,scr2007,avaConv,pvInd_a
ee,1,h0514,0.04282791699041656,scr2007,avaConv,pvInd_a
ee,1,h0515,0.07611796791681075,scr2007,avaConv,pvInd_a
ee,1,h0516,0.10336902054916408,scr2007,avaConv,pvInd_a
ee,1,h0517,0.12014876267083308,scr2007,avaConv,pvInd_a
ee,1,h0518,0.10626854614901741,scr2007,avaConv,pvInd_a
ee,1,h0519,0.07681131340053719,scr2007,avaConv,pvInd_a
ee,1,h0520,0.03548330275703328,scr2007,avaConv,pvInd_a
ee,1,h0521,0.010676437144048836,scr2007,avaConv,pvInd_a
ee,1,h0522,0.0011057958063409499,scr2007,avaConv,pvInd_a
ee,1,h0523,0.0,scr2007,avaConv,pvInd_a
ee,1,h0524,0.0,scr2007,avaConv,pvInd_a
ee,1,h0525,0.0,scr2007,avaConv,pvInd_a
ee,1,h0526,0.0,scr2007,avaConv,pvInd_a
ee,1,h0527,0.0,scr2007,avaConv,pvInd_a
ee,1,h0528,0.0,scr2007,avaConv,pvInd_a
ee,1,h0529,0.0,scr2007,avaConv,pvInd_a
ee,1,h0530,0.0,scr2007,avaConv,pvInd_a
ee,1,h0531,0.0,scr2007,avaConv,pvInd_a
ee,1,h0532,0.0,scr2007,avaConv,pvInd_a
ee,1,h0533,0.0,scr2007,avaConv,pvInd_a
ee,1,h0534,0.0,scr2007,avaConv,pvInd_a
ee,1,h0535,0.00018288592593576614,scr2007,avaConv,pvInd_a
ee,1,h0536,0.002973907745742946,scr2007,avaConv,pvInd_a
ee,1,h0537,0.007939062964658097,scr2007,avaConv,pvInd_a
ee,1,h0538,0.014293470108243847,scr2007,avaConv,pvInd_a
ee,1,h0539,0.017875267183437953,scr2007,avaConv,pvInd_a
ee,1,h0540,0.017276867241205775,scr2007,avaConv,pvInd_a
ee,1,h0541,0.0613919041464494,scr2007,avaConv,pvInd_a
ee,1,h0542,0.08783546624068536,scr2007,avaConv,pvInd_a
ee,1,h0543,0.09435648089182852,scr2007,avaConv,pvInd_a
ee,1,h0544,0.037254890981855464,scr2007,avaConv,pvInd_a
ee,1,h0545,0.0076815920462061996,scr2007,avaConv,pvInd_a
ee,1,h0546,0.0,scr2007,avaConv,pvInd_a
ee,1,h0547,0.0,scr2007,avaConv,pvInd_a
ee,1,h0548,0.0,scr2007,avaConv,pvInd_a
ee,1,h0549,0.0,scr2007,avaConv,pvInd_a
ee,1,h0550,0.0,scr2007,avaConv,pvInd_a
ee,1,h0551,0.0,scr2007,avaConv,pvInd_a
ee,1,h0552,0.0,scr2007,avaConv,pvInd_a
es,1,h0481,0.0,scr2007,avaConv,pvInd_a
es,1,h0482,0.0,scr2007,avaConv,pvInd_a
es,1,h0483,0.0,scr2007,avaConv,pvInd_a
es,1,h0484,0.0,scr2007,avaConv,pvInd_a
es,1,h0485,0.0,scr2007,avaConv,pvInd_a
es,1,h0486,0.0,scr2007,avaConv,pvInd_a
es,1,h0487,0.0,scr2007,avaConv,pvInd_a
es,1,h0488,0.010789909484248603,scr2007,avaConv,pvInd_a
es,1,h0489,0.05290331961684969,scr2007,avaConv,pvInd_a
es,1,h0490,0.13283444965530933,scr2007,avaConv,pvInd_a
es,1,h0491,0.23146337649510512,scr2007,avaConv,pvInd_a
es,1,h0492,0.3181482033204667,scr2007,avaConv,pvInd_a
es,1,h0493,0.456951281657024,scr2007,avaConv,pvInd_a
es,1,h0494,0.5518888092466926,scr2007,avaConv,pvInd_a
es,1,h0495,0.595947726615319,scr2007,avaConv,pvInd_a
es,1,h0496,0.5085852768024448,scr2007,avaConv,pvInd_a
es,1,h0497,0.38638939547892903,scr2007,avaConv,pvInd_a
es,1,h0498,0.23935450623609078,scr2007,avaConv,pvInd_a
es,1,h0499,0.10230447445880841,scr2007,avaConv,pvInd_a
es,1,h0500,0.024062753847854276,scr2007,avaConv,pvInd_a
es,1,h0501,0.0,scr2007,avaConv,pvInd_a
es,1,h0502,0.0,scr2007,avaConv,pvInd_a
es,1,h0503,0.0,scr2007,avaConv,pvInd_a
es,1,h0504,0.0,scr2007,avaConv,pvInd_a
es,1,h0505,0.0,scr2007,avaConv,pvInd_a
es,1,h0506,0.0,scr2007,avaConv,pvInd_a
es,1,h0507,0.0,scr2007,avaConv,pvInd_a
es,1,h0508,0.0,scr2007,avaConv,pvInd_a
es,1,h0509,0.0,scr2007,avaConv,pvInd_a
es,1,h0510,0.0,scr2007,avaConv,pvInd_a
es,1,h0511,0.0,scr2007,avaConv,pvInd_a
es,1,h0512,0.010699261204583298,scr2007,avaConv,pvInd_a
es,1,h0513,0.06514920766357796,scr2007,avaConv,pvInd_a
es,1,h0514,0.18208091488586306,scr2007,avaConv,pvInd_a
es,1,h0515,0.34195786039005294,scr2007,avaConv,pvInd_a
es,1,h0516,0.4848151243248082,scr2007,avaConv,pvInd_a
es,1,h0517,0.5794874799237275,scr2007,avaConv,pvInd_a
es,1,h0518,0.6081874670832911,scr2007,avaConv,pvInd_a
es,1,h0519,0.5727617224913336,scr2007,avaConv,pvInd_a
es,1,h0520,0.48142579531995994,scr2007,avaConv,pvInd_a
es,1,h0521,0.34976424193602024,scr2007,avaConv,pvInd_a
es,1,h0522,0.19898589778998232,scr2007,avaConv,pvInd_a
es,1,h0523,0.07734996017396935,scr2007,avaConv,pvInd_a
es,1,h0524,0.014425323069536762,scr2007,avaConv,pvInd_a
es,1,h0525,0.0,scr2007,avaConv,pvInd_a
es,1,h0526,0.0,scr2007,avaConv,pvInd_a
es,1,h0527,0.0,scr2007,avaConv,pvInd_a
es,1,h0528,0.0,scr2007,avaConv,pvInd_a
es,1,h0529,0.0,scr2007,avaConv,pvInd_a
es,1,h0530,0.0,scr2007,avaConv,pvInd_a
es,1,h0531,0.0,scr2007,avaConv,pvInd_a
es,1,h0532,0.0,scr2007,avaConv,pvInd_a
es,1,h0533,0.0,scr2007,avaConv,pvInd_a
es,1,h0534,0.0,scr2007,avaConv,pvInd_a
es,1,h0535,0.0,scr2007,avaConv,pvInd_a
es,1,h0536,0.011003769147139783,scr2007,avaConv,pvInd_a
es,1,h0537,0.07104435407160209,scr2007,avaConv,pvInd_a
es,1,h0538,0.2038187134519911,scr2007,avaConv,pvInd_a
es,1,h0539,0.378715874611316,scr2007,avaConv,pvInd_a
es,1,h0540,0.528276095388284,scr2007,avaConv,pvInd_a
es,1,h0541,0.6430189526969254,scr2007,avaConv,pvInd_a
es,1,h0542,0.6937612076176408,scr2007,avaConv,pvInd_a
es,1,h0543,0.6805931447658654,scr2007,avaConv,pvInd_a
es,1,h0544,0.5773924283467577,scr2007,avaConv,pvInd_a
es,1,h0545,0.41332078572283415,scr2007,avaConv,pvInd_a
es,1,h0546,0.2217880470240071,scr2007,avaConv,pvInd_a
es,1,h0547,0.07710106491233171,scr2007,avaConv,pvInd_a
es,1,h0548,0.010953552778353366,scr2007,avaConv,pvInd_a
es,1,h0549,0.0,scr2007,avaConv,pvInd_a
es,1,h0550,0.0,scr2007,avaConv,pvInd_a
es,1,h0551,0.0,scr2007,avaConv,pvInd_a
es,1,h0552,0.0,scr2007,avaConv,pvInd_a
fi,1,h0481,0.0,scr2007,avaConv,pvInd_a
fi,1,h0482,0.0,scr2007,avaConv,pvInd_a
fi,1,h0483,0.0,scr2007,avaConv,pvInd_a
fi,1,h0484,0.0,scr2007,avaConv,pvInd_a
fi,1,h0485,0.0,scr2007,avaConv,pvInd_a
fi,1,h0486,0.01141010844924516,scr2007,avaConv,pvInd_a
fi,1,h0487,0.021777577307185023,scr2007,avaConv,pvInd_a
fi,1,h0488,0.04794686425975867,scr2007,avaConv,pvInd_a
fi,1,h0489,0.07788892232931076,scr2007,avaConv,pvInd_a
fi,1,h0490,0.1349488892371333,scr2007,avaConv,pvInd_a
fi,1,h0491,0.2003151880876182,scr2007,avaConv,pvInd_a
fi,1,h0492,0.2576898481766694,scr2007,avaConv,pvInd_a
fi,1,h0493,0.23940754464923525,scr2007,avaConv,pvInd_a
fi,1,h0494,0.18601207282842466,scr2007,avaConv,pvInd_a
fi,1,h0495,0.108148546168058,scr2007,avaConv,pvInd_a
fi,1,h0496,0.06478165701371359,scr2007,avaConv,pvInd_a
fi,1,h0497,0.02631268744471613,scr2007,avaConv,pvInd_a
fi,1,h0498,0.005702880789999871,scr2007,avaConv,pvInd_a
fi,1,h0499,0.0,scr2007,avaConv,pvInd_a
fi,1,h0500,0.0,scr2007,avaConv,pvInd_a
fi,1,h0501,0.0,scr2007,avaConv,pvInd_a
fi,1,h0502,0.0,scr2007,avaConv,pvInd_a
fi,1,h0503,0.0,scr2007,avaConv,pvInd_a
fi,1,h0504,0.0,scr2007,avaConv,pvInd_a
fi,1,h0505,0.0,scr2007,avaConv,pvInd_a
fi,1,h0506,0.0,scr2007,avaConv,pvInd_a
fi,1,h0507,0.0,scr2007,avaConv,pvInd_a
fi,1,h0508,0.0,scr2007,avaConv,pvInd_a
fi,1,h0509,0.0,scr2007,avaConv,pvInd_a
fi,1,h0510,0.00013196903297350263,scr2007,avaConv,pvInd_a
fi,1,h0511,0.006648283536091419,scr2007,avaConv,pvInd_a
fi,1,h0512,0.02721811646825545,scr2007,avaConv,pvInd_a
fi,1,h0513,0.062259852144828765,scr2007,avaConv,pvInd_a
fi,1,h0514,0.10006598912579205,scr2007,avaConv,pvInd_a
fi,1,h0515,0.1279349444553389,scr2007,avaConv,pvInd_a
fi,1,h0516,0.13987102790388917,scr2007,avaConv,pvInd_a
fi,1,h0517,0.12586482538170568,scr2007,avaConv,pvInd_a
fi,1,h0518,0.09751959851090684,scr2007,avaConv,pvInd_a
fi,1,h0519,0.06064304401545528,scr2007,avaConv,pvInd_a
fi,1,h0520,0.030123452995897592,scr2007,avaConv,pvInd_a
fi,1,h0521,0.009598929015192003,scr2007,avaConv,pvInd_a
fi,1,h0522,0.0007703052345300477,scr2007,avaConv,pvInd_a
fi,1,h0523,0.0,scr2007,avaConv,pvInd_a
fi,1,h0524,0.0,scr2007,avaConv,pvInd_a
fi,1,h0525,0.0,scr2007,avaConv,pvInd_a
fi,1,h0526,0.0,scr2007,avaConv,pvInd_a
fi,1,h0527,0.0,scr2007,avaConv,pvInd_a
fi,1,h0528,0.0,scr2007,avaConv,pvInd_a
fi,1,h0529,0.0,scr2007,avaConv,pvInd_a
fi,1,h0530,0.0,scr2007,avaConv,pvInd_a
fi,1,h0531,0.0,scr2007,avaConv,pvInd_a
fi,1,h0532,0.0,scr2007,avaConv,pvInd_a
fi,1,h0533,0.0,scr2007,avaConv,pvInd_a
fi,1,h0534,0.0,scr2007,avaConv,pvInd_a
fi,1,h0535,0.003864926004320365,scr2007,avaConv,pvInd_a
fi,1,h0536,0.02814255747027401,scr2007,avaConv,pvInd_a
fi,1,h0537,0.0876973498436098,scr2007,avaConv,pvInd_a
fi,1,h0538,0.1839617561604103,scr2007,avaConv,pvInd_a
fi,1,h0539,0.2784136406363777,scr2007,avaConv,pvInd_a
fi,1,h0540,0.33972004277142936,scr2007,avaConv,pvInd_a
fi,1,h0541,0.3640031900529986,scr2007,avaConv,pvInd_a
fi,1,h0542,0.3241813201903883,scr2007,avaConv,pvInd_a
fi,1,h0543,0.22829297426462486,scr2007,avaConv,pvInd_a
fi,1,h0544,0.10135549017747016,scr2007,avaConv,pvInd_a
fi,1,h0545,0.02443404323016364,scr2007,avaConv,pvInd_a
fi,1,h0546,0.0,scr2007,avaConv,pvInd_a
fi,1,h0547,0.0,scr2007,avaConv,pvInd_a
fi,1,h0548,0.0,scr2007,avaConv,pvInd_a
fi,1,h0549,0.0,scr2007,avaConv,pvInd_a
fi,1,h0550,0.0,scr2007,avaConv,pvInd_a
fi,1,h0551,0.0,scr2007,avaConv,pvInd_a
fi,1,h0552,0.0,scr2007,avaConv,pvInd_a
fr,1,h0481,0.0,scr2007,avaConv,pvInd_a
fr,1,h0482,0.0,scr2007,avaConv,pvInd_a
fr,1,h0483,0.0,scr2007,avaConv,pvInd_a
fr,1,h0484,0.0,scr2007,avaConv,pvInd_a
fr,1,h0485,0.0,scr2007,avaConv,pvInd_a
fr,1,h0486,0.0,scr2007,avaConv,pvInd_a
fr,1,h0487,0.007269085674614822,scr2007,avaConv,pvInd_a
fr,1,h0488,0.06952388699042267,scr2007,avaConv,pvInd_a
fr,1,h0489,0.19907198819929203,scr2007,avaConv,pvInd_a
fr,1,h0490,0.37684146133584057,scr2007,avaConv,pvInd_a
fr,1,h0491,0.5383904177309159,scr2007,avaConv,pvInd_a
fr,1,h0492,0.6509885809150071,scr2007,avaConv,pvInd_a
fr,1,h0493,0.6372523517333933,scr2007,avaConv,pvInd_a
fr,1,h0494,0.5710826457072521,scr2007,avaConv,pvInd_a
fr,1,h0495,0.45764805856069435,scr2007,avaConv,pvInd_a
fr,1,h0496,0.377869670622624,scr2007,avaConv,pvInd_a
fr,1,h0497,0.2717173862045518,scr2007,avaConv,pvInd_a
fr,1,h0498,0.15557062749683842,scr2007,avaConv,pvInd_a
fr,1,h0499,0.06366344061295062,scr2007,avaConv,pvInd_a
fr,1,h0500,0.012514361310312467,scr2007,avaConv,pvInd_a
fr,1,h0501,0.0,scr2007,avaConv,pvInd_a
fr,1,h0502,0.0,scr2007,avaConv,pvInd_a
fr,1,h0503,0.0,scr2007,avaConv,pvInd_a
fr,1,h0504,0.0,scr2007,avaConv,pvInd_a
fr,1,h0505,0.0,scr2007,avaConv,pvInd_a
fr,1,h0506,0.0,scr2007,avaConv,pvInd_a
fr,1,h0507,0.0,scr2007,avaConv,pvInd_a
fr,1,h0508,0.0,scr2007,avaConv,pvInd_a
fr,1,h0509,0.0,scr2007,avaConv,pvInd_a
fr,1,h0510,0.0,scr2007,avaConv,pvInd_a
fr,1,h0511,0.000797773935325666,scr2007,avaConv,pvInd_a
fr,1,h0512,0.021616700301647113,scr2007,avaConv,pvInd_a
fr,1,h0513,0.07249490669624942,scr2007,avaConv,pvInd_a
fr,1,h0514,0.15233944524827697,scr2007,avaConv,pvInd_a
fr,1,h0515,0.2368442135415043,scr2007,avaConv,pvInd_a
fr,1,h0516,0.31035385392012266,scr2007,avaConv,pvInd_a
fr,1,h0517,0.40306928454706925,scr2007,avaConv,pvInd_a
fr,1,h0518,0.4591156474575297,scr2007,avaConv,pvInd_a
fr,1,h0519,0.46667086460561347,scr2007,avaConv,pvInd_a
fr,1,h0520,0.3865859607518403,scr2007,avaConv,pvInd_a
fr,1,h0521,0.2690263201396063,scr2007,avaConv,pvInd_a
fr,1,h0522,0.140171194748423,scr2007,avaConv,pvInd_a
fr,1,h0523,0.04650004856326415,scr2007,avaConv,pvInd_a
fr,1,h0524,0.0021723970340270776,scr2007,avaConv,pvInd_a
fr,1,h0525,0.0,scr2007,avaConv,pvInd_a
fr,1,h0526,0.0,scr2007,avaConv,pvInd_a
fr,1,h0527,0.0,scr2007,avaConv,pvInd_a
fr,1,h0528,0.0,scr2007,avaConv,pvInd_a
fr,1,h0529,0.0,scr2007,avaConv,pvInd_a
fr,1,h0530,0.0,scr2007,avaConv,pvInd_a
fr,1,h0531,0.0,scr2007,avaConv,pvInd_a
fr,1,h0532,0.0,scr2007,avaConv,pvInd_a
fr,1,h0533,0.0,scr2007,avaConv,pvInd_a
fr,1,h0534,0.0,scr2007,avaConv,pvInd_a
fr,1,h0535,0.0,scr2007,avaConv,pvInd_a
fr,1,h0536,0.02078618709124635,scr2007,avaConv,pvInd_a
fr,1,h0537,0.0792807254091445,scr2007,avaConv,pvInd_a
fr,1,h0538,0.17591849216207112,scr2007,avaConv,pvInd_a
fr,1,h0539,0.28535290851637357,scr2007,avaConv,pvInd_a
fr,1,h0540,0.37287721014110825,scr2007,avaConv,pvInd_a
fr,1,h0541,0.4997472054026623,scr2007,avaConv,pvInd_a
fr,1,h0542,0.5769475785207164,scr2007,avaConv,pvInd_a
fr,1,h0543,0.601739279862986,scr2007,avaConv,pvInd_a
fr,1,h0544,0.4942984431160507,scr2007,avaConv,pvInd_a
fr,1,h0545,0.3371603702485555,scr2007,avaConv,pvInd_a
fr,1,h0546,0.16761777672516393,scr2007,avaConv,pvInd_a
fr,1,h0547,0.051025685290968764,scr2007,avaConv,pvInd_a
fr,1,h0548,0.0,scr2007,avaConv,pvInd_a
fr,1,h0549,0.0,scr2007,avaConv,pvInd_a
fr,1,h0550,0.0,scr2007,avaConv,pvInd_a
fr,1,h0551,0.0,scr2007,avaConv,pvInd_a
fr,1,h0552,0.0,scr2007,avaConv,pvInd_a
fr_co,1,h0481,0.0,scr2007,avaConv,pvInd_a
fr_co,1,h0482,0.0,scr2007,avaConv,pvInd_a
fr_co,1,h0483,0.0,scr2007,avaConv,pvInd_a
fr_co,1,h0484,0.0,scr2007,avaConv,pvInd_a
fr_co,1,h0485,0.0,scr2007,avaConv,pvInd_a
fr_co,1,h0486,0.0,scr2007,avaConv,pvInd_a
fr_co,1,h0487,0.014924131016280078,scr2007,avaConv,pvInd_a
fr_co,1,h0488,0.0782401804698271,scr2007,avaConv,pvInd_a
fr_co,1,h0489,0.19554345004700713,scr2007,avaConv,pvInd_a
fr_co,1,h0490,0.337717854072195,scr2007,avaConv,pvInd_a
fr_co,1,h0491,0.4536794733681698,scr2007,avaConv,pvInd_a
fr_co,1,h0492,0.5250900669721243,scr2007,avaConv,pvInd_a
fr_co,1,h0493,0.4930695760341201,scr2007,avaConv,pvInd_a
fr_co,1,h0494,0.4284551947999876,scr2007,avaConv,pvInd_a
fr_co,1,h0495,0.3311246399713106,scr2007,avaConv,pvInd_a
fr_co,1,h0496,0.2741237934487294,scr2007,avaConv,pvInd_a
fr_co,1,h0497,0.19117448743185347,scr2007,avaConv,pvInd_a
fr_co,1,h0498,0.09935431346834729,scr2007,avaConv,pvInd_a
fr_co,1,h0499,0.03171072211457843,scr2007,avaConv,pvInd_a
fr_co,1,h0500,0.0002943647887296384,scr2007,avaConv,pvInd_a
fr_co,1,h0501,0.0,scr2007,avaConv,pvInd_a
fr_co,1,h0502,0.0,scr2007,avaConv,pvInd_a
fr_co,1,h0503,0.0,scr2007,avaConv,pvInd_a
fr_co,1,h0504,0.0,scr2007,avaConv,pvInd_a
fr_co,1,h0505,0.0,scr2007,avaConv,pvInd_a
fr_co,1,h0506,0.0,scr2007,avaConv,pvInd_a
fr_co,1,h0507,0.0,scr2007,avaConv,pvInd_a
fr_co,1,h0508,0.0,scr2007,avaConv,pvInd_a
fr_co,1,h0509,0.0,scr2007,avaConv,pvInd_a
fr_co,1,h0510,0.0,scr2007,avaConv,pvInd_a
fr_co,1,h0511,0.00649142974371083,scr2007,avaConv,pvInd_a
fr_co,1,h0512,0.037085579596656565,scr2007,avaConv,pvInd_a
fr_co,1,h0513,0.10591865476547604,scr2007,avaConv,pvInd_a
fr_co,1,h0514,0.20564913864906087,scr2007,avaConv,pvInd_a
fr_co,1,h0515,0.29679856456288345,scr2007,avaConv,pvInd_a
fr_co,1,h0516,0.34191601086160384,scr2007,avaConv,pvInd_a
fr_co,1,h0517,0.37168981333290446,scr2007,avaConv,pvInd_a
fr_co,1,h0518,0.3750016573246434,scr2007,avaConv,pvInd_a
fr_co,1,h0519,0.3647896706920504,scr2007,avaConv,pvInd_a
fr_co,1,h0520,0.29560953539319573,scr2007,avaConv,pvInd_a
fr_co,1,h0521,0.19167677830105093,scr2007,avaConv,pvInd_a
fr_co,1,h0522,0.08686055203994611,scr2007,avaConv,pvInd_a
fr_co,1,h0523,0.02100036088438836,scr2007,avaConv,pvInd_a
fr_co,1,h0524,0.0,scr2007,avaConv,pvInd_a
fr_co,1,h0525,0.0,scr2007,avaConv,pvInd_a
fr_co,1,h0526,0.0,scr2007,avaConv,pvInd_a
fr_co,1,h0527,0.0,scr2007,avaConv,pvInd_a
fr_co,1,h0528,0.0,scr2007,avaConv,pvInd_a
fr_co,1,h0529,0.0,scr2007,avaConv,pvInd_a
fr_co,1,h0530,0.0,scr2007,avaConv,pvInd_a
fr_co,1,h0531,0.0,scr2007,avaConv,pvInd_a
fr_co,1,h0532,0.0,scr2007,avaConv,pvInd_a
fr_co,1,h0533,0.0,scr2007,avaConv,pvInd_a
fr_co,1,h0534,0.0,scr2007,avaConv,pvInd_a
fr_co,1,h0535,0.0011166060234266524,scr2007,avaConv,pvInd_a
fr_co,1,h0536,0.017616638217515967,scr2007,avaConv,pvInd_a
fr_co,1,h0537,0.058608111044742034,scr2007,avaConv,pvInd_a
fr_co,1,h0538,0.12605555416509054,scr2007,avaConv,pvInd_a
fr_co,1,h0539,0.2033523387863023,scr2007,avaConv,pvInd_a
fr_co,1,h0540,0.2680963299398658,scr2007,avaConv,pvInd_a
fr_co,1,h0541,0.2982728805948845,scr2007,avaConv,pvInd_a
fr_co,1,h0542,0.29452957023671233,scr2007,avaConv,pvInd_a
fr_co,1,h0543,0.2634546980190247,scr2007,avaConv,pvInd_a
fr_co,1,h0544,0.20708335024648572,scr2007,avaConv,pvInd_a
fr_co,1,h0545,0.1260862750719145,scr2007,avaConv,pvInd_a
fr_co,1,h0546,0.0509872859549266,scr2007,avaConv,pvInd_a
fr_co,1,h0547,0.009891560841843672,scr2007,avaConv,pvInd_a
fr_co,1,h0548,0.0,scr2007,avaConv,pvInd_a
fr_co,1,h0549,0.0,scr2007,avaConv,pvInd_a
fr_co,1,h0550,0.0,scr2007,avaConv,pvInd_a
fr_co,1,h0551,0.0,scr2007,avaConv,pvInd_a
fr_co,1,h0552,0.0,scr2007,avaConv,pvInd_a
gr,1,h0481,0.0,scr2007,avaConv,pvInd_a
gr,1,h0482,0.0,scr2007,avaConv,pvInd_a
gr,1,h0483,0.0,scr2007,avaConv,pvInd_a
gr,1,h0484,0.0,scr2007,avaConv,pvInd_a
gr,1,h0485,0.0,scr2007,avaConv,pvInd_a
gr,1,h0486,0.01544375999245316,scr2007,avaConv,pvInd_a
gr,1,h0487,0.048237295189675206,scr2007,avaConv,pvInd_a
gr,1,h0488,0.11545302413050974,scr2007,avaConv,pvInd_a
gr,1,h0489,0.19276706526348528,scr2007,avaConv,pvInd_a
gr,1,h0490,0.2614712491057523,scr2007,avaConv,pvInd_a
gr,1,h0491,0.2976204737465524,scr2007,avaConv,pvInd_a
gr,1,h0492,0.3137152442893666,scr2007,avaConv,pvInd_a
gr,1,h0493,0.43020123038433505,scr2007,avaConv,pvInd_a
gr,1,h0494,0.5077924562741964,scr2007,avaConv,pvInd_a
gr,1,h0495,0.5208108383544954,scr2007,avaConv,pvInd_a
gr,1,h0496,0.3539398444653248,scr2007,avaConv,pvInd_a
gr,1,h0497,0.17684952449466737,scr2007,avaConv,pvInd_a
gr,1,h0498,0.05552118682730048,scr2007,avaConv,pvInd_a
gr,1,h0499,0.00438298712951136,scr2007,avaConv,pvInd_a
gr,1,h0500,0.0,scr2007,avaConv,pvInd_a
gr,1,h0501,0.0,scr2007,avaConv,pvInd_a
gr,1,h0502,0.0,scr2007,avaConv,pvInd_a
gr,1,h0503,0.0,scr2007,avaConv,pvInd_a
gr,1,h0504,0.0,scr2007,avaConv,pvInd_a
gr,1,h0505,0.0,scr2007,avaConv,pvInd_a
gr,1,h0506,0.0,scr2007,avaConv,pvInd_a
gr,1,h0507,0.0,scr2007,avaConv,pvInd_a
gr,1,h0508,0.0,scr2007,avaConv,pvInd_a
gr,1,h0509,0.0,scr2007,avaConv,pvInd_a
gr,1,h0510,0.010102321045920588,scr2007,avaConv,pvInd_a
gr,1,h0511,0.076628597970469,scr2007,avaConv,pvInd_a
gr,1,h0512,0.2110392344331169,scr2007,avaConv,pvInd_a
gr,1,h0513,0.3875927030262559,scr2007,avaConv,pvInd_a
gr,1,h0514,0.5376955316467638,scr2007,avaConv,pvInd_a
gr,1,h0515,0.6332657084815644,scr2007,avaConv,pvInd_a
gr,1,h0516,0.6738489014534946,scr2007,avaConv,pvInd_a
gr,1,h0517,0.5700516662496209,scr2007,avaConv,pvInd_a
gr,1,h0518,0.41987884041465623,scr2007,avaConv,pvInd_a
gr,1,h0519,0.24532068001892862,scr2007,avaConv,pvInd_a
gr,1,h0520,0.14885017915784782,scr2007,avaConv,pvInd_a
gr,1,h0521,0.06734863594453766,scr2007,avaConv,pvInd_a
gr,1,h0522,0.018392514707897146,scr2007,avaConv,pvInd_a
gr,1,h0523,0.0,scr2007,avaConv,pvInd_a
gr,1,h0524,0.0,scr2007,avaConv,pvInd_a
gr,1,h0525,0.0,scr2007,avaConv,pvInd_a
gr,1,h0526,0.0,scr2007,avaConv,pvInd_a
gr,1,h0527,0.0,scr2007,avaConv,pvInd_a
gr,1,h0528,0.0,scr2007,avaConv,pvInd_a
gr,1,h0529,0.0,scr2007,avaConv,pvInd_a
gr,1,h0530,0.0,scr2007,avaConv,pvInd_a
gr,1,h0531,0.0,scr2007,avaConv,pvInd_a
gr,1,h0532,0.0,scr2007,avaConv,pvInd_a
gr,1,h0533,0.0,scr2007,avaConv,pvInd_a
gr,1,h0534,0.004773219757155857,scr2007,avaConv,pvInd_a
gr,1,h0535,0.06156814628687803,scr2007,avaConv,pvInd_a
gr,1,h0536,0.18691349025985246,scr2007,avaConv,pvInd_a
gr,1,h0537,0.36529281935955915,scr2007,avaConv,pvInd_a
gr,1,h0538,0.5239580315623446,scr2007,avaConv,pvInd_a
gr,1,h0539,0.6263741467115942,scr2007,avaConv,pvInd_a
gr,1,h0540,0.6681717235216406,scr2007,avaConv,pvInd_a
gr,1,h0541,0.520251871443657,scr2007,avaConv,pvInd_a
gr,1,h0542,0.3324382471648925,scr2007,avaConv,pvInd_a
gr,1,h0543,0.13130319499583604,scr2007,avaConv,pvInd_a
gr,1,h0544,0.06308038730428857,scr2007,avaConv,pvInd_a
gr,1,h0545,0.02143962937590255,scr2007,avaConv,pvInd_a
gr,1,h0546,0.0037525784995836825,scr2007,avaConv,pvInd_a
gr,1,h0547,0.0,scr2007,avaConv,pvInd_a
gr,1,h0548,0.0,scr2007,avaConv,pvInd_a
gr,1,h0549,0.0,scr2007,avaConv,pvInd_a
gr,1,h0550,0.0,scr2007,avaConv,pvInd_a
gr,1,h0551,0.0,scr2007,avaConv,pvInd_a
gr,1,h0552,0.0,scr2007,avaConv,pvInd_a
hr,1,h0481,0.0,scr2007,avaConv,pvInd_a
hr,1,h0482,0.0,scr2007,avaConv,pvInd_a
hr,1,h0483,0.0,scr2007,avaConv,pvInd_a
hr,1,h0484,0.0,scr2007,avaConv,pvInd_a
hr,1,h0485,0.0,scr2007,avaConv,pvInd_a
hr,1,h0486,0.0036391622343355263,scr2007,avaConv,pvInd_a
hr,1,h0487,0.05953050751507605,scr2007,avaConv,pvInd_a
hr,1,h0488,0.1829765441047837,scr2007,avaConv,pvInd_a
hr,1,h0489,0.35635254556468077,scr2007,avaConv,pvInd_a
hr,1,h0490,0.5172519359978186,scr2007,avaConv,pvInd_a
hr,1,h0491,0.627406346312549,scr2007,avaConv,pvInd_a
hr,1,h0492,0.6827333900922948,scr2007,avaConv,pvInd_a
hr,1,h0493,0.653998313020713,scr2007,avaConv,pvInd_a
hr,1,h0494,0.5811757322064827,scr2007,avaConv,pvInd_a
hr,1,h0495,0.46988497805694945,scr2007,avaConv,pvInd_a
hr,1,h0496,0.3514685693228635,scr2007,avaConv,pvInd_a
hr,1,h0497,0.210345884627262,scr2007,avaConv,pvInd_a
hr,1,h0498,0.08846286388922897,scr2007,avaConv,pvInd_a
hr,1,h0499,0.019113221960971368,scr2007,avaConv,pvInd_a
hr,1,h0500,0.0,scr2007,avaConv,pvInd_a
hr,1,h0501,0.0,scr2007,avaConv,pvInd_a
hr,1,h0502,0.0,scr2007,avaConv,pvInd_a
hr,1,h0503,0.0,scr2007,avaConv,pvInd_a
hr,1,h0504,0.0,scr2007,avaConv,pvInd_a
hr,1,h0505,0.0,scr2007,avaConv,pvInd_a
hr,1,h0506,0.0,scr2007,avaConv,pvInd_a
hr,1,h0507,0.0,scr2007,avaConv,pvInd_a
hr,1,h0508,0.0,scr2007,avaConv,pvInd_a
hr,1,h0509,0.0,scr2007,avaConv,pvInd_a
hr,1,h0510,0.0,scr2007,avaConv,pvInd_a
hr,1,h0511,0.03390220854282651,scr2007,avaConv,pvInd_a
hr,1,h0512,0.11643962719396093,scr2007,avaConv,pvInd_a
hr,1,h0513,0.23971880510820937,scr2007,avaConv,pvInd_a
hr,1,h0514,0.3688272064883663,scr2007,avaConv,pvInd_a
hr,1,h0515,0.46775643817323714,scr2007,avaConv,pvInd_a
hr,1,h0516,0.5254638282783911,scr2007,avaConv,pvInd_a
hr,1,h0517,0.4810425068432363,scr2007,avaConv,pvInd_a
hr,1,h0518,0.3983976339548798,scr2007,avaConv,pvInd_a
hr,1,h0519,0.2846721232687213,scr2007,avaConv,pvInd_a
hr,1,h0520,0.2015052379069742,scr2007,avaConv,pvInd_a
hr,1,h0521,0.10808605074050745,scr2007,avaConv,pvInd_a
hr,1,h0522,0.03951539379849201,scr2007,avaConv,pvInd_a
hr,1,h0523,0.004517169828966749,scr2007,avaConv,pvInd_a
hr,1,h0524,0.0,scr2007,avaConv,pvInd_a
hr,1,h0525,0.0,scr2007,avaConv,pvInd_a
hr,1,h0526,0.0,scr2007,avaConv,pvInd_a
hr,1,h0527,0.0,scr2007,avaConv,pvInd_a
hr,1,h0528,0.0,scr2007,avaConv,pvInd_a
hr,1,h0529,0.0,scr2007,avaConv,pvInd_a
hr,1,h0530,0.0,scr2007,avaConv,pvInd_a
hr,1,h0531,0.0,scr2007,avaConv,pvInd_a
hr,1,h0532,0.0,scr2007,avaConv,pvInd_a
hr,1,h0533,0.0,scr2007,avaConv,pvInd_a
hr,1,h0534,0.0,scr2007,avaConv,pvInd_a
hr,1,h0535,0.039862580728076545,scr2007,avaConv,pvInd_a
hr,1,h0536,0.14551425806647506,scr2007,avaConv,pvInd_a
hr,1,h0537,0.3054353523996827,scr2007,avaConv,pvInd_a
hr,1,h0538,0.46458053047857784,scr2007,avaConv,pvInd_a
hr,1,h0539,0.5747892769595798,scr2007,avaConv,pvInd_a
hr,1,h0540,0.6307522368253798,scr2007,avaConv,pvInd_a
hr,1,h0541,0.5977538266781391,scr2007,avaConv,pvInd_a
hr,1,h0542,0.5205659476076738,scr2007,avaConv,pvInd_a
hr,1,h0543,0.39602107715858476,scr2007,avaConv,pvInd_a
hr,1,h0544,0.271207435129879,scr2007,avaConv,pvInd_a
hr,1,h0545,0.13425288128026877,scr2007,avaConv,pvInd_a
hr,1,h0546,0.04134421476856726,scr2007,avaConv,pvInd_a
hr,1,h0547,0.0,scr2007,avaConv,pvInd_a
hr,1,h0548,0.0,scr2007,avaConv,pvInd_a
hr,1,h0549,0.0,scr2007,avaConv,pvInd_a
hr,1,h0550,0.0,scr2007,avaConv,pvInd_a
hr,1,h0551,0.0,scr2007,avaConv,pvInd_a
hr,1,h0552,0.0,scr2007,avaConv,pvInd_a
hu,1,h0481,0.0,scr2007,avaConv,pvInd_a
hu,1,h0482,0.0,scr2007,avaConv,pvInd_a
hu,1,h0483,0.0,scr2007,avaConv,pvInd_a
hu,1,h0484,0.0,scr2007,avaConv,pvInd_a
hu,1,h0485,0.0,scr2007,avaConv,pvInd_a
hu,1,h0486,0.008733082666076171,scr2007,avaConv,pvInd_a
hu,1,h0487,0.07553206903251763,scr2007,avaConv,pvInd_a
hu,1,h0488,0.21342944855001073,scr2007,avaConv,pvInd_a
hu,1,h0489,0.3975267983707513,scr2007,avaConv,pvInd_a
hu,1,h0490,0.5616420696338464,scr2007,avaConv,pvInd_a
hu,1,h0491,0.6700678205545684,scr2007,avaConv,pvInd_a
hu,1,h0492,0.7192889615213316,scr2007,avaConv,pvInd_a
hu,1,h0493,0.7020193196498513,scr2007,avaConv,pvInd_a
hu,1,h0494,0.6353375934670636,scr2007,avaConv,pvInd_a
hu,1,h0495,0.5228888510734654,scr2007,avaConv,pvInd_a
hu,1,h0496,0.37597856153980913,scr2007,avaConv,pvInd_a
hu,1,h0497,0.20887421689888278,scr2007,avaConv,pvInd_a
hu,1,h0498,0.07926576021791099,scr2007,avaConv,pvInd_a
hu,1,h0499,0.012532449800334237,scr2007,avaConv,pvInd_a
hu,1,h0500,0.0,scr2007,avaConv,pvInd_a
hu,1,h0501,0.0,scr2007,avaConv,pvInd_a
hu,1,h0502,0.0,scr2007,avaConv,pvInd_a
hu,1,h0503,0.0,scr2007,avaConv,pvInd_a
hu,1,h0504,0.0,scr2007,avaConv,pvInd_a
hu,1,h0505,0.0,scr2007,avaConv,pvInd_a
hu,1,h0506,0.0,scr2007,avaConv,pvInd_a
hu,1,h0507,0.0,scr2007,avaConv,pvInd_a
hu,1,h0508,0.0,scr2007,avaConv,pvInd_a
hu,1,h0509,0.0,scr2007,avaConv,pvInd_a
hu,1,h0510,0.0022120949955156317,scr2007,avaConv,pvInd_a
hu,1,h0511,0.030844656034806208,scr2007,avaConv,pvInd_a
hu,1,h0512,0.0918749514894392,scr2007,avaConv,pvInd_a
hu,1,h0513,0.18132114555054232,scr2007,avaConv,pvInd_a
hu,1,h0514,0.2672542116017202,scr2007,avaConv,pvInd_a
hu,1,h0515,0.33211002656248356,scr2007,avaConv,pvInd_a
hu,1,h0516,0.37405644266994453,scr2007,avaConv,pvInd_a
hu,1,h0517,0.3758996899748215,scr2007,avaConv,pvInd_a
hu,1,h0518,0.3425023852160875,scr2007,avaConv,pvInd_a
hu,1,h0519,0.2684145046514749,scr2007,avaConv,pvInd_a
hu,1,h0520,0.17663279987558042,scr2007,avaConv,pvInd_a
hu,1,h0521,0.08414933424255512,scr2007,avaConv,pvInd_a
hu,1,h0522,0.02462741296552814,scr2007,avaConv,pvInd_a
hu,1,h0523,0.0,scr2007,avaConv,pvInd_a
hu,1,h0524,0.0,scr2007,avaConv,pvInd_a
hu,1,h0525,0.0,scr2007,avaConv,pvInd_a
hu,1,h0526,0.0,scr2007,avaConv,pvInd_a
hu,1,h0527,0.0,scr2007,avaConv,pvInd_a
hu,1,h0528,0.0,scr2007,avaConv,pvInd_a
hu,1,h0529,0.0,scr2007,avaConv,pvInd_a
hu,1,h0530,0.0,scr2007,avaConv,pvInd_a
hu,1,h0531,0.0,scr2007,avaConv,pvInd_a
hu,1,h0532,0.0,scr2007,avaConv,pvInd_a
hu,1,h0533,0.0,scr2007,avaConv,pvInd_a
hu,1,h0534,0.0,scr2007,avaConv,pvInd_a
hu,1,h0535,0.04727027787603133,scr2007,avaConv,pvInd_a
hu,1,h0536,0.16499477450310704,scr2007,avaConv,pvInd_a
hu,1,h0537,0.34099050442625467,scr2007,avaConv,pvInd_a
hu,1,h0538,0.508783277843719,scr2007,avaConv,pvInd_a
hu,1,h0539,0.6206217931374503,scr2007,avaConv,pvInd_a
hu,1,h0540,0.671913830389838,scr2007,avaConv,pvInd_a
hu,1,h0541,0.5729577401957766,scr2007,avaConv,pvInd_a
hu,1,h0542,0.42648676096105165,scr2007,avaConv,pvInd_a
hu,1,h0543,0.23820371052437517,scr2007,avaConv,pvInd_a
hu,1,h0544,0.13236756232325697,scr2007,avaConv,pvInd_a
hu,1,h0545,0.0492815898465703,scr2007,avaConv,pvInd_a
hu,1,h0546,0.01026039967358865,scr2007,avaConv,pvInd_a
hu,1,h0547,0.0,scr2007,avaConv,pvInd_a
hu,1,h0548,0.0,scr2007,avaConv,pvInd_a
hu,1,h0549,0.0,scr2007,avaConv,pvInd_a
hu,1,h0550,0.0,scr2007,avaConv,pvInd_a
hu,1,h0551,0.0,scr2007,avaConv,pvInd_a
hu,1,h0552,0.0,scr2007,avaConv,pvInd_a
ie,1,h0481,0.0,scr2007,avaConv,pvInd_a
ie,1,h0482,0.0,scr2007,avaConv,pvInd_a
ie,1,h0483,0.0,scr2007,avaConv,pvInd_a
ie,1,h0484,0.0,scr2007,avaConv,pvInd_a
ie,1,h0485,0.0,scr2007,avaConv,pvInd_a
ie,1,h0486,0.0,scr2007,avaConv,pvInd_a
ie,1,h0487,0.0,scr2007,avaConv,pvInd_a
ie,1,h0488,0.0,scr2007,avaConv,pvInd_a
ie,1,h0489,0.003486489132737243,scr2007,avaConv,pvInd_a
ie,1,h0490,0.018014918504926557,scr2007,avaConv,pvInd_a
ie,1,h0491,0.05145162218737775,scr2007,avaConv,pvInd_a
ie,1,h0492,0.10092505315000164,scr2007,avaConv,pvInd_a
ie,1,h0493,0.23220112353752195,scr2007,avaConv,pvInd_a
ie,1,h0494,0.35771826934875595,scr2007,avaConv,pvInd_a
ie,1,h0495,0.4589503878900171,scr2007,avaConv,pvInd_a
ie,1,h0496,0.41435575073864167,scr2007,avaConv,pvInd_a
ie,1,h0497,0.3120806089818691,scr2007,avaConv,pvInd_a
ie,1,h0498,0.18674047984626224,scr2007,avaConv,pvInd_a
ie,1,h0499,0.0760340579877357,scr2007,avaConv,pvInd_a
ie,1,h0500,0.020877750252555827,scr2007,avaConv,pvInd_a
ie,1,h0501,0.0,scr2007,avaConv,pvInd_a
ie,1,h0502,0.0,scr2007,avaConv,pvInd_a
ie,1,h0503,0.0,scr2007,avaConv,pvInd_a
ie,1,h0504,0.0,scr2007,avaConv,pvInd_a
ie,1,h0505,0.0,scr2007,avaConv,pvInd_a
ie,1,h0506,0.0,scr2007,avaConv,pvInd_a
ie,1,h0507,0.0,scr2007,avaConv,pvInd_a
ie,1,h0508,0.0,scr2007,avaConv,pvInd_a
ie,1,h0509,0.0,scr2007,avaConv,pvInd_a
ie,1,h0510,0.0,scr2007,avaConv,pvInd_a
ie,1,h0511,0.0,scr2007,avaConv,pvInd_a
ie,1,h0512,0.001114745379783209,scr2007,avaConv,pvInd_a
ie,1,h0513,0.041196817589632916,scr2007,avaConv,pvInd_a
ie,1,h0514,0.1468248323174423,scr2007,avaConv,pvInd_a
ie,1,h0515,0.3127390251165995,scr2007,avaConv,pvInd_a
ie,1,h0516,0.4449435410418105,scr2007,avaConv,pvInd_a
ie,1,h0517,0.4446503036570943,scr2007,avaConv,pvInd_a
ie,1,h0518,0.3742292648954741,scr2007,avaConv,pvInd_a
ie,1,h0519,0.26171996078032167,scr2007,avaConv,pvInd_a
ie,1,h0520,0.194348415402288,scr2007,avaConv,pvInd_a
ie,1,h0521,0.1268421545628407,scr2007,avaConv,pvInd_a
ie,1,h0522,0.0695929331839168,scr2007,avaConv,pvInd_a
ie,1,h0523,0.026956100296000797,scr2007,avaConv,pvInd_a
ie,1,h0524,0.004783288011773523,scr2007,avaConv,pvInd_a
ie,1,h0525,0.0,scr2007,avaConv,pvInd_a
ie,1,h0526,0.0,scr2007,avaConv,pvInd_a
ie,1,h0527,0.0,scr2007,avaConv,pvInd_a
ie,1,h0528,0.0,scr2007,avaConv,pvInd_a
ie,1,h0529,0.0,scr2007,avaConv,pvInd_a
ie,1,h0530,0.0,scr2007,avaConv,pvInd_a
ie,1,h0531,0.0,scr2007,avaConv,pvInd_a
ie,1,h0532,0.0,scr2007,avaConv,pvInd_a
ie,1,h0533,0.0,scr2007,avaConv,pvInd_a
ie,1,h0534,0.0,scr2007,avaConv,pvInd_a
ie,1,h0535,0.0,scr2007,avaConv,pvInd_a
ie,1,h0536,0.0,scr2007,avaConv,pvInd_a
ie,1,h0537,0.025789251417276903,scr2007,avaConv,pvInd_a
ie,1,h0538,0.10988073520898849,scr2007,avaConv,pvInd_a
ie,1,h0539,0.25605946115318523,scr2007,avaConv,pvInd_a
ie,1,h0540,0.39905311632830837,scr2007,avaConv,pvInd_a
ie,1,h0541,0.39248029672296536,scr2007,avaConv,pvInd_a
ie,1,h0542,0.3159031330228014,scr2007,avaConv,pvInd_a
ie,1,h0543,0.20289214957821394,scr2007,avaConv,pvInd_a
ie,1,h0544,0.16654849416399697,scr2007,avaConv,pvInd_a
ie,1,h0545,0.12288509811612393,scr2007,avaConv,pvInd_a
ie,1,h0546,0.06774665617609307,scr2007,avaConv,pvInd_a
ie,1,h0547,0.022231631535902137,scr2007,avaConv,pvInd_a
ie,1,h0548,0.0014488950603137422,scr2007,avaConv,pvInd_a
ie,1,h0549,0.0,scr2007,avaConv,pvInd_a
ie,1,h0550,0.0,scr2007,avaConv,pvInd_a
ie,1,h0551,0.0,scr2007,avaConv,pvInd_a
ie,1,h0552,0.0,scr2007,avaConv,pvInd_a
it_s,1,h0481,0.0,scr2007,avaConv,pvInd_a
it_s,1,h0482,0.0,scr2007,avaConv,pvInd_a
it_s,1,h0483,0.0,scr2007,avaConv,pvInd_a
it_s,1,h0484,0.0,scr2007,avaConv,pvInd_a
it_s,1,h0485,0.0,scr2007,avaConv,pvInd_a
it_s,1,h0486,0.002615426218236948,scr2007,avaConv,pvInd_a
it_s,1,h0487,0.0491148160807839,scr2007,avaConv,pvInd_a
it_s,1,h0488,0.16517166204493963,scr2007,avaConv,pvInd_a
it_s,1,h0489,0.33446650246542264,scr2007,avaConv,pvInd_a
it_s,1,h0490,0.4913058824059584,scr2007,avaConv,pvInd_a
it_s,1,h0491,0.6006182219063765,scr2007,avaConv,pvInd_a
it_s,1,h0492,0.6637052058815784,scr2007,avaConv,pvInd_a
it_s,1,h0493,0.6526560388206218,scr2007,avaConv,pvInd_a
it_s,1,h0494,0.5933113981195529,scr2007,avaConv,pvInd_a
it_s,1,h0495,0.49114213209997615,scr2007,avaConv,pvInd_a
it_s,1,h0496,0.37095162333358983,scr2007,avaConv,pvInd_a
it_s,1,h0497,0.21974508860295489,scr2007,avaConv,pvInd_a
it_s,1,h0498,0.0884612794913348,scr2007,avaConv,pvInd_a
it_s,1,h0499,0.016562451625627778,scr2007,avaConv,pvInd_a
it_s,1,h0500,0.0,scr2007,avaConv,pvInd_a
it_s,1,h0501,0.0,scr2007,avaConv,pvInd_a
it_s,1,h0502,0.0,scr2007,avaConv,pvInd_a
it_s,1,h0503,0.0,scr2007,avaConv,pvInd_a
it_s,1,h0504,0.0,scr2007,avaConv,pvInd_a
it_s,1,h0505,0.0,scr2007,avaConv,pvInd_a
it_s,1,h0506,0.0,scr2007,avaConv,pvInd_a
it_s,1,h0507,0.0,scr2007,avaConv,pvInd_a
it_s,1,h0508,0.0,scr2007,avaConv,pvInd_a
it_s,1,h0509,0.0,scr2007,avaConv,pvInd_a
it_s,1,h0510,0.0,scr2007,avaConv,pvInd_a
it_s,1,h0511,0.03831268895596442,scr2007,avaConv,pvInd_a
it_s,1,h0512,0.1421860247419645,scr2007,avaConv,pvInd_a
it_s,1,h0513,0.30651916519269273,scr2007,avaConv,pvInd_a
it_s,1,h0514,0.46850279316007387,scr2007,avaConv,pvInd_a
it_s,1,h0515,0.5832850881776817,scr2007,avaConv,pvInd_a
it_s,1,h0516,0.64217598507385,scr2007,avaConv,pvInd_a
it_s,1,h0517,0.5546275655587438,scr2007,avaConv,pvInd_a
it_s,1,h0518,0.42594435128968394,scr2007,avaConv,pvInd_a
it_s,1,h0519,0.27191703270740697,scr2007,avaConv,pvInd_a
it_s,1,h0520,0.18680076535375034,scr2007,avaConv,pvInd_a
it_s,1,h0521,0.09778196701899074,scr2007,avaConv,pvInd_a
it_s,1,h0522,0.03268893074198769,scr2007,avaConv,pvInd_a
it_s,1,h0523,0.0033799882798337014,scr2007,avaConv,pvInd_a
it_s,1,h0524,0.0,scr2007,avaConv,pvInd_a
it_s,1,h0525,0.0,scr2007,avaConv,pvInd_a
it_s,1,h0526,0.0,scr2007,avaConv,pvInd_a
it_s,1,h0527,0.0,scr2007,avaConv,pvInd_a
it_s,1,h0528,0.0,scr2007,avaConv,pvInd_a
it_s,1,h0529,0.0,scr2007,avaConv,pvInd_a
it_s,1,h0530,0.0,scr2007,avaConv,pvInd_a
it_s,1,h0531,0.0,scr2007,avaConv,pvInd_a
it_s,1,h0532,0.0,scr2007,avaConv,pvInd_a
it_s,1,h0533,0.0,scr2007,avaConv,pvInd_a
it_s,1,h0534,0.0,scr2007,avaConv,pvInd_a
it_s,1,h0535,0.03267655008881783,scr2007,avaConv,pvInd_a
it_s,1,h0536,0.13023371521833454,scr2007,avaConv,pvInd_a
it_s,1,h0537,0.2928003442378789,scr2007,avaConv,pvInd_a
it_s,1,h0538,0.4603675542951121,scr2007,avaConv,pvInd_a
it_s,1,h0539,0.5817824943447026,scr2007,avaConv,pvInd_a
it_s,1,h0540,0.6459035697270757,scr2007,avaConv,pvInd_a
it_s,1,h0541,0.5515795967467354,scr2007,avaConv,pvInd_a
it_s,1,h0542,0.41953328562597225,scr2007,avaConv,pvInd_a
it_s,1,h0543,0.2596336180675435,scr2007,avaConv,pvInd_a
it_s,1,h0544,0.1783288835058278,scr2007,avaConv,pvInd_a
it_s,1,h0545,0.08812904390931836,scr2007,avaConv,pvInd_a
it_s,1,h0546,0.025647030772116358,scr2007,avaConv,pvInd_a
it_s,1,h0547,0.0,scr2007,avaConv,pvInd_a
it_s,1,h0548,0.0,scr2007,avaConv,pvInd_a
it_s,1,h0549,0.0,scr2007,avaConv,pvInd_a
it_s,1,h0550,0.0,scr2007,avaConv,pvInd_a
it_s,1,h0551,0.0,scr2007,avaConv,pvInd_a
it_s,1,h0552,0.0,scr2007,avaConv,pvInd_a
it_cn,1,h0481,0.0,scr2007,avaConv,pvInd_a
it_cn,1,h0482,0.0,scr2007,avaConv,pvInd_a
it_cn,1,h0483,0.0,scr2007,avaConv,pvInd_a
it_cn,1,h0484,0.0,scr2007,avaConv,pvInd_a
it_cn,1,h0485,0.0,scr2007,avaConv,pvInd_a
it_cn,1,h0486,0.0,scr2007,avaConv,pvInd_a
it_cn,1,h0487,0.0272598409478788,scr2007,avaConv,pvInd_a
it_cn,1,h0488,0.1239391696416016,scr2007,avaConv,pvInd_a
it_cn,1,h0489,0.29225899907852293,scr2007,avaConv,pvInd_a
it_cn,1,h0490,0.4829543139313201,scr2007,avaConv,pvInd_a
it_cn,1,h0491,0.632296056997095,scr2007,avaConv,pvInd_a
it_cn,1,h0492,0.7232905114594433,scr2007,avaConv,pvInd_a
it_cn,1,h0493,0.717327500193976,scr2007,avaConv,pvInd_a
it_cn,1,h0494,0.6440640752414568,scr2007,avaConv,pvInd_a
it_cn,1,h0495,0.5173412474901533,scr2007,avaConv,pvInd_a
it_cn,1,h0496,0.3843758975078848,scr2007,avaConv,pvInd_a
it_cn,1,h0497,0.235786977093861,scr2007,avaConv,pvInd_a
it_cn,1,h0498,0.1034285658546641,scr2007,avaConv,pvInd_a
it_cn,1,h0499,0.025428701951708182,scr2007,avaConv,pvInd_a
it_cn,1,h0500,0.0,scr2007,avaConv,pvInd_a
it_cn,1,h0501,0.0,scr2007,avaConv,pvInd_a
it_cn,1,h0502,0.0,scr2007,avaConv,pvInd_a
it_cn,1,h0503,0.0,scr2007,avaConv,pvInd_a
it_cn,1,h0504,0.0,scr2007,avaConv,pvInd_a
it_cn,1,h0505,0.0,scr2007,avaConv,pvInd_a
it_cn,1,h0506,0.0,scr2007,avaConv,pvInd_a
it_cn,1,h0507,0.0,scr2007,avaConv,pvInd_a
it_cn,1,h0508,0.0,scr2007,avaConv,pvInd_a
it_cn,1,h0509,0.0,scr2007,avaConv,pvInd_a
it_cn,1,h0510,0.0,scr2007,avaConv,pvInd_a
it_cn,1,h0511,0.017828584713897172,scr2007,avaConv,pvInd_a
it_cn,1,h0512,0.09384339845634397,scr2007,avaConv,pvInd_a
it_cn,1,h0513,0.22706193069989333,scr2007,avaConv,pvInd_a
it_cn,1,h0514,0.37425345133245536,scr2007,avaConv,pvInd_a
it_cn,1,h0515,0.4687604153760653,scr2007,avaConv,pvInd_a
it_cn,1,h0516,0.5037028985078098,scr2007,avaConv,pvInd_a
it_cn,1,h0517,0.5240981180118072,scr2007,avaConv,pvInd_a
it_cn,1,h0518,0.512955013666563,scr2007,avaConv,pvInd_a
it_cn,1,h0519,0.4698945869431861,scr2007,avaConv,pvInd_a
it_cn,1,h0520,0.35592253411015307,scr2007,avaConv,pvInd_a
it_cn,1,h0521,0.21374603714486276,scr2007,avaConv,pvInd_a
it_cn,1,h0522,0.08852759764139369,scr2007,avaConv,pvInd_a
it_cn,1,h0523,0.018924599792543288,scr2007,avaConv,pvInd_a
it_cn,1,h0524,0.0,scr2007,avaConv,pvInd_a
it_cn,1,h0525,0.0,scr2007,avaConv,pvInd_a
it_cn,1,h0526,0.0,scr2007,avaConv,pvInd_a
it_cn,1,h0527,0.0,scr2007,avaConv,pvInd_a
it_cn,1,h0528,0.0,scr2007,avaConv,pvInd_a
it_cn,1,h0529,0.0,scr2007,avaConv,pvInd_a
it_cn,1,h0530,0.0,scr2007,avaConv,pvInd_a
it_cn,1,h0531,0.0,scr2007,avaConv,pvInd_a
it_cn,1,h0532,0.0,scr2007,avaConv,pvInd_a
it_cn,1,h0533,0.0,scr2007,avaConv,pvInd_a
it_cn,1,h0534,0.0,scr2007,avaConv,pvInd_a
it_cn,1,h0535,0.009533287595577424,scr2007,avaConv,pvInd_a
it_cn,1,h0536,0.05353477122024288,scr2007,avaConv,pvInd_a
it_cn,1,h0537,0.13324007558113146,scr2007,avaConv,pvInd_a
it_cn,1,h0538,0.2276041211174817,scr2007,avaConv,pvInd_a
it_cn,1,h0539,0.30236133845787955,scr2007,avaConv,pvInd_a
it_cn,1,h0540,0.3510666190499848,scr2007,avaConv,pvInd_a
it_cn,1,h0541,0.42485114529628537,scr2007,avaConv,pvInd_a
it_cn,1,h0542,0.4598892679618091,scr2007,avaConv,pvInd_a
it_cn,1,h0543,0.4511465764353438,scr2007,avaConv,pvInd_a
it_cn,1,h0544,0.3369777938891625,scr2007,avaConv,pvInd_a
it_cn,1,h0545,0.19166291977533503,scr2007,avaConv,pvInd_a
it_cn,1,h0546,0.07239535115477937,scr2007,avaConv,pvInd_a
it_cn,1,h0547,0.01062054918753382,scr2007,avaConv,pvInd_a
it_cn,1,h0548,0.0,scr2007,avaConv,pvInd_a
it_cn,1,h0549,0.0,scr2007,avaConv,pvInd_a
it_cn,1,h0550,0.0,scr2007,avaConv,pvInd_a
it_cn,1,h0551,0.0,scr2007,avaConv,pvInd_a
it_cn,1,h0552,0.0,scr2007,avaConv,pvInd_a
it_cs,1,h0481,0.0,scr2007,avaConv,pvInd_a
it_cs,1,h0482,0.0,scr2007,avaConv,pvInd_a
it_cs,1,h0483,0.0,scr2007,avaConv,pvInd_a
it_cs,1,h0484,0.0,scr2007,avaConv,pvInd_a
it_cs,1,h0485,0.0,scr2007,avaConv,pvInd_a
it_cs,1,h0486,0.0,scr2007,avaConv,pvInd_a
it_cs,1,h0487,0.03318214336845146,scr2007,avaConv,pvInd_a
it_cs,1,h0488,0.13385760447603615,scr2007,avaConv,pvInd_a
it_cs,1,h0489,0.3003460930917175,scr2007,avaConv,pvInd_a
it_cs,1,h0490,0.47542003162927055,scr2007,avaConv,pvInd_a
it_cs,1,h0491,0.6077448796669522,scr2007,avaConv,pvInd_a
it_cs,1,h0492,0.6835537173422621,scr2007,avaConv,pvInd_a
it_cs,1,h0493,0.6908012732861266,scr2007,avaConv,pvInd_a
it_cs,1,h0494,0.6417181223601639,scr2007,avaConv,pvInd_a
it_cs,1,h0495,0.5407531689302444,scr2007,avaConv,pvInd_a
it_cs,1,h0496,0.40339414530282774,scr2007,avaConv,pvInd_a
it_cs,1,h0497,0.24083669121820023,scr2007,avaConv,pvInd_a
it_cs,1,h0498,0.10034801493677081,scr2007,avaConv,pvInd_a
it_cs,1,h0499,0.02259306893471429,scr2007,avaConv,pvInd_a
it_cs,1,h0500,0.0,scr2007,avaConv,pvInd_a
it_cs,1,h0501,0.0,scr2007,avaConv,pvInd_a
it_cs,1,h0502,0.0,scr2007,avaConv,pvInd_a
it_cs,1,h0503,0.0,scr2007,avaConv,pvInd_a
it_cs,1,h0504,0.0,scr2007,avaConv,pvInd_a
it_cs,1,h0505,0.0,scr2007,avaConv,pvInd_a
it_cs,1,h0506,0.0,scr2007,avaConv,pvInd_a
it_cs,1,h0507,0.0,scr2007,avaConv,pvInd_a
it_cs,1,h0508,0.0,scr2007,avaConv,pvInd_a
it_cs,1,h0509,0.0,scr2007,avaConv,pvInd_a
it_cs,1,h0510,0.0,scr2007,avaConv,pvInd_a
it_cs,1,h0511,0.02430820313592499,scr2007,avaConv,pvInd_a
it_cs,1,h0512,0.10746098054514704,scr2007,avaConv,pvInd_a
it_cs,1,h0513,0.25188926224349684,scr2007,avaConv,pvInd_a
it_cs,1,h0514,0.41585052389998267,scr2007,avaConv,pvInd_a
it_cs,1,h0515,0.544089751071662,scr2007,avaConv,pvInd_a
it_cs,1,h0516,0.6175696331810426,scr2007,avaConv,pvInd_a
it_cs,1,h0517,0.5296784507946732,scr2007,avaConv,pvInd_a
it_cs,1,h0518,0.41139632100739365,scr2007,avaConv,pvInd_a
it_cs,1,h0519,0.27174346363564494,scr2007,avaConv,pvInd_a
it_cs,1,h0520,0.21181449665502122,scr2007,avaConv,pvInd_a
it_cs,1,h0521,0.126788171741228,scr2007,avaConv,pvInd_a
it_cs,1,h0522,0.051230331876607894,scr2007,avaConv,pvInd_a
it_cs,1,h0523,0.00985090915129309,scr2007,avaConv,pvInd_a
it_cs,1,h0524,0.0,scr2007,avaConv,pvInd_a
it_cs,1,h0525,0.0,scr2007,avaConv,pvInd_a
it_cs,1,h0526,0.0,scr2007,avaConv,pvInd_a
it_cs,1,h0527,0.0,scr2007,avaConv,pvInd_a
it_cs,1,h0528,0.0,scr2007,avaConv,pvInd_a
it_cs,1,h0529,0.0,scr2007,avaConv,pvInd_a
it_cs,1,h0530,0.0,scr2007,avaConv,pvInd_a
it_cs,1,h0531,0.0,scr2007,avaConv,pvInd_a
it_cs,1,h0532,0.0,scr2007,avaConv,pvInd_a
it_cs,1,h0533,0.0,scr2007,avaConv,pvInd_a
it_cs,1,h0534,0.0,scr2007,avaConv,pvInd_a
it_cs,1,h0535,0.018721445201317737,scr2007,avaConv,pvInd_a
it_cs,1,h0536,0.09082059863587824,scr2007,avaConv,pvInd_a
it_cs,1,h0537,0.22189128335693586,scr2007,avaConv,pvInd_a
it_cs,1,h0538,0.371863145824679,scr2007,avaConv,pvInd_a
it_cs,1,h0539,0.4907095244452123,scr2007,avaConv,pvInd_a
it_cs,1,h0540,0.5604306702426902,scr2007,avaConv,pvInd_a
it_cs,1,h0541,0.5551466582892586,scr2007,avaConv,pvInd_a
it_cs,1,h0542,0.49823505140110935,scr2007,avaConv,pvInd_a
it_cs,1,h0543,0.3944733303323413,scr2007,avaConv,pvInd_a
it_cs,1,h0544,0.27581296944164874,scr2007,avaConv,pvInd_a
it_cs,1,h0545,0.14188563130570836,scr2007,avaConv,pvInd_a
it_cs,1,h0546,0.046295544556203036,scr2007,avaConv,pvInd_a
it_cs,1,h0547,0.0030519015849377615,scr2007,avaConv,pvInd_a
it_cs,1,h0548,0.0,scr2007,avaConv,pvInd_a
it_cs,1,h0549,0.0,scr2007,avaConv,pvInd_a
it_cs,1,h0550,0.0,scr2007,avaConv,pvInd_a
it_cs,1,h0551,0.0,scr2007,avaConv,pvInd_a
it_cs,1,h0552,0.0,scr2007,avaConv,pvInd_a
it_n,1,h0481,0.0,scr2007,avaConv,pvInd_a
it_n,1,h0482,0.0,scr2007,avaConv,pvInd_a
it_n,1,h0483,0.0,scr2007,avaConv,pvInd_a
it_n,1,h0484,0.0,scr2007,avaConv,pvInd_a
it_n,1,h0485,0.0,scr2007,avaConv,pvInd_a
it_n,1,h0486,0.0,scr2007,avaConv,pvInd_a
it_n,1,h0487,0.011750513437600599,scr2007,avaConv,pvInd_a
it_n,1,h0488,0.07767228790565074,scr2007,avaConv,pvInd_a
it_n,1,h0489,0.22505469066157055,scr2007,avaConv,pvInd_a
it_n,1,h0490,0.42331549809487573,scr2007,avaConv,pvInd_a
it_n,1,h0491,0.5980138670795148,scr2007,avaConv,pvInd_a
it_n,1,h0492,0.7127507892464974,scr2007,avaConv,pvInd_a
it_n,1,h0493,0.7478597282665198,scr2007,avaConv,pvInd_a
it_n,1,h0494,0.705070142393379,scr2007,avaConv,pvInd_a
it_n,1,h0495,0.596473221802768,scr2007,avaConv,pvInd_a
it_n,1,h0496,0.44674140547808205,scr2007,avaConv,pvInd_a
it_n,1,h0497,0.27306226643258935,scr2007,avaConv,pvInd_a
it_n,1,h0498,0.11480242700627169,scr2007,avaConv,pvInd_a
it_n,1,h0499,0.026661202836785605,scr2007,avaConv,pvInd_a
it_n,1,h0500,0.00026654049867655036,scr2007,avaConv,pvInd_a
it_n,1,h0501,0.0,scr2007,avaConv,pvInd_a
it_n,1,h0502,0.0,scr2007,avaConv,pvInd_a
it_n,1,h0503,0.0,scr2007,avaConv,pvInd_a
it_n,1,h0504,0.0,scr2007,avaConv,pvInd_a
it_n,1,h0505,0.0,scr2007,avaConv,pvInd_a
it_n,1,h0506,0.0,scr2007,avaConv,pvInd_a
it_n,1,h0507,0.0,scr2007,avaConv,pvInd_a
it_n,1,h0508,0.0,scr2007,avaConv,pvInd_a
it_n,1,h0509,0.0,scr2007,avaConv,pvInd_a
it_n,1,h0510,0.0,scr2007,avaConv,pvInd_a
it_n,1,h0511,0.005155685573844555,scr2007,avaConv,pvInd_a
it_n,1,h0512,0.03930956860412871,scr2007,avaConv,pvInd_a
it_n,1,h0513,0.11718018737027971,scr2007,avaConv,pvInd_a
it_n,1,h0514,0.23579370552864398,scr2007,avaConv,pvInd_a
it_n,1,h0515,0.35019845183471,scr2007,avaConv,pvInd_a
it_n,1,h0516,0.42670069069428895,scr2007,avaConv,pvInd_a
it_n,1,h0517,0.47698031387266854,scr2007,avaConv,pvInd_a
it_n,1,h0518,0.48360017071120726,scr2007,avaConv,pvInd_a
it_n,1,h0519,0.45779232421774463,scr2007,avaConv,pvInd_a
it_n,1,h0520,0.35650833027685425,scr2007,avaConv,pvInd_a
it_n,1,h0521,0.2135269854127107,scr2007,avaConv,pvInd_a
it_n,1,h0522,0.0829260075611071,scr2007,avaConv,pvInd_a
it_n,1,h0523,0.015682110003825907,scr2007,avaConv,pvInd_a
it_n,1,h0524,0.0,scr2007,avaConv,pvInd_a
it_n,1,h0525,0.0,scr2007,avaConv,pvInd_a
it_n,1,h0526,0.0,scr2007,avaConv,pvInd_a
it_n,1,h0527,0.0,scr2007,avaConv,pvInd_a
it_n,1,h0528,0.0,scr2007,avaConv,pvInd_a
it_n,1,h0529,0.0,scr2007,avaConv,pvInd_a
it_n,1,h0530,0.0,scr2007,avaConv,pvInd_a
it_n,1,h0531,0.0,scr2007,avaConv,pvInd_a
it_n,1,h0532,0.0,scr2007,avaConv,pvInd_a
it_n,1,h0533,0.0,scr2007,avaConv,pvInd_a
it_n,1,h0534,0.0,scr2007,avaConv,pvInd_a
it_n,1,h0535,0.0010723205248786038,scr2007,avaConv,pvInd_a
it_n,1,h0536,0.040522891396323035,scr2007,avaConv,pvInd_a
it_n,1,h0537,0.15077312470506365,scr2007,avaConv,pvInd_a
it_n,1,h0538,0.3294075344174929,scr2007,avaConv,pvInd_a
it_n,1,h0539,0.502569723379474,scr2007,avaConv,pvInd_a
it_n,1,h0540,0.6312329368710308,scr2007,avaConv,pvInd_a
it_n,1,h0541,0.6574980299761969,scr2007,avaConv,pvInd_a
it_n,1,h0542,0.6232819421319249,scr2007,avaConv,pvInd_a
it_n,1,h0543,0.5180716591884124,scr2007,avaConv,pvInd_a
it_n,1,h0544,0.3849141863344354,scr2007,avaConv,pvInd_a
it_n,1,h0545,0.20921616026112935,scr2007,avaConv,pvInd_a
it_n,1,h0546,0.07234444958934887,scr2007,avaConv,pvInd_a
it_n,1,h0547,0.010980774822329962,scr2007,avaConv,pvInd_a
it_n,1,h0548,0.0,scr2007,avaConv,pvInd_a
it_n,1,h0549,0.0,scr2007,avaConv,pvInd_a
it_n,1,h0550,0.0,scr2007,avaConv,pvInd_a
it_n,1,h0551,0.0,scr2007,avaConv,pvInd_a
it_n,1,h0552,0.0,scr2007,avaConv,pvInd_a
it_sar,1,h0481,0.0,scr2007,avaConv,pvInd_a
it_sar,1,h0482,0.0,scr2007,avaConv,pvInd_a
it_sar,1,h0483,0.0,scr2007,avaConv,pvInd_a
it_sar,1,h0484,0.0,scr2007,avaConv,pvInd_a
it_sar,1,h0485,0.0,scr2007,avaConv,pvInd_a
it_sar,1,h0486,0.0,scr2007,avaConv,pvInd_a
it_sar,1,h0487,0.023056094217185272,scr2007,avaConv,pvInd_a
it_sar,1,h0488,0.1081783325513347,scr2007,avaConv,pvInd_a
it_sar,1,h0489,0.25418823009729896,scr2007,avaConv,pvInd_a
it_sar,1,h0490,0.42334928473145794,scr2007,avaConv,pvInd_a
it_sar,1,h0491,0.5465263189697397,scr2007,avaConv,pvInd_a
it_sar,1,h0492,0.6092141130730091,scr2007,avaConv,pvInd_a
it_sar,1,h0493,0.4994229393069271,scr2007,avaConv,pvInd_a
it_sar,1,h0494,0.3637057461706751,scr2007,avaConv,pvInd_a
it_sar,1,h0495,0.20685203159601454,scr2007,avaConv,pvInd_a
it_sar,1,h0496,0.15459402849714593,scr2007,avaConv,pvInd_a
it_sar,1,h0497,0.09648748247021018,scr2007,avaConv,pvInd_a
it_sar,1,h0498,0.04425448920807512,scr2007,avaConv,pvInd_a
it_sar,1,h0499,0.014417540281867829,scr2007,avaConv,pvInd_a
it_sar,1,h0500,0.00012642028192063733,scr2007,avaConv,pvInd_a
it_sar,1,h0501,0.0,scr2007,avaConv,pvInd_a
it_sar,1,h0502,0.0,scr2007,avaConv,pvInd_a
it_sar,1,h0503,0.0,scr2007,avaConv,pvInd_a
it_sar,1,h0504,0.0,scr2007,avaConv,pvInd_a
it_sar,1,h0505,0.0,scr2007,avaConv,pvInd_a
it_sar,1,h0506,0.0,scr2007,avaConv,pvInd_a
it_sar,1,h0507,0.0,scr2007,avaConv,pvInd_a
it_sar,1,h0508,0.0,scr2007,avaConv,pvInd_a
it_sar,1,h0509,0.0,scr2007,avaConv,pvInd_a
it_sar,1,h0510,0.0,scr2007,avaConv,pvInd_a
it_sar,1,h0511,0.015366503542156872,scr2007,avaConv,pvInd_a
it_sar,1,h0512,0.07683472871985171,scr2007,avaConv,pvInd_a
it_sar,1,h0513,0.19047470522345408,scr2007,avaConv,pvInd_a
it_sar,1,h0514,0.34299634248309374,scr2007,avaConv,pvInd_a
it_sar,1,h0515,0.4832134709927648,scr2007,avaConv,pvInd_a
it_sar,1,h0516,0.5854128118076399,scr2007,avaConv,pvInd_a
it_sar,1,h0517,0.589003179574896,scr2007,avaConv,pvInd_a
it_sar,1,h0518,0.537544276289577,scr2007,avaConv,pvInd_a
it_sar,1,h0519,0.4315586557651226,scr2007,avaConv,pvInd_a
it_sar,1,h0520,0.32610434919573583,scr2007,avaConv,pvInd_a
it_sar,1,h0521,0.20115353009303322,scr2007,avaConv,pvInd_a
it_sar,1,h0522,0.09135580519995048,scr2007,avaConv,pvInd_a
it_sar,1,h0523,0.02523426631535824,scr2007,avaConv,pvInd_a
it_sar,1,h0524,0.0,scr2007,avaConv,pvInd_a
it_sar,1,h0525,0.0,scr2007,avaConv,pvInd_a
it_sar,1,h0526,0.0,scr2007,avaConv,pvInd_a
it_sar,1,h0527,0.0,scr2007,avaConv,pvInd_a
it_sar,1,h0528,0.0,scr2007,avaConv,pvInd_a
it_sar,1,h0529,0.0,scr2007,avaConv,pvInd_a
it_sar,1,h0530,0.0,scr2007,avaConv,pvInd_a
it_sar,1,h0531,0.0,scr2007,avaConv,pvInd_a
it_sar,1,h0532,0.0,scr2007,avaConv,pvInd_a
it_sar,1,h0533,0.0,scr2007,avaConv,pvInd_a
it_sar,1,h0534,0.0,scr2007,avaConv,pvInd_a
it_sar,1,h0535,0.0015803523196912805,scr2007,avaConv,pvInd_a
it_sar,1,h0536,0.025261667427318994,scr2007,avaConv,pvInd_a
it_sar,1,h0537,0.08449668499875612,scr2007,avaConv,pvInd_a
it_sar,1,h0538,0.170660500067596,scr2007,avaConv,pvInd_a
it_sar,1,h0539,0.26106785760197443,scr2007,avaConv,pvInd_a
it_sar,1,h0540,0.328780748273586,scr2007,avaConv,pvInd_a
it_sar,1,h0541,0.4370277302574041,scr2007,avaConv,pvInd_a
it_sar,1,h0542,0.48735396011715676,scr2007,avaConv,pvInd_a
it_sar,1,h0543,0.47780336290965186,scr2007,avaConv,pvInd_a
it_sar,1,h0544,0.3487128971328075,scr2007,avaConv,pvInd_a
it_sar,1,h0545,0.20508694679791167,scr2007,avaConv,pvInd_a
it_sar,1,h0546,0.08790968032738537,scr2007,avaConv,pvInd_a
it_sar,1,h0547,0.0208175179420063,scr2007,avaConv,pvInd_a
it_sar,1,h0548,0.0,scr2007,avaConv,pvInd_a
it_sar,1,h0549,0.0,scr2007,avaConv,pvInd_a
it_sar,1,h0550,0.0,scr2007,avaConv,pvInd_a
it_sar,1,h0551,0.0,scr2007,avaConv,pvInd_a
it_sar,1,h0552,0.0,scr2007,avaConv,pvInd_a
it_sic,1,h0481,0.0,scr2007,avaConv,pvInd_a
it_sic,1,h0482,0.0,scr2007,avaConv,pvInd_a
it_sic,1,h0483,0.0,scr2007,avaConv,pvInd_a
it_sic,1,h0484,0.0,scr2007,avaConv,pvInd_a
it_sic,1,h0485,0.0,scr2007,avaConv,pvInd_a
it_sic,1,h0486,0.0,scr2007,avaConv,pvInd_a
it_sic,1,h0487,0.0280012771496042,scr2007,avaConv,pvInd_a
it_sic,1,h0488,0.11811326509948901,scr2007,avaConv,pvInd_a
it_sic,1,h0489,0.2720049021231388,scr2007,avaConv,pvInd_a
it_sic,1,h0490,0.43652739207083846,scr2007,avaConv,pvInd_a
it_sic,1,h0491,0.5563562082885645,scr2007,avaConv,pvInd_a
it_sic,1,h0492,0.6092844616412798,scr2007,avaConv,pvInd_a
it_sic,1,h0493,0.5412243783717423,scr2007,avaConv,pvInd_a
it_sic,1,h0494,0.4275041922931079,scr2007,avaConv,pvInd_a
it_sic,1,h0495,0.2900123419231337,scr2007,avaConv,pvInd_a
it_sic,1,h0496,0.1991656553835393,scr2007,avaConv,pvInd_a
it_sic,1,h0497,0.11120186862469891,scr2007,avaConv,pvInd_a
it_sic,1,h0498,0.04546530542208716,scr2007,avaConv,pvInd_a
it_sic,1,h0499,0.010346696610682387,scr2007,avaConv,pvInd_a
it_sic,1,h0500,0.0,scr2007,avaConv,pvInd_a
it_sic,1,h0501,0.0,scr2007,avaConv,pvInd_a
it_sic,1,h0502,0.0,scr2007,avaConv,pvInd_a
it_sic,1,h0503,0.0,scr2007,avaConv,pvInd_a
it_sic,1,h0504,0.0,scr2007,avaConv,pvInd_a
it_sic,1,h0505,0.0,scr2007,avaConv,pvInd_a
it_sic,1,h0506,0.0,scr2007,avaConv,pvInd_a
it_sic,1,h0507,0.0,scr2007,avaConv,pvInd_a
it_sic,1,h0508,0.0,scr2007,avaConv,pvInd_a
it_sic,1,h0509,0.0,scr2007,avaConv,pvInd_a
it_sic,1,h0510,0.0,scr2007,avaConv,pvInd_a
it_sic,1,h0511,0.02484844606509421,scr2007,avaConv,pvInd_a
it_sic,1,h0512,0.11178084349575103,scr2007,avaConv,pvInd_a
it_sic,1,h0513,0.26448810441950527,scr2007,avaConv,pvInd_a
it_sic,1,h0514,0.4320787844693527,scr2007,avaConv,pvInd_a
it_sic,1,h0515,0.5590787808377198,scr2007,avaConv,pvInd_a
it_sic,1,h0516,0.6323326390942439,scr2007,avaConv,pvInd_a
it_sic,1,h0517,0.6008982475206909,scr2007,avaConv,pvInd_a
it_sic,1,h0518,0.5231996898737531,scr2007,avaConv,pvInd_a
it_sic,1,h0519,0.403366434366893,scr2007,avaConv,pvInd_a
it_sic,1,h0520,0.2912880546603511,scr2007,avaConv,pvInd_a
it_sic,1,h0521,0.15863981632643412,scr2007,avaConv,pvInd_a
it_sic,1,h0522,0.05618047249166137,scr2007,avaConv,pvInd_a
it_sic,1,h0523,0.008060786860279123,scr2007,avaConv,pvInd_a
it_sic,1,h0524,0.0,scr2007,avaConv,pvInd_a
it_sic,1,h0525,0.0,scr2007,avaConv,pvInd_a
it_sic,1,h0526,0.0,scr2007,avaConv,pvInd_a
it_sic,1,h0527,0.0,scr2007,avaConv,pvInd_a
it_sic,1,h0528,0.0,scr2007,avaConv,pvInd_a
it_sic,1,h0529,0.0,scr2007,avaConv,pvInd_a
it_sic,1,h0530,0.0,scr2007,avaConv,pvInd_a
it_sic,1,h0531,0.0,scr2007,avaConv,pvInd_a
it_sic,1,h0532,0.0,scr2007,avaConv,pvInd_a
it_sic,1,h0533,0.0,scr2007,avaConv,pvInd_a
it_sic,1,h0534,0.0,scr2007,avaConv,pvInd_a
it_sic,1,h0535,0.012200060862140039,scr2007,avaConv,pvInd_a
it_sic,1,h0536,0.061569259593051616,scr2007,avaConv,pvInd_a
it_sic,1,h0537,0.162643657970817,scr2007,avaConv,pvInd_a
it_sic,1,h0538,0.28735516693464797,scr2007,avaConv,pvInd_a
it_sic,1,h0539,0.383238105207413,scr2007,avaConv,pvInd_a
it_sic,1,h0540,0.4286693469866134,scr2007,avaConv,pvInd_a
it_sic,1,h0541,0.44724771622971715,scr2007,avaConv,pvInd_a
it_sic,1,h0542,0.41493290830598245,scr2007,avaConv,pvInd_a
it_sic,1,h0543,0.34865943672737143,scr2007,avaConv,pvInd_a
it_sic,1,h0544,0.22782716823377994,scr2007,avaConv,pvInd_a
it_sic,1,h0545,0.11333584383626423,scr2007,avaConv,pvInd_a
it_sic,1,h0546,0.034417911966669844,scr2007,avaConv,pvInd_a
it_sic,1,h0547,0.0021169209753774854,scr2007,avaConv,pvInd_a
it_sic,1,h0548,0.0,scr2007,avaConv,pvInd_a
it_sic,1,h0549,0.0,scr2007,avaConv,pvInd_a
it_sic,1,h0550,0.0,scr2007,avaConv,pvInd_a
it_sic,1,h0551,0.0,scr2007,avaConv,pvInd_a
it_sic,1,h0552,0.0,scr2007,avaConv,pvInd_a
lt,1,h0481,0.0,scr2007,avaConv,pvInd_a
lt,1,h0482,0.0,scr2007,avaConv,pvInd_a
lt,1,h0483,0.0,scr2007,avaConv,pvInd_a
lt,1,h0484,0.0,scr2007,avaConv,pvInd_a
lt,1,h0485,0.0,scr2007,avaConv,pvInd_a
lt,1,h0486,0.00704511752926577,scr2007,avaConv,pvInd_a
lt,1,h0487,0.031577360241580914,scr2007,avaConv,pvInd_a
lt,1,h0488,0.078578943774781,scr2007,avaConv,pvInd_a
lt,1,h0489,0.13072844568245673,scr2007,avaConv,pvInd_a
lt,1,h0490,0.17120707742951455,scr2007,avaConv,pvInd_a
lt,1,h0491,0.19246668064496136,scr2007,avaConv,pvInd_a
lt,1,h0492,0.2064613261981085,scr2007,avaConv,pvInd_a
lt,1,h0493,0.33233764177898356,scr2007,avaConv,pvInd_a
lt,1,h0494,0.41640187231970527,scr2007,avaConv,pvInd_a
lt,1,h0495,0.4449073327771882,scr2007,avaConv,pvInd_a
lt,1,h0496,0.2872472735610041,scr2007,avaConv,pvInd_a
lt,1,h0497,0.13421525995946104,scr2007,avaConv,pvInd_a
lt,1,h0498,0.03598061039175706,scr2007,avaConv,pvInd_a
lt,1,h0499,0.0005545313122703577,scr2007,avaConv,pvInd_a
lt,1,h0500,0.0,scr2007,avaConv,pvInd_a
lt,1,h0501,0.0,scr2007,avaConv,pvInd_a
lt,1,h0502,0.0,scr2007,avaConv,pvInd_a
lt,1,h0503,0.0,scr2007,avaConv,pvInd_a
lt,1,h0504,0.0,scr2007,avaConv,pvInd_a
lt,1,h0505,0.0,scr2007,avaConv,pvInd_a
lt,1,h0506,0.0,scr2007,avaConv,pvInd_a
lt,1,h0507,0.0,scr2007,avaConv,pvInd_a
lt,1,h0508,0.0,scr2007,avaConv,pvInd_a
lt,1,h0509,0.0,scr2007,avaConv,pvInd_a
lt,1,h0510,0.00504069033674662,scr2007,avaConv,pvInd_a
lt,1,h0511,0.008286668641804846,scr2007,avaConv,pvInd_a
lt,1,h0512,0.01869251338769023,scr2007,avaConv,pvInd_a
lt,1,h0513,0.03177165435240647,scr2007,avaConv,pvInd_a
lt,1,h0514,0.05640398153353062,scr2007,avaConv,pvInd_a
lt,1,h0515,0.07861138773232466,scr2007,avaConv,pvInd_a
lt,1,h0516,0.08805352220471516,scr2007,avaConv,pvInd_a
lt,1,h0517,0.1257374333262642,scr2007,avaConv,pvInd_a
lt,1,h0518,0.14465792733576047,scr2007,avaConv,pvInd_a
lt,1,h0519,0.14572591314860328,scr2007,avaConv,pvInd_a
lt,1,h0520,0.08612256550610227,scr2007,avaConv,pvInd_a
lt,1,h0521,0.034744897326135185,scr2007,avaConv,pvInd_a
lt,1,h0522,0.006594596016258586,scr2007,avaConv,pvInd_a
lt,1,h0523,0.0,scr2007,avaConv,pvInd_a
lt,1,h0524,0.0,scr2007,avaConv,pvInd_a
lt,1,h0525,0.0,scr2007,avaConv,pvInd_a
lt,1,h0526,0.0,scr2007,avaConv,pvInd_a
lt,1,h0527,0.0,scr2007,avaConv,pvInd_a
lt,1,h0528,0.0,scr2007,avaConv,pvInd_a
lt,1,h0529,0.0,scr2007,avaConv,pvInd_a
lt,1,h0530,0.0,scr2007,avaConv,pvInd_a
lt,1,h0531,0.0,scr2007,avaConv,pvInd_a
lt,1,h0532,0.0,scr2007,avaConv,pvInd_a
lt,1,h0533,0.0,scr2007,avaConv,pvInd_a
lt,1,h0534,0.0,scr2007,avaConv,pvInd_a
lt,1,h0535,0.00895656958544165,scr2007,avaConv,pvInd_a
lt,1,h0536,0.03824490322221136,scr2007,avaConv,pvInd_a
lt,1,h0537,0.09038376282895627,scr2007,avaConv,pvInd_a
lt,1,h0538,0.15371481433701167,scr2007,avaConv,pvInd_a
lt,1,h0539,0.19849513156512813,scr2007,avaConv,pvInd_a
lt,1,h0540,0.2140248990094458,scr2007,avaConv,pvInd_a
lt,1,h0541,0.3079454848484509,scr2007,avaConv,pvInd_a
lt,1,h0542,0.3447213056489667,scr2007,avaConv,pvInd_a
lt,1,h0543,0.3263393913075409,scr2007,avaConv,pvInd_a
lt,1,h0544,0.15367555165900845,scr2007,avaConv,pvInd_a
lt,1,h0545,0.04492777624750421,scr2007,avaConv,pvInd_a
lt,1,h0546,0.0,scr2007,avaConv,pvInd_a
lt,1,h0547,0.0,scr2007,avaConv,pvInd_a
lt,1,h0548,0.0,scr2007,avaConv,pvInd_a
lt,1,h0549,0.0,scr2007,avaConv,pvInd_a
lt,1,h0550,0.0,scr2007,avaConv,pvInd_a
lt,1,h0551,0.0,scr2007,avaConv,pvInd_a
lt,1,h0552,0.0,scr2007,avaConv,pvInd_a
lu,1,h0481,0.0,scr2007,avaConv,pvInd_a
lu,1,h0482,0.0,scr2007,avaConv,pvInd_a
lu,1,h0483,0.0,scr2007,avaConv,pvInd_a
lu,1,h0484,0.0,scr2007,avaConv,pvInd_a
lu,1,h0485,0.0,scr2007,avaConv,pvInd_a
lu,1,h0486,0.0,scr2007,avaConv,pvInd_a
lu,1,h0487,0.007094237198640056,scr2007,avaConv,pvInd_a
lu,1,h0488,0.06146197723435618,scr2007,avaConv,pvInd_a
lu,1,h0489,0.18807095063917367,scr2007,avaConv,pvInd_a
lu,1,h0490,0.36179145297434345,scr2007,avaConv,pvInd_a
lu,1,h0491,0.4978665175223817,scr2007,avaConv,pvInd_a
lu,1,h0492,0.569103830024201,scr2007,avaConv,pvInd_a
lu,1,h0493,0.501446751529987,scr2007,avaConv,pvInd_a
lu,1,h0494,0.3899569556016499,scr2007,avaConv,pvInd_a
lu,1,h0495,0.23092838951207498,scr2007,avaConv,pvInd_a
lu,1,h0496,0.12720751573787673,scr2007,avaConv,pvInd_a
lu,1,h0497,0.04626454776134101,scr2007,avaConv,pvInd_a
lu,1,h0498,0.009797345362929064,scr2007,avaConv,pvInd_a
lu,1,h0499,0.0008506551127687117,scr2007,avaConv,pvInd_a
lu,1,h0500,0.0,scr2007,avaConv,pvInd_a
lu,1,h0501,0.0,scr2007,avaConv,pvInd_a
lu,1,h0502,0.0,scr2007,avaConv,pvInd_a
lu,1,h0503,0.0,scr2007,avaConv,pvInd_a
lu,1,h0504,0.0,scr2007,avaConv,pvInd_a
lu,1,h0505,0.0,scr2007,avaConv,pvInd_a
lu,1,h0506,0.0,scr2007,avaConv,pvInd_a
lu,1,h0507,0.0,scr2007,avaConv,pvInd_a
lu,1,h0508,0.0,scr2007,avaConv,pvInd_a
lu,1,h0509,0.0,scr2007,avaConv,pvInd_a
lu,1,h0510,0.0,scr2007,avaConv,pvInd_a
lu,1,h0511,0.0,scr2007,avaConv,pvInd_a
lu,1,h0512,0.005947596335851878,scr2007,avaConv,pvInd_a
lu,1,h0513,0.02879580834918034,scr2007,avaConv,pvInd_a
lu,1,h0514,0.08169988959966754,scr2007,avaConv,pvInd_a
lu,1,h0515,0.1564625154914866,scr2007,avaConv,pvInd_a
lu,1,h0516,0.21862992098338105,scr2007,avaConv,pvInd_a
lu,1,h0517,0.39547938457174914,scr2007,avaConv,pvInd_a
lu,1,h0518,0.5234582602738724,scr2007,avaConv,pvInd_a
lu,1,h0519,0.604648862557556,scr2007,avaConv,pvInd_a
lu,1,h0520,0.46681767795181167,scr2007,avaConv,pvInd_a
lu,1,h0521,0.2893824906173354,scr2007,avaConv,pvInd_a
lu,1,h0522,0.12380774447720438,scr2007,avaConv,pvInd_a
lu,1,h0523,0.02843728520938356,scr2007,avaConv,pvInd_a
lu,1,h0524,0.0,scr2007,avaConv,pvInd_a
lu,1,h0525,0.0,scr2007,avaConv,pvInd_a
lu,1,h0526,0.0,scr2007,avaConv,pvInd_a
lu,1,h0527,0.0,scr2007,avaConv,pvInd_a
lu,1,h0528,0.0,scr2007,avaConv,pvInd_a
lu,1,h0529,0.0,scr2007,avaConv,pvInd_a
lu,1,h0530,0.0,scr2007,avaConv,pvInd_a
lu,1,h0531,0.0,scr2007,avaConv,pvInd_a
lu,1,h0532,0.0,scr2007,avaConv,pvInd_a
lu,1,h0533,0.0,scr2007,avaConv,pvInd_a
lu,1,h0534,0.0,scr2007,avaConv,pvInd_a
lu,1,h0535,0.0,scr2007,avaConv,pvInd_a
lu,1,h0536,0.005485278093423708,scr2007,avaConv,pvInd_a
lu,1,h0537,0.02091264980272459,scr2007,avaConv,pvInd_a
lu,1,h0538,0.045252395312304995,scr2007,avaConv,pvInd_a
lu,1,h0539,0.07998501949932384,scr2007,avaConv,pvInd_a
lu,1,h0540,0.11215457818386985,scr2007,avaConv,pvInd_a
lu,1,h0541,0.29934773973228546,scr2007,avaConv,pvInd_a
lu,1,h0542,0.4626357948794535,scr2007,avaConv,pvInd_a
lu,1,h0543,0.5748823864863247,scr2007,avaConv,pvInd_a
lu,1,h0544,0.43181831167799767,scr2007,avaConv,pvInd_a
lu,1,h0545,0.248305162136978,scr2007,avaConv,pvInd_a
lu,1,h0546,0.09560358720584863,scr2007,avaConv,pvInd_a
lu,1,h0547,0.01864896248257291,scr2007,avaConv,pvInd_a
lu,1,h0548,0.0,scr2007,avaConv,pvInd_a
lu,1,h0549,0.0,scr2007,avaConv,pvInd_a
lu,1,h0550,0.0,scr2007,avaConv,pvInd_a
lu,1,h0551,0.0,scr2007,avaConv,pvInd_a
lu,1,h0552,0.0,scr2007,avaConv,pvInd_a
lv,1,h0481,0.0,scr2007,avaConv,pvInd_a
lv,1,h0482,0.0,scr2007,avaConv,pvInd_a
lv,1,h0483,0.0,scr2007,avaConv,pvInd_a
lv,1,h0484,0.0,scr2007,avaConv,pvInd_a
lv,1,h0485,0.0,scr2007,avaConv,pvInd_a
lv,1,h0486,0.005195090950820358,scr2007,avaConv,pvInd_a
lv,1,h0487,0.02150141705029585,scr2007,avaConv,pvInd_a
lv,1,h0488,0.055178130467867466,scr2007,avaConv,pvInd_a
lv,1,h0489,0.08748687283192867,scr2007,avaConv,pvInd_a
lv,1,h0490,0.10933695035281563,scr2007,avaConv,pvInd_a
lv,1,h0491,0.11850568071523254,scr2007,avaConv,pvInd_a
lv,1,h0492,0.12299355630785815,scr2007,avaConv,pvInd_a
lv,1,h0493,0.2818231032438056,scr2007,avaConv,pvInd_a
lv,1,h0494,0.4031154238599446,scr2007,avaConv,pvInd_a
lv,1,h0495,0.46502105458462795,scr2007,avaConv,pvInd_a
lv,1,h0496,0.28912617650608097,scr2007,avaConv,pvInd_a
lv,1,h0497,0.12430359898595428,scr2007,avaConv,pvInd_a
lv,1,h0498,0.029790202321261883,scr2007,avaConv,pvInd_a
lv,1,h0499,0.0,scr2007,avaConv,pvInd_a
lv,1,h0500,0.0,scr2007,avaConv,pvInd_a
lv,1,h0501,0.0,scr2007,avaConv,pvInd_a
lv,1,h0502,0.0,scr2007,avaConv,pvInd_a
lv,1,h0503,0.0,scr2007,avaConv,pvInd_a
lv,1,h0504,0.0,scr2007,avaConv,pvInd_a
lv,1,h0505,0.0,scr2007,avaConv,pvInd_a
lv,1,h0506,0.0,scr2007,avaConv,pvInd_a
lv,1,h0507,0.0,scr2007,avaConv,pvInd_a
lv,1,h0508,0.0,scr2007,avaConv,pvInd_a
lv,1,h0509,0.0,scr2007,avaConv,pvInd_a
lv,1,h0510,0.003272965559920822,scr2007,avaConv,pvInd_a
lv,1,h0511,0.008445721805398753,scr2007,avaConv,pvInd_a
lv,1,h0512,0.021402737426283652,scr2007,avaConv,pvInd_a
lv,1,h0513,0.039178657028478864,scr2007,avaConv,pvInd_a
lv,1,h0514,0.06632403963432794,scr2007,avaConv,pvInd_a
lv,1,h0515,0.09129971321696932,scr2007,avaConv,pvInd_a
lv,1,h0516,0.11079180251471918,scr2007,avaConv,pvInd_a
lv,1,h0517,0.1488269253660344,scr2007,avaConv,pvInd_a
lv,1,h0518,0.15820181974199707,scr2007,avaConv,pvInd_a
lv,1,h0519,0.1374534029404528,scr2007,avaConv,pvInd_a
lv,1,h0520,0.07141075254649694,scr2007,avaConv,pvInd_a
lv,1,h0521,0.024971361039566504,scr2007,avaConv,pvInd_a
lv,1,h0522,0.004686268688926786,scr2007,avaConv,pvInd_a
lv,1,h0523,0.0,scr2007,avaConv,pvInd_a
lv,1,h0524,0.0,scr2007,avaConv,pvInd_a
lv,1,h0525,0.0,scr2007,avaConv,pvInd_a
lv,1,h0526,0.0,scr2007,avaConv,pvInd_a
lv,1,h0527,0.0,scr2007,avaConv,pvInd_a
lv,1,h0528,0.0,scr2007,avaConv,pvInd_a
lv,1,h0529,0.0,scr2007,avaConv,pvInd_a
lv,1,h0530,0.0,scr2007,avaConv,pvInd_a
lv,1,h0531,0.0,scr2007,avaConv,pvInd_a
lv,1,h0532,0.0,scr2007,avaConv,pvInd_a
lv,1,h0533,0.0,scr2007,avaConv,pvInd_a
lv,1,h0534,0.0,scr2007,avaConv,pvInd_a
lv,1,h0535,0.0005985690960783,scr2007,avaConv,pvInd_a
lv,1,h0536,0.004996051162739294,scr2007,avaConv,pvInd_a
lv,1,h0537,0.017652983611573754,scr2007,avaConv,pvInd_a
lv,1,h0538,0.041790531254903056,scr2007,avaConv,pvInd_a
lv,1,h0539,0.06318796948462409,scr2007,avaConv,pvInd_a
lv,1,h0540,0.07417442924290904,scr2007,avaConv,pvInd_a
lv,1,h0541,0.14194986437321194,scr2007,avaConv,pvInd_a
lv,1,h0542,0.1743233933858931,scr2007,avaConv,pvInd_a
lv,1,h0543,0.17551848948016502,scr2007,avaConv,pvInd_a
lv,1,h0544,0.07662531983193062,scr2007,avaConv,pvInd_a
lv,1,h0545,0.02136254602033945,scr2007,avaConv,pvInd_a
lv,1,h0546,0.0,scr2007,avaConv,pvInd_a
lv,1,h0547,0.0,scr2007,avaConv,pvInd_a
lv,1,h0548,0.0,scr2007,avaConv,pvInd_a
lv,1,h0549,0.0,scr2007,avaConv,pvInd_a
lv,1,h0550,0.0,scr2007,avaConv,pvInd_a
lv,1,h0551,0.0,scr2007,avaConv,pvInd_a
lv,1,h0552,0.0,scr2007,avaConv,pvInd_a
me,1,h0481,0.0,scr2007,avaConv,pvInd_a
me,1,h0482,0.0,scr2007,avaConv,pvInd_a
me,1,h0483,0.0,scr2007,avaConv,pvInd_a
me,1,h0484,0.0,scr2007,avaConv,pvInd_a
me,1,h0485,0.0,scr2007,avaConv,pvInd_a
me,1,h0486,0.00485985383075373,scr2007,avaConv,pvInd_a
me,1,h0487,0.05299571402549964,scr2007,avaConv,pvInd_a
me,1,h0488,0.1701223030433289,scr2007,avaConv,pvInd_a
me,1,h0489,0.3438686241715831,scr2007,avaConv,pvInd_a
me,1,h0490,0.5088342345940835,scr2007,avaConv,pvInd_a
me,1,h0491,0.6259787134605043,scr2007,avaConv,pvInd_a
me,1,h0492,0.6879883596315928,scr2007,avaConv,pvInd_a
me,1,h0493,0.7010630775406821,scr2007,avaConv,pvInd_a
me,1,h0494,0.6526785721911237,scr2007,avaConv,pvInd_a
me,1,h0495,0.5433794458329891,scr2007,avaConv,pvInd_a
me,1,h0496,0.37229205757776107,scr2007,avaConv,pvInd_a
me,1,h0497,0.19049907280707773,scr2007,avaConv,pvInd_a
me,1,h0498,0.06287842624478755,scr2007,avaConv,pvInd_a
me,1,h0499,0.007808125167719633,scr2007,avaConv,pvInd_a
me,1,h0500,0.0,scr2007,avaConv,pvInd_a
me,1,h0501,0.0,scr2007,avaConv,pvInd_a
me,1,h0502,0.0,scr2007,avaConv,pvInd_a
me,1,h0503,0.0,scr2007,avaConv,pvInd_a
me,1,h0504,0.0,scr2007,avaConv,pvInd_a
me,1,h0505,0.0,scr2007,avaConv,pvInd_a
me,1,h0506,0.0,scr2007,avaConv,pvInd_a
me,1,h0507,0.0,scr2007,avaConv,pvInd_a
me,1,h0508,0.0,scr2007,avaConv,pvInd_a
me,1,h0509,0.0,scr2007,avaConv,pvInd_a
me,1,h0510,0.0015302073619245906,scr2007,avaConv,pvInd_a
me,1,h0511,0.04259882424802489,scr2007,avaConv,pvInd_a
me,1,h0512,0.15272278829867275,scr2007,avaConv,pvInd_a
me,1,h0513,0.32363135903790596,scr2007,avaConv,pvInd_a
me,1,h0514,0.4863237665074576,scr2007,avaConv,pvInd_a
me,1,h0515,0.5993826966056673,scr2007,avaConv,pvInd_a
me,1,h0516,0.6597125233129689,scr2007,avaConv,pvInd_a
me,1,h0517,0.4604842033957304,scr2007,avaConv,pvInd_a
me,1,h0518,0.2508277144423894,scr2007,avaConv,pvInd_a
me,1,h0519,0.05100927608863591,scr2007,avaConv,pvInd_a
me,1,h0520,0.03281344219395269,scr2007,avaConv,pvInd_a
me,1,h0521,0.013507147896277836,scr2007,avaConv,pvInd_a
me,1,h0522,0.0033584154236794145,scr2007,avaConv,pvInd_a
me,1,h0523,0.0,scr2007,avaConv,pvInd_a
me,1,h0524,0.0,scr2007,avaConv,pvInd_a
me,1,h0525,0.0,scr2007,avaConv,pvInd_a
me,1,h0526,0.0,scr2007,avaConv,pvInd_a
me,1,h0527,0.0,scr2007,avaConv,pvInd_a
me,1,h0528,0.0,scr2007,avaConv,pvInd_a
me,1,h0529,0.0,scr2007,avaConv,pvInd_a
me,1,h0530,0.0,scr2007,avaConv,pvInd_a
me,1,h0531,0.0,scr2007,avaConv,pvInd_a
me,1,h0532,0.0,scr2007,avaConv,pvInd_a
me,1,h0533,0.0,scr2007,avaConv,pvInd_a
me,1,h0534,0.0,scr2007,avaConv,pvInd_a
me,1,h0535,0.03649961836851271,scr2007,avaConv,pvInd_a
me,1,h0536,0.14693804149879403,scr2007,avaConv,pvInd_a
me,1,h0537,0.3278885300586268,scr2007,avaConv,pvInd_a
me,1,h0538,0.5061392084453391,scr2007,avaConv,pvInd_a
me,1,h0539,0.627457655021147,scr2007,avaConv,pvInd_a
me,1,h0540,0.6869748217893537,scr2007,avaConv,pvInd_a
me,1,h0541,0.5807742990192952,scr2007,avaConv,pvInd_a
me,1,h0542,0.41578597804129297,scr2007,avaConv,pvInd_a
me,1,h0543,0.21200074535753535,scr2007,avaConv,pvInd_a
me,1,h0544,0.10217154227320929,scr2007,avaConv,pvInd_a
me,1,h0545,0.03128084476606164,scr2007,avaConv,pvInd_a
me,1,h0546,0.004598110554351312,scr2007,avaConv,pvInd_a
me,1,h0547,0.0,scr2007,avaConv,pvInd_a
me,1,h0548,0.0,scr2007,avaConv,pvInd_a
me,1,h0549,0.0,scr2007,avaConv,pvInd_a
me,1,h0550,0.0,scr2007,avaConv,pvInd_a
me,1,h0551,0.0,scr2007,avaConv,pvInd_a
me,1,h0552,0.0,scr2007,avaConv,pvInd_a
mk,1,h0481,0.0,scr2007,avaConv,pvInd_a
mk,1,h0482,0.0,scr2007,avaConv,pvInd_a
mk,1,h0483,0.0,scr2007,avaConv,pvInd_a
mk,1,h0484,0.0,scr2007,avaConv,pvInd_a
mk,1,h0485,0.0,scr2007,avaConv,pvInd_a
mk,1,h0486,0.01902804261963291,scr2007,avaConv,pvInd_a
mk,1,h0487,0.06749661170940988,scr2007,avaConv,pvInd_a
mk,1,h0488,0.1610188162695086,scr2007,avaConv,pvInd_a
mk,1,h0489,0.26520931603589465,scr2007,avaConv,pvInd_a
mk,1,h0490,0.34327385424699036,scr2007,avaConv,pvInd_a
mk,1,h0491,0.3746689019229029,scr2007,avaConv,pvInd_a
mk,1,h0492,0.3694248756200681,scr2007,avaConv,pvInd_a
mk,1,h0493,0.47106468221113396,scr2007,avaConv,pvInd_a
mk,1,h0494,0.5366941461448278,scr2007,avaConv,pvInd_a
mk,1,h0495,0.5534837113927781,scr2007,avaConv,pvInd_a
mk,1,h0496,0.3895707241883703,scr2007,avaConv,pvInd_a
mk,1,h0497,0.20730715541516964,scr2007,avaConv,pvInd_a
mk,1,h0498,0.07242727387576428,scr2007,avaConv,pvInd_a
mk,1,h0499,0.008145108375465279,scr2007,avaConv,pvInd_a
mk,1,h0500,0.0,scr2007,avaConv,pvInd_a
mk,1,h0501,0.0,scr2007,avaConv,pvInd_a
mk,1,h0502,0.0,scr2007,avaConv,pvInd_a
mk,1,h0503,0.0,scr2007,avaConv,pvInd_a
mk,1,h0504,0.0,scr2007,avaConv,pvInd_a
mk,1,h0505,0.0,scr2007,avaConv,pvInd_a
mk,1,h0506,0.0,scr2007,avaConv,pvInd_a
mk,1,h0507,0.0,scr2007,avaConv,pvInd_a
mk,1,h0508,0.0,scr2007,avaConv,pvInd_a
mk,1,h0509,0.0,scr2007,avaConv,pvInd_a
mk,1,h0510,0.004698609816293065,scr2007,avaConv,pvInd_a
mk,1,h0511,0.08119856354289536,scr2007,avaConv,pvInd_a
mk,1,h0512,0.22542851926446922,scr2007,avaConv,pvInd_a
mk,1,h0513,0.4139372912987889,scr2007,avaConv,pvInd_a
mk,1,h0514,0.5647445731721915,scr2007,avaConv,pvInd_a
mk,1,h0515,0.6572779070180136,scr2007,avaConv,pvInd_a
mk,1,h0516,0.696192066472921,scr2007,avaConv,pvInd_a
mk,1,h0517,0.5616791644392877,scr2007,avaConv,pvInd_a
mk,1,h0518,0.39561355700358913,scr2007,avaConv,pvInd_a
mk,1,h0519,0.20282108959305156,scr2007,avaConv,pvInd_a
mk,1,h0520,0.12448916159401742,scr2007,avaConv,pvInd_a
mk,1,h0521,0.054085130620097635,scr2007,avaConv,pvInd_a
mk,1,h0522,0.013515179336318933,scr2007,avaConv,pvInd_a
mk,1,h0523,0.0,scr2007,avaConv,pvInd_a
mk,1,h0524,0.0,scr2007,avaConv,pvInd_a
mk,1,h0525,0.0,scr2007,avaConv,pvInd_a
mk,1,h0526,0.0,scr2007,avaConv,pvInd_a
mk,1,h0527,0.0,scr2007,avaConv,pvInd_a
mk,1,h0528,0.0,scr2007,avaConv,pvInd_a
mk,1,h0529,0.0,scr2007,avaConv,pvInd_a
mk,1,h0530,0.0,scr2007,avaConv,pvInd_a
mk,1,h0531,0.0,scr2007,avaConv,pvInd_a
mk,1,h0532,0.0,scr2007,avaConv,pvInd_a
mk,1,h0533,0.0,scr2007,avaConv,pvInd_a
mk,1,h0534,0.002520874661038182,scr2007,avaConv,pvInd_a
mk,1,h0535,0.07455805794147363,scr2007,avaConv,pvInd_a
mk,1,h0536,0.21933922912467446,scr2007,avaConv,pvInd_a
mk,1,h0537,0.41381572790809606,scr2007,avaConv,pvInd_a
mk,1,h0538,0.5743640276337753,scr2007,avaConv,pvInd_a
mk,1,h0539,0.6705780738546169,scr2007,avaConv,pvInd_a
mk,1,h0540,0.7093077761426646,scr2007,avaConv,pvInd_a
mk,1,h0541,0.5284125354225563,scr2007,avaConv,pvInd_a
mk,1,h0542,0.3184180884368131,scr2007,avaConv,pvInd_a
mk,1,h0543,0.09183873714992737,scr2007,avaConv,pvInd_a
mk,1,h0544,0.04249125250737657,scr2007,avaConv,pvInd_a
mk,1,h0545,0.011877250867930476,scr2007,avaConv,pvInd_a
mk,1,h0546,0.0008669260865082041,scr2007,avaConv,pvInd_a
mk,1,h0547,0.0,scr2007,avaConv,pvInd_a
mk,1,h0548,0.0,scr2007,avaConv,pvInd_a
mk,1,h0549,0.0,scr2007,avaConv,pvInd_a
mk,1,h0550,0.0,scr2007,avaConv,pvInd_a
mk,1,h0551,0.0,scr2007,avaConv,pvInd_a
mk,1,h0552,0.0,scr2007,avaConv,pvInd_a
nl,1,h0481,0.0,scr2007,avaConv,pvInd_a
nl,1,h0482,0.0,scr2007,avaConv,pvInd_a
nl,1,h0483,0.0,scr2007,avaConv,pvInd_a
nl,1,h0484,0.0,scr2007,avaConv,pvInd_a
nl,1,h0485,0.0,scr2007,avaConv,pvInd_a
nl,1,h0486,0.0,scr2007,avaConv,pvInd_a
nl,1,h0487,0.002304759988768829,scr2007,avaConv,pvInd_a
nl,1,h0488,0.01180622489566313,scr2007,avaConv,pvInd_a
nl,1,h0489,0.02893484923883919,scr2007,avaConv,pvInd_a
nl,1,h0490,0.05140926138714917,scr2007,avaConv,pvInd_a
nl,1,h0491,0.0767058146851195,scr2007,avaConv,pvInd_a
nl,1,h0492,0.1253178102878001,scr2007,avaConv,pvInd_a
nl,1,h0493,0.2454490430875263,scr2007,avaConv,pvInd_a
nl,1,h0494,0.30350891958814774,scr2007,avaConv,pvInd_a
nl,1,h0495,0.2561075460360693,scr2007,avaConv,pvInd_a
nl,1,h0496,0.11105369640213918,scr2007,avaConv,pvInd_a
nl,1,h0497,0.02828481168657075,scr2007,avaConv,pvInd_a
nl,1,h0498,0.00777949699850085,scr2007,avaConv,pvInd_a
nl,1,h0499,0.004401941376426516,scr2007,avaConv,pvInd_a
nl,1,h0500,0.0007702225276981038,scr2007,avaConv,pvInd_a
nl,1,h0501,0.0,scr2007,avaConv,pvInd_a
nl,1,h0502,0.0,scr2007,avaConv,pvInd_a
nl,1,h0503,0.0,scr2007,avaConv,pvInd_a
nl,1,h0504,0.0,scr2007,avaConv,pvInd_a
nl,1,h0505,0.0,scr2007,avaConv,pvInd_a
nl,1,h0506,0.0,scr2007,avaConv,pvInd_a
nl,1,h0507,0.0,scr2007,avaConv,pvInd_a
nl,1,h0508,0.0,scr2007,avaConv,pvInd_a
nl,1,h0509,0.0,scr2007,avaConv,pvInd_a
nl,1,h0510,0.0,scr2007,avaConv,pvInd_a
nl,1,h0511,0.0,scr2007,avaConv,pvInd_a
nl,1,h0512,0.009257894398536118,scr2007,avaConv,pvInd_a
nl,1,h0513,0.041438624978552704,scr2007,avaConv,pvInd_a
nl,1,h0514,0.09672773831449051,scr2007,avaConv,pvInd_a
nl,1,h0515,0.16358328193930996,scr2007,avaConv,pvInd_a
nl,1,h0516,0.2220966498821134,scr2007,avaConv,pvInd_a
nl,1,h0517,0.34014122333004587,scr2007,avaConv,pvInd_a
nl,1,h0518,0.4123327556120216,scr2007,avaConv,pvInd_a
nl,1,h0519,0.4329455548990909,scr2007,avaConv,pvInd_a
nl,1,h0520,0.31819753502626824,scr2007,avaConv,pvInd_a
nl,1,h0521,0.18834216266166653,scr2007,avaConv,pvInd_a
nl,1,h0522,0.07582495711904848,scr2007,avaConv,pvInd_a
nl,1,h0523,0.01742854487794226,scr2007,avaConv,pvInd_a
nl,1,h0524,0.0,scr2007,avaConv,pvInd_a
nl,1,h0525,0.0,scr2007,avaConv,pvInd_a
nl,1,h0526,0.0,scr2007,avaConv,pvInd_a
nl,1,h0527,0.0,scr2007,avaConv,pvInd_a
nl,1,h0528,0.0,scr2007,avaConv,pvInd_a
nl,1,h0529,0.0,scr2007,avaConv,pvInd_a
nl,1,h0530,0.0,scr2007,avaConv,pvInd_a
nl,1,h0531,0.0,scr2007,avaConv,pvInd_a
nl,1,h0532,0.0,scr2007,avaConv,pvInd_a
nl,1,h0533,0.0,scr2007,avaConv,pvInd_a
nl,1,h0534,0.0,scr2007,avaConv,pvInd_a
nl,1,h0535,0.0,scr2007,avaConv,pvInd_a
nl,1,h0536,0.0014896324146866143,scr2007,avaConv,pvInd_a
nl,1,h0537,0.005497578199946677,scr2007,avaConv,pvInd_a
nl,1,h0538,0.009708775213280915,scr2007,avaConv,pvInd_a
nl,1,h0539,0.010844372925498379,scr2007,avaConv,pvInd_a
nl,1,h0540,0.00986143896159143,scr2007,avaConv,pvInd_a
nl,1,h0541,0.18446114788715917,scr2007,avaConv,pvInd_a
nl,1,h0542,0.3250264024638905,scr2007,avaConv,pvInd_a
nl,1,h0543,0.4121287102126996,scr2007,avaConv,pvInd_a
nl,1,h0544,0.2530443939720374,scr2007,avaConv,pvInd_a
nl,1,h0545,0.11985157735508012,scr2007,avaConv,pvInd_a
nl,1,h0546,0.0406864026620462,scr2007,avaConv,pvInd_a
nl,1,h0547,0.004577199561625229,scr2007,avaConv,pvInd_a
nl,1,h0548,0.0,scr2007,avaConv,pvInd_a
nl,1,h0549,0.0,scr2007,avaConv,pvInd_a
nl,1,h0550,0.0,scr2007,avaConv,pvInd_a
nl,1,h0551,0.0,scr2007,avaConv,pvInd_a
nl,1,h0552,0.0,scr2007,avaConv,pvInd_a
no_m,1,h0481,0.0,scr2007,avaConv,pvInd_a
no_m,1,h0482,0.0,scr2007,avaConv,pvInd_a
no_m,1,h0483,0.0,scr2007,avaConv,pvInd_a
no_m,1,h0484,0.0,scr2007,avaConv,pvInd_a
no_m,1,h0485,0.0,scr2007,avaConv,pvInd_a
no_m,1,h0486,0.0,scr2007,avaConv,pvInd_a
no_m,1,h0487,0.01244856896724828,scr2007,avaConv,pvInd_a
no_m,1,h0488,0.07650763221989489,scr2007,avaConv,pvInd_a
no_m,1,h0489,0.2114078716601741,scr2007,avaConv,pvInd_a
no_m,1,h0490,0.3930110351133928,scr2007,avaConv,pvInd_a
no_m,1,h0491,0.5577849003137966,scr2007,avaConv,pvInd_a
no_m,1,h0492,0.6627942174351993,scr2007,avaConv,pvInd_a
no_m,1,h0493,0.5150402033173405,scr2007,avaConv,pvInd_a
no_m,1,h0494,0.3414340834514091,scr2007,avaConv,pvInd_a
no_m,1,h0495,0.1628668997425796,scr2007,avaConv,pvInd_a
no_m,1,h0496,0.13438761543945318,scr2007,avaConv,pvInd_a
no_m,1,h0497,0.08101185994054363,scr2007,avaConv,pvInd_a
no_m,1,h0498,0.029881584497789923,scr2007,avaConv,pvInd_a
no_m,1,h0499,0.005623884218404721,scr2007,avaConv,pvInd_a
no_m,1,h0500,0.0,scr2007,avaConv,pvInd_a
no_m,1,h0501,0.0,scr2007,avaConv,pvInd_a
no_m,1,h0502,0.0,scr2007,avaConv,pvInd_a
no_m,1,h0503,0.0,scr2007,avaConv,pvInd_a
no_m,1,h0504,0.0,scr2007,avaConv,pvInd_a
no_m,1,h0505,0.0,scr2007,avaConv,pvInd_a
no_m,1,h0506,0.0,scr2007,avaConv,pvInd_a
no_m,1,h0507,0.0,scr2007,avaConv,pvInd_a
no_m,1,h0508,0.0,scr2007,avaConv,pvInd_a
no_m,1,h0509,0.0,scr2007,avaConv,pvInd_a
no_m,1,h0510,0.0,scr2007,avaConv,pvInd_a
no_m,1,h0511,0.0,scr2007,avaConv,pvInd_a
no_m,1,h0512,0.03739280854815184,scr2007,avaConv,pvInd_a
no_m,1,h0513,0.1244450737312793,scr2007,avaConv,pvInd_a
no_m,1,h0514,0.2486072647936041,scr2007,avaConv,pvInd_a
no_m,1,h0515,0.34423784660334344,scr2007,avaConv,pvInd_a
no_m,1,h0516,0.39850240258999253,scr2007,avaConv,pvInd_a
no_m,1,h0517,0.3133970488735057,scr2007,avaConv,pvInd_a
no_m,1,h0518,0.2113900891548446,scr2007,avaConv,pvInd_a
no_m,1,h0519,0.101187865167779,scr2007,avaConv,pvInd_a
no_m,1,h0520,0.0765814038842541,scr2007,avaConv,pvInd_a
no_m,1,h0521,0.039305783236818485,scr2007,avaConv,pvInd_a
no_m,1,h0522,0.01227735968081823,scr2007,avaConv,pvInd_a
no_m,1,h0523,0.0,scr2007,avaConv,pvInd_a
no_m,1,h0524,0.0,scr2007,avaConv,pvInd_a
no_m,1,h0525,0.0,scr2007,avaConv,pvInd_a
no_m,1,h0526,0.0,scr2007,avaConv,pvInd_a
no_m,1,h0527,0.0,scr2007,avaConv,pvInd_a
no_m,1,h0528,0.0,scr2007,avaConv,pvInd_a
no_m,1,h0529,0.0,scr2007,avaConv,pvInd_a
no_m,1,h0530,0.0,scr2007,avaConv,pvInd_a
no_m,1,h0531,0.0,scr2007,avaConv,pvInd_a
no_m,1,h0532,0.0,scr2007,avaConv,pvInd_a
no_m,1,h0533,0.0,scr2007,avaConv,pvInd_a
no_m,1,h0534,0.0,scr2007,avaConv,pvInd_a
no_m,1,h0535,0.0,scr2007,avaConv,pvInd_a
no_m,1,h0536,0.00131314412755945,scr2007,avaConv,pvInd_a
no_m,1,h0537,0.007394863067238938,scr2007,avaConv,pvInd_a
no_m,1,h0538,0.018329492452918254,scr2007,avaConv,pvInd_a
no_m,1,h0539,0.0345901142099047,scr2007,avaConv,pvInd_a
no_m,1,h0540,0.056899880571983606,scr2007,avaConv,pvInd_a
no_m,1,h0541,0.050148885892078374,scr2007,avaConv,pvInd_a
no_m,1,h0542,0.03565237341370699,scr2007,avaConv,pvInd_a
no_m,1,h0543,0.009626321495397308,scr2007,avaConv,pvInd_a
no_m,1,h0544,0.0047680888935475,scr2007,avaConv,pvInd_a
no_m,1,h0545,0.0011967952299103515,scr2007,avaConv,pvInd_a
no_m,1,h0546,0.0,scr2007,avaConv,pvInd_a
no_m,1,h0547,0.0,scr2007,avaConv,pvInd_a
no_m,1,h0548,0.0,scr2007,avaConv,pvInd_a
no_m,1,h0549,0.0,scr2007,avaConv,pvInd_a
no_m,1,h0550,0.0,scr2007,avaConv,pvInd_a
no_m,1,h0551,0.0,scr2007,avaConv,pvInd_a
no_m,1,h0552,0.0,scr2007,avaConv,pvInd_a
no_n,1,h0481,0.0,scr2007,avaConv,pvInd_a
no_n,1,h0482,0.0,scr2007,avaConv,pvInd_a
no_n,1,h0483,0.0,scr2007,avaConv,pvInd_a
no_n,1,h0484,0.0,scr2007,avaConv,pvInd_a
no_n,1,h0485,0.0,scr2007,avaConv,pvInd_a
no_n,1,h0486,0.0,scr2007,avaConv,pvInd_a
no_n,1,h0487,0.008059876990797826,scr2007,avaConv,pvInd_a
no_n,1,h0488,0.034291527360431534,scr2007,avaConv,pvInd_a
no_n,1,h0489,0.08402055081638303,scr2007,avaConv,pvInd_a
no_n,1,h0490,0.13730603629405871,scr2007,avaConv,pvInd_a
no_n,1,h0491,0.17863542348325936,scr2007,avaConv,pvInd_a
no_n,1,h0492,0.1953958449238007,scr2007,avaConv,pvInd_a
no_n,1,h0493,0.14939915282159308,scr2007,avaConv,pvInd_a
no_n,1,h0494,0.09055576330456351,scr2007,avaConv,pvInd_a
no_n,1,h0495,0.03823639544908626,scr2007,avaConv,pvInd_a
no_n,1,h0496,0.020551038921918643,scr2007,avaConv,pvInd_a
no_n,1,h0497,0.009446020065631578,scr2007,avaConv,pvInd_a
no_n,1,h0498,0.002846813765724905,scr2007,avaConv,pvInd_a
no_n,1,h0499,0.0003746458366961428,scr2007,avaConv,pvInd_a
no_n,1,h0500,0.0,scr2007,avaConv,pvInd_a
no_n,1,h0501,0.0,scr2007,avaConv,pvInd_a
no_n,1,h0502,0.0,scr2007,avaConv,pvInd_a
no_n,1,h0503,0.0,scr2007,avaConv,pvInd_a
no_n,1,h0504,0.0,scr2007,avaConv,pvInd_a
no_n,1,h0505,0.0,scr2007,avaConv,pvInd_a
no_n,1,h0506,0.0,scr2007,avaConv,pvInd_a
no_n,1,h0507,0.0,scr2007,avaConv,pvInd_a
no_n,1,h0508,0.0,scr2007,avaConv,pvInd_a
no_n,1,h0509,0.0,scr2007,avaConv,pvInd_a
no_n,1,h0510,0.0,scr2007,avaConv,pvInd_a
no_n,1,h0511,0.0024891569696687123,scr2007,avaConv,pvInd_a
no_n,1,h0512,0.022192017552020486,scr2007,avaConv,pvInd_a
no_n,1,h0513,0.07242582738319002,scr2007,avaConv,pvInd_a
no_n,1,h0514,0.1499605824355031,scr2007,avaConv,pvInd_a
no_n,1,h0515,0.22391035741483784,scr2007,avaConv,pvInd_a
no_n,1,h0516,0.2702749090467585,scr2007,avaConv,pvInd_a
no_n,1,h0517,0.18556266832581675,scr2007,avaConv,pvInd_a
no_n,1,h0518,0.09446938246142864,scr2007,avaConv,pvInd_a
no_n,1,h0519,0.020477722141906705,scr2007,avaConv,pvInd_a
no_n,1,h0520,0.013552880673227222,scr2007,avaConv,pvInd_a
no_n,1,h0521,0.005985969679307765,scr2007,avaConv,pvInd_a
no_n,1,h0522,0.0009691343296136028,scr2007,avaConv,pvInd_a
no_n,1,h0523,0.0,scr2007,avaConv,pvInd_a
no_n,1,h0524,0.0,scr2007,avaConv,pvInd_a
no_n,1,h0525,0.0,scr2007,avaConv,pvInd_a
no_n,1,h0526,0.0,scr2007,avaConv,pvInd_a
no_n,1,h0527,0.0,scr2007,avaConv,pvInd_a
no_n,1,h0528,0.0,scr2007,avaConv,pvInd_a
no_n,1,h0529,0.0,scr2007,avaConv,pvInd_a
no_n,1,h0530,0.0,scr2007,avaConv,pvInd_a
no_n,1,h0531,0.0,scr2007,avaConv,pvInd_a
no_n,1,h0532,0.0,scr2007,avaConv,pvInd_a
no_n,1,h0533,0.0,scr2007,avaConv,pvInd_a
no_n,1,h0534,0.0,scr2007,avaConv,pvInd_a
no_n,1,h0535,0.0,scr2007,avaConv,pvInd_a
no_n,1,h0536,0.00021775987704292192,scr2007,avaConv,pvInd_a
no_n,1,h0537,0.0032657823442042403,scr2007,avaConv,pvInd_a
no_n,1,h0538,0.010857396571980945,scr2007,avaConv,pvInd_a
no_n,1,h0539,0.021412739315302336,scr2007,avaConv,pvInd_a
no_n,1,h0540,0.030328582576085988,scr2007,avaConv,pvInd_a
no_n,1,h0541,0.020699986537238473,scr2007,avaConv,pvInd_a
no_n,1,h0542,0.009688920728544924,scr2007,avaConv,pvInd_a
no_n,1,h0543,0.00027575813057509487,scr2007,avaConv,pvInd_a
no_n,1,h0544,0.0,scr2007,avaConv,pvInd_a
no_n,1,h0545,0.0,scr2007,avaConv,pvInd_a
no_n,1,h0546,0.0,scr2007,avaConv,pvInd_a
no_n,1,h0547,0.0,scr2007,avaConv,pvInd_a
no_n,1,h0548,0.0,scr2007,avaConv,pvInd_a
no_n,1,h0549,0.0,scr2007,avaConv,pvInd_a
no_n,1,h0550,0.0,scr2007,avaConv,pvInd_a
no_n,1,h0551,0.0,scr2007,avaConv,pvInd_a
no_n,1,h0552,0.0,scr2007,avaConv,pvInd_a
no_s,1,h0481,0.0,scr2007,avaConv,pvInd_a
no_s,1,h0482,0.0,scr2007,avaConv,pvInd_a
no_s,1,h0483,0.0,scr2007,avaConv,pvInd_a
no_s,1,h0484,0.0,scr2007,avaConv,pvInd_a
no_s,1,h0485,0.0,scr2007,avaConv,pvInd_a
no_s,1,h0486,0.0,scr2007,avaConv,pvInd_a
no_s,1,h0487,0.015790776063453783,scr2007,avaConv,pvInd_a
no_s,1,h0488,0.08740425737662362,scr2007,avaConv,pvInd_a
no_s,1,h0489,0.2228745607291048,scr2007,avaConv,pvInd_a
no_s,1,h0490,0.3792364560411947,scr2007,avaConv,pvInd_a
no_s,1,h0491,0.4853523112529876,scr2007,avaConv,pvInd_a
no_s,1,h0492,0.512008193373814,scr2007,avaConv,pvInd_a
no_s,1,h0493,0.392232340262126,scr2007,avaConv,pvInd_a
no_s,1,h0494,0.25677390971155906,scr2007,avaConv,pvInd_a
no_s,1,h0495,0.1265016538901459,scr2007,avaConv,pvInd_a
no_s,1,h0496,0.08946114289454732,scr2007,avaConv,pvInd_a
no_s,1,h0497,0.05045231752463986,scr2007,avaConv,pvInd_a
no_s,1,h0498,0.021123430437350516,scr2007,avaConv,pvInd_a
no_s,1,h0499,0.004590804361300379,scr2007,avaConv,pvInd_a
no_s,1,h0500,0.0,scr2007,avaConv,pvInd_a
no_s,1,h0501,0.0,scr2007,avaConv,pvInd_a
no_s,1,h0502,0.0,scr2007,avaConv,pvInd_a
no_s,1,h0503,0.0,scr2007,avaConv,pvInd_a
no_s,1,h0504,0.0,scr2007,avaConv,pvInd_a
no_s,1,h0505,0.0,scr2007,avaConv,pvInd_a
no_s,1,h0506,0.0,scr2007,avaConv,pvInd_a
no_s,1,h0507,0.0,scr2007,avaConv,pvInd_a
no_s,1,h0508,0.0,scr2007,avaConv,pvInd_a
no_s,1,h0509,0.0,scr2007,avaConv,pvInd_a
no_s,1,h0510,0.0,scr2007,avaConv,pvInd_a
no_s,1,h0511,0.0,scr2007,avaConv,pvInd_a
no_s,1,h0512,0.009909744755609939,scr2007,avaConv,pvInd_a
no_s,1,h0513,0.03520159242782781,scr2007,avaConv,pvInd_a
no_s,1,h0514,0.07654152932764788,scr2007,avaConv,pvInd_a
no_s,1,h0515,0.11731985560007246,scr2007,avaConv,pvInd_a
no_s,1,h0516,0.14545199984881832,scr2007,avaConv,pvInd_a
no_s,1,h0517,0.2611320651822337,scr2007,avaConv,pvInd_a
no_s,1,h0518,0.3344106998072033,scr2007,avaConv,pvInd_a
no_s,1,h0519,0.36618842953012964,scr2007,avaConv,pvInd_a
no_s,1,h0520,0.2523510670429995,scr2007,avaConv,pvInd_a
no_s,1,h0521,0.13772220500884663,scr2007,avaConv,pvInd_a
no_s,1,h0522,0.053183917091690486,scr2007,avaConv,pvInd_a
no_s,1,h0523,0.009175744263728384,scr2007,avaConv,pvInd_a
no_s,1,h0524,0.0,scr2007,avaConv,pvInd_a
no_s,1,h0525,0.0,scr2007,avaConv,pvInd_a
no_s,1,h0526,0.0,scr2007,avaConv,pvInd_a
no_s,1,h0527,0.0,scr2007,avaConv,pvInd_a
no_s,1,h0528,0.0,scr2007,avaConv,pvInd_a
no_s,1,h0529,0.0,scr2007,avaConv,pvInd_a
no_s,1,h0530,0.0,scr2007,avaConv,pvInd_a
no_s,1,h0531,0.0,scr2007,avaConv,pvInd_a
no_s,1,h0532,0.0,scr2007,avaConv,pvInd_a
no_s,1,h0533,0.0,scr2007,avaConv,pvInd_a
no_s,1,h0534,0.0,scr2007,avaConv,pvInd_a
no_s,1,h0535,0.0,scr2007,avaConv,pvInd_a
no_s,1,h0536,0.0347000201596358,scr2007,avaConv,pvInd_a
no_s,1,h0537,0.12736232099098974,scr2007,avaConv,pvInd_a
no_s,1,h0538,0.2712511753719386,scr2007,avaConv,pvInd_a
no_s,1,h0539,0.40314610005513124,scr2007,avaConv,pvInd_a
no_s,1,h0540,0.4848056024179268,scr2007,avaConv,pvInd_a
no_s,1,h0541,0.41234126426593704,scr2007,avaConv,pvInd_a
no_s,1,h0542,0.31285568751440124,scr2007,avaConv,pvInd_a
no_s,1,h0543,0.18539476870920937,scr2007,avaConv,pvInd_a
no_s,1,h0544,0.1342356559993991,scr2007,avaConv,pvInd_a
no_s,1,h0545,0.06473759856340831,scr2007,avaConv,pvInd_a
no_s,1,h0546,0.019098922226450276,scr2007,avaConv,pvInd_a
no_s,1,h0547,0.0,scr2007,avaConv,pvInd_a
no_s,1,h0548,0.0,scr2007,avaConv,pvInd_a
no_s,1,h0549,0.0,scr2007,avaConv,pvInd_a
no_s,1,h0550,0.0,scr2007,avaConv,pvInd_a
no_s,1,h0551,0.0,scr2007,avaConv,pvInd_a
no_s,1,h0552,0.0,scr2007,avaConv,pvInd_a
pl,1,h0481,0.0,scr2007,avaConv,pvInd_a
pl,1,h0482,0.0,scr2007,avaConv,pvInd_a
pl,1,h0483,0.0,scr2007,avaConv,pvInd_a
pl,1,h0484,0.0,scr2007,avaConv,pvInd_a
pl,1,h0485,0.0,scr2007,avaConv,pvInd_a
pl,1,h0486,0.0018725567802391613,scr2007,avaConv,pvInd_a
pl,1,h0487,0.030977969508483166,scr2007,avaConv,pvInd_a
pl,1,h0488,0.11967522614328142,scr2007,avaConv,pvInd_a
pl,1,h0489,0.28195628432975384,scr2007,avaConv,pvInd_a
pl,1,h0490,0.46952281815161845,scr2007,avaConv,pvInd_a
pl,1,h0491,0.6324038680823224,scr2007,avaConv,pvInd_a
pl,1,h0492,0.729793797526508,scr2007,avaConv,pvInd_a
pl,1,h0493,0.7623529995877001,scr2007,avaConv,pvInd_a
pl,1,h0494,0.7131987414326572,scr2007,avaConv,pvInd_a
pl,1,h0495,0.5911755676430515,scr2007,avaConv,pvInd_a
pl,1,h0496,0.3993220943503645,scr2007,avaConv,pvInd_a
pl,1,h0497,0.19834981385537975,scr2007,avaConv,pvInd_a
pl,1,h0498,0.06276523073201401,scr2007,avaConv,pvInd_a
pl,1,h0499,0.007430183293667419,scr2007,avaConv,pvInd_a
pl,1,h0500,0.0,scr2007,avaConv,pvInd_a
pl,1,h0501,0.0,scr2007,avaConv,pvInd_a
pl,1,h0502,0.0,scr2007,avaConv,pvInd_a
pl,1,h0503,0.0,scr2007,avaConv,pvInd_a
pl,1,h0504,0.0,scr2007,avaConv,pvInd_a
pl,1,h0505,0.0,scr2007,avaConv,pvInd_a
pl,1,h0506,0.0,scr2007,avaConv,pvInd_a
pl,1,h0507,0.0,scr2007,avaConv,pvInd_a
pl,1,h0508,0.0,scr2007,avaConv,pvInd_a
pl,1,h0509,0.0,scr2007,avaConv,pvInd_a
pl,1,h0510,0.0002668576134785563,scr2007,avaConv,pvInd_a
pl,1,h0511,0.010600299851867306,scr2007,avaConv,pvInd_a
pl,1,h0512,0.046570138659717514,scr2007,avaConv,pvInd_a
pl,1,h0513,0.11598556173150816,scr2007,avaConv,pvInd_a
pl,1,h0514,0.2020048787302484,scr2007,avaConv,pvInd_a
pl,1,h0515,0.2807569455502652,scr2007,avaConv,pvInd_a
pl,1,h0516,0.3332962829888644,scr2007,avaConv,pvInd_a
pl,1,h0517,0.3116286961224576,scr2007,avaConv,pvInd_a
pl,1,h0518,0.2445186485010149,scr2007,avaConv,pvInd_a
pl,1,h0519,0.15479972523619603,scr2007,avaConv,pvInd_a
pl,1,h0520,0.08680021554914347,scr2007,avaConv,pvInd_a
pl,1,h0521,0.03490882745091836,scr2007,avaConv,pvInd_a
pl,1,h0522,0.0073165926968594835,scr2007,avaConv,pvInd_a
pl,1,h0523,0.0,scr2007,avaConv,pvInd_a
pl,1,h0524,0.0,scr2007,avaConv,pvInd_a
pl,1,h0525,0.0,scr2007,avaConv,pvInd_a
pl,1,h0526,0.0,scr2007,avaConv,pvInd_a
pl,1,h0527,0.0,scr2007,avaConv,pvInd_a
pl,1,h0528,0.0,scr2007,avaConv,pvInd_a
pl,1,h0529,0.0,scr2007,avaConv,pvInd_a
pl,1,h0530,0.0,scr2007,avaConv,pvInd_a
pl,1,h0531,0.0,scr2007,avaConv,pvInd_a
pl,1,h0532,0.0,scr2007,avaConv,pvInd_a
pl,1,h0533,0.0,scr2007,avaConv,pvInd_a
pl,1,h0534,0.0,scr2007,avaConv,pvInd_a
pl,1,h0535,0.013446035513709008,scr2007,avaConv,pvInd_a
pl,1,h0536,0.07035670831690628,scr2007,avaConv,pvInd_a
pl,1,h0537,0.1922648304673642,scr2007,avaConv,pvInd_a
pl,1,h0538,0.3571155454780811,scr2007,avaConv,pvInd_a
pl,1,h0539,0.5120624090342323,scr2007,avaConv,pvInd_a
pl,1,h0540,0.6123567984493072,scr2007,avaConv,pvInd_a
pl,1,h0541,0.4921101961696601,scr2007,avaConv,pvInd_a
pl,1,h0542,0.32339270775988926,scr2007,avaConv,pvInd_a
pl,1,h0543,0.14413888216897508,scr2007,avaConv,pvInd_a
pl,1,h0544,0.08213093549697316,scr2007,avaConv,pvInd_a
pl,1,h0545,0.03219424484498367,scr2007,avaConv,pvInd_a
pl,1,h0546,0.005932343134450357,scr2007,avaConv,pvInd_a
pl,1,h0547,0.0,scr2007,avaConv,pvInd_a
pl,1,h0548,0.0,scr2007,avaConv,pvInd_a
pl,1,h0549,0.0,scr2007,avaConv,pvInd_a
pl,1,h0550,0.0,scr2007,avaConv,pvInd_a
pl,1,h0551,0.0,scr2007,avaConv,pvInd_a
pl,1,h0552,0.0,scr2007,avaConv,pvInd_a
pt,1,h0481,0.0,scr2007,avaConv,pvInd_a
pt,1,h0482,0.0,scr2007,avaConv,pvInd_a
pt,1,h0483,0.0,scr2007,avaConv,pvInd_a
pt,1,h0484,0.0,scr2007,avaConv,pvInd_a
pt,1,h0485,0.0,scr2007,avaConv,pvInd_a
pt,1,h0486,0.0,scr2007,avaConv,pvInd_a
pt,1,h0487,0.0,scr2007,avaConv,pvInd_a
pt,1,h0488,0.009851140565400327,scr2007,avaConv,pvInd_a
pt,1,h0489,0.05580278058021368,scr2007,avaConv,pvInd_a
pt,1,h0490,0.14052122597999542,scr2007,avaConv,pvInd_a
pt,1,h0491,0.2336936191860407,scr2007,avaConv,pvInd_a
pt,1,h0492,0.30711247799860136,scr2007,avaConv,pvInd_a
pt,1,h0493,0.4730957141045607,scr2007,avaConv,pvInd_a
pt,1,h0494,0.6165869189640201,scr2007,avaConv,pvInd_a
pt,1,h0495,0.7205168164047278,scr2007,avaConv,pvInd_a
pt,1,h0496,0.6568574493531039,scr2007,avaConv,pvInd_a
pt,1,h0497,0.5443807934031698,scr2007,avaConv,pvInd_a
pt,1,h0498,0.3828998280661811,scr2007,avaConv,pvInd_a
pt,1,h0499,0.19869668413043606,scr2007,avaConv,pvInd_a
pt,1,h0500,0.06585723077331712,scr2007,avaConv,pvInd_a
pt,1,h0501,0.005523554120209191,scr2007,avaConv,pvInd_a
pt,1,h0502,0.0,scr2007,avaConv,pvInd_a
pt,1,h0503,0.0,scr2007,avaConv,pvInd_a
pt,1,h0504,0.0,scr2007,avaConv,pvInd_a
pt,1,h0505,0.0,scr2007,avaConv,pvInd_a
pt,1,h0506,0.0,scr2007,avaConv,pvInd_a
pt,1,h0507,0.0,scr2007,avaConv,pvInd_a
pt,1,h0508,0.0,scr2007,avaConv,pvInd_a
pt,1,h0509,0.0,scr2007,avaConv,pvInd_a
pt,1,h0510,0.0,scr2007,avaConv,pvInd_a
pt,1,h0511,0.0,scr2007,avaConv,pvInd_a
pt,1,h0512,0.00861374619090602,scr2007,avaConv,pvInd_a
pt,1,h0513,0.06061366947852641,scr2007,avaConv,pvInd_a
pt,1,h0514,0.17716680401710344,scr2007,avaConv,pvInd_a
pt,1,h0515,0.3470658232829638,scr2007,avaConv,pvInd_a
pt,1,h0516,0.5076077461643342,scr2007,avaConv,pvInd_a
pt,1,h0517,0.6235720761996116,scr2007,avaConv,pvInd_a
pt,1,h0518,0.6799546883824674,scr2007,avaConv,pvInd_a
pt,1,h0519,0.6755414500473097,scr2007,avaConv,pvInd_a
pt,1,h0520,0.611054898228585,scr2007,avaConv,pvInd_a
pt,1,h0521,0.4890406390392123,scr2007,avaConv,pvInd_a
pt,1,h0522,0.3228698445817047,scr2007,avaConv,pvInd_a
pt,1,h0523,0.15300939325838533,scr2007,avaConv,pvInd_a
pt,1,h0524,0.04153387187172136,scr2007,avaConv,pvInd_a
pt,1,h0525,0.0,scr2007,avaConv,pvInd_a
pt,1,h0526,0.0,scr2007,avaConv,pvInd_a
pt,1,h0527,0.0,scr2007,avaConv,pvInd_a
pt,1,h0528,0.0,scr2007,avaConv,pvInd_a
pt,1,h0529,0.0,scr2007,avaConv,pvInd_a
pt,1,h0530,0.0,scr2007,avaConv,pvInd_a
pt,1,h0531,0.0,scr2007,avaConv,pvInd_a
pt,1,h0532,0.0,scr2007,avaConv,pvInd_a
pt,1,h0533,0.0,scr2007,avaConv,pvInd_a
pt,1,h0534,0.0,scr2007,avaConv,pvInd_a
pt,1,h0535,0.0,scr2007,avaConv,pvInd_a
pt,1,h0536,0.0033379960055748537,scr2007,avaConv,pvInd_a
pt,1,h0537,0.06808487506729247,scr2007,avaConv,pvInd_a
pt,1,h0538,0.20628283550968318,scr2007,avaConv,pvInd_a
pt,1,h0539,0.3962418839745662,scr2007,avaConv,pvInd_a
pt,1,h0540,0.5560866333635411,scr2007,avaConv,pvInd_a
pt,1,h0541,0.6569817646097283,scr2007,avaConv,pvInd_a
pt,1,h0542,0.6989070097419584,scr2007,avaConv,pvInd_a
pt,1,h0543,0.6774380397525708,scr2007,avaConv,pvInd_a
pt,1,h0544,0.5942794450344638,scr2007,avaConv,pvInd_a
pt,1,h0545,0.4555929524961338,scr2007,avaConv,pvInd_a
pt,1,h0546,0.2814319786318316,scr2007,avaConv,pvInd_a
pt,1,h0547,0.12390864547780071,scr2007,avaConv,pvInd_a
pt,1,h0548,0.03014064777857826,scr2007,avaConv,pvInd_a
pt,1,h0549,0.0,scr2007,avaConv,pvInd_a
pt,1,h0550,0.0,scr2007,avaConv,pvInd_a
pt,1,h0551,0.0,scr2007,avaConv,pvInd_a
pt,1,h0552,0.0,scr2007,avaConv,pvInd_a
ro,1,h0481,0.0,scr2007,avaConv,pvInd_a
ro,1,h0482,0.0,scr2007,avaConv,pvInd_a
ro,1,h0483,0.0,scr2007,avaConv,pvInd_a
ro,1,h0484,0.0,scr2007,avaConv,pvInd_a
ro,1,h0485,0.0,scr2007,avaConv,pvInd_a
ro,1,h0486,0.014786374393735837,scr2007,avaConv,pvInd_a
ro,1,h0487,0.045396305477224314,scr2007,avaConv,pvInd_a
ro,1,h0488,0.11317992352426377,scr2007,avaConv,pvInd_a
ro,1,h0489,0.19180235397800013,scr2007,avaConv,pvInd_a
ro,1,h0490,0.2818033161700899,scr2007,avaConv,pvInd_a
ro,1,h0491,0.3460003019722627,scr2007,avaConv,pvInd_a
ro,1,h0492,0.38138226080795035,scr2007,avaConv,pvInd_a
ro,1,h0493,0.49526089623410646,scr2007,avaConv,pvInd_a
ro,1,h0494,0.550793767614831,scr2007,avaConv,pvInd_a
ro,1,h0495,0.5337671136797415,scr2007,avaConv,pvInd_a
ro,1,h0496,0.33587696273960893,scr2007,avaConv,pvInd_a
ro,1,h0497,0.14753020635554892,scr2007,avaConv,pvInd_a
ro,1,h0498,0.0371822906801321,scr2007,avaConv,pvInd_a
ro,1,h0499,0.000861765202232919,scr2007,avaConv,pvInd_a
ro,1,h0500,0.0,scr2007,avaConv,pvInd_a
ro,1,h0501,0.0,scr2007,avaConv,pvInd_a
ro,1,h0502,0.0,scr2007,avaConv,pvInd_a
ro,1,h0503,0.0,scr2007,avaConv,pvInd_a
ro,1,h0504,0.0,scr2007,avaConv,pvInd_a
ro,1,h0505,0.0,scr2007,avaConv,pvInd_a
ro,1,h0506,0.0,scr2007,avaConv,pvInd_a
ro,1,h0507,0.0,scr2007,avaConv,pvInd_a
ro,1,h0508,0.0,scr2007,avaConv,pvInd_a
ro,1,h0509,0.0,scr2007,avaConv,pvInd_a
ro,1,h0510,0.007258294583946855,scr2007,avaConv,pvInd_a
ro,1,h0511,0.06836334588103182,scr2007,avaConv,pvInd_a
ro,1,h0512,0.2032375607275639,scr2007,avaConv,pvInd_a
ro,1,h0513,0.3891848429692986,scr2007,avaConv,pvInd_a
ro,1,h0514,0.5477719812209797,scr2007,avaConv,pvInd_a
ro,1,h0515,0.6435394934333448,scr2007,avaConv,pvInd_a
ro,1,h0516,0.6750332939930718,scr2007,avaConv,pvInd_a
ro,1,h0517,0.524016364555263,scr2007,avaConv,pvInd_a
ro,1,h0518,0.3484904454678533,scr2007,avaConv,pvInd_a
ro,1,h0519,0.17171394875213658,scr2007,avaConv,pvInd_a
ro,1,h0520,0.1036438663204564,scr2007,avaConv,pvInd_a
ro,1,h0521,0.04471215835865112,scr2007,avaConv,pvInd_a
ro,1,h0522,0.010379245857416225,scr2007,avaConv,pvInd_a
ro,1,h0523,0.0,scr2007,avaConv,pvInd_a
ro,1,h0524,0.0,scr2007,avaConv,pvInd_a
ro,1,h0525,0.0,scr2007,avaConv,pvInd_a
ro,1,h0526,0.0,scr2007,avaConv,pvInd_a
ro,1,h0527,0.0,scr2007,avaConv,pvInd_a
ro,1,h0528,0.0,scr2007,avaConv,pvInd_a
ro,1,h0529,0.0,scr2007,avaConv,pvInd_a
ro,1,h0530,0.0,scr2007,avaConv,pvInd_a
ro,1,h0531,0.0,scr2007,avaConv,pvInd_a
ro,1,h0532,0.0,scr2007,avaConv,pvInd_a
ro,1,h0533,0.0,scr2007,avaConv,pvInd_a
ro,1,h0534,0.0029048836203752534,scr2007,avaConv,pvInd_a
ro,1,h0535,0.061259560908387196,scr2007,avaConv,pvInd_a
ro,1,h0536,0.2070015132261138,scr2007,avaConv,pvInd_a
ro,1,h0537,0.424793953859951,scr2007,avaConv,pvInd_a
ro,1,h0538,0.6164446293040753,scr2007,avaConv,pvInd_a
ro,1,h0539,0.7336436927353224,scr2007,avaConv,pvInd_a
ro,1,h0540,0.7748410504146782,scr2007,avaConv,pvInd_a
ro,1,h0541,0.5657439064349924,scr2007,avaConv,pvInd_a
ro,1,h0542,0.33712419159367507,scr2007,avaConv,pvInd_a
ro,1,h0543,0.11246330037404814,scr2007,avaConv,pvInd_a
ro,1,h0544,0.05426104716504731,scr2007,avaConv,pvInd_a
ro,1,h0545,0.015518276435920322,scr2007,avaConv,pvInd_a
ro,1,h0546,0.0011277767166178946,scr2007,avaConv,pvInd_a
ro,1,h0547,0.0,scr2007,avaConv,pvInd_a
ro,1,h0548,0.0,scr2007,avaConv,pvInd_a
ro,1,h0549,0.0,scr2007,avaConv,pvInd_a
ro,1,h0550,0.0,scr2007,avaConv,pvInd_a
ro,1,h0551,0.0,scr2007,avaConv,pvInd_a
ro,1,h0552,0.0,scr2007,avaConv,pvInd_a
rs,1,h0481,0.0,scr2007,avaConv,pvInd_a
rs,1,h0482,0.0,scr2007,avaConv,pvInd_a
rs,1,h0483,0.0,scr2007,avaConv,pvInd_a
rs,1,h0484,0.0,scr2007,avaConv,pvInd_a
rs,1,h0485,0.0,scr2007,avaConv,pvInd_a
rs,1,h0486,0.016896625756641408,scr2007,avaConv,pvInd_a
rs,1,h0487,0.05286355189298518,scr2007,avaConv,pvInd_a
rs,1,h0488,0.1238835080423873,scr2007,avaConv,pvInd_a
rs,1,h0489,0.2061933824880071,scr2007,avaConv,pvInd_a
rs,1,h0490,0.2826974885838085,scr2007,avaConv,pvInd_a
rs,1,h0491,0.33266903855081453,scr2007,avaConv,pvInd_a
rs,1,h0492,0.35936323593254504,scr2007,avaConv,pvInd_a
rs,1,h0493,0.4672235986341427,scr2007,avaConv,pvInd_a
rs,1,h0494,0.5260782637529382,scr2007,avaConv,pvInd_a
rs,1,h0495,0.5274806927917011,scr2007,avaConv,pvInd_a
rs,1,h0496,0.3709474880402994,scr2007,avaConv,pvInd_a
rs,1,h0497,0.20105150602731817,scr2007,avaConv,pvInd_a
rs,1,h0498,0.07386420387074148,scr2007,avaConv,pvInd_a
rs,1,h0499,0.009708828003486759,scr2007,avaConv,pvInd_a
rs,1,h0500,0.0,scr2007,avaConv,pvInd_a
rs,1,h0501,0.0,scr2007,avaConv,pvInd_a
rs,1,h0502,0.0,scr2007,avaConv,pvInd_a
rs,1,h0503,0.0,scr2007,avaConv,pvInd_a
rs,1,h0504,0.0,scr2007,avaConv,pvInd_a
rs,1,h0505,0.0,scr2007,avaConv,pvInd_a
rs,1,h0506,0.0,scr2007,avaConv,pvInd_a
rs,1,h0507,0.0,scr2007,avaConv,pvInd_a
rs,1,h0508,0.0,scr2007,avaConv,pvInd_a
rs,1,h0509,0.0,scr2007,avaConv,pvInd_a
rs,1,h0510,0.0016107828302194657,scr2007,avaConv,pvInd_a
rs,1,h0511,0.07018042288231714,scr2007,avaConv,pvInd_a
rs,1,h0512,0.20008528746624624,scr2007,avaConv,pvInd_a
rs,1,h0513,0.37398862393126875,scr2007,avaConv,pvInd_a
rs,1,h0514,0.518923196473271,scr2007,avaConv,pvInd_a
rs,1,h0515,0.6118876659607436,scr2007,avaConv,pvInd_a
rs,1,h0516,0.6536775693182573,scr2007,avaConv,pvInd_a
rs,1,h0517,0.5428395049479495,scr2007,avaConv,pvInd_a
rs,1,h0518,0.3994530705468379,scr2007,avaConv,pvInd_a
rs,1,h0519,0.22657265286917166,scr2007,avaConv,pvInd_a
rs,1,h0520,0.14805253669261478,scr2007,avaConv,pvInd_a
rs,1,h0521,0.06998447944475257,scr2007,avaConv,pvInd_a
rs,1,h0522,0.02139172198285703,scr2007,avaConv,pvInd_a
rs,1,h0523,0.0,scr2007,avaConv,pvInd_a
rs,1,h0524,0.0,scr2007,avaConv,pvInd_a
rs,1,h0525,0.0,scr2007,avaConv,pvInd_a
rs,1,h0526,0.0,scr2007,avaConv,pvInd_a
rs,1,h0527,0.0,scr2007,avaConv,pvInd_a
rs,1,h0528,0.0,scr2007,avaConv,pvInd_a
rs,1,h0529,0.0,scr2007,avaConv,pvInd_a
rs,1,h0530,0.0,scr2007,avaConv,pvInd_a
rs,1,h0531,0.0,scr2007,avaConv,pvInd_a
rs,1,h0532,0.0,scr2007,avaConv,pvInd_a
rs,1,h0533,0.0,scr2007,avaConv,pvInd_a
rs,1,h0534,0.0,scr2007,avaConv,pvInd_a
rs,1,h0535,0.06692964487483616,scr2007,avaConv,pvInd_a
rs,1,h0536,0.20621524562697302,scr2007,avaConv,pvInd_a
rs,1,h0537,0.39602195288338543,scr2007,avaConv,pvInd_a
rs,1,h0538,0.5590246941566533,scr2007,avaConv,pvInd_a
rs,1,h0539,0.6579829001526611,scr2007,avaConv,pvInd_a
rs,1,h0540,0.6995082060586315,scr2007,avaConv,pvInd_a
rs,1,h0541,0.5352845031907696,scr2007,avaConv,pvInd_a
rs,1,h0542,0.33910214089486845,scr2007,avaConv,pvInd_a
rs,1,h0543,0.12285947252324463,scr2007,avaConv,pvInd_a
rs,1,h0544,0.06814773751511174,scr2007,avaConv,pvInd_a
rs,1,h0545,0.02796234303284058,scr2007,avaConv,pvInd_a
rs,1,h0546,0.006124245258391446,scr2007,avaConv,pvInd_a
rs,1,h0547,0.0,scr2007,avaConv,pvInd_a
rs,1,h0548,0.0,scr2007,avaConv,pvInd_a
rs,1,h0549,0.0,scr2007,avaConv,pvInd_a
rs,1,h0550,0.0,scr2007,avaConv,pvInd_a
rs,1,h0551,0.0,scr2007,avaConv,pvInd_a
rs,1,h0552,0.0,scr2007,avaConv,pvInd_a
se_1,1,h0481,0.0,scr2007,avaConv,pvInd_a
se_1,1,h0482,0.0,scr2007,avaConv,pvInd_a
se_1,1,h0483,0.0,scr2007,avaConv,pvInd_a
se_1,1,h0484,0.0,scr2007,avaConv,pvInd_a
se_1,1,h0485,0.0,scr2007,avaConv,pvInd_a
se_1,1,h0486,0.00385194486360125,scr2007,avaConv,pvInd_a
se_1,1,h0487,0.010816796352395587,scr2007,avaConv,pvInd_a
se_1,1,h0488,0.028472168862242055,scr2007,avaConv,pvInd_a
se_1,1,h0489,0.05401955011389269,scr2007,avaConv,pvInd_a
se_1,1,h0490,0.08708968066471291,scr2007,avaConv,pvInd_a
se_1,1,h0491,0.11652241671511937,scr2007,avaConv,pvInd_a
se_1,1,h0492,0.13018203050016647,scr2007,avaConv,pvInd_a
se_1,1,h0493,0.11957163872697024,scr2007,avaConv,pvInd_a
se_1,1,h0494,0.09424628848728056,scr2007,avaConv,pvInd_a
se_1,1,h0495,0.060642627681195285,scr2007,avaConv,pvInd_a
se_1,1,h0496,0.03318815637935824,scr2007,avaConv,pvInd_a
se_1,1,h0497,0.011455010064259901,scr2007,avaConv,pvInd_a
se_1,1,h0498,0.001986647872746974,scr2007,avaConv,pvInd_a
se_1,1,h0499,0.0,scr2007,avaConv,pvInd_a
se_1,1,h0500,0.0,scr2007,avaConv,pvInd_a
se_1,1,h0501,0.0,scr2007,avaConv,pvInd_a
se_1,1,h0502,0.0,scr2007,avaConv,pvInd_a
se_1,1,h0503,0.0,scr2007,avaConv,pvInd_a
se_1,1,h0504,0.0,scr2007,avaConv,pvInd_a
se_1,1,h0505,0.0,scr2007,avaConv,pvInd_a
se_1,1,h0506,0.0,scr2007,avaConv,pvInd_a
se_1,1,h0507,0.0,scr2007,avaConv,pvInd_a
se_1,1,h0508,0.0,scr2007,avaConv,pvInd_a
se_1,1,h0509,0.0,scr2007,avaConv,pvInd_a
se_1,1,h0510,0.0,scr2007,avaConv,pvInd_a
se_1,1,h0511,0.02974975139355861,scr2007,avaConv,pvInd_a
se_1,1,h0512,0.11316071915808985,scr2007,avaConv,pvInd_a
se_1,1,h0513,0.23568970179540494,scr2007,avaConv,pvInd_a
se_1,1,h0514,0.35748567970305706,scr2007,avaConv,pvInd_a
se_1,1,h0515,0.4520115868421362,scr2007,avaConv,pvInd_a
se_1,1,h0516,0.5094445296861747,scr2007,avaConv,pvInd_a
se_1,1,h0517,0.3617246648040717,scr2007,avaConv,pvInd_a
se_1,1,h0518,0.18703655477942513,scr2007,avaConv,pvInd_a
se_1,1,h0519,0.01037384532179755,scr2007,avaConv,pvInd_a
se_1,1,h0520,0.005174247424924106,scr2007,avaConv,pvInd_a
se_1,1,h0521,0.0013144144722221174,scr2007,avaConv,pvInd_a
se_1,1,h0522,0.0,scr2007,avaConv,pvInd_a
se_1,1,h0523,0.0,scr2007,avaConv,pvInd_a
se_1,1,h0524,0.0,scr2007,avaConv,pvInd_a
se_1,1,h0525,0.0,scr2007,avaConv,pvInd_a
se_1,1,h0526,0.0,scr2007,avaConv,pvInd_a
se_1,1,h0527,0.0,scr2007,avaConv,pvInd_a
se_1,1,h0528,0.0,scr2007,avaConv,pvInd_a
se_1,1,h0529,0.0,scr2007,avaConv,pvInd_a
se_1,1,h0530,0.0,scr2007,avaConv,pvInd_a
se_1,1,h0531,0.0,scr2007,avaConv,pvInd_a
se_1,1,h0532,0.0,scr2007,avaConv,pvInd_a
se_1,1,h0533,0.0,scr2007,avaConv,pvInd_a
se_1,1,h0534,0.0,scr2007,avaConv,pvInd_a
se_1,1,h0535,0.0,scr2007,avaConv,pvInd_a
se_1,1,h0536,0.007491538546425568,scr2007,avaConv,pvInd_a
se_1,1,h0537,0.0340510846370416,scr2007,avaConv,pvInd_a
se_1,1,h0538,0.08597297317946934,scr2007,avaConv,pvInd_a
se_1,1,h0539,0.1436406846279256,scr2007,avaConv,pvInd_a
se_1,1,h0540,0.1740312289388882,scr2007,avaConv,pvInd_a
se_1,1,h0541,0.12809530040391726,scr2007,avaConv,pvInd_a
se_1,1,h0542,0.06703490133776246,scr2007,avaConv,pvInd_a
se_1,1,h0543,0.01080989972886554,scr2007,avaConv,pvInd_a
se_1,1,h0544,0.004518996699296059,scr2007,avaConv,pvInd_a
se_1,1,h0545,0.0004064641417184284,scr2007,avaConv,pvInd_a
se_1,1,h0546,0.0,scr2007,avaConv,pvInd_a
se_1,1,h0547,0.0,scr2007,avaConv,pvInd_a
se_1,1,h0548,0.0,scr2007,avaConv,pvInd_a
se_1,1,h0549,0.0,scr2007,avaConv,pvInd_a
se_1,1,h0550,0.0,scr2007,avaConv,pvInd_a
se_1,1,h0551,0.0,scr2007,avaConv,pvInd_a
se_1,1,h0552,0.0,scr2007,avaConv,pvInd_a
se_2,1,h0481,0.0,scr2007,avaConv,pvInd_a
se_2,1,h0482,0.0,scr2007,avaConv,pvInd_a
se_2,1,h0483,0.0,scr2007,avaConv,pvInd_a
se_2,1,h0484,0.0,scr2007,avaConv,pvInd_a
se_2,1,h0485,0.0,scr2007,avaConv,pvInd_a
se_2,1,h0486,0.002459030321235361,scr2007,avaConv,pvInd_a
se_2,1,h0487,0.029177016588581548,scr2007,avaConv,pvInd_a
se_2,1,h0488,0.10352248510809021,scr2007,avaConv,pvInd_a
se_2,1,h0489,0.21096385800069634,scr2007,avaConv,pvInd_a
se_2,1,h0490,0.3135876668553667,scr2007,avaConv,pvInd_a
se_2,1,h0491,0.40106557071065774,scr2007,avaConv,pvInd_a
se_2,1,h0492,0.48657593282834843,scr2007,avaConv,pvInd_a
se_2,1,h0493,0.42280630923095436,scr2007,avaConv,pvInd_a
se_2,1,h0494,0.3267620135940314,scr2007,avaConv,pvInd_a
se_2,1,h0495,0.1847087062389455,scr2007,avaConv,pvInd_a
se_2,1,h0496,0.15273848321583308,scr2007,avaConv,pvInd_a
se_2,1,h0497,0.09605645652033794,scr2007,avaConv,pvInd_a
se_2,1,h0498,0.042177647087977846,scr2007,avaConv,pvInd_a
se_2,1,h0499,0.008774520942960032,scr2007,avaConv,pvInd_a
se_2,1,h0500,0.0,scr2007,avaConv,pvInd_a
se_2,1,h0501,0.0,scr2007,avaConv,pvInd_a
se_2,1,h0502,0.0,scr2007,avaConv,pvInd_a
se_2,1,h0503,0.0,scr2007,avaConv,pvInd_a
se_2,1,h0504,0.0,scr2007,avaConv,pvInd_a
se_2,1,h0505,0.0,scr2007,avaConv,pvInd_a
se_2,1,h0506,0.0,scr2007,avaConv,pvInd_a
se_2,1,h0507,0.0,scr2007,avaConv,pvInd_a
se_2,1,h0508,0.0,scr2007,avaConv,pvInd_a
se_2,1,h0509,0.0,scr2007,avaConv,pvInd_a
se_2,1,h0510,0.0,scr2007,avaConv,pvInd_a
se_2,1,h0511,0.020704877428917398,scr2007,avaConv,pvInd_a
se_2,1,h0512,0.08940602770453326,scr2007,avaConv,pvInd_a
se_2,1,h0513,0.20963371307769046,scr2007,avaConv,pvInd_a
se_2,1,h0514,0.35417033105817286,scr2007,avaConv,pvInd_a
se_2,1,h0515,0.47774120636699946,scr2007,avaConv,pvInd_a
se_2,1,h0516,0.5494900925055903,scr2007,avaConv,pvInd_a
se_2,1,h0517,0.4181344707604727,scr2007,avaConv,pvInd_a
se_2,1,h0518,0.25518274142094305,scr2007,avaConv,pvInd_a
se_2,1,h0519,0.08451663530729066,scr2007,avaConv,pvInd_a
se_2,1,h0520,0.061565632054447976,scr2007,avaConv,pvInd_a
se_2,1,h0521,0.032683246216816716,scr2007,avaConv,pvInd_a
se_2,1,h0522,0.010225778685996405,scr2007,avaConv,pvInd_a
se_2,1,h0523,0.0,scr2007,avaConv,pvInd_a
se_2,1,h0524,0.0,scr2007,avaConv,pvInd_a
se_2,1,h0525,0.0,scr2007,avaConv,pvInd_a
se_2,1,h0526,0.0,scr2007,avaConv,pvInd_a
se_2,1,h0527,0.0,scr2007,avaConv,pvInd_a
se_2,1,h0528,0.0,scr2007,avaConv,pvInd_a
se_2,1,h0529,0.0,scr2007,avaConv,pvInd_a
se_2,1,h0530,0.0,scr2007,avaConv,pvInd_a
se_2,1,h0531,0.0,scr2007,avaConv,pvInd_a
se_2,1,h0532,0.0,scr2007,avaConv,pvInd_a
se_2,1,h0533,0.0,scr2007,avaConv,pvInd_a
se_2,1,h0534,0.0,scr2007,avaConv,pvInd_a
se_2,1,h0535,0.0,scr2007,avaConv,pvInd_a
se_2,1,h0536,0.06725224149086066,scr2007,avaConv,pvInd_a
se_2,1,h0537,0.1939225997453983,scr2007,avaConv,pvInd_a
se_2,1,h0538,0.36506917889661744,scr2007,avaConv,pvInd_a
se_2,1,h0539,0.49716460462778383,scr2007,avaConv,pvInd_a
se_2,1,h0540,0.5727458506732379,scr2007,avaConv,pvInd_a
se_2,1,h0541,0.41012107441889517,scr2007,avaConv,pvInd_a
se_2,1,h0542,0.21622579694803032,scr2007,avaConv,pvInd_a
se_2,1,h0543,0.013557380833343681,scr2007,avaConv,pvInd_a
se_2,1,h0544,0.005706541965043208,scr2007,avaConv,pvInd_a
se_2,1,h0545,0.0012789546185109017,scr2007,avaConv,pvInd_a
se_2,1,h0546,0.0,scr2007,avaConv,pvInd_a
se_2,1,h0547,0.0,scr2007,avaConv,pvInd_a
se_2,1,h0548,0.0,scr2007,avaConv,pvInd_a
se_2,1,h0549,0.0,scr2007,avaConv,pvInd_a
se_2,1,h0550,0.0,scr2007,avaConv,pvInd_a
se_2,1,h0551,0.0,scr2007,avaConv,pvInd_a
se_2,1,h0552,0.0,scr2007,avaConv,pvInd_a
se_3,1,h0481,0.0,scr2007,avaConv,pvInd_a
se_3,1,h0482,0.0,scr2007,avaConv,pvInd_a
se_3,1,h0483,0.0,scr2007,avaConv,pvInd_a
se_3,1,h0484,0.0,scr2007,avaConv,pvInd_a
se_3,1,h0485,0.0,scr2007,avaConv,pvInd_a
se_3,1,h0486,0.0,scr2007,avaConv,pvInd_a
se_3,1,h0487,0.01310044135298624,scr2007,avaConv,pvInd_a
se_3,1,h0488,0.05795435770299729,scr2007,avaConv,pvInd_a
se_3,1,h0489,0.15284538590717892,scr2007,avaConv,pvInd_a
se_3,1,h0490,0.28528087753510395,scr2007,avaConv,pvInd_a
se_3,1,h0491,0.42166445960964083,scr2007,avaConv,pvInd_a
se_3,1,h0492,0.5238734153032818,scr2007,avaConv,pvInd_a
se_3,1,h0493,0.4978420701964001,scr2007,avaConv,pvInd_a
se_3,1,h0494,0.4222887472568136,scr2007,avaConv,pvInd_a
se_3,1,h0495,0.31071918400585313,scr2007,avaConv,pvInd_a
se_3,1,h0496,0.2414365138315982,scr2007,avaConv,pvInd_a
se_3,1,h0497,0.14964228716989508,scr2007,avaConv,pvInd_a
se_3,1,h0498,0.06451997387686409,scr2007,avaConv,pvInd_a
se_3,1,h0499,0.014287621266308753,scr2007,avaConv,pvInd_a
se_3,1,h0500,0.0,scr2007,avaConv,pvInd_a
se_3,1,h0501,0.0,scr2007,avaConv,pvInd_a
se_3,1,h0502,0.0,scr2007,avaConv,pvInd_a
se_3,1,h0503,0.0,scr2007,avaConv,pvInd_a
se_3,1,h0504,0.0,scr2007,avaConv,pvInd_a
se_3,1,h0505,0.0,scr2007,avaConv,pvInd_a
se_3,1,h0506,0.0,scr2007,avaConv,pvInd_a
se_3,1,h0507,0.0,scr2007,avaConv,pvInd_a
se_3,1,h0508,0.0,scr2007,avaConv,pvInd_a
se_3,1,h0509,0.0,scr2007,avaConv,pvInd_a
se_3,1,h0510,0.0,scr2007,avaConv,pvInd_a
se_3,1,h0511,0.009028167948803309,scr2007,avaConv,pvInd_a
se_3,1,h0512,0.043953427671381926,scr2007,avaConv,pvInd_a
se_3,1,h0513,0.11976723426572429,scr2007,avaConv,pvInd_a
se_3,1,h0514,0.2302435189934628,scr2007,avaConv,pvInd_a
se_3,1,h0515,0.3430782082677376,scr2007,avaConv,pvInd_a
se_3,1,h0516,0.4173252031734103,scr2007,avaConv,pvInd_a
se_3,1,h0517,0.3486827762553721,scr2007,avaConv,pvInd_a
se_3,1,h0518,0.2459417389693146,scr2007,avaConv,pvInd_a
se_3,1,h0519,0.136259867090387,scr2007,avaConv,pvInd_a
se_3,1,h0520,0.10594160894085797,scr2007,avaConv,pvInd_a
se_3,1,h0521,0.06008378811021589,scr2007,avaConv,pvInd_a
se_3,1,h0522,0.02141942604123258,scr2007,avaConv,pvInd_a
se_3,1,h0523,0.0003483023859565799,scr2007,avaConv,pvInd_a
se_3,1,h0524,0.0,scr2007,avaConv,pvInd_a
se_3,1,h0525,0.0,scr2007,avaConv,pvInd_a
se_3,1,h0526,0.0,scr2007,avaConv,pvInd_a
se_3,1,h0527,0.0,scr2007,avaConv,pvInd_a
se_3,1,h0528,0.0,scr2007,avaConv,pvInd_a
se_3,1,h0529,0.0,scr2007,avaConv,pvInd_a
se_3,1,h0530,0.0,scr2007,avaConv,pvInd_a
se_3,1,h0531,0.0,scr2007,avaConv,pvInd_a
se_3,1,h0532,0.0,scr2007,avaConv,pvInd_a
se_3,1,h0533,0.0,scr2007,avaConv,pvInd_a
se_3,1,h0534,0.0,scr2007,avaConv,pvInd_a
se_3,1,h0535,0.0,scr2007,avaConv,pvInd_a
se_3,1,h0536,0.05123216692296364,scr2007,avaConv,pvInd_a
se_3,1,h0537,0.16294948849297144,scr2007,avaConv,pvInd_a
se_3,1,h0538,0.32452010524419944,scr2007,avaConv,pvInd_a
se_3,1,h0539,0.46448628461277974,scr2007,avaConv,pvInd_a
se_3,1,h0540,0.5587193931148106,scr2007,avaConv,pvInd_a
se_3,1,h0541,0.45481648495405247,scr2007,avaConv,pvInd_a
se_3,1,h0542,0.3108134018281873,scr2007,avaConv,pvInd_a
se_3,1,h0543,0.13769585079694346,scr2007,avaConv,pvInd_a
se_3,1,h0544,0.08917830019655,scr2007,avaConv,pvInd_a
se_3,1,h0545,0.039526198079891536,scr2007,avaConv,pvInd_a
se_3,1,h0546,0.009064524767138685,scr2007,avaConv,pvInd_a
se_3,1,h0547,0.0,scr2007,avaConv,pvInd_a
se_3,1,h0548,0.0,scr2007,avaConv,pvInd_a
se_3,1,h0549,0.0,scr2007,avaConv,pvInd_a
se_3,1,h0550,0.0,scr2007,avaConv,pvInd_a
se_3,1,h0551,0.0,scr2007,avaConv,pvInd_a
se_3,1,h0552,0.0,scr2007,avaConv,pvInd_a
se_4,1,h0481,0.0,scr2007,avaConv,pvInd_a
se_4,1,h0482,0.0,scr2007,avaConv,pvInd_a
se_4,1,h0483,0.0,scr2007,avaConv,pvInd_a
se_4,1,h0484,0.0,scr2007,avaConv,pvInd_a
se_4,1,h0485,0.0,scr2007,avaConv,pvInd_a
se_4,1,h0486,0.0,scr2007,avaConv,pvInd_a
se_4,1,h0487,0.012720221705401824,scr2007,avaConv,pvInd_a
se_4,1,h0488,0.050742691196198224,scr2007,avaConv,pvInd_a
se_4,1,h0489,0.127877831839537,scr2007,avaConv,pvInd_a
se_4,1,h0490,0.2311651444344816,scr2007,avaConv,pvInd_a
se_4,1,h0491,0.3517649308457943,scr2007,avaConv,pvInd_a
se_4,1,h0492,0.4550208472070534,scr2007,avaConv,pvInd_a
se_4,1,h0493,0.5580977118281143,scr2007,avaConv,pvInd_a
se_4,1,h0494,0.5892919983512476,scr2007,avaConv,pvInd_a
se_4,1,h0495,0.5520323290036562,scr2007,avaConv,pvInd_a
se_4,1,h0496,0.4148743561058498,scr2007,avaConv,pvInd_a
se_4,1,h0497,0.24799532878285582,scr2007,avaConv,pvInd_a
se_4,1,h0498,0.10468107391465059,scr2007,avaConv,pvInd_a
se_4,1,h0499,0.023009538827755496,scr2007,avaConv,pvInd_a
se_4,1,h0500,0.0,scr2007,avaConv,pvInd_a
se_4,1,h0501,0.0,scr2007,avaConv,pvInd_a
se_4,1,h0502,0.0,scr2007,avaConv,pvInd_a
se_4,1,h0503,0.0,scr2007,avaConv,pvInd_a
se_4,1,h0504,0.0,scr2007,avaConv,pvInd_a
se_4,1,h0505,0.0,scr2007,avaConv,pvInd_a
se_4,1,h0506,0.0,scr2007,avaConv,pvInd_a
se_4,1,h0507,0.0,scr2007,avaConv,pvInd_a
se_4,1,h0508,0.0,scr2007,avaConv,pvInd_a
se_4,1,h0509,0.0,scr2007,avaConv,pvInd_a
se_4,1,h0510,0.0,scr2007,avaConv,pvInd_a
se_4,1,h0511,0.0093004960708218,scr2007,avaConv,pvInd_a
se_4,1,h0512,0.04011239883389603,scr2007,avaConv,pvInd_a
se_4,1,h0513,0.10806758076595586,scr2007,avaConv,pvInd_a
se_4,1,h0514,0.2245547098137659,scr2007,avaConv,pvInd_a
se_4,1,h0515,0.3583853410776402,scr2007,avaConv,pvInd_a
se_4,1,h0516,0.45548385431444866,scr2007,avaConv,pvInd_a
se_4,1,h0517,0.3887115164661627,scr2007,avaConv,pvInd_a
se_4,1,h0518,0.2600575758524922,scr2007,avaConv,pvInd_a
se_4,1,h0519,0.1174457100393413,scr2007,avaConv,pvInd_a
se_4,1,h0520,0.06731165338134248,scr2007,avaConv,pvInd_a
se_4,1,h0521,0.03082159925019346,scr2007,avaConv,pvInd_a
se_4,1,h0522,0.009491900462088913,scr2007,avaConv,pvInd_a
se_4,1,h0523,0.0,scr2007,avaConv,pvInd_a
se_4,1,h0524,0.0,scr2007,avaConv,pvInd_a
se_4,1,h0525,0.0,scr2007,avaConv,pvInd_a
se_4,1,h0526,0.0,scr2007,avaConv,pvInd_a
se_4,1,h0527,0.0,scr2007,avaConv,pvInd_a
se_4,1,h0528,0.0,scr2007,avaConv,pvInd_a
se_4,1,h0529,0.0,scr2007,avaConv,pvInd_a
se_4,1,h0530,0.0,scr2007,avaConv,pvInd_a
se_4,1,h0531,0.0,scr2007,avaConv,pvInd_a
se_4,1,h0532,0.0,scr2007,avaConv,pvInd_a
se_4,1,h0533,0.0,scr2007,avaConv,pvInd_a
se_4,1,h0534,0.0,scr2007,avaConv,pvInd_a
se_4,1,h0535,0.0,scr2007,avaConv,pvInd_a
se_4,1,h0536,0.0024655212772530214,scr2007,avaConv,pvInd_a
se_4,1,h0537,0.010832919930588207,scr2007,avaConv,pvInd_a
se_4,1,h0538,0.0276457975939733,scr2007,avaConv,pvInd_a
se_4,1,h0539,0.048108149289551955,scr2007,avaConv,pvInd_a
se_4,1,h0540,0.06674297393181176,scr2007,avaConv,pvInd_a
se_4,1,h0541,0.1263970907850517,scr2007,avaConv,pvInd_a
se_4,1,h0542,0.1567598897106309,scr2007,avaConv,pvInd_a
se_4,1,h0543,0.16113743356550952,scr2007,avaConv,pvInd_a
se_4,1,h0544,0.0919667580471888,scr2007,avaConv,pvInd_a
se_4,1,h0545,0.03871947299651236,scr2007,avaConv,pvInd_a
se_4,1,h0546,0.007643004825180479,scr2007,avaConv,pvInd_a
se_4,1,h0547,0.0,scr2007,avaConv,pvInd_a
se_4,1,h0548,0.0,scr2007,avaConv,pvInd_a
se_4,1,h0549,0.0,scr2007,avaConv,pvInd_a
se_4,1,h0550,0.0,scr2007,avaConv,pvInd_a
se_4,1,h0551,0.0,scr2007,avaConv,pvInd_a
se_4,1,h0552,0.0,scr2007,avaConv,pvInd_a
si,1,h0481,0.0,scr2007,avaConv,pvInd_a
si,1,h0482,0.0,scr2007,avaConv,pvInd_a
si,1,h0483,0.0,scr2007,avaConv,pvInd_a
si,1,h0484,0.0,scr2007,avaConv,pvInd_a
si,1,h0485,0.0,scr2007,avaConv,pvInd_a
si,1,h0486,0.0,scr2007,avaConv,pvInd_a
si,1,h0487,0.036798319848670706,scr2007,avaConv,pvInd_a
si,1,h0488,0.14452828912471416,scr2007,avaConv,pvInd_a
si,1,h0489,0.3241400672514971,scr2007,avaConv,pvInd_a
si,1,h0490,0.5130311717388055,scr2007,avaConv,pvInd_a
si,1,h0491,0.6566644388758729,scr2007,avaConv,pvInd_a
si,1,h0492,0.7398702783982357,scr2007,avaConv,pvInd_a
si,1,h0493,0.7495515816634157,scr2007,avaConv,pvInd_a
si,1,h0494,0.7008205217028779,scr2007,avaConv,pvInd_a
si,1,h0495,0.5928786694591119,scr2007,avaConv,pvInd_a
si,1,h0496,0.44170794167380234,scr2007,avaConv,pvInd_a
si,1,h0497,0.25914109956740483,scr2007,avaConv,pvInd_a
si,1,h0498,0.1057044652754627,scr2007,avaConv,pvInd_a
si,1,h0499,0.021909101408367677,scr2007,avaConv,pvInd_a
si,1,h0500,0.0,scr2007,avaConv,pvInd_a
si,1,h0501,0.0,scr2007,avaConv,pvInd_a
si,1,h0502,0.0,scr2007,avaConv,pvInd_a
si,1,h0503,0.0,scr2007,avaConv,pvInd_a
si,1,h0504,0.0,scr2007,avaConv,pvInd_a
si,1,h0505,0.0,scr2007,avaConv,pvInd_a
si,1,h0506,0.0,scr2007,avaConv,pvInd_a
si,1,h0507,0.0,scr2007,avaConv,pvInd_a
si,1,h0508,0.0,scr2007,avaConv,pvInd_a
si,1,h0509,0.0,scr2007,avaConv,pvInd_a
si,1,h0510,0.0,scr2007,avaConv,pvInd_a
si,1,h0511,0.011645304989645153,scr2007,avaConv,pvInd_a
si,1,h0512,0.04782533591637448,scr2007,avaConv,pvInd_a
si,1,h0513,0.12444439143634352,scr2007,avaConv,pvInd_a
si,1,h0514,0.21302685987390632,scr2007,avaConv,pvInd_a
si,1,h0515,0.2967569785598105,scr2007,avaConv,pvInd_a
si,1,h0516,0.3540861660846765,scr2007,avaConv,pvInd_a
si,1,h0517,0.4285318506726773,scr2007,avaConv,pvInd_a
si,1,h0518,0.43921607653196726,scr2007,avaConv,pvInd_a
si,1,h0519,0.3901236675035166,scr2007,avaConv,pvInd_a
si,1,h0520,0.2567845378899715,scr2007,avaConv,pvInd_a
si,1,h0521,0.13297384828032993,scr2007,avaConv,pvInd_a
si,1,h0522,0.047853147966985386,scr2007,avaConv,pvInd_a
si,1,h0523,0.007256718764006696,scr2007,avaConv,pvInd_a
si,1,h0524,0.0,scr2007,avaConv,pvInd_a
si,1,h0525,0.0,scr2007,avaConv,pvInd_a
si,1,h0526,0.0,scr2007,avaConv,pvInd_a
si,1,h0527,0.0,scr2007,avaConv,pvInd_a
si,1,h0528,0.0,scr2007,avaConv,pvInd_a
si,1,h0529,0.0,scr2007,avaConv,pvInd_a
si,1,h0530,0.0,scr2007,avaConv,pvInd_a
si,1,h0531,0.0,scr2007,avaConv,pvInd_a
si,1,h0532,0.0,scr2007,avaConv,pvInd_a
si,1,h0533,0.0,scr2007,avaConv,pvInd_a
si,1,h0534,0.0,scr2007,avaConv,pvInd_a
si,1,h0535,0.01813130684598469,scr2007,avaConv,pvInd_a
si,1,h0536,0.089247943005759,scr2007,avaConv,pvInd_a
si,1,h0537,0.22606225177062014,scr2007,avaConv,pvInd_a
si,1,h0538,0.3851804966296583,scr2007,avaConv,pvInd_a
si,1,h0539,0.5059275741294907,scr2007,avaConv,pvInd_a
si,1,h0540,0.5721988708984339,scr2007,avaConv,pvInd_a
si,1,h0541,0.5685157263785492,scr2007,avaConv,pvInd_a
si,1,h0542,0.49189947187539657,scr2007,avaConv,pvInd_a
si,1,h0543,0.3492741833954396,scr2007,avaConv,pvInd_a
si,1,h0544,0.20046605477140017,scr2007,avaConv,pvInd_a
si,1,h0545,0.08248668492958725,scr2007,avaConv,pvInd_a
si,1,h0546,0.022797353881344982,scr2007,avaConv,pvInd_a
si,1,h0547,0.0,scr2007,avaConv,pvInd_a
si,1,h0548,0.0,scr2007,avaConv,pvInd_a
si,1,h0549,0.0,scr2007,avaConv,pvInd_a
si,1,h0550,0.0,scr2007,avaConv,pvInd_a
si,1,h0551,0.0,scr2007,avaConv,pvInd_a
si,1,h0552,0.0,scr2007,avaConv,pvInd_a
sk,1,h0481,0.0,scr2007,avaConv,pvInd_a
sk,1,h0482,0.0,scr2007,avaConv,pvInd_a
sk,1,h0483,0.0,scr2007,avaConv,pvInd_a
sk,1,h0484,0.0,scr2007,avaConv,pvInd_a
sk,1,h0485,0.0,scr2007,avaConv,pvInd_a
sk,1,h0486,0.005039504246491816,scr2007,avaConv,pvInd_a
sk,1,h0487,0.06376449565224164,scr2007,avaConv,pvInd_a
sk,1,h0488,0.19310065407861285,scr2007,avaConv,pvInd_a
sk,1,h0489,0.38057746742063814,scr2007,avaConv,pvInd_a
sk,1,h0490,0.5542478027875288,scr2007,avaConv,pvInd_a
sk,1,h0491,0.6745779138835771,scr2007,avaConv,pvInd_a
sk,1,h0492,0.7338889859821878,scr2007,avaConv,pvInd_a
sk,1,h0493,0.7265651929571396,scr2007,avaConv,pvInd_a
sk,1,h0494,0.6678982535546792,scr2007,avaConv,pvInd_a
sk,1,h0495,0.5550085049409303,scr2007,avaConv,pvInd_a
sk,1,h0496,0.40007859468383644,scr2007,avaConv,pvInd_a
sk,1,h0497,0.22164857107511968,scr2007,avaConv,pvInd_a
sk,1,h0498,0.08328231789016037,scr2007,avaConv,pvInd_a
sk,1,h0499,0.0130798252195051,scr2007,avaConv,pvInd_a
sk,1,h0500,0.0,scr2007,avaConv,pvInd_a
sk,1,h0501,0.0,scr2007,avaConv,pvInd_a
sk,1,h0502,0.0,scr2007,avaConv,pvInd_a
sk,1,h0503,0.0,scr2007,avaConv,pvInd_a
sk,1,h0504,0.0,scr2007,avaConv,pvInd_a
sk,1,h0505,0.0,scr2007,avaConv,pvInd_a
sk,1,h0506,0.0,scr2007,avaConv,pvInd_a
sk,1,h0507,0.0,scr2007,avaConv,pvInd_a
sk,1,h0508,0.0,scr2007,avaConv,pvInd_a
sk,1,h0509,0.0,scr2007,avaConv,pvInd_a
sk,1,h0510,0.0011345383672699738,scr2007,avaConv,pvInd_a
sk,1,h0511,0.006298993169266113,scr2007,avaConv,pvInd_a
sk,1,h0512,0.02076992095315377,scr2007,avaConv,pvInd_a
sk,1,h0513,0.04671702406541143,scr2007,avaConv,pvInd_a
sk,1,h0514,0.08856216279601686,scr2007,avaConv,pvInd_a
sk,1,h0515,0.1438806130425421,scr2007,avaConv,pvInd_a
sk,1,h0516,0.20473328684593156,scr2007,avaConv,pvInd_a
sk,1,h0517,0.2618249870441675,scr2007,avaConv,pvInd_a
sk,1,h0518,0.27431545025897475,scr2007,avaConv,pvInd_a
sk,1,h0519,0.24274050996725507,scr2007,avaConv,pvInd_a
sk,1,h0520,0.16089319533545027,scr2007,avaConv,pvInd_a
sk,1,h0521,0.07818542620956659,scr2007,avaConv,pvInd_a
sk,1,h0522,0.022015927805150572,scr2007,avaConv,pvInd_a
sk,1,h0523,0.0,scr2007,avaConv,pvInd_a
sk,1,h0524,0.0,scr2007,avaConv,pvInd_a
sk,1,h0525,0.0,scr2007,avaConv,pvInd_a
sk,1,h0526,0.0,scr2007,avaConv,pvInd_a
sk,1,h0527,0.0,scr2007,avaConv,pvInd_a
sk,1,h0528,0.0,scr2007,avaConv,pvInd_a
sk,1,h0529,0.0,scr2007,avaConv,pvInd_a
sk,1,h0530,0.0,scr2007,avaConv,pvInd_a
sk,1,h0531,0.0,scr2007,avaConv,pvInd_a
sk,1,h0532,0.0,scr2007,avaConv,pvInd_a
sk,1,h0533,0.0,scr2007,avaConv,pvInd_a
sk,1,h0534,0.0,scr2007,avaConv,pvInd_a
sk,1,h0535,0.04144080815657832,scr2007,avaConv,pvInd_a
sk,1,h0536,0.1530261862268627,scr2007,avaConv,pvInd_a
sk,1,h0537,0.3253428955501953,scr2007,avaConv,pvInd_a
sk,1,h0538,0.49667367365779524,scr2007,avaConv,pvInd_a
sk,1,h0539,0.6144513011744541,scr2007,avaConv,pvInd_a
sk,1,h0540,0.671652957509271,scr2007,avaConv,pvInd_a
sk,1,h0541,0.5632157358632068,scr2007,avaConv,pvInd_a
sk,1,h0542,0.4096536551510979,scr2007,avaConv,pvInd_a
sk,1,h0543,0.22335900011966967,scr2007,avaConv,pvInd_a
sk,1,h0544,0.12925338792420557,scr2007,avaConv,pvInd_a
sk,1,h0545,0.05270652427879019,scr2007,avaConv,pvInd_a
sk,1,h0546,0.01116537393657771,scr2007,avaConv,pvInd_a
sk,1,h0547,0.0,scr2007,avaConv,pvInd_a
sk,1,h0548,0.0,scr2007,avaConv,pvInd_a
sk,1,h0549,0.0,scr2007,avaConv,pvInd_a
sk,1,h0550,0.0,scr2007,avaConv,pvInd_a
sk,1,h0551,0.0,scr2007,avaConv,pvInd_a
sk,1,h0552,0.0,scr2007,avaConv,pvInd_a
uk,1,h0481,0.0,scr2007,avaConv,pvInd_a
uk,1,h0482,0.0,scr2007,avaConv,pvInd_a
uk,1,h0483,0.0,scr2007,avaConv,pvInd_a
uk,1,h0484,0.0,scr2007,avaConv,pvInd_a
uk,1,h0485,0.0,scr2007,avaConv,pvInd_a
uk,1,h0486,0.0,scr2007,avaConv,pvInd_a
uk,1,h0487,0.0,scr2007,avaConv,pvInd_a
uk,1,h0488,0.007175998472188372,scr2007,avaConv,pvInd_a
uk,1,h0489,0.03603482149847531,scr2007,avaConv,pvInd_a
uk,1,h0490,0.09300389319568803,scr2007,avaConv,pvInd_a
uk,1,h0491,0.1540951246492792,scr2007,avaConv,pvInd_a
uk,1,h0492,0.1978267746760223,scr2007,avaConv,pvInd_a
uk,1,h0493,0.3076009316243742,scr2007,avaConv,pvInd_a
uk,1,h0494,0.37892346005106414,scr2007,avaConv,pvInd_a
uk,1,h0495,0.41547443565465964,scr2007,avaConv,pvInd_a
uk,1,h0496,0.3374967299926983,scr2007,avaConv,pvInd_a
uk,1,h0497,0.2547512354439996,scr2007,avaConv,pvInd_a
uk,1,h0498,0.15890391996285766,scr2007,avaConv,pvInd_a
uk,1,h0499,0.0646577799951351,scr2007,avaConv,pvInd_a
uk,1,h0500,0.012905322680549277,scr2007,avaConv,pvInd_a
uk,1,h0501,0.0,scr2007,avaConv,pvInd_a
uk,1,h0502,0.0,scr2007,avaConv,pvInd_a
uk,1,h0503,0.0,scr2007,avaConv,pvInd_a
uk,1,h0504,0.0,scr2007,avaConv,pvInd_a
uk,1,h0505,0.0,scr2007,avaConv,pvInd_a
uk,1,h0506,0.0,scr2007,avaConv,pvInd_a
uk,1,h0507,0.0,scr2007,avaConv,pvInd_a
uk,1,h0508,0.0,scr2007,avaConv,pvInd_a
uk,1,h0509,0.0,scr2007,avaConv,pvInd_a
uk,1,h0510,0.0,scr2007,avaConv,pvInd_a
uk,1,h0511,0.0,scr2007,avaConv,pvInd_a
uk,1,h0512,0.009735167830966599,scr2007,avaConv,pvInd_a
uk,1,h0513,0.057076146239643924,scr2007,avaConv,pvInd_a
uk,1,h0514,0.15727487070597188,scr2007,avaConv,pvInd_a
uk,1,h0515,0.2867992160221932,scr2007,avaConv,pvInd_a
uk,1,h0516,0.3960966713479214,scr2007,avaConv,pvInd_a
uk,1,h0517,0.37657043560092074,scr2007,avaConv,pvInd_a
uk,1,h0518,0.29980208442528616,scr2007,avaConv,pvInd_a
uk,1,h0519,0.19259762120268525,scr2007,avaConv,pvInd_a
uk,1,h0520,0.14022205288382328,scr2007,avaConv,pvInd_a
uk,1,h0521,0.08710259964191061,scr2007,avaConv,pvInd_a
uk,1,h0522,0.03775021870822793,scr2007,avaConv,pvInd_a
uk,1,h0523,0.00966616635788413,scr2007,avaConv,pvInd_a
uk,1,h0524,0.0003039336070286363,scr2007,avaConv,pvInd_a
uk,1,h0525,0.0,scr2007,avaConv,pvInd_a
uk,1,h0526,0.0,scr2007,avaConv,pvInd_a
uk,1,h0527,0.0,scr2007,avaConv,pvInd_a
uk,1,h0528,0.0,scr2007,avaConv,pvInd_a
uk,1,h0529,0.0,scr2007,avaConv,pvInd_a
uk,1,h0530,0.0,scr2007,avaConv,pvInd_a
uk,1,h0531,0.0,scr2007,avaConv,pvInd_a
uk,1,h0532,0.0,scr2007,avaConv,pvInd_a
uk,1,h0533,0.0,scr2007,avaConv,pvInd_a
uk,1,h0534,0.0,scr2007,avaConv,pvInd_a
uk,1,h0535,0.0,scr2007,avaConv,pvInd_a
uk,1,h0536,0.001989521795674218,scr2007,avaConv,pvInd_a
uk,1,h0537,0.041984114480911515,scr2007,avaConv,pvInd_a
uk,1,h0538,0.14532992521742616,scr2007,avaConv,pvInd_a
uk,1,h0539,0.3025519070598977,scr2007,avaConv,pvInd_a
uk,1,h0540,0.4373703568189771,scr2007,avaConv,pvInd_a
uk,1,h0541,0.49197161478734486,scr2007,avaConv,pvInd_a
uk,1,h0542,0.47191543768929206,scr2007,avaConv,pvInd_a
uk,1,h0543,0.3878531532156596,scr2007,avaConv,pvInd_a
uk,1,h0544,0.28026345162793403,scr2007,avaConv,pvInd_a
uk,1,h0545,0.16421336280266866,scr2007,avaConv,pvInd_a
uk,1,h0546,0.0667916004496776,scr2007,avaConv,pvInd_a
uk,1,h0547,0.015855832034670107,scr2007,avaConv,pvInd_a
uk,1,h0548,0.0,scr2007,avaConv,pvInd_a
uk,1,h0549,0.0,scr2007,avaConv,pvInd_a
uk,1,h0550,0.0,scr2007,avaConv,pvInd_a
uk,1,h0551,0.0,scr2007,avaConv,pvInd_a
uk,1,h0552,0.0,scr2007,avaConv,pvInd_a
ni,1,h0481,0.0,scr2007,avaConv,pvInd_a
ni,1,h0482,0.0,scr2007,avaConv,pvInd_a
ni,1,h0483,0.0,scr2007,avaConv,pvInd_a
ni,1,h0484,0.0,scr2007,avaConv,pvInd_a
ni,1,h0485,0.0,scr2007,avaConv,pvInd_a
ni,1,h0486,0.0,scr2007,avaConv,pvInd_a
ni,1,h0487,0.0,scr2007,avaConv,pvInd_a
ni,1,h0488,0.0015747334210715915,scr2007,avaConv,pvInd_a
ni,1,h0489,0.013198471750292205,scr2007,avaConv,pvInd_a
ni,1,h0490,0.04183823562568642,scr2007,avaConv,pvInd_a
ni,1,h0491,0.1007593629505901,scr2007,avaConv,pvInd_a
ni,1,h0492,0.19926136678550055,scr2007,avaConv,pvInd_a
ni,1,h0493,0.30457014563597157,scr2007,avaConv,pvInd_a
ni,1,h0494,0.36073009592395705,scr2007,avaConv,pvInd_a
ni,1,h0495,0.37573543367178186,scr2007,avaConv,pvInd_a
ni,1,h0496,0.36027644450079244,scr2007,avaConv,pvInd_a
ni,1,h0497,0.3015583759759471,scr2007,avaConv,pvInd_a
ni,1,h0498,0.19482879560253671,scr2007,avaConv,pvInd_a
ni,1,h0499,0.07642479654980806,scr2007,avaConv,pvInd_a
ni,1,h0500,0.019667318004833755,scr2007,avaConv,pvInd_a
ni,1,h0501,0.0,scr2007,avaConv,pvInd_a
ni,1,h0502,0.0,scr2007,avaConv,pvInd_a
ni,1,h0503,0.0,scr2007,avaConv,pvInd_a
ni,1,h0504,0.0,scr2007,avaConv,pvInd_a
ni,1,h0505,0.0,scr2007,avaConv,pvInd_a
ni,1,h0506,0.0,scr2007,avaConv,pvInd_a
ni,1,h0507,0.0,scr2007,avaConv,pvInd_a
ni,1,h0508,0.0,scr2007,avaConv,pvInd_a
ni,1,h0509,0.0,scr2007,avaConv,pvInd_a
ni,1,h0510,0.0,scr2007,avaConv,pvInd_a
ni,1,h0511,0.0,scr2007,avaConv,pvInd_a
ni,1,h0512,0.003228727771339286,scr2007,avaConv,pvInd_a
ni,1,h0513,0.05378551346792514,scr2007,avaConv,pvInd_a
ni,1,h0514,0.18649660513905866,scr2007,avaConv,pvInd_a
ni,1,h0515,0.38465966720580935,scr2007,avaConv,pvInd_a
ni,1,h0516,0.55319904194436,scr2007,avaConv,pvInd_a
ni,1,h0517,0.5202005003075959,scr2007,avaConv,pvInd_a
ni,1,h0518,0.4135897142322375,scr2007,avaConv,pvInd_a
ni,1,h0519,0.2627385226056024,scr2007,avaConv,pvInd_a
ni,1,h0520,0.19754533840511765,scr2007,avaConv,pvInd_a
ni,1,h0521,0.12463687108345775,scr2007,avaConv,pvInd_a
ni,1,h0522,0.06423106109038877,scr2007,avaConv,pvInd_a
ni,1,h0523,0.024596156347340026,scr2007,avaConv,pvInd_a
ni,1,h0524,0.005747497537880259,scr2007,avaConv,pvInd_a
ni,1,h0525,0.0,scr2007,avaConv,pvInd_a
ni,1,h0526,0.0,scr2007,avaConv,pvInd_a
ni,1,h0527,0.0,scr2007,avaConv,pvInd_a
ni,1,h0528,0.0,scr2007,avaConv,pvInd_a
ni,1,h0529,0.0,scr2007,avaConv,pvInd_a
ni,1,h0530,0.0,scr2007,avaConv,pvInd_a
ni,1,h0531,0.0,scr2007,avaConv,pvInd_a
ni,1,h0532,0.0,scr2007,avaConv,pvInd_a
ni,1,h0533,0.0,scr2007,avaConv,pvInd_a
ni,1,h0534,0.0,scr2007,avaConv,pvInd_a
ni,1,h0535,0.0,scr2007,avaConv,pvInd_a
ni,1,h0536,0.0,scr2007,avaConv,pvInd_a
ni,1,h0537,0.04413268530529313,scr2007,avaConv,pvInd_a
ni,1,h0538,0.1643242091183729,scr2007,avaConv,pvInd_a
ni,1,h0539,0.35607718319130693,scr2007,avaConv,pvInd_a
ni,1,h0540,0.5220601800515166,scr2007,avaConv,pvInd_a
ni,1,h0541,0.5022667985075742,scr2007,avaConv,pvInd_a
ni,1,h0542,0.39244532321209363,scr2007,avaConv,pvInd_a
ni,1,h0543,0.23633076446025675,scr2007,avaConv,pvInd_a
ni,1,h0544,0.1646466730920472,scr2007,avaConv,pvInd_a
ni,1,h0545,0.09545449621200523,scr2007,avaConv,pvInd_a
ni,1,h0546,0.04072419148891187,scr2007,avaConv,pvInd_a
ni,1,h0547,0.009007244196376425,scr2007,avaConv,pvInd_a
ni,1,h0548,0.0,scr2007,avaConv,pvInd_a
ni,1,h0549,0.0,scr2007,avaConv,pvInd_a
ni,1,h0550,0.0,scr2007,avaConv,pvInd_a
ni,1,h0551,0.0,scr2007,avaConv,pvInd_a
ni,1,h0552,0.0,scr2007,avaConv,pvInd_a
al,2,h0481,0.0,scr2007,avaConv,pvInd_b
al,2,h0482,0.0,scr2007,avaConv,pvInd_b
al,2,h0483,0.0,scr2007,avaConv,pvInd_b
al,2,h0484,0.0,scr2007,avaConv,pvInd_b
al,2,h0485,0.0,scr2007,avaConv,pvInd_b
al,2,h0486,0.004141814830363112,scr2007,avaConv,pvInd_b
al,2,h0487,0.0393075632621151,scr2007,avaConv,pvInd_b
al,2,h0488,0.13415077035343975,scr2007,avaConv,pvInd_b
al,2,h0489,0.28610296161218113,scr2007,avaConv,pvInd_b
al,2,h0490,0.4374415040036622,scr2007,avaConv,pvInd_b
al,2,h0491,0.545676993237659,scr2007,avaConv,pvInd_b
al,2,h0492,0.5816946547118097,scr2007,avaConv,pvInd_b
al,2,h0493,0.6122509943638337,scr2007,avaConv,pvInd_b
al,2,h0494,0.5807722646993209,scr2007,avaConv,pvInd_b
al,2,h0495,0.4977415717527073,scr2007,avaConv,pvInd_b
al,2,h0496,0.31804198662005867,scr2007,avaConv,pvInd_b
al,2,h0497,0.14561792650883626,scr2007,avaConv,pvInd_b
al,2,h0498,0.04085153953994723,scr2007,avaConv,pvInd_b
al,2,h0499,0.0036998263682403334,scr2007,avaConv,pvInd_b
al,2,h0500,0.0,scr2007,avaConv,pvInd_b
al,2,h0501,0.0,scr2007,avaConv,pvInd_b
al,2,h0502,0.0,scr2007,avaConv,pvInd_b
al,2,h0503,0.0,scr2007,avaConv,pvInd_b
al,2,h0504,0.0,scr2007,avaConv,pvInd_b
al,2,h0505,0.0,scr2007,avaConv,pvInd_b
al,2,h0506,0.0,scr2007,avaConv,pvInd_b
al,2,h0507,0.0,scr2007,avaConv,pvInd_b
al,2,h0508,0.0,scr2007,avaConv,pvInd_b
al,2,h0509,0.0,scr2007,avaConv,pvInd_b
al,2,h0510,0.0021630584824839046,scr2007,avaConv,pvInd_b
al,2,h0511,0.03600412364060696,scr2007,avaConv,pvInd_b
al,2,h0512,0.13108419502975452,scr2007,avaConv,pvInd_b
al,2,h0513,0.29279572550922783,scr2007,avaConv,pvInd_b
al,2,h0514,0.46444071634544737,scr2007,avaConv,pvInd_b
al,2,h0515,0.5955584821537988,scr2007,avaConv,pvInd_b
al,2,h0516,0.6641894229491951,scr2007,avaConv,pvInd_b
al,2,h0517,0.5201545781670618,scr2007,avaConv,pvInd_b
al,2,h0518,0.3347149679377865,scr2007,avaConv,pvInd_b
al,2,h0519,0.14323806698743888,scr2007,avaConv,pvInd_b
al,2,h0520,0.07659220410728725,scr2007,avaConv,pvInd_b
al,2,h0521,0.028786913687130187,scr2007,avaConv,pvInd_b
al,2,h0522,0.006599089809337837,scr2007,avaConv,pvInd_b
al,2,h0523,0.0,scr2007,avaConv,pvInd_b
al,2,h0524,0.0,scr2007,avaConv,pvInd_b
al,2,h0525,0.0,scr2007,avaConv,pvInd_b
al,2,h0526,0.0,scr2007,avaConv,pvInd_b
al,2,h0527,0.0,scr2007,avaConv,pvInd_b
al,2,h0528,0.0,scr2007,avaConv,pvInd_b
al,2,h0529,0.0,scr2007,avaConv,pvInd_b
al,2,h0530,0.0,scr2007,avaConv,pvInd_b
al,2,h0531,0.0,scr2007,avaConv,pvInd_b
al,2,h0532,0.0,scr2007,avaConv,pvInd_b
al,2,h0533,0.0,scr2007,avaConv,pvInd_b
al,2,h0534,0.0,scr2007,avaConv,pvInd_b
al,2,h0535,0.031083248408185698,scr2007,avaConv,pvInd_b
al,2,h0536,0.13448155707519166,scr2007,avaConv,pvInd_b
al,2,h0537,0.31546208658142383,scr2007,avaConv,pvInd_b
al,2,h0538,0.49528864791576305,scr2007,avaConv,pvInd_b
al,2,h0539,0.6175466327484402,scr2007,avaConv,pvInd_b
al,2,h0540,0.6747130865806698,scr2007,avaConv,pvInd_b
al,2,h0541,0.4777861298924244,scr2007,avaConv,pvInd_b
al,2,h0542,0.25906273528025686,scr2007,avaConv,pvInd_b
al,2,h0543,0.06277097884573808,scr2007,avaConv,pvInd_b
al,2,h0544,0.02687303254360779,scr2007,avaConv,pvInd_b
al,2,h0545,0.008290845214252596,scr2007,avaConv,pvInd_b
al,2,h0546,0.0009935170723618645,scr2007,avaConv,pvInd_b
al,2,h0547,0.0,scr2007,avaConv,pvInd_b
al,2,h0548,0.0,scr2007,avaConv,pvInd_b
al,2,h0549,0.0,scr2007,avaConv,pvInd_b
al,2,h0550,0.0,scr2007,avaConv,pvInd_b
al,2,h0551,0.0,scr2007,avaConv,pvInd_b
al,2,h0552,0.0,scr2007,avaConv,pvInd_b
at,2,h0481,0.0,scr2007,avaConv,pvInd_b
at,2,h0482,0.0,scr2007,avaConv,pvInd_b
at,2,h0483,0.0,scr2007,avaConv,pvInd_b
at,2,h0484,0.0,scr2007,avaConv,pvInd_b
at,2,h0485,0.0,scr2007,avaConv,pvInd_b
at,2,h0486,0.000671482460352974,scr2007,avaConv,pvInd_b
at,2,h0487,0.03317163369384481,scr2007,avaConv,pvInd_b
at,2,h0488,0.13002824635055316,scr2007,avaConv,pvInd_b
at,2,h0489,0.2998016694583348,scr2007,avaConv,pvInd_b
at,2,h0490,0.4864771524286008,scr2007,avaConv,pvInd_b
at,2,h0491,0.6358285716274646,scr2007,avaConv,pvInd_b
at,2,h0492,0.7220113225658032,scr2007,avaConv,pvInd_b
at,2,h0493,0.7345838658418415,scr2007,avaConv,pvInd_b
at,2,h0494,0.6854883148130146,scr2007,avaConv,pvInd_b
at,2,h0495,0.5774029945331751,scr2007,avaConv,pvInd_b
at,2,h0496,0.4223901258318629,scr2007,avaConv,pvInd_b
at,2,h0497,0.23957125017757522,scr2007,avaConv,pvInd_b
at,2,h0498,0.09262064702089803,scr2007,avaConv,pvInd_b
at,2,h0499,0.016991375599287314,scr2007,avaConv,pvInd_b
at,2,h0500,0.0,scr2007,avaConv,pvInd_b
at,2,h0501,0.0,scr2007,avaConv,pvInd_b
at,2,h0502,0.0,scr2007,avaConv,pvInd_b
at,2,h0503,0.0,scr2007,avaConv,pvInd_b
at,2,h0504,0.0,scr2007,avaConv,pvInd_b
at,2,h0505,0.0,scr2007,avaConv,pvInd_b
at,2,h0506,0.0,scr2007,avaConv,pvInd_b
at,2,h0507,0.0,scr2007,avaConv,pvInd_b
at,2,h0508,0.0,scr2007,avaConv,pvInd_b
at,2,h0509,0.0,scr2007,avaConv,pvInd_b
at,2,h0510,0.0,scr2007,avaConv,pvInd_b
at,2,h0511,0.006243703916318244,scr2007,avaConv,pvInd_b
at,2,h0512,0.028248821753773967,scr2007,avaConv,pvInd_b
at,2,h0513,0.07552659994190603,scr2007,avaConv,pvInd_b
at,2,h0514,0.144531307761838,scr2007,avaConv,pvInd_b
at,2,h0515,0.22280817701292688,scr2007,avaConv,pvInd_b
at,2,h0516,0.27468763369728905,scr2007,avaConv,pvInd_b
at,2,h0517,0.3378368087154331,scr2007,avaConv,pvInd_b
at,2,h0518,0.3463305079825496,scr2007,avaConv,pvInd_b
at,2,h0519,0.31959720716521595,scr2007,avaConv,pvInd_b
at,2,h0520,0.21333749276144887,scr2007,avaConv,pvInd_b
at,2,h0521,0.10769862239056066,scr2007,avaConv,pvInd_b
at,2,h0522,0.03611838170447965,scr2007,avaConv,pvInd_b
at,2,h0523,0.004447738371546426,scr2007,avaConv,pvInd_b
at,2,h0524,0.0,scr2007,avaConv,pvInd_b
at,2,h0525,0.0,scr2007,avaConv,pvInd_b
at,2,h0526,0.0,scr2007,avaConv,pvInd_b
at,2,h0527,0.0,scr2007,avaConv,pvInd_b
at,2,h0528,0.0,scr2007,avaConv,pvInd_b
at,2,h0529,0.0,scr2007,avaConv,pvInd_b
at,2,h0530,0.0,scr2007,avaConv,pvInd_b
at,2,h0531,0.0,scr2007,avaConv,pvInd_b
at,2,h0532,0.0,scr2007,avaConv,pvInd_b
at,2,h0533,0.0,scr2007,avaConv,pvInd_b
at,2,h0534,0.0,scr2007,avaConv,pvInd_b
at,2,h0535,0.018400966800223045,scr2007,avaConv,pvInd_b
at,2,h0536,0.09232654112088354,scr2007,avaConv,pvInd_b
at,2,h0537,0.23816188784250533,scr2007,avaConv,pvInd_b
at,2,h0538,0.4167969560865312,scr2007,avaConv,pvInd_b
at,2,h0539,0.5608965027708401,scr2007,avaConv,pvInd_b
at,2,h0540,0.6415191828709522,scr2007,avaConv,pvInd_b
at,2,h0541,0.521683079343916,scr2007,avaConv,pvInd_b
at,2,h0542,0.3603719047810874,scr2007,avaConv,pvInd_b
at,2,h0543,0.17201308211227512,scr2007,avaConv,pvInd_b
at,2,h0544,0.10164756729955507,scr2007,avaConv,pvInd_b
at,2,h0545,0.040870634912994454,scr2007,avaConv,pvInd_b
at,2,h0546,0.010280368758863023,scr2007,avaConv,pvInd_b
at,2,h0547,0.0,scr2007,avaConv,pvInd_b
at,2,h0548,0.0,scr2007,avaConv,pvInd_b
at,2,h0549,0.0,scr2007,avaConv,pvInd_b
at,2,h0550,0.0,scr2007,avaConv,pvInd_b
at,2,h0551,0.0,scr2007,avaConv,pvInd_b
at,2,h0552,0.0,scr2007,avaConv,pvInd_b
ba,2,h0481,0.0,scr2007,avaConv,pvInd_b
ba,2,h0482,0.0,scr2007,avaConv,pvInd_b
ba,2,h0483,0.0,scr2007,avaConv,pvInd_b
ba,2,h0484,0.0,scr2007,avaConv,pvInd_b
ba,2,h0485,0.0,scr2007,avaConv,pvInd_b
ba,2,h0486,0.004656395410317229,scr2007,avaConv,pvInd_b
ba,2,h0487,0.046858030929832144,scr2007,avaConv,pvInd_b
ba,2,h0488,0.14916140379011694,scr2007,avaConv,pvInd_b
ba,2,h0489,0.302975633314485,scr2007,avaConv,pvInd_b
ba,2,h0490,0.4513159420201663,scr2007,avaConv,pvInd_b
ba,2,h0491,0.5625218465846589,scr2007,avaConv,pvInd_b
ba,2,h0492,0.6282102123640346,scr2007,avaConv,pvInd_b
ba,2,h0493,0.6347879038081948,scr2007,avaConv,pvInd_b
ba,2,h0494,0.5768488273107424,scr2007,avaConv,pvInd_b
ba,2,h0495,0.4586456909836615,scr2007,avaConv,pvInd_b
ba,2,h0496,0.30982748408542965,scr2007,avaConv,pvInd_b
ba,2,h0497,0.1612781354150309,scr2007,avaConv,pvInd_b
ba,2,h0498,0.05687055904704469,scr2007,avaConv,pvInd_b
ba,2,h0499,0.008766478462442408,scr2007,avaConv,pvInd_b
ba,2,h0500,0.0,scr2007,avaConv,pvInd_b
ba,2,h0501,0.0,scr2007,avaConv,pvInd_b
ba,2,h0502,0.0,scr2007,avaConv,pvInd_b
ba,2,h0503,0.0,scr2007,avaConv,pvInd_b
ba,2,h0504,0.0,scr2007,avaConv,pvInd_b
ba,2,h0505,0.0,scr2007,avaConv,pvInd_b
ba,2,h0506,0.0,scr2007,avaConv,pvInd_b
ba,2,h0507,0.0,scr2007,avaConv,pvInd_b
ba,2,h0508,0.0,scr2007,avaConv,pvInd_b
ba,2,h0509,0.0,scr2007,avaConv,pvInd_b
ba,2,h0510,0.0,scr2007,avaConv,pvInd_b
ba,2,h0511,0.03885872033037919,scr2007,avaConv,pvInd_b
ba,2,h0512,0.1434333034254608,scr2007,avaConv,pvInd_b
ba,2,h0513,0.3067557408428007,scr2007,avaConv,pvInd_b
ba,2,h0514,0.4669403875001963,scr2007,avaConv,pvInd_b
ba,2,h0515,0.5809271967794206,scr2007,avaConv,pvInd_b
ba,2,h0516,0.6428603949817819,scr2007,avaConv,pvInd_b
ba,2,h0517,0.4801981849235826,scr2007,avaConv,pvInd_b
ba,2,h0518,0.3012207470438787,scr2007,avaConv,pvInd_b
ba,2,h0519,0.11759669997021932,scr2007,avaConv,pvInd_b
ba,2,h0520,0.0834435914086613,scr2007,avaConv,pvInd_b
ba,2,h0521,0.04027142405503958,scr2007,avaConv,pvInd_b
ba,2,h0522,0.011058285776294627,scr2007,avaConv,pvInd_b
ba,2,h0523,0.00022709465662777814,scr2007,avaConv,pvInd_b
ba,2,h0524,0.0,scr2007,avaConv,pvInd_b
ba,2,h0525,0.0,scr2007,avaConv,pvInd_b
ba,2,h0526,0.0,scr2007,avaConv,pvInd_b
ba,2,h0527,0.0,scr2007,avaConv,pvInd_b
ba,2,h0528,0.0,scr2007,avaConv,pvInd_b
ba,2,h0529,0.0,scr2007,avaConv,pvInd_b
ba,2,h0530,0.0,scr2007,avaConv,pvInd_b
ba,2,h0531,0.0,scr2007,avaConv,pvInd_b
ba,2,h0532,0.0,scr2007,avaConv,pvInd_b
ba,2,h0533,0.0,scr2007,avaConv,pvInd_b
ba,2,h0534,0.0,scr2007,avaConv,pvInd_b
ba,2,h0535,0.03809498629121538,scr2007,avaConv,pvInd_b
ba,2,h0536,0.1510130304333309,scr2007,avaConv,pvInd_b
ba,2,h0537,0.3320415570365106,scr2007,avaConv,pvInd_b
ba,2,h0538,0.5124217422957332,scr2007,avaConv,pvInd_b
ba,2,h0539,0.6336216765550209,scr2007,avaConv,pvInd_b
ba,2,h0540,0.6923902641667184,scr2007,avaConv,pvInd_b
ba,2,h0541,0.6230278218273129,scr2007,avaConv,pvInd_b
ba,2,h0542,0.49704103203528904,scr2007,avaConv,pvInd_b
ba,2,h0543,0.3265223687895366,scr2007,avaConv,pvInd_b
ba,2,h0544,0.19785199027651096,scr2007,avaConv,pvInd_b
ba,2,h0545,0.08507438559500585,scr2007,avaConv,pvInd_b
ba,2,h0546,0.021804939948102713,scr2007,avaConv,pvInd_b
ba,2,h0547,0.0,scr2007,avaConv,pvInd_b
ba,2,h0548,0.0,scr2007,avaConv,pvInd_b
ba,2,h0549,0.0,scr2007,avaConv,pvInd_b
ba,2,h0550,0.0,scr2007,avaConv,pvInd_b
ba,2,h0551,0.0,scr2007,avaConv,pvInd_b
ba,2,h0552,0.0,scr2007,avaConv,pvInd_b
be,2,h0481,0.0,scr2007,avaConv,pvInd_b
be,2,h0482,0.0,scr2007,avaConv,pvInd_b
be,2,h0483,0.0,scr2007,avaConv,pvInd_b
be,2,h0484,0.0,scr2007,avaConv,pvInd_b
be,2,h0485,0.0,scr2007,avaConv,pvInd_b
be,2,h0486,0.0,scr2007,avaConv,pvInd_b
be,2,h0487,0.0018738194364836924,scr2007,avaConv,pvInd_b
be,2,h0488,0.022783951202608156,scr2007,avaConv,pvInd_b
be,2,h0489,0.08568703023054118,scr2007,avaConv,pvInd_b
be,2,h0490,0.20895410087940047,scr2007,avaConv,pvInd_b
be,2,h0491,0.37206129770710994,scr2007,avaConv,pvInd_b
be,2,h0492,0.5358898314749458,scr2007,avaConv,pvInd_b
be,2,h0493,0.43138785604899377,scr2007,avaConv,pvInd_b
be,2,h0494,0.25478445801116373,scr2007,avaConv,pvInd_b
be,2,h0495,0.07771862017814317,scr2007,avaConv,pvInd_b
be,2,h0496,0.07407931566607556,scr2007,avaConv,pvInd_b
be,2,h0497,0.07663104826407467,scr2007,avaConv,pvInd_b
be,2,h0498,0.05241135617822007,scr2007,avaConv,pvInd_b
be,2,h0499,0.02092628433745781,scr2007,avaConv,pvInd_b
be,2,h0500,0.0026757701762526015,scr2007,avaConv,pvInd_b
be,2,h0501,0.0,scr2007,avaConv,pvInd_b
be,2,h0502,0.0,scr2007,avaConv,pvInd_b
be,2,h0503,0.0,scr2007,avaConv,pvInd_b
be,2,h0504,0.0,scr2007,avaConv,pvInd_b
be,2,h0505,0.0,scr2007,avaConv,pvInd_b
be,2,h0506,0.0,scr2007,avaConv,pvInd_b
be,2,h0507,0.0,scr2007,avaConv,pvInd_b
be,2,h0508,0.0,scr2007,avaConv,pvInd_b
be,2,h0509,0.0,scr2007,avaConv,pvInd_b
be,2,h0510,0.0,scr2007,avaConv,pvInd_b
be,2,h0511,0.0,scr2007,avaConv,pvInd_b
be,2,h0512,0.005075286997251215,scr2007,avaConv,pvInd_b
be,2,h0513,0.028863838112258018,scr2007,avaConv,pvInd_b
be,2,h0514,0.08231389450543268,scr2007,avaConv,pvInd_b
be,2,h0515,0.14810651055132476,scr2007,avaConv,pvInd_b
be,2,h0516,0.2077789781882606,scr2007,avaConv,pvInd_b
be,2,h0517,0.37834042627273623,scr2007,avaConv,pvInd_b
be,2,h0518,0.5214710210142127,scr2007,avaConv,pvInd_b
be,2,h0519,0.6072780818393427,scr2007,avaConv,pvInd_b
be,2,h0520,0.4709600009126811,scr2007,avaConv,pvInd_b
be,2,h0521,0.2897941707459754,scr2007,avaConv,pvInd_b
be,2,h0522,0.12000473402409013,scr2007,avaConv,pvInd_b
be,2,h0523,0.026766493816739356,scr2007,avaConv,pvInd_b
be,2,h0524,0.0,scr2007,avaConv,pvInd_b
be,2,h0525,0.0,scr2007,avaConv,pvInd_b
be,2,h0526,0.0,scr2007,avaConv,pvInd_b
be,2,h0527,0.0,scr2007,avaConv,pvInd_b
be,2,h0528,0.0,scr2007,avaConv,pvInd_b
be,2,h0529,0.0,scr2007,avaConv,pvInd_b
be,2,h0530,0.0,scr2007,avaConv,pvInd_b
be,2,h0531,0.0,scr2007,avaConv,pvInd_b
be,2,h0532,0.0,scr2007,avaConv,pvInd_b
be,2,h0533,0.0,scr2007,avaConv,pvInd_b
be,2,h0534,0.0,scr2007,avaConv,pvInd_b
be,2,h0535,0.0,scr2007,avaConv,pvInd_b
be,2,h0536,0.002929245077656755,scr2007,avaConv,pvInd_b
be,2,h0537,0.014075336465454218,scr2007,avaConv,pvInd_b
be,2,h0538,0.033544897825830367,scr2007,avaConv,pvInd_b
be,2,h0539,0.05482165877617665,scr2007,avaConv,pvInd_b
be,2,h0540,0.07607959382838111,scr2007,avaConv,pvInd_b
be,2,h0541,0.2545600201165258,scr2007,avaConv,pvInd_b
be,2,h0542,0.4306847799340106,scr2007,avaConv,pvInd_b
be,2,h0543,0.5549581516752995,scr2007,avaConv,pvInd_b
be,2,h0544,0.4086267960747062,scr2007,avaConv,pvInd_b
be,2,h0545,0.22905758821736866,scr2007,avaConv,pvInd_b
be,2,h0546,0.08499990967030381,scr2007,avaConv,pvInd_b
be,2,h0547,0.015657169460161862,scr2007,avaConv,pvInd_b
be,2,h0548,0.0,scr2007,avaConv,pvInd_b
be,2,h0549,0.0,scr2007,avaConv,pvInd_b
be,2,h0550,0.0,scr2007,avaConv,pvInd_b
be,2,h0551,0.0,scr2007,avaConv,pvInd_b
be,2,h0552,0.0,scr2007,avaConv,pvInd_b
bg,2,h0481,0.0,scr2007,avaConv,pvInd_b
bg,2,h0482,0.0,scr2007,avaConv,pvInd_b
bg,2,h0483,0.0,scr2007,avaConv,pvInd_b
bg,2,h0484,0.0,scr2007,avaConv,pvInd_b
bg,2,h0485,0.0,scr2007,avaConv,pvInd_b
bg,2,h0486,0.014695520661956228,scr2007,avaConv,pvInd_b
bg,2,h0487,0.02411494015636484,scr2007,avaConv,pvInd_b
bg,2,h0488,0.047591364119695743,scr2007,avaConv,pvInd_b
bg,2,h0489,0.0627171539377364,scr2007,avaConv,pvInd_b
bg,2,h0490,0.09934526026044592,scr2007,avaConv,pvInd_b
bg,2,h0491,0.13936140035281314,scr2007,avaConv,pvInd_b
bg,2,h0492,0.18100705165633307,scr2007,avaConv,pvInd_b
bg,2,h0493,0.3537915730986997,scr2007,avaConv,pvInd_b
bg,2,h0494,0.4724874008973195,scr2007,avaConv,pvInd_b
bg,2,h0495,0.5111651320372343,scr2007,avaConv,pvInd_b
bg,2,h0496,0.3203592280741878,scr2007,avaConv,pvInd_b
bg,2,h0497,0.13916590650290514,scr2007,avaConv,pvInd_b
bg,2,h0498,0.03401070964652091,scr2007,avaConv,pvInd_b
bg,2,h0499,0.0007417111171263862,scr2007,avaConv,pvInd_b
bg,2,h0500,0.0,scr2007,avaConv,pvInd_b
bg,2,h0501,0.0,scr2007,avaConv,pvInd_b
bg,2,h0502,0.0,scr2007,avaConv,pvInd_b
bg,2,h0503,0.0,scr2007,avaConv,pvInd_b
bg,2,h0504,0.0,scr2007,avaConv,pvInd_b
bg,2,h0505,0.0,scr2007,avaConv,pvInd_b
bg,2,h0506,0.0,scr2007,avaConv,pvInd_b
bg,2,h0507,0.0,scr2007,avaConv,pvInd_b
bg,2,h0508,0.0,scr2007,avaConv,pvInd_b
bg,2,h0509,0.0,scr2007,avaConv,pvInd_b
bg,2,h0510,0.00804148728770079,scr2007,avaConv,pvInd_b
bg,2,h0511,0.07342694532820573,scr2007,avaConv,pvInd_b
bg,2,h0512,0.22188297061758155,scr2007,avaConv,pvInd_b
bg,2,h0513,0.4257552506073209,scr2007,avaConv,pvInd_b
bg,2,h0514,0.6004900938780036,scr2007,avaConv,pvInd_b
bg,2,h0515,0.7063194187006689,scr2007,avaConv,pvInd_b
bg,2,h0516,0.7473071242570618,scr2007,avaConv,pvInd_b
bg,2,h0517,0.559973184013325,scr2007,avaConv,pvInd_b
bg,2,h0518,0.3491897274475759,scr2007,avaConv,pvInd_b
bg,2,h0519,0.13851298970415288,scr2007,avaConv,pvInd_b
bg,2,h0520,0.07320291925624076,scr2007,avaConv,pvInd_b
bg,2,h0521,0.025851615874808827,scr2007,avaConv,pvInd_b
bg,2,h0522,0.004385247264960566,scr2007,avaConv,pvInd_b
bg,2,h0523,0.0,scr2007,avaConv,pvInd_b
bg,2,h0524,0.0,scr2007,avaConv,pvInd_b
bg,2,h0525,0.0,scr2007,avaConv,pvInd_b
bg,2,h0526,0.0,scr2007,avaConv,pvInd_b
bg,2,h0527,0.0,scr2007,avaConv,pvInd_b
bg,2,h0528,0.0,scr2007,avaConv,pvInd_b
bg,2,h0529,0.0,scr2007,avaConv,pvInd_b
bg,2,h0530,0.0,scr2007,avaConv,pvInd_b
bg,2,h0531,0.0,scr2007,avaConv,pvInd_b
bg,2,h0532,0.0,scr2007,avaConv,pvInd_b
bg,2,h0533,0.0,scr2007,avaConv,pvInd_b
bg,2,h0534,0.0023203242695770724,scr2007,avaConv,pvInd_b
bg,2,h0535,0.05990645318107746,scr2007,avaConv,pvInd_b
bg,2,h0536,0.20138441078847835,scr2007,avaConv,pvInd_b
bg,2,h0537,0.412329306870565,scr2007,avaConv,pvInd_b
bg,2,h0538,0.5920698110266902,scr2007,avaConv,pvInd_b
bg,2,h0539,0.6998787102376381,scr2007,avaConv,pvInd_b
bg,2,h0540,0.7388028276954796,scr2007,avaConv,pvInd_b
bg,2,h0541,0.5031701008141414,scr2007,avaConv,pvInd_b
bg,2,h0542,0.26871556216480846,scr2007,avaConv,pvInd_b
bg,2,h0543,0.05881049811553465,scr2007,avaConv,pvInd_b
bg,2,h0544,0.029161418307953876,scr2007,avaConv,pvInd_b
bg,2,h0545,0.008315105222099935,scr2007,avaConv,pvInd_b
bg,2,h0546,0.0006093000370985682,scr2007,avaConv,pvInd_b
bg,2,h0547,0.0,scr2007,avaConv,pvInd_b
bg,2,h0548,0.0,scr2007,avaConv,pvInd_b
bg,2,h0549,0.0,scr2007,avaConv,pvInd_b
bg,2,h0550,0.0,scr2007,avaConv,pvInd_b
bg,2,h0551,0.0,scr2007,avaConv,pvInd_b
bg,2,h0552,0.0,scr2007,avaConv,pvInd_b
ch,2,h0481,0.0,scr2007,avaConv,pvInd_b
ch,2,h0482,0.0,scr2007,avaConv,pvInd_b
ch,2,h0483,0.0,scr2007,avaConv,pvInd_b
ch,2,h0484,0.0,scr2007,avaConv,pvInd_b
ch,2,h0485,0.0,scr2007,avaConv,pvInd_b
ch,2,h0486,0.0,scr2007,avaConv,pvInd_b
ch,2,h0487,0.009204316113989657,scr2007,avaConv,pvInd_b
ch,2,h0488,0.06376568262914034,scr2007,avaConv,pvInd_b
ch,2,h0489,0.19441035039938173,scr2007,avaConv,pvInd_b
ch,2,h0490,0.39141029696488316,scr2007,avaConv,pvInd_b
ch,2,h0491,0.5843332594860707,scr2007,avaConv,pvInd_b
ch,2,h0492,0.7171074437138376,scr2007,avaConv,pvInd_b
ch,2,h0493,0.7400518670686561,scr2007,avaConv,pvInd_b
ch,2,h0494,0.6748946031830086,scr2007,avaConv,pvInd_b
ch,2,h0495,0.5468682286036696,scr2007,avaConv,pvInd_b
ch,2,h0496,0.4103069631883995,scr2007,avaConv,pvInd_b
ch,2,h0497,0.26149541122832454,scr2007,avaConv,pvInd_b
ch,2,h0498,0.12373705189717805,scr2007,avaConv,pvInd_b
ch,2,h0499,0.03484480239436527,scr2007,avaConv,pvInd_b
ch,2,h0500,0.0017090533566848645,scr2007,avaConv,pvInd_b
ch,2,h0501,0.0,scr2007,avaConv,pvInd_b
ch,2,h0502,0.0,scr2007,avaConv,pvInd_b
ch,2,h0503,0.0,scr2007,avaConv,pvInd_b
ch,2,h0504,0.0,scr2007,avaConv,pvInd_b
ch,2,h0505,0.0,scr2007,avaConv,pvInd_b
ch,2,h0506,0.0,scr2007,avaConv,pvInd_b
ch,2,h0507,0.0,scr2007,avaConv,pvInd_b
ch,2,h0508,0.0,scr2007,avaConv,pvInd_b
ch,2,h0509,0.0,scr2007,avaConv,pvInd_b
ch,2,h0510,0.0,scr2007,avaConv,pvInd_b
ch,2,h0511,0.00011570811564476301,scr2007,avaConv,pvInd_b
ch,2,h0512,0.0033458838311689713,scr2007,avaConv,pvInd_b
ch,2,h0513,0.01879718272742003,scr2007,avaConv,pvInd_b
ch,2,h0514,0.06892514716196478,scr2007,avaConv,pvInd_b
ch,2,h0515,0.15484666278297088,scr2007,avaConv,pvInd_b
ch,2,h0516,0.2461968920052413,scr2007,avaConv,pvInd_b
ch,2,h0517,0.39869280089365083,scr2007,avaConv,pvInd_b
ch,2,h0518,0.49894839842014976,scr2007,avaConv,pvInd_b
ch,2,h0519,0.5365392481968347,scr2007,avaConv,pvInd_b
ch,2,h0520,0.41164718384631865,scr2007,avaConv,pvInd_b
ch,2,h0521,0.24834397598674415,scr2007,avaConv,pvInd_b
ch,2,h0522,0.10384243629275726,scr2007,avaConv,pvInd_b
ch,2,h0523,0.02383327018287052,scr2007,avaConv,pvInd_b
ch,2,h0524,0.0,scr2007,avaConv,pvInd_b
ch,2,h0525,0.0,scr2007,avaConv,pvInd_b
ch,2,h0526,0.0,scr2007,avaConv,pvInd_b
ch,2,h0527,0.0,scr2007,avaConv,pvInd_b
ch,2,h0528,0.0,scr2007,avaConv,pvInd_b
ch,2,h0529,0.0,scr2007,avaConv,pvInd_b
ch,2,h0530,0.0,scr2007,avaConv,pvInd_b
ch,2,h0531,0.0,scr2007,avaConv,pvInd_b
ch,2,h0532,0.0,scr2007,avaConv,pvInd_b
ch,2,h0533,0.0,scr2007,avaConv,pvInd_b
ch,2,h0534,0.0,scr2007,avaConv,pvInd_b
ch,2,h0535,0.0,scr2007,avaConv,pvInd_b
ch,2,h0536,0.029945377820292177,scr2007,avaConv,pvInd_b
ch,2,h0537,0.12328604801419075,scr2007,avaConv,pvInd_b
ch,2,h0538,0.27485743026636383,scr2007,avaConv,pvInd_b
ch,2,h0539,0.42526277245825445,scr2007,avaConv,pvInd_b
ch,2,h0540,0.5370046549640815,scr2007,avaConv,pvInd_b
ch,2,h0541,0.6320945552480767,scr2007,avaConv,pvInd_b
ch,2,h0542,0.6696831074974232,scr2007,avaConv,pvInd_b
ch,2,h0543,0.6247736835807538,scr2007,avaConv,pvInd_b
ch,2,h0544,0.47122351518329547,scr2007,avaConv,pvInd_b
ch,2,h0545,0.27122852789915936,scr2007,avaConv,pvInd_b
ch,2,h0546,0.10515148121354206,scr2007,avaConv,pvInd_b
ch,2,h0547,0.020384797526522346,scr2007,avaConv,pvInd_b
ch,2,h0548,0.0,scr2007,avaConv,pvInd_b
ch,2,h0549,0.0,scr2007,avaConv,pvInd_b
ch,2,h0550,0.0,scr2007,avaConv,pvInd_b
ch,2,h0551,0.0,scr2007,avaConv,pvInd_b
ch,2,h0552,0.0,scr2007,avaConv,pvInd_b
cz,2,h0481,0.0,scr2007,avaConv,pvInd_b
cz,2,h0482,0.0,scr2007,avaConv,pvInd_b
cz,2,h0483,0.0,scr2007,avaConv,pvInd_b
cz,2,h0484,0.0,scr2007,avaConv,pvInd_b
cz,2,h0485,0.0,scr2007,avaConv,pvInd_b
cz,2,h0486,0.0007333972662803639,scr2007,avaConv,pvInd_b
cz,2,h0487,0.034339224550956865,scr2007,avaConv,pvInd_b
cz,2,h0488,0.1323781320328991,scr2007,avaConv,pvInd_b
cz,2,h0489,0.30140244315643433,scr2007,avaConv,pvInd_b
cz,2,h0490,0.4839165909502089,scr2007,avaConv,pvInd_b
cz,2,h0491,0.6279444892857226,scr2007,avaConv,pvInd_b
cz,2,h0492,0.7114690591676948,scr2007,avaConv,pvInd_b
cz,2,h0493,0.7265930487590624,scr2007,avaConv,pvInd_b
cz,2,h0494,0.6810898393060012,scr2007,avaConv,pvInd_b
cz,2,h0495,0.5752957138533977,scr2007,avaConv,pvInd_b
cz,2,h0496,0.4201486695325439,scr2007,avaConv,pvInd_b
cz,2,h0497,0.2384927824303331,scr2007,avaConv,pvInd_b
cz,2,h0498,0.09250309704013755,scr2007,avaConv,pvInd_b
cz,2,h0499,0.01727672496750248,scr2007,avaConv,pvInd_b
cz,2,h0500,0.0,scr2007,avaConv,pvInd_b
cz,2,h0501,0.0,scr2007,avaConv,pvInd_b
cz,2,h0502,0.0,scr2007,avaConv,pvInd_b
cz,2,h0503,0.0,scr2007,avaConv,pvInd_b
cz,2,h0504,0.0,scr2007,avaConv,pvInd_b
cz,2,h0505,0.0,scr2007,avaConv,pvInd_b
cz,2,h0506,0.0,scr2007,avaConv,pvInd_b
cz,2,h0507,0.0,scr2007,avaConv,pvInd_b
cz,2,h0508,0.0,scr2007,avaConv,pvInd_b
cz,2,h0509,0.0,scr2007,avaConv,pvInd_b
cz,2,h0510,0.0,scr2007,avaConv,pvInd_b
cz,2,h0511,0.0032599964665130945,scr2007,avaConv,pvInd_b
cz,2,h0512,0.017318045146929726,scr2007,avaConv,pvInd_b
cz,2,h0513,0.04784780757650366,scr2007,avaConv,pvInd_b
cz,2,h0514,0.09758177841107417,scr2007,avaConv,pvInd_b
cz,2,h0515,0.15578457154849293,scr2007,avaConv,pvInd_b
cz,2,h0516,0.2116346689413799,scr2007,avaConv,pvInd_b
cz,2,h0517,0.23738076799731644,scr2007,avaConv,pvInd_b
cz,2,h0518,0.22064354830873908,scr2007,avaConv,pvInd_b
cz,2,h0519,0.16796112862087165,scr2007,avaConv,pvInd_b
cz,2,h0520,0.10499975967909271,scr2007,avaConv,pvInd_b
cz,2,h0521,0.049620686089211115,scr2007,avaConv,pvInd_b
cz,2,h0522,0.01616297940253656,scr2007,avaConv,pvInd_b
cz,2,h0523,0.001314643074293854,scr2007,avaConv,pvInd_b
cz,2,h0524,0.0,scr2007,avaConv,pvInd_b
cz,2,h0525,0.0,scr2007,avaConv,pvInd_b
cz,2,h0526,0.0,scr2007,avaConv,pvInd_b
cz,2,h0527,0.0,scr2007,avaConv,pvInd_b
cz,2,h0528,0.0,scr2007,avaConv,pvInd_b
cz,2,h0529,0.0,scr2007,avaConv,pvInd_b
cz,2,h0530,0.0,scr2007,avaConv,pvInd_b
cz,2,h0531,0.0,scr2007,avaConv,pvInd_b
cz,2,h0532,0.0,scr2007,avaConv,pvInd_b
cz,2,h0533,0.0,scr2007,avaConv,pvInd_b
cz,2,h0534,0.0,scr2007,avaConv,pvInd_b
cz,2,h0535,0.01752886064293791,scr2007,avaConv,pvInd_b
cz,2,h0536,0.08381236313751718,scr2007,avaConv,pvInd_b
cz,2,h0537,0.21464236801648434,scr2007,avaConv,pvInd_b
cz,2,h0538,0.38480240793640563,scr2007,avaConv,pvInd_b
cz,2,h0539,0.5378418450553568,scr2007,avaConv,pvInd_b
cz,2,h0540,0.6335065711154975,scr2007,avaConv,pvInd_b
cz,2,h0541,0.5305859809990681,scr2007,avaConv,pvInd_b
cz,2,h0542,0.37490727085699865,scr2007,avaConv,pvInd_b
cz,2,h0543,0.19133126788214744,scr2007,avaConv,pvInd_b
cz,2,h0544,0.11383912126064048,scr2007,avaConv,pvInd_b
cz,2,h0545,0.0467775872769715,scr2007,avaConv,pvInd_b
cz,2,h0546,0.010758668990265676,scr2007,avaConv,pvInd_b
cz,2,h0547,0.0,scr2007,avaConv,pvInd_b
cz,2,h0548,0.0,scr2007,avaConv,pvInd_b
cz,2,h0549,0.0,scr2007,avaConv,pvInd_b
cz,2,h0550,0.0,scr2007,avaConv,pvInd_b
cz,2,h0551,0.0,scr2007,avaConv,pvInd_b
cz,2,h0552,0.0,scr2007,avaConv,pvInd_b
de,2,h0481,0.0,scr2007,avaConv,pvInd_b
de,2,h0482,0.0,scr2007,avaConv,pvInd_b
de,2,h0483,0.0,scr2007,avaConv,pvInd_b
de,2,h0484,0.0,scr2007,avaConv,pvInd_b
de,2,h0485,0.0,scr2007,avaConv,pvInd_b
de,2,h0486,0.0,scr2007,avaConv,pvInd_b
de,2,h0487,0.011434739156139212,scr2007,avaConv,pvInd_b
de,2,h0488,0.05756172106408988,scr2007,avaConv,pvInd_b
de,2,h0489,0.1501023953833331,scr2007,avaConv,pvInd_b
de,2,h0490,0.2677451699829987,scr2007,avaConv,pvInd_b
de,2,h0491,0.3727574534238742,scr2007,avaConv,pvInd_b
de,2,h0492,0.44367734239789913,scr2007,avaConv,pvInd_b
de,2,h0493,0.4667685349098428,scr2007,avaConv,pvInd_b
de,2,h0494,0.4418690482894087,scr2007,avaConv,pvInd_b
de,2,h0495,0.37255314545281504,scr2007,avaConv,pvInd_b
de,2,h0496,0.27364380438645347,scr2007,avaConv,pvInd_b
de,2,h0497,0.16292945448270352,scr2007,avaConv,pvInd_b
de,2,h0498,0.06814788436265747,scr2007,avaConv,pvInd_b
de,2,h0499,0.016155832188885604,scr2007,avaConv,pvInd_b
de,2,h0500,0.0,scr2007,avaConv,pvInd_b
de,2,h0501,0.0,scr2007,avaConv,pvInd_b
de,2,h0502,0.0,scr2007,avaConv,pvInd_b
de,2,h0503,0.0,scr2007,avaConv,pvInd_b
de,2,h0504,0.0,scr2007,avaConv,pvInd_b
de,2,h0505,0.0,scr2007,avaConv,pvInd_b
de,2,h0506,0.0,scr2007,avaConv,pvInd_b
de,2,h0507,0.0,scr2007,avaConv,pvInd_b
de,2,h0508,0.0,scr2007,avaConv,pvInd_b
de,2,h0509,0.0,scr2007,avaConv,pvInd_b
de,2,h0510,0.0,scr2007,avaConv,pvInd_b
de,2,h0511,0.0016534326202123448,scr2007,avaConv,pvInd_b
de,2,h0512,0.013967541130079208,scr2007,avaConv,pvInd_b
de,2,h0513,0.042926069428931506,scr2007,avaConv,pvInd_b
de,2,h0514,0.08822934820302318,scr2007,avaConv,pvInd_b
de,2,h0515,0.14237126721325935,scr2007,avaConv,pvInd_b
de,2,h0516,0.1961335024964689,scr2007,avaConv,pvInd_b
de,2,h0517,0.26823178329447805,scr2007,avaConv,pvInd_b
de,2,h0518,0.3031785374672394,scr2007,avaConv,pvInd_b
de,2,h0519,0.2943254312233833,scr2007,avaConv,pvInd_b
de,2,h0520,0.2147422609100218,scr2007,avaConv,pvInd_b
de,2,h0521,0.12240143292625891,scr2007,avaConv,pvInd_b
de,2,h0522,0.04786307408878596,scr2007,avaConv,pvInd_b
de,2,h0523,0.009408826962054697,scr2007,avaConv,pvInd_b
de,2,h0524,0.0,scr2007,avaConv,pvInd_b
de,2,h0525,0.0,scr2007,avaConv,pvInd_b
de,2,h0526,0.0,scr2007,avaConv,pvInd_b
de,2,h0527,0.0,scr2007,avaConv,pvInd_b
de,2,h0528,0.0,scr2007,avaConv,pvInd_b
de,2,h0529,0.0,scr2007,avaConv,pvInd_b
de,2,h0530,0.0,scr2007,avaConv,pvInd_b
de,2,h0531,0.0,scr2007,avaConv,pvInd_b
de,2,h0532,0.0,scr2007,avaConv,pvInd_b
de,2,h0533,0.0,scr2007,avaConv,pvInd_b
de,2,h0534,0.0,scr2007,avaConv,pvInd_b
de,2,h0535,0.0005008002487699489,scr2007,avaConv,pvInd_b
de,2,h0536,0.020439447405678816,scr2007,avaConv,pvInd_b
de,2,h0537,0.07556141469655729,scr2007,avaConv,pvInd_b
de,2,h0538,0.16419499337078125,scr2007,avaConv,pvInd_b
de,2,h0539,0.24563924337287046,scr2007,avaConv,pvInd_b
de,2,h0540,0.28944800707372087,scr2007,avaConv,pvInd_b
de,2,h0541,0.2828487577891361,scr2007,avaConv,pvInd_b
de,2,h0542,0.24445994040166846,scr2007,avaConv,pvInd_b
de,2,h0543,0.18683063110220702,scr2007,avaConv,pvInd_b
de,2,h0544,0.1248323696705445,scr2007,avaConv,pvInd_b
de,2,h0545,0.061452937972652596,scr2007,avaConv,pvInd_b
de,2,h0546,0.019641847193417685,scr2007,avaConv,pvInd_b
de,2,h0547,0.001497139427762252,scr2007,avaConv,pvInd_b
de,2,h0548,0.0,scr2007,avaConv,pvInd_b
de,2,h0549,0.0,scr2007,avaConv,pvInd_b
de,2,h0550,0.0,scr2007,avaConv,pvInd_b
de,2,h0551,0.0,scr2007,avaConv,pvInd_b
de,2,h0552,0.0,scr2007,avaConv,pvInd_b
dk_e,2,h0481,0.0,scr2007,avaConv,pvInd_b
dk_e,2,h0482,0.0,scr2007,avaConv,pvInd_b
dk_e,2,h0483,0.0,scr2007,avaConv,pvInd_b
dk_e,2,h0484,0.0,scr2007,avaConv,pvInd_b
dk_e,2,h0485,0.0,scr2007,avaConv,pvInd_b
dk_e,2,h0486,0.0,scr2007,avaConv,pvInd_b
dk_e,2,h0487,0.010150242285921544,scr2007,avaConv,pvInd_b
dk_e,2,h0488,0.05394728354834742,scr2007,avaConv,pvInd_b
dk_e,2,h0489,0.14368709714901817,scr2007,avaConv,pvInd_b
dk_e,2,h0490,0.26609972566573387,scr2007,avaConv,pvInd_b
dk_e,2,h0491,0.3655803733360125,scr2007,avaConv,pvInd_b
dk_e,2,h0492,0.40280004891053744,scr2007,avaConv,pvInd_b
dk_e,2,h0493,0.4671062352050018,scr2007,avaConv,pvInd_b
dk_e,2,h0494,0.494226717851169,scr2007,avaConv,pvInd_b
dk_e,2,h0495,0.49229178187674294,scr2007,avaConv,pvInd_b
dk_e,2,h0496,0.35880384660662135,scr2007,avaConv,pvInd_b
dk_e,2,h0497,0.20432867057740148,scr2007,avaConv,pvInd_b
dk_e,2,h0498,0.0794067446815302,scr2007,avaConv,pvInd_b
dk_e,2,h0499,0.0165154820349583,scr2007,avaConv,pvInd_b
dk_e,2,h0500,0.0,scr2007,avaConv,pvInd_b
dk_e,2,h0501,0.0,scr2007,avaConv,pvInd_b
dk_e,2,h0502,0.0,scr2007,avaConv,pvInd_b
dk_e,2,h0503,0.0,scr2007,avaConv,pvInd_b
dk_e,2,h0504,0.0,scr2007,avaConv,pvInd_b
dk_e,2,h0505,0.0,scr2007,avaConv,pvInd_b
dk_e,2,h0506,0.0,scr2007,avaConv,pvInd_b
dk_e,2,h0507,0.0,scr2007,avaConv,pvInd_b
dk_e,2,h0508,0.0,scr2007,avaConv,pvInd_b
dk_e,2,h0509,0.0,scr2007,avaConv,pvInd_b
dk_e,2,h0510,0.0,scr2007,avaConv,pvInd_b
dk_e,2,h0511,0.007331369033337197,scr2007,avaConv,pvInd_b
dk_e,2,h0512,0.048578347570534225,scr2007,avaConv,pvInd_b
dk_e,2,h0513,0.13144126510982146,scr2007,avaConv,pvInd_b
dk_e,2,h0514,0.2222610197670963,scr2007,avaConv,pvInd_b
dk_e,2,h0515,0.26749633827100533,scr2007,avaConv,pvInd_b
dk_e,2,h0516,0.26515327517644216,scr2007,avaConv,pvInd_b
dk_e,2,h0517,0.2189185700292102,scr2007,avaConv,pvInd_b
dk_e,2,h0518,0.18055856973110163,scr2007,avaConv,pvInd_b
dk_e,2,h0519,0.1407155840347148,scr2007,avaConv,pvInd_b
dk_e,2,h0520,0.1079168227972152,scr2007,avaConv,pvInd_b
dk_e,2,h0521,0.058571616893383575,scr2007,avaConv,pvInd_b
dk_e,2,h0522,0.018728868330065842,scr2007,avaConv,pvInd_b
dk_e,2,h0523,0.0014135562075377366,scr2007,avaConv,pvInd_b
dk_e,2,h0524,0.0,scr2007,avaConv,pvInd_b
dk_e,2,h0525,0.0,scr2007,avaConv,pvInd_b
dk_e,2,h0526,0.0,scr2007,avaConv,pvInd_b
dk_e,2,h0527,0.0,scr2007,avaConv,pvInd_b
dk_e,2,h0528,0.0,scr2007,avaConv,pvInd_b
dk_e,2,h0529,0.0,scr2007,avaConv,pvInd_b
dk_e,2,h0530,0.0,scr2007,avaConv,pvInd_b
dk_e,2,h0531,0.0,scr2007,avaConv,pvInd_b
dk_e,2,h0532,0.0,scr2007,avaConv,pvInd_b
dk_e,2,h0533,0.0,scr2007,avaConv,pvInd_b
dk_e,2,h0534,0.0,scr2007,avaConv,pvInd_b
dk_e,2,h0535,0.0,scr2007,avaConv,pvInd_b
dk_e,2,h0536,0.0016881297256938616,scr2007,avaConv,pvInd_b
dk_e,2,h0537,0.008141801221842934,scr2007,avaConv,pvInd_b
dk_e,2,h0538,0.021114567450315102,scr2007,avaConv,pvInd_b
dk_e,2,h0539,0.035839273783263265,scr2007,avaConv,pvInd_b
dk_e,2,h0540,0.04527861945204805,scr2007,avaConv,pvInd_b
dk_e,2,h0541,0.0704611455169989,scr2007,avaConv,pvInd_b
dk_e,2,h0542,0.07779359005119364,scr2007,avaConv,pvInd_b
dk_e,2,h0543,0.0735928096569225,scr2007,avaConv,pvInd_b
dk_e,2,h0544,0.03751010003457121,scr2007,avaConv,pvInd_b
dk_e,2,h0545,0.013952971581137334,scr2007,avaConv,pvInd_b
dk_e,2,h0546,0.002511622413591679,scr2007,avaConv,pvInd_b
dk_e,2,h0547,0.0,scr2007,avaConv,pvInd_b
dk_e,2,h0548,0.0,scr2007,avaConv,pvInd_b
dk_e,2,h0549,0.0,scr2007,avaConv,pvInd_b
dk_e,2,h0550,0.0,scr2007,avaConv,pvInd_b
dk_e,2,h0551,0.0,scr2007,avaConv,pvInd_b
dk_e,2,h0552,0.0,scr2007,avaConv,pvInd_b
dk_w,2,h0481,0.0,scr2007,avaConv,pvInd_b
dk_w,2,h0482,0.0,scr2007,avaConv,pvInd_b
dk_w,2,h0483,0.0,scr2007,avaConv,pvInd_b
dk_w,2,h0484,0.0,scr2007,avaConv,pvInd_b
dk_w,2,h0485,0.0,scr2007,avaConv,pvInd_b
dk_w,2,h0486,0.0,scr2007,avaConv,pvInd_b
dk_w,2,h0487,0.007111803795908712,scr2007,avaConv,pvInd_b
dk_w,2,h0488,0.04746634210807165,scr2007,avaConv,pvInd_b
dk_w,2,h0489,0.12358512615062602,scr2007,avaConv,pvInd_b
dk_w,2,h0490,0.20128900605284497,scr2007,avaConv,pvInd_b
dk_w,2,h0491,0.2361565335100684,scr2007,avaConv,pvInd_b
dk_w,2,h0492,0.23171591760626012,scr2007,avaConv,pvInd_b
dk_w,2,h0493,0.29134965496844256,scr2007,avaConv,pvInd_b
dk_w,2,h0494,0.3493065220585959,scr2007,avaConv,pvInd_b
dk_w,2,h0495,0.3844707726672488,scr2007,avaConv,pvInd_b
dk_w,2,h0496,0.28958598744094893,scr2007,avaConv,pvInd_b
dk_w,2,h0497,0.16650888174362985,scr2007,avaConv,pvInd_b
dk_w,2,h0498,0.06168491853723344,scr2007,avaConv,pvInd_b
dk_w,2,h0499,0.012939056564592434,scr2007,avaConv,pvInd_b
dk_w,2,h0500,0.0,scr2007,avaConv,pvInd_b
dk_w,2,h0501,0.0,scr2007,avaConv,pvInd_b
dk_w,2,h0502,0.0,scr2007,avaConv,pvInd_b
dk_w,2,h0503,0.0,scr2007,avaConv,pvInd_b
dk_w,2,h0504,0.0,scr2007,avaConv,pvInd_b
dk_w,2,h0505,0.0,scr2007,avaConv,pvInd_b
dk_w,2,h0506,0.0,scr2007,avaConv,pvInd_b
dk_w,2,h0507,0.0,scr2007,avaConv,pvInd_b
dk_w,2,h0508,0.0,scr2007,avaConv,pvInd_b
dk_w,2,h0509,0.0,scr2007,avaConv,pvInd_b
dk_w,2,h0510,0.0,scr2007,avaConv,pvInd_b
dk_w,2,h0511,0.003033900546922596,scr2007,avaConv,pvInd_b
dk_w,2,h0512,0.026556075279104665,scr2007,avaConv,pvInd_b
dk_w,2,h0513,0.07876710174015422,scr2007,avaConv,pvInd_b
dk_w,2,h0514,0.14642547374455905,scr2007,avaConv,pvInd_b
dk_w,2,h0515,0.18201509481660758,scr2007,avaConv,pvInd_b
dk_w,2,h0516,0.19093495154592938,scr2007,avaConv,pvInd_b
dk_w,2,h0517,0.1747247688289744,scr2007,avaConv,pvInd_b
dk_w,2,h0518,0.1530603827900223,scr2007,avaConv,pvInd_b
dk_w,2,h0519,0.11451626452001949,scr2007,avaConv,pvInd_b
dk_w,2,h0520,0.06959793692092237,scr2007,avaConv,pvInd_b
dk_w,2,h0521,0.030660641527441714,scr2007,avaConv,pvInd_b
dk_w,2,h0522,0.008126574401692477,scr2007,avaConv,pvInd_b
dk_w,2,h0523,0.0006387775184603085,scr2007,avaConv,pvInd_b
dk_w,2,h0524,0.0,scr2007,avaConv,pvInd_b
dk_w,2,h0525,0.0,scr2007,avaConv,pvInd_b
dk_w,2,h0526,0.0,scr2007,avaConv,pvInd_b
dk_w,2,h0527,0.0,scr2007,avaConv,pvInd_b
dk_w,2,h0528,0.0,scr2007,avaConv,pvInd_b
dk_w,2,h0529,0.0,scr2007,avaConv,pvInd_b
dk_w,2,h0530,0.0,scr2007,avaConv,pvInd_b
dk_w,2,h0531,0.0,scr2007,avaConv,pvInd_b
dk_w,2,h0532,0.0,scr2007,avaConv,pvInd_b
dk_w,2,h0533,0.0,scr2007,avaConv,pvInd_b
dk_w,2,h0534,0.0,scr2007,avaConv,pvInd_b
dk_w,2,h0535,0.0,scr2007,avaConv,pvInd_b
dk_w,2,h0536,0.00814015822761341,scr2007,avaConv,pvInd_b
dk_w,2,h0537,0.040143146710175256,scr2007,avaConv,pvInd_b
dk_w,2,h0538,0.10324242603776748,scr2007,avaConv,pvInd_b
dk_w,2,h0539,0.18200745742406588,scr2007,avaConv,pvInd_b
dk_w,2,h0540,0.24754022762131855,scr2007,avaConv,pvInd_b
dk_w,2,h0541,0.2323965408832879,scr2007,avaConv,pvInd_b
dk_w,2,h0542,0.18539999673404395,scr2007,avaConv,pvInd_b
dk_w,2,h0543,0.11152236985918149,scr2007,avaConv,pvInd_b
dk_w,2,h0544,0.06750348760741538,scr2007,avaConv,pvInd_b
dk_w,2,h0545,0.026102152894397327,scr2007,avaConv,pvInd_b
dk_w,2,h0546,0.004617441372160982,scr2007,avaConv,pvInd_b
dk_w,2,h0547,0.0,scr2007,avaConv,pvInd_b
dk_w,2,h0548,0.0,scr2007,avaConv,pvInd_b
dk_w,2,h0549,0.0,scr2007,avaConv,pvInd_b
dk_w,2,h0550,0.0,scr2007,avaConv,pvInd_b
dk_w,2,h0551,0.0,scr2007,avaConv,pvInd_b
dk_w,2,h0552,0.0,scr2007,avaConv,pvInd_b
ee,2,h0481,0.0,scr2007,avaConv,pvInd_b
ee,2,h0482,0.0,scr2007,avaConv,pvInd_b
ee,2,h0483,0.0,scr2007,avaConv,pvInd_b
ee,2,h0484,0.0,scr2007,avaConv,pvInd_b
ee,2,h0485,0.0,scr2007,avaConv,pvInd_b
ee,2,h0486,0.001975100868826389,scr2007,avaConv,pvInd_b
ee,2,h0487,0.004611020652129997,scr2007,avaConv,pvInd_b
ee,2,h0488,0.012027320855103413,scr2007,avaConv,pvInd_b
ee,2,h0489,0.024917231232782323,scr2007,avaConv,pvInd_b
ee,2,h0490,0.05171576286456647,scr2007,avaConv,pvInd_b
ee,2,h0491,0.08875956993018595,scr2007,avaConv,pvInd_b
ee,2,h0492,0.12292546530172517,scr2007,avaConv,pvInd_b
ee,2,h0493,0.23610217997754204,scr2007,avaConv,pvInd_b
ee,2,h0494,0.32580535666579447,scr2007,avaConv,pvInd_b
ee,2,h0495,0.35864448547306543,scr2007,avaConv,pvInd_b
ee,2,h0496,0.22689363625343767,scr2007,avaConv,pvInd_b
ee,2,h0497,0.09060102710201627,scr2007,avaConv,pvInd_b
ee,2,h0498,0.018565135813527336,scr2007,avaConv,pvInd_b
ee,2,h0499,0.0,scr2007,avaConv,pvInd_b
ee,2,h0500,0.0,scr2007,avaConv,pvInd_b
ee,2,h0501,0.0,scr2007,avaConv,pvInd_b
ee,2,h0502,0.0,scr2007,avaConv,pvInd_b
ee,2,h0503,0.0,scr2007,avaConv,pvInd_b
ee,2,h0504,0.0,scr2007,avaConv,pvInd_b
ee,2,h0505,0.0,scr2007,avaConv,pvInd_b
ee,2,h0506,0.0,scr2007,avaConv,pvInd_b
ee,2,h0507,0.0,scr2007,avaConv,pvInd_b
ee,2,h0508,0.0,scr2007,avaConv,pvInd_b
ee,2,h0509,0.0,scr2007,avaConv,pvInd_b
ee,2,h0510,0.0012986668481757648,scr2007,avaConv,pvInd_b
ee,2,h0511,0.0027413083385716673,scr2007,avaConv,pvInd_b
ee,2,h0512,0.007475996779890403,scr2007,avaConv,pvInd_b
ee,2,h0513,0.015932709135610953,scr2007,avaConv,pvInd_b
ee,2,h0514,0.03676848474091792,scr2007,avaConv,pvInd_b
ee,2,h0515,0.06733532437333836,scr2007,avaConv,pvInd_b
ee,2,h0516,0.09291107686357136,scr2007,avaConv,pvInd_b
ee,2,h0517,0.10884251983953537,scr2007,avaConv,pvInd_b
ee,2,h0518,0.09565496411632446,scr2007,avaConv,pvInd_b
ee,2,h0519,0.06798076465185214,scr2007,avaConv,pvInd_b
ee,2,h0520,0.030166012051973508,scr2007,avaConv,pvInd_b
ee,2,h0521,0.008526219209746774,scr2007,avaConv,pvInd_b
ee,2,h0522,0.0007847318710753131,scr2007,avaConv,pvInd_b
ee,2,h0523,0.0,scr2007,avaConv,pvInd_b
ee,2,h0524,0.0,scr2007,avaConv,pvInd_b
ee,2,h0525,0.0,scr2007,avaConv,pvInd_b
ee,2,h0526,0.0,scr2007,avaConv,pvInd_b
ee,2,h0527,0.0,scr2007,avaConv,pvInd_b
ee,2,h0528,0.0,scr2007,avaConv,pvInd_b
ee,2,h0529,0.0,scr2007,avaConv,pvInd_b
ee,2,h0530,0.0,scr2007,avaConv,pvInd_b
ee,2,h0531,0.0,scr2007,avaConv,pvInd_b
ee,2,h0532,0.0,scr2007,avaConv,pvInd_b
ee,2,h0533,0.0,scr2007,avaConv,pvInd_b
ee,2,h0534,0.0,scr2007,avaConv,pvInd_b
ee,2,h0535,0.00011817565856021653,scr2007,avaConv,pvInd_b
ee,2,h0536,0.0022220265880094473,scr2007,avaConv,pvInd_b
ee,2,h0537,0.006243084314520546,scr2007,avaConv,pvInd_b
ee,2,h0538,0.011589552989049342,scr2007,avaConv,pvInd_b
ee,2,h0539,0.01466354879487365,scr2007,avaConv,pvInd_b
ee,2,h0540,0.014147556542387581,scr2007,avaConv,pvInd_b
ee,2,h0541,0.05370367966477393,scr2007,avaConv,pvInd_b
ee,2,h0542,0.07828238130208613,scr2007,avaConv,pvInd_b
ee,2,h0543,0.08440838099481453,scr2007,avaConv,pvInd_b
ee,2,h0544,0.0317525852192556,scr2007,avaConv,pvInd_b
ee,2,h0545,0.006030253104830581,scr2007,avaConv,pvInd_b
ee,2,h0546,0.0,scr2007,avaConv,pvInd_b
ee,2,h0547,0.0,scr2007,avaConv,pvInd_b
ee,2,h0548,0.0,scr2007,avaConv,pvInd_b
ee,2,h0549,0.0,scr2007,avaConv,pvInd_b
ee,2,h0550,0.0,scr2007,avaConv,pvInd_b
ee,2,h0551,0.0,scr2007,avaConv,pvInd_b
ee,2,h0552,0.0,scr2007,avaConv,pvInd_b
es,2,h0481,0.0,scr2007,avaConv,pvInd_b
es,2,h0482,0.0,scr2007,avaConv,pvInd_b
es,2,h0483,0.0,scr2007,avaConv,pvInd_b
es,2,h0484,0.0,scr2007,avaConv,pvInd_b
es,2,h0485,0.0,scr2007,avaConv,pvInd_b
es,2,h0486,0.0,scr2007,avaConv,pvInd_b
es,2,h0487,0.0,scr2007,avaConv,pvInd_b
es,2,h0488,0.0014423233749265843,scr2007,avaConv,pvInd_b
es,2,h0489,0.01476687091540206,scr2007,avaConv,pvInd_b
es,2,h0490,0.05679108741699365,scr2007,avaConv,pvInd_b
es,2,h0491,0.1279795281741649,scr2007,avaConv,pvInd_b
es,2,h0492,0.20382850690693868,scr2007,avaConv,pvInd_b
es,2,h0493,0.34619821703072,scr2007,avaConv,pvInd_b
es,2,h0494,0.45632365728618557,scr2007,avaConv,pvInd_b
es,2,h0495,0.5105958741164098,scr2007,avaConv,pvInd_b
es,2,h0496,0.40490249546495893,scr2007,avaConv,pvInd_b
es,2,h0497,0.2708601273662879,scr2007,avaConv,pvInd_b
es,2,h0498,0.13441334371201588,scr2007,avaConv,pvInd_b
es,2,h0499,0.03875609955796944,scr2007,avaConv,pvInd_b
es,2,h0500,0.00466341250166475,scr2007,avaConv,pvInd_b
es,2,h0501,0.0,scr2007,avaConv,pvInd_b
es,2,h0502,0.0,scr2007,avaConv,pvInd_b
es,2,h0503,0.0,scr2007,avaConv,pvInd_b
es,2,h0504,0.0,scr2007,avaConv,pvInd_b
es,2,h0505,0.0,scr2007,avaConv,pvInd_b
es,2,h0506,0.0,scr2007,avaConv,pvInd_b
es,2,h0507,0.0,scr2007,avaConv,pvInd_b
es,2,h0508,0.0,scr2007,avaConv,pvInd_b
es,2,h0509,0.0,scr2007,avaConv,pvInd_b
es,2,h0510,0.0,scr2007,avaConv,pvInd_b
es,2,h0511,0.0,scr2007,avaConv,pvInd_b
es,2,h0512,0.001424629042473843,scr2007,avaConv,pvInd_b
es,2,h0513,0.020025893360239983,scr2007,avaConv,pvInd_b
es,2,h0514,0.09008622832531768,scr2007,avaConv,pvInd_b
es,2,h0515,0.2265287471080403,scr2007,avaConv,pvInd_b
es,2,h0516,0.3775164590169934,scr2007,avaConv,pvInd_b
es,2,h0517,0.49009455828041104,scr2007,avaConv,pvInd_b
es,2,h0518,0.5260118514839638,scr2007,avaConv,pvInd_b
es,2,h0519,0.48179447282673915,scr2007,avaConv,pvInd_b
es,2,h0520,0.37366126979326864,scr2007,avaConv,pvInd_b
es,2,h0521,0.23413477011321965,scr2007,avaConv,pvInd_b
es,2,h0522,0.10258238209126257,scr2007,avaConv,pvInd_b
es,2,h0523,0.025743529237058905,scr2007,avaConv,pvInd_b
es,2,h0524,0.0022058300049727386,scr2007,avaConv,pvInd_b
es,2,h0525,0.0,scr2007,avaConv,pvInd_b
es,2,h0526,0.0,scr2007,avaConv,pvInd_b
es,2,h0527,0.0,scr2007,avaConv,pvInd_b
es,2,h0528,0.0,scr2007,avaConv,pvInd_b
es,2,h0529,0.0,scr2007,avaConv,pvInd_b
es,2,h0530,0.0,scr2007,avaConv,pvInd_b
es,2,h0531,0.0,scr2007,avaConv,pvInd_b
es,2,h0532,0.0,scr2007,avaConv,pvInd_b
es,2,h0533,0.0,scr2007,avaConv,pvInd_b
es,2,h0534,0.0,scr2007,avaConv,pvInd_b
es,2,h0535,0.0,scr2007,avaConv,pvInd_b
es,2,h0536,0.001484341056858546,scr2007,avaConv,pvInd_b
es,2,h0537,0.022731845572942055,scr2007,avaConv,pvInd_b
es,2,h0538,0.1062480450248167,scr2007,avaConv,pvInd_b
es,2,h0539,0.2630261491842877,scr2007,avaConv,pvInd_b
es,2,h0540,0.42804321965038467,scr2007,avaConv,pvInd_b
es,2,h0541,0.5706669704188869,scr2007,avaConv,pvInd_b
es,2,h0542,0.637742270915098,scr2007,avaConv,pvInd_b
es,2,h0543,0.6201097548455705,scr2007,avaConv,pvInd_b
es,2,h0544,0.48750429857768274,scr2007,avaConv,pvInd_b
es,2,h0545,0.2989225290443955,scr2007,avaConv,pvInd_b
es,2,h0546,0.12022876692787833,scr2007,avaConv,pvInd_b
es,2,h0547,0.02562241994988527,scr2007,avaConv,pvInd_b
es,2,h0548,0.0014744406118310735,scr2007,avaConv,pvInd_b
es,2,h0549,0.0,scr2007,avaConv,pvInd_b
es,2,h0550,0.0,scr2007,avaConv,pvInd_b
es,2,h0551,0.0,scr2007,avaConv,pvInd_b
es,2,h0552,0.0,scr2007,avaConv,pvInd_b
fi,2,h0481,0.0,scr2007,avaConv,pvInd_b
fi,2,h0482,0.0,scr2007,avaConv,pvInd_b
fi,2,h0483,0.0,scr2007,avaConv,pvInd_b
fi,2,h0484,0.0,scr2007,avaConv,pvInd_b
fi,2,h0485,0.0,scr2007,avaConv,pvInd_b
fi,2,h0486,0.01000920067805494,scr2007,avaConv,pvInd_b
fi,2,h0487,0.019485509888882733,scr2007,avaConv,pvInd_b
fi,2,h0488,0.04394947749487191,scr2007,avaConv,pvInd_b
fi,2,h0489,0.07246345177246656,scr2007,avaConv,pvInd_b
fi,2,h0490,0.12767881371128897,scr2007,avaConv,pvInd_b
fi,2,h0491,0.19182898650062621,scr2007,avaConv,pvInd_b
fi,2,h0492,0.24868282569608213,scr2007,avaConv,pvInd_b
fi,2,h0493,0.23051971017134953,scr2007,avaConv,pvInd_b
fi,2,h0494,0.1777283487534586,scr2007,avaConv,pvInd_b
fi,2,h0495,0.10163123083213019,scr2007,avaConv,pvInd_b
fi,2,h0496,0.05993022685887342,scr2007,avaConv,pvInd_b
fi,2,h0497,0.023680023534195887,scr2007,avaConv,pvInd_b
fi,2,h0498,0.004897614395904702,scr2007,avaConv,pvInd_b
fi,2,h0499,0.0,scr2007,avaConv,pvInd_b
fi,2,h0500,0.0,scr2007,avaConv,pvInd_b
fi,2,h0501,0.0,scr2007,avaConv,pvInd_b
fi,2,h0502,0.0,scr2007,avaConv,pvInd_b
fi,2,h0503,0.0,scr2007,avaConv,pvInd_b
fi,2,h0504,0.0,scr2007,avaConv,pvInd_b
fi,2,h0505,0.0,scr2007,avaConv,pvInd_b
fi,2,h0506,0.0,scr2007,avaConv,pvInd_b
fi,2,h0507,0.0,scr2007,avaConv,pvInd_b
fi,2,h0508,0.0,scr2007,avaConv,pvInd_b
fi,2,h0509,0.0,scr2007,avaConv,pvInd_b
fi,2,h0510,0.0001009944176319895,scr2007,avaConv,pvInd_b
fi,2,h0511,0.005736392539653344,scr2007,avaConv,pvInd_b
fi,2,h0512,0.024520240547893597,scr2007,avaConv,pvInd_b
fi,2,h0513,0.05752731859017391,scr2007,avaConv,pvInd_b
fi,2,h0514,0.09381243706185792,scr2007,avaConv,pvInd_b
fi,2,h0515,0.12084513916934124,scr2007,avaConv,pvInd_b
fi,2,h0516,0.13248097685049345,scr2007,avaConv,pvInd_b
fi,2,h0517,0.11883038909937796,scr2007,avaConv,pvInd_b
fi,2,h0518,0.09135307566709225,scr2007,avaConv,pvInd_b
fi,2,h0519,0.05598829809034345,scr2007,avaConv,pvInd_b
fi,2,h0520,0.027221975659898496,scr2007,avaConv,pvInd_b
fi,2,h0521,0.008375961448216888,scr2007,avaConv,pvInd_b
fi,2,h0522,0.0006222151935769608,scr2007,avaConv,pvInd_b
fi,2,h0523,0.0,scr2007,avaConv,pvInd_b
fi,2,h0524,0.0,scr2007,avaConv,pvInd_b
fi,2,h0525,0.0,scr2007,avaConv,pvInd_b
fi,2,h0526,0.0,scr2007,avaConv,pvInd_b
fi,2,h0527,0.0,scr2007,avaConv,pvInd_b
fi,2,h0528,0.0,scr2007,avaConv,pvInd_b
fi,2,h0529,0.0,scr2007,avaConv,pvInd_b
fi,2,h0530,0.0,scr2007,avaConv,pvInd_b
fi,2,h0531,0.0,scr2007,avaConv,pvInd_b
fi,2,h0532,0.0,scr2007,avaConv,pvInd_b
fi,2,h0533,0.0,scr2007,avaConv,pvInd_b
fi,2,h0534,0.0,scr2007,avaConv,pvInd_b
fi,2,h0535,0.003279895241130865,scr2007,avaConv,pvInd_b
fi,2,h0536,0.02537898331999894,scr2007,avaConv,pvInd_b
fi,2,h0537,0.08188540317965547,scr2007,avaConv,pvInd_b
fi,2,h0538,0.17570971762441925,scr2007,avaConv,pvInd_b
fi,2,h0539,0.2693191601597987,scr2007,avaConv,pvInd_b
fi,2,h0540,0.3306309301141756,scr2007,avaConv,pvInd_b
fi,2,h0541,0.35501383910208645,scr2007,avaConv,pvInd_b
fi,2,h0542,0.3150561157618403,scr2007,avaConv,pvInd_b
fi,2,h0543,0.21949814002104984,scr2007,avaConv,pvInd_b
fi,2,h0544,0.09505860019258307,scr2007,avaConv,pvInd_b
fi,2,h0545,0.021939542604813223,scr2007,avaConv,pvInd_b
fi,2,h0546,0.0,scr2007,avaConv,pvInd_b
fi,2,h0547,0.0,scr2007,avaConv,pvInd_b
fi,2,h0548,0.0,scr2007,avaConv,pvInd_b
fi,2,h0549,0.0,scr2007,avaConv,pvInd_b
fi,2,h0550,0.0,scr2007,avaConv,pvInd_b
fi,2,h0551,0.0,scr2007,avaConv,pvInd_b
fi,2,h0552,0.0,scr2007,avaConv,pvInd_b
fr,2,h0481,0.0,scr2007,avaConv,pvInd_b
fr,2,h0482,0.0,scr2007,avaConv,pvInd_b
fr,2,h0483,0.0,scr2007,avaConv,pvInd_b
fr,2,h0484,0.0,scr2007,avaConv,pvInd_b
fr,2,h0485,0.0,scr2007,avaConv,pvInd_b
fr,2,h0486,0.0,scr2007,avaConv,pvInd_b
fr,2,h0487,0.002229168580872034,scr2007,avaConv,pvInd_b
fr,2,h0488,0.03773550850103923,scr2007,avaConv,pvInd_b
fr,2,h0489,0.14097591668488452,scr2007,avaConv,pvInd_b
fr,2,h0490,0.3135948580707283,scr2007,avaConv,pvInd_b
fr,2,h0491,0.4903237831457759,scr2007,avaConv,pvInd_b
fr,2,h0492,0.6220318514123607,scr2007,avaConv,pvInd_b
fr,2,h0493,0.6056320825631942,scr2007,avaConv,pvInd_b
fr,2,h0494,0.5279075029435504,scr2007,avaConv,pvInd_b
fr,2,h0495,0.4000139280986999,scr2007,avaConv,pvInd_b
fr,2,h0496,0.31466721318144,scr2007,avaConv,pvInd_b
fr,2,h0497,0.2081676947457376,scr2007,avaConv,pvInd_b
fr,2,h0498,0.10351115218803485,scr2007,avaConv,pvInd_b
fr,2,h0499,0.03379375863112677,scr2007,avaConv,pvInd_b
fr,2,h0500,0.004402761303473453,scr2007,avaConv,pvInd_b
fr,2,h0501,0.0,scr2007,avaConv,pvInd_b
fr,2,h0502,0.0,scr2007,avaConv,pvInd_b
fr,2,h0503,0.0,scr2007,avaConv,pvInd_b
fr,2,h0504,0.0,scr2007,avaConv,pvInd_b
fr,2,h0505,0.0,scr2007,avaConv,pvInd_b
fr,2,h0506,0.0,scr2007,avaConv,pvInd_b
fr,2,h0507,0.0,scr2007,avaConv,pvInd_b
fr,2,h0508,0.0,scr2007,avaConv,pvInd_b
fr,2,h0509,0.0,scr2007,avaConv,pvInd_b
fr,2,h0510,0.0,scr2007,avaConv,pvInd_b
fr,2,h0511,0.00013993082671293053,scr2007,avaConv,pvInd_b
fr,2,h0512,0.008732251995801242,scr2007,avaConv,pvInd_b
fr,2,h0513,0.039766623168065694,scr2007,avaConv,pvInd_b
fr,2,h0514,0.10082475430304344,scr2007,avaConv,pvInd_b
fr,2,h0515,0.17525698385768218,scr2007,avaConv,pvInd_b
fr,2,h0516,0.2458964260881168,scr2007,avaConv,pvInd_b
fr,2,h0517,0.34117589053595215,scr2007,avaConv,pvInd_b
fr,2,h0518,0.40162168717280733,scr2007,avaConv,pvInd_b
fr,2,h0519,0.40991901187367463,scr2007,avaConv,pvInd_b
fr,2,h0520,0.323787232524544,scr2007,avaConv,pvInd_b
fr,2,h0521,0.20558797827549283,scr2007,avaConv,pvInd_b
fr,2,h0522,0.09083899904306357,scr2007,avaConv,pvInd_b
fr,2,h0523,0.022798303420119116,scr2007,avaConv,pvInd_b
fr,2,h0524,0.0004908797584713464,scr2007,avaConv,pvInd_b
fr,2,h0525,0.0,scr2007,avaConv,pvInd_b
fr,2,h0526,0.0,scr2007,avaConv,pvInd_b
fr,2,h0527,0.0,scr2007,avaConv,pvInd_b
fr,2,h0528,0.0,scr2007,avaConv,pvInd_b
fr,2,h0529,0.0,scr2007,avaConv,pvInd_b
fr,2,h0530,0.0,scr2007,avaConv,pvInd_b
fr,2,h0531,0.0,scr2007,avaConv,pvInd_b
fr,2,h0532,0.0,scr2007,avaConv,pvInd_b
fr,2,h0533,0.0,scr2007,avaConv,pvInd_b
fr,2,h0534,0.0,scr2007,avaConv,pvInd_b
fr,2,h0535,0.0,scr2007,avaConv,pvInd_b
fr,2,h0536,0.008313992918810556,scr2007,avaConv,pvInd_b
fr,2,h0537,0.04448405832817587,scr2007,avaConv,pvInd_b
fr,2,h0538,0.12074491674132852,scr2007,avaConv,pvInd_b
fr,2,h0539,0.22133745649951128,scr2007,avaConv,pvInd_b
fr,2,h0540,0.30946733883097605,scr2007,avaConv,pvInd_b
fr,2,h0541,0.4466396390949383,scr2007,avaConv,pvInd_b
fr,2,h0542,0.5347086340231748,scr2007,avaConv,pvInd_b
fr,2,h0543,0.5636495703391081,scr2007,avaConv,pvInd_b
fr,2,h0544,0.4405470589915534,scr2007,avaConv,pvInd_b
fr,2,h0545,0.2727902125440017,scr2007,avaConv,pvInd_b
fr,2,h0546,0.11365011348690608,scr2007,avaConv,pvInd_b
fr,2,h0547,0.025611591313288485,scr2007,avaConv,pvInd_b
fr,2,h0548,0.0,scr2007,avaConv,pvInd_b
fr,2,h0549,0.0,scr2007,avaConv,pvInd_b
fr,2,h0550,0.0,scr2007,avaConv,pvInd_b
fr,2,h0551,0.0,scr2007,avaConv,pvInd_b
fr,2,h0552,0.0,scr2007,avaConv,pvInd_b
fr_co,2,h0481,0.0,scr2007,avaConv,pvInd_b
fr_co,2,h0482,0.0,scr2007,avaConv,pvInd_b
fr_co,2,h0483,0.0,scr2007,avaConv,pvInd_b
fr_co,2,h0484,0.0,scr2007,avaConv,pvInd_b
fr_co,2,h0485,0.0,scr2007,avaConv,pvInd_b
fr_co,2,h0486,0.0,scr2007,avaConv,pvInd_b
fr_co,2,h0487,0.010551192658063042,scr2007,avaConv,pvInd_b
fr_co,2,h0488,0.06460888804901316,scr2007,avaConv,pvInd_b
fr_co,2,h0489,0.17595305877992395,scr2007,avaConv,pvInd_b
fr_co,2,h0490,0.3198549926588415,scr2007,avaConv,pvInd_b
fr_co,2,h0491,0.4417385313145326,scr2007,avaConv,pvInd_b
fr_co,2,h0492,0.5183236483348258,scr2007,avaConv,pvInd_b
fr_co,2,h0493,0.4838535358025303,scr2007,avaConv,pvInd_b
fr_co,2,h0494,0.4149470769970329,scr2007,avaConv,pvInd_b
fr_co,2,h0495,0.3130314401992062,scr2007,avaConv,pvInd_b
fr_co,2,h0496,0.2545964230292967,scr2007,avaConv,pvInd_b
fr_co,2,h0497,0.17165781392779308,scr2007,avaConv,pvInd_b
fr_co,2,h0498,0.0839025856015997,scr2007,avaConv,pvInd_b
fr_co,2,h0499,0.024060320711444007,scr2007,avaConv,pvInd_b
fr_co,2,h0500,0.00014403596903488138,scr2007,avaConv,pvInd_b
fr_co,2,h0501,0.0,scr2007,avaConv,pvInd_b
fr_co,2,h0502,0.0,scr2007,avaConv,pvInd_b
fr_co,2,h0503,0.0,scr2007,avaConv,pvInd_b
fr_co,2,h0504,0.0,scr2007,avaConv,pvInd_b
fr_co,2,h0505,0.0,scr2007,avaConv,pvInd_b
fr_co,2,h0506,0.0,scr2007,avaConv,pvInd_b
fr_co,2,h0507,0.0,scr2007,avaConv,pvInd_b
fr_co,2,h0508,0.0,scr2007,avaConv,pvInd_b
fr_co,2,h0509,0.0,scr2007,avaConv,pvInd_b
fr_co,2,h0510,0.0,scr2007,avaConv,pvInd_b
fr_co,2,h0511,0.004244838793911928,scr2007,avaConv,pvInd_b
fr_co,2,h0512,0.028554501811832098,scr2007,avaConv,pvInd_b
fr_co,2,h0513,0.08998408708100246,scr2007,avaConv,pvInd_b
fr_co,2,h0514,0.18592244344247047,scr2007,avaConv,pvInd_b
fr_co,2,h0515,0.27771722105072066,scr2007,avaConv,pvInd_b
fr_co,2,h0516,0.3242063422458284,scr2007,avaConv,pvInd_b
fr_co,2,h0517,0.35520728376890914,scr2007,avaConv,pvInd_b
fr_co,2,h0518,0.3586703923720453,scr2007,avaConv,pvInd_b
fr_co,2,h0519,0.3480013001013503,scr2007,avaConv,pvInd_b
fr_co,2,h0520,0.27650056993600525,scr2007,avaConv,pvInd_b
fr_co,2,h0521,0.1721511655395508,scr2007,avaConv,pvInd_b
fr_co,2,h0522,0.072433610698838,scr2007,avaConv,pvInd_b
fr_co,2,h0523,0.015330081702814016,scr2007,avaConv,pvInd_b
fr_co,2,h0524,0.0,scr2007,avaConv,pvInd_b
fr_co,2,h0525,0.0,scr2007,avaConv,pvInd_b
fr_co,2,h0526,0.0,scr2007,avaConv,pvInd_b
fr_co,2,h0527,0.0,scr2007,avaConv,pvInd_b
fr_co,2,h0528,0.0,scr2007,avaConv,pvInd_b
fr_co,2,h0529,0.0,scr2007,avaConv,pvInd_b
fr_co,2,h0530,0.0,scr2007,avaConv,pvInd_b
fr_co,2,h0531,0.0,scr2007,avaConv,pvInd_b
fr_co,2,h0532,0.0,scr2007,avaConv,pvInd_b
fr_co,2,h0533,0.0,scr2007,avaConv,pvInd_b
fr_co,2,h0534,0.0,scr2007,avaConv,pvInd_b
fr_co,2,h0535,0.0006191016825606798,scr2007,avaConv,pvInd_b
fr_co,2,h0536,0.012649926966149885,scr2007,avaConv,pvInd_b
fr_co,2,h0537,0.04710406214874735,scr2007,avaConv,pvInd_b
fr_co,2,h0538,0.10885315594803843,scr2007,avaConv,pvInd_b
fr_co,2,h0539,0.18365250492416238,scr2007,avaConv,pvInd_b
fr_co,2,h0540,0.24847991532294558,scr2007,avaConv,pvInd_b
fr_co,2,h0541,0.27922642086137506,scr2007,avaConv,pvInd_b
fr_co,2,h0542,0.275395913898703,scr2007,avaConv,pvInd_b
fr_co,2,h0543,0.24377847545656892,scr2007,avaConv,pvInd_b
fr_co,2,h0544,0.18734108925791876,scr2007,avaConv,pvInd_b
fr_co,2,h0545,0.10888217159238033,scr2007,avaConv,pvInd_b
fr_co,2,h0546,0.04044749584365485,scr2007,avaConv,pvInd_b
fr_co,2,h0547,0.006728729190014901,scr2007,avaConv,pvInd_b
fr_co,2,h0548,0.0,scr2007,avaConv,pvInd_b
fr_co,2,h0549,0.0,scr2007,avaConv,pvInd_b
fr_co,2,h0550,0.0,scr2007,avaConv,pvInd_b
fr_co,2,h0551,0.0,scr2007,avaConv,pvInd_b
fr_co,2,h0552,0.0,scr2007,avaConv,pvInd_b
gr,2,h0481,0.0,scr2007,avaConv,pvInd_b
gr,2,h0482,0.0,scr2007,avaConv,pvInd_b
gr,2,h0483,0.0,scr2007,avaConv,pvInd_b
gr,2,h0484,0.0,scr2007,avaConv,pvInd_b
gr,2,h0485,0.0,scr2007,avaConv,pvInd_b
gr,2,h0486,0.008644453377396813,scr2007,avaConv,pvInd_b
gr,2,h0487,0.03204939607042795,scr2007,avaConv,pvInd_b
gr,2,h0488,0.0874768652284878,scr2007,avaConv,pvInd_b
gr,2,h0489,0.15777237069609693,scr2007,avaConv,pvInd_b
gr,2,h0490,0.2240524815810178,scr2007,avaConv,pvInd_b
gr,2,h0491,0.26004815420045724,scr2007,avaConv,pvInd_b
gr,2,h0492,0.2762927216837132,scr2007,avaConv,pvInd_b
gr,2,h0493,0.39732636420810324,scr2007,avaConv,pvInd_b
gr,2,h0494,0.48084125417590506,scr2007,avaConv,pvInd_b
gr,2,h0495,0.4950513943605258,scr2007,avaConv,pvInd_b
gr,2,h0496,0.31743124549904217,scr2007,avaConv,pvInd_b
gr,2,h0497,0.14287891841794834,scr2007,avaConv,pvInd_b
gr,2,h0498,0.0376780883909686,scr2007,avaConv,pvInd_b
gr,2,h0499,0.0020296541302881133,scr2007,avaConv,pvInd_b
gr,2,h0500,0.0,scr2007,avaConv,pvInd_b
gr,2,h0501,0.0,scr2007,avaConv,pvInd_b
gr,2,h0502,0.0,scr2007,avaConv,pvInd_b
gr,2,h0503,0.0,scr2007,avaConv,pvInd_b
gr,2,h0504,0.0,scr2007,avaConv,pvInd_b
gr,2,h0505,0.0,scr2007,avaConv,pvInd_b
gr,2,h0506,0.0,scr2007,avaConv,pvInd_b
gr,2,h0507,0.0,scr2007,avaConv,pvInd_b
gr,2,h0508,0.0,scr2007,avaConv,pvInd_b
gr,2,h0509,0.0,scr2007,avaConv,pvInd_b
gr,2,h0510,0.005304686921000199,scr2007,avaConv,pvInd_b
gr,2,h0511,0.05458631630523626,scr2007,avaConv,pvInd_b
gr,2,h0512,0.17509807934903268,scr2007,avaConv,pvInd_b
gr,2,h0513,0.35239788995680066,scr2007,avaConv,pvInd_b
gr,2,h0514,0.5135614181435757,scr2007,avaConv,pvInd_b
gr,2,h0515,0.6199210933725378,scr2007,avaConv,pvInd_b
gr,2,h0516,0.6658455735292265,scr2007,avaConv,pvInd_b
gr,2,h0517,0.5492753171319908,scr2007,avaConv,pvInd_b
gr,2,h0518,0.3863777198837398,scr2007,avaConv,pvInd_b
gr,2,h0519,0.2082054390701308,scr2007,avaConv,pvInd_b
gr,2,h0520,0.11717808769360501,scr2007,avaConv,pvInd_b
gr,2,h0521,0.047052550240002336,scr2007,avaConv,pvInd_b
gr,2,h0522,0.01056935260367828,scr2007,avaConv,pvInd_b
gr,2,h0523,0.0,scr2007,avaConv,pvInd_b
gr,2,h0524,0.0,scr2007,avaConv,pvInd_b
gr,2,h0525,0.0,scr2007,avaConv,pvInd_b
gr,2,h0526,0.0,scr2007,avaConv,pvInd_b
gr,2,h0527,0.0,scr2007,avaConv,pvInd_b
gr,2,h0528,0.0,scr2007,avaConv,pvInd_b
gr,2,h0529,0.0,scr2007,avaConv,pvInd_b
gr,2,h0530,0.0,scr2007,avaConv,pvInd_b
gr,2,h0531,0.0,scr2007,avaConv,pvInd_b
gr,2,h0532,0.0,scr2007,avaConv,pvInd_b
gr,2,h0533,0.0,scr2007,avaConv,pvInd_b
gr,2,h0534,0.0022389210077806048,scr2007,avaConv,pvInd_b
gr,2,h0535,0.042436954557410395,scr2007,avaConv,pvInd_b
gr,2,h0536,0.1522730165662662,scr2007,avaConv,pvInd_b
gr,2,h0537,0.3291737951252652,scr2007,avaConv,pvInd_b
gr,2,h0538,0.49849477894549754,scr2007,avaConv,pvInd_b
gr,2,h0539,0.6121656636548377,scr2007,avaConv,pvInd_b
gr,2,h0540,0.6593955381507656,scr2007,avaConv,pvInd_b
gr,2,h0541,0.4944401484002241,scr2007,avaConv,pvInd_b
gr,2,h0542,0.29534813808148314,scr2007,avaConv,pvInd_b
gr,2,h0543,0.10143149409732631,scr2007,avaConv,pvInd_b
gr,2,h0544,0.0436383899788586,scr2007,avaConv,pvInd_b
gr,2,h0545,0.012607985144228635,scr2007,avaConv,pvInd_b
gr,2,h0546,0.0016975805837164102,scr2007,avaConv,pvInd_b
gr,2,h0547,0.0,scr2007,avaConv,pvInd_b
gr,2,h0548,0.0,scr2007,avaConv,pvInd_b
gr,2,h0549,0.0,scr2007,avaConv,pvInd_b
gr,2,h0550,0.0,scr2007,avaConv,pvInd_b
gr,2,h0551,0.0,scr2007,avaConv,pvInd_b
gr,2,h0552,0.0,scr2007,avaConv,pvInd_b
hr,2,h0481,0.0,scr2007,avaConv,pvInd_b
hr,2,h0482,0.0,scr2007,avaConv,pvInd_b
hr,2,h0483,0.0,scr2007,avaConv,pvInd_b
hr,2,h0484,0.0,scr2007,avaConv,pvInd_b
hr,2,h0485,0.0,scr2007,avaConv,pvInd_b
hr,2,h0486,0.001065619952609346,scr2007,avaConv,pvInd_b
hr,2,h0487,0.033386614637083804,scr2007,avaConv,pvInd_b
hr,2,h0488,0.13323654688236475,scr2007,avaConv,pvInd_b
hr,2,h0489,0.3029855731808523,scr2007,avaConv,pvInd_b
hr,2,h0490,0.4795930902208493,scr2007,avaConv,pvInd_b
hr,2,h0491,0.6084384965002588,scr2007,avaConv,pvInd_b
hr,2,h0492,0.675232491065538,scr2007,avaConv,pvInd_b
hr,2,h0493,0.6403780110953916,scr2007,avaConv,pvInd_b
hr,2,h0494,0.5536631010941123,scr2007,avaConv,pvInd_b
hr,2,h0495,0.4260527278742243,scr2007,avaConv,pvInd_b
hr,2,h0496,0.2978756016540784,scr2007,avaConv,pvInd_b
hr,2,h0497,0.15821187383572338,scr2007,avaConv,pvInd_b
hr,2,h0498,0.05439940157530039,scr2007,avaConv,pvInd_b
hr,2,h0499,0.008230657618022288,scr2007,avaConv,pvInd_b
hr,2,h0500,0.0,scr2007,avaConv,pvInd_b
hr,2,h0501,0.0,scr2007,avaConv,pvInd_b
hr,2,h0502,0.0,scr2007,avaConv,pvInd_b
hr,2,h0503,0.0,scr2007,avaConv,pvInd_b
hr,2,h0504,0.0,scr2007,avaConv,pvInd_b
hr,2,h0505,0.0,scr2007,avaConv,pvInd_b
hr,2,h0506,0.0,scr2007,avaConv,pvInd_b
hr,2,h0507,0.0,scr2007,avaConv,pvInd_b
hr,2,h0508,0.0,scr2007,avaConv,pvInd_b
hr,2,h0509,0.0,scr2007,avaConv,pvInd_b
hr,2,h0510,0.0,scr2007,avaConv,pvInd_b
hr,2,h0511,0.01668031470469062,scr2007,avaConv,pvInd_b
hr,2,h0512,0.07632804715458924,scr2007,avaConv,pvInd_b
hr,2,h0513,0.1858692318992612,scr2007,avaConv,pvInd_b
hr,2,h0514,0.31611111403511416,scr2007,avaConv,pvInd_b
hr,2,h0515,0.4236752175530439,scr2007,avaConv,pvInd_b
hr,2,h0516,0.48899485955198857,scr2007,avaConv,pvInd_b
hr,2,h0517,0.4385561194259876,scr2007,avaConv,pvInd_b
hr,2,h0518,0.3476337370453318,scr2007,avaConv,pvInd_b
hr,2,h0519,0.22972439767461197,scr2007,avaConv,pvInd_b
hr,2,h0520,0.15005664383936526,scr2007,avaConv,pvInd_b
hr,2,h0521,0.06963618879473397,scr2007,avaConv,pvInd_b
hr,2,h0522,0.020147204424231017,scr2007,avaConv,pvInd_b
hr,2,h0523,0.0013908935002873725,scr2007,avaConv,pvInd_b
hr,2,h0524,0.0,scr2007,avaConv,pvInd_b
hr,2,h0525,0.0,scr2007,avaConv,pvInd_b
hr,2,h0526,0.0,scr2007,avaConv,pvInd_b
hr,2,h0527,0.0,scr2007,avaConv,pvInd_b
hr,2,h0528,0.0,scr2007,avaConv,pvInd_b
hr,2,h0529,0.0,scr2007,avaConv,pvInd_b
hr,2,h0530,0.0,scr2007,avaConv,pvInd_b
hr,2,h0531,0.0,scr2007,avaConv,pvInd_b
hr,2,h0532,0.0,scr2007,avaConv,pvInd_b
hr,2,h0533,0.0,scr2007,avaConv,pvInd_b
hr,2,h0534,0.0,scr2007,avaConv,pvInd_b
hr,2,h0535,0.02036560418365586,scr2007,avaConv,pvInd_b
hr,2,h0536,0.10046134947647406,scr2007,avaConv,pvInd_b
hr,2,h0537,0.2505480192553782,scr2007,avaConv,pvInd_b
hr,2,h0538,0.4201325085674273,scr2007,avaConv,pvInd_b
hr,2,h0539,0.5461738381324315,scr2007,avaConv,pvInd_b
hr,2,h0540,0.6124402120615244,scr2007,avaConv,pvInd_b
hr,2,h0541,0.5731929196722954,scr2007,avaConv,pvInd_b
hr,2,h0542,0.48338314568687596,scr2007,avaConv,pvInd_b
hr,2,h0543,0.3450795689409553,scr2007,avaConv,pvInd_b
hr,2,h0544,0.21640661865696267,scr2007,avaConv,pvInd_b
hr,2,h0545,0.09096675146369523,scr2007,avaConv,pvInd_b
hr,2,h0546,0.02130257478386663,scr2007,avaConv,pvInd_b
hr,2,h0547,0.0,scr2007,avaConv,pvInd_b
hr,2,h0548,0.0,scr2007,avaConv,pvInd_b
hr,2,h0549,0.0,scr2007,avaConv,pvInd_b
hr,2,h0550,0.0,scr2007,avaConv,pvInd_b
hr,2,h0551,0.0,scr2007,avaConv,pvInd_b
hr,2,h0552,0.0,scr2007,avaConv,pvInd_b
hu,2,h0481,0.0,scr2007,avaConv,pvInd_b
hu,2,h0482,0.0,scr2007,avaConv,pvInd_b
hu,2,h0483,0.0,scr2007,avaConv,pvInd_b
hu,2,h0484,0.0,scr2007,avaConv,pvInd_b
hu,2,h0485,0.0,scr2007,avaConv,pvInd_b
hu,2,h0486,0.007259284168665539,scr2007,avaConv,pvInd_b
hu,2,h0487,0.06856415475907315,scr2007,avaConv,pvInd_b
hu,2,h0488,0.20213028612539063,scr2007,avaConv,pvInd_b
hu,2,h0489,0.38616002770215513,scr2007,avaConv,pvInd_b
hu,2,h0490,0.5533324829278786,scr2007,avaConv,pvInd_b
hu,2,h0491,0.6649269284103859,scr2007,avaConv,pvInd_b
hu,2,h0492,0.7158383191412092,scr2007,avaConv,pvInd_b
hu,2,h0493,0.6979589267974857,scr2007,avaConv,pvInd_b
hu,2,h0494,0.6290952014805685,scr2007,avaConv,pvInd_b
hu,2,h0495,0.5136516517570591,scr2007,avaConv,pvInd_b
hu,2,h0496,0.3643981788161288,scr2007,avaConv,pvInd_b
hu,2,h0497,0.19764211527415518,scr2007,avaConv,pvInd_b
hu,2,h0498,0.07209523511307646,scr2007,avaConv,pvInd_b
hu,2,h0499,0.01057217488537112,scr2007,avaConv,pvInd_b
hu,2,h0500,0.0,scr2007,avaConv,pvInd_b
hu,2,h0501,0.0,scr2007,avaConv,pvInd_b
hu,2,h0502,0.0,scr2007,avaConv,pvInd_b
hu,2,h0503,0.0,scr2007,avaConv,pvInd_b
hu,2,h0504,0.0,scr2007,avaConv,pvInd_b
hu,2,h0505,0.0,scr2007,avaConv,pvInd_b
hu,2,h0506,0.0,scr2007,avaConv,pvInd_b
hu,2,h0507,0.0,scr2007,avaConv,pvInd_b
hu,2,h0508,0.0,scr2007,avaConv,pvInd_b
hu,2,h0509,0.0,scr2007,avaConv,pvInd_b
hu,2,h0510,0.0017385656854360494,scr2007,avaConv,pvInd_b
hu,2,h0511,0.02699427868024007,scr2007,avaConv,pvInd_b
hu,2,h0512,0.08406874897186627,scr2007,avaConv,pvInd_b
hu,2,h0513,0.17058300523524175,scr2007,avaConv,pvInd_b
hu,2,h0514,0.25543931390665736,scr2007,avaConv,pvInd_b
hu,2,h0515,0.32025513295360586,scr2007,avaConv,pvInd_b
hu,2,h0516,0.36245943541190273,scr2007,avaConv,pvInd_b
hu,2,h0517,0.3643186171126295,scr2007,avaConv,pvInd_b
hu,2,h0518,0.3306921187822052,scr2007,avaConv,pvInd_b
hu,2,h0519,0.2565936749208694,scr2007,avaConv,pvInd_b
hu,2,h0520,0.16599474372478668,scr2007,avaConv,pvInd_b
hu,2,h0521,0.07672401254409235,scr2007,avaConv,pvInd_b
hu,2,h0522,0.021356040954243503,scr2007,avaConv,pvInd_b
hu,2,h0523,0.0,scr2007,avaConv,pvInd_b
hu,2,h0524,0.0,scr2007,avaConv,pvInd_b
hu,2,h0525,0.0,scr2007,avaConv,pvInd_b
hu,2,h0526,0.0,scr2007,avaConv,pvInd_b
hu,2,h0527,0.0,scr2007,avaConv,pvInd_b
hu,2,h0528,0.0,scr2007,avaConv,pvInd_b
hu,2,h0529,0.0,scr2007,avaConv,pvInd_b
hu,2,h0530,0.0,scr2007,avaConv,pvInd_b
hu,2,h0531,0.0,scr2007,avaConv,pvInd_b
hu,2,h0532,0.0,scr2007,avaConv,pvInd_b
hu,2,h0533,0.0,scr2007,avaConv,pvInd_b
hu,2,h0534,0.0,scr2007,avaConv,pvInd_b
hu,2,h0535,0.04209658454262789,scr2007,avaConv,pvInd_b
hu,2,h0536,0.15462691298301967,scr2007,avaConv,pvInd_b
hu,2,h0537,0.3291729326943545,scr2007,avaConv,pvInd_b
hu,2,h0538,0.49923776258174024,scr2007,avaConv,pvInd_b
hu,2,h0539,0.6139365276645001,scr2007,avaConv,pvInd_b
hu,2,h0540,0.6668336440181859,scr2007,avaConv,pvInd_b
hu,2,h0541,0.5649404606276973,scr2007,avaConv,pvInd_b
hu,2,h0542,0.41548258861512516,scr2007,avaConv,pvInd_b
hu,2,h0543,0.22660634883971417,scr2007,avaConv,pvInd_b
hu,2,h0544,0.12293943336916328,scr2007,avaConv,pvInd_b
hu,2,h0545,0.04396245891319725,scr2007,avaConv,pvInd_b
hu,2,h0546,0.008585136831616711,scr2007,avaConv,pvInd_b
hu,2,h0547,0.0,scr2007,avaConv,pvInd_b
hu,2,h0548,0.0,scr2007,avaConv,pvInd_b
hu,2,h0549,0.0,scr2007,avaConv,pvInd_b
hu,2,h0550,0.0,scr2007,avaConv,pvInd_b
hu,2,h0551,0.0,scr2007,avaConv,pvInd_b
hu,2,h0552,0.0,scr2007,avaConv,pvInd_b
ie,2,h0481,0.0,scr2007,avaConv,pvInd_b
ie,2,h0482,0.0,scr2007,avaConv,pvInd_b
ie,2,h0483,0.0,scr2007,avaConv,pvInd_b
ie,2,h0484,0.0,scr2007,avaConv,pvInd_b
ie,2,h0485,0.0,scr2007,avaConv,pvInd_b
ie,2,h0486,0.0,scr2007,avaConv,pvInd_b
ie,2,h0487,0.0,scr2007,avaConv,pvInd_b
ie,2,h0488,0.0,scr2007,avaConv,pvInd_b
ie,2,h0489,0.0024881960910336878,scr2007,avaConv,pvInd_b
ie,2,h0490,0.01423122307631257,scr2007,avaConv,pvInd_b
ie,2,h0491,0.043370841573849475,scr2007,avaConv,pvInd_b
ie,2,h0492,0.08869412678384292,scr2007,avaConv,pvInd_b
ie,2,h0493,0.21485294328377555,scr2007,avaConv,pvInd_b
ie,2,h0494,0.3399584100773113,scr2007,avaConv,pvInd_b
ie,2,h0495,0.4429391073541806,scr2007,avaConv,pvInd_b
ie,2,h0496,0.3973800121958394,scr2007,avaConv,pvInd_b
ie,2,h0497,0.2940934671675289,scr2007,avaConv,pvInd_b
ie,2,h0498,0.17047587151146196,scr2007,avaConv,pvInd_b
ie,2,h0499,0.06565943632073247,scr2007,avaConv,pvInd_b
ie,2,h0500,0.01664390223926894,scr2007,avaConv,pvInd_b
ie,2,h0501,0.0,scr2007,avaConv,pvInd_b
ie,2,h0502,0.0,scr2007,avaConv,pvInd_b
ie,2,h0503,0.0,scr2007,avaConv,pvInd_b
ie,2,h0504,0.0,scr2007,avaConv,pvInd_b
ie,2,h0505,0.0,scr2007,avaConv,pvInd_b
ie,2,h0506,0.0,scr2007,avaConv,pvInd_b
ie,2,h0507,0.0,scr2007,avaConv,pvInd_b
ie,2,h0508,0.0,scr2007,avaConv,pvInd_b
ie,2,h0509,0.0,scr2007,avaConv,pvInd_b
ie,2,h0510,0.0,scr2007,avaConv,pvInd_b
ie,2,h0511,0.0,scr2007,avaConv,pvInd_b
ie,2,h0512,0.0007413843545262888,scr2007,avaConv,pvInd_b
ie,2,h0513,0.034252462491751984,scr2007,avaConv,pvInd_b
ie,2,h0514,0.1320579303770165,scr2007,avaConv,pvInd_b
ie,2,h0515,0.2947523531307195,scr2007,avaConv,pvInd_b
ie,2,h0516,0.42859850172371944,scr2007,avaConv,pvInd_b
ie,2,h0517,0.42829857227538476,scr2007,avaConv,pvInd_b
ie,2,h0518,0.3566436143663007,scr2007,avaConv,pvInd_b
ie,2,h0519,0.24396543589988537,scr2007,avaConv,pvInd_b
ie,2,h0520,0.1778599133383898,scr2007,avaConv,pvInd_b
ie,2,h0521,0.11305738415791264,scr2007,avaConv,pvInd_b
ie,2,h0522,0.059769063020900445,scr2007,avaConv,pvInd_b
ie,2,h0523,0.021831930796543785,scr2007,avaConv,pvInd_b
ie,2,h0524,0.0034811047408357027,scr2007,avaConv,pvInd_b
ie,2,h0525,0.0,scr2007,avaConv,pvInd_b
ie,2,h0526,0.0,scr2007,avaConv,pvInd_b
ie,2,h0527,0.0,scr2007,avaConv,pvInd_b
ie,2,h0528,0.0,scr2007,avaConv,pvInd_b
ie,2,h0529,0.0,scr2007,avaConv,pvInd_b
ie,2,h0530,0.0,scr2007,avaConv,pvInd_b
ie,2,h0531,0.0,scr2007,avaConv,pvInd_b
ie,2,h0532,0.0,scr2007,avaConv,pvInd_b
ie,2,h0533,0.0,scr2007,avaConv,pvInd_b
ie,2,h0534,0.0,scr2007,avaConv,pvInd_b
ie,2,h0535,0.0,scr2007,avaConv,pvInd_b
ie,2,h0536,0.0,scr2007,avaConv,pvInd_b
ie,2,h0537,0.020829803765216877,scr2007,avaConv,pvInd_b
ie,2,h0538,0.09707358461662854,scr2007,avaConv,pvInd_b
ie,2,h0539,0.2383663575358631,scr2007,avaConv,pvInd_b
ie,2,h0540,0.3818146364135801,scr2007,avaConv,pvInd_b
ie,2,h0541,0.37514020855680685,scr2007,avaConv,pvInd_b
ie,2,h0542,0.2979199127898825,scr2007,avaConv,pvInd_b
ie,2,h0543,0.1861735254360614,scr2007,avaConv,pvInd_b
ie,2,h0544,0.15097025476937678,scr2007,avaConv,pvInd_b
ie,2,h0545,0.1093158724418678,scr2007,avaConv,pvInd_b
ie,2,h0546,0.05808673142015202,scr2007,avaConv,pvInd_b
ie,2,h0547,0.017792235370941586,scr2007,avaConv,pvInd_b
ie,2,h0548,0.0009793702457357065,scr2007,avaConv,pvInd_b
ie,2,h0549,0.0,scr2007,avaConv,pvInd_b
ie,2,h0550,0.0,scr2007,avaConv,pvInd_b
ie,2,h0551,0.0,scr2007,avaConv,pvInd_b
ie,2,h0552,0.0,scr2007,avaConv,pvInd_b
it_s,2,h0481,0.0,scr2007,avaConv,pvInd_b
it_s,2,h0482,0.0,scr2007,avaConv,pvInd_b
it_s,2,h0483,0.0,scr2007,avaConv,pvInd_b
it_s,2,h0484,0.0,scr2007,avaConv,pvInd_b
it_s,2,h0485,0.0,scr2007,avaConv,pvInd_b
it_s,2,h0486,0.0017434876451580393,scr2007,avaConv,pvInd_b
it_s,2,h0487,0.040369751214859605,scr2007,avaConv,pvInd_b
it_s,2,h0488,0.14804656107476263,scr2007,avaConv,pvInd_b
it_s,2,h0489,0.3152826814204093,scr2007,avaConv,pvInd_b
it_s,2,h0490,0.4760217071932458,scr2007,avaConv,pvInd_b
it_s,2,h0491,0.5903431895354974,scr2007,avaConv,pvInd_b
it_s,2,h0492,0.6570210721563269,scr2007,avaConv,pvInd_b
it_s,2,h0493,0.6453089855030296,scr2007,avaConv,pvInd_b
it_s,2,h0494,0.5826517872553795,scr2007,avaConv,pvInd_b
it_s,2,h0495,0.4758517216398659,scr2007,avaConv,pvInd_b
it_s,2,h0496,0.35227043483299275,scr2007,avaConv,pvInd_b
it_s,2,h0497,0.20101896501958894,scr2007,avaConv,pvInd_b
it_s,2,h0498,0.07583117963806342,scr2007,avaConv,pvInd_b
it_s,2,h0499,0.012596533617151814,scr2007,avaConv,pvInd_b
it_s,2,h0500,0.0,scr2007,avaConv,pvInd_b
it_s,2,h0501,0.0,scr2007,avaConv,pvInd_b
it_s,2,h0502,0.0,scr2007,avaConv,pvInd_b
it_s,2,h0503,0.0,scr2007,avaConv,pvInd_b
it_s,2,h0504,0.0,scr2007,avaConv,pvInd_b
it_s,2,h0505,0.0,scr2007,avaConv,pvInd_b
it_s,2,h0506,0.0,scr2007,avaConv,pvInd_b
it_s,2,h0507,0.0,scr2007,avaConv,pvInd_b
it_s,2,h0508,0.0,scr2007,avaConv,pvInd_b
it_s,2,h0509,0.0,scr2007,avaConv,pvInd_b
it_s,2,h0510,0.0,scr2007,avaConv,pvInd_b
it_s,2,h0511,0.030937269376615315,scr2007,avaConv,pvInd_b
it_s,2,h0512,0.12608740253332146,scr2007,avaConv,pvInd_b
it_s,2,h0513,0.2871432500245809,scr2007,avaConv,pvInd_b
it_s,2,h0514,0.4523898563734476,scr2007,avaConv,pvInd_b
it_s,2,h0515,0.5721087864346428,scr2007,avaConv,pvInd_b
it_s,2,h0516,0.6342132326199869,scr2007,avaConv,pvInd_b
it_s,2,h0517,0.5420464920504816,scr2007,avaConv,pvInd_b
it_s,2,h0518,0.40850709272224045,scr2007,avaConv,pvInd_b
it_s,2,h0519,0.2525584871841018,scr2007,avaConv,pvInd_b
it_s,2,h0520,0.1689111861934053,scr2007,avaConv,pvInd_b
it_s,2,h0521,0.08442296234518588,scr2007,avaConv,pvInd_b
it_s,2,h0522,0.026098535608071956,scr2007,avaConv,pvInd_b
it_s,2,h0523,0.0022948060081879607,scr2007,avaConv,pvInd_b
it_s,2,h0524,0.0,scr2007,avaConv,pvInd_b
it_s,2,h0525,0.0,scr2007,avaConv,pvInd_b
it_s,2,h0526,0.0,scr2007,avaConv,pvInd_b
it_s,2,h0527,0.0,scr2007,avaConv,pvInd_b
it_s,2,h0528,0.0,scr2007,avaConv,pvInd_b
it_s,2,h0529,0.0,scr2007,avaConv,pvInd_b
it_s,2,h0530,0.0,scr2007,avaConv,pvInd_b
it_s,2,h0531,0.0,scr2007,avaConv,pvInd_b
it_s,2,h0532,0.0,scr2007,avaConv,pvInd_b
it_s,2,h0533,0.0,scr2007,avaConv,pvInd_b
it_s,2,h0534,0.0,scr2007,avaConv,pvInd_b
it_s,2,h0535,0.026087945183366268,scr2007,avaConv,pvInd_b
it_s,2,h0536,0.11476637744983138,scr2007,avaConv,pvInd_b
it_s,2,h0537,0.2733960736661555,scr2007,avaConv,pvInd_b
it_s,2,h0538,0.44397860899400643,scr2007,avaConv,pvInd_b
it_s,2,h0539,0.5705298682405886,scr2007,avaConv,pvInd_b
it_s,2,h0540,0.6381583404284901,scr2007,avaConv,pvInd_b
it_s,2,h0541,0.5388555384283366,scr2007,avaConv,pvInd_b
it_s,2,h0542,0.40192289836374034,scr2007,avaConv,pvInd_b
it_s,2,h0543,0.24035472465148816,scr2007,avaConv,pvInd_b
it_s,2,h0544,0.1607169992289951,scr2007,avaConv,pvInd_b
it_s,2,h0545,0.07552607930012664,scr2007,avaConv,pvInd_b
it_s,2,h0546,0.020124602569236854,scr2007,avaConv,pvInd_b
it_s,2,h0547,0.0,scr2007,avaConv,pvInd_b
it_s,2,h0548,0.0,scr2007,avaConv,pvInd_b
it_s,2,h0549,0.0,scr2007,avaConv,pvInd_b
it_s,2,h0550,0.0,scr2007,avaConv,pvInd_b
it_s,2,h0551,0.0,scr2007,avaConv,pvInd_b
it_s,2,h0552,0.0,scr2007,avaConv,pvInd_b
it_cn,2,h0481,0.0,scr2007,avaConv,pvInd_b
it_cn,2,h0482,0.0,scr2007,avaConv,pvInd_b
it_cn,2,h0483,0.0,scr2007,avaConv,pvInd_b
it_cn,2,h0484,0.0,scr2007,avaConv,pvInd_b
it_cn,2,h0485,0.0,scr2007,avaConv,pvInd_b
it_cn,2,h0486,0.0,scr2007,avaConv,pvInd_b
it_cn,2,h0487,0.021394012153077995,scr2007,avaConv,pvInd_b
it_cn,2,h0488,0.10850117305291689,scr2007,avaConv,pvInd_b
it_cn,2,h0489,0.27219283938769007,scr2007,avaConv,pvInd_b
it_cn,2,h0490,0.46639636744330154,scr2007,avaConv,pvInd_b
it_cn,2,h0491,0.6226056428452186,scr2007,avaConv,pvInd_b
it_cn,2,h0492,0.719148848296784,scr2007,avaConv,pvInd_b
it_cn,2,h0493,0.7127940654437048,scr2007,avaConv,pvInd_b
it_cn,2,h0494,0.6350377391067727,scr2007,avaConv,pvInd_b
it_cn,2,h0495,0.5020900749316994,scr2007,avaConv,pvInd_b
it_cn,2,h0496,0.36513279929633397,scr2007,avaConv,pvInd_b
it_cn,2,h0497,0.21622209398428927,scr2007,avaConv,pvInd_b
it_cn,2,h0498,0.08937109462112033,scr2007,avaConv,pvInd_b
it_cn,2,h0499,0.019857017492996107,scr2007,avaConv,pvInd_b
it_cn,2,h0500,0.0,scr2007,avaConv,pvInd_b
it_cn,2,h0501,0.0,scr2007,avaConv,pvInd_b
it_cn,2,h0502,0.0,scr2007,avaConv,pvInd_b
it_cn,2,h0503,0.0,scr2007,avaConv,pvInd_b
it_cn,2,h0504,0.0,scr2007,avaConv,pvInd_b
it_cn,2,h0505,0.0,scr2007,avaConv,pvInd_b
it_cn,2,h0506,0.0,scr2007,avaConv,pvInd_b
it_cn,2,h0507,0.0,scr2007,avaConv,pvInd_b
it_cn,2,h0508,0.0,scr2007,avaConv,pvInd_b
it_cn,2,h0509,0.0,scr2007,avaConv,pvInd_b
it_cn,2,h0510,0.0,scr2007,avaConv,pvInd_b
it_cn,2,h0511,0.013569988496918121,scr2007,avaConv,pvInd_b
it_cn,2,h0512,0.08052163800013172,scr2007,avaConv,pvInd_b
it_cn,2,h0513,0.20765527420979502,scr2007,avaConv,pvInd_b
it_cn,2,h0514,0.3548331478061637,scr2007,avaConv,pvInd_b
it_cn,2,h0515,0.4517157473083046,scr2007,avaConv,pvInd_b
it_cn,2,h0516,0.4879122945979115,scr2007,avaConv,pvInd_b
it_cn,2,h0517,0.5091242390421443,scr2007,avaConv,pvInd_b
it_cn,2,h0518,0.4975273773433558,scr2007,avaConv,pvInd_b
it_cn,2,h0519,0.4528876445409012,scr2007,avaConv,pvInd_b
it_cn,2,h0520,0.3362327988468795,scr2007,avaConv,pvInd_b
it_cn,2,h0521,0.19462689185747503,scr2007,avaConv,pvInd_b
it_cn,2,h0522,0.07564150488060323,scr2007,avaConv,pvInd_b
it_cn,2,h0523,0.014466347852408929,scr2007,avaConv,pvInd_b
it_cn,2,h0524,0.0,scr2007,avaConv,pvInd_b
it_cn,2,h0525,0.0,scr2007,avaConv,pvInd_b
it_cn,2,h0526,0.0,scr2007,avaConv,pvInd_b
it_cn,2,h0527,0.0,scr2007,avaConv,pvInd_b
it_cn,2,h0528,0.0,scr2007,avaConv,pvInd_b
it_cn,2,h0529,0.0,scr2007,avaConv,pvInd_b
it_cn,2,h0530,0.0,scr2007,avaConv,pvInd_b
it_cn,2,h0531,0.0,scr2007,avaConv,pvInd_b
it_cn,2,h0532,0.0,scr2007,avaConv,pvInd_b
it_cn,2,h0533,0.0,scr2007,avaConv,pvInd_b
it_cn,2,h0534,0.0,scr2007,avaConv,pvInd_b
it_cn,2,h0535,0.006935655960382068,scr2007,avaConv,pvInd_b
it_cn,2,h0536,0.04411183754509477,scr2007,avaConv,pvInd_b
it_cn,2,h0537,0.11725418826230673,scr2007,avaConv,pvInd_b
it_cn,2,h0538,0.20818694947335226,scr2007,avaConv,pvInd_b
it_cn,2,h0539,0.28229292226150793,scr2007,avaConv,pvInd_b
it_cn,2,h0540,0.3313169385671742,scr2007,avaConv,pvInd_b
it_cn,2,h0541,0.4065078606561374,scr2007,avaConv,pvInd_b
it_cn,2,h0542,0.44255661554391906,scr2007,avaConv,pvInd_b
it_cn,2,h0543,0.4335425737458349,scr2007,avaConv,pvInd_b
it_cn,2,h0544,0.317082175746028,scr2007,avaConv,pvInd_b
it_cn,2,h0545,0.17315119681667088,scr2007,avaConv,pvInd_b
it_cn,2,h0546,0.0609660282820973,scr2007,avaConv,pvInd_b
it_cn,2,h0547,0.007787110150126323,scr2007,avaConv,pvInd_b
it_cn,2,h0548,0.0,scr2007,avaConv,pvInd_b
it_cn,2,h0549,0.0,scr2007,avaConv,pvInd_b
it_cn,2,h0550,0.0,scr2007,avaConv,pvInd_b
it_cn,2,h0551,0.0,scr2007,avaConv,pvInd_b
it_cn,2,h0552,0.0,scr2007,avaConv,pvInd_b
it_cs,2,h0481,0.0,scr2007,avaConv,pvInd_b
it_cs,2,h0482,0.0,scr2007,avaConv,pvInd_b
it_cs,2,h0483,0.0,scr2007,avaConv,pvInd_b
it_cs,2,h0484,0.0,scr2007,avaConv,pvInd_b
it_cs,2,h0485,0.0,scr2007,avaConv,pvInd_b
it_cs,2,h0486,0.0,scr2007,avaConv,pvInd_b
it_cs,2,h0487,0.025698107878831932,scr2007,avaConv,pvInd_b
it_cs,2,h0488,0.11616699786680129,scr2007,avaConv,pvInd_b
it_cs,2,h0489,0.27842621464082,scr2007,avaConv,pvInd_b
it_cs,2,h0490,0.4575578725729126,scr2007,avaConv,pvInd_b
it_cs,2,h0491,0.5967529776426338,scr2007,avaConv,pvInd_b
it_cs,2,h0492,0.6776617403704625,scr2007,avaConv,pvInd_b
it_cs,2,h0493,0.685436654843659,scr2007,avaConv,pvInd_b
it_cs,2,h0494,0.6329156015775809,scr2007,avaConv,pvInd_b
it_cs,2,h0495,0.525935142770807,scr2007,avaConv,pvInd_b
it_cs,2,h0496,0.3830667201710528,scr2007,avaConv,pvInd_b
it_cs,2,h0497,0.21927194528064542,scr2007,avaConv,pvInd_b
it_cs,2,h0498,0.0850617872488095,scr2007,avaConv,pvInd_b
it_cs,2,h0499,0.0169568998882197,scr2007,avaConv,pvInd_b
it_cs,2,h0500,0.0,scr2007,avaConv,pvInd_b
it_cs,2,h0501,0.0,scr2007,avaConv,pvInd_b
it_cs,2,h0502,0.0,scr2007,avaConv,pvInd_b
it_cs,2,h0503,0.0,scr2007,avaConv,pvInd_b
it_cs,2,h0504,0.0,scr2007,avaConv,pvInd_b
it_cs,2,h0505,0.0,scr2007,avaConv,pvInd_b
it_cs,2,h0506,0.0,scr2007,avaConv,pvInd_b
it_cs,2,h0507,0.0,scr2007,avaConv,pvInd_b
it_cs,2,h0508,0.0,scr2007,avaConv,pvInd_b
it_cs,2,h0509,0.0,scr2007,avaConv,pvInd_b
it_cs,2,h0510,0.0,scr2007,avaConv,pvInd_b
it_cs,2,h0511,0.01835345846052773,scr2007,avaConv,pvInd_b
it_cs,2,h0512,0.09160183812227111,scr2007,avaConv,pvInd_b
it_cs,2,h0513,0.23017634277049753,scr2007,avaConv,pvInd_b
it_cs,2,h0514,0.39587689197476633,scr2007,avaConv,pvInd_b
it_cs,2,h0515,0.5294460595002258,scr2007,avaConv,pvInd_b
it_cs,2,h0516,0.6071943221912908,scr2007,avaConv,pvInd_b
it_cs,2,h0517,0.5142945045473625,scr2007,avaConv,pvInd_b
it_cs,2,h0518,0.3912925308172975,scr2007,avaConv,pvInd_b
it_cs,2,h0519,0.24986165618128028,scr2007,avaConv,pvInd_b
it_cs,2,h0520,0.1908376922941066,scr2007,avaConv,pvInd_b
it_cs,2,h0521,0.10954562461400524,scr2007,avaConv,pvInd_b
it_cs,2,h0522,0.04110740719083773,scr2007,avaConv,pvInd_b
it_cs,2,h0523,0.006909109289008955,scr2007,avaConv,pvInd_b
it_cs,2,h0524,0.0,scr2007,avaConv,pvInd_b
it_cs,2,h0525,0.0,scr2007,avaConv,pvInd_b
it_cs,2,h0526,0.0,scr2007,avaConv,pvInd_b
it_cs,2,h0527,0.0,scr2007,avaConv,pvInd_b
it_cs,2,h0528,0.0,scr2007,avaConv,pvInd_b
it_cs,2,h0529,0.0,scr2007,avaConv,pvInd_b
it_cs,2,h0530,0.0,scr2007,avaConv,pvInd_b
it_cs,2,h0531,0.0,scr2007,avaConv,pvInd_b
it_cs,2,h0532,0.0,scr2007,avaConv,pvInd_b
it_cs,2,h0533,0.0,scr2007,avaConv,pvInd_b
it_cs,2,h0534,0.0,scr2007,avaConv,pvInd_b
it_cs,2,h0535,0.013837165270884732,scr2007,avaConv,pvInd_b
it_cs,2,h0536,0.0763613769432775,scr2007,avaConv,pvInd_b
it_cs,2,h0537,0.20067638517619066,scr2007,avaConv,pvInd_b
it_cs,2,h0538,0.35078647577077393,scr2007,avaConv,pvInd_b
it_cs,2,h0539,0.4734947123276216,scr2007,avaConv,pvInd_b
it_cs,2,h0540,0.5466659856985122,scr2007,avaConv,pvInd_b
it_cs,2,h0541,0.5410931946120603,scr2007,avaConv,pvInd_b
it_cs,2,h0542,0.48135384244247087,scr2007,avaConv,pvInd_b
it_cs,2,h0543,0.37391229705507345,scr2007,avaConv,pvInd_b
it_cs,2,h0544,0.25391135542428594,scr2007,avaConv,pvInd_b
it_cs,2,h0545,0.12372083760279491,scr2007,avaConv,pvInd_b
it_cs,2,h0546,0.0368418664591184,scr2007,avaConv,pvInd_b
it_cs,2,h0547,0.0019452578757117897,scr2007,avaConv,pvInd_b
it_cs,2,h0548,0.0,scr2007,avaConv,pvInd_b
it_cs,2,h0549,0.0,scr2007,avaConv,pvInd_b
it_cs,2,h0550,0.0,scr2007,avaConv,pvInd_b
it_cs,2,h0551,0.0,scr2007,avaConv,pvInd_b
it_cs,2,h0552,0.0,scr2007,avaConv,pvInd_b
it_n,2,h0481,0.0,scr2007,avaConv,pvInd_b
it_n,2,h0482,0.0,scr2007,avaConv,pvInd_b
it_n,2,h0483,0.0,scr2007,avaConv,pvInd_b
it_n,2,h0484,0.0,scr2007,avaConv,pvInd_b
it_n,2,h0485,0.0,scr2007,avaConv,pvInd_b
it_n,2,h0486,0.0,scr2007,avaConv,pvInd_b
it_n,2,h0487,0.0064762052603278535,scr2007,avaConv,pvInd_b
it_n,2,h0488,0.05591229669724691,scr2007,avaConv,pvInd_b
it_n,2,h0489,0.18830382619349378,scr2007,avaConv,pvInd_b
it_n,2,h0490,0.3872861677702602,scr2007,avaConv,pvInd_b
it_n,2,h0491,0.5745075081460841,scr2007,avaConv,pvInd_b
it_n,2,h0492,0.7019409359844876,scr2007,avaConv,pvInd_b
it_n,2,h0493,0.7415420531811946,scr2007,avaConv,pvInd_b
it_n,2,h0494,0.6933138038826339,scr2007,avaConv,pvInd_b
it_n,2,h0495,0.5728184455046502,scr2007,avaConv,pvInd_b
it_n,2,h0496,0.41184296725668734,scr2007,avaConv,pvInd_b
it_n,2,h0497,0.2348046127259042,scr2007,avaConv,pvInd_b
it_n,2,h0498,0.0873344791701398,scr2007,avaConv,pvInd_b
it_n,2,h0499,0.016498969043256963,scr2007,avaConv,pvInd_b
it_n,2,h0500,8.600507514613937e-5,scr2007,avaConv,pvInd_b
it_n,2,h0501,0.0,scr2007,avaConv,pvInd_b
it_n,2,h0502,0.0,scr2007,avaConv,pvInd_b
it_n,2,h0503,0.0,scr2007,avaConv,pvInd_b
it_n,2,h0504,0.0,scr2007,avaConv,pvInd_b
it_n,2,h0505,0.0,scr2007,avaConv,pvInd_b
it_n,2,h0506,0.0,scr2007,avaConv,pvInd_b
it_n,2,h0507,0.0,scr2007,avaConv,pvInd_b
it_n,2,h0508,0.0,scr2007,avaConv,pvInd_b
it_n,2,h0509,0.0,scr2007,avaConv,pvInd_b
it_n,2,h0510,0.0,scr2007,avaConv,pvInd_b
it_n,2,h0511,0.0025290737751882536,scr2007,avaConv,pvInd_b
it_n,2,h0512,0.025699104123467004,scr2007,avaConv,pvInd_b
it_n,2,h0513,0.08940210674470167,scr2007,avaConv,pvInd_b
it_n,2,h0514,0.19859385280276895,scr2007,avaConv,pvInd_b
it_n,2,h0515,0.311916082877062,scr2007,avaConv,pvInd_b
it_n,2,h0516,0.3908231585332905,scr2007,avaConv,pvInd_b
it_n,2,h0517,0.44381085048635893,scr2007,avaConv,pvInd_b
it_n,2,h0518,0.45084818382348263,scr2007,avaConv,pvInd_b
it_n,2,h0519,0.42349133863195443,scr2007,avaConv,pvInd_b
it_n,2,h0520,0.3183390013781657,scr2007,avaConv,pvInd_b
it_n,2,h0521,0.17733519467753908,scr2007,avaConv,pvInd_b
it_n,2,h0522,0.06024919296125793,scr2007,avaConv,pvInd_b
it_n,2,h0523,0.009003106713484947,scr2007,avaConv,pvInd_b
it_n,2,h0524,0.0,scr2007,avaConv,pvInd_b
it_n,2,h0525,0.0,scr2007,avaConv,pvInd_b
it_n,2,h0526,0.0,scr2007,avaConv,pvInd_b
it_n,2,h0527,0.0,scr2007,avaConv,pvInd_b
it_n,2,h0528,0.0,scr2007,avaConv,pvInd_b
it_n,2,h0529,0.0,scr2007,avaConv,pvInd_b
it_n,2,h0530,0.0,scr2007,avaConv,pvInd_b
it_n,2,h0531,0.0,scr2007,avaConv,pvInd_b
it_n,2,h0532,0.0,scr2007,avaConv,pvInd_b
it_n,2,h0533,0.0,scr2007,avaConv,pvInd_b
it_n,2,h0534,0.0,scr2007,avaConv,pvInd_b
it_n,2,h0535,0.00042127956250812676,scr2007,avaConv,pvInd_b
it_n,2,h0536,0.026606448873536,scr2007,avaConv,pvInd_b
it_n,2,h0537,0.1192055585929575,scr2007,avaConv,pvInd_b
it_n,2,h0538,0.290869757292128,scr2007,avaConv,pvInd_b
it_n,2,h0539,0.4710890121482701,scr2007,avaConv,pvInd_b
it_n,2,h0540,0.6110741997614785,scr2007,avaConv,pvInd_b
it_n,2,h0541,0.6401801571576353,scr2007,avaConv,pvInd_b
it_n,2,h0542,0.6022966106688344,scr2007,avaConv,pvInd_b
it_n,2,h0543,0.4877104365594518,scr2007,avaConv,pvInd_b
it_n,2,h0544,0.347449655402017,scr2007,avaConv,pvInd_b
it_n,2,h0545,0.17325466593372313,scr2007,avaConv,pvInd_b
it_n,2,h0546,0.05155641688656454,scr2007,avaConv,pvInd_b
it_n,2,h0547,0.0059942688549262995,scr2007,avaConv,pvInd_b
it_n,2,h0548,0.0,scr2007,avaConv,pvInd_b
it_n,2,h0549,0.0,scr2007,avaConv,pvInd_b
it_n,2,h0550,0.0,scr2007,avaConv,pvInd_b
it_n,2,h0551,0.0,scr2007,avaConv,pvInd_b
it_n,2,h0552,0.0,scr2007,avaConv,pvInd_b
it_sar,2,h0481,0.0,scr2007,avaConv,pvInd_b
it_sar,2,h0482,0.0,scr2007,avaConv,pvInd_b
it_sar,2,h0483,0.0,scr2007,avaConv,pvInd_b
it_sar,2,h0484,0.0,scr2007,avaConv,pvInd_b
it_sar,2,h0485,0.0,scr2007,avaConv,pvInd_b
it_sar,2,h0486,0.0,scr2007,avaConv,pvInd_b
it_sar,2,h0487,0.019278966820840397,scr2007,avaConv,pvInd_b
it_sar,2,h0488,0.09787856393271681,scr2007,avaConv,pvInd_b
it_sar,2,h0489,0.24023161238366403,scr2007,avaConv,pvInd_b
it_sar,2,h0490,0.41065359623791875,scr2007,avaConv,pvInd_b
it_sar,2,h0491,0.5370887950630503,scr2007,avaConv,pvInd_b
it_sar,2,h0492,0.6020198153964933,scr2007,avaConv,pvInd_b
it_sar,2,h0493,0.48854731406340735,scr2007,avaConv,pvInd_b
it_sar,2,h0494,0.3500761933833027,scr2007,avaConv,pvInd_b
it_sar,2,h0495,0.1934500610754955,scr2007,avaConv,pvInd_b
it_sar,2,h0496,0.14244593210584724,scr2007,avaConv,pvInd_b
it_sar,2,h0497,0.08679293824947429,scr2007,avaConv,pvInd_b
it_sar,2,h0498,0.038256162751644035,scr2007,avaConv,pvInd_b
it_sar,2,h0499,0.011770298277992808,scr2007,avaConv,pvInd_b
it_sar,2,h0500,8.105335229417579e-5,scr2007,avaConv,pvInd_b
it_sar,2,h0501,0.0,scr2007,avaConv,pvInd_b
it_sar,2,h0502,0.0,scr2007,avaConv,pvInd_b
it_sar,2,h0503,0.0,scr2007,avaConv,pvInd_b
it_sar,2,h0504,0.0,scr2007,avaConv,pvInd_b
it_sar,2,h0505,0.0,scr2007,avaConv,pvInd_b
it_sar,2,h0506,0.0,scr2007,avaConv,pvInd_b
it_sar,2,h0507,0.0,scr2007,avaConv,pvInd_b
it_sar,2,h0508,0.0,scr2007,avaConv,pvInd_b
it_sar,2,h0509,0.0,scr2007,avaConv,pvInd_b
it_sar,2,h0510,0.0,scr2007,avaConv,pvInd_b
it_sar,2,h0511,0.012585881972344377,scr2007,avaConv,pvInd_b
it_sar,2,h0512,0.06831638706125365,scr2007,avaConv,pvInd_b
it_sar,2,h0513,0.17738581983981325,scr2007,avaConv,pvInd_b
it_sar,2,h0514,0.3291569451366201,scr2007,avaConv,pvInd_b
it_sar,2,h0515,0.4718958485341102,scr2007,avaConv,pvInd_b
it_sar,2,h0516,0.5773246432268349,scr2007,avaConv,pvInd_b
it_sar,2,h0517,0.5810466195962188,scr2007,avaConv,pvInd_b
it_sar,2,h0518,0.5278154574956984,scr2007,avaConv,pvInd_b
it_sar,2,h0519,0.41902713702440125,scr2007,avaConv,pvInd_b
it_sar,2,h0520,0.31214128488768883,scr2007,avaConv,pvInd_b
it_sar,2,h0521,0.1878528618986907,scr2007,avaConv,pvInd_b
it_sar,2,h0522,0.08194806983419504,scr2007,avaConv,pvInd_b
it_sar,2,h0523,0.021197700318890206,scr2007,avaConv,pvInd_b
it_sar,2,h0524,0.0,scr2007,avaConv,pvInd_b
it_sar,2,h0525,0.0,scr2007,avaConv,pvInd_b
it_sar,2,h0526,0.0,scr2007,avaConv,pvInd_b
it_sar,2,h0527,0.0,scr2007,avaConv,pvInd_b
it_sar,2,h0528,0.0,scr2007,avaConv,pvInd_b
it_sar,2,h0529,0.0,scr2007,avaConv,pvInd_b
it_sar,2,h0530,0.0,scr2007,avaConv,pvInd_b
it_sar,2,h0531,0.0,scr2007,avaConv,pvInd_b
it_sar,2,h0532,0.0,scr2007,avaConv,pvInd_b
it_sar,2,h0533,0.0,scr2007,avaConv,pvInd_b
it_sar,2,h0534,0.0,scr2007,avaConv,pvInd_b
it_sar,2,h0535,0.001152573465166619,scr2007,avaConv,pvInd_b
it_sar,2,h0536,0.021221893182432106,scr2007,avaConv,pvInd_b
it_sar,2,h0537,0.07549410037965561,scr2007,avaConv,pvInd_b
it_sar,2,h0538,0.15804507209696605,scr2007,avaConv,pvInd_b
it_sar,2,h0539,0.24706987582471993,scr2007,avaConv,pvInd_b
it_sar,2,h0540,0.314834339530414,scr2007,avaConv,pvInd_b
it_sar,2,h0541,0.4246101027313968,scr2007,avaConv,pvInd_b
it_sar,2,h0542,0.4761465678183545,scr2007,avaConv,pvInd_b
it_sar,2,h0543,0.4663445117527937,scr2007,avaConv,pvInd_b
it_sar,2,h0544,0.33492514786765826,scr2007,avaConv,pvInd_b
it_sar,2,h0545,0.19171550294638368,scr2007,avaConv,pvInd_b
it_sar,2,h0546,0.07870228726293858,scr2007,avaConv,pvInd_b
it_sar,2,h0547,0.01731665859371595,scr2007,avaConv,pvInd_b
it_sar,2,h0548,0.0,scr2007,avaConv,pvInd_b
it_sar,2,h0549,0.0,scr2007,avaConv,pvInd_b
it_sar,2,h0550,0.0,scr2007,avaConv,pvInd_b
it_sar,2,h0551,0.0,scr2007,avaConv,pvInd_b
it_sar,2,h0552,0.0,scr2007,avaConv,pvInd_b
it_sic,2,h0481,0.0,scr2007,avaConv,pvInd_b
it_sic,2,h0482,0.0,scr2007,avaConv,pvInd_b
it_sic,2,h0483,0.0,scr2007,avaConv,pvInd_b
it_sic,2,h0484,0.0,scr2007,avaConv,pvInd_b
it_sic,2,h0485,0.0,scr2007,avaConv,pvInd_b
it_sic,2,h0486,0.0,scr2007,avaConv,pvInd_b
it_sic,2,h0487,0.019917076974771703,scr2007,avaConv,pvInd_b
it_sic,2,h0488,0.09760148113160445,scr2007,avaConv,pvInd_b
it_sic,2,h0489,0.24517028449057746,scr2007,avaConv,pvInd_b
it_sic,2,h0490,0.4133327591347608,scr2007,avaConv,pvInd_b
it_sic,2,h0491,0.5402729055808898,scr2007,avaConv,pvInd_b
it_sic,2,h0492,0.5972980365448866,scr2007,avaConv,pvInd_b
it_sic,2,h0493,0.5240711745664849,scr2007,avaConv,pvInd_b
it_sic,2,h0494,0.403909338242639,scr2007,avaConv,pvInd_b
it_sic,2,h0495,0.2631523496742909,scr2007,avaConv,pvInd_b
it_sic,2,h0496,0.17378279614065847,scr2007,avaConv,pvInd_b
it_sic,2,h0497,0.0913150439547771,scr2007,avaConv,pvInd_b
it_sic,2,h0498,0.0340136243325496,scr2007,avaConv,pvInd_b
it_sic,2,h0499,0.006634603718426075,scr2007,avaConv,pvInd_b
it_sic,2,h0500,0.0,scr2007,avaConv,pvInd_b
it_sic,2,h0501,0.0,scr2007,avaConv,pvInd_b
it_sic,2,h0502,0.0,scr2007,avaConv,pvInd_b
it_sic,2,h0503,0.0,scr2007,avaConv,pvInd_b
it_sic,2,h0504,0.0,scr2007,avaConv,pvInd_b
it_sic,2,h0505,0.0,scr2007,avaConv,pvInd_b
it_sic,2,h0506,0.0,scr2007,avaConv,pvInd_b
it_sic,2,h0507,0.0,scr2007,avaConv,pvInd_b
it_sic,2,h0508,0.0,scr2007,avaConv,pvInd_b
it_sic,2,h0509,0.0,scr2007,avaConv,pvInd_b
it_sic,2,h0510,0.0,scr2007,avaConv,pvInd_b
it_sic,2,h0511,0.017455951950072154,scr2007,avaConv,pvInd_b
it_sic,2,h0512,0.0918401389572509,scr2007,avaConv,pvInd_b
it_sic,2,h0513,0.23770023252607111,scr2007,avaConv,pvInd_b
it_sic,2,h0514,0.4086842730505308,scr2007,avaConv,pvInd_b
it_sic,2,h0515,0.543192890304212,scr2007,avaConv,pvInd_b
it_sic,2,h0516,0.6222947658916991,scr2007,avaConv,pvInd_b
it_sic,2,h0517,0.5882270485452408,scr2007,avaConv,pvInd_b
it_sic,2,h0518,0.504833634132785,scr2007,avaConv,pvInd_b
it_sic,2,h0519,0.3788037891479558,scr2007,avaConv,pvInd_b
it_sic,2,h0520,0.26443076914181307,scr2007,avaConv,pvInd_b
it_sic,2,h0521,0.13518039156602185,scr2007,avaConv,pvInd_b
it_sic,2,h0522,0.042966566904073036,scr2007,avaConv,pvInd_b
it_sic,2,h0523,0.005036138807750542,scr2007,avaConv,pvInd_b
it_sic,2,h0524,0.0,scr2007,avaConv,pvInd_b
it_sic,2,h0525,0.0,scr2007,avaConv,pvInd_b
it_sic,2,h0526,0.0,scr2007,avaConv,pvInd_b
it_sic,2,h0527,0.0,scr2007,avaConv,pvInd_b
it_sic,2,h0528,0.0,scr2007,avaConv,pvInd_b
it_sic,2,h0529,0.0,scr2007,avaConv,pvInd_b
it_sic,2,h0530,0.0,scr2007,avaConv,pvInd_b
it_sic,2,h0531,0.0,scr2007,avaConv,pvInd_b
it_sic,2,h0532,0.0,scr2007,avaConv,pvInd_b
it_sic,2,h0533,0.0,scr2007,avaConv,pvInd_b
it_sic,2,h0534,0.0,scr2007,avaConv,pvInd_b
it_sic,2,h0535,0.007958453625715187,scr2007,avaConv,pvInd_b
it_sic,2,h0536,0.04753925423756115,scr2007,avaConv,pvInd_b
it_sic,2,h0537,0.13895242004265884,scr2007,avaConv,pvInd_b
it_sic,2,h0538,0.2604914196822083,scr2007,avaConv,pvInd_b
it_sic,2,h0539,0.3579874050574757,scr2007,avaConv,pvInd_b
it_sic,2,h0540,0.4051250176438592,scr2007,avaConv,pvInd_b
it_sic,2,h0541,0.4245549504636685,scr2007,avaConv,pvInd_b
it_sic,2,h0542,0.39081504714905724,scr2007,avaConv,pvInd_b
it_sic,2,h0543,0.32249507983664877,scr2007,avaConv,pvInd_b
it_sic,2,h0544,0.2015949329095693,scr2007,avaConv,pvInd_b
it_sic,2,h0545,0.09325182857963613,scr2007,avaConv,pvInd_b
it_sic,2,h0546,0.025012974364066895,scr2007,avaConv,pvInd_b
it_sic,2,h0547,0.0011506532034950701,scr2007,avaConv,pvInd_b
it_sic,2,h0548,0.0,scr2007,avaConv,pvInd_b
it_sic,2,h0549,0.0,scr2007,avaConv,pvInd_b
it_sic,2,h0550,0.0,scr2007,avaConv,pvInd_b
it_sic,2,h0551,0.0,scr2007,avaConv,pvInd_b
it_sic,2,h0552,0.0,scr2007,avaConv,pvInd_b
lt,2,h0481,0.0,scr2007,avaConv,pvInd_b
lt,2,h0482,0.0,scr2007,avaConv,pvInd_b
lt,2,h0483,0.0,scr2007,avaConv,pvInd_b
lt,2,h0484,0.0,scr2007,avaConv,pvInd_b
lt,2,h0485,0.0,scr2007,avaConv,pvInd_b
lt,2,h0486,0.006088742761573566,scr2007,avaConv,pvInd_b
lt,2,h0487,0.028573054388111162,scr2007,avaConv,pvInd_b
lt,2,h0488,0.07311493761375847,scr2007,avaConv,pvInd_b
lt,2,h0489,0.12354824952711631,scr2007,avaConv,pvInd_b
lt,2,h0490,0.16314513242622397,scr2007,avaConv,pvInd_b
lt,2,h0491,0.1840619177484797,scr2007,avaConv,pvInd_b
lt,2,h0492,0.19787009469223096,scr2007,avaConv,pvInd_b
lt,2,h0493,0.32318346855078334,scr2007,avaConv,pvInd_b
lt,2,h0494,0.407736813761544,scr2007,avaConv,pvInd_b
lt,2,h0495,0.43653295774136186,scr2007,avaConv,pvInd_b
lt,2,h0496,0.2780911952505742,scr2007,avaConv,pvInd_b
lt,2,h0497,0.12694579309387752,scr2007,avaConv,pvInd_b
lt,2,h0498,0.0326877243318316,scr2007,avaConv,pvInd_b
lt,2,h0499,0.000443378005770675,scr2007,avaConv,pvInd_b
lt,2,h0500,0.0,scr2007,avaConv,pvInd_b
lt,2,h0501,0.0,scr2007,avaConv,pvInd_b
lt,2,h0502,0.0,scr2007,avaConv,pvInd_b
lt,2,h0503,0.0,scr2007,avaConv,pvInd_b
lt,2,h0504,0.0,scr2007,avaConv,pvInd_b
lt,2,h0505,0.0,scr2007,avaConv,pvInd_b
lt,2,h0506,0.0,scr2007,avaConv,pvInd_b
lt,2,h0507,0.0,scr2007,avaConv,pvInd_b
lt,2,h0508,0.0,scr2007,avaConv,pvInd_b
lt,2,h0509,0.0,scr2007,avaConv,pvInd_b
lt,2,h0510,0.004312001370111278,scr2007,avaConv,pvInd_b
lt,2,h0511,0.007197423321291476,scr2007,avaConv,pvInd_b
lt,2,h0512,0.01664480076092858,scr2007,avaConv,pvInd_b
lt,2,h0513,0.02875426151685462,scr2007,avaConv,pvInd_b
lt,2,h0514,0.05195197765739085,scr2007,avaConv,pvInd_b
lt,2,h0515,0.07314604979621879,scr2007,avaConv,pvInd_b
lt,2,h0516,0.08221669055666835,scr2007,avaConv,pvInd_b
lt,2,h0517,0.11868986260824059,scr2007,avaConv,pvInd_b
lt,2,h0518,0.13713701298957562,scr2007,avaConv,pvInd_b
lt,2,h0519,0.13818058125773738,scr2007,avaConv,pvInd_b
lt,2,h0520,0.08035917290762529,scr2007,avaConv,pvInd_b
lt,2,h0521,0.03153135418998692,scr2007,avaConv,pvInd_b
lt,2,h0522,0.005687862595662283,scr2007,avaConv,pvInd_b
lt,2,h0523,0.0,scr2007,avaConv,pvInd_b
lt,2,h0524,0.0,scr2007,avaConv,pvInd_b
lt,2,h0525,0.0,scr2007,avaConv,pvInd_b
lt,2,h0526,0.0,scr2007,avaConv,pvInd_b
lt,2,h0527,0.0,scr2007,avaConv,pvInd_b
lt,2,h0528,0.0,scr2007,avaConv,pvInd_b
lt,2,h0529,0.0,scr2007,avaConv,pvInd_b
lt,2,h0530,0.0,scr2007,avaConv,pvInd_b
lt,2,h0531,0.0,scr2007,avaConv,pvInd_b
lt,2,h0532,0.0,scr2007,avaConv,pvInd_b
lt,2,h0533,0.0,scr2007,avaConv,pvInd_b
lt,2,h0534,0.0,scr2007,avaConv,pvInd_b
lt,2,h0535,0.007797801847082799,scr2007,avaConv,pvInd_b
lt,2,h0536,0.034809759467278156,scr2007,avaConv,pvInd_b
lt,2,h0537,0.08445996488900749,scr2007,avaConv,pvInd_b
lt,2,h0538,0.14599414588237938,scr2007,avaConv,pvInd_b
lt,2,h0539,0.19000640173480135,scr2007,avaConv,pvInd_b
lt,2,h0540,0.2053449539793646,scr2007,avaConv,pvInd_b
lt,2,h0541,0.2987652679020484,scr2007,avaConv,pvInd_b
lt,2,h0542,0.33560163322077796,scr2007,avaConv,pvInd_b
lt,2,h0543,0.3171735650867664,scr2007,avaConv,pvInd_b
lt,2,h0544,0.1459557139767593,scr2007,avaConv,pvInd_b
lt,2,h0545,0.04109445477497366,scr2007,avaConv,pvInd_b
lt,2,h0546,0.0,scr2007,avaConv,pvInd_b
lt,2,h0547,0.0,scr2007,avaConv,pvInd_b
lt,2,h0548,0.0,scr2007,avaConv,pvInd_b
lt,2,h0549,0.0,scr2007,avaConv,pvInd_b
lt,2,h0550,0.0,scr2007,avaConv,pvInd_b
lt,2,h0551,0.0,scr2007,avaConv,pvInd_b
lt,2,h0552,0.0,scr2007,avaConv,pvInd_b
lu,2,h0481,0.0,scr2007,avaConv,pvInd_b
lu,2,h0482,0.0,scr2007,avaConv,pvInd_b
lu,2,h0483,0.0,scr2007,avaConv,pvInd_b
lu,2,h0484,0.0,scr2007,avaConv,pvInd_b
lu,2,h0485,0.0,scr2007,avaConv,pvInd_b
lu,2,h0486,0.0,scr2007,avaConv,pvInd_b
lu,2,h0487,0.006136588836588903,scr2007,avaConv,pvInd_b
lu,2,h0488,0.0567597082413876,scr2007,avaConv,pvInd_b
lu,2,h0489,0.17966873182728135,scr2007,avaConv,pvInd_b
lu,2,h0490,0.3525481298713406,scr2007,avaConv,pvInd_b
lu,2,h0491,0.48986257750316003,scr2007,avaConv,pvInd_b
lu,2,h0492,0.5622282078251291,scr2007,avaConv,pvInd_b
lu,2,h0493,0.49349238544172896,scr2007,avaConv,pvInd_b
lu,2,h0494,0.3808581918429789,scr2007,avaConv,pvInd_b
lu,2,h0495,0.22198801184500214,scr2007,avaConv,pvInd_b
lu,2,h0496,0.12009318083935776,scr2007,avaConv,pvInd_b
lu,2,h0497,0.042358853649650585,scr2007,avaConv,pvInd_b
lu,2,h0498,0.00855811022885492,scr2007,avaConv,pvInd_b
lu,2,h0499,0.0006900236144705132,scr2007,avaConv,pvInd_b
lu,2,h0500,0.0,scr2007,avaConv,pvInd_b
lu,2,h0501,0.0,scr2007,avaConv,pvInd_b
lu,2,h0502,0.0,scr2007,avaConv,pvInd_b
lu,2,h0503,0.0,scr2007,avaConv,pvInd_b
lu,2,h0504,0.0,scr2007,avaConv,pvInd_b
lu,2,h0505,0.0,scr2007,avaConv,pvInd_b
lu,2,h0506,0.0,scr2007,avaConv,pvInd_b
lu,2,h0507,0.0,scr2007,avaConv,pvInd_b
lu,2,h0508,0.0,scr2007,avaConv,pvInd_b
lu,2,h0509,0.0,scr2007,avaConv,pvInd_b
lu,2,h0510,0.0,scr2007,avaConv,pvInd_b
lu,2,h0511,0.0,scr2007,avaConv,pvInd_b
lu,2,h0512,0.005117323967765933,scr2007,avaConv,pvInd_b
lu,2,h0513,0.025988775087615053,scr2007,avaConv,pvInd_b
lu,2,h0514,0.0761027982303617,scr2007,avaConv,pvInd_b
lu,2,h0515,0.14864139670269055,scr2007,avaConv,pvInd_b
lu,2,h0516,0.20981746284539804,scr2007,avaConv,pvInd_b
lu,2,h0517,0.38641637942427565,scr2007,avaConv,pvInd_b
lu,2,h0518,0.5158257339772097,scr2007,avaConv,pvInd_b
lu,2,h0519,0.598441368693581,scr2007,avaConv,pvInd_b
lu,2,h0520,0.4584175962369054,scr2007,avaConv,pvInd_b
lu,2,h0521,0.28008747484019275,scr2007,avaConv,pvInd_b
lu,2,h0522,0.11678764751371683,scr2007,avaConv,pvInd_b
lu,2,h0523,0.02565545985927929,scr2007,avaConv,pvInd_b
lu,2,h0524,0.0,scr2007,avaConv,pvInd_b
lu,2,h0525,0.0,scr2007,avaConv,pvInd_b
lu,2,h0526,0.0,scr2007,avaConv,pvInd_b
lu,2,h0527,0.0,scr2007,avaConv,pvInd_b
lu,2,h0528,0.0,scr2007,avaConv,pvInd_b
lu,2,h0529,0.0,scr2007,avaConv,pvInd_b
lu,2,h0530,0.0,scr2007,avaConv,pvInd_b
lu,2,h0531,0.0,scr2007,avaConv,pvInd_b
lu,2,h0532,0.0,scr2007,avaConv,pvInd_b
lu,2,h0533,0.0,scr2007,avaConv,pvInd_b
lu,2,h0534,0.0,scr2007,avaConv,pvInd_b
lu,2,h0535,0.0,scr2007,avaConv,pvInd_b
lu,2,h0536,0.0047079869516712695,scr2007,avaConv,pvInd_b
lu,2,h0537,0.018692023700491903,scr2007,avaConv,pvInd_b
lu,2,h0538,0.04140438757392411,scr2007,avaConv,pvInd_b
lu,2,h0539,0.07445753649110645,scr2007,avaConv,pvInd_b
lu,2,h0540,0.10547882977414132,scr2007,avaConv,pvInd_b
lu,2,h0541,0.29003001427584985,scr2007,avaConv,pvInd_b
lu,2,h0542,0.45418710849292726,scr2007,avaConv,pvInd_b
lu,2,h0543,0.56811082727986,scr2007,avaConv,pvInd_b
lu,2,h0544,0.42304785814886553,scr2007,avaConv,pvInd_b
lu,2,h0545,0.23921733478526433,scr2007,avaConv,pvInd_b
lu,2,h0546,0.08947905716858115,scr2007,avaConv,pvInd_b
lu,2,h0547,0.016610946398656536,scr2007,avaConv,pvInd_b
lu,2,h0548,0.0,scr2007,avaConv,pvInd_b
lu,2,h0549,0.0,scr2007,avaConv,pvInd_b
lu,2,h0550,0.0,scr2007,avaConv,pvInd_b
lu,2,h0551,0.0,scr2007,avaConv,pvInd_b
lu,2,h0552,0.0,scr2007,avaConv,pvInd_b
lv,2,h0481,0.0,scr2007,avaConv,pvInd_b
lv,2,h0482,0.0,scr2007,avaConv,pvInd_b
lv,2,h0483,0.0,scr2007,avaConv,pvInd_b
lv,2,h0484,0.0,scr2007,avaConv,pvInd_b
lv,2,h0485,0.0,scr2007,avaConv,pvInd_b
lv,2,h0486,0.0042206383092122,scr2007,avaConv,pvInd_b
lv,2,h0487,0.018521985603310302,scr2007,avaConv,pvInd_b
lv,2,h0488,0.04941559710860203,scr2007,avaConv,pvInd_b
lv,2,h0489,0.07985346849878149,scr2007,avaConv,pvInd_b
lv,2,h0490,0.10071871614176864,scr2007,avaConv,pvInd_b
lv,2,h0491,0.10952780862865305,scr2007,avaConv,pvInd_b
lv,2,h0492,0.11385004809516196,scr2007,avaConv,pvInd_b
lv,2,h0493,0.26994492561588807,scr2007,avaConv,pvInd_b
lv,2,h0494,0.39186615489447785,scr2007,avaConv,pvInd_b
lv,2,h0495,0.45471488997203013,scr2007,avaConv,pvInd_b
lv,2,h0496,0.2772324859199862,scr2007,avaConv,pvInd_b
lv,2,h0497,0.115112977875623,scr2007,avaConv,pvInd_b
lv,2,h0498,0.026009544587593653,scr2007,avaConv,pvInd_b
lv,2,h0499,0.0,scr2007,avaConv,pvInd_b
lv,2,h0500,0.0,scr2007,avaConv,pvInd_b
lv,2,h0501,0.0,scr2007,avaConv,pvInd_b
lv,2,h0502,0.0,scr2007,avaConv,pvInd_b
lv,2,h0503,0.0,scr2007,avaConv,pvInd_b
lv,2,h0504,0.0,scr2007,avaConv,pvInd_b
lv,2,h0505,0.0,scr2007,avaConv,pvInd_b
lv,2,h0506,0.0,scr2007,avaConv,pvInd_b
lv,2,h0507,0.0,scr2007,avaConv,pvInd_b
lv,2,h0508,0.0,scr2007,avaConv,pvInd_b
lv,2,h0509,0.0,scr2007,avaConv,pvInd_b
lv,2,h0510,0.002608873203414141,scr2007,avaConv,pvInd_b
lv,2,h0511,0.007000413374647741,scr2007,avaConv,pvInd_b
lv,2,h0512,0.018433483282905474,scr2007,avaConv,pvInd_b
lv,2,h0513,0.03459509800284616,scr2007,avaConv,pvInd_b
lv,2,h0514,0.05984980036193847,scr2007,avaConv,pvInd_b
lv,2,h0515,0.08348033946899458,scr2007,avaConv,pvInd_b
lv,2,h0516,0.10211453343116784,scr2007,avaConv,pvInd_b
lv,2,h0517,0.1388501697349197,scr2007,avaConv,pvInd_b
lv,2,h0518,0.14796884587375228,scr2007,avaConv,pvInd_b
lv,2,h0519,0.12781940602796837,scr2007,avaConv,pvInd_b
lv,2,h0520,0.0646366168838648,scr2007,avaConv,pvInd_b
lv,2,h0521,0.02164421222978924,scr2007,avaConv,pvInd_b
lv,2,h0522,0.003791109580354007,scr2007,avaConv,pvInd_b
lv,2,h0523,0.0,scr2007,avaConv,pvInd_b
lv,2,h0524,0.0,scr2007,avaConv,pvInd_b
lv,2,h0525,0.0,scr2007,avaConv,pvInd_b
lv,2,h0526,0.0,scr2007,avaConv,pvInd_b
lv,2,h0527,0.0,scr2007,avaConv,pvInd_b
lv,2,h0528,0.0,scr2007,avaConv,pvInd_b
lv,2,h0529,0.0,scr2007,avaConv,pvInd_b
lv,2,h0530,0.0,scr2007,avaConv,pvInd_b
lv,2,h0531,0.0,scr2007,avaConv,pvInd_b
lv,2,h0532,0.0,scr2007,avaConv,pvInd_b
lv,2,h0533,0.0,scr2007,avaConv,pvInd_b
lv,2,h0534,0.0,scr2007,avaConv,pvInd_b
lv,2,h0535,0.0004448392521015729,scr2007,avaConv,pvInd_b
lv,2,h0536,0.004052399847488039,scr2007,avaConv,pvInd_b
lv,2,h0537,0.015083670102031255,scr2007,avaConv,pvInd_b
lv,2,h0538,0.03699973394447077,scr2007,avaConv,pvInd_b
lv,2,h0539,0.056906088855229485,scr2007,avaConv,pvInd_b
lv,2,h0540,0.06724332427668887,scr2007,avaConv,pvInd_b
lv,2,h0541,0.13217602745658225,scr2007,avaConv,pvInd_b
lv,2,h0542,0.16370133037155019,scr2007,avaConv,pvInd_b
lv,2,h0543,0.16487004498742938,scr2007,avaConv,pvInd_b
lv,2,h0544,0.06955836922131749,scr2007,avaConv,pvInd_b
lv,2,h0545,0.018397441826927142,scr2007,avaConv,pvInd_b
lv,2,h0546,0.0,scr2007,avaConv,pvInd_b
lv,2,h0547,0.0,scr2007,avaConv,pvInd_b
lv,2,h0548,0.0,scr2007,avaConv,pvInd_b
lv,2,h0549,0.0,scr2007,avaConv,pvInd_b
lv,2,h0550,0.0,scr2007,avaConv,pvInd_b
lv,2,h0551,0.0,scr2007,avaConv,pvInd_b
lv,2,h0552,0.0,scr2007,avaConv,pvInd_b
me,2,h0481,0.0,scr2007,avaConv,pvInd_b
me,2,h0482,0.0,scr2007,avaConv,pvInd_b
me,2,h0483,0.0,scr2007,avaConv,pvInd_b
me,2,h0484,0.0,scr2007,avaConv,pvInd_b
me,2,h0485,0.0,scr2007,avaConv,pvInd_b
me,2,h0486,0.0019867102610455585,scr2007,avaConv,pvInd_b
me,2,h0487,0.03307331370589577,scr2007,avaConv,pvInd_b
me,2,h0488,0.13052244868726204,scr2007,avaConv,pvInd_b
me,2,h0489,0.2988361153729928,scr2007,avaConv,pvInd_b
me,2,h0490,0.47396953219578525,scr2007,avaConv,pvInd_b
me,2,h0491,0.6048762602617845,scr2007,avaConv,pvInd_b
me,2,h0492,0.6760075351645746,scr2007,avaConv,pvInd_b
me,2,h0493,0.6911546351896453,scr2007,avaConv,pvInd_b
me,2,h0494,0.6353576295488608,scr2007,avaConv,pvInd_b
me,2,h0495,0.5120689209920639,scr2007,avaConv,pvInd_b
me,2,h0496,0.3281190809920452,scr2007,avaConv,pvInd_b
me,2,h0497,0.14911327516475217,scr2007,avaConv,pvInd_b
me,2,h0498,0.04044712214392347,scr2007,avaConv,pvInd_b
me,2,h0499,0.003471522036929852,scr2007,avaConv,pvInd_b
me,2,h0500,0.0,scr2007,avaConv,pvInd_b
me,2,h0501,0.0,scr2007,avaConv,pvInd_b
me,2,h0502,0.0,scr2007,avaConv,pvInd_b
me,2,h0503,0.0,scr2007,avaConv,pvInd_b
me,2,h0504,0.0,scr2007,avaConv,pvInd_b
me,2,h0505,0.0,scr2007,avaConv,pvInd_b
me,2,h0506,0.0,scr2007,avaConv,pvInd_b
me,2,h0507,0.0,scr2007,avaConv,pvInd_b
me,2,h0508,0.0,scr2007,avaConv,pvInd_b
me,2,h0509,0.0,scr2007,avaConv,pvInd_b
me,2,h0510,0.0005097973125641175,scr2007,avaConv,pvInd_b
me,2,h0511,0.025576504248379584,scr2007,avaConv,pvInd_b
me,2,h0512,0.11495583015266211,scr2007,avaConv,pvInd_b
me,2,h0513,0.27824469516140143,scr2007,avaConv,pvInd_b
me,2,h0514,0.44938660596072777,scr2007,avaConv,pvInd_b
me,2,h0515,0.5747414947710429,scr2007,avaConv,pvInd_b
me,2,h0516,0.6434249925517912,scr2007,avaConv,pvInd_b
me,2,h0517,0.42141600345933733,scr2007,avaConv,pvInd_b
me,2,h0518,0.20613661819582,scr2007,avaConv,pvInd_b
me,2,h0519,0.03161901487472814,scr2007,avaConv,pvInd_b
me,2,h0520,0.018811602744546213,scr2007,avaConv,pvInd_b
me,2,h0521,0.006617306473188111,scr2007,avaConv,pvInd_b
me,2,h0522,0.001285964007222169,scr2007,avaConv,pvInd_b
me,2,h0523,0.0,scr2007,avaConv,pvInd_b
me,2,h0524,0.0,scr2007,avaConv,pvInd_b
me,2,h0525,0.0,scr2007,avaConv,pvInd_b
me,2,h0526,0.0,scr2007,avaConv,pvInd_b
me,2,h0527,0.0,scr2007,avaConv,pvInd_b
me,2,h0528,0.0,scr2007,avaConv,pvInd_b
me,2,h0529,0.0,scr2007,avaConv,pvInd_b
me,2,h0530,0.0,scr2007,avaConv,pvInd_b
me,2,h0531,0.0,scr2007,avaConv,pvInd_b
me,2,h0532,0.0,scr2007,avaConv,pvInd_b
me,2,h0533,0.0,scr2007,avaConv,pvInd_b
me,2,h0534,0.0,scr2007,avaConv,pvInd_b
me,2,h0535,0.021323043746137537,scr2007,avaConv,pvInd_b
me,2,h0536,0.1098479856926523,scr2007,avaConv,pvInd_b
me,2,h0537,0.2825579137385363,scr2007,avaConv,pvInd_b
me,2,h0538,0.4710160558209727,scr2007,avaConv,pvInd_b
me,2,h0539,0.6065587373758595,scr2007,avaConv,pvInd_b
me,2,h0540,0.6748354635432048,scr2007,avaConv,pvInd_b
me,2,h0541,0.553796895306053,scr2007,avaConv,pvInd_b
me,2,h0542,0.3736923456292445,scr2007,avaConv,pvInd_b
me,2,h0543,0.16911593262242708,scr2007,avaConv,pvInd_b
me,2,h0544,0.07162195958979543,scr2007,avaConv,pvInd_b
me,2,h0545,0.017781739990947933,scr2007,avaConv,pvInd_b
me,2,h0546,0.0018613730605744761,scr2007,avaConv,pvInd_b
me,2,h0547,0.0,scr2007,avaConv,pvInd_b
me,2,h0548,0.0,scr2007,avaConv,pvInd_b
me,2,h0549,0.0,scr2007,avaConv,pvInd_b
me,2,h0550,0.0,scr2007,avaConv,pvInd_b
me,2,h0551,0.0,scr2007,avaConv,pvInd_b
me,2,h0552,0.0,scr2007,avaConv,pvInd_b
mk,2,h0481,0.0,scr2007,avaConv,pvInd_b
mk,2,h0482,0.0,scr2007,avaConv,pvInd_b
mk,2,h0483,0.0,scr2007,avaConv,pvInd_b
mk,2,h0484,0.0,scr2007,avaConv,pvInd_b
mk,2,h0485,0.0,scr2007,avaConv,pvInd_b
mk,2,h0486,0.014473251947599257,scr2007,avaConv,pvInd_b
mk,2,h0487,0.05630484822784025,scr2007,avaConv,pvInd_b
mk,2,h0488,0.14311017927590947,scr2007,avaConv,pvInd_b
mk,2,h0489,0.2444460101607532,scr2007,avaConv,pvInd_b
mk,2,h0490,0.32240703349333416,scr2007,avaConv,pvInd_b
mk,2,h0491,0.3541461119654329,scr2007,avaConv,pvInd_b
mk,2,h0492,0.34883066247068967,scr2007,avaConv,pvInd_b
mk,2,h0493,0.4527567517276273,scr2007,avaConv,pvInd_b
mk,2,h0494,0.5207643900853755,scr2007,avaConv,pvInd_b
mk,2,h0495,0.5382631419362728,scr2007,avaConv,pvInd_b
mk,2,h0496,0.36928028791645046,scr2007,avaConv,pvInd_b
mk,2,h0497,0.1876761387946605,scr2007,avaConv,pvInd_b
mk,2,h0498,0.06072932401170111,scr2007,avaConv,pvInd_b
mk,2,h0499,0.005823741393242275,scr2007,avaConv,pvInd_b
mk,2,h0500,0.0,scr2007,avaConv,pvInd_b
mk,2,h0501,0.0,scr2007,avaConv,pvInd_b
mk,2,h0502,0.0,scr2007,avaConv,pvInd_b
mk,2,h0503,0.0,scr2007,avaConv,pvInd_b
mk,2,h0504,0.0,scr2007,avaConv,pvInd_b
mk,2,h0505,0.0,scr2007,avaConv,pvInd_b
mk,2,h0506,0.0,scr2007,avaConv,pvInd_b
mk,2,h0507,0.0,scr2007,avaConv,pvInd_b
mk,2,h0508,0.0,scr2007,avaConv,pvInd_b
mk,2,h0509,0.0,scr2007,avaConv,pvInd_b
mk,2,h0510,0.0032274135263564646,scr2007,avaConv,pvInd_b
mk,2,h0511,0.06865375776017699,scr2007,avaConv,pvInd_b
mk,2,h0512,0.20533222806297516,scr2007,avaConv,pvInd_b
mk,2,h0513,0.39411720325148525,scr2007,avaConv,pvInd_b
mk,2,h0514,0.5500214362983369,scr2007,avaConv,pvInd_b
mk,2,h0515,0.6472634309426447,scr2007,avaConv,pvInd_b
mk,2,h0516,0.6884658097837095,scr2007,avaConv,pvInd_b
mk,2,h0517,0.5468189095275711,scr2007,avaConv,pvInd_b
mk,2,h0518,0.37542947421281464,scr2007,avaConv,pvInd_b
mk,2,h0519,0.183322240557855,scr2007,avaConv,pvInd_b
mk,2,h0520,0.10858709322174619,scr2007,avaConv,pvInd_b
mk,2,h0521,0.04439433471764869,scr2007,avaConv,pvInd_b
mk,2,h0522,0.010026781496877461,scr2007,avaConv,pvInd_b
mk,2,h0523,0.0,scr2007,avaConv,pvInd_b
mk,2,h0524,0.0,scr2007,avaConv,pvInd_b
mk,2,h0525,0.0,scr2007,avaConv,pvInd_b
mk,2,h0526,0.0,scr2007,avaConv,pvInd_b
mk,2,h0527,0.0,scr2007,avaConv,pvInd_b
mk,2,h0528,0.0,scr2007,avaConv,pvInd_b
mk,2,h0529,0.0,scr2007,avaConv,pvInd_b
mk,2,h0530,0.0,scr2007,avaConv,pvInd_b
mk,2,h0531,0.0,scr2007,avaConv,pvInd_b
mk,2,h0532,0.0,scr2007,avaConv,pvInd_b
mk,2,h0533,0.0,scr2007,avaConv,pvInd_b
mk,2,h0534,0.0016547048934947317,scr2007,avaConv,pvInd_b
mk,2,h0535,0.06264825791976095,scr2007,avaConv,pvInd_b
mk,2,h0536,0.19938730333758453,scr2007,avaConv,pvInd_b
mk,2,h0537,0.39399302317829243,scr2007,avaConv,pvInd_b
mk,2,h0538,0.560079377449583,scr2007,avaConv,pvInd_b
mk,2,h0539,0.6613261825577097,scr2007,avaConv,pvInd_b
mk,2,h0540,0.7023911065691443,scr2007,avaConv,pvInd_b
mk,2,h0541,0.512147578279852,scr2007,avaConv,pvInd_b
mk,2,h0542,0.29742778829973077,scr2007,avaConv,pvInd_b
mk,2,h0543,0.07835033707935968,scr2007,avaConv,pvInd_b
mk,2,h0544,0.03426966901169028,scr2007,avaConv,pvInd_b
mk,2,h0545,0.008729010980801243,scr2007,avaConv,pvInd_b
mk,2,h0546,0.0005264449584114213,scr2007,avaConv,pvInd_b
mk,2,h0547,0.0,scr2007,avaConv,pvInd_b
mk,2,h0548,0.0,scr2007,avaConv,pvInd_b
mk,2,h0549,0.0,scr2007,avaConv,pvInd_b
mk,2,h0550,0.0,scr2007,avaConv,pvInd_b
mk,2,h0551,0.0,scr2007,avaConv,pvInd_b
mk,2,h0552,0.0,scr2007,avaConv,pvInd_b
nl,2,h0481,0.0,scr2007,avaConv,pvInd_b
nl,2,h0482,0.0,scr2007,avaConv,pvInd_b
nl,2,h0483,0.0,scr2007,avaConv,pvInd_b
nl,2,h0484,0.0,scr2007,avaConv,pvInd_b
nl,2,h0485,0.0,scr2007,avaConv,pvInd_b
nl,2,h0486,0.0,scr2007,avaConv,pvInd_b
nl,2,h0487,0.00180804192482186,scr2007,avaConv,pvInd_b
nl,2,h0488,0.00990713211206842,scr2007,avaConv,pvInd_b
nl,2,h0489,0.0251947758700156,scr2007,avaConv,pvInd_b
nl,2,h0490,0.04583773955011068,scr2007,avaConv,pvInd_b
nl,2,h0491,0.06953057926518208,scr2007,avaConv,pvInd_b
nl,2,h0492,0.11591791635743261,scr2007,avaConv,pvInd_b
nl,2,h0493,0.23341942013659117,scr2007,avaConv,pvInd_b
nl,2,h0494,0.291171717586491,scr2007,avaConv,pvInd_b
nl,2,h0495,0.24398280422750318,scr2007,avaConv,pvInd_b
nl,2,h0496,0.10221317888871018,scr2007,avaConv,pvInd_b
nl,2,h0497,0.024605697694621922,scr2007,avaConv,pvInd_b
nl,2,h0498,0.006416802816634053,scr2007,avaConv,pvInd_b
nl,2,h0499,0.0035466166163203496,scr2007,avaConv,pvInd_b
nl,2,h0500,0.0005775263098550384,scr2007,avaConv,pvInd_b
nl,2,h0501,0.0,scr2007,avaConv,pvInd_b
nl,2,h0502,0.0,scr2007,avaConv,pvInd_b
nl,2,h0503,0.0,scr2007,avaConv,pvInd_b
nl,2,h0504,0.0,scr2007,avaConv,pvInd_b
nl,2,h0505,0.0,scr2007,avaConv,pvInd_b
nl,2,h0506,0.0,scr2007,avaConv,pvInd_b
nl,2,h0507,0.0,scr2007,avaConv,pvInd_b
nl,2,h0508,0.0,scr2007,avaConv,pvInd_b
nl,2,h0509,0.0,scr2007,avaConv,pvInd_b
nl,2,h0510,0.0,scr2007,avaConv,pvInd_b
nl,2,h0511,0.0,scr2007,avaConv,pvInd_b
nl,2,h0512,0.007691215556288138,scr2007,avaConv,pvInd_b
nl,2,h0513,0.03662066977088522,scr2007,avaConv,pvInd_b
nl,2,h0514,0.08852209448473763,scr2007,avaConv,pvInd_b
nl,2,h0515,0.15298484279939642,scr2007,avaConv,pvInd_b
nl,2,h0516,0.21034265274108663,scr2007,avaConv,pvInd_b
nl,2,h0517,0.3278517627017596,scr2007,avaConv,pvInd_b
nl,2,h0518,0.40060160595660804,scr2007,avaConv,pvInd_b
nl,2,h0519,0.42147485635251797,scr2007,avaConv,pvInd_b
nl,2,h0520,0.3058587149908677,scr2007,avaConv,pvInd_b
nl,2,h0521,0.17716619082554044,scr2007,avaConv,pvInd_b
nl,2,h0522,0.06869939386726558,scr2007,avaConv,pvInd_b
nl,2,h0523,0.014861839728444156,scr2007,avaConv,pvInd_b
nl,2,h0524,0.0,scr2007,avaConv,pvInd_b
nl,2,h0525,0.0,scr2007,avaConv,pvInd_b
nl,2,h0526,0.0,scr2007,avaConv,pvInd_b
nl,2,h0527,0.0,scr2007,avaConv,pvInd_b
nl,2,h0528,0.0,scr2007,avaConv,pvInd_b
nl,2,h0529,0.0,scr2007,avaConv,pvInd_b
nl,2,h0530,0.0,scr2007,avaConv,pvInd_b
nl,2,h0531,0.0,scr2007,avaConv,pvInd_b
nl,2,h0532,0.0,scr2007,avaConv,pvInd_b
nl,2,h0533,0.0,scr2007,avaConv,pvInd_b
nl,2,h0534,0.0,scr2007,avaConv,pvInd_b
nl,2,h0535,0.0,scr2007,avaConv,pvInd_b
nl,2,h0536,0.001147747502165794,scr2007,avaConv,pvInd_b
nl,2,h0537,0.004470143827429073,scr2007,avaConv,pvInd_b
nl,2,h0538,0.00808162615784936,scr2007,avaConv,pvInd_b
nl,2,h0539,0.009068168503595566,scr2007,avaConv,pvInd_b
nl,2,h0540,0.008213986585944393,scr2007,avaConv,pvInd_b
nl,2,h0541,0.17336656622796065,scr2007,avaConv,pvInd_b
nl,2,h0542,0.3126964364479496,scr2007,avaConv,pvInd_b
nl,2,h0543,0.4003951938854281,scr2007,avaConv,pvInd_b
nl,2,h0544,0.24094509812652773,scr2007,avaConv,pvInd_b
nl,2,h0545,0.1106580164739362,scr2007,avaConv,pvInd_b
nl,2,h0546,0.0359287567349339,scr2007,avaConv,pvInd_b
nl,2,h0547,0.003693762477822951,scr2007,avaConv,pvInd_b
nl,2,h0548,0.0,scr2007,avaConv,pvInd_b
nl,2,h0549,0.0,scr2007,avaConv,pvInd_b
nl,2,h0550,0.0,scr2007,avaConv,pvInd_b
nl,2,h0551,0.0,scr2007,avaConv,pvInd_b
nl,2,h0552,0.0,scr2007,avaConv,pvInd_b
no_m,2,h0481,0.0,scr2007,avaConv,pvInd_b
no_m,2,h0482,0.0,scr2007,avaConv,pvInd_b
no_m,2,h0483,0.0,scr2007,avaConv,pvInd_b
no_m,2,h0484,0.0,scr2007,avaConv,pvInd_b
no_m,2,h0485,0.0,scr2007,avaConv,pvInd_b
no_m,2,h0486,0.0,scr2007,avaConv,pvInd_b
no_m,2,h0487,0.012453759785464926,scr2007,avaConv,pvInd_b
no_m,2,h0488,0.07652563917653783,scr2007,avaConv,pvInd_b
no_m,2,h0489,0.21143613966222033,scr2007,avaConv,pvInd_b
no_m,2,h0490,0.3930392171858497,scr2007,avaConv,pvInd_b
no_m,2,h0491,0.5578053688590632,scr2007,avaConv,pvInd_b
no_m,2,h0492,0.6628071076237966,scr2007,avaConv,pvInd_b
no_m,2,h0493,0.5150632093895653,scr2007,avaConv,pvInd_b
no_m,2,h0494,0.34146337033569485,scr2007,avaConv,pvInd_b
no_m,2,h0495,0.16289292586030035,scr2007,avaConv,pvInd_b
no_m,2,h0496,0.13441167374655147,scr2007,avaConv,pvInd_b
no_m,2,h0497,0.08103046352908098,scr2007,avaConv,pvInd_b
no_m,2,h0498,0.029891427298350676,scr2007,avaConv,pvInd_b
no_m,2,h0499,0.005626676295669308,scr2007,avaConv,pvInd_b
no_m,2,h0500,0.0,scr2007,avaConv,pvInd_b
no_m,2,h0501,0.0,scr2007,avaConv,pvInd_b
no_m,2,h0502,0.0,scr2007,avaConv,pvInd_b
no_m,2,h0503,0.0,scr2007,avaConv,pvInd_b
no_m,2,h0504,0.0,scr2007,avaConv,pvInd_b
no_m,2,h0505,0.0,scr2007,avaConv,pvInd_b
no_m,2,h0506,0.0,scr2007,avaConv,pvInd_b
no_m,2,h0507,0.0,scr2007,avaConv,pvInd_b
no_m,2,h0508,0.0,scr2007,avaConv,pvInd_b
no_m,2,h0509,0.0,scr2007,avaConv,pvInd_b
no_m,2,h0510,0.0,scr2007,avaConv,pvInd_b
no_m,2,h0511,0.0,scr2007,avaConv,pvInd_b
no_m,2,h0512,0.037404286832953965,scr2007,avaConv,pvInd_b
no_m,2,h0513,0.12446830871888048,scr2007,avaConv,pvInd_b
no_m,2,h0514,0.24863647718551163,scr2007,avaConv,pvInd_b
no_m,2,h0515,0.3442670924632547,scr2007,avaConv,pvInd_b
no_m,2,h0516,0.39853042549854933,scr2007,avaConv,pvInd_b
no_m,2,h0517,0.31342661612630224,scr2007,avaConv,pvInd_b
no_m,2,h0518,0.2114183565573726,scr2007,avaConv,pvInd_b
no_m,2,h0519,0.10120885146480806,scr2007,avaConv,pvInd_b
no_m,2,h0520,0.07659942082219141,scr2007,avaConv,pvInd_b
no_m,2,h0521,0.03931765258849096,scr2007,avaConv,pvInd_b
no_m,2,h0522,0.012282496116046064,scr2007,avaConv,pvInd_b
no_m,2,h0523,0.0,scr2007,avaConv,pvInd_b
no_m,2,h0524,0.0,scr2007,avaConv,pvInd_b
no_m,2,h0525,0.0,scr2007,avaConv,pvInd_b
no_m,2,h0526,0.0,scr2007,avaConv,pvInd_b
no_m,2,h0527,0.0,scr2007,avaConv,pvInd_b
no_m,2,h0528,0.0,scr2007,avaConv,pvInd_b
no_m,2,h0529,0.0,scr2007,avaConv,pvInd_b
no_m,2,h0530,0.0,scr2007,avaConv,pvInd_b
no_m,2,h0531,0.0,scr2007,avaConv,pvInd_b
no_m,2,h0532,0.0,scr2007,avaConv,pvInd_b
no_m,2,h0533,0.0,scr2007,avaConv,pvInd_b
no_m,2,h0534,0.0,scr2007,avaConv,pvInd_b
no_m,2,h0535,0.0,scr2007,avaConv,pvInd_b
no_m,2,h0536,0.0013139871606260506,scr2007,avaConv,pvInd_b
no_m,2,h0537,0.0073983318569446855,scr2007,avaConv,pvInd_b
no_m,2,h0538,0.018336426115631056,scr2007,avaConv,pvInd_b
no_m,2,h0539,0.034601001715587464,scr2007,avaConv,pvInd_b
no_m,2,h0540,0.05691495766021886,scr2007,avaConv,pvInd_b
no_m,2,h0541,0.05016280760405046,scr2007,avaConv,pvInd_b
no_m,2,h0542,0.035663487410117455,scr2007,avaConv,pvInd_b
no_m,2,h0543,0.009630583068393981,scr2007,avaConv,pvInd_b
no_m,2,h0544,0.004770534838045263,scr2007,avaConv,pvInd_b
no_m,2,h0545,0.001197574677046782,scr2007,avaConv,pvInd_b
no_m,2,h0546,0.0,scr2007,avaConv,pvInd_b
no_m,2,h0547,0.0,scr2007,avaConv,pvInd_b
no_m,2,h0548,0.0,scr2007,avaConv,pvInd_b
no_m,2,h0549,0.0,scr2007,avaConv,pvInd_b
no_m,2,h0550,0.0,scr2007,avaConv,pvInd_b
no_m,2,h0551,0.0,scr2007,avaConv,pvInd_b
no_m,2,h0552,0.0,scr2007,avaConv,pvInd_b
no_n,2,h0481,0.0,scr2007,avaConv,pvInd_b
no_n,2,h0482,0.0,scr2007,avaConv,pvInd_b
no_n,2,h0483,0.0,scr2007,avaConv,pvInd_b
no_n,2,h0484,0.0,scr2007,avaConv,pvInd_b
no_n,2,h0485,0.0,scr2007,avaConv,pvInd_b
no_n,2,h0486,0.0,scr2007,avaConv,pvInd_b
no_n,2,h0487,0.008059876990797826,scr2007,avaConv,pvInd_b
no_n,2,h0488,0.034291527360431534,scr2007,avaConv,pvInd_b
no_n,2,h0489,0.08402055081638303,scr2007,avaConv,pvInd_b
no_n,2,h0490,0.13730603629405871,scr2007,avaConv,pvInd_b
no_n,2,h0491,0.17863542348325936,scr2007,avaConv,pvInd_b
no_n,2,h0492,0.1953958449238007,scr2007,avaConv,pvInd_b
no_n,2,h0493,0.14939915282159308,scr2007,avaConv,pvInd_b
no_n,2,h0494,0.09055576330456351,scr2007,avaConv,pvInd_b
no_n,2,h0495,0.03823639544908626,scr2007,avaConv,pvInd_b
no_n,2,h0496,0.020551038921918643,scr2007,avaConv,pvInd_b
no_n,2,h0497,0.009446020065631578,scr2007,avaConv,pvInd_b
no_n,2,h0498,0.002846813765724905,scr2007,avaConv,pvInd_b
no_n,2,h0499,0.0003746458366961428,scr2007,avaConv,pvInd_b
no_n,2,h0500,0.0,scr2007,avaConv,pvInd_b
no_n,2,h0501,0.0,scr2007,avaConv,pvInd_b
no_n,2,h0502,0.0,scr2007,avaConv,pvInd_b
no_n,2,h0503,0.0,scr2007,avaConv,pvInd_b
no_n,2,h0504,0.0,scr2007,avaConv,pvInd_b
no_n,2,h0505,0.0,scr2007,avaConv,pvInd_b
no_n,2,h0506,0.0,scr2007,avaConv,pvInd_b
no_n,2,h0507,0.0,scr2007,avaConv,pvInd_b
no_n,2,h0508,0.0,scr2007,avaConv,pvInd_b
no_n,2,h0509,0.0,scr2007,avaConv,pvInd_b
no_n,2,h0510,0.0,scr2007,avaConv,pvInd_b
no_n,2,h0511,0.0024891569696687123,scr2007,avaConv,pvInd_b
no_n,2,h0512,0.022192017552020486,scr2007,avaConv,pvInd_b
no_n,2,h0513,0.07242582738319002,scr2007,avaConv,pvInd_b
no_n,2,h0514,0.1499605824355031,scr2007,avaConv,pvInd_b
no_n,2,h0515,0.22391035741483784,scr2007,avaConv,pvInd_b
no_n,2,h0516,0.2702749090467585,scr2007,avaConv,pvInd_b
no_n,2,h0517,0.18556266832581675,scr2007,avaConv,pvInd_b
no_n,2,h0518,0.09446938246142864,scr2007,avaConv,pvInd_b
no_n,2,h0519,0.020477722141906705,scr2007,avaConv,pvInd_b
no_n,2,h0520,0.013552880673227222,scr2007,avaConv,pvInd_b
no_n,2,h0521,0.005985969679307765,scr2007,avaConv,pvInd_b
no_n,2,h0522,0.0009691343296136028,scr2007,avaConv,pvInd_b
no_n,2,h0523,0.0,scr2007,avaConv,pvInd_b
no_n,2,h0524,0.0,scr2007,avaConv,pvInd_b
no_n,2,h0525,0.0,scr2007,avaConv,pvInd_b
no_n,2,h0526,0.0,scr2007,avaConv,pvInd_b
no_n,2,h0527,0.0,scr2007,avaConv,pvInd_b
no_n,2,h0528,0.0,scr2007,avaConv,pvInd_b
no_n,2,h0529,0.0,scr2007,avaConv,pvInd_b
no_n,2,h0530,0.0,scr2007,avaConv,pvInd_b
no_n,2,h0531,0.0,scr2007,avaConv,pvInd_b
no_n,2,h0532,0.0,scr2007,avaConv,pvInd_b
no_n,2,h0533,0.0,scr2007,avaConv,pvInd_b
no_n,2,h0534,0.0,scr2007,avaConv,pvInd_b
no_n,2,h0535,0.0,scr2007,avaConv,pvInd_b
no_n,2,h0536,0.00021775987704292192,scr2007,avaConv,pvInd_b
no_n,2,h0537,0.0032657823442042403,scr2007,avaConv,pvInd_b
no_n,2,h0538,0.010857396571980945,scr2007,avaConv,pvInd_b
no_n,2,h0539,0.021412739315302336,scr2007,avaConv,pvInd_b
no_n,2,h0540,0.030328582576085988,scr2007,avaConv,pvInd_b
no_n,2,h0541,0.020699986537238473,scr2007,avaConv,pvInd_b
no_n,2,h0542,0.009688920728544924,scr2007,avaConv,pvInd_b
no_n,2,h0543,0.00027575813057509487,scr2007,avaConv,pvInd_b
no_n,2,h0544,0.0,scr2007,avaConv,pvInd_b
no_n,2,h0545,0.0,scr2007,avaConv,pvInd_b
no_n,2,h0546,0.0,scr2007,avaConv,pvInd_b
no_n,2,h0547,0.0,scr2007,avaConv,pvInd_b
no_n,2,h0548,0.0,scr2007,avaConv,pvInd_b
no_n,2,h0549,0.0,scr2007,avaConv,pvInd_b
no_n,2,h0550,0.0,scr2007,avaConv,pvInd_b
no_n,2,h0551,0.0,scr2007,avaConv,pvInd_b
no_n,2,h0552,0.0,scr2007,avaConv,pvInd_b
no_s,2,h0481,0.0,scr2007,avaConv,pvInd_b
no_s,2,h0482,0.0,scr2007,avaConv,pvInd_b
no_s,2,h0483,0.0,scr2007,avaConv,pvInd_b
no_s,2,h0484,0.0,scr2007,avaConv,pvInd_b
no_s,2,h0485,0.0,scr2007,avaConv,pvInd_b
no_s,2,h0486,0.0,scr2007,avaConv,pvInd_b
no_s,2,h0487,0.007899692571164945,scr2007,avaConv,pvInd_b
no_s,2,h0488,0.05901535180910377,scr2007,avaConv,pvInd_b
no_s,2,h0489,0.17730979559330137,scr2007,avaConv,pvInd_b
no_s,2,h0490,0.3311588086440679,scr2007,avaConv,pvInd_b
no_s,2,h0491,0.4425473480793373,scr2007,avaConv,pvInd_b
no_s,2,h0492,0.4712469830748077,scr2007,avaConv,pvInd_b
no_s,2,h0493,0.344535493847981,scr2007,avaConv,pvInd_b
no_s,2,h0494,0.20941060851974358,scr2007,avaConv,pvInd_b
no_s,2,h0495,0.09113091509069449,scr2007,avaConv,pvInd_b
no_s,2,h0496,0.06065087922908521,scr2007,avaConv,pvInd_b
no_s,2,h0497,0.03093800677288948,scr2007,avaConv,pvInd_b
no_s,2,h0498,0.011120251755250263,scr2007,avaConv,pvInd_b
no_s,2,h0499,0.0018495958672639014,scr2007,avaConv,pvInd_b
no_s,2,h0500,0.0,scr2007,avaConv,pvInd_b
no_s,2,h0501,0.0,scr2007,avaConv,pvInd_b
no_s,2,h0502,0.0,scr2007,avaConv,pvInd_b
no_s,2,h0503,0.0,scr2007,avaConv,pvInd_b
no_s,2,h0504,0.0,scr2007,avaConv,pvInd_b
no_s,2,h0505,0.0,scr2007,avaConv,pvInd_b
no_s,2,h0506,0.0,scr2007,avaConv,pvInd_b
no_s,2,h0507,0.0,scr2007,avaConv,pvInd_b
no_s,2,h0508,0.0,scr2007,avaConv,pvInd_b
no_s,2,h0509,0.0,scr2007,avaConv,pvInd_b
no_s,2,h0510,0.0,scr2007,avaConv,pvInd_b
no_s,2,h0511,0.0,scr2007,avaConv,pvInd_b
no_s,2,h0512,0.004568893280028755,scr2007,avaConv,pvInd_b
no_s,2,h0513,0.02026657051302094,scr2007,avaConv,pvInd_b
no_s,2,h0514,0.050492808920986454,scr2007,avaConv,pvInd_b
no_s,2,h0515,0.08340774596144718,scr2007,avaConv,pvInd_b
no_s,2,h0516,0.10737739539332618,scr2007,avaConv,pvInd_b
no_s,2,h0517,0.21359391168707179,scr2007,avaConv,pvInd_b
no_s,2,h0518,0.28564923725983526,scr2007,avaConv,pvInd_b
no_s,2,h0519,0.31780904246935193,scr2007,avaConv,pvInd_b
no_s,2,h0520,0.2051779167680946,scr2007,avaConv,pvInd_b
no_s,2,h0521,0.10070271958803476,scr2007,avaConv,pvInd_b
no_s,2,h0522,0.03291579727246533,scr2007,avaConv,pvInd_b
no_s,2,h0523,0.004173814389904452,scr2007,avaConv,pvInd_b
no_s,2,h0524,0.0,scr2007,avaConv,pvInd_b
no_s,2,h0525,0.0,scr2007,avaConv,pvInd_b
no_s,2,h0526,0.0,scr2007,avaConv,pvInd_b
no_s,2,h0527,0.0,scr2007,avaConv,pvInd_b
no_s,2,h0528,0.0,scr2007,avaConv,pvInd_b
no_s,2,h0529,0.0,scr2007,avaConv,pvInd_b
no_s,2,h0530,0.0,scr2007,avaConv,pvInd_b
no_s,2,h0531,0.0,scr2007,avaConv,pvInd_b
no_s,2,h0532,0.0,scr2007,avaConv,pvInd_b
no_s,2,h0533,0.0,scr2007,avaConv,pvInd_b
no_s,2,h0534,0.0,scr2007,avaConv,pvInd_b
no_s,2,h0535,0.0,scr2007,avaConv,pvInd_b
no_s,2,h0536,0.019927622389383316,scr2007,avaConv,pvInd_b
no_s,2,h0537,0.09186001913580759,scr2007,avaConv,pvInd_b
no_s,2,h0538,0.22335400861212149,scr2007,avaConv,pvInd_b
no_s,2,h0539,0.3558293159871033,scr2007,avaConv,pvInd_b
no_s,2,h0540,0.44196155761846373,scr2007,avaConv,pvInd_b
no_s,2,h0541,0.36538643247942004,scr2007,avaConv,pvInd_b
no_s,2,h0542,0.2641351531817747,scr2007,avaConv,pvInd_b
no_s,2,h0543,0.14280947107353228,scr2007,avaConv,pvInd_b
no_s,2,h0544,0.09771329060104615,scr2007,avaConv,pvInd_b
no_s,2,h0545,0.04147075589709928,scr2007,avaConv,pvInd_b
no_s,2,h0546,0.009878507095396382,scr2007,avaConv,pvInd_b
no_s,2,h0547,0.0,scr2007,avaConv,pvInd_b
no_s,2,h0548,0.0,scr2007,avaConv,pvInd_b
no_s,2,h0549,0.0,scr2007,avaConv,pvInd_b
no_s,2,h0550,0.0,scr2007,avaConv,pvInd_b
no_s,2,h0551,0.0,scr2007,avaConv,pvInd_b
no_s,2,h0552,0.0,scr2007,avaConv,pvInd_b
pl,2,h0481,0.0,scr2007,avaConv,pvInd_b
pl,2,h0482,0.0,scr2007,avaConv,pvInd_b
pl,2,h0483,0.0,scr2007,avaConv,pvInd_b
pl,2,h0484,0.0,scr2007,avaConv,pvInd_b
pl,2,h0485,0.0,scr2007,avaConv,pvInd_b
pl,2,h0486,0.0013721940826541684,scr2007,avaConv,pvInd_b
pl,2,h0487,0.02619398270381399,scr2007,avaConv,pvInd_b
pl,2,h0488,0.10841672524461747,scr2007,avaConv,pvInd_b
pl,2,h0489,0.2668458903728992,scr2007,avaConv,pvInd_b
pl,2,h0490,0.4560726524444378,scr2007,avaConv,pvInd_b
pl,2,h0491,0.6236918091301878,scr2007,avaConv,pvInd_b
pl,2,h0492,0.7250185606989473,scr2007,avaConv,pvInd_b
pl,2,h0493,0.7590530184323498,scr2007,avaConv,pvInd_b
pl,2,h0494,0.7077011534394676,scr2007,avaConv,pvInd_b
pl,2,h0495,0.5810297567163353,scr2007,avaConv,pvInd_b
pl,2,h0496,0.38469150637109195,scr2007,avaConv,pvInd_b
pl,2,h0497,0.18438176417101304,scr2007,avaConv,pvInd_b
pl,2,h0498,0.055018957295719005,scr2007,avaConv,pvInd_b
pl,2,h0499,0.005841386801374329,scr2007,avaConv,pvInd_b
pl,2,h0500,0.0,scr2007,avaConv,pvInd_b
pl,2,h0501,0.0,scr2007,avaConv,pvInd_b
pl,2,h0502,0.0,scr2007,avaConv,pvInd_b
pl,2,h0503,0.0,scr2007,avaConv,pvInd_b
pl,2,h0504,0.0,scr2007,avaConv,pvInd_b
pl,2,h0505,0.0,scr2007,avaConv,pvInd_b
pl,2,h0506,0.0,scr2007,avaConv,pvInd_b
pl,2,h0507,0.0,scr2007,avaConv,pvInd_b
pl,2,h0508,0.0,scr2007,avaConv,pvInd_b
pl,2,h0509,0.0,scr2007,avaConv,pvInd_b
pl,2,h0510,0.00017704895004544882,scr2007,avaConv,pvInd_b
pl,2,h0511,0.008486081214820352,scr2007,avaConv,pvInd_b
pl,2,h0512,0.04020578953121351,scr2007,avaConv,pvInd_b
pl,2,h0513,0.10490643652281395,scr2007,avaConv,pvInd_b
pl,2,h0514,0.18795443632189981,scr2007,avaConv,pvInd_b
pl,2,h0515,0.26565304973217124,scr2007,avaConv,pvInd_b
pl,2,h0516,0.31813789123227065,scr2007,avaConv,pvInd_b
pl,2,h0517,0.2964374590898009,scr2007,avaConv,pvInd_b
pl,2,h0518,0.2297388415043258,scr2007,avaConv,pvInd_b
pl,2,h0519,0.14209015085064727,scr2007,avaConv,pvInd_b
pl,2,h0520,0.07735654338146894,scr2007,avaConv,pvInd_b
pl,2,h0521,0.029698234815918635,scr2007,avaConv,pvInd_b
pl,2,h0522,0.005747566331441828,scr2007,avaConv,pvInd_b
pl,2,h0523,0.0,scr2007,avaConv,pvInd_b
pl,2,h0524,0.0,scr2007,avaConv,pvInd_b
pl,2,h0525,0.0,scr2007,avaConv,pvInd_b
pl,2,h0526,0.0,scr2007,avaConv,pvInd_b
pl,2,h0527,0.0,scr2007,avaConv,pvInd_b
pl,2,h0528,0.0,scr2007,avaConv,pvInd_b
pl,2,h0529,0.0,scr2007,avaConv,pvInd_b
pl,2,h0530,0.0,scr2007,avaConv,pvInd_b
pl,2,h0531,0.0,scr2007,avaConv,pvInd_b
pl,2,h0532,0.0,scr2007,avaConv,pvInd_b
pl,2,h0533,0.0,scr2007,avaConv,pvInd_b
pl,2,h0534,0.0,scr2007,avaConv,pvInd_b
pl,2,h0535,0.010895619762805247,scr2007,avaConv,pvInd_b
pl,2,h0536,0.06203380173957896,scr2007,avaConv,pvInd_b
pl,2,h0537,0.17844142510864364,scr2007,avaConv,pvInd_b
pl,2,h0538,0.3420763359663391,scr2007,avaConv,pvInd_b
pl,2,h0539,0.4995992429305754,scr2007,avaConv,pvInd_b
pl,2,h0540,0.6029292666591654,scr2007,avaConv,pvInd_b
pl,2,h0541,0.47916014803822254,scr2007,avaConv,pvInd_b
pl,2,h0542,0.3082100803068065,scr2007,avaConv,pvInd_b
pl,2,h0543,0.1318238610004007,scr2007,avaConv,pvInd_b
pl,2,h0544,0.07298908856541104,scr2007,avaConv,pvInd_b
pl,2,h0545,0.02727596191614327,scr2007,avaConv,pvInd_b
pl,2,h0546,0.004610571676351933,scr2007,avaConv,pvInd_b
pl,2,h0547,0.0,scr2007,avaConv,pvInd_b
pl,2,h0548,0.0,scr2007,avaConv,pvInd_b
pl,2,h0549,0.0,scr2007,avaConv,pvInd_b
pl,2,h0550,0.0,scr2007,avaConv,pvInd_b
pl,2,h0551,0.0,scr2007,avaConv,pvInd_b
pl,2,h0552,0.0,scr2007,avaConv,pvInd_b
pt,2,h0481,0.0,scr2007,avaConv,pvInd_b
pt,2,h0482,0.0,scr2007,avaConv,pvInd_b
pt,2,h0483,0.0,scr2007,avaConv,pvInd_b
pt,2,h0484,0.0,scr2007,avaConv,pvInd_b
pt,2,h0485,0.0,scr2007,avaConv,pvInd_b
pt,2,h0486,0.0,scr2007,avaConv,pvInd_b
pt,2,h0487,0.0,scr2007,avaConv,pvInd_b
pt,2,h0488,0.005017345359860064,scr2007,avaConv,pvInd_b
pt,2,h0489,0.037003566654463076,scr2007,avaConv,pvInd_b
pt,2,h0490,0.10724026611364759,scr2007,avaConv,pvInd_b
pt,2,h0491,0.19269707418096726,scr2007,avaConv,pvInd_b
pt,2,h0492,0.263985026061671,scr2007,avaConv,pvInd_b
pt,2,h0493,0.43429358262922335,scr2007,avaConv,pvInd_b
pt,2,h0494,0.5892962736527317,scr2007,avaConv,pvInd_b
pt,2,h0495,0.7051425594176057,scr2007,avaConv,pvInd_b
pt,2,h0496,0.6338570408740335,scr2007,avaConv,pvInd_b
pt,2,h0497,0.5105188235379565,scr2007,avaConv,pvInd_b
pt,2,h0498,0.3403625812775595,scr2007,avaConv,pvInd_b
pt,2,h0499,0.15984477698042696,scr2007,avaConv,pvInd_b
pt,2,h0500,0.044785618201710425,scr2007,avaConv,pvInd_b
pt,2,h0501,0.0025761659116093883,scr2007,avaConv,pvInd_b
pt,2,h0502,0.0,scr2007,avaConv,pvInd_b
pt,2,h0503,0.0,scr2007,avaConv,pvInd_b
pt,2,h0504,0.0,scr2007,avaConv,pvInd_b
pt,2,h0505,0.0,scr2007,avaConv,pvInd_b
pt,2,h0506,0.0,scr2007,avaConv,pvInd_b
pt,2,h0507,0.0,scr2007,avaConv,pvInd_b
pt,2,h0508,0.0,scr2007,avaConv,pvInd_b
pt,2,h0509,0.0,scr2007,avaConv,pvInd_b
pt,2,h0510,0.0,scr2007,avaConv,pvInd_b
pt,2,h0511,0.0,scr2007,avaConv,pvInd_b
pt,2,h0512,0.004298427648518891,scr2007,avaConv,pvInd_b
pt,2,h0513,0.04070268088622566,scr2007,avaConv,pvInd_b
pt,2,h0514,0.14005914983552517,scr2007,avaConv,pvInd_b
pt,2,h0515,0.30393129886429543,scr2007,avaConv,pvInd_b
pt,2,h0516,0.4709941295386465,scr2007,avaConv,pvInd_b
pt,2,h0517,0.5969946711942953,scr2007,avaConv,pvInd_b
pt,2,h0518,0.6596048921595832,scr2007,avaConv,pvInd_b
pt,2,h0519,0.654674764282011,scr2007,avaConv,pvInd_b
pt,2,h0520,0.5832087915887447,scr2007,avaConv,pvInd_b
pt,2,h0521,0.4512007330306369,scr2007,avaConv,pvInd_b
pt,2,h0522,0.2796505635233334,scr2007,avaConv,pvInd_b
pt,2,h0523,0.1182933256962912,scr2007,avaConv,pvInd_b
pt,2,h0524,0.0263314916167855,scr2007,avaConv,pvInd_b
pt,2,h0525,0.0,scr2007,avaConv,pvInd_b
pt,2,h0526,0.0,scr2007,avaConv,pvInd_b
pt,2,h0527,0.0,scr2007,avaConv,pvInd_b
pt,2,h0528,0.0,scr2007,avaConv,pvInd_b
pt,2,h0529,0.0,scr2007,avaConv,pvInd_b
pt,2,h0530,0.0,scr2007,avaConv,pvInd_b
pt,2,h0531,0.0,scr2007,avaConv,pvInd_b
pt,2,h0532,0.0,scr2007,avaConv,pvInd_b
pt,2,h0533,0.0,scr2007,avaConv,pvInd_b
pt,2,h0534,0.0,scr2007,avaConv,pvInd_b
pt,2,h0535,0.0,scr2007,avaConv,pvInd_b
pt,2,h0536,0.001441979942869384,scr2007,avaConv,pvInd_b
pt,2,h0537,0.04653545859119205,scr2007,avaConv,pvInd_b
pt,2,h0538,0.16689637336054391,scr2007,avaConv,pvInd_b
pt,2,h0539,0.35406287364758576,scr2007,avaConv,pvInd_b
pt,2,h0540,0.523187433781775,scr2007,avaConv,pvInd_b
pt,2,h0541,0.633995258260498,scr2007,avaConv,pvInd_b
pt,2,h0542,0.680832004833408,scr2007,avaConv,pvInd_b
pt,2,h0543,0.6567928887142452,scr2007,avaConv,pvInd_b
pt,2,h0544,0.5648004470270317,scr2007,avaConv,pvInd_b
pt,2,h0545,0.4158342651478665,scr2007,avaConv,pvInd_b
pt,2,h0546,0.23871782892713178,scr2007,avaConv,pvInd_b
pt,2,h0547,0.09276916222179038,scr2007,avaConv,pvInd_b
pt,2,h0548,0.018198589760701902,scr2007,avaConv,pvInd_b
pt,2,h0549,0.0,scr2007,avaConv,pvInd_b
pt,2,h0550,0.0,scr2007,avaConv,pvInd_b
pt,2,h0551,0.0,scr2007,avaConv,pvInd_b
pt,2,h0552,0.0,scr2007,avaConv,pvInd_b
ro,2,h0481,0.0,scr2007,avaConv,pvInd_b
ro,2,h0482,0.0,scr2007,avaConv,pvInd_b
ro,2,h0483,0.0,scr2007,avaConv,pvInd_b
ro,2,h0484,0.0,scr2007,avaConv,pvInd_b
ro,2,h0485,0.0,scr2007,avaConv,pvInd_b
ro,2,h0486,0.010122703202523514,scr2007,avaConv,pvInd_b
ro,2,h0487,0.034562276853066384,scr2007,avaConv,pvInd_b
ro,2,h0488,0.09395805361572857,scr2007,avaConv,pvInd_b
ro,2,h0489,0.16738595316978205,scr2007,avaConv,pvInd_b
ro,2,h0490,0.25505820225437914,scr2007,avaConv,pvInd_b
ro,2,h0491,0.31931014317731143,scr2007,avaConv,pvInd_b
ro,2,h0492,0.355223883280485,scr2007,avaConv,pvInd_b
ro,2,h0493,0.47285142516095846,scr2007,avaConv,pvInd_b
ro,2,h0494,0.5311923320482356,scr2007,avaConv,pvInd_b
ro,2,h0495,0.513242701970616,scr2007,avaConv,pvInd_b
ro,2,h0496,0.3090970296339333,scr2007,avaConv,pvInd_b
ro,2,h0497,0.12558845640545818,scr2007,avaConv,pvInd_b
ro,2,h0498,0.0277783622877181,scr2007,avaConv,pvInd_b
ro,2,h0499,0.0004506984020425285,scr2007,avaConv,pvInd_b
ro,2,h0500,0.0,scr2007,avaConv,pvInd_b
ro,2,h0501,0.0,scr2007,avaConv,pvInd_b
ro,2,h0502,0.0,scr2007,avaConv,pvInd_b
ro,2,h0503,0.0,scr2007,avaConv,pvInd_b
ro,2,h0504,0.0,scr2007,avaConv,pvInd_b
ro,2,h0505,0.0,scr2007,avaConv,pvInd_b
ro,2,h0506,0.0,scr2007,avaConv,pvInd_b
ro,2,h0507,0.0,scr2007,avaConv,pvInd_b
ro,2,h0508,0.0,scr2007,avaConv,pvInd_b
ro,2,h0509,0.0,scr2007,avaConv,pvInd_b
ro,2,h0510,0.004645112371129751,scr2007,avaConv,pvInd_b
ro,2,h0511,0.0541063014581699,scr2007,avaConv,pvInd_b
ro,2,h0512,0.17834109764357386,scr2007,avaConv,pvInd_b
ro,2,h0513,0.3631873808522681,scr2007,avaConv,pvInd_b
ro,2,h0514,0.5280028565720831,scr2007,avaConv,pvInd_b
ro,2,h0515,0.6298544645329615,scr2007,avaConv,pvInd_b
ro,2,h0516,0.6636754958153808,scr2007,avaConv,pvInd_b
ro,2,h0517,0.5029876771882494,scr2007,avaConv,pvInd_b
ro,2,h0518,0.3218267425408395,scr2007,avaConv,pvInd_b
ro,2,h0519,0.14829249822658383,scr2007,avaConv,pvInd_b
ro,2,h0520,0.08532714436818069,scr2007,avaConv,pvInd_b
ro,2,h0521,0.03399247273002674,scr2007,avaConv,pvInd_b
ro,2,h0522,0.0068713405469122135,scr2007,avaConv,pvInd_b
ro,2,h0523,0.0,scr2007,avaConv,pvInd_b
ro,2,h0524,0.0,scr2007,avaConv,pvInd_b
ro,2,h0525,0.0,scr2007,avaConv,pvInd_b
ro,2,h0526,0.0,scr2007,avaConv,pvInd_b
ro,2,h0527,0.0,scr2007,avaConv,pvInd_b
ro,2,h0528,0.0,scr2007,avaConv,pvInd_b
ro,2,h0529,0.0,scr2007,avaConv,pvInd_b
ro,2,h0530,0.0,scr2007,avaConv,pvInd_b
ro,2,h0531,0.0,scr2007,avaConv,pvInd_b
ro,2,h0532,0.0,scr2007,avaConv,pvInd_b
ro,2,h0533,0.0,scr2007,avaConv,pvInd_b
ro,2,h0534,0.0017045782433675715,scr2007,avaConv,pvInd_b
ro,2,h0535,0.04798270593973507,scr2007,avaConv,pvInd_b
ro,2,h0536,0.18195999318852393,scr2007,avaConv,pvInd_b
ro,2,h0537,0.3997191017444351,scr2007,avaConv,pvInd_b
ro,2,h0538,0.6008823892843747,scr2007,avaConv,pvInd_b
ro,2,h0539,0.727011198630022,scr2007,avaConv,pvInd_b
ro,2,h0540,0.7718202327725309,scr2007,avaConv,pvInd_b
ro,2,h0541,0.5469963398898738,scr2007,avaConv,pvInd_b
ro,2,h0542,0.3103537620933272,scr2007,avaConv,pvInd_b
ro,2,h0543,0.09330697906951908,scr2007,avaConv,pvInd_b
ro,2,h0544,0.04201537797394864,scr2007,avaConv,pvInd_b
ro,2,h0545,0.010672491754309931,scr2007,avaConv,pvInd_b
ro,2,h0546,0.0006050447883050557,scr2007,avaConv,pvInd_b
ro,2,h0547,0.0,scr2007,avaConv,pvInd_b
ro,2,h0548,0.0,scr2007,avaConv,pvInd_b
ro,2,h0549,0.0,scr2007,avaConv,pvInd_b
ro,2,h0550,0.0,scr2007,avaConv,pvInd_b
ro,2,h0551,0.0,scr2007,avaConv,pvInd_b
ro,2,h0552,0.0,scr2007,avaConv,pvInd_b
rs,2,h0481,0.0,scr2007,avaConv,pvInd_b
rs,2,h0482,0.0,scr2007,avaConv,pvInd_b
rs,2,h0483,0.0,scr2007,avaConv,pvInd_b
rs,2,h0484,0.0,scr2007,avaConv,pvInd_b
rs,2,h0485,0.0,scr2007,avaConv,pvInd_b
rs,2,h0486,0.012681853432141793,scr2007,avaConv,pvInd_b
rs,2,h0487,0.04319399760851316,scr2007,avaConv,pvInd_b
rs,2,h0488,0.10785000738845718,scr2007,avaConv,pvInd_b
rs,2,h0489,0.18644749578613376,scr2007,avaConv,pvInd_b
rs,2,h0490,0.2617027829319631,scr2007,avaConv,pvInd_b
rs,2,h0491,0.3117183687159244,scr2007,avaConv,pvInd_b
rs,2,h0492,0.338672283280952,scr2007,avaConv,pvInd_b
rs,2,h0493,0.44901265193355494,scr2007,avaConv,pvInd_b
rs,2,h0494,0.5100594170688322,scr2007,avaConv,pvInd_b
rs,2,h0495,0.5115205330526964,scr2007,avaConv,pvInd_b
rs,2,h0496,0.3504163937669781,scr2007,avaConv,pvInd_b
rs,2,h0497,0.18145649942018455,scr2007,avaConv,pvInd_b
rs,2,h0498,0.06187546577267492,scr2007,avaConv,pvInd_b
rs,2,h0499,0.006992491807535668,scr2007,avaConv,pvInd_b
rs,2,h0500,0.0,scr2007,avaConv,pvInd_b
rs,2,h0501,0.0,scr2007,avaConv,pvInd_b
rs,2,h0502,0.0,scr2007,avaConv,pvInd_b
rs,2,h0503,0.0,scr2007,avaConv,pvInd_b
rs,2,h0504,0.0,scr2007,avaConv,pvInd_b
rs,2,h0505,0.0,scr2007,avaConv,pvInd_b
rs,2,h0506,0.0,scr2007,avaConv,pvInd_b
rs,2,h0507,0.0,scr2007,avaConv,pvInd_b
rs,2,h0508,0.0,scr2007,avaConv,pvInd_b
rs,2,h0509,0.0,scr2007,avaConv,pvInd_b
rs,2,h0510,0.0010148773419938722,scr2007,avaConv,pvInd_b
rs,2,h0511,0.05856606993570577,scr2007,avaConv,pvInd_b
rs,2,h0512,0.1805196860826097,scr2007,avaConv,pvInd_b
rs,2,h0513,0.3535040598634267,scr2007,avaConv,pvInd_b
rs,2,h0514,0.5026094636219194,scr2007,avaConv,pvInd_b
rs,2,h0515,0.5999682755665734,scr2007,avaConv,pvInd_b
rs,2,h0516,0.6441048550548731,scr2007,avaConv,pvInd_b
rs,2,h0517,0.5275408395920672,scr2007,avaConv,pvInd_b
rs,2,h0518,0.37943019359717883,scr2007,avaConv,pvInd_b
rs,2,h0519,0.20631802974542446,scr2007,avaConv,pvInd_b
rs,2,h0520,0.13061285705941686,scr2007,avaConv,pvInd_b
rs,2,h0521,0.05839039655553762,scr2007,avaConv,pvInd_b
rs,2,h0522,0.016340171800613108,scr2007,avaConv,pvInd_b
rs,2,h0523,0.0,scr2007,avaConv,pvInd_b
rs,2,h0524,0.0,scr2007,avaConv,pvInd_b
rs,2,h0525,0.0,scr2007,avaConv,pvInd_b
rs,2,h0526,0.0,scr2007,avaConv,pvInd_b
rs,2,h0527,0.0,scr2007,avaConv,pvInd_b
rs,2,h0528,0.0,scr2007,avaConv,pvInd_b
rs,2,h0529,0.0,scr2007,avaConv,pvInd_b
rs,2,h0530,0.0,scr2007,avaConv,pvInd_b
rs,2,h0531,0.0,scr2007,avaConv,pvInd_b
rs,2,h0532,0.0,scr2007,avaConv,pvInd_b
rs,2,h0533,0.0,scr2007,avaConv,pvInd_b
rs,2,h0534,0.0,scr2007,avaConv,pvInd_b
rs,2,h0535,0.055656376902387894,scr2007,avaConv,pvInd_b
rs,2,h0536,0.1864687373447174,scr2007,avaConv,pvInd_b
rs,2,h0537,0.37592951065031743,scr2007,avaConv,pvInd_b
rs,2,h0538,0.5444596643177133,scr2007,avaConv,pvInd_b
rs,2,h0539,0.6486641333545196,scr2007,avaConv,pvInd_b
rs,2,h0540,0.6927509167384588,scr2007,avaConv,pvInd_b
rs,2,h0541,0.5196561705890548,scr2007,avaConv,pvInd_b
rs,2,h0542,0.3181998086643523,scr2007,avaConv,pvInd_b
rs,2,h0543,0.10689242090539086,scr2007,avaConv,pvInd_b
rs,2,h0544,0.056745456388800374,scr2007,avaConv,pvInd_b
rs,2,h0545,0.02178944758542939,scr2007,avaConv,pvInd_b
rs,2,h0546,0.004262036796150097,scr2007,avaConv,pvInd_b
rs,2,h0547,0.0,scr2007,avaConv,pvInd_b
rs,2,h0548,0.0,scr2007,avaConv,pvInd_b
rs,2,h0549,0.0,scr2007,avaConv,pvInd_b
rs,2,h0550,0.0,scr2007,avaConv,pvInd_b
rs,2,h0551,0.0,scr2007,avaConv,pvInd_b
rs,2,h0552,0.0,scr2007,avaConv,pvInd_b
se_1,2,h0481,0.0,scr2007,avaConv,pvInd_b
se_1,2,h0482,0.0,scr2007,avaConv,pvInd_b
se_1,2,h0483,0.0,scr2007,avaConv,pvInd_b
se_1,2,h0484,0.0,scr2007,avaConv,pvInd_b
se_1,2,h0485,0.0,scr2007,avaConv,pvInd_b
se_1,2,h0486,0.00385194486360125,scr2007,avaConv,pvInd_b
se_1,2,h0487,0.010816796352395587,scr2007,avaConv,pvInd_b
se_1,2,h0488,0.028472168862242055,scr2007,avaConv,pvInd_b
se_1,2,h0489,0.05401955011389269,scr2007,avaConv,pvInd_b
se_1,2,h0490,0.08708968066471291,scr2007,avaConv,pvInd_b
se_1,2,h0491,0.11652241671511937,scr2007,avaConv,pvInd_b
se_1,2,h0492,0.13018203050016647,scr2007,avaConv,pvInd_b
se_1,2,h0493,0.11957163872697024,scr2007,avaConv,pvInd_b
se_1,2,h0494,0.09424628848728056,scr2007,avaConv,pvInd_b
se_1,2,h0495,0.060642627681195285,scr2007,avaConv,pvInd_b
se_1,2,h0496,0.03318815637935824,scr2007,avaConv,pvInd_b
se_1,2,h0497,0.011455010064259901,scr2007,avaConv,pvInd_b
se_1,2,h0498,0.001986647872746974,scr2007,avaConv,pvInd_b
se_1,2,h0499,0.0,scr2007,avaConv,pvInd_b
se_1,2,h0500,0.0,scr2007,avaConv,pvInd_b
se_1,2,h0501,0.0,scr2007,avaConv,pvInd_b
se_1,2,h0502,0.0,scr2007,avaConv,pvInd_b
se_1,2,h0503,0.0,scr2007,avaConv,pvInd_b
se_1,2,h0504,0.0,scr2007,avaConv,pvInd_b
se_1,2,h0505,0.0,scr2007,avaConv,pvInd_b
se_1,2,h0506,0.0,scr2007,avaConv,pvInd_b
se_1,2,h0507,0.0,scr2007,avaConv,pvInd_b
se_1,2,h0508,0.0,scr2007,avaConv,pvInd_b
se_1,2,h0509,0.0,scr2007,avaConv,pvInd_b
se_1,2,h0510,0.0,scr2007,avaConv,pvInd_b
se_1,2,h0511,0.02974975139355861,scr2007,avaConv,pvInd_b
se_1,2,h0512,0.11316071915808985,scr2007,avaConv,pvInd_b
se_1,2,h0513,0.23568970179540494,scr2007,avaConv,pvInd_b
se_1,2,h0514,0.35748567970305706,scr2007,avaConv,pvInd_b
se_1,2,h0515,0.4520115868421362,scr2007,avaConv,pvInd_b
se_1,2,h0516,0.5094445296861747,scr2007,avaConv,pvInd_b
se_1,2,h0517,0.3617246648040717,scr2007,avaConv,pvInd_b
se_1,2,h0518,0.18703655477942513,scr2007,avaConv,pvInd_b
se_1,2,h0519,0.01037384532179755,scr2007,avaConv,pvInd_b
se_1,2,h0520,0.005174247424924106,scr2007,avaConv,pvInd_b
se_1,2,h0521,0.0013144144722221174,scr2007,avaConv,pvInd_b
se_1,2,h0522,0.0,scr2007,avaConv,pvInd_b
se_1,2,h0523,0.0,scr2007,avaConv,pvInd_b
se_1,2,h0524,0.0,scr2007,avaConv,pvInd_b
se_1,2,h0525,0.0,scr2007,avaConv,pvInd_b
se_1,2,h0526,0.0,scr2007,avaConv,pvInd_b
se_1,2,h0527,0.0,scr2007,avaConv,pvInd_b
se_1,2,h0528,0.0,scr2007,avaConv,pvInd_b
se_1,2,h0529,0.0,scr2007,avaConv,pvInd_b
se_1,2,h0530,0.0,scr2007,avaConv,pvInd_b
se_1,2,h0531,0.0,scr2007,avaConv,pvInd_b
se_1,2,h0532,0.0,scr2007,avaConv,pvInd_b
se_1,2,h0533,0.0,scr2007,avaConv,pvInd_b
se_1,2,h0534,0.0,scr2007,avaConv,pvInd_b
se_1,2,h0535,0.0,scr2007,avaConv,pvInd_b
se_1,2,h0536,0.007491538546425568,scr2007,avaConv,pvInd_b
se_1,2,h0537,0.0340510846370416,scr2007,avaConv,pvInd_b
se_1,2,h0538,0.08597297317946934,scr2007,avaConv,pvInd_b
se_1,2,h0539,0.1436406846279256,scr2007,avaConv,pvInd_b
se_1,2,h0540,0.1740312289388882,scr2007,avaConv,pvInd_b
se_1,2,h0541,0.12809530040391726,scr2007,avaConv,pvInd_b
se_1,2,h0542,0.06703490133776246,scr2007,avaConv,pvInd_b
se_1,2,h0543,0.01080989972886554,scr2007,avaConv,pvInd_b
se_1,2,h0544,0.004518996699296059,scr2007,avaConv,pvInd_b
se_1,2,h0545,0.0004064641417184284,scr2007,avaConv,pvInd_b
se_1,2,h0546,0.0,scr2007,avaConv,pvInd_b
se_1,2,h0547,0.0,scr2007,avaConv,pvInd_b
se_1,2,h0548,0.0,scr2007,avaConv,pvInd_b
se_1,2,h0549,0.0,scr2007,avaConv,pvInd_b
se_1,2,h0550,0.0,scr2007,avaConv,pvInd_b
se_1,2,h0551,0.0,scr2007,avaConv,pvInd_b
se_1,2,h0552,0.0,scr2007,avaConv,pvInd_b
se_2,2,h0481,0.0,scr2007,avaConv,pvInd_b
se_2,2,h0482,0.0,scr2007,avaConv,pvInd_b
se_2,2,h0483,0.0,scr2007,avaConv,pvInd_b
se_2,2,h0484,0.0,scr2007,avaConv,pvInd_b
se_2,2,h0485,0.0,scr2007,avaConv,pvInd_b
se_2,2,h0486,0.0024604574910754773,scr2007,avaConv,pvInd_b
se_2,2,h0487,0.029186730477592907,scr2007,avaConv,pvInd_b
se_2,2,h0488,0.10354383840660883,scr2007,avaConv,pvInd_b
se_2,2,h0489,0.2109923533999926,scr2007,avaConv,pvInd_b
se_2,2,h0490,0.31361759334319417,scr2007,avaConv,pvInd_b
se_2,2,h0491,0.4010939775523385,scr2007,avaConv,pvInd_b
se_2,2,h0492,0.48660099264169027,scr2007,avaConv,pvInd_b
se_2,2,h0493,0.42283402404327997,scr2007,avaConv,pvInd_b
se_2,2,h0494,0.32679185262409066,scr2007,avaConv,pvInd_b
se_2,2,h0495,0.18473611029812814,scr2007,avaConv,pvInd_b
se_2,2,h0496,0.1527640470617788,scr2007,avaConv,pvInd_b
se_2,2,h0497,0.09607698890953968,scr2007,avaConv,pvInd_b
se_2,2,h0498,0.0421901346521487,scr2007,avaConv,pvInd_b
se_2,2,h0499,0.008778496832812208,scr2007,avaConv,pvInd_b
se_2,2,h0500,0.0,scr2007,avaConv,pvInd_b
se_2,2,h0501,0.0,scr2007,avaConv,pvInd_b
se_2,2,h0502,0.0,scr2007,avaConv,pvInd_b
se_2,2,h0503,0.0,scr2007,avaConv,pvInd_b
se_2,2,h0504,0.0,scr2007,avaConv,pvInd_b
se_2,2,h0505,0.0,scr2007,avaConv,pvInd_b
se_2,2,h0506,0.0,scr2007,avaConv,pvInd_b
se_2,2,h0507,0.0,scr2007,avaConv,pvInd_b
se_2,2,h0508,0.0,scr2007,avaConv,pvInd_b
se_2,2,h0509,0.0,scr2007,avaConv,pvInd_b
se_2,2,h0510,0.0,scr2007,avaConv,pvInd_b
se_2,2,h0511,0.020712481072761614,scr2007,avaConv,pvInd_b
se_2,2,h0512,0.08942578008797034,scr2007,avaConv,pvInd_b
se_2,2,h0513,0.20966216141005636,scr2007,avaConv,pvInd_b
se_2,2,h0514,0.35419982028379754,scr2007,avaConv,pvInd_b
se_2,2,h0515,0.47776668653242926,scr2007,avaConv,pvInd_b
se_2,2,h0516,0.5495117112346126,scr2007,avaConv,pvInd_b
se_2,2,h0517,0.4181623439127929,scr2007,avaConv,pvInd_b
se_2,2,h0518,0.2552123534965519,scr2007,avaConv,pvInd_b
se_2,2,h0519,0.08453578286021449,scr2007,avaConv,pvInd_b
se_2,2,h0520,0.06158153092510323,scr2007,avaConv,pvInd_b
se_2,2,h0521,0.032693756455027985,scr2007,avaConv,pvInd_b
se_2,2,h0522,0.010230255596765271,scr2007,avaConv,pvInd_b
se_2,2,h0523,0.0,scr2007,avaConv,pvInd_b
se_2,2,h0524,0.0,scr2007,avaConv,pvInd_b
se_2,2,h0525,0.0,scr2007,avaConv,pvInd_b
se_2,2,h0526,0.0,scr2007,avaConv,pvInd_b
se_2,2,h0527,0.0,scr2007,avaConv,pvInd_b
se_2,2,h0528,0.0,scr2007,avaConv,pvInd_b
se_2,2,h0529,0.0,scr2007,avaConv,pvInd_b
se_2,2,h0530,0.0,scr2007,avaConv,pvInd_b
se_2,2,h0531,0.0,scr2007,avaConv,pvInd_b
se_2,2,h0532,0.0,scr2007,avaConv,pvInd_b
se_2,2,h0533,0.0,scr2007,avaConv,pvInd_b
se_2,2,h0534,0.0,scr2007,avaConv,pvInd_b
se_2,2,h0535,0.0,scr2007,avaConv,pvInd_b
se_2,2,h0536,0.06726901464471383,scr2007,avaConv,pvInd_b
se_2,2,h0537,0.19395042677067909,scr2007,avaConv,pvInd_b
se_2,2,h0538,0.3650984691265741,scr2007,avaConv,pvInd_b
se_2,2,h0539,0.4971891395300377,scr2007,avaConv,pvInd_b
se_2,2,h0540,0.5727660104005008,scr2007,avaConv,pvInd_b
se_2,2,h0541,0.41014920697802787,scr2007,avaConv,pvInd_b
se_2,2,h0542,0.21625447036987297,scr2007,avaConv,pvInd_b
se_2,2,h0543,0.013562933872666254,scr2007,avaConv,pvInd_b
se_2,2,h0544,0.005709373309260717,scr2007,avaConv,pvInd_b
se_2,2,h0545,0.0012797805482931694,scr2007,avaConv,pvInd_b
se_2,2,h0546,0.0,scr2007,avaConv,pvInd_b
se_2,2,h0547,0.0,scr2007,avaConv,pvInd_b
se_2,2,h0548,0.0,scr2007,avaConv,pvInd_b
se_2,2,h0549,0.0,scr2007,avaConv,pvInd_b
se_2,2,h0550,0.0,scr2007,avaConv,pvInd_b
se_2,2,h0551,0.0,scr2007,avaConv,pvInd_b
se_2,2,h0552,0.0,scr2007,avaConv,pvInd_b
se_3,2,h0481,0.0,scr2007,avaConv,pvInd_b
se_3,2,h0482,0.0,scr2007,avaConv,pvInd_b
se_3,2,h0483,0.0,scr2007,avaConv,pvInd_b
se_3,2,h0484,0.0,scr2007,avaConv,pvInd_b
se_3,2,h0485,0.0,scr2007,avaConv,pvInd_b
se_3,2,h0486,0.0,scr2007,avaConv,pvInd_b
se_3,2,h0487,0.01057075855894364,scr2007,avaConv,pvInd_b
se_3,2,h0488,0.05048839445886385,scr2007,avaConv,pvInd_b
se_3,2,h0489,0.13997973208974115,scr2007,avaConv,pvInd_b
se_3,2,h0490,0.2698075926020612,scr2007,avaConv,pvInd_b
se_3,2,h0491,0.4069065978443949,scr2007,avaConv,pvInd_b
se_3,2,h0492,0.511225282396179,scr2007,avaConv,pvInd_b
se_3,2,h0493,0.48454789094584394,scr2007,avaConv,pvInd_b
se_3,2,h0494,0.40754011047911126,scr2007,avaConv,pvInd_b
se_3,2,h0495,0.29516272425888146,scr2007,avaConv,pvInd_b
se_3,2,h0496,0.22638585598294242,scr2007,avaConv,pvInd_b
se_3,2,h0497,0.13689673428585003,scr2007,avaConv,pvInd_b
se_3,2,h0498,0.05651996407759687,scr2007,avaConv,pvInd_b
se_3,2,h0499,0.011580356102342022,scr2007,avaConv,pvInd_b
se_3,2,h0500,0.0,scr2007,avaConv,pvInd_b
se_3,2,h0501,0.0,scr2007,avaConv,pvInd_b
se_3,2,h0502,0.0,scr2007,avaConv,pvInd_b
se_3,2,h0503,0.0,scr2007,avaConv,pvInd_b
se_3,2,h0504,0.0,scr2007,avaConv,pvInd_b
se_3,2,h0505,0.0,scr2007,avaConv,pvInd_b
se_3,2,h0506,0.0,scr2007,avaConv,pvInd_b
se_3,2,h0507,0.0,scr2007,avaConv,pvInd_b
se_3,2,h0508,0.0,scr2007,avaConv,pvInd_b
se_3,2,h0509,0.0,scr2007,avaConv,pvInd_b
se_3,2,h0510,0.0,scr2007,avaConv,pvInd_b
se_3,2,h0511,0.00714638434539792,scr2007,avaConv,pvInd_b
se_3,2,h0512,0.03774926251050761,scr2007,avaConv,pvInd_b
se_3,2,h0513,0.10831582403030754,scr2007,avaConv,pvInd_b
se_3,2,h0514,0.2153630561130326,scr2007,avaConv,pvInd_b
se_3,2,h0515,0.3275700099911748,scr2007,avaConv,pvInd_b
se_3,2,h0516,0.4025045604541348,scr2007,avaConv,pvInd_b
se_3,2,h0517,0.3331993987883049,scr2007,avaConv,pvInd_b
se_3,2,h0518,0.23083008727472767,scr2007,avaConv,pvInd_b
se_3,2,h0519,0.12405369139706368,scr2007,avaConv,pvInd_b
se_3,2,h0520,0.09520829401409997,scr2007,avaConv,pvInd_b
se_3,2,h0521,0.05244094149371349,scr2007,avaConv,pvInd_b
se_3,2,h0522,0.017726916722333803,scr2007,avaConv,pvInd_b
se_3,2,h0523,0.0002331215896202423,scr2007,avaConv,pvInd_b
se_3,2,h0524,0.0,scr2007,avaConv,pvInd_b
se_3,2,h0525,0.0,scr2007,avaConv,pvInd_b
se_3,2,h0526,0.0,scr2007,avaConv,pvInd_b
se_3,2,h0527,0.0,scr2007,avaConv,pvInd_b
se_3,2,h0528,0.0,scr2007,avaConv,pvInd_b
se_3,2,h0529,0.0,scr2007,avaConv,pvInd_b
se_3,2,h0530,0.0,scr2007,avaConv,pvInd_b
se_3,2,h0531,0.0,scr2007,avaConv,pvInd_b
se_3,2,h0532,0.0,scr2007,avaConv,pvInd_b
se_3,2,h0533,0.0,scr2007,avaConv,pvInd_b
se_3,2,h0534,0.0,scr2007,avaConv,pvInd_b
se_3,2,h0535,0.0,scr2007,avaConv,pvInd_b
se_3,2,h0536,0.044349477276932565,scr2007,avaConv,pvInd_b
se_3,2,h0537,0.1497265105153466,scr2007,avaConv,pvInd_b
se_3,2,h0538,0.3089639531159671,scr2007,avaConv,pvInd_b
se_3,2,h0539,0.4504697765220553,scr2007,avaConv,pvInd_b
se_3,2,h0540,0.5470426390164838,scr2007,avaConv,pvInd_b
se_3,2,h0541,0.44061374980639106,scr2007,avaConv,pvInd_b
se_3,2,h0542,0.2952568386725313,scr2007,avaConv,pvInd_b
se_3,2,h0543,0.1254287937552123,scr2007,avaConv,pvInd_b
se_3,2,h0544,0.07943497376297096,scr2007,avaConv,pvInd_b
se_3,2,h0545,0.03376170139557439,scr2007,avaConv,pvInd_b
se_3,2,h0546,0.007176649567426245,scr2007,avaConv,pvInd_b
se_3,2,h0547,0.0,scr2007,avaConv,pvInd_b
se_3,2,h0548,0.0,scr2007,avaConv,pvInd_b
se_3,2,h0549,0.0,scr2007,avaConv,pvInd_b
se_3,2,h0550,0.0,scr2007,avaConv,pvInd_b
se_3,2,h0551,0.0,scr2007,avaConv,pvInd_b
se_3,2,h0552,0.0,scr2007,avaConv,pvInd_b
se_4,2,h0481,0.0,scr2007,avaConv,pvInd_b
se_4,2,h0482,0.0,scr2007,avaConv,pvInd_b
se_4,2,h0483,0.0,scr2007,avaConv,pvInd_b
se_4,2,h0484,0.0,scr2007,avaConv,pvInd_b
se_4,2,h0485,0.0,scr2007,avaConv,pvInd_b
se_4,2,h0486,0.0,scr2007,avaConv,pvInd_b
se_4,2,h0487,0.00901762872173299,scr2007,avaConv,pvInd_b
se_4,2,h0488,0.04032023675804375,scr2007,avaConv,pvInd_b
se_4,2,h0489,0.10966003450031789,scr2007,avaConv,pvInd_b
se_4,2,h0490,0.2081515438945559,scr2007,avaConv,pvInd_b
se_4,2,h0491,0.3279033225487404,scr2007,avaConv,pvInd_b
se_4,2,h0492,0.4332539068914971,scr2007,avaConv,pvInd_b
se_4,2,h0493,0.5404237274459878,scr2007,avaConv,pvInd_b
se_4,2,h0494,0.5731952411658653,scr2007,avaConv,pvInd_b
se_4,2,h0495,0.5340689370763156,scr2007,avaConv,pvInd_b
se_4,2,h0496,0.3920303553558218,scr2007,avaConv,pvInd_b
se_4,2,h0497,0.2246041285360252,scr2007,avaConv,pvInd_b
se_4,2,h0498,0.08829838848269135,scr2007,avaConv,pvInd_b
se_4,2,h0499,0.017129052986757824,scr2007,avaConv,pvInd_b
se_4,2,h0500,0.0,scr2007,avaConv,pvInd_b
se_4,2,h0501,0.0,scr2007,avaConv,pvInd_b
se_4,2,h0502,0.0,scr2007,avaConv,pvInd_b
se_4,2,h0503,0.0,scr2007,avaConv,pvInd_b
se_4,2,h0504,0.0,scr2007,avaConv,pvInd_b
se_4,2,h0505,0.0,scr2007,avaConv,pvInd_b
se_4,2,h0506,0.0,scr2007,avaConv,pvInd_b
se_4,2,h0507,0.0,scr2007,avaConv,pvInd_b
se_4,2,h0508,0.0,scr2007,avaConv,pvInd_b
se_4,2,h0509,0.0,scr2007,avaConv,pvInd_b
se_4,2,h0510,0.0,scr2007,avaConv,pvInd_b
se_4,2,h0511,0.006425240487095755,scr2007,avaConv,pvInd_b
se_4,2,h0512,0.03126143320788361,scr2007,avaConv,pvInd_b
se_4,2,h0513,0.09139455284927793,scr2007,avaConv,pvInd_b
se_4,2,h0514,0.20171601080016524,scr2007,avaConv,pvInd_b
se_4,2,h0515,0.33458872111107285,scr2007,avaConv,pvInd_b
se_4,2,h0516,0.4337311407190734,scr2007,avaConv,pvInd_b
se_4,2,h0517,0.36534033662896903,scr2007,avaConv,pvInd_b
se_4,2,h0518,0.23645292083587038,scr2007,avaConv,pvInd_b
se_4,2,h0519,0.10000978525911801,scr2007,avaConv,pvInd_b
se_4,2,h0520,0.054746928892701587,scr2007,avaConv,pvInd_b
se_4,2,h0521,0.023504412766183112,scr2007,avaConv,pvInd_b
se_4,2,h0522,0.006568497339299335,scr2007,avaConv,pvInd_b
se_4,2,h0523,0.0,scr2007,avaConv,pvInd_b
se_4,2,h0524,0.0,scr2007,avaConv,pvInd_b
se_4,2,h0525,0.0,scr2007,avaConv,pvInd_b
se_4,2,h0526,0.0,scr2007,avaConv,pvInd_b
se_4,2,h0527,0.0,scr2007,avaConv,pvInd_b
se_4,2,h0528,0.0,scr2007,avaConv,pvInd_b
se_4,2,h0529,0.0,scr2007,avaConv,pvInd_b
se_4,2,h0530,0.0,scr2007,avaConv,pvInd_b
se_4,2,h0531,0.0,scr2007,avaConv,pvInd_b
se_4,2,h0532,0.0,scr2007,avaConv,pvInd_b
se_4,2,h0533,0.0,scr2007,avaConv,pvInd_b
se_4,2,h0534,0.0,scr2007,avaConv,pvInd_b
se_4,2,h0535,0.0,scr2007,avaConv,pvInd_b
se_4,2,h0536,0.0015266606410499876,scr2007,avaConv,pvInd_b
se_4,2,h0537,0.00757864018975456,scr2007,avaConv,pvInd_b
se_4,2,h0538,0.02089434829771894,scr2007,avaConv,pvInd_b
se_4,2,h0539,0.03805912028298644,scr2007,avaConv,pvInd_b
se_4,2,h0540,0.05424643419073496,scr2007,avaConv,pvInd_b
se_4,2,h0541,0.10828618789948553,scr2007,avaConv,pvInd_b
se_4,2,h0542,0.13670402632467638,scr2007,avaConv,pvInd_b
se_4,2,h0543,0.14084103641488904,scr2007,avaConv,pvInd_b
se_4,2,h0544,0.0767499031736263,scr2007,avaConv,pvInd_b
se_4,2,h0545,0.03008804049073786,scr2007,avaConv,pvInd_b
se_4,2,h0546,0.00519538655058928,scr2007,avaConv,pvInd_b
se_4,2,h0547,0.0,scr2007,avaConv,pvInd_b
se_4,2,h0548,0.0,scr2007,avaConv,pvInd_b
se_4,2,h0549,0.0,scr2007,avaConv,pvInd_b
se_4,2,h0550,0.0,scr2007,avaConv,pvInd_b
se_4,2,h0551,0.0,scr2007,avaConv,pvInd_b
se_4,2,h0552,0.0,scr2007,avaConv,pvInd_b
si,2,h0481,0.0,scr2007,avaConv,pvInd_b
si,2,h0482,0.0,scr2007,avaConv,pvInd_b
si,2,h0483,0.0,scr2007,avaConv,pvInd_b
si,2,h0484,0.0,scr2007,avaConv,pvInd_b
si,2,h0485,0.0,scr2007,avaConv,pvInd_b
si,2,h0486,0.0,scr2007,avaConv,pvInd_b
si,2,h0487,0.02710593118521907,scr2007,avaConv,pvInd_b
si,2,h0488,0.12170370448582768,scr2007,avaConv,pvInd_b
si,2,h0489,0.2953896982181145,scr2007,avaConv,pvInd_b
si,2,h0490,0.4890033811527157,scr2007,avaConv,pvInd_b
si,2,h0491,0.6412057352216449,scr2007,avaConv,pvInd_b
si,2,h0492,0.7309328895429958,scr2007,avaConv,pvInd_b
si,2,h0493,0.7414394810032467,scr2007,avaConv,pvInd_b
si,2,h0494,0.6886924143529516,scr2007,avaConv,pvInd_b
si,2,h0495,0.5731639982596184,scr2007,avaConv,pvInd_b
si,2,h0496,0.4149009943117618,scr2007,avaConv,pvInd_b
si,2,h0497,0.23104236015245422,scr2007,avaConv,pvInd_b
si,2,h0498,0.08632868152910729,scr2007,avaConv,pvInd_b
si,2,h0499,0.015340253329790821,scr2007,avaConv,pvInd_b
si,2,h0500,0.0,scr2007,avaConv,pvInd_b
si,2,h0501,0.0,scr2007,avaConv,pvInd_b
si,2,h0502,0.0,scr2007,avaConv,pvInd_b
si,2,h0503,0.0,scr2007,avaConv,pvInd_b
si,2,h0504,0.0,scr2007,avaConv,pvInd_b
si,2,h0505,0.0,scr2007,avaConv,pvInd_b
si,2,h0506,0.0,scr2007,avaConv,pvInd_b
si,2,h0507,0.0,scr2007,avaConv,pvInd_b
si,2,h0508,0.0,scr2007,avaConv,pvInd_b
si,2,h0509,0.0,scr2007,avaConv,pvInd_b
si,2,h0510,0.0,scr2007,avaConv,pvInd_b
si,2,h0511,0.00766498066370424,scr2007,avaConv,pvInd_b
si,2,h0512,0.036143375327997655,scr2007,avaConv,pvInd_b
si,2,h0513,0.10326911549880642,scr2007,avaConv,pvInd_b
si,2,h0514,0.1863225402989413,scr2007,avaConv,pvInd_b
si,2,h0515,0.268110688342544,scr2007,avaConv,pvInd_b
si,2,h0516,0.32548080110078115,scr2007,avaConv,pvInd_b
si,2,h0517,0.40133394636197495,scr2007,avaConv,pvInd_b
si,2,h0518,0.4123321185753841,scr2007,avaConv,pvInd_b
si,2,h0519,0.36202294264947543,scr2007,avaConv,pvInd_b
si,2,h0520,0.22873683566972527,scr2007,avaConv,pvInd_b
si,2,h0521,0.11106508732796005,scr2007,avaConv,pvInd_b
si,2,h0522,0.03616645052298926,scr2007,avaConv,pvInd_b
si,2,h0523,0.0045604548438767005,scr2007,avaConv,pvInd_b
si,2,h0524,0.0,scr2007,avaConv,pvInd_b
si,2,h0525,0.0,scr2007,avaConv,pvInd_b
si,2,h0526,0.0,scr2007,avaConv,pvInd_b
si,2,h0527,0.0,scr2007,avaConv,pvInd_b
si,2,h0528,0.0,scr2007,avaConv,pvInd_b
si,2,h0529,0.0,scr2007,avaConv,pvInd_b
si,2,h0530,0.0,scr2007,avaConv,pvInd_b
si,2,h0531,0.0,scr2007,avaConv,pvInd_b
si,2,h0532,0.0,scr2007,avaConv,pvInd_b
si,2,h0533,0.0,scr2007,avaConv,pvInd_b
si,2,h0534,0.0,scr2007,avaConv,pvInd_b
si,2,h0535,0.012462268036998693,scr2007,avaConv,pvInd_b
si,2,h0536,0.0716920553351534,scr2007,avaConv,pvInd_b
si,2,h0537,0.19887587393334957,scr2007,avaConv,pvInd_b
si,2,h0538,0.35699027197880634,scr2007,avaConv,pvInd_b
si,2,h0539,0.4815752362498553,scr2007,avaConv,pvInd_b
si,2,h0540,0.5512541533812388,scr2007,avaConv,pvInd_b
si,2,h0541,0.5473599738371255,scr2007,avaConv,pvInd_b
si,2,h0542,0.4669362927462363,scr2007,avaConv,pvInd_b
si,2,h0543,0.32062814096517395,scr2007,avaConv,pvInd_b
si,2,h0544,0.1742971075310229,scr2007,avaConv,pvInd_b
si,2,h0545,0.06575215215266766,scr2007,avaConv,pvInd_b
si,2,h0546,0.016024359862608112,scr2007,avaConv,pvInd_b
si,2,h0547,0.0,scr2007,avaConv,pvInd_b
si,2,h0548,0.0,scr2007,avaConv,pvInd_b
si,2,h0549,0.0,scr2007,avaConv,pvInd_b
si,2,h0550,0.0,scr2007,avaConv,pvInd_b
si,2,h0551,0.0,scr2007,avaConv,pvInd_b
si,2,h0552,0.0,scr2007,avaConv,pvInd_b
sk,2,h0481,0.0,scr2007,avaConv,pvInd_b
sk,2,h0482,0.0,scr2007,avaConv,pvInd_b
sk,2,h0483,0.0,scr2007,avaConv,pvInd_b
sk,2,h0484,0.0,scr2007,avaConv,pvInd_b
sk,2,h0485,0.0,scr2007,avaConv,pvInd_b
sk,2,h0486,0.003139639365678928,scr2007,avaConv,pvInd_b
sk,2,h0487,0.05027192232947025,scr2007,avaConv,pvInd_b
sk,2,h0488,0.1687227228201397,scr2007,avaConv,pvInd_b
sk,2,h0489,0.354135618090841,scr2007,avaConv,pvInd_b
sk,2,h0490,0.5340437975007037,scr2007,avaConv,pvInd_b
sk,2,h0491,0.6619439862344076,scr2007,avaConv,pvInd_b
sk,2,h0492,0.7257964789467565,scr2007,avaConv,pvInd_b
sk,2,h0493,0.717885154759782,scr2007,avaConv,pvInd_b
sk,2,h0494,0.6547846344332335,scr2007,avaConv,pvInd_b
sk,2,h0495,0.534844821463533,scr2007,avaConv,pvInd_b
sk,2,h0496,0.374011758596625,scr2007,avaConv,pvInd_b
sk,2,h0497,0.19615987695680048,scr2007,avaConv,pvInd_b
sk,2,h0498,0.0673067655122575,scr2007,avaConv,pvInd_b
sk,2,h0499,0.008902708790162644,scr2007,avaConv,pvInd_b
sk,2,h0500,0.0,scr2007,avaConv,pvInd_b
sk,2,h0501,0.0,scr2007,avaConv,pvInd_b
sk,2,h0502,0.0,scr2007,avaConv,pvInd_b
sk,2,h0503,0.0,scr2007,avaConv,pvInd_b
sk,2,h0504,0.0,scr2007,avaConv,pvInd_b
sk,2,h0505,0.0,scr2007,avaConv,pvInd_b
sk,2,h0506,0.0,scr2007,avaConv,pvInd_b
sk,2,h0507,0.0,scr2007,avaConv,pvInd_b
sk,2,h0508,0.0,scr2007,avaConv,pvInd_b
sk,2,h0509,0.0,scr2007,avaConv,pvInd_b
sk,2,h0510,0.0006155079176374739,scr2007,avaConv,pvInd_b
sk,2,h0511,0.004006372583460078,scr2007,avaConv,pvInd_b
sk,2,h0512,0.014756628042953251,scr2007,avaConv,pvInd_b
sk,2,h0513,0.03578389617785453,scr2007,avaConv,pvInd_b
sk,2,h0514,0.07198313701365809,scr2007,avaConv,pvInd_b
sk,2,h0515,0.12233122367906954,scr2007,avaConv,pvInd_b
sk,2,h0516,0.17986024668233658,scr2007,avaConv,pvInd_b
sk,2,h0517,0.23532505734899295,scr2007,avaConv,pvInd_b
sk,2,h0518,0.24761960122591764,scr2007,avaConv,pvInd_b
sk,2,h0519,0.21664564910965634,scr2007,avaConv,pvInd_b
sk,2,h0520,0.138221479522239,scr2007,avaConv,pvInd_b
sk,2,h0521,0.06281844970903284,scr2007,avaConv,pvInd_b
sk,2,h0522,0.015726665851706356,scr2007,avaConv,pvInd_b
sk,2,h0523,0.0,scr2007,avaConv,pvInd_b
sk,2,h0524,0.0,scr2007,avaConv,pvInd_b
sk,2,h0525,0.0,scr2007,avaConv,pvInd_b
sk,2,h0526,0.0,scr2007,avaConv,pvInd_b
sk,2,h0527,0.0,scr2007,avaConv,pvInd_b
sk,2,h0528,0.0,scr2007,avaConv,pvInd_b
sk,2,h0529,0.0,scr2007,avaConv,pvInd_b
sk,2,h0530,0.0,scr2007,avaConv,pvInd_b
sk,2,h0531,0.0,scr2007,avaConv,pvInd_b
sk,2,h0532,0.0,scr2007,avaConv,pvInd_b
sk,2,h0533,0.0,scr2007,avaConv,pvInd_b
sk,2,h0534,0.0,scr2007,avaConv,pvInd_b
sk,2,h0535,0.03139150015079286,scr2007,avaConv,pvInd_b
sk,2,h0536,0.13085301937047128,scr2007,avaConv,pvInd_b
sk,2,h0537,0.2983663200370485,scr2007,avaConv,pvInd_b
sk,2,h0538,0.473723522350884,scr2007,avaConv,pvInd_b
sk,2,h0539,0.5977438331417665,scr2007,avaConv,pvInd_b
sk,2,h0540,0.6588081644608036,scr2007,avaConv,pvInd_b
sk,2,h0541,0.5434935371485211,scr2007,avaConv,pvInd_b
sk,2,h0542,0.38380418294870783,scr2007,avaConv,pvInd_b
sk,2,h0543,0.19781463960238874,scr2007,avaConv,pvInd_b
sk,2,h0544,0.10880713855386738,scr2007,avaConv,pvInd_b
sk,2,h0545,0.04082603337030049,scr2007,avaConv,pvInd_b
sk,2,h0546,0.007488886871377457,scr2007,avaConv,pvInd_b
sk,2,h0547,0.0,scr2007,avaConv,pvInd_b
sk,2,h0548,0.0,scr2007,avaConv,pvInd_b
sk,2,h0549,0.0,scr2007,avaConv,pvInd_b
sk,2,h0550,0.0,scr2007,avaConv,pvInd_b
sk,2,h0551,0.0,scr2007,avaConv,pvInd_b
sk,2,h0552,0.0,scr2007,avaConv,pvInd_b
uk,2,h0481,0.0,scr2007,avaConv,pvInd_b
uk,2,h0482,0.0,scr2007,avaConv,pvInd_b
uk,2,h0483,0.0,scr2007,avaConv,pvInd_b
uk,2,h0484,0.0,scr2007,avaConv,pvInd_b
uk,2,h0485,0.0,scr2007,avaConv,pvInd_b
uk,2,h0486,0.0,scr2007,avaConv,pvInd_b
uk,2,h0487,0.0,scr2007,avaConv,pvInd_b
uk,2,h0488,0.00415217081687678,scr2007,avaConv,pvInd_b
uk,2,h0489,0.025133710426211132,scr2007,avaConv,pvInd_b
uk,2,h0490,0.07239523589388229,scr2007,avaConv,pvInd_b
uk,2,h0491,0.12717047699478282,scr2007,avaConv,pvInd_b
uk,2,h0492,0.1680520693328,scr2007,avaConv,pvInd_b
uk,2,h0493,0.27500541457848926,scr2007,avaConv,pvInd_b
uk,2,h0494,0.3470486258513449,scr2007,avaConv,pvInd_b
uk,2,h0495,0.3846036492986752,scr2007,avaConv,pvInd_b
uk,2,h0496,0.3049909124865267,scr2007,avaConv,pvInd_b
uk,2,h0497,0.22283892495901655,scr2007,avaConv,pvInd_b
uk,2,h0498,0.1316064404623323,scr2007,avaConv,pvInd_b
uk,2,h0499,0.04825593008768604,scr2007,avaConv,pvInd_b
uk,2,h0500,0.007992300657931288,scr2007,avaConv,pvInd_b
uk,2,h0501,0.0,scr2007,avaConv,pvInd_b
uk,2,h0502,0.0,scr2007,avaConv,pvInd_b
uk,2,h0503,0.0,scr2007,avaConv,pvInd_b
uk,2,h0504,0.0,scr2007,avaConv,pvInd_b
uk,2,h0505,0.0,scr2007,avaConv,pvInd_b
uk,2,h0506,0.0,scr2007,avaConv,pvInd_b
uk,2,h0507,0.0,scr2007,avaConv,pvInd_b
uk,2,h0508,0.0,scr2007,avaConv,pvInd_b
uk,2,h0509,0.0,scr2007,avaConv,pvInd_b
uk,2,h0510,0.0,scr2007,avaConv,pvInd_b
uk,2,h0511,0.0,scr2007,avaConv,pvInd_b
uk,2,h0512,0.0058354224857759185,scr2007,avaConv,pvInd_b
uk,2,h0513,0.0419868539064637,scr2007,avaConv,pvInd_b
uk,2,h0514,0.1301019284215343,scr2007,avaConv,pvInd_b
uk,2,h0515,0.25433773952473104,scr2007,avaConv,pvInd_b
uk,2,h0516,0.36464369232217797,scr2007,avaConv,pvInd_b
uk,2,h0517,0.344644892116463,scr2007,avaConv,pvInd_b
uk,2,h0518,0.26723724285657446,scr2007,avaConv,pvInd_b
uk,2,h0519,0.1631032979111201,scr2007,avaConv,pvInd_b
uk,2,h0520,0.11446429267692619,scr2007,avaConv,pvInd_b
uk,2,h0521,0.06728895676768762,scr2007,avaConv,pvInd_b
uk,2,h0522,0.026472323976150767,scr2007,avaConv,pvInd_b
uk,2,h0523,0.005789292200930104,scr2007,avaConv,pvInd_b
uk,2,h0524,0.00012195437583380229,scr2007,avaConv,pvInd_b
uk,2,h0525,0.0,scr2007,avaConv,pvInd_b
uk,2,h0526,0.0,scr2007,avaConv,pvInd_b
uk,2,h0527,0.0,scr2007,avaConv,pvInd_b
uk,2,h0528,0.0,scr2007,avaConv,pvInd_b
uk,2,h0529,0.0,scr2007,avaConv,pvInd_b
uk,2,h0530,0.0,scr2007,avaConv,pvInd_b
uk,2,h0531,0.0,scr2007,avaConv,pvInd_b
uk,2,h0532,0.0,scr2007,avaConv,pvInd_b
uk,2,h0533,0.0,scr2007,avaConv,pvInd_b
uk,2,h0534,0.0,scr2007,avaConv,pvInd_b
uk,2,h0535,0.0,scr2007,avaConv,pvInd_b
uk,2,h0536,0.0009922889491780352,scr2007,avaConv,pvInd_b
uk,2,h0537,0.02980591880059405,scr2007,avaConv,pvInd_b
uk,2,h0538,0.11912633754200527,scr2007,avaConv,pvInd_b
uk,2,h0539,0.26997361049434865,scr2007,avaConv,pvInd_b
uk,2,h0540,0.407287288530986,scr2007,avaConv,pvInd_b
uk,2,h0541,0.464415493306386,scr2007,avaConv,pvInd_b
uk,2,h0542,0.4433411710168483,scr2007,avaConv,pvInd_b
uk,2,h0543,0.35618640977263655,scr2007,avaConv,pvInd_b
uk,2,h0544,0.24787927087933537,scr2007,avaConv,pvInd_b
uk,2,h0545,0.13652230698437012,scr2007,avaConv,pvInd_b
uk,2,h0546,0.0500362016561609,scr2007,avaConv,pvInd_b
uk,2,h0547,0.010056452487359265,scr2007,avaConv,pvInd_b
uk,2,h0548,0.0,scr2007,avaConv,pvInd_b
uk,2,h0549,0.0,scr2007,avaConv,pvInd_b
uk,2,h0550,0.0,scr2007,avaConv,pvInd_b
uk,2,h0551,0.0,scr2007,avaConv,pvInd_b
uk,2,h0552,0.0,scr2007,avaConv,pvInd_b
ni,2,h0481,0.0,scr2007,avaConv,pvInd_b
ni,2,h0482,0.0,scr2007,avaConv,pvInd_b
ni,2,h0483,0.0,scr2007,avaConv,pvInd_b
ni,2,h0484,0.0,scr2007,avaConv,pvInd_b
ni,2,h0485,0.0,scr2007,avaConv,pvInd_b
ni,2,h0486,0.0,scr2007,avaConv,pvInd_b
ni,2,h0487,0.0,scr2007,avaConv,pvInd_b
ni,2,h0488,0.00098606179942116,scr2007,avaConv,pvInd_b
ni,2,h0489,0.009682132958542271,scr2007,avaConv,pvInd_b
ni,2,h0490,0.033444830579415434,scr2007,avaConv,pvInd_b
ni,2,h0491,0.085993058111303,scr2007,avaConv,pvInd_b
ni,2,h0492,0.17891697495068765,scr2007,avaConv,pvInd_b
ni,2,h0493,0.2822514080895998,scr2007,avaConv,pvInd_b
ni,2,h0494,0.3385350320332263,scr2007,avaConv,pvInd_b
ni,2,h0495,0.35368881069804603,scr2007,avaConv,pvInd_b
ni,2,h0496,0.33807761377763124,scr2007,avaConv,pvInd_b
ni,2,h0497,0.27925362329760656,scr2007,avaConv,pvInd_b
ni,2,h0498,0.17464417896389714,scr2007,avaConv,pvInd_b
ni,2,h0499,0.06389593737896995,scr2007,avaConv,pvInd_b
ni,2,h0500,0.014862457844238624,scr2007,avaConv,pvInd_b
ni,2,h0501,0.0,scr2007,avaConv,pvInd_b
ni,2,h0502,0.0,scr2007,avaConv,pvInd_b
ni,2,h0503,0.0,scr2007,avaConv,pvInd_b
ni,2,h0504,0.0,scr2007,avaConv,pvInd_b
ni,2,h0505,0.0,scr2007,avaConv,pvInd_b
ni,2,h0506,0.0,scr2007,avaConv,pvInd_b
ni,2,h0507,0.0,scr2007,avaConv,pvInd_b
ni,2,h0508,0.0,scr2007,avaConv,pvInd_b
ni,2,h0509,0.0,scr2007,avaConv,pvInd_b
ni,2,h0510,0.0,scr2007,avaConv,pvInd_b
ni,2,h0511,0.0,scr2007,avaConv,pvInd_b
ni,2,h0512,0.0021327846850856995,scr2007,avaConv,pvInd_b
ni,2,h0513,0.04380704540336444,scr2007,avaConv,pvInd_b
ni,2,h0514,0.1666320283162161,scr2007,avaConv,pvInd_b
ni,2,h0515,0.36272283999877536,scr2007,avaConv,pvInd_b
ni,2,h0516,0.5359568670946946,scr2007,avaConv,pvInd_b
ni,2,h0517,0.5016840645996177,scr2007,avaConv,pvInd_b
ni,2,h0518,0.39211455287025304,scr2007,avaConv,pvInd_b
ni,2,h0519,0.24082130709143942,scr2007,avaConv,pvInd_b
ni,2,h0520,0.17726195365122582,scr2007,avaConv,pvInd_b
ni,2,h0521,0.10806915184576726,scr2007,avaConv,pvInd_b
ni,2,h0522,0.05301064802960759,scr2007,avaConv,pvInd_b
ni,2,h0523,0.018899245591436083,scr2007,avaConv,pvInd_b
ni,2,h0524,0.003963170257635286,scr2007,avaConv,pvInd_b
ni,2,h0525,0.0,scr2007,avaConv,pvInd_b
ni,2,h0526,0.0,scr2007,avaConv,pvInd_b
ni,2,h0527,0.0,scr2007,avaConv,pvInd_b
ni,2,h0528,0.0,scr2007,avaConv,pvInd_b
ni,2,h0529,0.0,scr2007,avaConv,pvInd_b
ni,2,h0530,0.0,scr2007,avaConv,pvInd_b
ni,2,h0531,0.0,scr2007,avaConv,pvInd_b
ni,2,h0532,0.0,scr2007,avaConv,pvInd_b
ni,2,h0533,0.0,scr2007,avaConv,pvInd_b
ni,2,h0534,0.0,scr2007,avaConv,pvInd_b
ni,2,h0535,0.0,scr2007,avaConv,pvInd_b
ni,2,h0536,0.0,scr2007,avaConv,pvInd_b
ni,2,h0537,0.03541950597741155,scr2007,avaConv,pvInd_b
ni,2,h0538,0.145444087693442,scr2007,avaConv,pvInd_b
ni,2,h0539,0.3338455268052776,scr2007,avaConv,pvInd_b
ni,2,h0540,0.5036113487720386,scr2007,avaConv,pvInd_b
ni,2,h0541,0.4831250037777931,scr2007,avaConv,pvInd_b
ni,2,h0542,0.37061705406270895,scr2007,avaConv,pvInd_b
ni,2,h0543,0.21491463365467714,scr2007,avaConv,pvInd_b
ni,2,h0544,0.1457507763758783,scr2007,avaConv,pvInd_b
ni,2,h0545,0.08113820096316227,scr2007,avaConv,pvInd_b
ni,2,h0546,0.03248892714780746,scr2007,avaConv,pvInd_b
ni,2,h0547,0.006422203010692357,scr2007,avaConv,pvInd_b
ni,2,h0548,0.0,scr2007,avaConv,pvInd_b
ni,2,h0549,0.0,scr2007,avaConv,pvInd_b
ni,2,h0550,0.0,scr2007,avaConv,pvInd_b
ni,2,h0551,0.0,scr2007,avaConv,pvInd_b
ni,2,h0552,0.0,scr2007,avaConv,pvInd_b
