region_2,timestep_6,value,scenario_1,parameter,carrier_1
AT,h0337,0.004991174441476273,scr2000,mustOut,frtRail
AT,h0338,0.0011245823433640595,scr2000,mustOut,frtRail
AT,h0339,0.0,scr2000,mustOut,frtRail
AT,h0340,0.0,scr2000,mustOut,frtRail
AT,h0341,0.000827799687694033,scr2000,mustOut,frtRail
AT,h0342,0.002902760757288197,scr2000,mustOut,frtRail
AT,h0343,0.0589595954704857,scr2000,mustOut,frtRail
AT,h0344,0.2677025482240002,scr2000,mustOut,frtRail
AT,h0345,0.3899644391517381,scr2000,mustOut,frtRail
AT,h0346,0.2855953271303959,scr2000,mustOut,frtRail
AT,h0347,0.09233244953886625,scr2000,mustOut,frtRail
AT,h0348,0.05034449510938098,scr2000,mustOut,frtRail
AT,h0349,0.1010467592438666,scr2000,mustOut,frtRail
AT,h0350,0.16873942001457337,scr2000,mustOut,frtRail
AT,h0351,0.23230650210312612,scr2000,mustOut,frtRail
AT,h0352,0.26201420782276963,scr2000,mustOut,frtRail
AT,h0353,0.3366331317675831,scr2000,mustOut,frtRail
AT,h0354,0.4377603072075309,scr2000,mustOut,frtRail
AT,h0355,0.43971642000000005,scr2000,mustOut,frtRail
AT,h0356,0.3081425209552587,scr2000,mustOut,frtRail
AT,h0357,0.15194976078086128,scr2000,mustOut,frtRail
AT,h0358,0.05457303760567399,scr2000,mustOut,frtRail
AT,h0359,0.022019422693934546,scr2000,mustOut,frtRail
AT,h0360,0.012956644132693694,scr2000,mustOut,frtRail
AT,h0361,0.004991174441476273,scr2000,mustOut,frtRail
AT,h0362,0.0011245823433640595,scr2000,mustOut,frtRail
AT,h0363,0.0,scr2000,mustOut,frtRail
AT,h0364,0.0,scr2000,mustOut,frtRail
AT,h0365,0.00010400137801255496,scr2000,mustOut,frtRail
AT,h0366,0.0009235550108104216,scr2000,mustOut,frtRail
AT,h0367,0.04947256332769487,scr2000,mustOut,frtRail
AT,h0368,0.26145163819214595,scr2000,mustOut,frtRail
AT,h0369,0.3899644391517381,scr2000,mustOut,frtRail
AT,h0370,0.2855953271303959,scr2000,mustOut,frtRail
AT,h0371,0.09233244953886625,scr2000,mustOut,frtRail
AT,h0372,0.05034449510938098,scr2000,mustOut,frtRail
AT,h0373,0.05518162775144533,scr2000,mustOut,frtRail
AT,h0374,0.0703142591896094,scr2000,mustOut,frtRail
AT,h0375,0.07923092104336386,scr2000,mustOut,frtRail
AT,h0376,0.09451634444206691,scr2000,mustOut,frtRail
AT,h0377,0.1647318639639053,scr2000,mustOut,frtRail
AT,h0378,0.3281970244032028,scr2000,mustOut,frtRail
AT,h0379,0.42652266473786443,scr2000,mustOut,frtRail
AT,h0380,0.33804864762509906,scr2000,mustOut,frtRail
AT,h0381,0.15194976078086128,scr2000,mustOut,frtRail
AT,h0382,0.05457303760567399,scr2000,mustOut,frtRail
AT,h0383,0.022019422693934546,scr2000,mustOut,frtRail
AT,h0384,0.012956644132693694,scr2000,mustOut,frtRail
AT,h0385,0.004991174441476273,scr2000,mustOut,frtRail
AT,h0386,0.0011245823433640595,scr2000,mustOut,frtRail
AT,h0387,0.0,scr2000,mustOut,frtRail
AT,h0388,0.0,scr2000,mustOut,frtRail
AT,h0389,0.0,scr2000,mustOut,frtRail
AT,h0390,0.003638865262187087,scr2000,mustOut,frtRail
AT,h0391,0.06145443081357115,scr2000,mustOut,frtRail
AT,h0392,0.2850548521204254,scr2000,mustOut,frtRail
AT,h0393,0.3899644391517381,scr2000,mustOut,frtRail
AT,h0394,0.2855953271303959,scr2000,mustOut,frtRail
AT,h0395,0.09233244953886625,scr2000,mustOut,frtRail
AT,h0396,0.05034449510938098,scr2000,mustOut,frtRail
AT,h0397,0.05518162775144533,scr2000,mustOut,frtRail
AT,h0398,0.0703142591896094,scr2000,mustOut,frtRail
AT,h0399,0.07923092104336386,scr2000,mustOut,frtRail
AT,h0400,0.09451634444206691,scr2000,mustOut,frtRail
AT,h0401,0.1647318639639053,scr2000,mustOut,frtRail
AT,h0402,0.3281970244032028,scr2000,mustOut,frtRail
AT,h0403,0.43141651423275335,scr2000,mustOut,frtRail
AT,h0404,0.4061072914252018,scr2000,mustOut,frtRail
AT,h0405,0.25088238174543515,scr2000,mustOut,frtRail
AT,h0406,0.15589524612663233,scr2000,mustOut,frtRail
AT,h0407,0.0757906618032289,scr2000,mustOut,frtRail
AT,h0408,0.032846709123053444,scr2000,mustOut,frtRail
AT,h0409,0.007314976979800424,scr2000,mustOut,frtRail
AT,h0410,0.0007731819843502393,scr2000,mustOut,frtRail
AT,h0411,0.0,scr2000,mustOut,frtRail
AT,h0412,0.0,scr2000,mustOut,frtRail
AT,h0413,0.0,scr2000,mustOut,frtRail
AT,h0414,0.003638865262187087,scr2000,mustOut,frtRail
AT,h0415,0.012588365480795545,scr2000,mustOut,frtRail
AT,h0416,0.029537604269125686,scr2000,mustOut,frtRail
AT,h0417,0.04083500513507149,scr2000,mustOut,frtRail
AT,h0418,0.06316010496926065,scr2000,mustOut,frtRail
AT,h0419,0.11313622203522453,scr2000,mustOut,frtRail
AT,h0420,0.15653543106618215,scr2000,mustOut,frtRail
AT,h0421,0.14704261036539146,scr2000,mustOut,frtRail
AT,h0422,0.10987750547670007,scr2000,mustOut,frtRail
AT,h0423,0.07923092104336386,scr2000,mustOut,frtRail
AT,h0424,0.09451634444206691,scr2000,mustOut,frtRail
AT,h0425,0.1647318639639053,scr2000,mustOut,frtRail
AT,h0426,0.3281970244032028,scr2000,mustOut,frtRail
AT,h0427,0.42136975910898944,scr2000,mustOut,frtRail
AT,h0428,0.37249707376923197,scr2000,mustOut,frtRail
AT,h0429,0.2116147470081116,scr2000,mustOut,frtRail
AT,h0430,0.1324910890759873,scr2000,mustOut,frtRail
AT,h0431,0.11222459396997478,scr2000,mustOut,frtRail
AT,h0432,0.10230917847357109,scr2000,mustOut,frtRail
AT,h0433,0.05365331873919643,scr2000,mustOut,frtRail
AT,h0434,0.011243190547878482,scr2000,mustOut,frtRail
AT,h0435,0.0,scr2000,mustOut,frtRail
AT,h0436,0.0,scr2000,mustOut,frtRail
AT,h0437,0.0,scr2000,mustOut,frtRail
AT,h0438,0.003638865262187087,scr2000,mustOut,frtRail
AT,h0439,0.01230381355339662,scr2000,mustOut,frtRail
AT,h0440,0.05501155603124129,scr2000,mustOut,frtRail
AT,h0441,0.10412214864016112,scr2000,mustOut,frtRail
AT,h0442,0.20875777863161782,scr2000,mustOut,frtRail
AT,h0443,0.26484248333382215,scr2000,mustOut,frtRail
AT,h0444,0.26645043647882066,scr2000,mustOut,frtRail
AT,h0445,0.17546503163144644,scr2000,mustOut,frtRail
AT,h0446,0.10957395632540363,scr2000,mustOut,frtRail
AT,h0447,0.07923092104336386,scr2000,mustOut,frtRail
AT,h0448,0.09451634444206691,scr2000,mustOut,frtRail
AT,h0449,0.1647318639639053,scr2000,mustOut,frtRail
AT,h0450,0.3281970244032028,scr2000,mustOut,frtRail
AT,h0451,0.42652266473786443,scr2000,mustOut,frtRail
AT,h0452,0.33804864762509906,scr2000,mustOut,frtRail
AT,h0453,0.15194976078086128,scr2000,mustOut,frtRail
AT,h0454,0.05457303760567399,scr2000,mustOut,frtRail
AT,h0455,0.022019422693934546,scr2000,mustOut,frtRail
AT,h0456,0.012956644132693694,scr2000,mustOut,frtRail
AT,h0457,0.004991174441476273,scr2000,mustOut,frtRail
AT,h0458,0.0011245823433640595,scr2000,mustOut,frtRail
AT,h0459,0.0,scr2000,mustOut,frtRail
AT,h0460,0.0,scr2000,mustOut,frtRail
AT,h0461,0.0,scr2000,mustOut,frtRail
AT,h0462,0.003638865262187087,scr2000,mustOut,frtRail
AT,h0463,0.06145443081357115,scr2000,mustOut,frtRail
AT,h0464,0.2850548521204254,scr2000,mustOut,frtRail
AT,h0465,0.3899644391517381,scr2000,mustOut,frtRail
AT,h0466,0.2855953271303959,scr2000,mustOut,frtRail
AT,h0467,0.09233244953886625,scr2000,mustOut,frtRail
AT,h0468,0.05034449510938098,scr2000,mustOut,frtRail
AT,h0469,0.05518162775144533,scr2000,mustOut,frtRail
AT,h0470,0.0703142591896094,scr2000,mustOut,frtRail
AT,h0471,0.07923092104336386,scr2000,mustOut,frtRail
AT,h0472,0.09451634444206691,scr2000,mustOut,frtRail
AT,h0473,0.1647318639639053,scr2000,mustOut,frtRail
AT,h0474,0.3281970244032028,scr2000,mustOut,frtRail
AT,h0475,0.42652266473786443,scr2000,mustOut,frtRail
AT,h0476,0.33804864762509906,scr2000,mustOut,frtRail
AT,h0477,0.15194976078086128,scr2000,mustOut,frtRail
AT,h0478,0.05457303760567399,scr2000,mustOut,frtRail
AT,h0479,0.022019422693934546,scr2000,mustOut,frtRail
AT,h0480,0.012956644132693694,scr2000,mustOut,frtRail
AT,h0481,0.004991174441476273,scr2000,mustOut,frtRail
AT,h0482,0.0011245823433640595,scr2000,mustOut,frtRail
AT,h0483,0.0,scr2000,mustOut,frtRail
AT,h0484,0.0,scr2000,mustOut,frtRail
AT,h0485,0.0,scr2000,mustOut,frtRail
AT,h0486,0.003638865262187087,scr2000,mustOut,frtRail
AT,h0487,0.06145443081357115,scr2000,mustOut,frtRail
AT,h0488,0.2850548521204254,scr2000,mustOut,frtRail
AT,h0489,0.3899644391517381,scr2000,mustOut,frtRail
AT,h0490,0.2855953271303959,scr2000,mustOut,frtRail
AT,h0491,0.09233244953886625,scr2000,mustOut,frtRail
AT,h0492,0.05034449510938098,scr2000,mustOut,frtRail
AT,h0493,0.09561720743219183,scr2000,mustOut,frtRail
AT,h0494,0.16200365972689867,scr2000,mustOut,frtRail
AT,h0495,0.24723776785085502,scr2000,mustOut,frtRail
AT,h0496,0.23506916267014227,scr2000,mustOut,frtRail
AT,h0497,0.2818241701598354,scr2000,mustOut,frtRail
AT,h0498,0.3406680510819284,scr2000,mustOut,frtRail
AT,h0499,0.4017322823422057,scr2000,mustOut,frtRail
AT,h0500,0.30010085187921093,scr2000,mustOut,frtRail
AT,h0501,0.15194976078086128,scr2000,mustOut,frtRail
AT,h0502,0.05457303760567399,scr2000,mustOut,frtRail
AT,h0503,0.022019422693934546,scr2000,mustOut,frtRail
AT,h0504,0.012956644132693694,scr2000,mustOut,frtRail
BE,h0337,0.004991174441476271,scr2000,mustOut,frtRail
BE,h0338,0.001124582343364059,scr2000,mustOut,frtRail
BE,h0339,0.0,scr2000,mustOut,frtRail
BE,h0340,0.0,scr2000,mustOut,frtRail
BE,h0341,0.0008277996876940328,scr2000,mustOut,frtRail
BE,h0342,0.002902760757288197,scr2000,mustOut,frtRail
BE,h0343,0.0589595954704857,scr2000,mustOut,frtRail
BE,h0344,0.26770254822400014,scr2000,mustOut,frtRail
BE,h0345,0.38996443915173806,scr2000,mustOut,frtRail
BE,h0346,0.2855953271303958,scr2000,mustOut,frtRail
BE,h0347,0.09233244953886621,scr2000,mustOut,frtRail
BE,h0348,0.05034449510938097,scr2000,mustOut,frtRail
BE,h0349,0.10104675924386658,scr2000,mustOut,frtRail
BE,h0350,0.1687394200145734,scr2000,mustOut,frtRail
BE,h0351,0.23230650210312623,scr2000,mustOut,frtRail
BE,h0352,0.2620142078227696,scr2000,mustOut,frtRail
BE,h0353,0.336633131767583,scr2000,mustOut,frtRail
BE,h0354,0.43776030720753084,scr2000,mustOut,frtRail
BE,h0355,0.43971642,scr2000,mustOut,frtRail
BE,h0356,0.3081425209552586,scr2000,mustOut,frtRail
BE,h0357,0.15194976078086125,scr2000,mustOut,frtRail
BE,h0358,0.05457303760567398,scr2000,mustOut,frtRail
BE,h0359,0.022019422693934546,scr2000,mustOut,frtRail
BE,h0360,0.01295664413269369,scr2000,mustOut,frtRail
BE,h0361,0.004991174441476271,scr2000,mustOut,frtRail
BE,h0362,0.001124582343364059,scr2000,mustOut,frtRail
BE,h0363,0.0,scr2000,mustOut,frtRail
BE,h0364,0.0,scr2000,mustOut,frtRail
BE,h0365,0.00010400137801255494,scr2000,mustOut,frtRail
BE,h0366,0.0009235550108104215,scr2000,mustOut,frtRail
BE,h0367,0.04947256332769487,scr2000,mustOut,frtRail
BE,h0368,0.2614516381921459,scr2000,mustOut,frtRail
BE,h0369,0.38996443915173806,scr2000,mustOut,frtRail
BE,h0370,0.2855953271303958,scr2000,mustOut,frtRail
BE,h0371,0.09233244953886621,scr2000,mustOut,frtRail
BE,h0372,0.05034449510938097,scr2000,mustOut,frtRail
BE,h0373,0.05518162775144532,scr2000,mustOut,frtRail
BE,h0374,0.0703142591896094,scr2000,mustOut,frtRail
BE,h0375,0.07923092104336388,scr2000,mustOut,frtRail
BE,h0376,0.0945163444420669,scr2000,mustOut,frtRail
BE,h0377,0.16473186396390527,scr2000,mustOut,frtRail
BE,h0378,0.3281970244032028,scr2000,mustOut,frtRail
BE,h0379,0.4265226647378644,scr2000,mustOut,frtRail
BE,h0380,0.338048647625099,scr2000,mustOut,frtRail
BE,h0381,0.15194976078086125,scr2000,mustOut,frtRail
BE,h0382,0.05457303760567398,scr2000,mustOut,frtRail
BE,h0383,0.022019422693934546,scr2000,mustOut,frtRail
BE,h0384,0.01295664413269369,scr2000,mustOut,frtRail
BE,h0385,0.004991174441476271,scr2000,mustOut,frtRail
BE,h0386,0.001124582343364059,scr2000,mustOut,frtRail
BE,h0387,0.0,scr2000,mustOut,frtRail
BE,h0388,0.0,scr2000,mustOut,frtRail
BE,h0389,0.0,scr2000,mustOut,frtRail
BE,h0390,0.0036388652621870865,scr2000,mustOut,frtRail
BE,h0391,0.06145443081357116,scr2000,mustOut,frtRail
BE,h0392,0.2850548521204254,scr2000,mustOut,frtRail
BE,h0393,0.38996443915173806,scr2000,mustOut,frtRail
BE,h0394,0.2855953271303958,scr2000,mustOut,frtRail
BE,h0395,0.09233244953886621,scr2000,mustOut,frtRail
BE,h0396,0.05034449510938097,scr2000,mustOut,frtRail
BE,h0397,0.05518162775144532,scr2000,mustOut,frtRail
BE,h0398,0.0703142591896094,scr2000,mustOut,frtRail
BE,h0399,0.07923092104336388,scr2000,mustOut,frtRail
BE,h0400,0.0945163444420669,scr2000,mustOut,frtRail
BE,h0401,0.16473186396390527,scr2000,mustOut,frtRail
BE,h0402,0.3281970244032028,scr2000,mustOut,frtRail
BE,h0403,0.4314165142327533,scr2000,mustOut,frtRail
BE,h0404,0.40610729142520174,scr2000,mustOut,frtRail
BE,h0405,0.2508823817454351,scr2000,mustOut,frtRail
BE,h0406,0.1558952461266323,scr2000,mustOut,frtRail
BE,h0407,0.0757906618032289,scr2000,mustOut,frtRail
BE,h0408,0.03284670912305344,scr2000,mustOut,frtRail
BE,h0409,0.007314976979800423,scr2000,mustOut,frtRail
BE,h0410,0.0007731819843502392,scr2000,mustOut,frtRail
BE,h0411,0.0,scr2000,mustOut,frtRail
BE,h0412,0.0,scr2000,mustOut,frtRail
BE,h0413,0.0,scr2000,mustOut,frtRail
BE,h0414,0.0036388652621870865,scr2000,mustOut,frtRail
BE,h0415,0.012588365480795543,scr2000,mustOut,frtRail
BE,h0416,0.029537604269125682,scr2000,mustOut,frtRail
BE,h0417,0.04083500513507148,scr2000,mustOut,frtRail
BE,h0418,0.06316010496926065,scr2000,mustOut,frtRail
BE,h0419,0.11313622203522451,scr2000,mustOut,frtRail
BE,h0420,0.15653543106618212,scr2000,mustOut,frtRail
BE,h0421,0.14704261036539143,scr2000,mustOut,frtRail
BE,h0422,0.10987750547670001,scr2000,mustOut,frtRail
BE,h0423,0.07923092104336388,scr2000,mustOut,frtRail
BE,h0424,0.0945163444420669,scr2000,mustOut,frtRail
BE,h0425,0.16473186396390527,scr2000,mustOut,frtRail
BE,h0426,0.3281970244032028,scr2000,mustOut,frtRail
BE,h0427,0.4213697591089894,scr2000,mustOut,frtRail
BE,h0428,0.3724970737692319,scr2000,mustOut,frtRail
BE,h0429,0.21161474700811153,scr2000,mustOut,frtRail
BE,h0430,0.1324910890759873,scr2000,mustOut,frtRail
BE,h0431,0.11222459396997475,scr2000,mustOut,frtRail
BE,h0432,0.10230917847357107,scr2000,mustOut,frtRail
BE,h0433,0.05365331873919643,scr2000,mustOut,frtRail
BE,h0434,0.01124319054787848,scr2000,mustOut,frtRail
BE,h0435,0.0,scr2000,mustOut,frtRail
BE,h0436,0.0,scr2000,mustOut,frtRail
BE,h0437,0.0,scr2000,mustOut,frtRail
BE,h0438,0.0036388652621870865,scr2000,mustOut,frtRail
BE,h0439,0.012303813553396619,scr2000,mustOut,frtRail
BE,h0440,0.055011556031241284,scr2000,mustOut,frtRail
BE,h0441,0.1041221486401611,scr2000,mustOut,frtRail
BE,h0442,0.2087577786316178,scr2000,mustOut,frtRail
BE,h0443,0.26484248333382215,scr2000,mustOut,frtRail
BE,h0444,0.2664504364788206,scr2000,mustOut,frtRail
BE,h0445,0.17546503163144642,scr2000,mustOut,frtRail
BE,h0446,0.10957395632540362,scr2000,mustOut,frtRail
BE,h0447,0.07923092104336388,scr2000,mustOut,frtRail
BE,h0448,0.0945163444420669,scr2000,mustOut,frtRail
BE,h0449,0.16473186396390527,scr2000,mustOut,frtRail
BE,h0450,0.3281970244032028,scr2000,mustOut,frtRail
BE,h0451,0.4265226647378644,scr2000,mustOut,frtRail
BE,h0452,0.338048647625099,scr2000,mustOut,frtRail
BE,h0453,0.15194976078086125,scr2000,mustOut,frtRail
BE,h0454,0.05457303760567398,scr2000,mustOut,frtRail
BE,h0455,0.022019422693934546,scr2000,mustOut,frtRail
BE,h0456,0.01295664413269369,scr2000,mustOut,frtRail
BE,h0457,0.004991174441476271,scr2000,mustOut,frtRail
BE,h0458,0.001124582343364059,scr2000,mustOut,frtRail
BE,h0459,0.0,scr2000,mustOut,frtRail
BE,h0460,0.0,scr2000,mustOut,frtRail
BE,h0461,0.0,scr2000,mustOut,frtRail
BE,h0462,0.0036388652621870865,scr2000,mustOut,frtRail
BE,h0463,0.06145443081357116,scr2000,mustOut,frtRail
BE,h0464,0.2850548521204254,scr2000,mustOut,frtRail
BE,h0465,0.38996443915173806,scr2000,mustOut,frtRail
BE,h0466,0.2855953271303958,scr2000,mustOut,frtRail
BE,h0467,0.09233244953886621,scr2000,mustOut,frtRail
BE,h0468,0.05034449510938097,scr2000,mustOut,frtRail
BE,h0469,0.05518162775144532,scr2000,mustOut,frtRail
BE,h0470,0.0703142591896094,scr2000,mustOut,frtRail
BE,h0471,0.07923092104336388,scr2000,mustOut,frtRail
BE,h0472,0.0945163444420669,scr2000,mustOut,frtRail
BE,h0473,0.16473186396390527,scr2000,mustOut,frtRail
BE,h0474,0.3281970244032028,scr2000,mustOut,frtRail
BE,h0475,0.4265226647378644,scr2000,mustOut,frtRail
BE,h0476,0.338048647625099,scr2000,mustOut,frtRail
BE,h0477,0.15194976078086125,scr2000,mustOut,frtRail
BE,h0478,0.05457303760567398,scr2000,mustOut,frtRail
BE,h0479,0.022019422693934546,scr2000,mustOut,frtRail
BE,h0480,0.01295664413269369,scr2000,mustOut,frtRail
BE,h0481,0.004991174441476271,scr2000,mustOut,frtRail
BE,h0482,0.001124582343364059,scr2000,mustOut,frtRail
BE,h0483,0.0,scr2000,mustOut,frtRail
BE,h0484,0.0,scr2000,mustOut,frtRail
BE,h0485,0.0,scr2000,mustOut,frtRail
BE,h0486,0.0036388652621870865,scr2000,mustOut,frtRail
BE,h0487,0.06145443081357116,scr2000,mustOut,frtRail
BE,h0488,0.2850548521204254,scr2000,mustOut,frtRail
BE,h0489,0.38996443915173806,scr2000,mustOut,frtRail
BE,h0490,0.2855953271303958,scr2000,mustOut,frtRail
BE,h0491,0.09233244953886621,scr2000,mustOut,frtRail
BE,h0492,0.05034449510938097,scr2000,mustOut,frtRail
BE,h0493,0.09561720743219179,scr2000,mustOut,frtRail
BE,h0494,0.16200365972689867,scr2000,mustOut,frtRail
BE,h0495,0.247237767850855,scr2000,mustOut,frtRail
BE,h0496,0.23506916267014225,scr2000,mustOut,frtRail
BE,h0497,0.28182417015983535,scr2000,mustOut,frtRail
BE,h0498,0.3406680510819283,scr2000,mustOut,frtRail
BE,h0499,0.40173228234220565,scr2000,mustOut,frtRail
BE,h0500,0.3001008518792109,scr2000,mustOut,frtRail
BE,h0501,0.15194976078086125,scr2000,mustOut,frtRail
BE,h0502,0.05457303760567398,scr2000,mustOut,frtRail
BE,h0503,0.022019422693934546,scr2000,mustOut,frtRail
BE,h0504,0.01295664413269369,scr2000,mustOut,frtRail
BG,h0337,0.004991174441476271,scr2000,mustOut,frtRail
BG,h0338,0.001124582343364059,scr2000,mustOut,frtRail
BG,h0339,0.0,scr2000,mustOut,frtRail
BG,h0340,0.0,scr2000,mustOut,frtRail
BG,h0341,0.0008277996876940328,scr2000,mustOut,frtRail
BG,h0342,0.002902760757288197,scr2000,mustOut,frtRail
BG,h0343,0.0589595954704857,scr2000,mustOut,frtRail
BG,h0344,0.26770254822400014,scr2000,mustOut,frtRail
BG,h0345,0.38996443915173806,scr2000,mustOut,frtRail
BG,h0346,0.2855953271303958,scr2000,mustOut,frtRail
BG,h0347,0.09233244953886621,scr2000,mustOut,frtRail
BG,h0348,0.05034449510938097,scr2000,mustOut,frtRail
BG,h0349,0.10104675924386658,scr2000,mustOut,frtRail
BG,h0350,0.1687394200145734,scr2000,mustOut,frtRail
BG,h0351,0.23230650210312623,scr2000,mustOut,frtRail
BG,h0352,0.2620142078227696,scr2000,mustOut,frtRail
BG,h0353,0.336633131767583,scr2000,mustOut,frtRail
BG,h0354,0.43776030720753084,scr2000,mustOut,frtRail
BG,h0355,0.43971642,scr2000,mustOut,frtRail
BG,h0356,0.3081425209552586,scr2000,mustOut,frtRail
BG,h0357,0.15194976078086125,scr2000,mustOut,frtRail
BG,h0358,0.05457303760567398,scr2000,mustOut,frtRail
BG,h0359,0.022019422693934546,scr2000,mustOut,frtRail
BG,h0360,0.01295664413269369,scr2000,mustOut,frtRail
BG,h0361,0.004991174441476271,scr2000,mustOut,frtRail
BG,h0362,0.001124582343364059,scr2000,mustOut,frtRail
BG,h0363,0.0,scr2000,mustOut,frtRail
BG,h0364,0.0,scr2000,mustOut,frtRail
BG,h0365,0.00010400137801255494,scr2000,mustOut,frtRail
BG,h0366,0.0009235550108104215,scr2000,mustOut,frtRail
BG,h0367,0.04947256332769487,scr2000,mustOut,frtRail
BG,h0368,0.2614516381921459,scr2000,mustOut,frtRail
BG,h0369,0.38996443915173806,scr2000,mustOut,frtRail
BG,h0370,0.2855953271303958,scr2000,mustOut,frtRail
BG,h0371,0.09233244953886621,scr2000,mustOut,frtRail
BG,h0372,0.05034449510938097,scr2000,mustOut,frtRail
BG,h0373,0.05518162775144532,scr2000,mustOut,frtRail
BG,h0374,0.0703142591896094,scr2000,mustOut,frtRail
BG,h0375,0.07923092104336388,scr2000,mustOut,frtRail
BG,h0376,0.0945163444420669,scr2000,mustOut,frtRail
BG,h0377,0.16473186396390527,scr2000,mustOut,frtRail
BG,h0378,0.3281970244032028,scr2000,mustOut,frtRail
BG,h0379,0.4265226647378644,scr2000,mustOut,frtRail
BG,h0380,0.338048647625099,scr2000,mustOut,frtRail
BG,h0381,0.15194976078086125,scr2000,mustOut,frtRail
BG,h0382,0.05457303760567398,scr2000,mustOut,frtRail
BG,h0383,0.022019422693934546,scr2000,mustOut,frtRail
BG,h0384,0.01295664413269369,scr2000,mustOut,frtRail
BG,h0385,0.004991174441476271,scr2000,mustOut,frtRail
BG,h0386,0.001124582343364059,scr2000,mustOut,frtRail
BG,h0387,0.0,scr2000,mustOut,frtRail
BG,h0388,0.0,scr2000,mustOut,frtRail
BG,h0389,0.0,scr2000,mustOut,frtRail
BG,h0390,0.0036388652621870865,scr2000,mustOut,frtRail
BG,h0391,0.06145443081357116,scr2000,mustOut,frtRail
BG,h0392,0.2850548521204254,scr2000,mustOut,frtRail
BG,h0393,0.38996443915173806,scr2000,mustOut,frtRail
BG,h0394,0.2855953271303958,scr2000,mustOut,frtRail
BG,h0395,0.09233244953886621,scr2000,mustOut,frtRail
BG,h0396,0.05034449510938097,scr2000,mustOut,frtRail
BG,h0397,0.05518162775144532,scr2000,mustOut,frtRail
BG,h0398,0.0703142591896094,scr2000,mustOut,frtRail
BG,h0399,0.07923092104336388,scr2000,mustOut,frtRail
BG,h0400,0.0945163444420669,scr2000,mustOut,frtRail
BG,h0401,0.16473186396390527,scr2000,mustOut,frtRail
BG,h0402,0.3281970244032028,scr2000,mustOut,frtRail
BG,h0403,0.4314165142327533,scr2000,mustOut,frtRail
BG,h0404,0.40610729142520174,scr2000,mustOut,frtRail
BG,h0405,0.2508823817454351,scr2000,mustOut,frtRail
BG,h0406,0.1558952461266323,scr2000,mustOut,frtRail
BG,h0407,0.0757906618032289,scr2000,mustOut,frtRail
BG,h0408,0.03284670912305344,scr2000,mustOut,frtRail
BG,h0409,0.007314976979800423,scr2000,mustOut,frtRail
BG,h0410,0.0007731819843502392,scr2000,mustOut,frtRail
BG,h0411,0.0,scr2000,mustOut,frtRail
BG,h0412,0.0,scr2000,mustOut,frtRail
BG,h0413,0.0,scr2000,mustOut,frtRail
BG,h0414,0.0036388652621870865,scr2000,mustOut,frtRail
BG,h0415,0.012588365480795543,scr2000,mustOut,frtRail
BG,h0416,0.029537604269125682,scr2000,mustOut,frtRail
BG,h0417,0.04083500513507148,scr2000,mustOut,frtRail
BG,h0418,0.06316010496926065,scr2000,mustOut,frtRail
BG,h0419,0.11313622203522451,scr2000,mustOut,frtRail
BG,h0420,0.15653543106618212,scr2000,mustOut,frtRail
BG,h0421,0.14704261036539143,scr2000,mustOut,frtRail
BG,h0422,0.10987750547670001,scr2000,mustOut,frtRail
BG,h0423,0.07923092104336388,scr2000,mustOut,frtRail
BG,h0424,0.0945163444420669,scr2000,mustOut,frtRail
BG,h0425,0.16473186396390527,scr2000,mustOut,frtRail
BG,h0426,0.3281970244032028,scr2000,mustOut,frtRail
BG,h0427,0.4213697591089894,scr2000,mustOut,frtRail
BG,h0428,0.3724970737692319,scr2000,mustOut,frtRail
BG,h0429,0.21161474700811153,scr2000,mustOut,frtRail
BG,h0430,0.1324910890759873,scr2000,mustOut,frtRail
BG,h0431,0.11222459396997475,scr2000,mustOut,frtRail
BG,h0432,0.10230917847357107,scr2000,mustOut,frtRail
BG,h0433,0.05365331873919643,scr2000,mustOut,frtRail
BG,h0434,0.01124319054787848,scr2000,mustOut,frtRail
BG,h0435,0.0,scr2000,mustOut,frtRail
BG,h0436,0.0,scr2000,mustOut,frtRail
BG,h0437,0.0,scr2000,mustOut,frtRail
BG,h0438,0.0036388652621870865,scr2000,mustOut,frtRail
BG,h0439,0.012303813553396619,scr2000,mustOut,frtRail
BG,h0440,0.055011556031241284,scr2000,mustOut,frtRail
BG,h0441,0.1041221486401611,scr2000,mustOut,frtRail
BG,h0442,0.2087577786316178,scr2000,mustOut,frtRail
BG,h0443,0.26484248333382215,scr2000,mustOut,frtRail
BG,h0444,0.2664504364788206,scr2000,mustOut,frtRail
BG,h0445,0.17546503163144642,scr2000,mustOut,frtRail
BG,h0446,0.10957395632540362,scr2000,mustOut,frtRail
BG,h0447,0.07923092104336388,scr2000,mustOut,frtRail
BG,h0448,0.0945163444420669,scr2000,mustOut,frtRail
BG,h0449,0.16473186396390527,scr2000,mustOut,frtRail
BG,h0450,0.3281970244032028,scr2000,mustOut,frtRail
BG,h0451,0.4265226647378644,scr2000,mustOut,frtRail
BG,h0452,0.338048647625099,scr2000,mustOut,frtRail
BG,h0453,0.15194976078086125,scr2000,mustOut,frtRail
BG,h0454,0.05457303760567398,scr2000,mustOut,frtRail
BG,h0455,0.022019422693934546,scr2000,mustOut,frtRail
BG,h0456,0.01295664413269369,scr2000,mustOut,frtRail
BG,h0457,0.004991174441476271,scr2000,mustOut,frtRail
BG,h0458,0.001124582343364059,scr2000,mustOut,frtRail
BG,h0459,0.0,scr2000,mustOut,frtRail
BG,h0460,0.0,scr2000,mustOut,frtRail
BG,h0461,0.0,scr2000,mustOut,frtRail
BG,h0462,0.0036388652621870865,scr2000,mustOut,frtRail
BG,h0463,0.06145443081357116,scr2000,mustOut,frtRail
BG,h0464,0.2850548521204254,scr2000,mustOut,frtRail
BG,h0465,0.38996443915173806,scr2000,mustOut,frtRail
BG,h0466,0.2855953271303958,scr2000,mustOut,frtRail
BG,h0467,0.09233244953886621,scr2000,mustOut,frtRail
BG,h0468,0.05034449510938097,scr2000,mustOut,frtRail
BG,h0469,0.05518162775144532,scr2000,mustOut,frtRail
BG,h0470,0.0703142591896094,scr2000,mustOut,frtRail
BG,h0471,0.07923092104336388,scr2000,mustOut,frtRail
BG,h0472,0.0945163444420669,scr2000,mustOut,frtRail
BG,h0473,0.16473186396390527,scr2000,mustOut,frtRail
BG,h0474,0.3281970244032028,scr2000,mustOut,frtRail
BG,h0475,0.4265226647378644,scr2000,mustOut,frtRail
BG,h0476,0.338048647625099,scr2000,mustOut,frtRail
BG,h0477,0.15194976078086125,scr2000,mustOut,frtRail
BG,h0478,0.05457303760567398,scr2000,mustOut,frtRail
BG,h0479,0.022019422693934546,scr2000,mustOut,frtRail
BG,h0480,0.01295664413269369,scr2000,mustOut,frtRail
BG,h0481,0.004991174441476271,scr2000,mustOut,frtRail
BG,h0482,0.001124582343364059,scr2000,mustOut,frtRail
BG,h0483,0.0,scr2000,mustOut,frtRail
BG,h0484,0.0,scr2000,mustOut,frtRail
BG,h0485,0.0,scr2000,mustOut,frtRail
BG,h0486,0.0036388652621870865,scr2000,mustOut,frtRail
BG,h0487,0.06145443081357116,scr2000,mustOut,frtRail
BG,h0488,0.2850548521204254,scr2000,mustOut,frtRail
BG,h0489,0.38996443915173806,scr2000,mustOut,frtRail
BG,h0490,0.2855953271303958,scr2000,mustOut,frtRail
BG,h0491,0.09233244953886621,scr2000,mustOut,frtRail
BG,h0492,0.05034449510938097,scr2000,mustOut,frtRail
BG,h0493,0.09561720743219179,scr2000,mustOut,frtRail
BG,h0494,0.16200365972689867,scr2000,mustOut,frtRail
BG,h0495,0.247237767850855,scr2000,mustOut,frtRail
BG,h0496,0.23506916267014225,scr2000,mustOut,frtRail
BG,h0497,0.28182417015983535,scr2000,mustOut,frtRail
BG,h0498,0.3406680510819283,scr2000,mustOut,frtRail
BG,h0499,0.40173228234220565,scr2000,mustOut,frtRail
BG,h0500,0.3001008518792109,scr2000,mustOut,frtRail
BG,h0501,0.15194976078086125,scr2000,mustOut,frtRail
BG,h0502,0.05457303760567398,scr2000,mustOut,frtRail
BG,h0503,0.022019422693934546,scr2000,mustOut,frtRail
BG,h0504,0.01295664413269369,scr2000,mustOut,frtRail
CH,h0337,0.004991174441476271,scr2000,mustOut,frtRail
CH,h0338,0.001124582343364059,scr2000,mustOut,frtRail
CH,h0339,0.0,scr2000,mustOut,frtRail
CH,h0340,0.0,scr2000,mustOut,frtRail
CH,h0341,0.0008277996876940328,scr2000,mustOut,frtRail
CH,h0342,0.002902760757288197,scr2000,mustOut,frtRail
CH,h0343,0.0589595954704857,scr2000,mustOut,frtRail
CH,h0344,0.26770254822400014,scr2000,mustOut,frtRail
CH,h0345,0.38996443915173806,scr2000,mustOut,frtRail
CH,h0346,0.2855953271303958,scr2000,mustOut,frtRail
CH,h0347,0.09233244953886621,scr2000,mustOut,frtRail
CH,h0348,0.05034449510938097,scr2000,mustOut,frtRail
CH,h0349,0.10104675924386658,scr2000,mustOut,frtRail
CH,h0350,0.1687394200145734,scr2000,mustOut,frtRail
CH,h0351,0.23230650210312623,scr2000,mustOut,frtRail
CH,h0352,0.2620142078227696,scr2000,mustOut,frtRail
CH,h0353,0.336633131767583,scr2000,mustOut,frtRail
CH,h0354,0.43776030720753084,scr2000,mustOut,frtRail
CH,h0355,0.43971642,scr2000,mustOut,frtRail
CH,h0356,0.3081425209552586,scr2000,mustOut,frtRail
CH,h0357,0.15194976078086125,scr2000,mustOut,frtRail
CH,h0358,0.05457303760567398,scr2000,mustOut,frtRail
CH,h0359,0.022019422693934546,scr2000,mustOut,frtRail
CH,h0360,0.01295664413269369,scr2000,mustOut,frtRail
CH,h0361,0.004991174441476271,scr2000,mustOut,frtRail
CH,h0362,0.001124582343364059,scr2000,mustOut,frtRail
CH,h0363,0.0,scr2000,mustOut,frtRail
CH,h0364,0.0,scr2000,mustOut,frtRail
CH,h0365,0.00010400137801255494,scr2000,mustOut,frtRail
CH,h0366,0.0009235550108104215,scr2000,mustOut,frtRail
CH,h0367,0.04947256332769487,scr2000,mustOut,frtRail
CH,h0368,0.2614516381921459,scr2000,mustOut,frtRail
CH,h0369,0.38996443915173806,scr2000,mustOut,frtRail
CH,h0370,0.2855953271303958,scr2000,mustOut,frtRail
CH,h0371,0.09233244953886621,scr2000,mustOut,frtRail
CH,h0372,0.05034449510938097,scr2000,mustOut,frtRail
CH,h0373,0.05518162775144532,scr2000,mustOut,frtRail
CH,h0374,0.0703142591896094,scr2000,mustOut,frtRail
CH,h0375,0.07923092104336388,scr2000,mustOut,frtRail
CH,h0376,0.0945163444420669,scr2000,mustOut,frtRail
CH,h0377,0.16473186396390527,scr2000,mustOut,frtRail
CH,h0378,0.3281970244032028,scr2000,mustOut,frtRail
CH,h0379,0.4265226647378644,scr2000,mustOut,frtRail
CH,h0380,0.338048647625099,scr2000,mustOut,frtRail
CH,h0381,0.15194976078086125,scr2000,mustOut,frtRail
CH,h0382,0.05457303760567398,scr2000,mustOut,frtRail
CH,h0383,0.022019422693934546,scr2000,mustOut,frtRail
CH,h0384,0.01295664413269369,scr2000,mustOut,frtRail
CH,h0385,0.004991174441476271,scr2000,mustOut,frtRail
CH,h0386,0.001124582343364059,scr2000,mustOut,frtRail
CH,h0387,0.0,scr2000,mustOut,frtRail
CH,h0388,0.0,scr2000,mustOut,frtRail
CH,h0389,0.0,scr2000,mustOut,frtRail
CH,h0390,0.0036388652621870865,scr2000,mustOut,frtRail
CH,h0391,0.06145443081357116,scr2000,mustOut,frtRail
CH,h0392,0.2850548521204254,scr2000,mustOut,frtRail
CH,h0393,0.38996443915173806,scr2000,mustOut,frtRail
CH,h0394,0.2855953271303958,scr2000,mustOut,frtRail
CH,h0395,0.09233244953886621,scr2000,mustOut,frtRail
CH,h0396,0.05034449510938097,scr2000,mustOut,frtRail
CH,h0397,0.05518162775144532,scr2000,mustOut,frtRail
CH,h0398,0.0703142591896094,scr2000,mustOut,frtRail
CH,h0399,0.07923092104336388,scr2000,mustOut,frtRail
CH,h0400,0.0945163444420669,scr2000,mustOut,frtRail
CH,h0401,0.16473186396390527,scr2000,mustOut,frtRail
CH,h0402,0.3281970244032028,scr2000,mustOut,frtRail
CH,h0403,0.4314165142327533,scr2000,mustOut,frtRail
CH,h0404,0.40610729142520174,scr2000,mustOut,frtRail
CH,h0405,0.2508823817454351,scr2000,mustOut,frtRail
CH,h0406,0.1558952461266323,scr2000,mustOut,frtRail
CH,h0407,0.0757906618032289,scr2000,mustOut,frtRail
CH,h0408,0.03284670912305344,scr2000,mustOut,frtRail
CH,h0409,0.007314976979800423,scr2000,mustOut,frtRail
CH,h0410,0.0007731819843502392,scr2000,mustOut,frtRail
CH,h0411,0.0,scr2000,mustOut,frtRail
CH,h0412,0.0,scr2000,mustOut,frtRail
CH,h0413,0.0,scr2000,mustOut,frtRail
CH,h0414,0.0036388652621870865,scr2000,mustOut,frtRail
CH,h0415,0.012588365480795543,scr2000,mustOut,frtRail
CH,h0416,0.029537604269125682,scr2000,mustOut,frtRail
CH,h0417,0.04083500513507148,scr2000,mustOut,frtRail
CH,h0418,0.06316010496926065,scr2000,mustOut,frtRail
CH,h0419,0.11313622203522451,scr2000,mustOut,frtRail
CH,h0420,0.15653543106618212,scr2000,mustOut,frtRail
CH,h0421,0.14704261036539143,scr2000,mustOut,frtRail
CH,h0422,0.10987750547670001,scr2000,mustOut,frtRail
CH,h0423,0.07923092104336388,scr2000,mustOut,frtRail
CH,h0424,0.0945163444420669,scr2000,mustOut,frtRail
CH,h0425,0.16473186396390527,scr2000,mustOut,frtRail
CH,h0426,0.3281970244032028,scr2000,mustOut,frtRail
CH,h0427,0.4213697591089894,scr2000,mustOut,frtRail
CH,h0428,0.3724970737692319,scr2000,mustOut,frtRail
CH,h0429,0.21161474700811153,scr2000,mustOut,frtRail
CH,h0430,0.1324910890759873,scr2000,mustOut,frtRail
CH,h0431,0.11222459396997475,scr2000,mustOut,frtRail
CH,h0432,0.10230917847357107,scr2000,mustOut,frtRail
CH,h0433,0.05365331873919643,scr2000,mustOut,frtRail
CH,h0434,0.01124319054787848,scr2000,mustOut,frtRail
CH,h0435,0.0,scr2000,mustOut,frtRail
CH,h0436,0.0,scr2000,mustOut,frtRail
CH,h0437,0.0,scr2000,mustOut,frtRail
CH,h0438,0.0036388652621870865,scr2000,mustOut,frtRail
CH,h0439,0.012303813553396619,scr2000,mustOut,frtRail
CH,h0440,0.055011556031241284,scr2000,mustOut,frtRail
CH,h0441,0.1041221486401611,scr2000,mustOut,frtRail
CH,h0442,0.2087577786316178,scr2000,mustOut,frtRail
CH,h0443,0.26484248333382215,scr2000,mustOut,frtRail
CH,h0444,0.2664504364788206,scr2000,mustOut,frtRail
CH,h0445,0.17546503163144642,scr2000,mustOut,frtRail
CH,h0446,0.10957395632540362,scr2000,mustOut,frtRail
CH,h0447,0.07923092104336388,scr2000,mustOut,frtRail
CH,h0448,0.0945163444420669,scr2000,mustOut,frtRail
CH,h0449,0.16473186396390527,scr2000,mustOut,frtRail
CH,h0450,0.3281970244032028,scr2000,mustOut,frtRail
CH,h0451,0.4265226647378644,scr2000,mustOut,frtRail
CH,h0452,0.338048647625099,scr2000,mustOut,frtRail
CH,h0453,0.15194976078086125,scr2000,mustOut,frtRail
CH,h0454,0.05457303760567398,scr2000,mustOut,frtRail
CH,h0455,0.022019422693934546,scr2000,mustOut,frtRail
CH,h0456,0.01295664413269369,scr2000,mustOut,frtRail
CH,h0457,0.004991174441476271,scr2000,mustOut,frtRail
CH,h0458,0.001124582343364059,scr2000,mustOut,frtRail
CH,h0459,0.0,scr2000,mustOut,frtRail
CH,h0460,0.0,scr2000,mustOut,frtRail
CH,h0461,0.0,scr2000,mustOut,frtRail
CH,h0462,0.0036388652621870865,scr2000,mustOut,frtRail
CH,h0463,0.06145443081357116,scr2000,mustOut,frtRail
CH,h0464,0.2850548521204254,scr2000,mustOut,frtRail
CH,h0465,0.38996443915173806,scr2000,mustOut,frtRail
CH,h0466,0.2855953271303958,scr2000,mustOut,frtRail
CH,h0467,0.09233244953886621,scr2000,mustOut,frtRail
CH,h0468,0.05034449510938097,scr2000,mustOut,frtRail
CH,h0469,0.05518162775144532,scr2000,mustOut,frtRail
CH,h0470,0.0703142591896094,scr2000,mustOut,frtRail
CH,h0471,0.07923092104336388,scr2000,mustOut,frtRail
CH,h0472,0.0945163444420669,scr2000,mustOut,frtRail
CH,h0473,0.16473186396390527,scr2000,mustOut,frtRail
CH,h0474,0.3281970244032028,scr2000,mustOut,frtRail
CH,h0475,0.4265226647378644,scr2000,mustOut,frtRail
CH,h0476,0.338048647625099,scr2000,mustOut,frtRail
CH,h0477,0.15194976078086125,scr2000,mustOut,frtRail
CH,h0478,0.05457303760567398,scr2000,mustOut,frtRail
CH,h0479,0.022019422693934546,scr2000,mustOut,frtRail
CH,h0480,0.01295664413269369,scr2000,mustOut,frtRail
CH,h0481,0.004991174441476271,scr2000,mustOut,frtRail
CH,h0482,0.001124582343364059,scr2000,mustOut,frtRail
CH,h0483,0.0,scr2000,mustOut,frtRail
CH,h0484,0.0,scr2000,mustOut,frtRail
CH,h0485,0.0,scr2000,mustOut,frtRail
CH,h0486,0.0036388652621870865,scr2000,mustOut,frtRail
CH,h0487,0.06145443081357116,scr2000,mustOut,frtRail
CH,h0488,0.2850548521204254,scr2000,mustOut,frtRail
CH,h0489,0.38996443915173806,scr2000,mustOut,frtRail
CH,h0490,0.2855953271303958,scr2000,mustOut,frtRail
CH,h0491,0.09233244953886621,scr2000,mustOut,frtRail
CH,h0492,0.05034449510938097,scr2000,mustOut,frtRail
CH,h0493,0.09561720743219179,scr2000,mustOut,frtRail
CH,h0494,0.16200365972689867,scr2000,mustOut,frtRail
CH,h0495,0.247237767850855,scr2000,mustOut,frtRail
CH,h0496,0.23506916267014225,scr2000,mustOut,frtRail
CH,h0497,0.28182417015983535,scr2000,mustOut,frtRail
CH,h0498,0.3406680510819283,scr2000,mustOut,frtRail
CH,h0499,0.40173228234220565,scr2000,mustOut,frtRail
CH,h0500,0.3001008518792109,scr2000,mustOut,frtRail
CH,h0501,0.15194976078086125,scr2000,mustOut,frtRail
CH,h0502,0.05457303760567398,scr2000,mustOut,frtRail
CH,h0503,0.022019422693934546,scr2000,mustOut,frtRail
CH,h0504,0.01295664413269369,scr2000,mustOut,frtRail
CZ,h0337,0.004991174441476271,scr2000,mustOut,frtRail
CZ,h0338,0.001124582343364059,scr2000,mustOut,frtRail
CZ,h0339,0.0,scr2000,mustOut,frtRail
CZ,h0340,0.0,scr2000,mustOut,frtRail
CZ,h0341,0.0008277996876940328,scr2000,mustOut,frtRail
CZ,h0342,0.002902760757288197,scr2000,mustOut,frtRail
CZ,h0343,0.0589595954704857,scr2000,mustOut,frtRail
CZ,h0344,0.26770254822400014,scr2000,mustOut,frtRail
CZ,h0345,0.38996443915173806,scr2000,mustOut,frtRail
CZ,h0346,0.2855953271303958,scr2000,mustOut,frtRail
CZ,h0347,0.09233244953886621,scr2000,mustOut,frtRail
CZ,h0348,0.05034449510938097,scr2000,mustOut,frtRail
CZ,h0349,0.10104675924386658,scr2000,mustOut,frtRail
CZ,h0350,0.1687394200145734,scr2000,mustOut,frtRail
CZ,h0351,0.23230650210312623,scr2000,mustOut,frtRail
CZ,h0352,0.2620142078227696,scr2000,mustOut,frtRail
CZ,h0353,0.336633131767583,scr2000,mustOut,frtRail
CZ,h0354,0.43776030720753084,scr2000,mustOut,frtRail
CZ,h0355,0.43971642,scr2000,mustOut,frtRail
CZ,h0356,0.3081425209552586,scr2000,mustOut,frtRail
CZ,h0357,0.15194976078086125,scr2000,mustOut,frtRail
CZ,h0358,0.05457303760567398,scr2000,mustOut,frtRail
CZ,h0359,0.022019422693934546,scr2000,mustOut,frtRail
CZ,h0360,0.01295664413269369,scr2000,mustOut,frtRail
CZ,h0361,0.004991174441476271,scr2000,mustOut,frtRail
CZ,h0362,0.001124582343364059,scr2000,mustOut,frtRail
CZ,h0363,0.0,scr2000,mustOut,frtRail
CZ,h0364,0.0,scr2000,mustOut,frtRail
CZ,h0365,0.00010400137801255494,scr2000,mustOut,frtRail
CZ,h0366,0.0009235550108104215,scr2000,mustOut,frtRail
CZ,h0367,0.04947256332769487,scr2000,mustOut,frtRail
CZ,h0368,0.2614516381921459,scr2000,mustOut,frtRail
CZ,h0369,0.38996443915173806,scr2000,mustOut,frtRail
CZ,h0370,0.2855953271303958,scr2000,mustOut,frtRail
CZ,h0371,0.09233244953886621,scr2000,mustOut,frtRail
CZ,h0372,0.05034449510938097,scr2000,mustOut,frtRail
CZ,h0373,0.05518162775144532,scr2000,mustOut,frtRail
CZ,h0374,0.0703142591896094,scr2000,mustOut,frtRail
CZ,h0375,0.07923092104336388,scr2000,mustOut,frtRail
CZ,h0376,0.0945163444420669,scr2000,mustOut,frtRail
CZ,h0377,0.16473186396390527,scr2000,mustOut,frtRail
CZ,h0378,0.3281970244032028,scr2000,mustOut,frtRail
CZ,h0379,0.4265226647378644,scr2000,mustOut,frtRail
CZ,h0380,0.338048647625099,scr2000,mustOut,frtRail
CZ,h0381,0.15194976078086125,scr2000,mustOut,frtRail
CZ,h0382,0.05457303760567398,scr2000,mustOut,frtRail
CZ,h0383,0.022019422693934546,scr2000,mustOut,frtRail
CZ,h0384,0.01295664413269369,scr2000,mustOut,frtRail
CZ,h0385,0.004991174441476271,scr2000,mustOut,frtRail
CZ,h0386,0.001124582343364059,scr2000,mustOut,frtRail
CZ,h0387,0.0,scr2000,mustOut,frtRail
CZ,h0388,0.0,scr2000,mustOut,frtRail
CZ,h0389,0.0,scr2000,mustOut,frtRail
CZ,h0390,0.0036388652621870865,scr2000,mustOut,frtRail
CZ,h0391,0.06145443081357116,scr2000,mustOut,frtRail
CZ,h0392,0.2850548521204254,scr2000,mustOut,frtRail
CZ,h0393,0.38996443915173806,scr2000,mustOut,frtRail
CZ,h0394,0.2855953271303958,scr2000,mustOut,frtRail
CZ,h0395,0.09233244953886621,scr2000,mustOut,frtRail
CZ,h0396,0.05034449510938097,scr2000,mustOut,frtRail
CZ,h0397,0.05518162775144532,scr2000,mustOut,frtRail
CZ,h0398,0.0703142591896094,scr2000,mustOut,frtRail
CZ,h0399,0.07923092104336388,scr2000,mustOut,frtRail
CZ,h0400,0.0945163444420669,scr2000,mustOut,frtRail
CZ,h0401,0.16473186396390527,scr2000,mustOut,frtRail
CZ,h0402,0.3281970244032028,scr2000,mustOut,frtRail
CZ,h0403,0.4314165142327533,scr2000,mustOut,frtRail
CZ,h0404,0.40610729142520174,scr2000,mustOut,frtRail
CZ,h0405,0.2508823817454351,scr2000,mustOut,frtRail
CZ,h0406,0.1558952461266323,scr2000,mustOut,frtRail
CZ,h0407,0.0757906618032289,scr2000,mustOut,frtRail
CZ,h0408,0.03284670912305344,scr2000,mustOut,frtRail
CZ,h0409,0.007314976979800423,scr2000,mustOut,frtRail
CZ,h0410,0.0007731819843502392,scr2000,mustOut,frtRail
CZ,h0411,0.0,scr2000,mustOut,frtRail
CZ,h0412,0.0,scr2000,mustOut,frtRail
CZ,h0413,0.0,scr2000,mustOut,frtRail
CZ,h0414,0.0036388652621870865,scr2000,mustOut,frtRail
CZ,h0415,0.012588365480795543,scr2000,mustOut,frtRail
CZ,h0416,0.029537604269125682,scr2000,mustOut,frtRail
CZ,h0417,0.04083500513507148,scr2000,mustOut,frtRail
CZ,h0418,0.06316010496926065,scr2000,mustOut,frtRail
CZ,h0419,0.11313622203522451,scr2000,mustOut,frtRail
CZ,h0420,0.15653543106618212,scr2000,mustOut,frtRail
CZ,h0421,0.14704261036539143,scr2000,mustOut,frtRail
CZ,h0422,0.10987750547670001,scr2000,mustOut,frtRail
CZ,h0423,0.07923092104336388,scr2000,mustOut,frtRail
CZ,h0424,0.0945163444420669,scr2000,mustOut,frtRail
CZ,h0425,0.16473186396390527,scr2000,mustOut,frtRail
CZ,h0426,0.3281970244032028,scr2000,mustOut,frtRail
CZ,h0427,0.4213697591089894,scr2000,mustOut,frtRail
CZ,h0428,0.3724970737692319,scr2000,mustOut,frtRail
CZ,h0429,0.21161474700811153,scr2000,mustOut,frtRail
CZ,h0430,0.1324910890759873,scr2000,mustOut,frtRail
CZ,h0431,0.11222459396997475,scr2000,mustOut,frtRail
CZ,h0432,0.10230917847357107,scr2000,mustOut,frtRail
CZ,h0433,0.05365331873919643,scr2000,mustOut,frtRail
CZ,h0434,0.01124319054787848,scr2000,mustOut,frtRail
CZ,h0435,0.0,scr2000,mustOut,frtRail
CZ,h0436,0.0,scr2000,mustOut,frtRail
CZ,h0437,0.0,scr2000,mustOut,frtRail
CZ,h0438,0.0036388652621870865,scr2000,mustOut,frtRail
CZ,h0439,0.012303813553396619,scr2000,mustOut,frtRail
CZ,h0440,0.055011556031241284,scr2000,mustOut,frtRail
CZ,h0441,0.1041221486401611,scr2000,mustOut,frtRail
CZ,h0442,0.2087577786316178,scr2000,mustOut,frtRail
CZ,h0443,0.26484248333382215,scr2000,mustOut,frtRail
CZ,h0444,0.2664504364788206,scr2000,mustOut,frtRail
CZ,h0445,0.17546503163144642,scr2000,mustOut,frtRail
CZ,h0446,0.10957395632540362,scr2000,mustOut,frtRail
CZ,h0447,0.07923092104336388,scr2000,mustOut,frtRail
CZ,h0448,0.0945163444420669,scr2000,mustOut,frtRail
CZ,h0449,0.16473186396390527,scr2000,mustOut,frtRail
CZ,h0450,0.3281970244032028,scr2000,mustOut,frtRail
CZ,h0451,0.4265226647378644,scr2000,mustOut,frtRail
CZ,h0452,0.338048647625099,scr2000,mustOut,frtRail
CZ,h0453,0.15194976078086125,scr2000,mustOut,frtRail
CZ,h0454,0.05457303760567398,scr2000,mustOut,frtRail
CZ,h0455,0.022019422693934546,scr2000,mustOut,frtRail
CZ,h0456,0.01295664413269369,scr2000,mustOut,frtRail
CZ,h0457,0.004991174441476271,scr2000,mustOut,frtRail
CZ,h0458,0.001124582343364059,scr2000,mustOut,frtRail
CZ,h0459,0.0,scr2000,mustOut,frtRail
CZ,h0460,0.0,scr2000,mustOut,frtRail
CZ,h0461,0.0,scr2000,mustOut,frtRail
CZ,h0462,0.0036388652621870865,scr2000,mustOut,frtRail
CZ,h0463,0.06145443081357116,scr2000,mustOut,frtRail
CZ,h0464,0.2850548521204254,scr2000,mustOut,frtRail
CZ,h0465,0.38996443915173806,scr2000,mustOut,frtRail
CZ,h0466,0.2855953271303958,scr2000,mustOut,frtRail
CZ,h0467,0.09233244953886621,scr2000,mustOut,frtRail
CZ,h0468,0.05034449510938097,scr2000,mustOut,frtRail
CZ,h0469,0.05518162775144532,scr2000,mustOut,frtRail
CZ,h0470,0.0703142591896094,scr2000,mustOut,frtRail
CZ,h0471,0.07923092104336388,scr2000,mustOut,frtRail
CZ,h0472,0.0945163444420669,scr2000,mustOut,frtRail
CZ,h0473,0.16473186396390527,scr2000,mustOut,frtRail
CZ,h0474,0.3281970244032028,scr2000,mustOut,frtRail
CZ,h0475,0.4265226647378644,scr2000,mustOut,frtRail
CZ,h0476,0.338048647625099,scr2000,mustOut,frtRail
CZ,h0477,0.15194976078086125,scr2000,mustOut,frtRail
CZ,h0478,0.05457303760567398,scr2000,mustOut,frtRail
CZ,h0479,0.022019422693934546,scr2000,mustOut,frtRail
CZ,h0480,0.01295664413269369,scr2000,mustOut,frtRail
CZ,h0481,0.004991174441476271,scr2000,mustOut,frtRail
CZ,h0482,0.001124582343364059,scr2000,mustOut,frtRail
CZ,h0483,0.0,scr2000,mustOut,frtRail
CZ,h0484,0.0,scr2000,mustOut,frtRail
CZ,h0485,0.0,scr2000,mustOut,frtRail
CZ,h0486,0.0036388652621870865,scr2000,mustOut,frtRail
CZ,h0487,0.06145443081357116,scr2000,mustOut,frtRail
CZ,h0488,0.2850548521204254,scr2000,mustOut,frtRail
CZ,h0489,0.38996443915173806,scr2000,mustOut,frtRail
CZ,h0490,0.2855953271303958,scr2000,mustOut,frtRail
CZ,h0491,0.09233244953886621,scr2000,mustOut,frtRail
CZ,h0492,0.05034449510938097,scr2000,mustOut,frtRail
CZ,h0493,0.09561720743219179,scr2000,mustOut,frtRail
CZ,h0494,0.16200365972689867,scr2000,mustOut,frtRail
CZ,h0495,0.247237767850855,scr2000,mustOut,frtRail
CZ,h0496,0.23506916267014225,scr2000,mustOut,frtRail
CZ,h0497,0.28182417015983535,scr2000,mustOut,frtRail
CZ,h0498,0.3406680510819283,scr2000,mustOut,frtRail
CZ,h0499,0.40173228234220565,scr2000,mustOut,frtRail
CZ,h0500,0.3001008518792109,scr2000,mustOut,frtRail
CZ,h0501,0.15194976078086125,scr2000,mustOut,frtRail
CZ,h0502,0.05457303760567398,scr2000,mustOut,frtRail
CZ,h0503,0.022019422693934546,scr2000,mustOut,frtRail
CZ,h0504,0.01295664413269369,scr2000,mustOut,frtRail
DE,h0337,0.00499117444147627,scr2000,mustOut,frtRail
DE,h0338,0.0011245823433640584,scr2000,mustOut,frtRail
DE,h0339,0.0,scr2000,mustOut,frtRail
DE,h0340,0.0,scr2000,mustOut,frtRail
DE,h0341,0.000827799687694033,scr2000,mustOut,frtRail
DE,h0342,0.002902760757288196,scr2000,mustOut,frtRail
DE,h0343,0.05895959547048569,scr2000,mustOut,frtRail
DE,h0344,0.267702548224,scr2000,mustOut,frtRail
DE,h0345,0.38996443915173795,scr2000,mustOut,frtRail
DE,h0346,0.28559532713039576,scr2000,mustOut,frtRail
DE,h0347,0.09233244953886621,scr2000,mustOut,frtRail
DE,h0348,0.05034449510938096,scr2000,mustOut,frtRail
DE,h0349,0.10104675924386655,scr2000,mustOut,frtRail
DE,h0350,0.16873942001457345,scr2000,mustOut,frtRail
DE,h0351,0.23230650210312617,scr2000,mustOut,frtRail
DE,h0352,0.2620142078227696,scr2000,mustOut,frtRail
DE,h0353,0.3366331317675829,scr2000,mustOut,frtRail
DE,h0354,0.43776030720753073,scr2000,mustOut,frtRail
DE,h0355,0.43971641999999994,scr2000,mustOut,frtRail
DE,h0356,0.30814252095525857,scr2000,mustOut,frtRail
DE,h0357,0.15194976078086125,scr2000,mustOut,frtRail
DE,h0358,0.05457303760567397,scr2000,mustOut,frtRail
DE,h0359,0.02201942269393454,scr2000,mustOut,frtRail
DE,h0360,0.012956644132693686,scr2000,mustOut,frtRail
DE,h0361,0.00499117444147627,scr2000,mustOut,frtRail
DE,h0362,0.0011245823433640584,scr2000,mustOut,frtRail
DE,h0363,0.0,scr2000,mustOut,frtRail
DE,h0364,0.0,scr2000,mustOut,frtRail
DE,h0365,0.00010400137801255498,scr2000,mustOut,frtRail
DE,h0366,0.0009235550108104212,scr2000,mustOut,frtRail
DE,h0367,0.049472563327694855,scr2000,mustOut,frtRail
DE,h0368,0.2614516381921458,scr2000,mustOut,frtRail
DE,h0369,0.38996443915173795,scr2000,mustOut,frtRail
DE,h0370,0.28559532713039576,scr2000,mustOut,frtRail
DE,h0371,0.09233244953886621,scr2000,mustOut,frtRail
DE,h0372,0.05034449510938096,scr2000,mustOut,frtRail
DE,h0373,0.0551816277514453,scr2000,mustOut,frtRail
DE,h0374,0.07031425918960939,scr2000,mustOut,frtRail
DE,h0375,0.07923092104336386,scr2000,mustOut,frtRail
DE,h0376,0.0945163444420669,scr2000,mustOut,frtRail
DE,h0377,0.1647318639639052,scr2000,mustOut,frtRail
DE,h0378,0.3281970244032027,scr2000,mustOut,frtRail
DE,h0379,0.42652266473786427,scr2000,mustOut,frtRail
DE,h0380,0.3380486476250989,scr2000,mustOut,frtRail
DE,h0381,0.15194976078086125,scr2000,mustOut,frtRail
DE,h0382,0.05457303760567397,scr2000,mustOut,frtRail
DE,h0383,0.02201942269393454,scr2000,mustOut,frtRail
DE,h0384,0.012956644132693686,scr2000,mustOut,frtRail
DE,h0385,0.00499117444147627,scr2000,mustOut,frtRail
DE,h0386,0.0011245823433640584,scr2000,mustOut,frtRail
DE,h0387,0.0,scr2000,mustOut,frtRail
DE,h0388,0.0,scr2000,mustOut,frtRail
DE,h0389,0.0,scr2000,mustOut,frtRail
DE,h0390,0.003638865262187084,scr2000,mustOut,frtRail
DE,h0391,0.06145443081357114,scr2000,mustOut,frtRail
DE,h0392,0.2850548521204253,scr2000,mustOut,frtRail
DE,h0393,0.38996443915173795,scr2000,mustOut,frtRail
DE,h0394,0.28559532713039576,scr2000,mustOut,frtRail
DE,h0395,0.09233244953886621,scr2000,mustOut,frtRail
DE,h0396,0.05034449510938096,scr2000,mustOut,frtRail
DE,h0397,0.0551816277514453,scr2000,mustOut,frtRail
DE,h0398,0.07031425918960939,scr2000,mustOut,frtRail
DE,h0399,0.07923092104336386,scr2000,mustOut,frtRail
DE,h0400,0.0945163444420669,scr2000,mustOut,frtRail
DE,h0401,0.1647318639639052,scr2000,mustOut,frtRail
DE,h0402,0.3281970244032027,scr2000,mustOut,frtRail
DE,h0403,0.4314165142327532,scr2000,mustOut,frtRail
DE,h0404,0.40610729142520163,scr2000,mustOut,frtRail
DE,h0405,0.25088238174543503,scr2000,mustOut,frtRail
DE,h0406,0.15589524612663228,scr2000,mustOut,frtRail
DE,h0407,0.07579066180322887,scr2000,mustOut,frtRail
DE,h0408,0.03284670912305343,scr2000,mustOut,frtRail
DE,h0409,0.007314976979800421,scr2000,mustOut,frtRail
DE,h0410,0.000773181984350239,scr2000,mustOut,frtRail
DE,h0411,0.0,scr2000,mustOut,frtRail
DE,h0412,0.0,scr2000,mustOut,frtRail
DE,h0413,0.0,scr2000,mustOut,frtRail
DE,h0414,0.003638865262187084,scr2000,mustOut,frtRail
DE,h0415,0.012588365480795536,scr2000,mustOut,frtRail
DE,h0416,0.02953760426912566,scr2000,mustOut,frtRail
DE,h0417,0.04083500513507147,scr2000,mustOut,frtRail
DE,h0418,0.06316010496926062,scr2000,mustOut,frtRail
DE,h0419,0.11313622203522448,scr2000,mustOut,frtRail
DE,h0420,0.1565354310661821,scr2000,mustOut,frtRail
DE,h0421,0.14704261036539132,scr2000,mustOut,frtRail
DE,h0422,0.10987750547669999,scr2000,mustOut,frtRail
DE,h0423,0.07923092104336386,scr2000,mustOut,frtRail
DE,h0424,0.0945163444420669,scr2000,mustOut,frtRail
DE,h0425,0.1647318639639052,scr2000,mustOut,frtRail
DE,h0426,0.3281970244032027,scr2000,mustOut,frtRail
DE,h0427,0.4213697591089893,scr2000,mustOut,frtRail
DE,h0428,0.3724970737692318,scr2000,mustOut,frtRail
DE,h0429,0.21161474700811148,scr2000,mustOut,frtRail
DE,h0430,0.13249108907598725,scr2000,mustOut,frtRail
DE,h0431,0.11222459396997476,scr2000,mustOut,frtRail
DE,h0432,0.10230917847357109,scr2000,mustOut,frtRail
DE,h0433,0.05365331873919642,scr2000,mustOut,frtRail
DE,h0434,0.011243190547878477,scr2000,mustOut,frtRail
DE,h0435,0.0,scr2000,mustOut,frtRail
DE,h0436,0.0,scr2000,mustOut,frtRail
DE,h0437,0.0,scr2000,mustOut,frtRail
DE,h0438,0.003638865262187084,scr2000,mustOut,frtRail
DE,h0439,0.012303813553396615,scr2000,mustOut,frtRail
DE,h0440,0.05501155603124126,scr2000,mustOut,frtRail
DE,h0441,0.10412214864016107,scr2000,mustOut,frtRail
DE,h0442,0.20875777863161774,scr2000,mustOut,frtRail
DE,h0443,0.26484248333382204,scr2000,mustOut,frtRail
DE,h0444,0.26645043647882055,scr2000,mustOut,frtRail
DE,h0445,0.17546503163144636,scr2000,mustOut,frtRail
DE,h0446,0.10957395632540358,scr2000,mustOut,frtRail
DE,h0447,0.07923092104336386,scr2000,mustOut,frtRail
DE,h0448,0.0945163444420669,scr2000,mustOut,frtRail
DE,h0449,0.1647318639639052,scr2000,mustOut,frtRail
DE,h0450,0.3281970244032027,scr2000,mustOut,frtRail
DE,h0451,0.42652266473786427,scr2000,mustOut,frtRail
DE,h0452,0.3380486476250989,scr2000,mustOut,frtRail
DE,h0453,0.15194976078086125,scr2000,mustOut,frtRail
DE,h0454,0.05457303760567397,scr2000,mustOut,frtRail
DE,h0455,0.02201942269393454,scr2000,mustOut,frtRail
DE,h0456,0.012956644132693686,scr2000,mustOut,frtRail
DE,h0457,0.00499117444147627,scr2000,mustOut,frtRail
DE,h0458,0.0011245823433640584,scr2000,mustOut,frtRail
DE,h0459,0.0,scr2000,mustOut,frtRail
DE,h0460,0.0,scr2000,mustOut,frtRail
DE,h0461,0.0,scr2000,mustOut,frtRail
DE,h0462,0.003638865262187084,scr2000,mustOut,frtRail
DE,h0463,0.06145443081357114,scr2000,mustOut,frtRail
DE,h0464,0.2850548521204253,scr2000,mustOut,frtRail
DE,h0465,0.38996443915173795,scr2000,mustOut,frtRail
DE,h0466,0.28559532713039576,scr2000,mustOut,frtRail
DE,h0467,0.09233244953886621,scr2000,mustOut,frtRail
DE,h0468,0.05034449510938096,scr2000,mustOut,frtRail
DE,h0469,0.0551816277514453,scr2000,mustOut,frtRail
DE,h0470,0.07031425918960939,scr2000,mustOut,frtRail
DE,h0471,0.07923092104336386,scr2000,mustOut,frtRail
DE,h0472,0.0945163444420669,scr2000,mustOut,frtRail
DE,h0473,0.1647318639639052,scr2000,mustOut,frtRail
DE,h0474,0.3281970244032027,scr2000,mustOut,frtRail
DE,h0475,0.42652266473786427,scr2000,mustOut,frtRail
DE,h0476,0.3380486476250989,scr2000,mustOut,frtRail
DE,h0477,0.15194976078086125,scr2000,mustOut,frtRail
DE,h0478,0.05457303760567397,scr2000,mustOut,frtRail
DE,h0479,0.02201942269393454,scr2000,mustOut,frtRail
DE,h0480,0.012956644132693686,scr2000,mustOut,frtRail
DE,h0481,0.00499117444147627,scr2000,mustOut,frtRail
DE,h0482,0.0011245823433640584,scr2000,mustOut,frtRail
DE,h0483,0.0,scr2000,mustOut,frtRail
DE,h0484,0.0,scr2000,mustOut,frtRail
DE,h0485,0.0,scr2000,mustOut,frtRail
DE,h0486,0.003638865262187084,scr2000,mustOut,frtRail
DE,h0487,0.06145443081357114,scr2000,mustOut,frtRail
DE,h0488,0.2850548521204253,scr2000,mustOut,frtRail
DE,h0489,0.38996443915173795,scr2000,mustOut,frtRail
DE,h0490,0.28559532713039576,scr2000,mustOut,frtRail
DE,h0491,0.09233244953886621,scr2000,mustOut,frtRail
DE,h0492,0.05034449510938096,scr2000,mustOut,frtRail
DE,h0493,0.09561720743219172,scr2000,mustOut,frtRail
DE,h0494,0.16200365972689862,scr2000,mustOut,frtRail
DE,h0495,0.24723776785085494,scr2000,mustOut,frtRail
DE,h0496,0.23506916267014216,scr2000,mustOut,frtRail
DE,h0497,0.2818241701598353,scr2000,mustOut,frtRail
DE,h0498,0.3406680510819282,scr2000,mustOut,frtRail
DE,h0499,0.4017322823422057,scr2000,mustOut,frtRail
DE,h0500,0.3001008518792109,scr2000,mustOut,frtRail
DE,h0501,0.15194976078086125,scr2000,mustOut,frtRail
DE,h0502,0.05457303760567397,scr2000,mustOut,frtRail
DE,h0503,0.02201942269393454,scr2000,mustOut,frtRail
DE,h0504,0.012956644132693686,scr2000,mustOut,frtRail
GR,h0337,0.004991174441476271,scr2000,mustOut,frtRail
GR,h0338,0.001124582343364059,scr2000,mustOut,frtRail
GR,h0339,0.0,scr2000,mustOut,frtRail
GR,h0340,0.0,scr2000,mustOut,frtRail
GR,h0341,0.0008277996876940328,scr2000,mustOut,frtRail
GR,h0342,0.002902760757288197,scr2000,mustOut,frtRail
GR,h0343,0.0589595954704857,scr2000,mustOut,frtRail
GR,h0344,0.26770254822400014,scr2000,mustOut,frtRail
GR,h0345,0.38996443915173806,scr2000,mustOut,frtRail
GR,h0346,0.2855953271303958,scr2000,mustOut,frtRail
GR,h0347,0.09233244953886621,scr2000,mustOut,frtRail
GR,h0348,0.05034449510938097,scr2000,mustOut,frtRail
GR,h0349,0.10104675924386658,scr2000,mustOut,frtRail
GR,h0350,0.1687394200145734,scr2000,mustOut,frtRail
GR,h0351,0.23230650210312623,scr2000,mustOut,frtRail
GR,h0352,0.2620142078227696,scr2000,mustOut,frtRail
GR,h0353,0.336633131767583,scr2000,mustOut,frtRail
GR,h0354,0.43776030720753084,scr2000,mustOut,frtRail
GR,h0355,0.43971642,scr2000,mustOut,frtRail
GR,h0356,0.3081425209552586,scr2000,mustOut,frtRail
GR,h0357,0.15194976078086125,scr2000,mustOut,frtRail
GR,h0358,0.05457303760567398,scr2000,mustOut,frtRail
GR,h0359,0.022019422693934546,scr2000,mustOut,frtRail
GR,h0360,0.01295664413269369,scr2000,mustOut,frtRail
GR,h0361,0.004991174441476271,scr2000,mustOut,frtRail
GR,h0362,0.001124582343364059,scr2000,mustOut,frtRail
GR,h0363,0.0,scr2000,mustOut,frtRail
GR,h0364,0.0,scr2000,mustOut,frtRail
GR,h0365,0.00010400137801255494,scr2000,mustOut,frtRail
GR,h0366,0.0009235550108104215,scr2000,mustOut,frtRail
GR,h0367,0.04947256332769487,scr2000,mustOut,frtRail
GR,h0368,0.2614516381921459,scr2000,mustOut,frtRail
GR,h0369,0.38996443915173806,scr2000,mustOut,frtRail
GR,h0370,0.2855953271303958,scr2000,mustOut,frtRail
GR,h0371,0.09233244953886621,scr2000,mustOut,frtRail
GR,h0372,0.05034449510938097,scr2000,mustOut,frtRail
GR,h0373,0.05518162775144532,scr2000,mustOut,frtRail
GR,h0374,0.0703142591896094,scr2000,mustOut,frtRail
GR,h0375,0.07923092104336388,scr2000,mustOut,frtRail
GR,h0376,0.0945163444420669,scr2000,mustOut,frtRail
GR,h0377,0.16473186396390527,scr2000,mustOut,frtRail
GR,h0378,0.3281970244032028,scr2000,mustOut,frtRail
GR,h0379,0.4265226647378644,scr2000,mustOut,frtRail
GR,h0380,0.338048647625099,scr2000,mustOut,frtRail
GR,h0381,0.15194976078086125,scr2000,mustOut,frtRail
GR,h0382,0.05457303760567398,scr2000,mustOut,frtRail
GR,h0383,0.022019422693934546,scr2000,mustOut,frtRail
GR,h0384,0.01295664413269369,scr2000,mustOut,frtRail
GR,h0385,0.004991174441476271,scr2000,mustOut,frtRail
GR,h0386,0.001124582343364059,scr2000,mustOut,frtRail
GR,h0387,0.0,scr2000,mustOut,frtRail
GR,h0388,0.0,scr2000,mustOut,frtRail
GR,h0389,0.0,scr2000,mustOut,frtRail
GR,h0390,0.0036388652621870865,scr2000,mustOut,frtRail
GR,h0391,0.06145443081357116,scr2000,mustOut,frtRail
GR,h0392,0.2850548521204254,scr2000,mustOut,frtRail
GR,h0393,0.38996443915173806,scr2000,mustOut,frtRail
GR,h0394,0.2855953271303958,scr2000,mustOut,frtRail
GR,h0395,0.09233244953886621,scr2000,mustOut,frtRail
GR,h0396,0.05034449510938097,scr2000,mustOut,frtRail
GR,h0397,0.05518162775144532,scr2000,mustOut,frtRail
GR,h0398,0.0703142591896094,scr2000,mustOut,frtRail
GR,h0399,0.07923092104336388,scr2000,mustOut,frtRail
GR,h0400,0.0945163444420669,scr2000,mustOut,frtRail
GR,h0401,0.16473186396390527,scr2000,mustOut,frtRail
GR,h0402,0.3281970244032028,scr2000,mustOut,frtRail
GR,h0403,0.4314165142327533,scr2000,mustOut,frtRail
GR,h0404,0.40610729142520174,scr2000,mustOut,frtRail
GR,h0405,0.2508823817454351,scr2000,mustOut,frtRail
GR,h0406,0.1558952461266323,scr2000,mustOut,frtRail
GR,h0407,0.0757906618032289,scr2000,mustOut,frtRail
GR,h0408,0.03284670912305344,scr2000,mustOut,frtRail
GR,h0409,0.007314976979800423,scr2000,mustOut,frtRail
GR,h0410,0.0007731819843502392,scr2000,mustOut,frtRail
GR,h0411,0.0,scr2000,mustOut,frtRail
GR,h0412,0.0,scr2000,mustOut,frtRail
GR,h0413,0.0,scr2000,mustOut,frtRail
GR,h0414,0.0036388652621870865,scr2000,mustOut,frtRail
GR,h0415,0.012588365480795543,scr2000,mustOut,frtRail
GR,h0416,0.029537604269125682,scr2000,mustOut,frtRail
GR,h0417,0.04083500513507148,scr2000,mustOut,frtRail
GR,h0418,0.06316010496926065,scr2000,mustOut,frtRail
GR,h0419,0.11313622203522451,scr2000,mustOut,frtRail
GR,h0420,0.15653543106618212,scr2000,mustOut,frtRail
GR,h0421,0.14704261036539143,scr2000,mustOut,frtRail
GR,h0422,0.10987750547670001,scr2000,mustOut,frtRail
GR,h0423,0.07923092104336388,scr2000,mustOut,frtRail
GR,h0424,0.0945163444420669,scr2000,mustOut,frtRail
GR,h0425,0.16473186396390527,scr2000,mustOut,frtRail
GR,h0426,0.3281970244032028,scr2000,mustOut,frtRail
GR,h0427,0.4213697591089894,scr2000,mustOut,frtRail
GR,h0428,0.3724970737692319,scr2000,mustOut,frtRail
GR,h0429,0.21161474700811153,scr2000,mustOut,frtRail
GR,h0430,0.1324910890759873,scr2000,mustOut,frtRail
GR,h0431,0.11222459396997475,scr2000,mustOut,frtRail
GR,h0432,0.10230917847357107,scr2000,mustOut,frtRail
GR,h0433,0.05365331873919643,scr2000,mustOut,frtRail
GR,h0434,0.01124319054787848,scr2000,mustOut,frtRail
GR,h0435,0.0,scr2000,mustOut,frtRail
GR,h0436,0.0,scr2000,mustOut,frtRail
GR,h0437,0.0,scr2000,mustOut,frtRail
GR,h0438,0.0036388652621870865,scr2000,mustOut,frtRail
GR,h0439,0.012303813553396619,scr2000,mustOut,frtRail
GR,h0440,0.055011556031241284,scr2000,mustOut,frtRail
GR,h0441,0.1041221486401611,scr2000,mustOut,frtRail
GR,h0442,0.2087577786316178,scr2000,mustOut,frtRail
GR,h0443,0.26484248333382215,scr2000,mustOut,frtRail
GR,h0444,0.2664504364788206,scr2000,mustOut,frtRail
GR,h0445,0.17546503163144642,scr2000,mustOut,frtRail
GR,h0446,0.10957395632540362,scr2000,mustOut,frtRail
GR,h0447,0.07923092104336388,scr2000,mustOut,frtRail
GR,h0448,0.0945163444420669,scr2000,mustOut,frtRail
GR,h0449,0.16473186396390527,scr2000,mustOut,frtRail
GR,h0450,0.3281970244032028,scr2000,mustOut,frtRail
GR,h0451,0.4265226647378644,scr2000,mustOut,frtRail
GR,h0452,0.338048647625099,scr2000,mustOut,frtRail
GR,h0453,0.15194976078086125,scr2000,mustOut,frtRail
GR,h0454,0.05457303760567398,scr2000,mustOut,frtRail
GR,h0455,0.022019422693934546,scr2000,mustOut,frtRail
GR,h0456,0.01295664413269369,scr2000,mustOut,frtRail
GR,h0457,0.004991174441476271,scr2000,mustOut,frtRail
GR,h0458,0.001124582343364059,scr2000,mustOut,frtRail
GR,h0459,0.0,scr2000,mustOut,frtRail
GR,h0460,0.0,scr2000,mustOut,frtRail
GR,h0461,0.0,scr2000,mustOut,frtRail
GR,h0462,0.0036388652621870865,scr2000,mustOut,frtRail
GR,h0463,0.06145443081357116,scr2000,mustOut,frtRail
GR,h0464,0.2850548521204254,scr2000,mustOut,frtRail
GR,h0465,0.38996443915173806,scr2000,mustOut,frtRail
GR,h0466,0.2855953271303958,scr2000,mustOut,frtRail
GR,h0467,0.09233244953886621,scr2000,mustOut,frtRail
GR,h0468,0.05034449510938097,scr2000,mustOut,frtRail
GR,h0469,0.05518162775144532,scr2000,mustOut,frtRail
GR,h0470,0.0703142591896094,scr2000,mustOut,frtRail
GR,h0471,0.07923092104336388,scr2000,mustOut,frtRail
GR,h0472,0.0945163444420669,scr2000,mustOut,frtRail
GR,h0473,0.16473186396390527,scr2000,mustOut,frtRail
GR,h0474,0.3281970244032028,scr2000,mustOut,frtRail
GR,h0475,0.4265226647378644,scr2000,mustOut,frtRail
GR,h0476,0.338048647625099,scr2000,mustOut,frtRail
GR,h0477,0.15194976078086125,scr2000,mustOut,frtRail
GR,h0478,0.05457303760567398,scr2000,mustOut,frtRail
GR,h0479,0.022019422693934546,scr2000,mustOut,frtRail
GR,h0480,0.01295664413269369,scr2000,mustOut,frtRail
GR,h0481,0.004991174441476271,scr2000,mustOut,frtRail
GR,h0482,0.001124582343364059,scr2000,mustOut,frtRail
GR,h0483,0.0,scr2000,mustOut,frtRail
GR,h0484,0.0,scr2000,mustOut,frtRail
GR,h0485,0.0,scr2000,mustOut,frtRail
GR,h0486,0.0036388652621870865,scr2000,mustOut,frtRail
GR,h0487,0.06145443081357116,scr2000,mustOut,frtRail
GR,h0488,0.2850548521204254,scr2000,mustOut,frtRail
GR,h0489,0.38996443915173806,scr2000,mustOut,frtRail
GR,h0490,0.2855953271303958,scr2000,mustOut,frtRail
GR,h0491,0.09233244953886621,scr2000,mustOut,frtRail
GR,h0492,0.05034449510938097,scr2000,mustOut,frtRail
GR,h0493,0.09561720743219179,scr2000,mustOut,frtRail
GR,h0494,0.16200365972689867,scr2000,mustOut,frtRail
GR,h0495,0.247237767850855,scr2000,mustOut,frtRail
GR,h0496,0.23506916267014225,scr2000,mustOut,frtRail
GR,h0497,0.28182417015983535,scr2000,mustOut,frtRail
GR,h0498,0.3406680510819283,scr2000,mustOut,frtRail
GR,h0499,0.40173228234220565,scr2000,mustOut,frtRail
GR,h0500,0.3001008518792109,scr2000,mustOut,frtRail
GR,h0501,0.15194976078086125,scr2000,mustOut,frtRail
GR,h0502,0.05457303760567398,scr2000,mustOut,frtRail
GR,h0503,0.022019422693934546,scr2000,mustOut,frtRail
GR,h0504,0.01295664413269369,scr2000,mustOut,frtRail
ES,h0337,0.00499117444147627,scr2000,mustOut,frtRail
ES,h0338,0.0011245823433640588,scr2000,mustOut,frtRail
ES,h0339,0.0,scr2000,mustOut,frtRail
ES,h0340,0.0,scr2000,mustOut,frtRail
ES,h0341,0.000827799687694033,scr2000,mustOut,frtRail
ES,h0342,0.002902760757288196,scr2000,mustOut,frtRail
ES,h0343,0.05895959547048569,scr2000,mustOut,frtRail
ES,h0344,0.267702548224,scr2000,mustOut,frtRail
ES,h0345,0.38996443915173795,scr2000,mustOut,frtRail
ES,h0346,0.28559532713039576,scr2000,mustOut,frtRail
ES,h0347,0.09233244953886621,scr2000,mustOut,frtRail
ES,h0348,0.05034449510938096,scr2000,mustOut,frtRail
ES,h0349,0.10104675924386655,scr2000,mustOut,frtRail
ES,h0350,0.16873942001457334,scr2000,mustOut,frtRail
ES,h0351,0.23230650210312617,scr2000,mustOut,frtRail
ES,h0352,0.2620142078227695,scr2000,mustOut,frtRail
ES,h0353,0.3366331317675829,scr2000,mustOut,frtRail
ES,h0354,0.43776030720753073,scr2000,mustOut,frtRail
ES,h0355,0.43971641999999994,scr2000,mustOut,frtRail
ES,h0356,0.30814252095525857,scr2000,mustOut,frtRail
ES,h0357,0.15194976078086125,scr2000,mustOut,frtRail
ES,h0358,0.05457303760567397,scr2000,mustOut,frtRail
ES,h0359,0.02201942269393454,scr2000,mustOut,frtRail
ES,h0360,0.01295664413269369,scr2000,mustOut,frtRail
ES,h0361,0.00499117444147627,scr2000,mustOut,frtRail
ES,h0362,0.0011245823433640588,scr2000,mustOut,frtRail
ES,h0363,0.0,scr2000,mustOut,frtRail
ES,h0364,0.0,scr2000,mustOut,frtRail
ES,h0365,0.00010400137801255498,scr2000,mustOut,frtRail
ES,h0366,0.0009235550108104217,scr2000,mustOut,frtRail
ES,h0367,0.049472563327694855,scr2000,mustOut,frtRail
ES,h0368,0.2614516381921458,scr2000,mustOut,frtRail
ES,h0369,0.38996443915173795,scr2000,mustOut,frtRail
ES,h0370,0.28559532713039576,scr2000,mustOut,frtRail
ES,h0371,0.09233244953886621,scr2000,mustOut,frtRail
ES,h0372,0.05034449510938096,scr2000,mustOut,frtRail
ES,h0373,0.0551816277514453,scr2000,mustOut,frtRail
ES,h0374,0.07031425918960939,scr2000,mustOut,frtRail
ES,h0375,0.07923092104336386,scr2000,mustOut,frtRail
ES,h0376,0.0945163444420669,scr2000,mustOut,frtRail
ES,h0377,0.1647318639639052,scr2000,mustOut,frtRail
ES,h0378,0.3281970244032027,scr2000,mustOut,frtRail
ES,h0379,0.42652266473786427,scr2000,mustOut,frtRail
ES,h0380,0.3380486476250989,scr2000,mustOut,frtRail
ES,h0381,0.15194976078086125,scr2000,mustOut,frtRail
ES,h0382,0.05457303760567397,scr2000,mustOut,frtRail
ES,h0383,0.02201942269393454,scr2000,mustOut,frtRail
ES,h0384,0.01295664413269369,scr2000,mustOut,frtRail
ES,h0385,0.00499117444147627,scr2000,mustOut,frtRail
ES,h0386,0.0011245823433640588,scr2000,mustOut,frtRail
ES,h0387,0.0,scr2000,mustOut,frtRail
ES,h0388,0.0,scr2000,mustOut,frtRail
ES,h0389,0.0,scr2000,mustOut,frtRail
ES,h0390,0.0036388652621870852,scr2000,mustOut,frtRail
ES,h0391,0.06145443081357114,scr2000,mustOut,frtRail
ES,h0392,0.2850548521204253,scr2000,mustOut,frtRail
ES,h0393,0.38996443915173795,scr2000,mustOut,frtRail
ES,h0394,0.28559532713039576,scr2000,mustOut,frtRail
ES,h0395,0.09233244953886621,scr2000,mustOut,frtRail
ES,h0396,0.05034449510938096,scr2000,mustOut,frtRail
ES,h0397,0.0551816277514453,scr2000,mustOut,frtRail
ES,h0398,0.07031425918960939,scr2000,mustOut,frtRail
ES,h0399,0.07923092104336386,scr2000,mustOut,frtRail
ES,h0400,0.0945163444420669,scr2000,mustOut,frtRail
ES,h0401,0.1647318639639052,scr2000,mustOut,frtRail
ES,h0402,0.3281970244032027,scr2000,mustOut,frtRail
ES,h0403,0.4314165142327532,scr2000,mustOut,frtRail
ES,h0404,0.40610729142520163,scr2000,mustOut,frtRail
ES,h0405,0.2508823817454351,scr2000,mustOut,frtRail
ES,h0406,0.15589524612663228,scr2000,mustOut,frtRail
ES,h0407,0.07579066180322887,scr2000,mustOut,frtRail
ES,h0408,0.032846709123053416,scr2000,mustOut,frtRail
ES,h0409,0.007314976979800421,scr2000,mustOut,frtRail
ES,h0410,0.0007731819843502386,scr2000,mustOut,frtRail
ES,h0411,0.0,scr2000,mustOut,frtRail
ES,h0412,0.0,scr2000,mustOut,frtRail
ES,h0413,0.0,scr2000,mustOut,frtRail
ES,h0414,0.0036388652621870852,scr2000,mustOut,frtRail
ES,h0415,0.012588365480795538,scr2000,mustOut,frtRail
ES,h0416,0.029537604269125675,scr2000,mustOut,frtRail
ES,h0417,0.04083500513507147,scr2000,mustOut,frtRail
ES,h0418,0.06316010496926064,scr2000,mustOut,frtRail
ES,h0419,0.11313622203522448,scr2000,mustOut,frtRail
ES,h0420,0.1565354310661821,scr2000,mustOut,frtRail
ES,h0421,0.1470426103653914,scr2000,mustOut,frtRail
ES,h0422,0.10987750547669999,scr2000,mustOut,frtRail
ES,h0423,0.07923092104336386,scr2000,mustOut,frtRail
ES,h0424,0.0945163444420669,scr2000,mustOut,frtRail
ES,h0425,0.1647318639639052,scr2000,mustOut,frtRail
ES,h0426,0.3281970244032027,scr2000,mustOut,frtRail
ES,h0427,0.4213697591089893,scr2000,mustOut,frtRail
ES,h0428,0.3724970737692318,scr2000,mustOut,frtRail
ES,h0429,0.21161474700811153,scr2000,mustOut,frtRail
ES,h0430,0.13249108907598725,scr2000,mustOut,frtRail
ES,h0431,0.11222459396997472,scr2000,mustOut,frtRail
ES,h0432,0.10230917847357104,scr2000,mustOut,frtRail
ES,h0433,0.05365331873919642,scr2000,mustOut,frtRail
ES,h0434,0.011243190547878477,scr2000,mustOut,frtRail
ES,h0435,0.0,scr2000,mustOut,frtRail
ES,h0436,0.0,scr2000,mustOut,frtRail
ES,h0437,0.0,scr2000,mustOut,frtRail
ES,h0438,0.0036388652621870852,scr2000,mustOut,frtRail
ES,h0439,0.012303813553396617,scr2000,mustOut,frtRail
ES,h0440,0.05501155603124126,scr2000,mustOut,frtRail
ES,h0441,0.10412214864016107,scr2000,mustOut,frtRail
ES,h0442,0.20875777863161774,scr2000,mustOut,frtRail
ES,h0443,0.26484248333382204,scr2000,mustOut,frtRail
ES,h0444,0.26645043647882055,scr2000,mustOut,frtRail
ES,h0445,0.17546503163144636,scr2000,mustOut,frtRail
ES,h0446,0.10957395632540358,scr2000,mustOut,frtRail
ES,h0447,0.07923092104336386,scr2000,mustOut,frtRail
ES,h0448,0.0945163444420669,scr2000,mustOut,frtRail
ES,h0449,0.1647318639639052,scr2000,mustOut,frtRail
ES,h0450,0.3281970244032027,scr2000,mustOut,frtRail
ES,h0451,0.42652266473786427,scr2000,mustOut,frtRail
ES,h0452,0.3380486476250989,scr2000,mustOut,frtRail
ES,h0453,0.15194976078086125,scr2000,mustOut,frtRail
ES,h0454,0.05457303760567397,scr2000,mustOut,frtRail
ES,h0455,0.02201942269393454,scr2000,mustOut,frtRail
ES,h0456,0.01295664413269369,scr2000,mustOut,frtRail
ES,h0457,0.00499117444147627,scr2000,mustOut,frtRail
ES,h0458,0.0011245823433640588,scr2000,mustOut,frtRail
ES,h0459,0.0,scr2000,mustOut,frtRail
ES,h0460,0.0,scr2000,mustOut,frtRail
ES,h0461,0.0,scr2000,mustOut,frtRail
ES,h0462,0.0036388652621870852,scr2000,mustOut,frtRail
ES,h0463,0.06145443081357114,scr2000,mustOut,frtRail
ES,h0464,0.2850548521204253,scr2000,mustOut,frtRail
ES,h0465,0.38996443915173795,scr2000,mustOut,frtRail
ES,h0466,0.28559532713039576,scr2000,mustOut,frtRail
ES,h0467,0.09233244953886621,scr2000,mustOut,frtRail
ES,h0468,0.05034449510938096,scr2000,mustOut,frtRail
ES,h0469,0.0551816277514453,scr2000,mustOut,frtRail
ES,h0470,0.07031425918960939,scr2000,mustOut,frtRail
ES,h0471,0.07923092104336386,scr2000,mustOut,frtRail
ES,h0472,0.0945163444420669,scr2000,mustOut,frtRail
ES,h0473,0.1647318639639052,scr2000,mustOut,frtRail
ES,h0474,0.3281970244032027,scr2000,mustOut,frtRail
ES,h0475,0.42652266473786427,scr2000,mustOut,frtRail
ES,h0476,0.3380486476250989,scr2000,mustOut,frtRail
ES,h0477,0.15194976078086125,scr2000,mustOut,frtRail
ES,h0478,0.05457303760567397,scr2000,mustOut,frtRail
ES,h0479,0.02201942269393454,scr2000,mustOut,frtRail
ES,h0480,0.01295664413269369,scr2000,mustOut,frtRail
ES,h0481,0.00499117444147627,scr2000,mustOut,frtRail
ES,h0482,0.0011245823433640588,scr2000,mustOut,frtRail
ES,h0483,0.0,scr2000,mustOut,frtRail
ES,h0484,0.0,scr2000,mustOut,frtRail
ES,h0485,0.0,scr2000,mustOut,frtRail
ES,h0486,0.0036388652621870852,scr2000,mustOut,frtRail
ES,h0487,0.06145443081357114,scr2000,mustOut,frtRail
ES,h0488,0.2850548521204253,scr2000,mustOut,frtRail
ES,h0489,0.38996443915173795,scr2000,mustOut,frtRail
ES,h0490,0.28559532713039576,scr2000,mustOut,frtRail
ES,h0491,0.09233244953886621,scr2000,mustOut,frtRail
ES,h0492,0.05034449510938096,scr2000,mustOut,frtRail
ES,h0493,0.09561720743219176,scr2000,mustOut,frtRail
ES,h0494,0.16200365972689862,scr2000,mustOut,frtRail
ES,h0495,0.24723776785085497,scr2000,mustOut,frtRail
ES,h0496,0.23506916267014216,scr2000,mustOut,frtRail
ES,h0497,0.2818241701598353,scr2000,mustOut,frtRail
ES,h0498,0.3406680510819282,scr2000,mustOut,frtRail
ES,h0499,0.40173228234220554,scr2000,mustOut,frtRail
ES,h0500,0.3001008518792109,scr2000,mustOut,frtRail
ES,h0501,0.15194976078086125,scr2000,mustOut,frtRail
ES,h0502,0.05457303760567397,scr2000,mustOut,frtRail
ES,h0503,0.02201942269393454,scr2000,mustOut,frtRail
ES,h0504,0.01295664413269369,scr2000,mustOut,frtRail
DK,h0337,0.004991174441476271,scr2000,mustOut,frtRail
DK,h0338,0.001124582343364059,scr2000,mustOut,frtRail
DK,h0339,0.0,scr2000,mustOut,frtRail
DK,h0340,0.0,scr2000,mustOut,frtRail
DK,h0341,0.0008277996876940328,scr2000,mustOut,frtRail
DK,h0342,0.002902760757288197,scr2000,mustOut,frtRail
DK,h0343,0.0589595954704857,scr2000,mustOut,frtRail
DK,h0344,0.26770254822400014,scr2000,mustOut,frtRail
DK,h0345,0.38996443915173806,scr2000,mustOut,frtRail
DK,h0346,0.2855953271303958,scr2000,mustOut,frtRail
DK,h0347,0.09233244953886621,scr2000,mustOut,frtRail
DK,h0348,0.05034449510938097,scr2000,mustOut,frtRail
DK,h0349,0.10104675924386658,scr2000,mustOut,frtRail
DK,h0350,0.1687394200145734,scr2000,mustOut,frtRail
DK,h0351,0.23230650210312623,scr2000,mustOut,frtRail
DK,h0352,0.2620142078227696,scr2000,mustOut,frtRail
DK,h0353,0.336633131767583,scr2000,mustOut,frtRail
DK,h0354,0.43776030720753084,scr2000,mustOut,frtRail
DK,h0355,0.43971642,scr2000,mustOut,frtRail
DK,h0356,0.3081425209552586,scr2000,mustOut,frtRail
DK,h0357,0.15194976078086125,scr2000,mustOut,frtRail
DK,h0358,0.05457303760567398,scr2000,mustOut,frtRail
DK,h0359,0.022019422693934546,scr2000,mustOut,frtRail
DK,h0360,0.01295664413269369,scr2000,mustOut,frtRail
DK,h0361,0.004991174441476271,scr2000,mustOut,frtRail
DK,h0362,0.001124582343364059,scr2000,mustOut,frtRail
DK,h0363,0.0,scr2000,mustOut,frtRail
DK,h0364,0.0,scr2000,mustOut,frtRail
DK,h0365,0.00010400137801255494,scr2000,mustOut,frtRail
DK,h0366,0.0009235550108104215,scr2000,mustOut,frtRail
DK,h0367,0.04947256332769487,scr2000,mustOut,frtRail
DK,h0368,0.2614516381921459,scr2000,mustOut,frtRail
DK,h0369,0.38996443915173806,scr2000,mustOut,frtRail
DK,h0370,0.2855953271303958,scr2000,mustOut,frtRail
DK,h0371,0.09233244953886621,scr2000,mustOut,frtRail
DK,h0372,0.05034449510938097,scr2000,mustOut,frtRail
DK,h0373,0.05518162775144532,scr2000,mustOut,frtRail
DK,h0374,0.0703142591896094,scr2000,mustOut,frtRail
DK,h0375,0.07923092104336388,scr2000,mustOut,frtRail
DK,h0376,0.0945163444420669,scr2000,mustOut,frtRail
DK,h0377,0.16473186396390527,scr2000,mustOut,frtRail
DK,h0378,0.3281970244032028,scr2000,mustOut,frtRail
DK,h0379,0.4265226647378644,scr2000,mustOut,frtRail
DK,h0380,0.338048647625099,scr2000,mustOut,frtRail
DK,h0381,0.15194976078086125,scr2000,mustOut,frtRail
DK,h0382,0.05457303760567398,scr2000,mustOut,frtRail
DK,h0383,0.022019422693934546,scr2000,mustOut,frtRail
DK,h0384,0.01295664413269369,scr2000,mustOut,frtRail
DK,h0385,0.004991174441476271,scr2000,mustOut,frtRail
DK,h0386,0.001124582343364059,scr2000,mustOut,frtRail
DK,h0387,0.0,scr2000,mustOut,frtRail
DK,h0388,0.0,scr2000,mustOut,frtRail
DK,h0389,0.0,scr2000,mustOut,frtRail
DK,h0390,0.0036388652621870865,scr2000,mustOut,frtRail
DK,h0391,0.06145443081357116,scr2000,mustOut,frtRail
DK,h0392,0.2850548521204254,scr2000,mustOut,frtRail
DK,h0393,0.38996443915173806,scr2000,mustOut,frtRail
DK,h0394,0.2855953271303958,scr2000,mustOut,frtRail
DK,h0395,0.09233244953886621,scr2000,mustOut,frtRail
DK,h0396,0.05034449510938097,scr2000,mustOut,frtRail
DK,h0397,0.05518162775144532,scr2000,mustOut,frtRail
DK,h0398,0.0703142591896094,scr2000,mustOut,frtRail
DK,h0399,0.07923092104336388,scr2000,mustOut,frtRail
DK,h0400,0.0945163444420669,scr2000,mustOut,frtRail
DK,h0401,0.16473186396390527,scr2000,mustOut,frtRail
DK,h0402,0.3281970244032028,scr2000,mustOut,frtRail
DK,h0403,0.4314165142327533,scr2000,mustOut,frtRail
DK,h0404,0.40610729142520174,scr2000,mustOut,frtRail
DK,h0405,0.2508823817454351,scr2000,mustOut,frtRail
DK,h0406,0.1558952461266323,scr2000,mustOut,frtRail
DK,h0407,0.0757906618032289,scr2000,mustOut,frtRail
DK,h0408,0.03284670912305344,scr2000,mustOut,frtRail
DK,h0409,0.007314976979800423,scr2000,mustOut,frtRail
DK,h0410,0.0007731819843502392,scr2000,mustOut,frtRail
DK,h0411,0.0,scr2000,mustOut,frtRail
DK,h0412,0.0,scr2000,mustOut,frtRail
DK,h0413,0.0,scr2000,mustOut,frtRail
DK,h0414,0.0036388652621870865,scr2000,mustOut,frtRail
DK,h0415,0.012588365480795543,scr2000,mustOut,frtRail
DK,h0416,0.029537604269125682,scr2000,mustOut,frtRail
DK,h0417,0.04083500513507148,scr2000,mustOut,frtRail
DK,h0418,0.06316010496926065,scr2000,mustOut,frtRail
DK,h0419,0.11313622203522451,scr2000,mustOut,frtRail
DK,h0420,0.15653543106618212,scr2000,mustOut,frtRail
DK,h0421,0.14704261036539143,scr2000,mustOut,frtRail
DK,h0422,0.10987750547670001,scr2000,mustOut,frtRail
DK,h0423,0.07923092104336388,scr2000,mustOut,frtRail
DK,h0424,0.0945163444420669,scr2000,mustOut,frtRail
DK,h0425,0.16473186396390527,scr2000,mustOut,frtRail
DK,h0426,0.3281970244032028,scr2000,mustOut,frtRail
DK,h0427,0.4213697591089894,scr2000,mustOut,frtRail
DK,h0428,0.3724970737692319,scr2000,mustOut,frtRail
DK,h0429,0.21161474700811153,scr2000,mustOut,frtRail
DK,h0430,0.1324910890759873,scr2000,mustOut,frtRail
DK,h0431,0.11222459396997475,scr2000,mustOut,frtRail
DK,h0432,0.10230917847357107,scr2000,mustOut,frtRail
DK,h0433,0.05365331873919643,scr2000,mustOut,frtRail
DK,h0434,0.01124319054787848,scr2000,mustOut,frtRail
DK,h0435,0.0,scr2000,mustOut,frtRail
DK,h0436,0.0,scr2000,mustOut,frtRail
DK,h0437,0.0,scr2000,mustOut,frtRail
DK,h0438,0.0036388652621870865,scr2000,mustOut,frtRail
DK,h0439,0.012303813553396619,scr2000,mustOut,frtRail
DK,h0440,0.055011556031241284,scr2000,mustOut,frtRail
DK,h0441,0.1041221486401611,scr2000,mustOut,frtRail
DK,h0442,0.2087577786316178,scr2000,mustOut,frtRail
DK,h0443,0.26484248333382215,scr2000,mustOut,frtRail
DK,h0444,0.2664504364788206,scr2000,mustOut,frtRail
DK,h0445,0.17546503163144642,scr2000,mustOut,frtRail
DK,h0446,0.10957395632540362,scr2000,mustOut,frtRail
DK,h0447,0.07923092104336388,scr2000,mustOut,frtRail
DK,h0448,0.0945163444420669,scr2000,mustOut,frtRail
DK,h0449,0.16473186396390527,scr2000,mustOut,frtRail
DK,h0450,0.3281970244032028,scr2000,mustOut,frtRail
DK,h0451,0.4265226647378644,scr2000,mustOut,frtRail
DK,h0452,0.338048647625099,scr2000,mustOut,frtRail
DK,h0453,0.15194976078086125,scr2000,mustOut,frtRail
DK,h0454,0.05457303760567398,scr2000,mustOut,frtRail
DK,h0455,0.022019422693934546,scr2000,mustOut,frtRail
DK,h0456,0.01295664413269369,scr2000,mustOut,frtRail
DK,h0457,0.004991174441476271,scr2000,mustOut,frtRail
DK,h0458,0.001124582343364059,scr2000,mustOut,frtRail
DK,h0459,0.0,scr2000,mustOut,frtRail
DK,h0460,0.0,scr2000,mustOut,frtRail
DK,h0461,0.0,scr2000,mustOut,frtRail
DK,h0462,0.0036388652621870865,scr2000,mustOut,frtRail
DK,h0463,0.06145443081357116,scr2000,mustOut,frtRail
DK,h0464,0.2850548521204254,scr2000,mustOut,frtRail
DK,h0465,0.38996443915173806,scr2000,mustOut,frtRail
DK,h0466,0.2855953271303958,scr2000,mustOut,frtRail
DK,h0467,0.09233244953886621,scr2000,mustOut,frtRail
DK,h0468,0.05034449510938097,scr2000,mustOut,frtRail
DK,h0469,0.05518162775144532,scr2000,mustOut,frtRail
DK,h0470,0.0703142591896094,scr2000,mustOut,frtRail
DK,h0471,0.07923092104336388,scr2000,mustOut,frtRail
DK,h0472,0.0945163444420669,scr2000,mustOut,frtRail
DK,h0473,0.16473186396390527,scr2000,mustOut,frtRail
DK,h0474,0.3281970244032028,scr2000,mustOut,frtRail
DK,h0475,0.4265226647378644,scr2000,mustOut,frtRail
DK,h0476,0.338048647625099,scr2000,mustOut,frtRail
DK,h0477,0.15194976078086125,scr2000,mustOut,frtRail
DK,h0478,0.05457303760567398,scr2000,mustOut,frtRail
DK,h0479,0.022019422693934546,scr2000,mustOut,frtRail
DK,h0480,0.01295664413269369,scr2000,mustOut,frtRail
DK,h0481,0.004991174441476271,scr2000,mustOut,frtRail
DK,h0482,0.001124582343364059,scr2000,mustOut,frtRail
DK,h0483,0.0,scr2000,mustOut,frtRail
DK,h0484,0.0,scr2000,mustOut,frtRail
DK,h0485,0.0,scr2000,mustOut,frtRail
DK,h0486,0.0036388652621870865,scr2000,mustOut,frtRail
DK,h0487,0.06145443081357116,scr2000,mustOut,frtRail
DK,h0488,0.2850548521204254,scr2000,mustOut,frtRail
DK,h0489,0.38996443915173806,scr2000,mustOut,frtRail
DK,h0490,0.2855953271303958,scr2000,mustOut,frtRail
DK,h0491,0.09233244953886621,scr2000,mustOut,frtRail
DK,h0492,0.05034449510938097,scr2000,mustOut,frtRail
DK,h0493,0.09561720743219179,scr2000,mustOut,frtRail
DK,h0494,0.16200365972689867,scr2000,mustOut,frtRail
DK,h0495,0.247237767850855,scr2000,mustOut,frtRail
DK,h0496,0.23506916267014225,scr2000,mustOut,frtRail
DK,h0497,0.28182417015983535,scr2000,mustOut,frtRail
DK,h0498,0.3406680510819283,scr2000,mustOut,frtRail
DK,h0499,0.40173228234220565,scr2000,mustOut,frtRail
DK,h0500,0.3001008518792109,scr2000,mustOut,frtRail
DK,h0501,0.15194976078086125,scr2000,mustOut,frtRail
DK,h0502,0.05457303760567398,scr2000,mustOut,frtRail
DK,h0503,0.022019422693934546,scr2000,mustOut,frtRail
DK,h0504,0.01295664413269369,scr2000,mustOut,frtRail
EE,h0337,0.004991174441476271,scr2000,mustOut,frtRail
EE,h0338,0.001124582343364059,scr2000,mustOut,frtRail
EE,h0339,0.0,scr2000,mustOut,frtRail
EE,h0340,0.0,scr2000,mustOut,frtRail
EE,h0341,0.0008277996876940328,scr2000,mustOut,frtRail
EE,h0342,0.002902760757288197,scr2000,mustOut,frtRail
EE,h0343,0.0589595954704857,scr2000,mustOut,frtRail
EE,h0344,0.26770254822400014,scr2000,mustOut,frtRail
EE,h0345,0.38996443915173806,scr2000,mustOut,frtRail
EE,h0346,0.2855953271303958,scr2000,mustOut,frtRail
EE,h0347,0.09233244953886621,scr2000,mustOut,frtRail
EE,h0348,0.05034449510938097,scr2000,mustOut,frtRail
EE,h0349,0.10104675924386658,scr2000,mustOut,frtRail
EE,h0350,0.1687394200145734,scr2000,mustOut,frtRail
EE,h0351,0.23230650210312623,scr2000,mustOut,frtRail
EE,h0352,0.2620142078227696,scr2000,mustOut,frtRail
EE,h0353,0.336633131767583,scr2000,mustOut,frtRail
EE,h0354,0.43776030720753084,scr2000,mustOut,frtRail
EE,h0355,0.43971642,scr2000,mustOut,frtRail
EE,h0356,0.3081425209552586,scr2000,mustOut,frtRail
EE,h0357,0.15194976078086125,scr2000,mustOut,frtRail
EE,h0358,0.05457303760567398,scr2000,mustOut,frtRail
EE,h0359,0.022019422693934546,scr2000,mustOut,frtRail
EE,h0360,0.01295664413269369,scr2000,mustOut,frtRail
EE,h0361,0.004991174441476271,scr2000,mustOut,frtRail
EE,h0362,0.001124582343364059,scr2000,mustOut,frtRail
EE,h0363,0.0,scr2000,mustOut,frtRail
EE,h0364,0.0,scr2000,mustOut,frtRail
EE,h0365,0.00010400137801255494,scr2000,mustOut,frtRail
EE,h0366,0.0009235550108104215,scr2000,mustOut,frtRail
EE,h0367,0.04947256332769487,scr2000,mustOut,frtRail
EE,h0368,0.2614516381921459,scr2000,mustOut,frtRail
EE,h0369,0.38996443915173806,scr2000,mustOut,frtRail
EE,h0370,0.2855953271303958,scr2000,mustOut,frtRail
EE,h0371,0.09233244953886621,scr2000,mustOut,frtRail
EE,h0372,0.05034449510938097,scr2000,mustOut,frtRail
EE,h0373,0.05518162775144532,scr2000,mustOut,frtRail
EE,h0374,0.0703142591896094,scr2000,mustOut,frtRail
EE,h0375,0.07923092104336388,scr2000,mustOut,frtRail
EE,h0376,0.0945163444420669,scr2000,mustOut,frtRail
EE,h0377,0.16473186396390527,scr2000,mustOut,frtRail
EE,h0378,0.3281970244032028,scr2000,mustOut,frtRail
EE,h0379,0.4265226647378644,scr2000,mustOut,frtRail
EE,h0380,0.338048647625099,scr2000,mustOut,frtRail
EE,h0381,0.15194976078086125,scr2000,mustOut,frtRail
EE,h0382,0.05457303760567398,scr2000,mustOut,frtRail
EE,h0383,0.022019422693934546,scr2000,mustOut,frtRail
EE,h0384,0.01295664413269369,scr2000,mustOut,frtRail
EE,h0385,0.004991174441476271,scr2000,mustOut,frtRail
EE,h0386,0.001124582343364059,scr2000,mustOut,frtRail
EE,h0387,0.0,scr2000,mustOut,frtRail
EE,h0388,0.0,scr2000,mustOut,frtRail
EE,h0389,0.0,scr2000,mustOut,frtRail
EE,h0390,0.0036388652621870865,scr2000,mustOut,frtRail
EE,h0391,0.06145443081357116,scr2000,mustOut,frtRail
EE,h0392,0.2850548521204254,scr2000,mustOut,frtRail
EE,h0393,0.38996443915173806,scr2000,mustOut,frtRail
EE,h0394,0.2855953271303958,scr2000,mustOut,frtRail
EE,h0395,0.09233244953886621,scr2000,mustOut,frtRail
EE,h0396,0.05034449510938097,scr2000,mustOut,frtRail
EE,h0397,0.05518162775144532,scr2000,mustOut,frtRail
EE,h0398,0.0703142591896094,scr2000,mustOut,frtRail
EE,h0399,0.07923092104336388,scr2000,mustOut,frtRail
EE,h0400,0.0945163444420669,scr2000,mustOut,frtRail
EE,h0401,0.16473186396390527,scr2000,mustOut,frtRail
EE,h0402,0.3281970244032028,scr2000,mustOut,frtRail
EE,h0403,0.4314165142327533,scr2000,mustOut,frtRail
EE,h0404,0.40610729142520174,scr2000,mustOut,frtRail
EE,h0405,0.2508823817454351,scr2000,mustOut,frtRail
EE,h0406,0.1558952461266323,scr2000,mustOut,frtRail
EE,h0407,0.0757906618032289,scr2000,mustOut,frtRail
EE,h0408,0.03284670912305344,scr2000,mustOut,frtRail
EE,h0409,0.007314976979800423,scr2000,mustOut,frtRail
EE,h0410,0.0007731819843502392,scr2000,mustOut,frtRail
EE,h0411,0.0,scr2000,mustOut,frtRail
EE,h0412,0.0,scr2000,mustOut,frtRail
EE,h0413,0.0,scr2000,mustOut,frtRail
EE,h0414,0.0036388652621870865,scr2000,mustOut,frtRail
EE,h0415,0.012588365480795543,scr2000,mustOut,frtRail
EE,h0416,0.029537604269125682,scr2000,mustOut,frtRail
EE,h0417,0.04083500513507148,scr2000,mustOut,frtRail
EE,h0418,0.06316010496926065,scr2000,mustOut,frtRail
EE,h0419,0.11313622203522451,scr2000,mustOut,frtRail
EE,h0420,0.15653543106618212,scr2000,mustOut,frtRail
EE,h0421,0.14704261036539143,scr2000,mustOut,frtRail
EE,h0422,0.10987750547670001,scr2000,mustOut,frtRail
EE,h0423,0.07923092104336388,scr2000,mustOut,frtRail
EE,h0424,0.0945163444420669,scr2000,mustOut,frtRail
EE,h0425,0.16473186396390527,scr2000,mustOut,frtRail
EE,h0426,0.3281970244032028,scr2000,mustOut,frtRail
EE,h0427,0.4213697591089894,scr2000,mustOut,frtRail
EE,h0428,0.3724970737692319,scr2000,mustOut,frtRail
EE,h0429,0.21161474700811153,scr2000,mustOut,frtRail
EE,h0430,0.1324910890759873,scr2000,mustOut,frtRail
EE,h0431,0.11222459396997475,scr2000,mustOut,frtRail
EE,h0432,0.10230917847357107,scr2000,mustOut,frtRail
EE,h0433,0.05365331873919643,scr2000,mustOut,frtRail
EE,h0434,0.01124319054787848,scr2000,mustOut,frtRail
EE,h0435,0.0,scr2000,mustOut,frtRail
EE,h0436,0.0,scr2000,mustOut,frtRail
EE,h0437,0.0,scr2000,mustOut,frtRail
EE,h0438,0.0036388652621870865,scr2000,mustOut,frtRail
EE,h0439,0.012303813553396619,scr2000,mustOut,frtRail
EE,h0440,0.055011556031241284,scr2000,mustOut,frtRail
EE,h0441,0.1041221486401611,scr2000,mustOut,frtRail
EE,h0442,0.2087577786316178,scr2000,mustOut,frtRail
EE,h0443,0.26484248333382215,scr2000,mustOut,frtRail
EE,h0444,0.2664504364788206,scr2000,mustOut,frtRail
EE,h0445,0.17546503163144642,scr2000,mustOut,frtRail
EE,h0446,0.10957395632540362,scr2000,mustOut,frtRail
EE,h0447,0.07923092104336388,scr2000,mustOut,frtRail
EE,h0448,0.0945163444420669,scr2000,mustOut,frtRail
EE,h0449,0.16473186396390527,scr2000,mustOut,frtRail
EE,h0450,0.3281970244032028,scr2000,mustOut,frtRail
EE,h0451,0.4265226647378644,scr2000,mustOut,frtRail
EE,h0452,0.338048647625099,scr2000,mustOut,frtRail
EE,h0453,0.15194976078086125,scr2000,mustOut,frtRail
EE,h0454,0.05457303760567398,scr2000,mustOut,frtRail
EE,h0455,0.022019422693934546,scr2000,mustOut,frtRail
EE,h0456,0.01295664413269369,scr2000,mustOut,frtRail
EE,h0457,0.004991174441476271,scr2000,mustOut,frtRail
EE,h0458,0.001124582343364059,scr2000,mustOut,frtRail
EE,h0459,0.0,scr2000,mustOut,frtRail
EE,h0460,0.0,scr2000,mustOut,frtRail
EE,h0461,0.0,scr2000,mustOut,frtRail
EE,h0462,0.0036388652621870865,scr2000,mustOut,frtRail
EE,h0463,0.06145443081357116,scr2000,mustOut,frtRail
EE,h0464,0.2850548521204254,scr2000,mustOut,frtRail
EE,h0465,0.38996443915173806,scr2000,mustOut,frtRail
EE,h0466,0.2855953271303958,scr2000,mustOut,frtRail
EE,h0467,0.09233244953886621,scr2000,mustOut,frtRail
EE,h0468,0.05034449510938097,scr2000,mustOut,frtRail
EE,h0469,0.05518162775144532,scr2000,mustOut,frtRail
EE,h0470,0.0703142591896094,scr2000,mustOut,frtRail
EE,h0471,0.07923092104336388,scr2000,mustOut,frtRail
EE,h0472,0.0945163444420669,scr2000,mustOut,frtRail
EE,h0473,0.16473186396390527,scr2000,mustOut,frtRail
EE,h0474,0.3281970244032028,scr2000,mustOut,frtRail
EE,h0475,0.4265226647378644,scr2000,mustOut,frtRail
EE,h0476,0.338048647625099,scr2000,mustOut,frtRail
EE,h0477,0.15194976078086125,scr2000,mustOut,frtRail
EE,h0478,0.05457303760567398,scr2000,mustOut,frtRail
EE,h0479,0.022019422693934546,scr2000,mustOut,frtRail
EE,h0480,0.01295664413269369,scr2000,mustOut,frtRail
EE,h0481,0.004991174441476271,scr2000,mustOut,frtRail
EE,h0482,0.001124582343364059,scr2000,mustOut,frtRail
EE,h0483,0.0,scr2000,mustOut,frtRail
EE,h0484,0.0,scr2000,mustOut,frtRail
EE,h0485,0.0,scr2000,mustOut,frtRail
EE,h0486,0.0036388652621870865,scr2000,mustOut,frtRail
EE,h0487,0.06145443081357116,scr2000,mustOut,frtRail
EE,h0488,0.2850548521204254,scr2000,mustOut,frtRail
EE,h0489,0.38996443915173806,scr2000,mustOut,frtRail
EE,h0490,0.2855953271303958,scr2000,mustOut,frtRail
EE,h0491,0.09233244953886621,scr2000,mustOut,frtRail
EE,h0492,0.05034449510938097,scr2000,mustOut,frtRail
EE,h0493,0.09561720743219179,scr2000,mustOut,frtRail
EE,h0494,0.16200365972689867,scr2000,mustOut,frtRail
EE,h0495,0.247237767850855,scr2000,mustOut,frtRail
EE,h0496,0.23506916267014225,scr2000,mustOut,frtRail
EE,h0497,0.28182417015983535,scr2000,mustOut,frtRail
EE,h0498,0.3406680510819283,scr2000,mustOut,frtRail
EE,h0499,0.40173228234220565,scr2000,mustOut,frtRail
EE,h0500,0.3001008518792109,scr2000,mustOut,frtRail
EE,h0501,0.15194976078086125,scr2000,mustOut,frtRail
EE,h0502,0.05457303760567398,scr2000,mustOut,frtRail
EE,h0503,0.022019422693934546,scr2000,mustOut,frtRail
EE,h0504,0.01295664413269369,scr2000,mustOut,frtRail
FI,h0337,0.004991174441476271,scr2000,mustOut,frtRail
FI,h0338,0.001124582343364059,scr2000,mustOut,frtRail
FI,h0339,0.0,scr2000,mustOut,frtRail
FI,h0340,0.0,scr2000,mustOut,frtRail
FI,h0341,0.0008277996876940328,scr2000,mustOut,frtRail
FI,h0342,0.002902760757288197,scr2000,mustOut,frtRail
FI,h0343,0.0589595954704857,scr2000,mustOut,frtRail
FI,h0344,0.26770254822400014,scr2000,mustOut,frtRail
FI,h0345,0.38996443915173806,scr2000,mustOut,frtRail
FI,h0346,0.2855953271303958,scr2000,mustOut,frtRail
FI,h0347,0.09233244953886621,scr2000,mustOut,frtRail
FI,h0348,0.05034449510938097,scr2000,mustOut,frtRail
FI,h0349,0.10104675924386658,scr2000,mustOut,frtRail
FI,h0350,0.1687394200145734,scr2000,mustOut,frtRail
FI,h0351,0.23230650210312623,scr2000,mustOut,frtRail
FI,h0352,0.2620142078227696,scr2000,mustOut,frtRail
FI,h0353,0.336633131767583,scr2000,mustOut,frtRail
FI,h0354,0.43776030720753084,scr2000,mustOut,frtRail
FI,h0355,0.43971642,scr2000,mustOut,frtRail
FI,h0356,0.3081425209552586,scr2000,mustOut,frtRail
FI,h0357,0.15194976078086125,scr2000,mustOut,frtRail
FI,h0358,0.05457303760567398,scr2000,mustOut,frtRail
FI,h0359,0.022019422693934546,scr2000,mustOut,frtRail
FI,h0360,0.01295664413269369,scr2000,mustOut,frtRail
FI,h0361,0.004991174441476271,scr2000,mustOut,frtRail
FI,h0362,0.001124582343364059,scr2000,mustOut,frtRail
FI,h0363,0.0,scr2000,mustOut,frtRail
FI,h0364,0.0,scr2000,mustOut,frtRail
FI,h0365,0.00010400137801255494,scr2000,mustOut,frtRail
FI,h0366,0.0009235550108104215,scr2000,mustOut,frtRail
FI,h0367,0.04947256332769487,scr2000,mustOut,frtRail
FI,h0368,0.2614516381921459,scr2000,mustOut,frtRail
FI,h0369,0.38996443915173806,scr2000,mustOut,frtRail
FI,h0370,0.2855953271303958,scr2000,mustOut,frtRail
FI,h0371,0.09233244953886621,scr2000,mustOut,frtRail
FI,h0372,0.05034449510938097,scr2000,mustOut,frtRail
FI,h0373,0.05518162775144532,scr2000,mustOut,frtRail
FI,h0374,0.0703142591896094,scr2000,mustOut,frtRail
FI,h0375,0.07923092104336388,scr2000,mustOut,frtRail
FI,h0376,0.0945163444420669,scr2000,mustOut,frtRail
FI,h0377,0.16473186396390527,scr2000,mustOut,frtRail
FI,h0378,0.3281970244032028,scr2000,mustOut,frtRail
FI,h0379,0.4265226647378644,scr2000,mustOut,frtRail
FI,h0380,0.338048647625099,scr2000,mustOut,frtRail
FI,h0381,0.15194976078086125,scr2000,mustOut,frtRail
FI,h0382,0.05457303760567398,scr2000,mustOut,frtRail
FI,h0383,0.022019422693934546,scr2000,mustOut,frtRail
FI,h0384,0.01295664413269369,scr2000,mustOut,frtRail
FI,h0385,0.004991174441476271,scr2000,mustOut,frtRail
FI,h0386,0.001124582343364059,scr2000,mustOut,frtRail
FI,h0387,0.0,scr2000,mustOut,frtRail
FI,h0388,0.0,scr2000,mustOut,frtRail
FI,h0389,0.0,scr2000,mustOut,frtRail
FI,h0390,0.0036388652621870865,scr2000,mustOut,frtRail
FI,h0391,0.06145443081357116,scr2000,mustOut,frtRail
FI,h0392,0.2850548521204254,scr2000,mustOut,frtRail
FI,h0393,0.38996443915173806,scr2000,mustOut,frtRail
FI,h0394,0.2855953271303958,scr2000,mustOut,frtRail
FI,h0395,0.09233244953886621,scr2000,mustOut,frtRail
FI,h0396,0.05034449510938097,scr2000,mustOut,frtRail
FI,h0397,0.05518162775144532,scr2000,mustOut,frtRail
FI,h0398,0.0703142591896094,scr2000,mustOut,frtRail
FI,h0399,0.07923092104336388,scr2000,mustOut,frtRail
FI,h0400,0.0945163444420669,scr2000,mustOut,frtRail
FI,h0401,0.16473186396390527,scr2000,mustOut,frtRail
FI,h0402,0.3281970244032028,scr2000,mustOut,frtRail
FI,h0403,0.4314165142327533,scr2000,mustOut,frtRail
FI,h0404,0.40610729142520174,scr2000,mustOut,frtRail
FI,h0405,0.2508823817454351,scr2000,mustOut,frtRail
FI,h0406,0.1558952461266323,scr2000,mustOut,frtRail
FI,h0407,0.0757906618032289,scr2000,mustOut,frtRail
FI,h0408,0.03284670912305344,scr2000,mustOut,frtRail
FI,h0409,0.007314976979800423,scr2000,mustOut,frtRail
FI,h0410,0.0007731819843502392,scr2000,mustOut,frtRail
FI,h0411,0.0,scr2000,mustOut,frtRail
FI,h0412,0.0,scr2000,mustOut,frtRail
FI,h0413,0.0,scr2000,mustOut,frtRail
FI,h0414,0.0036388652621870865,scr2000,mustOut,frtRail
FI,h0415,0.012588365480795543,scr2000,mustOut,frtRail
FI,h0416,0.029537604269125682,scr2000,mustOut,frtRail
FI,h0417,0.04083500513507148,scr2000,mustOut,frtRail
FI,h0418,0.06316010496926065,scr2000,mustOut,frtRail
FI,h0419,0.11313622203522451,scr2000,mustOut,frtRail
FI,h0420,0.15653543106618212,scr2000,mustOut,frtRail
FI,h0421,0.14704261036539143,scr2000,mustOut,frtRail
FI,h0422,0.10987750547670001,scr2000,mustOut,frtRail
FI,h0423,0.07923092104336388,scr2000,mustOut,frtRail
FI,h0424,0.0945163444420669,scr2000,mustOut,frtRail
FI,h0425,0.16473186396390527,scr2000,mustOut,frtRail
FI,h0426,0.3281970244032028,scr2000,mustOut,frtRail
FI,h0427,0.4213697591089894,scr2000,mustOut,frtRail
FI,h0428,0.3724970737692319,scr2000,mustOut,frtRail
FI,h0429,0.21161474700811153,scr2000,mustOut,frtRail
FI,h0430,0.1324910890759873,scr2000,mustOut,frtRail
FI,h0431,0.11222459396997475,scr2000,mustOut,frtRail
FI,h0432,0.10230917847357107,scr2000,mustOut,frtRail
FI,h0433,0.05365331873919643,scr2000,mustOut,frtRail
FI,h0434,0.01124319054787848,scr2000,mustOut,frtRail
FI,h0435,0.0,scr2000,mustOut,frtRail
FI,h0436,0.0,scr2000,mustOut,frtRail
FI,h0437,0.0,scr2000,mustOut,frtRail
FI,h0438,0.0036388652621870865,scr2000,mustOut,frtRail
FI,h0439,0.012303813553396619,scr2000,mustOut,frtRail
FI,h0440,0.055011556031241284,scr2000,mustOut,frtRail
FI,h0441,0.1041221486401611,scr2000,mustOut,frtRail
FI,h0442,0.2087577786316178,scr2000,mustOut,frtRail
FI,h0443,0.26484248333382215,scr2000,mustOut,frtRail
FI,h0444,0.2664504364788206,scr2000,mustOut,frtRail
FI,h0445,0.17546503163144642,scr2000,mustOut,frtRail
FI,h0446,0.10957395632540362,scr2000,mustOut,frtRail
FI,h0447,0.07923092104336388,scr2000,mustOut,frtRail
FI,h0448,0.0945163444420669,scr2000,mustOut,frtRail
FI,h0449,0.16473186396390527,scr2000,mustOut,frtRail
FI,h0450,0.3281970244032028,scr2000,mustOut,frtRail
FI,h0451,0.4265226647378644,scr2000,mustOut,frtRail
FI,h0452,0.338048647625099,scr2000,mustOut,frtRail
FI,h0453,0.15194976078086125,scr2000,mustOut,frtRail
FI,h0454,0.05457303760567398,scr2000,mustOut,frtRail
FI,h0455,0.022019422693934546,scr2000,mustOut,frtRail
FI,h0456,0.01295664413269369,scr2000,mustOut,frtRail
FI,h0457,0.004991174441476271,scr2000,mustOut,frtRail
FI,h0458,0.001124582343364059,scr2000,mustOut,frtRail
FI,h0459,0.0,scr2000,mustOut,frtRail
FI,h0460,0.0,scr2000,mustOut,frtRail
FI,h0461,0.0,scr2000,mustOut,frtRail
FI,h0462,0.0036388652621870865,scr2000,mustOut,frtRail
FI,h0463,0.06145443081357116,scr2000,mustOut,frtRail
FI,h0464,0.2850548521204254,scr2000,mustOut,frtRail
FI,h0465,0.38996443915173806,scr2000,mustOut,frtRail
FI,h0466,0.2855953271303958,scr2000,mustOut,frtRail
FI,h0467,0.09233244953886621,scr2000,mustOut,frtRail
FI,h0468,0.05034449510938097,scr2000,mustOut,frtRail
FI,h0469,0.05518162775144532,scr2000,mustOut,frtRail
FI,h0470,0.0703142591896094,scr2000,mustOut,frtRail
FI,h0471,0.07923092104336388,scr2000,mustOut,frtRail
FI,h0472,0.0945163444420669,scr2000,mustOut,frtRail
FI,h0473,0.16473186396390527,scr2000,mustOut,frtRail
FI,h0474,0.3281970244032028,scr2000,mustOut,frtRail
FI,h0475,0.4265226647378644,scr2000,mustOut,frtRail
FI,h0476,0.338048647625099,scr2000,mustOut,frtRail
FI,h0477,0.15194976078086125,scr2000,mustOut,frtRail
FI,h0478,0.05457303760567398,scr2000,mustOut,frtRail
FI,h0479,0.022019422693934546,scr2000,mustOut,frtRail
FI,h0480,0.01295664413269369,scr2000,mustOut,frtRail
FI,h0481,0.004991174441476271,scr2000,mustOut,frtRail
FI,h0482,0.001124582343364059,scr2000,mustOut,frtRail
FI,h0483,0.0,scr2000,mustOut,frtRail
FI,h0484,0.0,scr2000,mustOut,frtRail
FI,h0485,0.0,scr2000,mustOut,frtRail
FI,h0486,0.0036388652621870865,scr2000,mustOut,frtRail
FI,h0487,0.06145443081357116,scr2000,mustOut,frtRail
FI,h0488,0.2850548521204254,scr2000,mustOut,frtRail
FI,h0489,0.38996443915173806,scr2000,mustOut,frtRail
FI,h0490,0.2855953271303958,scr2000,mustOut,frtRail
FI,h0491,0.09233244953886621,scr2000,mustOut,frtRail
FI,h0492,0.05034449510938097,scr2000,mustOut,frtRail
FI,h0493,0.09561720743219179,scr2000,mustOut,frtRail
FI,h0494,0.16200365972689867,scr2000,mustOut,frtRail
FI,h0495,0.247237767850855,scr2000,mustOut,frtRail
FI,h0496,0.23506916267014225,scr2000,mustOut,frtRail
FI,h0497,0.28182417015983535,scr2000,mustOut,frtRail
FI,h0498,0.3406680510819283,scr2000,mustOut,frtRail
FI,h0499,0.40173228234220565,scr2000,mustOut,frtRail
FI,h0500,0.3001008518792109,scr2000,mustOut,frtRail
FI,h0501,0.15194976078086125,scr2000,mustOut,frtRail
FI,h0502,0.05457303760567398,scr2000,mustOut,frtRail
FI,h0503,0.022019422693934546,scr2000,mustOut,frtRail
FI,h0504,0.01295664413269369,scr2000,mustOut,frtRail
FR,h0337,0.00499117444147627,scr2000,mustOut,frtRail
FR,h0338,0.001124582343364059,scr2000,mustOut,frtRail
FR,h0339,0.0,scr2000,mustOut,frtRail
FR,h0340,0.0,scr2000,mustOut,frtRail
FR,h0341,0.0008277996876940325,scr2000,mustOut,frtRail
FR,h0342,0.0029027607572881947,scr2000,mustOut,frtRail
FR,h0343,0.058959595470485654,scr2000,mustOut,frtRail
FR,h0344,0.267702548224,scr2000,mustOut,frtRail
FR,h0345,0.38996443915173795,scr2000,mustOut,frtRail
FR,h0346,0.28559532713039576,scr2000,mustOut,frtRail
FR,h0347,0.09233244953886618,scr2000,mustOut,frtRail
FR,h0348,0.05034449510938096,scr2000,mustOut,frtRail
FR,h0349,0.10104675924386652,scr2000,mustOut,frtRail
FR,h0350,0.16873942001457332,scr2000,mustOut,frtRail
FR,h0351,0.23230650210312603,scr2000,mustOut,frtRail
FR,h0352,0.2620142078227695,scr2000,mustOut,frtRail
FR,h0353,0.3366331317675829,scr2000,mustOut,frtRail
FR,h0354,0.437760307207531,scr2000,mustOut,frtRail
FR,h0355,0.43971641999999994,scr2000,mustOut,frtRail
FR,h0356,0.3081425209552588,scr2000,mustOut,frtRail
FR,h0357,0.15194976078086125,scr2000,mustOut,frtRail
FR,h0358,0.05457303760567399,scr2000,mustOut,frtRail
FR,h0359,0.02201942269393454,scr2000,mustOut,frtRail
FR,h0360,0.01295664413269369,scr2000,mustOut,frtRail
FR,h0361,0.00499117444147627,scr2000,mustOut,frtRail
FR,h0362,0.001124582343364059,scr2000,mustOut,frtRail
FR,h0363,0.0,scr2000,mustOut,frtRail
FR,h0364,0.0,scr2000,mustOut,frtRail
FR,h0365,0.00010400137801255498,scr2000,mustOut,frtRail
FR,h0366,0.0009235550108104217,scr2000,mustOut,frtRail
FR,h0367,0.04947256332769485,scr2000,mustOut,frtRail
FR,h0368,0.2614516381921457,scr2000,mustOut,frtRail
FR,h0369,0.38996443915173795,scr2000,mustOut,frtRail
FR,h0370,0.28559532713039576,scr2000,mustOut,frtRail
FR,h0371,0.09233244953886618,scr2000,mustOut,frtRail
FR,h0372,0.05034449510938096,scr2000,mustOut,frtRail
FR,h0373,0.05518162775144528,scr2000,mustOut,frtRail
FR,h0374,0.07031425918960939,scr2000,mustOut,frtRail
FR,h0375,0.07923092104336385,scr2000,mustOut,frtRail
FR,h0376,0.0945163444420669,scr2000,mustOut,frtRail
FR,h0377,0.1647318639639052,scr2000,mustOut,frtRail
FR,h0378,0.3281970244032028,scr2000,mustOut,frtRail
FR,h0379,0.4265226647378643,scr2000,mustOut,frtRail
FR,h0380,0.3380486476250992,scr2000,mustOut,frtRail
FR,h0381,0.15194976078086125,scr2000,mustOut,frtRail
FR,h0382,0.05457303760567399,scr2000,mustOut,frtRail
FR,h0383,0.02201942269393454,scr2000,mustOut,frtRail
FR,h0384,0.01295664413269369,scr2000,mustOut,frtRail
FR,h0385,0.00499117444147627,scr2000,mustOut,frtRail
FR,h0386,0.001124582343364059,scr2000,mustOut,frtRail
FR,h0387,0.0,scr2000,mustOut,frtRail
FR,h0388,0.0,scr2000,mustOut,frtRail
FR,h0389,0.0,scr2000,mustOut,frtRail
FR,h0390,0.0036388652621870865,scr2000,mustOut,frtRail
FR,h0391,0.06145443081357113,scr2000,mustOut,frtRail
FR,h0392,0.2850548521204253,scr2000,mustOut,frtRail
FR,h0393,0.38996443915173795,scr2000,mustOut,frtRail
FR,h0394,0.28559532713039576,scr2000,mustOut,frtRail
FR,h0395,0.09233244953886618,scr2000,mustOut,frtRail
FR,h0396,0.05034449510938096,scr2000,mustOut,frtRail
FR,h0397,0.05518162775144528,scr2000,mustOut,frtRail
FR,h0398,0.07031425918960939,scr2000,mustOut,frtRail
FR,h0399,0.07923092104336385,scr2000,mustOut,frtRail
FR,h0400,0.0945163444420669,scr2000,mustOut,frtRail
FR,h0401,0.1647318639639052,scr2000,mustOut,frtRail
FR,h0402,0.3281970244032028,scr2000,mustOut,frtRail
FR,h0403,0.4314165142327532,scr2000,mustOut,frtRail
FR,h0404,0.40610729142520186,scr2000,mustOut,frtRail
FR,h0405,0.2508823817454351,scr2000,mustOut,frtRail
FR,h0406,0.15589524612663228,scr2000,mustOut,frtRail
FR,h0407,0.07579066180322887,scr2000,mustOut,frtRail
FR,h0408,0.032846709123053416,scr2000,mustOut,frtRail
FR,h0409,0.007314976979800417,scr2000,mustOut,frtRail
FR,h0410,0.0007731819843502383,scr2000,mustOut,frtRail
FR,h0411,0.0,scr2000,mustOut,frtRail
FR,h0412,0.0,scr2000,mustOut,frtRail
FR,h0413,0.0,scr2000,mustOut,frtRail
FR,h0414,0.0036388652621870865,scr2000,mustOut,frtRail
FR,h0415,0.012588365480795545,scr2000,mustOut,frtRail
FR,h0416,0.029537604269125675,scr2000,mustOut,frtRail
FR,h0417,0.04083500513507147,scr2000,mustOut,frtRail
FR,h0418,0.06316010496926064,scr2000,mustOut,frtRail
FR,h0419,0.11313622203522448,scr2000,mustOut,frtRail
FR,h0420,0.15653543106618212,scr2000,mustOut,frtRail
FR,h0421,0.1470426103653914,scr2000,mustOut,frtRail
FR,h0422,0.10987750547670003,scr2000,mustOut,frtRail
FR,h0423,0.07923092104336385,scr2000,mustOut,frtRail
FR,h0424,0.0945163444420669,scr2000,mustOut,frtRail
FR,h0425,0.1647318639639052,scr2000,mustOut,frtRail
FR,h0426,0.3281970244032028,scr2000,mustOut,frtRail
FR,h0427,0.4213697591089894,scr2000,mustOut,frtRail
FR,h0428,0.3724970737692318,scr2000,mustOut,frtRail
FR,h0429,0.21161474700811153,scr2000,mustOut,frtRail
FR,h0430,0.13249108907598725,scr2000,mustOut,frtRail
FR,h0431,0.11222459396997472,scr2000,mustOut,frtRail
FR,h0432,0.102309178473571,scr2000,mustOut,frtRail
FR,h0433,0.05365331873919641,scr2000,mustOut,frtRail
FR,h0434,0.01124319054787847,scr2000,mustOut,frtRail
FR,h0435,0.0,scr2000,mustOut,frtRail
FR,h0436,0.0,scr2000,mustOut,frtRail
FR,h0437,0.0,scr2000,mustOut,frtRail
FR,h0438,0.0036388652621870865,scr2000,mustOut,frtRail
FR,h0439,0.012303813553396622,scr2000,mustOut,frtRail
FR,h0440,0.05501155603124128,scr2000,mustOut,frtRail
FR,h0441,0.10412214864016107,scr2000,mustOut,frtRail
FR,h0442,0.20875777863161774,scr2000,mustOut,frtRail
FR,h0443,0.26484248333382204,scr2000,mustOut,frtRail
FR,h0444,0.2664504364788204,scr2000,mustOut,frtRail
FR,h0445,0.17546503163144636,scr2000,mustOut,frtRail
FR,h0446,0.10957395632540358,scr2000,mustOut,frtRail
FR,h0447,0.07923092104336385,scr2000,mustOut,frtRail
FR,h0448,0.0945163444420669,scr2000,mustOut,frtRail
FR,h0449,0.1647318639639052,scr2000,mustOut,frtRail
FR,h0450,0.3281970244032028,scr2000,mustOut,frtRail
FR,h0451,0.4265226647378643,scr2000,mustOut,frtRail
FR,h0452,0.3380486476250992,scr2000,mustOut,frtRail
FR,h0453,0.15194976078086125,scr2000,mustOut,frtRail
FR,h0454,0.05457303760567399,scr2000,mustOut,frtRail
FR,h0455,0.02201942269393454,scr2000,mustOut,frtRail
FR,h0456,0.01295664413269369,scr2000,mustOut,frtRail
FR,h0457,0.00499117444147627,scr2000,mustOut,frtRail
FR,h0458,0.001124582343364059,scr2000,mustOut,frtRail
FR,h0459,0.0,scr2000,mustOut,frtRail
FR,h0460,0.0,scr2000,mustOut,frtRail
FR,h0461,0.0,scr2000,mustOut,frtRail
FR,h0462,0.0036388652621870865,scr2000,mustOut,frtRail
FR,h0463,0.06145443081357113,scr2000,mustOut,frtRail
FR,h0464,0.2850548521204253,scr2000,mustOut,frtRail
FR,h0465,0.38996443915173795,scr2000,mustOut,frtRail
FR,h0466,0.28559532713039576,scr2000,mustOut,frtRail
FR,h0467,0.09233244953886618,scr2000,mustOut,frtRail
FR,h0468,0.05034449510938096,scr2000,mustOut,frtRail
FR,h0469,0.05518162775144528,scr2000,mustOut,frtRail
FR,h0470,0.07031425918960939,scr2000,mustOut,frtRail
FR,h0471,0.07923092104336385,scr2000,mustOut,frtRail
FR,h0472,0.0945163444420669,scr2000,mustOut,frtRail
FR,h0473,0.1647318639639052,scr2000,mustOut,frtRail
FR,h0474,0.3281970244032028,scr2000,mustOut,frtRail
FR,h0475,0.4265226647378643,scr2000,mustOut,frtRail
FR,h0476,0.3380486476250992,scr2000,mustOut,frtRail
FR,h0477,0.15194976078086125,scr2000,mustOut,frtRail
FR,h0478,0.05457303760567399,scr2000,mustOut,frtRail
FR,h0479,0.02201942269393454,scr2000,mustOut,frtRail
FR,h0480,0.01295664413269369,scr2000,mustOut,frtRail
FR,h0481,0.00499117444147627,scr2000,mustOut,frtRail
FR,h0482,0.001124582343364059,scr2000,mustOut,frtRail
FR,h0483,0.0,scr2000,mustOut,frtRail
FR,h0484,0.0,scr2000,mustOut,frtRail
FR,h0485,0.0,scr2000,mustOut,frtRail
FR,h0486,0.0036388652621870865,scr2000,mustOut,frtRail
FR,h0487,0.06145443081357113,scr2000,mustOut,frtRail
FR,h0488,0.2850548521204253,scr2000,mustOut,frtRail
FR,h0489,0.38996443915173795,scr2000,mustOut,frtRail
FR,h0490,0.28559532713039576,scr2000,mustOut,frtRail
FR,h0491,0.09233244953886618,scr2000,mustOut,frtRail
FR,h0492,0.05034449510938096,scr2000,mustOut,frtRail
FR,h0493,0.09561720743219179,scr2000,mustOut,frtRail
FR,h0494,0.16200365972689862,scr2000,mustOut,frtRail
FR,h0495,0.24723776785085497,scr2000,mustOut,frtRail
FR,h0496,0.23506916267014213,scr2000,mustOut,frtRail
FR,h0497,0.2818241701598353,scr2000,mustOut,frtRail
FR,h0498,0.3406680510819282,scr2000,mustOut,frtRail
FR,h0499,0.4017322823422057,scr2000,mustOut,frtRail
FR,h0500,0.3001008518792109,scr2000,mustOut,frtRail
FR,h0501,0.15194976078086125,scr2000,mustOut,frtRail
FR,h0502,0.05457303760567399,scr2000,mustOut,frtRail
FR,h0503,0.02201942269393454,scr2000,mustOut,frtRail
FR,h0504,0.01295664413269369,scr2000,mustOut,frtRail
IT,h0337,0.00499117444147627,scr2000,mustOut,frtRail
IT,h0338,0.0011245823433640584,scr2000,mustOut,frtRail
IT,h0339,0.0,scr2000,mustOut,frtRail
IT,h0340,0.0,scr2000,mustOut,frtRail
IT,h0341,0.000827799687694033,scr2000,mustOut,frtRail
IT,h0342,0.002902760757288196,scr2000,mustOut,frtRail
IT,h0343,0.05895959547048569,scr2000,mustOut,frtRail
IT,h0344,0.267702548224,scr2000,mustOut,frtRail
IT,h0345,0.38996443915173795,scr2000,mustOut,frtRail
IT,h0346,0.28559532713039576,scr2000,mustOut,frtRail
IT,h0347,0.09233244953886618,scr2000,mustOut,frtRail
IT,h0348,0.05034449510938096,scr2000,mustOut,frtRail
IT,h0349,0.10104675924386655,scr2000,mustOut,frtRail
IT,h0350,0.16873942001457345,scr2000,mustOut,frtRail
IT,h0351,0.23230650210312617,scr2000,mustOut,frtRail
IT,h0352,0.2620142078227696,scr2000,mustOut,frtRail
IT,h0353,0.3366331317675829,scr2000,mustOut,frtRail
IT,h0354,0.43776030720753073,scr2000,mustOut,frtRail
IT,h0355,0.43971641999999994,scr2000,mustOut,frtRail
IT,h0356,0.30814252095525857,scr2000,mustOut,frtRail
IT,h0357,0.15194976078086125,scr2000,mustOut,frtRail
IT,h0358,0.05457303760567397,scr2000,mustOut,frtRail
IT,h0359,0.02201942269393454,scr2000,mustOut,frtRail
IT,h0360,0.012956644132693686,scr2000,mustOut,frtRail
IT,h0361,0.00499117444147627,scr2000,mustOut,frtRail
IT,h0362,0.0011245823433640584,scr2000,mustOut,frtRail
IT,h0363,0.0,scr2000,mustOut,frtRail
IT,h0364,0.0,scr2000,mustOut,frtRail
IT,h0365,0.00010400137801255494,scr2000,mustOut,frtRail
IT,h0366,0.0009235550108104212,scr2000,mustOut,frtRail
IT,h0367,0.049472563327694855,scr2000,mustOut,frtRail
IT,h0368,0.2614516381921458,scr2000,mustOut,frtRail
IT,h0369,0.38996443915173795,scr2000,mustOut,frtRail
IT,h0370,0.28559532713039576,scr2000,mustOut,frtRail
IT,h0371,0.09233244953886618,scr2000,mustOut,frtRail
IT,h0372,0.05034449510938096,scr2000,mustOut,frtRail
IT,h0373,0.0551816277514453,scr2000,mustOut,frtRail
IT,h0374,0.07031425918960939,scr2000,mustOut,frtRail
IT,h0375,0.07923092104336386,scr2000,mustOut,frtRail
IT,h0376,0.0945163444420669,scr2000,mustOut,frtRail
IT,h0377,0.1647318639639052,scr2000,mustOut,frtRail
IT,h0378,0.3281970244032028,scr2000,mustOut,frtRail
IT,h0379,0.4265226647378643,scr2000,mustOut,frtRail
IT,h0380,0.338048647625099,scr2000,mustOut,frtRail
IT,h0381,0.15194976078086125,scr2000,mustOut,frtRail
IT,h0382,0.05457303760567397,scr2000,mustOut,frtRail
IT,h0383,0.02201942269393454,scr2000,mustOut,frtRail
IT,h0384,0.012956644132693686,scr2000,mustOut,frtRail
IT,h0385,0.00499117444147627,scr2000,mustOut,frtRail
IT,h0386,0.0011245823433640584,scr2000,mustOut,frtRail
IT,h0387,0.0,scr2000,mustOut,frtRail
IT,h0388,0.0,scr2000,mustOut,frtRail
IT,h0389,0.0,scr2000,mustOut,frtRail
IT,h0390,0.003638865262187084,scr2000,mustOut,frtRail
IT,h0391,0.06145443081357114,scr2000,mustOut,frtRail
IT,h0392,0.2850548521204253,scr2000,mustOut,frtRail
IT,h0393,0.38996443915173795,scr2000,mustOut,frtRail
IT,h0394,0.28559532713039576,scr2000,mustOut,frtRail
IT,h0395,0.09233244953886618,scr2000,mustOut,frtRail
IT,h0396,0.05034449510938096,scr2000,mustOut,frtRail
IT,h0397,0.0551816277514453,scr2000,mustOut,frtRail
IT,h0398,0.07031425918960939,scr2000,mustOut,frtRail
IT,h0399,0.07923092104336386,scr2000,mustOut,frtRail
IT,h0400,0.0945163444420669,scr2000,mustOut,frtRail
IT,h0401,0.1647318639639052,scr2000,mustOut,frtRail
IT,h0402,0.3281970244032028,scr2000,mustOut,frtRail
IT,h0403,0.4314165142327532,scr2000,mustOut,frtRail
IT,h0404,0.40610729142520163,scr2000,mustOut,frtRail
IT,h0405,0.25088238174543503,scr2000,mustOut,frtRail
IT,h0406,0.15589524612663228,scr2000,mustOut,frtRail
IT,h0407,0.07579066180322887,scr2000,mustOut,frtRail
IT,h0408,0.032846709123053416,scr2000,mustOut,frtRail
IT,h0409,0.007314976979800421,scr2000,mustOut,frtRail
IT,h0410,0.000773181984350239,scr2000,mustOut,frtRail
IT,h0411,0.0,scr2000,mustOut,frtRail
IT,h0412,0.0,scr2000,mustOut,frtRail
IT,h0413,0.0,scr2000,mustOut,frtRail
IT,h0414,0.003638865262187084,scr2000,mustOut,frtRail
IT,h0415,0.012588365480795536,scr2000,mustOut,frtRail
IT,h0416,0.02953760426912566,scr2000,mustOut,frtRail
IT,h0417,0.04083500513507147,scr2000,mustOut,frtRail
IT,h0418,0.06316010496926062,scr2000,mustOut,frtRail
IT,h0419,0.11313622203522448,scr2000,mustOut,frtRail
IT,h0420,0.1565354310661821,scr2000,mustOut,frtRail
IT,h0421,0.14704261036539132,scr2000,mustOut,frtRail
IT,h0422,0.10987750547669999,scr2000,mustOut,frtRail
IT,h0423,0.07923092104336386,scr2000,mustOut,frtRail
IT,h0424,0.0945163444420669,scr2000,mustOut,frtRail
IT,h0425,0.1647318639639052,scr2000,mustOut,frtRail
IT,h0426,0.3281970244032028,scr2000,mustOut,frtRail
IT,h0427,0.4213697591089893,scr2000,mustOut,frtRail
IT,h0428,0.3724970737692318,scr2000,mustOut,frtRail
IT,h0429,0.21161474700811148,scr2000,mustOut,frtRail
IT,h0430,0.13249108907598725,scr2000,mustOut,frtRail
IT,h0431,0.11222459396997476,scr2000,mustOut,frtRail
IT,h0432,0.10230917847357109,scr2000,mustOut,frtRail
IT,h0433,0.05365331873919642,scr2000,mustOut,frtRail
IT,h0434,0.011243190547878477,scr2000,mustOut,frtRail
IT,h0435,0.0,scr2000,mustOut,frtRail
IT,h0436,0.0,scr2000,mustOut,frtRail
IT,h0437,0.0,scr2000,mustOut,frtRail
IT,h0438,0.003638865262187084,scr2000,mustOut,frtRail
IT,h0439,0.012303813553396615,scr2000,mustOut,frtRail
IT,h0440,0.05501155603124126,scr2000,mustOut,frtRail
IT,h0441,0.10412214864016107,scr2000,mustOut,frtRail
IT,h0442,0.20875777863161774,scr2000,mustOut,frtRail
IT,h0443,0.26484248333382204,scr2000,mustOut,frtRail
IT,h0444,0.26645043647882055,scr2000,mustOut,frtRail
IT,h0445,0.17546503163144636,scr2000,mustOut,frtRail
IT,h0446,0.10957395632540358,scr2000,mustOut,frtRail
IT,h0447,0.07923092104336386,scr2000,mustOut,frtRail
IT,h0448,0.0945163444420669,scr2000,mustOut,frtRail
IT,h0449,0.1647318639639052,scr2000,mustOut,frtRail
IT,h0450,0.3281970244032028,scr2000,mustOut,frtRail
IT,h0451,0.4265226647378643,scr2000,mustOut,frtRail
IT,h0452,0.338048647625099,scr2000,mustOut,frtRail
IT,h0453,0.15194976078086125,scr2000,mustOut,frtRail
IT,h0454,0.05457303760567397,scr2000,mustOut,frtRail
IT,h0455,0.02201942269393454,scr2000,mustOut,frtRail
IT,h0456,0.012956644132693686,scr2000,mustOut,frtRail
IT,h0457,0.00499117444147627,scr2000,mustOut,frtRail
IT,h0458,0.0011245823433640584,scr2000,mustOut,frtRail
IT,h0459,0.0,scr2000,mustOut,frtRail
IT,h0460,0.0,scr2000,mustOut,frtRail
IT,h0461,0.0,scr2000,mustOut,frtRail
IT,h0462,0.003638865262187084,scr2000,mustOut,frtRail
IT,h0463,0.06145443081357114,scr2000,mustOut,frtRail
IT,h0464,0.2850548521204253,scr2000,mustOut,frtRail
IT,h0465,0.38996443915173795,scr2000,mustOut,frtRail
IT,h0466,0.28559532713039576,scr2000,mustOut,frtRail
IT,h0467,0.09233244953886618,scr2000,mustOut,frtRail
IT,h0468,0.05034449510938096,scr2000,mustOut,frtRail
IT,h0469,0.0551816277514453,scr2000,mustOut,frtRail
IT,h0470,0.07031425918960939,scr2000,mustOut,frtRail
IT,h0471,0.07923092104336386,scr2000,mustOut,frtRail
IT,h0472,0.0945163444420669,scr2000,mustOut,frtRail
IT,h0473,0.1647318639639052,scr2000,mustOut,frtRail
IT,h0474,0.3281970244032028,scr2000,mustOut,frtRail
IT,h0475,0.4265226647378643,scr2000,mustOut,frtRail
IT,h0476,0.338048647625099,scr2000,mustOut,frtRail
IT,h0477,0.15194976078086125,scr2000,mustOut,frtRail
IT,h0478,0.05457303760567397,scr2000,mustOut,frtRail
IT,h0479,0.02201942269393454,scr2000,mustOut,frtRail
IT,h0480,0.012956644132693686,scr2000,mustOut,frtRail
IT,h0481,0.00499117444147627,scr2000,mustOut,frtRail
IT,h0482,0.0011245823433640584,scr2000,mustOut,frtRail
IT,h0483,0.0,scr2000,mustOut,frtRail
IT,h0484,0.0,scr2000,mustOut,frtRail
IT,h0485,0.0,scr2000,mustOut,frtRail
IT,h0486,0.003638865262187084,scr2000,mustOut,frtRail
IT,h0487,0.06145443081357114,scr2000,mustOut,frtRail
IT,h0488,0.2850548521204253,scr2000,mustOut,frtRail
IT,h0489,0.38996443915173795,scr2000,mustOut,frtRail
IT,h0490,0.28559532713039576,scr2000,mustOut,frtRail
IT,h0491,0.09233244953886618,scr2000,mustOut,frtRail
IT,h0492,0.05034449510938096,scr2000,mustOut,frtRail
IT,h0493,0.09561720743219172,scr2000,mustOut,frtRail
IT,h0494,0.16200365972689862,scr2000,mustOut,frtRail
IT,h0495,0.24723776785085494,scr2000,mustOut,frtRail
IT,h0496,0.23506916267014216,scr2000,mustOut,frtRail
IT,h0497,0.2818241701598353,scr2000,mustOut,frtRail
IT,h0498,0.3406680510819282,scr2000,mustOut,frtRail
IT,h0499,0.4017322823422057,scr2000,mustOut,frtRail
IT,h0500,0.3001008518792109,scr2000,mustOut,frtRail
IT,h0501,0.15194976078086125,scr2000,mustOut,frtRail
IT,h0502,0.05457303760567397,scr2000,mustOut,frtRail
IT,h0503,0.02201942269393454,scr2000,mustOut,frtRail
IT,h0504,0.012956644132693686,scr2000,mustOut,frtRail
NL,h0337,0.004991174441476271,scr2000,mustOut,frtRail
NL,h0338,0.001124582343364059,scr2000,mustOut,frtRail
NL,h0339,0.0,scr2000,mustOut,frtRail
NL,h0340,0.0,scr2000,mustOut,frtRail
NL,h0341,0.0008277996876940328,scr2000,mustOut,frtRail
NL,h0342,0.002902760757288197,scr2000,mustOut,frtRail
NL,h0343,0.0589595954704857,scr2000,mustOut,frtRail
NL,h0344,0.26770254822400014,scr2000,mustOut,frtRail
NL,h0345,0.38996443915173806,scr2000,mustOut,frtRail
NL,h0346,0.2855953271303958,scr2000,mustOut,frtRail
NL,h0347,0.09233244953886621,scr2000,mustOut,frtRail
NL,h0348,0.05034449510938097,scr2000,mustOut,frtRail
NL,h0349,0.10104675924386658,scr2000,mustOut,frtRail
NL,h0350,0.1687394200145734,scr2000,mustOut,frtRail
NL,h0351,0.23230650210312623,scr2000,mustOut,frtRail
NL,h0352,0.2620142078227696,scr2000,mustOut,frtRail
NL,h0353,0.336633131767583,scr2000,mustOut,frtRail
NL,h0354,0.43776030720753084,scr2000,mustOut,frtRail
NL,h0355,0.43971642,scr2000,mustOut,frtRail
NL,h0356,0.3081425209552586,scr2000,mustOut,frtRail
NL,h0357,0.15194976078086125,scr2000,mustOut,frtRail
NL,h0358,0.05457303760567398,scr2000,mustOut,frtRail
NL,h0359,0.022019422693934546,scr2000,mustOut,frtRail
NL,h0360,0.01295664413269369,scr2000,mustOut,frtRail
NL,h0361,0.004991174441476271,scr2000,mustOut,frtRail
NL,h0362,0.001124582343364059,scr2000,mustOut,frtRail
NL,h0363,0.0,scr2000,mustOut,frtRail
NL,h0364,0.0,scr2000,mustOut,frtRail
NL,h0365,0.00010400137801255494,scr2000,mustOut,frtRail
NL,h0366,0.0009235550108104215,scr2000,mustOut,frtRail
NL,h0367,0.04947256332769487,scr2000,mustOut,frtRail
NL,h0368,0.2614516381921459,scr2000,mustOut,frtRail
NL,h0369,0.38996443915173806,scr2000,mustOut,frtRail
NL,h0370,0.2855953271303958,scr2000,mustOut,frtRail
NL,h0371,0.09233244953886621,scr2000,mustOut,frtRail
NL,h0372,0.05034449510938097,scr2000,mustOut,frtRail
NL,h0373,0.05518162775144532,scr2000,mustOut,frtRail
NL,h0374,0.0703142591896094,scr2000,mustOut,frtRail
NL,h0375,0.07923092104336388,scr2000,mustOut,frtRail
NL,h0376,0.0945163444420669,scr2000,mustOut,frtRail
NL,h0377,0.16473186396390527,scr2000,mustOut,frtRail
NL,h0378,0.3281970244032028,scr2000,mustOut,frtRail
NL,h0379,0.4265226647378644,scr2000,mustOut,frtRail
NL,h0380,0.338048647625099,scr2000,mustOut,frtRail
NL,h0381,0.15194976078086125,scr2000,mustOut,frtRail
NL,h0382,0.05457303760567398,scr2000,mustOut,frtRail
NL,h0383,0.022019422693934546,scr2000,mustOut,frtRail
NL,h0384,0.01295664413269369,scr2000,mustOut,frtRail
NL,h0385,0.004991174441476271,scr2000,mustOut,frtRail
NL,h0386,0.001124582343364059,scr2000,mustOut,frtRail
NL,h0387,0.0,scr2000,mustOut,frtRail
NL,h0388,0.0,scr2000,mustOut,frtRail
NL,h0389,0.0,scr2000,mustOut,frtRail
NL,h0390,0.0036388652621870865,scr2000,mustOut,frtRail
NL,h0391,0.06145443081357116,scr2000,mustOut,frtRail
NL,h0392,0.2850548521204254,scr2000,mustOut,frtRail
NL,h0393,0.38996443915173806,scr2000,mustOut,frtRail
NL,h0394,0.2855953271303958,scr2000,mustOut,frtRail
NL,h0395,0.09233244953886621,scr2000,mustOut,frtRail
NL,h0396,0.05034449510938097,scr2000,mustOut,frtRail
NL,h0397,0.05518162775144532,scr2000,mustOut,frtRail
NL,h0398,0.0703142591896094,scr2000,mustOut,frtRail
NL,h0399,0.07923092104336388,scr2000,mustOut,frtRail
NL,h0400,0.0945163444420669,scr2000,mustOut,frtRail
NL,h0401,0.16473186396390527,scr2000,mustOut,frtRail
NL,h0402,0.3281970244032028,scr2000,mustOut,frtRail
NL,h0403,0.4314165142327533,scr2000,mustOut,frtRail
NL,h0404,0.40610729142520174,scr2000,mustOut,frtRail
NL,h0405,0.2508823817454351,scr2000,mustOut,frtRail
NL,h0406,0.1558952461266323,scr2000,mustOut,frtRail
NL,h0407,0.0757906618032289,scr2000,mustOut,frtRail
NL,h0408,0.03284670912305344,scr2000,mustOut,frtRail
NL,h0409,0.007314976979800423,scr2000,mustOut,frtRail
NL,h0410,0.0007731819843502392,scr2000,mustOut,frtRail
NL,h0411,0.0,scr2000,mustOut,frtRail
NL,h0412,0.0,scr2000,mustOut,frtRail
NL,h0413,0.0,scr2000,mustOut,frtRail
NL,h0414,0.0036388652621870865,scr2000,mustOut,frtRail
NL,h0415,0.012588365480795543,scr2000,mustOut,frtRail
NL,h0416,0.029537604269125682,scr2000,mustOut,frtRail
NL,h0417,0.04083500513507148,scr2000,mustOut,frtRail
NL,h0418,0.06316010496926065,scr2000,mustOut,frtRail
NL,h0419,0.11313622203522451,scr2000,mustOut,frtRail
NL,h0420,0.15653543106618212,scr2000,mustOut,frtRail
NL,h0421,0.14704261036539143,scr2000,mustOut,frtRail
NL,h0422,0.10987750547670001,scr2000,mustOut,frtRail
NL,h0423,0.07923092104336388,scr2000,mustOut,frtRail
NL,h0424,0.0945163444420669,scr2000,mustOut,frtRail
NL,h0425,0.16473186396390527,scr2000,mustOut,frtRail
NL,h0426,0.3281970244032028,scr2000,mustOut,frtRail
NL,h0427,0.4213697591089894,scr2000,mustOut,frtRail
NL,h0428,0.3724970737692319,scr2000,mustOut,frtRail
NL,h0429,0.21161474700811153,scr2000,mustOut,frtRail
NL,h0430,0.1324910890759873,scr2000,mustOut,frtRail
NL,h0431,0.11222459396997475,scr2000,mustOut,frtRail
NL,h0432,0.10230917847357107,scr2000,mustOut,frtRail
NL,h0433,0.05365331873919643,scr2000,mustOut,frtRail
NL,h0434,0.01124319054787848,scr2000,mustOut,frtRail
NL,h0435,0.0,scr2000,mustOut,frtRail
NL,h0436,0.0,scr2000,mustOut,frtRail
NL,h0437,0.0,scr2000,mustOut,frtRail
NL,h0438,0.0036388652621870865,scr2000,mustOut,frtRail
NL,h0439,0.012303813553396619,scr2000,mustOut,frtRail
NL,h0440,0.055011556031241284,scr2000,mustOut,frtRail
NL,h0441,0.1041221486401611,scr2000,mustOut,frtRail
NL,h0442,0.2087577786316178,scr2000,mustOut,frtRail
NL,h0443,0.26484248333382215,scr2000,mustOut,frtRail
NL,h0444,0.2664504364788206,scr2000,mustOut,frtRail
NL,h0445,0.17546503163144642,scr2000,mustOut,frtRail
NL,h0446,0.10957395632540362,scr2000,mustOut,frtRail
NL,h0447,0.07923092104336388,scr2000,mustOut,frtRail
NL,h0448,0.0945163444420669,scr2000,mustOut,frtRail
NL,h0449,0.16473186396390527,scr2000,mustOut,frtRail
NL,h0450,0.3281970244032028,scr2000,mustOut,frtRail
NL,h0451,0.4265226647378644,scr2000,mustOut,frtRail
NL,h0452,0.338048647625099,scr2000,mustOut,frtRail
NL,h0453,0.15194976078086125,scr2000,mustOut,frtRail
NL,h0454,0.05457303760567398,scr2000,mustOut,frtRail
NL,h0455,0.022019422693934546,scr2000,mustOut,frtRail
NL,h0456,0.01295664413269369,scr2000,mustOut,frtRail
NL,h0457,0.004991174441476271,scr2000,mustOut,frtRail
NL,h0458,0.001124582343364059,scr2000,mustOut,frtRail
NL,h0459,0.0,scr2000,mustOut,frtRail
NL,h0460,0.0,scr2000,mustOut,frtRail
NL,h0461,0.0,scr2000,mustOut,frtRail
NL,h0462,0.0036388652621870865,scr2000,mustOut,frtRail
NL,h0463,0.06145443081357116,scr2000,mustOut,frtRail
NL,h0464,0.2850548521204254,scr2000,mustOut,frtRail
NL,h0465,0.38996443915173806,scr2000,mustOut,frtRail
NL,h0466,0.2855953271303958,scr2000,mustOut,frtRail
NL,h0467,0.09233244953886621,scr2000,mustOut,frtRail
NL,h0468,0.05034449510938097,scr2000,mustOut,frtRail
NL,h0469,0.05518162775144532,scr2000,mustOut,frtRail
NL,h0470,0.0703142591896094,scr2000,mustOut,frtRail
NL,h0471,0.07923092104336388,scr2000,mustOut,frtRail
NL,h0472,0.0945163444420669,scr2000,mustOut,frtRail
NL,h0473,0.16473186396390527,scr2000,mustOut,frtRail
NL,h0474,0.3281970244032028,scr2000,mustOut,frtRail
NL,h0475,0.4265226647378644,scr2000,mustOut,frtRail
NL,h0476,0.338048647625099,scr2000,mustOut,frtRail
NL,h0477,0.15194976078086125,scr2000,mustOut,frtRail
NL,h0478,0.05457303760567398,scr2000,mustOut,frtRail
NL,h0479,0.022019422693934546,scr2000,mustOut,frtRail
NL,h0480,0.01295664413269369,scr2000,mustOut,frtRail
NL,h0481,0.004991174441476271,scr2000,mustOut,frtRail
NL,h0482,0.001124582343364059,scr2000,mustOut,frtRail
NL,h0483,0.0,scr2000,mustOut,frtRail
NL,h0484,0.0,scr2000,mustOut,frtRail
NL,h0485,0.0,scr2000,mustOut,frtRail
NL,h0486,0.0036388652621870865,scr2000,mustOut,frtRail
NL,h0487,0.06145443081357116,scr2000,mustOut,frtRail
NL,h0488,0.2850548521204254,scr2000,mustOut,frtRail
NL,h0489,0.38996443915173806,scr2000,mustOut,frtRail
NL,h0490,0.2855953271303958,scr2000,mustOut,frtRail
NL,h0491,0.09233244953886621,scr2000,mustOut,frtRail
NL,h0492,0.05034449510938097,scr2000,mustOut,frtRail
NL,h0493,0.09561720743219179,scr2000,mustOut,frtRail
NL,h0494,0.16200365972689867,scr2000,mustOut,frtRail
NL,h0495,0.247237767850855,scr2000,mustOut,frtRail
NL,h0496,0.23506916267014225,scr2000,mustOut,frtRail
NL,h0497,0.28182417015983535,scr2000,mustOut,frtRail
NL,h0498,0.3406680510819283,scr2000,mustOut,frtRail
NL,h0499,0.40173228234220565,scr2000,mustOut,frtRail
NL,h0500,0.3001008518792109,scr2000,mustOut,frtRail
NL,h0501,0.15194976078086125,scr2000,mustOut,frtRail
NL,h0502,0.05457303760567398,scr2000,mustOut,frtRail
NL,h0503,0.022019422693934546,scr2000,mustOut,frtRail
NL,h0504,0.01295664413269369,scr2000,mustOut,frtRail
IE,h0337,0.004991174441476271,scr2000,mustOut,frtRail
IE,h0338,0.001124582343364059,scr2000,mustOut,frtRail
IE,h0339,0.0,scr2000,mustOut,frtRail
IE,h0340,0.0,scr2000,mustOut,frtRail
IE,h0341,0.0008277996876940328,scr2000,mustOut,frtRail
IE,h0342,0.002902760757288197,scr2000,mustOut,frtRail
IE,h0343,0.0589595954704857,scr2000,mustOut,frtRail
IE,h0344,0.26770254822400014,scr2000,mustOut,frtRail
IE,h0345,0.38996443915173806,scr2000,mustOut,frtRail
IE,h0346,0.2855953271303958,scr2000,mustOut,frtRail
IE,h0347,0.09233244953886621,scr2000,mustOut,frtRail
IE,h0348,0.05034449510938097,scr2000,mustOut,frtRail
IE,h0349,0.10104675924386658,scr2000,mustOut,frtRail
IE,h0350,0.1687394200145734,scr2000,mustOut,frtRail
IE,h0351,0.23230650210312623,scr2000,mustOut,frtRail
IE,h0352,0.2620142078227696,scr2000,mustOut,frtRail
IE,h0353,0.336633131767583,scr2000,mustOut,frtRail
IE,h0354,0.43776030720753084,scr2000,mustOut,frtRail
IE,h0355,0.43971642,scr2000,mustOut,frtRail
IE,h0356,0.3081425209552586,scr2000,mustOut,frtRail
IE,h0357,0.15194976078086125,scr2000,mustOut,frtRail
IE,h0358,0.05457303760567398,scr2000,mustOut,frtRail
IE,h0359,0.022019422693934546,scr2000,mustOut,frtRail
IE,h0360,0.01295664413269369,scr2000,mustOut,frtRail
IE,h0361,0.004991174441476271,scr2000,mustOut,frtRail
IE,h0362,0.001124582343364059,scr2000,mustOut,frtRail
IE,h0363,0.0,scr2000,mustOut,frtRail
IE,h0364,0.0,scr2000,mustOut,frtRail
IE,h0365,0.00010400137801255494,scr2000,mustOut,frtRail
IE,h0366,0.0009235550108104215,scr2000,mustOut,frtRail
IE,h0367,0.04947256332769487,scr2000,mustOut,frtRail
IE,h0368,0.2614516381921459,scr2000,mustOut,frtRail
IE,h0369,0.38996443915173806,scr2000,mustOut,frtRail
IE,h0370,0.2855953271303958,scr2000,mustOut,frtRail
IE,h0371,0.09233244953886621,scr2000,mustOut,frtRail
IE,h0372,0.05034449510938097,scr2000,mustOut,frtRail
IE,h0373,0.05518162775144532,scr2000,mustOut,frtRail
IE,h0374,0.0703142591896094,scr2000,mustOut,frtRail
IE,h0375,0.07923092104336388,scr2000,mustOut,frtRail
IE,h0376,0.0945163444420669,scr2000,mustOut,frtRail
IE,h0377,0.16473186396390527,scr2000,mustOut,frtRail
IE,h0378,0.3281970244032028,scr2000,mustOut,frtRail
IE,h0379,0.4265226647378644,scr2000,mustOut,frtRail
IE,h0380,0.338048647625099,scr2000,mustOut,frtRail
IE,h0381,0.15194976078086125,scr2000,mustOut,frtRail
IE,h0382,0.05457303760567398,scr2000,mustOut,frtRail
IE,h0383,0.022019422693934546,scr2000,mustOut,frtRail
IE,h0384,0.01295664413269369,scr2000,mustOut,frtRail
IE,h0385,0.004991174441476271,scr2000,mustOut,frtRail
IE,h0386,0.001124582343364059,scr2000,mustOut,frtRail
IE,h0387,0.0,scr2000,mustOut,frtRail
IE,h0388,0.0,scr2000,mustOut,frtRail
IE,h0389,0.0,scr2000,mustOut,frtRail
IE,h0390,0.0036388652621870865,scr2000,mustOut,frtRail
IE,h0391,0.06145443081357116,scr2000,mustOut,frtRail
IE,h0392,0.2850548521204254,scr2000,mustOut,frtRail
IE,h0393,0.38996443915173806,scr2000,mustOut,frtRail
IE,h0394,0.2855953271303958,scr2000,mustOut,frtRail
IE,h0395,0.09233244953886621,scr2000,mustOut,frtRail
IE,h0396,0.05034449510938097,scr2000,mustOut,frtRail
IE,h0397,0.05518162775144532,scr2000,mustOut,frtRail
IE,h0398,0.0703142591896094,scr2000,mustOut,frtRail
IE,h0399,0.07923092104336388,scr2000,mustOut,frtRail
IE,h0400,0.0945163444420669,scr2000,mustOut,frtRail
IE,h0401,0.16473186396390527,scr2000,mustOut,frtRail
IE,h0402,0.3281970244032028,scr2000,mustOut,frtRail
IE,h0403,0.4314165142327533,scr2000,mustOut,frtRail
IE,h0404,0.40610729142520174,scr2000,mustOut,frtRail
IE,h0405,0.2508823817454351,scr2000,mustOut,frtRail
IE,h0406,0.1558952461266323,scr2000,mustOut,frtRail
IE,h0407,0.0757906618032289,scr2000,mustOut,frtRail
IE,h0408,0.03284670912305344,scr2000,mustOut,frtRail
IE,h0409,0.007314976979800423,scr2000,mustOut,frtRail
IE,h0410,0.0007731819843502392,scr2000,mustOut,frtRail
IE,h0411,0.0,scr2000,mustOut,frtRail
IE,h0412,0.0,scr2000,mustOut,frtRail
IE,h0413,0.0,scr2000,mustOut,frtRail
IE,h0414,0.0036388652621870865,scr2000,mustOut,frtRail
IE,h0415,0.012588365480795543,scr2000,mustOut,frtRail
IE,h0416,0.029537604269125682,scr2000,mustOut,frtRail
IE,h0417,0.04083500513507148,scr2000,mustOut,frtRail
IE,h0418,0.06316010496926065,scr2000,mustOut,frtRail
IE,h0419,0.11313622203522451,scr2000,mustOut,frtRail
IE,h0420,0.15653543106618212,scr2000,mustOut,frtRail
IE,h0421,0.14704261036539143,scr2000,mustOut,frtRail
IE,h0422,0.10987750547670001,scr2000,mustOut,frtRail
IE,h0423,0.07923092104336388,scr2000,mustOut,frtRail
IE,h0424,0.0945163444420669,scr2000,mustOut,frtRail
IE,h0425,0.16473186396390527,scr2000,mustOut,frtRail
IE,h0426,0.3281970244032028,scr2000,mustOut,frtRail
IE,h0427,0.4213697591089894,scr2000,mustOut,frtRail
IE,h0428,0.3724970737692319,scr2000,mustOut,frtRail
IE,h0429,0.21161474700811153,scr2000,mustOut,frtRail
IE,h0430,0.1324910890759873,scr2000,mustOut,frtRail
IE,h0431,0.11222459396997475,scr2000,mustOut,frtRail
IE,h0432,0.10230917847357107,scr2000,mustOut,frtRail
IE,h0433,0.05365331873919643,scr2000,mustOut,frtRail
IE,h0434,0.01124319054787848,scr2000,mustOut,frtRail
IE,h0435,0.0,scr2000,mustOut,frtRail
IE,h0436,0.0,scr2000,mustOut,frtRail
IE,h0437,0.0,scr2000,mustOut,frtRail
IE,h0438,0.0036388652621870865,scr2000,mustOut,frtRail
IE,h0439,0.012303813553396619,scr2000,mustOut,frtRail
IE,h0440,0.055011556031241284,scr2000,mustOut,frtRail
IE,h0441,0.1041221486401611,scr2000,mustOut,frtRail
IE,h0442,0.2087577786316178,scr2000,mustOut,frtRail
IE,h0443,0.26484248333382215,scr2000,mustOut,frtRail
IE,h0444,0.2664504364788206,scr2000,mustOut,frtRail
IE,h0445,0.17546503163144642,scr2000,mustOut,frtRail
IE,h0446,0.10957395632540362,scr2000,mustOut,frtRail
IE,h0447,0.07923092104336388,scr2000,mustOut,frtRail
IE,h0448,0.0945163444420669,scr2000,mustOut,frtRail
IE,h0449,0.16473186396390527,scr2000,mustOut,frtRail
IE,h0450,0.3281970244032028,scr2000,mustOut,frtRail
IE,h0451,0.4265226647378644,scr2000,mustOut,frtRail
IE,h0452,0.338048647625099,scr2000,mustOut,frtRail
IE,h0453,0.15194976078086125,scr2000,mustOut,frtRail
IE,h0454,0.05457303760567398,scr2000,mustOut,frtRail
IE,h0455,0.022019422693934546,scr2000,mustOut,frtRail
IE,h0456,0.01295664413269369,scr2000,mustOut,frtRail
IE,h0457,0.004991174441476271,scr2000,mustOut,frtRail
IE,h0458,0.001124582343364059,scr2000,mustOut,frtRail
IE,h0459,0.0,scr2000,mustOut,frtRail
IE,h0460,0.0,scr2000,mustOut,frtRail
IE,h0461,0.0,scr2000,mustOut,frtRail
IE,h0462,0.0036388652621870865,scr2000,mustOut,frtRail
IE,h0463,0.06145443081357116,scr2000,mustOut,frtRail
IE,h0464,0.2850548521204254,scr2000,mustOut,frtRail
IE,h0465,0.38996443915173806,scr2000,mustOut,frtRail
IE,h0466,0.2855953271303958,scr2000,mustOut,frtRail
IE,h0467,0.09233244953886621,scr2000,mustOut,frtRail
IE,h0468,0.05034449510938097,scr2000,mustOut,frtRail
IE,h0469,0.05518162775144532,scr2000,mustOut,frtRail
IE,h0470,0.0703142591896094,scr2000,mustOut,frtRail
IE,h0471,0.07923092104336388,scr2000,mustOut,frtRail
IE,h0472,0.0945163444420669,scr2000,mustOut,frtRail
IE,h0473,0.16473186396390527,scr2000,mustOut,frtRail
IE,h0474,0.3281970244032028,scr2000,mustOut,frtRail
IE,h0475,0.4265226647378644,scr2000,mustOut,frtRail
IE,h0476,0.338048647625099,scr2000,mustOut,frtRail
IE,h0477,0.15194976078086125,scr2000,mustOut,frtRail
IE,h0478,0.05457303760567398,scr2000,mustOut,frtRail
IE,h0479,0.022019422693934546,scr2000,mustOut,frtRail
IE,h0480,0.01295664413269369,scr2000,mustOut,frtRail
IE,h0481,0.004991174441476271,scr2000,mustOut,frtRail
IE,h0482,0.001124582343364059,scr2000,mustOut,frtRail
IE,h0483,0.0,scr2000,mustOut,frtRail
IE,h0484,0.0,scr2000,mustOut,frtRail
IE,h0485,0.0,scr2000,mustOut,frtRail
IE,h0486,0.0036388652621870865,scr2000,mustOut,frtRail
IE,h0487,0.06145443081357116,scr2000,mustOut,frtRail
IE,h0488,0.2850548521204254,scr2000,mustOut,frtRail
IE,h0489,0.38996443915173806,scr2000,mustOut,frtRail
IE,h0490,0.2855953271303958,scr2000,mustOut,frtRail
IE,h0491,0.09233244953886621,scr2000,mustOut,frtRail
IE,h0492,0.05034449510938097,scr2000,mustOut,frtRail
IE,h0493,0.09561720743219179,scr2000,mustOut,frtRail
IE,h0494,0.16200365972689867,scr2000,mustOut,frtRail
IE,h0495,0.247237767850855,scr2000,mustOut,frtRail
IE,h0496,0.23506916267014225,scr2000,mustOut,frtRail
IE,h0497,0.28182417015983535,scr2000,mustOut,frtRail
IE,h0498,0.3406680510819283,scr2000,mustOut,frtRail
IE,h0499,0.40173228234220565,scr2000,mustOut,frtRail
IE,h0500,0.3001008518792109,scr2000,mustOut,frtRail
IE,h0501,0.15194976078086125,scr2000,mustOut,frtRail
IE,h0502,0.05457303760567398,scr2000,mustOut,frtRail
IE,h0503,0.022019422693934546,scr2000,mustOut,frtRail
IE,h0504,0.01295664413269369,scr2000,mustOut,frtRail
HR,h0337,0.004991174441476271,scr2000,mustOut,frtRail
HR,h0338,0.001124582343364059,scr2000,mustOut,frtRail
HR,h0339,0.0,scr2000,mustOut,frtRail
HR,h0340,0.0,scr2000,mustOut,frtRail
HR,h0341,0.0008277996876940328,scr2000,mustOut,frtRail
HR,h0342,0.002902760757288197,scr2000,mustOut,frtRail
HR,h0343,0.0589595954704857,scr2000,mustOut,frtRail
HR,h0344,0.26770254822400014,scr2000,mustOut,frtRail
HR,h0345,0.38996443915173806,scr2000,mustOut,frtRail
HR,h0346,0.2855953271303958,scr2000,mustOut,frtRail
HR,h0347,0.09233244953886621,scr2000,mustOut,frtRail
HR,h0348,0.05034449510938097,scr2000,mustOut,frtRail
HR,h0349,0.10104675924386658,scr2000,mustOut,frtRail
HR,h0350,0.1687394200145734,scr2000,mustOut,frtRail
HR,h0351,0.23230650210312623,scr2000,mustOut,frtRail
HR,h0352,0.2620142078227696,scr2000,mustOut,frtRail
HR,h0353,0.336633131767583,scr2000,mustOut,frtRail
HR,h0354,0.43776030720753084,scr2000,mustOut,frtRail
HR,h0355,0.43971642,scr2000,mustOut,frtRail
HR,h0356,0.3081425209552586,scr2000,mustOut,frtRail
HR,h0357,0.15194976078086125,scr2000,mustOut,frtRail
HR,h0358,0.05457303760567398,scr2000,mustOut,frtRail
HR,h0359,0.022019422693934546,scr2000,mustOut,frtRail
HR,h0360,0.01295664413269369,scr2000,mustOut,frtRail
HR,h0361,0.004991174441476271,scr2000,mustOut,frtRail
HR,h0362,0.001124582343364059,scr2000,mustOut,frtRail
HR,h0363,0.0,scr2000,mustOut,frtRail
HR,h0364,0.0,scr2000,mustOut,frtRail
HR,h0365,0.00010400137801255494,scr2000,mustOut,frtRail
HR,h0366,0.0009235550108104215,scr2000,mustOut,frtRail
HR,h0367,0.04947256332769487,scr2000,mustOut,frtRail
HR,h0368,0.2614516381921459,scr2000,mustOut,frtRail
HR,h0369,0.38996443915173806,scr2000,mustOut,frtRail
HR,h0370,0.2855953271303958,scr2000,mustOut,frtRail
HR,h0371,0.09233244953886621,scr2000,mustOut,frtRail
HR,h0372,0.05034449510938097,scr2000,mustOut,frtRail
HR,h0373,0.05518162775144532,scr2000,mustOut,frtRail
HR,h0374,0.0703142591896094,scr2000,mustOut,frtRail
HR,h0375,0.07923092104336388,scr2000,mustOut,frtRail
HR,h0376,0.0945163444420669,scr2000,mustOut,frtRail
HR,h0377,0.16473186396390527,scr2000,mustOut,frtRail
HR,h0378,0.3281970244032028,scr2000,mustOut,frtRail
HR,h0379,0.4265226647378644,scr2000,mustOut,frtRail
HR,h0380,0.338048647625099,scr2000,mustOut,frtRail
HR,h0381,0.15194976078086125,scr2000,mustOut,frtRail
HR,h0382,0.05457303760567398,scr2000,mustOut,frtRail
HR,h0383,0.022019422693934546,scr2000,mustOut,frtRail
HR,h0384,0.01295664413269369,scr2000,mustOut,frtRail
HR,h0385,0.004991174441476271,scr2000,mustOut,frtRail
HR,h0386,0.001124582343364059,scr2000,mustOut,frtRail
HR,h0387,0.0,scr2000,mustOut,frtRail
HR,h0388,0.0,scr2000,mustOut,frtRail
HR,h0389,0.0,scr2000,mustOut,frtRail
HR,h0390,0.0036388652621870865,scr2000,mustOut,frtRail
HR,h0391,0.06145443081357116,scr2000,mustOut,frtRail
HR,h0392,0.2850548521204254,scr2000,mustOut,frtRail
HR,h0393,0.38996443915173806,scr2000,mustOut,frtRail
HR,h0394,0.2855953271303958,scr2000,mustOut,frtRail
HR,h0395,0.09233244953886621,scr2000,mustOut,frtRail
HR,h0396,0.05034449510938097,scr2000,mustOut,frtRail
HR,h0397,0.05518162775144532,scr2000,mustOut,frtRail
HR,h0398,0.0703142591896094,scr2000,mustOut,frtRail
HR,h0399,0.07923092104336388,scr2000,mustOut,frtRail
HR,h0400,0.0945163444420669,scr2000,mustOut,frtRail
HR,h0401,0.16473186396390527,scr2000,mustOut,frtRail
HR,h0402,0.3281970244032028,scr2000,mustOut,frtRail
HR,h0403,0.4314165142327533,scr2000,mustOut,frtRail
HR,h0404,0.40610729142520174,scr2000,mustOut,frtRail
HR,h0405,0.2508823817454351,scr2000,mustOut,frtRail
HR,h0406,0.1558952461266323,scr2000,mustOut,frtRail
HR,h0407,0.0757906618032289,scr2000,mustOut,frtRail
HR,h0408,0.03284670912305344,scr2000,mustOut,frtRail
HR,h0409,0.007314976979800423,scr2000,mustOut,frtRail
HR,h0410,0.0007731819843502392,scr2000,mustOut,frtRail
HR,h0411,0.0,scr2000,mustOut,frtRail
HR,h0412,0.0,scr2000,mustOut,frtRail
HR,h0413,0.0,scr2000,mustOut,frtRail
HR,h0414,0.0036388652621870865,scr2000,mustOut,frtRail
HR,h0415,0.012588365480795543,scr2000,mustOut,frtRail
HR,h0416,0.029537604269125682,scr2000,mustOut,frtRail
HR,h0417,0.04083500513507148,scr2000,mustOut,frtRail
HR,h0418,0.06316010496926065,scr2000,mustOut,frtRail
HR,h0419,0.11313622203522451,scr2000,mustOut,frtRail
HR,h0420,0.15653543106618212,scr2000,mustOut,frtRail
HR,h0421,0.14704261036539143,scr2000,mustOut,frtRail
HR,h0422,0.10987750547670001,scr2000,mustOut,frtRail
HR,h0423,0.07923092104336388,scr2000,mustOut,frtRail
HR,h0424,0.0945163444420669,scr2000,mustOut,frtRail
HR,h0425,0.16473186396390527,scr2000,mustOut,frtRail
HR,h0426,0.3281970244032028,scr2000,mustOut,frtRail
HR,h0427,0.4213697591089894,scr2000,mustOut,frtRail
HR,h0428,0.3724970737692319,scr2000,mustOut,frtRail
HR,h0429,0.21161474700811153,scr2000,mustOut,frtRail
HR,h0430,0.1324910890759873,scr2000,mustOut,frtRail
HR,h0431,0.11222459396997475,scr2000,mustOut,frtRail
HR,h0432,0.10230917847357107,scr2000,mustOut,frtRail
HR,h0433,0.05365331873919643,scr2000,mustOut,frtRail
HR,h0434,0.01124319054787848,scr2000,mustOut,frtRail
HR,h0435,0.0,scr2000,mustOut,frtRail
HR,h0436,0.0,scr2000,mustOut,frtRail
HR,h0437,0.0,scr2000,mustOut,frtRail
HR,h0438,0.0036388652621870865,scr2000,mustOut,frtRail
HR,h0439,0.012303813553396619,scr2000,mustOut,frtRail
HR,h0440,0.055011556031241284,scr2000,mustOut,frtRail
HR,h0441,0.1041221486401611,scr2000,mustOut,frtRail
HR,h0442,0.2087577786316178,scr2000,mustOut,frtRail
HR,h0443,0.26484248333382215,scr2000,mustOut,frtRail
HR,h0444,0.2664504364788206,scr2000,mustOut,frtRail
HR,h0445,0.17546503163144642,scr2000,mustOut,frtRail
HR,h0446,0.10957395632540362,scr2000,mustOut,frtRail
HR,h0447,0.07923092104336388,scr2000,mustOut,frtRail
HR,h0448,0.0945163444420669,scr2000,mustOut,frtRail
HR,h0449,0.16473186396390527,scr2000,mustOut,frtRail
HR,h0450,0.3281970244032028,scr2000,mustOut,frtRail
HR,h0451,0.4265226647378644,scr2000,mustOut,frtRail
HR,h0452,0.338048647625099,scr2000,mustOut,frtRail
HR,h0453,0.15194976078086125,scr2000,mustOut,frtRail
HR,h0454,0.05457303760567398,scr2000,mustOut,frtRail
HR,h0455,0.022019422693934546,scr2000,mustOut,frtRail
HR,h0456,0.01295664413269369,scr2000,mustOut,frtRail
HR,h0457,0.004991174441476271,scr2000,mustOut,frtRail
HR,h0458,0.001124582343364059,scr2000,mustOut,frtRail
HR,h0459,0.0,scr2000,mustOut,frtRail
HR,h0460,0.0,scr2000,mustOut,frtRail
HR,h0461,0.0,scr2000,mustOut,frtRail
HR,h0462,0.0036388652621870865,scr2000,mustOut,frtRail
HR,h0463,0.06145443081357116,scr2000,mustOut,frtRail
HR,h0464,0.2850548521204254,scr2000,mustOut,frtRail
HR,h0465,0.38996443915173806,scr2000,mustOut,frtRail
HR,h0466,0.2855953271303958,scr2000,mustOut,frtRail
HR,h0467,0.09233244953886621,scr2000,mustOut,frtRail
HR,h0468,0.05034449510938097,scr2000,mustOut,frtRail
HR,h0469,0.05518162775144532,scr2000,mustOut,frtRail
HR,h0470,0.0703142591896094,scr2000,mustOut,frtRail
HR,h0471,0.07923092104336388,scr2000,mustOut,frtRail
HR,h0472,0.0945163444420669,scr2000,mustOut,frtRail
HR,h0473,0.16473186396390527,scr2000,mustOut,frtRail
HR,h0474,0.3281970244032028,scr2000,mustOut,frtRail
HR,h0475,0.4265226647378644,scr2000,mustOut,frtRail
HR,h0476,0.338048647625099,scr2000,mustOut,frtRail
HR,h0477,0.15194976078086125,scr2000,mustOut,frtRail
HR,h0478,0.05457303760567398,scr2000,mustOut,frtRail
HR,h0479,0.022019422693934546,scr2000,mustOut,frtRail
HR,h0480,0.01295664413269369,scr2000,mustOut,frtRail
HR,h0481,0.004991174441476271,scr2000,mustOut,frtRail
HR,h0482,0.001124582343364059,scr2000,mustOut,frtRail
HR,h0483,0.0,scr2000,mustOut,frtRail
HR,h0484,0.0,scr2000,mustOut,frtRail
HR,h0485,0.0,scr2000,mustOut,frtRail
HR,h0486,0.0036388652621870865,scr2000,mustOut,frtRail
HR,h0487,0.06145443081357116,scr2000,mustOut,frtRail
HR,h0488,0.2850548521204254,scr2000,mustOut,frtRail
HR,h0489,0.38996443915173806,scr2000,mustOut,frtRail
HR,h0490,0.2855953271303958,scr2000,mustOut,frtRail
HR,h0491,0.09233244953886621,scr2000,mustOut,frtRail
HR,h0492,0.05034449510938097,scr2000,mustOut,frtRail
HR,h0493,0.09561720743219179,scr2000,mustOut,frtRail
HR,h0494,0.16200365972689867,scr2000,mustOut,frtRail
HR,h0495,0.247237767850855,scr2000,mustOut,frtRail
HR,h0496,0.23506916267014225,scr2000,mustOut,frtRail
HR,h0497,0.28182417015983535,scr2000,mustOut,frtRail
HR,h0498,0.3406680510819283,scr2000,mustOut,frtRail
HR,h0499,0.40173228234220565,scr2000,mustOut,frtRail
HR,h0500,0.3001008518792109,scr2000,mustOut,frtRail
HR,h0501,0.15194976078086125,scr2000,mustOut,frtRail
HR,h0502,0.05457303760567398,scr2000,mustOut,frtRail
HR,h0503,0.022019422693934546,scr2000,mustOut,frtRail
HR,h0504,0.01295664413269369,scr2000,mustOut,frtRail
HU,h0337,0.004991174441476271,scr2000,mustOut,frtRail
HU,h0338,0.001124582343364059,scr2000,mustOut,frtRail
HU,h0339,0.0,scr2000,mustOut,frtRail
HU,h0340,0.0,scr2000,mustOut,frtRail
HU,h0341,0.0008277996876940328,scr2000,mustOut,frtRail
HU,h0342,0.002902760757288197,scr2000,mustOut,frtRail
HU,h0343,0.0589595954704857,scr2000,mustOut,frtRail
HU,h0344,0.26770254822400014,scr2000,mustOut,frtRail
HU,h0345,0.38996443915173806,scr2000,mustOut,frtRail
HU,h0346,0.2855953271303958,scr2000,mustOut,frtRail
HU,h0347,0.09233244953886621,scr2000,mustOut,frtRail
HU,h0348,0.05034449510938097,scr2000,mustOut,frtRail
HU,h0349,0.10104675924386658,scr2000,mustOut,frtRail
HU,h0350,0.1687394200145734,scr2000,mustOut,frtRail
HU,h0351,0.23230650210312623,scr2000,mustOut,frtRail
HU,h0352,0.2620142078227696,scr2000,mustOut,frtRail
HU,h0353,0.336633131767583,scr2000,mustOut,frtRail
HU,h0354,0.43776030720753084,scr2000,mustOut,frtRail
HU,h0355,0.43971642,scr2000,mustOut,frtRail
HU,h0356,0.3081425209552586,scr2000,mustOut,frtRail
HU,h0357,0.15194976078086125,scr2000,mustOut,frtRail
HU,h0358,0.05457303760567398,scr2000,mustOut,frtRail
HU,h0359,0.022019422693934546,scr2000,mustOut,frtRail
HU,h0360,0.01295664413269369,scr2000,mustOut,frtRail
HU,h0361,0.004991174441476271,scr2000,mustOut,frtRail
HU,h0362,0.001124582343364059,scr2000,mustOut,frtRail
HU,h0363,0.0,scr2000,mustOut,frtRail
HU,h0364,0.0,scr2000,mustOut,frtRail
HU,h0365,0.00010400137801255494,scr2000,mustOut,frtRail
HU,h0366,0.0009235550108104215,scr2000,mustOut,frtRail
HU,h0367,0.04947256332769487,scr2000,mustOut,frtRail
HU,h0368,0.2614516381921459,scr2000,mustOut,frtRail
HU,h0369,0.38996443915173806,scr2000,mustOut,frtRail
HU,h0370,0.2855953271303958,scr2000,mustOut,frtRail
HU,h0371,0.09233244953886621,scr2000,mustOut,frtRail
HU,h0372,0.05034449510938097,scr2000,mustOut,frtRail
HU,h0373,0.05518162775144532,scr2000,mustOut,frtRail
HU,h0374,0.0703142591896094,scr2000,mustOut,frtRail
HU,h0375,0.07923092104336388,scr2000,mustOut,frtRail
HU,h0376,0.0945163444420669,scr2000,mustOut,frtRail
HU,h0377,0.16473186396390527,scr2000,mustOut,frtRail
HU,h0378,0.3281970244032028,scr2000,mustOut,frtRail
HU,h0379,0.4265226647378644,scr2000,mustOut,frtRail
HU,h0380,0.338048647625099,scr2000,mustOut,frtRail
HU,h0381,0.15194976078086125,scr2000,mustOut,frtRail
HU,h0382,0.05457303760567398,scr2000,mustOut,frtRail
HU,h0383,0.022019422693934546,scr2000,mustOut,frtRail
HU,h0384,0.01295664413269369,scr2000,mustOut,frtRail
HU,h0385,0.004991174441476271,scr2000,mustOut,frtRail
HU,h0386,0.001124582343364059,scr2000,mustOut,frtRail
HU,h0387,0.0,scr2000,mustOut,frtRail
HU,h0388,0.0,scr2000,mustOut,frtRail
HU,h0389,0.0,scr2000,mustOut,frtRail
HU,h0390,0.0036388652621870865,scr2000,mustOut,frtRail
HU,h0391,0.06145443081357116,scr2000,mustOut,frtRail
HU,h0392,0.2850548521204254,scr2000,mustOut,frtRail
HU,h0393,0.38996443915173806,scr2000,mustOut,frtRail
HU,h0394,0.2855953271303958,scr2000,mustOut,frtRail
HU,h0395,0.09233244953886621,scr2000,mustOut,frtRail
HU,h0396,0.05034449510938097,scr2000,mustOut,frtRail
HU,h0397,0.05518162775144532,scr2000,mustOut,frtRail
HU,h0398,0.0703142591896094,scr2000,mustOut,frtRail
HU,h0399,0.07923092104336388,scr2000,mustOut,frtRail
HU,h0400,0.0945163444420669,scr2000,mustOut,frtRail
HU,h0401,0.16473186396390527,scr2000,mustOut,frtRail
HU,h0402,0.3281970244032028,scr2000,mustOut,frtRail
HU,h0403,0.4314165142327533,scr2000,mustOut,frtRail
HU,h0404,0.40610729142520174,scr2000,mustOut,frtRail
HU,h0405,0.2508823817454351,scr2000,mustOut,frtRail
HU,h0406,0.1558952461266323,scr2000,mustOut,frtRail
HU,h0407,0.0757906618032289,scr2000,mustOut,frtRail
HU,h0408,0.03284670912305344,scr2000,mustOut,frtRail
HU,h0409,0.007314976979800423,scr2000,mustOut,frtRail
HU,h0410,0.0007731819843502392,scr2000,mustOut,frtRail
HU,h0411,0.0,scr2000,mustOut,frtRail
HU,h0412,0.0,scr2000,mustOut,frtRail
HU,h0413,0.0,scr2000,mustOut,frtRail
HU,h0414,0.0036388652621870865,scr2000,mustOut,frtRail
HU,h0415,0.012588365480795543,scr2000,mustOut,frtRail
HU,h0416,0.029537604269125682,scr2000,mustOut,frtRail
HU,h0417,0.04083500513507148,scr2000,mustOut,frtRail
HU,h0418,0.06316010496926065,scr2000,mustOut,frtRail
HU,h0419,0.11313622203522451,scr2000,mustOut,frtRail
HU,h0420,0.15653543106618212,scr2000,mustOut,frtRail
HU,h0421,0.14704261036539143,scr2000,mustOut,frtRail
HU,h0422,0.10987750547670001,scr2000,mustOut,frtRail
HU,h0423,0.07923092104336388,scr2000,mustOut,frtRail
HU,h0424,0.0945163444420669,scr2000,mustOut,frtRail
HU,h0425,0.16473186396390527,scr2000,mustOut,frtRail
HU,h0426,0.3281970244032028,scr2000,mustOut,frtRail
HU,h0427,0.4213697591089894,scr2000,mustOut,frtRail
HU,h0428,0.3724970737692319,scr2000,mustOut,frtRail
HU,h0429,0.21161474700811153,scr2000,mustOut,frtRail
HU,h0430,0.1324910890759873,scr2000,mustOut,frtRail
HU,h0431,0.11222459396997475,scr2000,mustOut,frtRail
HU,h0432,0.10230917847357107,scr2000,mustOut,frtRail
HU,h0433,0.05365331873919643,scr2000,mustOut,frtRail
HU,h0434,0.01124319054787848,scr2000,mustOut,frtRail
HU,h0435,0.0,scr2000,mustOut,frtRail
HU,h0436,0.0,scr2000,mustOut,frtRail
HU,h0437,0.0,scr2000,mustOut,frtRail
HU,h0438,0.0036388652621870865,scr2000,mustOut,frtRail
HU,h0439,0.012303813553396619,scr2000,mustOut,frtRail
HU,h0440,0.055011556031241284,scr2000,mustOut,frtRail
HU,h0441,0.1041221486401611,scr2000,mustOut,frtRail
HU,h0442,0.2087577786316178,scr2000,mustOut,frtRail
HU,h0443,0.26484248333382215,scr2000,mustOut,frtRail
HU,h0444,0.2664504364788206,scr2000,mustOut,frtRail
HU,h0445,0.17546503163144642,scr2000,mustOut,frtRail
HU,h0446,0.10957395632540362,scr2000,mustOut,frtRail
HU,h0447,0.07923092104336388,scr2000,mustOut,frtRail
HU,h0448,0.0945163444420669,scr2000,mustOut,frtRail
HU,h0449,0.16473186396390527,scr2000,mustOut,frtRail
HU,h0450,0.3281970244032028,scr2000,mustOut,frtRail
HU,h0451,0.4265226647378644,scr2000,mustOut,frtRail
HU,h0452,0.338048647625099,scr2000,mustOut,frtRail
HU,h0453,0.15194976078086125,scr2000,mustOut,frtRail
HU,h0454,0.05457303760567398,scr2000,mustOut,frtRail
HU,h0455,0.022019422693934546,scr2000,mustOut,frtRail
HU,h0456,0.01295664413269369,scr2000,mustOut,frtRail
HU,h0457,0.004991174441476271,scr2000,mustOut,frtRail
HU,h0458,0.001124582343364059,scr2000,mustOut,frtRail
HU,h0459,0.0,scr2000,mustOut,frtRail
HU,h0460,0.0,scr2000,mustOut,frtRail
HU,h0461,0.0,scr2000,mustOut,frtRail
HU,h0462,0.0036388652621870865,scr2000,mustOut,frtRail
HU,h0463,0.06145443081357116,scr2000,mustOut,frtRail
HU,h0464,0.2850548521204254,scr2000,mustOut,frtRail
HU,h0465,0.38996443915173806,scr2000,mustOut,frtRail
HU,h0466,0.2855953271303958,scr2000,mustOut,frtRail
HU,h0467,0.09233244953886621,scr2000,mustOut,frtRail
HU,h0468,0.05034449510938097,scr2000,mustOut,frtRail
HU,h0469,0.05518162775144532,scr2000,mustOut,frtRail
HU,h0470,0.0703142591896094,scr2000,mustOut,frtRail
HU,h0471,0.07923092104336388,scr2000,mustOut,frtRail
HU,h0472,0.0945163444420669,scr2000,mustOut,frtRail
HU,h0473,0.16473186396390527,scr2000,mustOut,frtRail
HU,h0474,0.3281970244032028,scr2000,mustOut,frtRail
HU,h0475,0.4265226647378644,scr2000,mustOut,frtRail
HU,h0476,0.338048647625099,scr2000,mustOut,frtRail
HU,h0477,0.15194976078086125,scr2000,mustOut,frtRail
HU,h0478,0.05457303760567398,scr2000,mustOut,frtRail
HU,h0479,0.022019422693934546,scr2000,mustOut,frtRail
HU,h0480,0.01295664413269369,scr2000,mustOut,frtRail
HU,h0481,0.004991174441476271,scr2000,mustOut,frtRail
HU,h0482,0.001124582343364059,scr2000,mustOut,frtRail
HU,h0483,0.0,scr2000,mustOut,frtRail
HU,h0484,0.0,scr2000,mustOut,frtRail
HU,h0485,0.0,scr2000,mustOut,frtRail
HU,h0486,0.0036388652621870865,scr2000,mustOut,frtRail
HU,h0487,0.06145443081357116,scr2000,mustOut,frtRail
HU,h0488,0.2850548521204254,scr2000,mustOut,frtRail
HU,h0489,0.38996443915173806,scr2000,mustOut,frtRail
HU,h0490,0.2855953271303958,scr2000,mustOut,frtRail
HU,h0491,0.09233244953886621,scr2000,mustOut,frtRail
HU,h0492,0.05034449510938097,scr2000,mustOut,frtRail
HU,h0493,0.09561720743219179,scr2000,mustOut,frtRail
HU,h0494,0.16200365972689867,scr2000,mustOut,frtRail
HU,h0495,0.247237767850855,scr2000,mustOut,frtRail
HU,h0496,0.23506916267014225,scr2000,mustOut,frtRail
HU,h0497,0.28182417015983535,scr2000,mustOut,frtRail
HU,h0498,0.3406680510819283,scr2000,mustOut,frtRail
HU,h0499,0.40173228234220565,scr2000,mustOut,frtRail
HU,h0500,0.3001008518792109,scr2000,mustOut,frtRail
HU,h0501,0.15194976078086125,scr2000,mustOut,frtRail
HU,h0502,0.05457303760567398,scr2000,mustOut,frtRail
HU,h0503,0.022019422693934546,scr2000,mustOut,frtRail
HU,h0504,0.01295664413269369,scr2000,mustOut,frtRail
MK,h0337,0.004991174441476271,scr2000,mustOut,frtRail
MK,h0338,0.001124582343364059,scr2000,mustOut,frtRail
MK,h0339,0.0,scr2000,mustOut,frtRail
MK,h0340,0.0,scr2000,mustOut,frtRail
MK,h0341,0.0008277996876940328,scr2000,mustOut,frtRail
MK,h0342,0.002902760757288197,scr2000,mustOut,frtRail
MK,h0343,0.0589595954704857,scr2000,mustOut,frtRail
MK,h0344,0.26770254822400014,scr2000,mustOut,frtRail
MK,h0345,0.38996443915173806,scr2000,mustOut,frtRail
MK,h0346,0.2855953271303958,scr2000,mustOut,frtRail
MK,h0347,0.09233244953886621,scr2000,mustOut,frtRail
MK,h0348,0.05034449510938097,scr2000,mustOut,frtRail
MK,h0349,0.10104675924386658,scr2000,mustOut,frtRail
MK,h0350,0.1687394200145734,scr2000,mustOut,frtRail
MK,h0351,0.23230650210312623,scr2000,mustOut,frtRail
MK,h0352,0.2620142078227696,scr2000,mustOut,frtRail
MK,h0353,0.336633131767583,scr2000,mustOut,frtRail
MK,h0354,0.43776030720753084,scr2000,mustOut,frtRail
MK,h0355,0.43971642,scr2000,mustOut,frtRail
MK,h0356,0.3081425209552586,scr2000,mustOut,frtRail
MK,h0357,0.15194976078086125,scr2000,mustOut,frtRail
MK,h0358,0.05457303760567398,scr2000,mustOut,frtRail
MK,h0359,0.022019422693934546,scr2000,mustOut,frtRail
MK,h0360,0.01295664413269369,scr2000,mustOut,frtRail
MK,h0361,0.004991174441476271,scr2000,mustOut,frtRail
MK,h0362,0.001124582343364059,scr2000,mustOut,frtRail
MK,h0363,0.0,scr2000,mustOut,frtRail
MK,h0364,0.0,scr2000,mustOut,frtRail
MK,h0365,0.00010400137801255494,scr2000,mustOut,frtRail
MK,h0366,0.0009235550108104215,scr2000,mustOut,frtRail
MK,h0367,0.04947256332769487,scr2000,mustOut,frtRail
MK,h0368,0.2614516381921459,scr2000,mustOut,frtRail
MK,h0369,0.38996443915173806,scr2000,mustOut,frtRail
MK,h0370,0.2855953271303958,scr2000,mustOut,frtRail
MK,h0371,0.09233244953886621,scr2000,mustOut,frtRail
MK,h0372,0.05034449510938097,scr2000,mustOut,frtRail
MK,h0373,0.05518162775144532,scr2000,mustOut,frtRail
MK,h0374,0.0703142591896094,scr2000,mustOut,frtRail
MK,h0375,0.07923092104336388,scr2000,mustOut,frtRail
MK,h0376,0.0945163444420669,scr2000,mustOut,frtRail
MK,h0377,0.16473186396390527,scr2000,mustOut,frtRail
MK,h0378,0.3281970244032028,scr2000,mustOut,frtRail
MK,h0379,0.4265226647378644,scr2000,mustOut,frtRail
MK,h0380,0.338048647625099,scr2000,mustOut,frtRail
MK,h0381,0.15194976078086125,scr2000,mustOut,frtRail
MK,h0382,0.05457303760567398,scr2000,mustOut,frtRail
MK,h0383,0.022019422693934546,scr2000,mustOut,frtRail
MK,h0384,0.01295664413269369,scr2000,mustOut,frtRail
MK,h0385,0.004991174441476271,scr2000,mustOut,frtRail
MK,h0386,0.001124582343364059,scr2000,mustOut,frtRail
MK,h0387,0.0,scr2000,mustOut,frtRail
MK,h0388,0.0,scr2000,mustOut,frtRail
MK,h0389,0.0,scr2000,mustOut,frtRail
MK,h0390,0.0036388652621870865,scr2000,mustOut,frtRail
MK,h0391,0.06145443081357116,scr2000,mustOut,frtRail
MK,h0392,0.2850548521204254,scr2000,mustOut,frtRail
MK,h0393,0.38996443915173806,scr2000,mustOut,frtRail
MK,h0394,0.2855953271303958,scr2000,mustOut,frtRail
MK,h0395,0.09233244953886621,scr2000,mustOut,frtRail
MK,h0396,0.05034449510938097,scr2000,mustOut,frtRail
MK,h0397,0.05518162775144532,scr2000,mustOut,frtRail
MK,h0398,0.0703142591896094,scr2000,mustOut,frtRail
MK,h0399,0.07923092104336388,scr2000,mustOut,frtRail
MK,h0400,0.0945163444420669,scr2000,mustOut,frtRail
MK,h0401,0.16473186396390527,scr2000,mustOut,frtRail
MK,h0402,0.3281970244032028,scr2000,mustOut,frtRail
MK,h0403,0.4314165142327533,scr2000,mustOut,frtRail
MK,h0404,0.40610729142520174,scr2000,mustOut,frtRail
MK,h0405,0.2508823817454351,scr2000,mustOut,frtRail
MK,h0406,0.1558952461266323,scr2000,mustOut,frtRail
MK,h0407,0.0757906618032289,scr2000,mustOut,frtRail
MK,h0408,0.03284670912305344,scr2000,mustOut,frtRail
MK,h0409,0.007314976979800423,scr2000,mustOut,frtRail
MK,h0410,0.0007731819843502392,scr2000,mustOut,frtRail
MK,h0411,0.0,scr2000,mustOut,frtRail
MK,h0412,0.0,scr2000,mustOut,frtRail
MK,h0413,0.0,scr2000,mustOut,frtRail
MK,h0414,0.0036388652621870865,scr2000,mustOut,frtRail
MK,h0415,0.012588365480795543,scr2000,mustOut,frtRail
MK,h0416,0.029537604269125682,scr2000,mustOut,frtRail
MK,h0417,0.04083500513507148,scr2000,mustOut,frtRail
MK,h0418,0.06316010496926065,scr2000,mustOut,frtRail
MK,h0419,0.11313622203522451,scr2000,mustOut,frtRail
MK,h0420,0.15653543106618212,scr2000,mustOut,frtRail
MK,h0421,0.14704261036539143,scr2000,mustOut,frtRail
MK,h0422,0.10987750547670001,scr2000,mustOut,frtRail
MK,h0423,0.07923092104336388,scr2000,mustOut,frtRail
MK,h0424,0.0945163444420669,scr2000,mustOut,frtRail
MK,h0425,0.16473186396390527,scr2000,mustOut,frtRail
MK,h0426,0.3281970244032028,scr2000,mustOut,frtRail
MK,h0427,0.4213697591089894,scr2000,mustOut,frtRail
MK,h0428,0.3724970737692319,scr2000,mustOut,frtRail
MK,h0429,0.21161474700811153,scr2000,mustOut,frtRail
MK,h0430,0.1324910890759873,scr2000,mustOut,frtRail
MK,h0431,0.11222459396997475,scr2000,mustOut,frtRail
MK,h0432,0.10230917847357107,scr2000,mustOut,frtRail
MK,h0433,0.05365331873919643,scr2000,mustOut,frtRail
MK,h0434,0.01124319054787848,scr2000,mustOut,frtRail
MK,h0435,0.0,scr2000,mustOut,frtRail
MK,h0436,0.0,scr2000,mustOut,frtRail
MK,h0437,0.0,scr2000,mustOut,frtRail
MK,h0438,0.0036388652621870865,scr2000,mustOut,frtRail
MK,h0439,0.012303813553396619,scr2000,mustOut,frtRail
MK,h0440,0.055011556031241284,scr2000,mustOut,frtRail
MK,h0441,0.1041221486401611,scr2000,mustOut,frtRail
MK,h0442,0.2087577786316178,scr2000,mustOut,frtRail
MK,h0443,0.26484248333382215,scr2000,mustOut,frtRail
MK,h0444,0.2664504364788206,scr2000,mustOut,frtRail
MK,h0445,0.17546503163144642,scr2000,mustOut,frtRail
MK,h0446,0.10957395632540362,scr2000,mustOut,frtRail
MK,h0447,0.07923092104336388,scr2000,mustOut,frtRail
MK,h0448,0.0945163444420669,scr2000,mustOut,frtRail
MK,h0449,0.16473186396390527,scr2000,mustOut,frtRail
MK,h0450,0.3281970244032028,scr2000,mustOut,frtRail
MK,h0451,0.4265226647378644,scr2000,mustOut,frtRail
MK,h0452,0.338048647625099,scr2000,mustOut,frtRail
MK,h0453,0.15194976078086125,scr2000,mustOut,frtRail
MK,h0454,0.05457303760567398,scr2000,mustOut,frtRail
MK,h0455,0.022019422693934546,scr2000,mustOut,frtRail
MK,h0456,0.01295664413269369,scr2000,mustOut,frtRail
MK,h0457,0.004991174441476271,scr2000,mustOut,frtRail
MK,h0458,0.001124582343364059,scr2000,mustOut,frtRail
MK,h0459,0.0,scr2000,mustOut,frtRail
MK,h0460,0.0,scr2000,mustOut,frtRail
MK,h0461,0.0,scr2000,mustOut,frtRail
MK,h0462,0.0036388652621870865,scr2000,mustOut,frtRail
MK,h0463,0.06145443081357116,scr2000,mustOut,frtRail
MK,h0464,0.2850548521204254,scr2000,mustOut,frtRail
MK,h0465,0.38996443915173806,scr2000,mustOut,frtRail
MK,h0466,0.2855953271303958,scr2000,mustOut,frtRail
MK,h0467,0.09233244953886621,scr2000,mustOut,frtRail
MK,h0468,0.05034449510938097,scr2000,mustOut,frtRail
MK,h0469,0.05518162775144532,scr2000,mustOut,frtRail
MK,h0470,0.0703142591896094,scr2000,mustOut,frtRail
MK,h0471,0.07923092104336388,scr2000,mustOut,frtRail
MK,h0472,0.0945163444420669,scr2000,mustOut,frtRail
MK,h0473,0.16473186396390527,scr2000,mustOut,frtRail
MK,h0474,0.3281970244032028,scr2000,mustOut,frtRail
MK,h0475,0.4265226647378644,scr2000,mustOut,frtRail
MK,h0476,0.338048647625099,scr2000,mustOut,frtRail
MK,h0477,0.15194976078086125,scr2000,mustOut,frtRail
MK,h0478,0.05457303760567398,scr2000,mustOut,frtRail
MK,h0479,0.022019422693934546,scr2000,mustOut,frtRail
MK,h0480,0.01295664413269369,scr2000,mustOut,frtRail
MK,h0481,0.004991174441476271,scr2000,mustOut,frtRail
MK,h0482,0.001124582343364059,scr2000,mustOut,frtRail
MK,h0483,0.0,scr2000,mustOut,frtRail
MK,h0484,0.0,scr2000,mustOut,frtRail
MK,h0485,0.0,scr2000,mustOut,frtRail
MK,h0486,0.0036388652621870865,scr2000,mustOut,frtRail
MK,h0487,0.06145443081357116,scr2000,mustOut,frtRail
MK,h0488,0.2850548521204254,scr2000,mustOut,frtRail
MK,h0489,0.38996443915173806,scr2000,mustOut,frtRail
MK,h0490,0.2855953271303958,scr2000,mustOut,frtRail
MK,h0491,0.09233244953886621,scr2000,mustOut,frtRail
MK,h0492,0.05034449510938097,scr2000,mustOut,frtRail
MK,h0493,0.09561720743219179,scr2000,mustOut,frtRail
MK,h0494,0.16200365972689867,scr2000,mustOut,frtRail
MK,h0495,0.247237767850855,scr2000,mustOut,frtRail
MK,h0496,0.23506916267014225,scr2000,mustOut,frtRail
MK,h0497,0.28182417015983535,scr2000,mustOut,frtRail
MK,h0498,0.3406680510819283,scr2000,mustOut,frtRail
MK,h0499,0.40173228234220565,scr2000,mustOut,frtRail
MK,h0500,0.3001008518792109,scr2000,mustOut,frtRail
MK,h0501,0.15194976078086125,scr2000,mustOut,frtRail
MK,h0502,0.05457303760567398,scr2000,mustOut,frtRail
MK,h0503,0.022019422693934546,scr2000,mustOut,frtRail
MK,h0504,0.01295664413269369,scr2000,mustOut,frtRail
LV,h0337,0.004991174441476271,scr2000,mustOut,frtRail
LV,h0338,0.001124582343364059,scr2000,mustOut,frtRail
LV,h0339,0.0,scr2000,mustOut,frtRail
LV,h0340,0.0,scr2000,mustOut,frtRail
LV,h0341,0.0008277996876940328,scr2000,mustOut,frtRail
LV,h0342,0.002902760757288197,scr2000,mustOut,frtRail
LV,h0343,0.0589595954704857,scr2000,mustOut,frtRail
LV,h0344,0.26770254822400014,scr2000,mustOut,frtRail
LV,h0345,0.38996443915173806,scr2000,mustOut,frtRail
LV,h0346,0.2855953271303958,scr2000,mustOut,frtRail
LV,h0347,0.09233244953886621,scr2000,mustOut,frtRail
LV,h0348,0.05034449510938097,scr2000,mustOut,frtRail
LV,h0349,0.10104675924386658,scr2000,mustOut,frtRail
LV,h0350,0.1687394200145734,scr2000,mustOut,frtRail
LV,h0351,0.23230650210312623,scr2000,mustOut,frtRail
LV,h0352,0.2620142078227696,scr2000,mustOut,frtRail
LV,h0353,0.336633131767583,scr2000,mustOut,frtRail
LV,h0354,0.43776030720753084,scr2000,mustOut,frtRail
LV,h0355,0.43971642,scr2000,mustOut,frtRail
LV,h0356,0.3081425209552586,scr2000,mustOut,frtRail
LV,h0357,0.15194976078086125,scr2000,mustOut,frtRail
LV,h0358,0.05457303760567398,scr2000,mustOut,frtRail
LV,h0359,0.022019422693934546,scr2000,mustOut,frtRail
LV,h0360,0.01295664413269369,scr2000,mustOut,frtRail
LV,h0361,0.004991174441476271,scr2000,mustOut,frtRail
LV,h0362,0.001124582343364059,scr2000,mustOut,frtRail
LV,h0363,0.0,scr2000,mustOut,frtRail
LV,h0364,0.0,scr2000,mustOut,frtRail
LV,h0365,0.00010400137801255494,scr2000,mustOut,frtRail
LV,h0366,0.0009235550108104215,scr2000,mustOut,frtRail
LV,h0367,0.04947256332769487,scr2000,mustOut,frtRail
LV,h0368,0.2614516381921459,scr2000,mustOut,frtRail
LV,h0369,0.38996443915173806,scr2000,mustOut,frtRail
LV,h0370,0.2855953271303958,scr2000,mustOut,frtRail
LV,h0371,0.09233244953886621,scr2000,mustOut,frtRail
LV,h0372,0.05034449510938097,scr2000,mustOut,frtRail
LV,h0373,0.05518162775144532,scr2000,mustOut,frtRail
LV,h0374,0.0703142591896094,scr2000,mustOut,frtRail
LV,h0375,0.07923092104336388,scr2000,mustOut,frtRail
LV,h0376,0.0945163444420669,scr2000,mustOut,frtRail
LV,h0377,0.16473186396390527,scr2000,mustOut,frtRail
LV,h0378,0.3281970244032028,scr2000,mustOut,frtRail
LV,h0379,0.4265226647378644,scr2000,mustOut,frtRail
LV,h0380,0.338048647625099,scr2000,mustOut,frtRail
LV,h0381,0.15194976078086125,scr2000,mustOut,frtRail
LV,h0382,0.05457303760567398,scr2000,mustOut,frtRail
LV,h0383,0.022019422693934546,scr2000,mustOut,frtRail
LV,h0384,0.01295664413269369,scr2000,mustOut,frtRail
LV,h0385,0.004991174441476271,scr2000,mustOut,frtRail
LV,h0386,0.001124582343364059,scr2000,mustOut,frtRail
LV,h0387,0.0,scr2000,mustOut,frtRail
LV,h0388,0.0,scr2000,mustOut,frtRail
LV,h0389,0.0,scr2000,mustOut,frtRail
LV,h0390,0.0036388652621870865,scr2000,mustOut,frtRail
LV,h0391,0.06145443081357116,scr2000,mustOut,frtRail
LV,h0392,0.2850548521204254,scr2000,mustOut,frtRail
LV,h0393,0.38996443915173806,scr2000,mustOut,frtRail
LV,h0394,0.2855953271303958,scr2000,mustOut,frtRail
LV,h0395,0.09233244953886621,scr2000,mustOut,frtRail
LV,h0396,0.05034449510938097,scr2000,mustOut,frtRail
LV,h0397,0.05518162775144532,scr2000,mustOut,frtRail
LV,h0398,0.0703142591896094,scr2000,mustOut,frtRail
LV,h0399,0.07923092104336388,scr2000,mustOut,frtRail
LV,h0400,0.0945163444420669,scr2000,mustOut,frtRail
LV,h0401,0.16473186396390527,scr2000,mustOut,frtRail
LV,h0402,0.3281970244032028,scr2000,mustOut,frtRail
LV,h0403,0.4314165142327533,scr2000,mustOut,frtRail
LV,h0404,0.40610729142520174,scr2000,mustOut,frtRail
LV,h0405,0.2508823817454351,scr2000,mustOut,frtRail
LV,h0406,0.1558952461266323,scr2000,mustOut,frtRail
LV,h0407,0.0757906618032289,scr2000,mustOut,frtRail
LV,h0408,0.03284670912305344,scr2000,mustOut,frtRail
LV,h0409,0.007314976979800423,scr2000,mustOut,frtRail
LV,h0410,0.0007731819843502392,scr2000,mustOut,frtRail
LV,h0411,0.0,scr2000,mustOut,frtRail
LV,h0412,0.0,scr2000,mustOut,frtRail
LV,h0413,0.0,scr2000,mustOut,frtRail
LV,h0414,0.0036388652621870865,scr2000,mustOut,frtRail
LV,h0415,0.012588365480795543,scr2000,mustOut,frtRail
LV,h0416,0.029537604269125682,scr2000,mustOut,frtRail
LV,h0417,0.04083500513507148,scr2000,mustOut,frtRail
LV,h0418,0.06316010496926065,scr2000,mustOut,frtRail
LV,h0419,0.11313622203522451,scr2000,mustOut,frtRail
LV,h0420,0.15653543106618212,scr2000,mustOut,frtRail
LV,h0421,0.14704261036539143,scr2000,mustOut,frtRail
LV,h0422,0.10987750547670001,scr2000,mustOut,frtRail
LV,h0423,0.07923092104336388,scr2000,mustOut,frtRail
LV,h0424,0.0945163444420669,scr2000,mustOut,frtRail
LV,h0425,0.16473186396390527,scr2000,mustOut,frtRail
LV,h0426,0.3281970244032028,scr2000,mustOut,frtRail
LV,h0427,0.4213697591089894,scr2000,mustOut,frtRail
LV,h0428,0.3724970737692319,scr2000,mustOut,frtRail
LV,h0429,0.21161474700811153,scr2000,mustOut,frtRail
LV,h0430,0.1324910890759873,scr2000,mustOut,frtRail
LV,h0431,0.11222459396997475,scr2000,mustOut,frtRail
LV,h0432,0.10230917847357107,scr2000,mustOut,frtRail
LV,h0433,0.05365331873919643,scr2000,mustOut,frtRail
LV,h0434,0.01124319054787848,scr2000,mustOut,frtRail
LV,h0435,0.0,scr2000,mustOut,frtRail
LV,h0436,0.0,scr2000,mustOut,frtRail
LV,h0437,0.0,scr2000,mustOut,frtRail
LV,h0438,0.0036388652621870865,scr2000,mustOut,frtRail
LV,h0439,0.012303813553396619,scr2000,mustOut,frtRail
LV,h0440,0.055011556031241284,scr2000,mustOut,frtRail
LV,h0441,0.1041221486401611,scr2000,mustOut,frtRail
LV,h0442,0.2087577786316178,scr2000,mustOut,frtRail
LV,h0443,0.26484248333382215,scr2000,mustOut,frtRail
LV,h0444,0.2664504364788206,scr2000,mustOut,frtRail
LV,h0445,0.17546503163144642,scr2000,mustOut,frtRail
LV,h0446,0.10957395632540362,scr2000,mustOut,frtRail
LV,h0447,0.07923092104336388,scr2000,mustOut,frtRail
LV,h0448,0.0945163444420669,scr2000,mustOut,frtRail
LV,h0449,0.16473186396390527,scr2000,mustOut,frtRail
LV,h0450,0.3281970244032028,scr2000,mustOut,frtRail
LV,h0451,0.4265226647378644,scr2000,mustOut,frtRail
LV,h0452,0.338048647625099,scr2000,mustOut,frtRail
LV,h0453,0.15194976078086125,scr2000,mustOut,frtRail
LV,h0454,0.05457303760567398,scr2000,mustOut,frtRail
LV,h0455,0.022019422693934546,scr2000,mustOut,frtRail
LV,h0456,0.01295664413269369,scr2000,mustOut,frtRail
LV,h0457,0.004991174441476271,scr2000,mustOut,frtRail
LV,h0458,0.001124582343364059,scr2000,mustOut,frtRail
LV,h0459,0.0,scr2000,mustOut,frtRail
LV,h0460,0.0,scr2000,mustOut,frtRail
LV,h0461,0.0,scr2000,mustOut,frtRail
LV,h0462,0.0036388652621870865,scr2000,mustOut,frtRail
LV,h0463,0.06145443081357116,scr2000,mustOut,frtRail
LV,h0464,0.2850548521204254,scr2000,mustOut,frtRail
LV,h0465,0.38996443915173806,scr2000,mustOut,frtRail
LV,h0466,0.2855953271303958,scr2000,mustOut,frtRail
LV,h0467,0.09233244953886621,scr2000,mustOut,frtRail
LV,h0468,0.05034449510938097,scr2000,mustOut,frtRail
LV,h0469,0.05518162775144532,scr2000,mustOut,frtRail
LV,h0470,0.0703142591896094,scr2000,mustOut,frtRail
LV,h0471,0.07923092104336388,scr2000,mustOut,frtRail
LV,h0472,0.0945163444420669,scr2000,mustOut,frtRail
LV,h0473,0.16473186396390527,scr2000,mustOut,frtRail
LV,h0474,0.3281970244032028,scr2000,mustOut,frtRail
LV,h0475,0.4265226647378644,scr2000,mustOut,frtRail
LV,h0476,0.338048647625099,scr2000,mustOut,frtRail
LV,h0477,0.15194976078086125,scr2000,mustOut,frtRail
LV,h0478,0.05457303760567398,scr2000,mustOut,frtRail
LV,h0479,0.022019422693934546,scr2000,mustOut,frtRail
LV,h0480,0.01295664413269369,scr2000,mustOut,frtRail
LV,h0481,0.004991174441476271,scr2000,mustOut,frtRail
LV,h0482,0.001124582343364059,scr2000,mustOut,frtRail
LV,h0483,0.0,scr2000,mustOut,frtRail
LV,h0484,0.0,scr2000,mustOut,frtRail
LV,h0485,0.0,scr2000,mustOut,frtRail
LV,h0486,0.0036388652621870865,scr2000,mustOut,frtRail
LV,h0487,0.06145443081357116,scr2000,mustOut,frtRail
LV,h0488,0.2850548521204254,scr2000,mustOut,frtRail
LV,h0489,0.38996443915173806,scr2000,mustOut,frtRail
LV,h0490,0.2855953271303958,scr2000,mustOut,frtRail
LV,h0491,0.09233244953886621,scr2000,mustOut,frtRail
LV,h0492,0.05034449510938097,scr2000,mustOut,frtRail
LV,h0493,0.09561720743219179,scr2000,mustOut,frtRail
LV,h0494,0.16200365972689867,scr2000,mustOut,frtRail
LV,h0495,0.247237767850855,scr2000,mustOut,frtRail
LV,h0496,0.23506916267014225,scr2000,mustOut,frtRail
LV,h0497,0.28182417015983535,scr2000,mustOut,frtRail
LV,h0498,0.3406680510819283,scr2000,mustOut,frtRail
LV,h0499,0.40173228234220565,scr2000,mustOut,frtRail
LV,h0500,0.3001008518792109,scr2000,mustOut,frtRail
LV,h0501,0.15194976078086125,scr2000,mustOut,frtRail
LV,h0502,0.05457303760567398,scr2000,mustOut,frtRail
LV,h0503,0.022019422693934546,scr2000,mustOut,frtRail
LV,h0504,0.01295664413269369,scr2000,mustOut,frtRail
ME,h0337,0.004991174441476271,scr2000,mustOut,frtRail
ME,h0338,0.001124582343364059,scr2000,mustOut,frtRail
ME,h0339,0.0,scr2000,mustOut,frtRail
ME,h0340,0.0,scr2000,mustOut,frtRail
ME,h0341,0.0008277996876940328,scr2000,mustOut,frtRail
ME,h0342,0.002902760757288197,scr2000,mustOut,frtRail
ME,h0343,0.0589595954704857,scr2000,mustOut,frtRail
ME,h0344,0.26770254822400014,scr2000,mustOut,frtRail
ME,h0345,0.38996443915173806,scr2000,mustOut,frtRail
ME,h0346,0.2855953271303958,scr2000,mustOut,frtRail
ME,h0347,0.09233244953886621,scr2000,mustOut,frtRail
ME,h0348,0.05034449510938097,scr2000,mustOut,frtRail
ME,h0349,0.10104675924386658,scr2000,mustOut,frtRail
ME,h0350,0.1687394200145734,scr2000,mustOut,frtRail
ME,h0351,0.23230650210312623,scr2000,mustOut,frtRail
ME,h0352,0.2620142078227696,scr2000,mustOut,frtRail
ME,h0353,0.336633131767583,scr2000,mustOut,frtRail
ME,h0354,0.43776030720753084,scr2000,mustOut,frtRail
ME,h0355,0.43971642,scr2000,mustOut,frtRail
ME,h0356,0.3081425209552586,scr2000,mustOut,frtRail
ME,h0357,0.15194976078086125,scr2000,mustOut,frtRail
ME,h0358,0.05457303760567398,scr2000,mustOut,frtRail
ME,h0359,0.022019422693934546,scr2000,mustOut,frtRail
ME,h0360,0.01295664413269369,scr2000,mustOut,frtRail
ME,h0361,0.004991174441476271,scr2000,mustOut,frtRail
ME,h0362,0.001124582343364059,scr2000,mustOut,frtRail
ME,h0363,0.0,scr2000,mustOut,frtRail
ME,h0364,0.0,scr2000,mustOut,frtRail
ME,h0365,0.00010400137801255494,scr2000,mustOut,frtRail
ME,h0366,0.0009235550108104215,scr2000,mustOut,frtRail
ME,h0367,0.04947256332769487,scr2000,mustOut,frtRail
ME,h0368,0.2614516381921459,scr2000,mustOut,frtRail
ME,h0369,0.38996443915173806,scr2000,mustOut,frtRail
ME,h0370,0.2855953271303958,scr2000,mustOut,frtRail
ME,h0371,0.09233244953886621,scr2000,mustOut,frtRail
ME,h0372,0.05034449510938097,scr2000,mustOut,frtRail
ME,h0373,0.05518162775144532,scr2000,mustOut,frtRail
ME,h0374,0.0703142591896094,scr2000,mustOut,frtRail
ME,h0375,0.07923092104336388,scr2000,mustOut,frtRail
ME,h0376,0.0945163444420669,scr2000,mustOut,frtRail
ME,h0377,0.16473186396390527,scr2000,mustOut,frtRail
ME,h0378,0.3281970244032028,scr2000,mustOut,frtRail
ME,h0379,0.4265226647378644,scr2000,mustOut,frtRail
ME,h0380,0.338048647625099,scr2000,mustOut,frtRail
ME,h0381,0.15194976078086125,scr2000,mustOut,frtRail
ME,h0382,0.05457303760567398,scr2000,mustOut,frtRail
ME,h0383,0.022019422693934546,scr2000,mustOut,frtRail
ME,h0384,0.01295664413269369,scr2000,mustOut,frtRail
ME,h0385,0.004991174441476271,scr2000,mustOut,frtRail
ME,h0386,0.001124582343364059,scr2000,mustOut,frtRail
ME,h0387,0.0,scr2000,mustOut,frtRail
ME,h0388,0.0,scr2000,mustOut,frtRail
ME,h0389,0.0,scr2000,mustOut,frtRail
ME,h0390,0.0036388652621870865,scr2000,mustOut,frtRail
ME,h0391,0.06145443081357116,scr2000,mustOut,frtRail
ME,h0392,0.2850548521204254,scr2000,mustOut,frtRail
ME,h0393,0.38996443915173806,scr2000,mustOut,frtRail
ME,h0394,0.2855953271303958,scr2000,mustOut,frtRail
ME,h0395,0.09233244953886621,scr2000,mustOut,frtRail
ME,h0396,0.05034449510938097,scr2000,mustOut,frtRail
ME,h0397,0.05518162775144532,scr2000,mustOut,frtRail
ME,h0398,0.0703142591896094,scr2000,mustOut,frtRail
ME,h0399,0.07923092104336388,scr2000,mustOut,frtRail
ME,h0400,0.0945163444420669,scr2000,mustOut,frtRail
ME,h0401,0.16473186396390527,scr2000,mustOut,frtRail
ME,h0402,0.3281970244032028,scr2000,mustOut,frtRail
ME,h0403,0.4314165142327533,scr2000,mustOut,frtRail
ME,h0404,0.40610729142520174,scr2000,mustOut,frtRail
ME,h0405,0.2508823817454351,scr2000,mustOut,frtRail
ME,h0406,0.1558952461266323,scr2000,mustOut,frtRail
ME,h0407,0.0757906618032289,scr2000,mustOut,frtRail
ME,h0408,0.03284670912305344,scr2000,mustOut,frtRail
ME,h0409,0.007314976979800423,scr2000,mustOut,frtRail
ME,h0410,0.0007731819843502392,scr2000,mustOut,frtRail
ME,h0411,0.0,scr2000,mustOut,frtRail
ME,h0412,0.0,scr2000,mustOut,frtRail
ME,h0413,0.0,scr2000,mustOut,frtRail
ME,h0414,0.0036388652621870865,scr2000,mustOut,frtRail
ME,h0415,0.012588365480795543,scr2000,mustOut,frtRail
ME,h0416,0.029537604269125682,scr2000,mustOut,frtRail
ME,h0417,0.04083500513507148,scr2000,mustOut,frtRail
ME,h0418,0.06316010496926065,scr2000,mustOut,frtRail
ME,h0419,0.11313622203522451,scr2000,mustOut,frtRail
ME,h0420,0.15653543106618212,scr2000,mustOut,frtRail
ME,h0421,0.14704261036539143,scr2000,mustOut,frtRail
ME,h0422,0.10987750547670001,scr2000,mustOut,frtRail
ME,h0423,0.07923092104336388,scr2000,mustOut,frtRail
ME,h0424,0.0945163444420669,scr2000,mustOut,frtRail
ME,h0425,0.16473186396390527,scr2000,mustOut,frtRail
ME,h0426,0.3281970244032028,scr2000,mustOut,frtRail
ME,h0427,0.4213697591089894,scr2000,mustOut,frtRail
ME,h0428,0.3724970737692319,scr2000,mustOut,frtRail
ME,h0429,0.21161474700811153,scr2000,mustOut,frtRail
ME,h0430,0.1324910890759873,scr2000,mustOut,frtRail
ME,h0431,0.11222459396997475,scr2000,mustOut,frtRail
ME,h0432,0.10230917847357107,scr2000,mustOut,frtRail
ME,h0433,0.05365331873919643,scr2000,mustOut,frtRail
ME,h0434,0.01124319054787848,scr2000,mustOut,frtRail
ME,h0435,0.0,scr2000,mustOut,frtRail
ME,h0436,0.0,scr2000,mustOut,frtRail
ME,h0437,0.0,scr2000,mustOut,frtRail
ME,h0438,0.0036388652621870865,scr2000,mustOut,frtRail
ME,h0439,0.012303813553396619,scr2000,mustOut,frtRail
ME,h0440,0.055011556031241284,scr2000,mustOut,frtRail
ME,h0441,0.1041221486401611,scr2000,mustOut,frtRail
ME,h0442,0.2087577786316178,scr2000,mustOut,frtRail
ME,h0443,0.26484248333382215,scr2000,mustOut,frtRail
ME,h0444,0.2664504364788206,scr2000,mustOut,frtRail
ME,h0445,0.17546503163144642,scr2000,mustOut,frtRail
ME,h0446,0.10957395632540362,scr2000,mustOut,frtRail
ME,h0447,0.07923092104336388,scr2000,mustOut,frtRail
ME,h0448,0.0945163444420669,scr2000,mustOut,frtRail
ME,h0449,0.16473186396390527,scr2000,mustOut,frtRail
ME,h0450,0.3281970244032028,scr2000,mustOut,frtRail
ME,h0451,0.4265226647378644,scr2000,mustOut,frtRail
ME,h0452,0.338048647625099,scr2000,mustOut,frtRail
ME,h0453,0.15194976078086125,scr2000,mustOut,frtRail
ME,h0454,0.05457303760567398,scr2000,mustOut,frtRail
ME,h0455,0.022019422693934546,scr2000,mustOut,frtRail
ME,h0456,0.01295664413269369,scr2000,mustOut,frtRail
ME,h0457,0.004991174441476271,scr2000,mustOut,frtRail
ME,h0458,0.001124582343364059,scr2000,mustOut,frtRail
ME,h0459,0.0,scr2000,mustOut,frtRail
ME,h0460,0.0,scr2000,mustOut,frtRail
ME,h0461,0.0,scr2000,mustOut,frtRail
ME,h0462,0.0036388652621870865,scr2000,mustOut,frtRail
ME,h0463,0.06145443081357116,scr2000,mustOut,frtRail
ME,h0464,0.2850548521204254,scr2000,mustOut,frtRail
ME,h0465,0.38996443915173806,scr2000,mustOut,frtRail
ME,h0466,0.2855953271303958,scr2000,mustOut,frtRail
ME,h0467,0.09233244953886621,scr2000,mustOut,frtRail
ME,h0468,0.05034449510938097,scr2000,mustOut,frtRail
ME,h0469,0.05518162775144532,scr2000,mustOut,frtRail
ME,h0470,0.0703142591896094,scr2000,mustOut,frtRail
ME,h0471,0.07923092104336388,scr2000,mustOut,frtRail
ME,h0472,0.0945163444420669,scr2000,mustOut,frtRail
ME,h0473,0.16473186396390527,scr2000,mustOut,frtRail
ME,h0474,0.3281970244032028,scr2000,mustOut,frtRail
ME,h0475,0.4265226647378644,scr2000,mustOut,frtRail
ME,h0476,0.338048647625099,scr2000,mustOut,frtRail
ME,h0477,0.15194976078086125,scr2000,mustOut,frtRail
ME,h0478,0.05457303760567398,scr2000,mustOut,frtRail
ME,h0479,0.022019422693934546,scr2000,mustOut,frtRail
ME,h0480,0.01295664413269369,scr2000,mustOut,frtRail
ME,h0481,0.004991174441476271,scr2000,mustOut,frtRail
ME,h0482,0.001124582343364059,scr2000,mustOut,frtRail
ME,h0483,0.0,scr2000,mustOut,frtRail
ME,h0484,0.0,scr2000,mustOut,frtRail
ME,h0485,0.0,scr2000,mustOut,frtRail
ME,h0486,0.0036388652621870865,scr2000,mustOut,frtRail
ME,h0487,0.06145443081357116,scr2000,mustOut,frtRail
ME,h0488,0.2850548521204254,scr2000,mustOut,frtRail
ME,h0489,0.38996443915173806,scr2000,mustOut,frtRail
ME,h0490,0.2855953271303958,scr2000,mustOut,frtRail
ME,h0491,0.09233244953886621,scr2000,mustOut,frtRail
ME,h0492,0.05034449510938097,scr2000,mustOut,frtRail
ME,h0493,0.09561720743219179,scr2000,mustOut,frtRail
ME,h0494,0.16200365972689867,scr2000,mustOut,frtRail
ME,h0495,0.247237767850855,scr2000,mustOut,frtRail
ME,h0496,0.23506916267014225,scr2000,mustOut,frtRail
ME,h0497,0.28182417015983535,scr2000,mustOut,frtRail
ME,h0498,0.3406680510819283,scr2000,mustOut,frtRail
ME,h0499,0.40173228234220565,scr2000,mustOut,frtRail
ME,h0500,0.3001008518792109,scr2000,mustOut,frtRail
ME,h0501,0.15194976078086125,scr2000,mustOut,frtRail
ME,h0502,0.05457303760567398,scr2000,mustOut,frtRail
ME,h0503,0.022019422693934546,scr2000,mustOut,frtRail
ME,h0504,0.01295664413269369,scr2000,mustOut,frtRail
LT,h0337,0.004991174441476271,scr2000,mustOut,frtRail
LT,h0338,0.001124582343364059,scr2000,mustOut,frtRail
LT,h0339,0.0,scr2000,mustOut,frtRail
LT,h0340,0.0,scr2000,mustOut,frtRail
LT,h0341,0.0008277996876940328,scr2000,mustOut,frtRail
LT,h0342,0.002902760757288197,scr2000,mustOut,frtRail
LT,h0343,0.0589595954704857,scr2000,mustOut,frtRail
LT,h0344,0.26770254822400014,scr2000,mustOut,frtRail
LT,h0345,0.38996443915173806,scr2000,mustOut,frtRail
LT,h0346,0.2855953271303958,scr2000,mustOut,frtRail
LT,h0347,0.09233244953886621,scr2000,mustOut,frtRail
LT,h0348,0.05034449510938097,scr2000,mustOut,frtRail
LT,h0349,0.10104675924386658,scr2000,mustOut,frtRail
LT,h0350,0.1687394200145734,scr2000,mustOut,frtRail
LT,h0351,0.23230650210312623,scr2000,mustOut,frtRail
LT,h0352,0.2620142078227696,scr2000,mustOut,frtRail
LT,h0353,0.336633131767583,scr2000,mustOut,frtRail
LT,h0354,0.43776030720753084,scr2000,mustOut,frtRail
LT,h0355,0.43971642,scr2000,mustOut,frtRail
LT,h0356,0.3081425209552586,scr2000,mustOut,frtRail
LT,h0357,0.15194976078086125,scr2000,mustOut,frtRail
LT,h0358,0.05457303760567398,scr2000,mustOut,frtRail
LT,h0359,0.022019422693934546,scr2000,mustOut,frtRail
LT,h0360,0.01295664413269369,scr2000,mustOut,frtRail
LT,h0361,0.004991174441476271,scr2000,mustOut,frtRail
LT,h0362,0.001124582343364059,scr2000,mustOut,frtRail
LT,h0363,0.0,scr2000,mustOut,frtRail
LT,h0364,0.0,scr2000,mustOut,frtRail
LT,h0365,0.00010400137801255494,scr2000,mustOut,frtRail
LT,h0366,0.0009235550108104215,scr2000,mustOut,frtRail
LT,h0367,0.04947256332769487,scr2000,mustOut,frtRail
LT,h0368,0.2614516381921459,scr2000,mustOut,frtRail
LT,h0369,0.38996443915173806,scr2000,mustOut,frtRail
LT,h0370,0.2855953271303958,scr2000,mustOut,frtRail
LT,h0371,0.09233244953886621,scr2000,mustOut,frtRail
LT,h0372,0.05034449510938097,scr2000,mustOut,frtRail
LT,h0373,0.05518162775144532,scr2000,mustOut,frtRail
LT,h0374,0.0703142591896094,scr2000,mustOut,frtRail
LT,h0375,0.07923092104336388,scr2000,mustOut,frtRail
LT,h0376,0.0945163444420669,scr2000,mustOut,frtRail
LT,h0377,0.16473186396390527,scr2000,mustOut,frtRail
LT,h0378,0.3281970244032028,scr2000,mustOut,frtRail
LT,h0379,0.4265226647378644,scr2000,mustOut,frtRail
LT,h0380,0.338048647625099,scr2000,mustOut,frtRail
LT,h0381,0.15194976078086125,scr2000,mustOut,frtRail
LT,h0382,0.05457303760567398,scr2000,mustOut,frtRail
LT,h0383,0.022019422693934546,scr2000,mustOut,frtRail
LT,h0384,0.01295664413269369,scr2000,mustOut,frtRail
LT,h0385,0.004991174441476271,scr2000,mustOut,frtRail
LT,h0386,0.001124582343364059,scr2000,mustOut,frtRail
LT,h0387,0.0,scr2000,mustOut,frtRail
LT,h0388,0.0,scr2000,mustOut,frtRail
LT,h0389,0.0,scr2000,mustOut,frtRail
LT,h0390,0.0036388652621870865,scr2000,mustOut,frtRail
LT,h0391,0.06145443081357116,scr2000,mustOut,frtRail
LT,h0392,0.2850548521204254,scr2000,mustOut,frtRail
LT,h0393,0.38996443915173806,scr2000,mustOut,frtRail
LT,h0394,0.2855953271303958,scr2000,mustOut,frtRail
LT,h0395,0.09233244953886621,scr2000,mustOut,frtRail
LT,h0396,0.05034449510938097,scr2000,mustOut,frtRail
LT,h0397,0.05518162775144532,scr2000,mustOut,frtRail
LT,h0398,0.0703142591896094,scr2000,mustOut,frtRail
LT,h0399,0.07923092104336388,scr2000,mustOut,frtRail
LT,h0400,0.0945163444420669,scr2000,mustOut,frtRail
LT,h0401,0.16473186396390527,scr2000,mustOut,frtRail
LT,h0402,0.3281970244032028,scr2000,mustOut,frtRail
LT,h0403,0.4314165142327533,scr2000,mustOut,frtRail
LT,h0404,0.40610729142520174,scr2000,mustOut,frtRail
LT,h0405,0.2508823817454351,scr2000,mustOut,frtRail
LT,h0406,0.1558952461266323,scr2000,mustOut,frtRail
LT,h0407,0.0757906618032289,scr2000,mustOut,frtRail
LT,h0408,0.03284670912305344,scr2000,mustOut,frtRail
LT,h0409,0.007314976979800423,scr2000,mustOut,frtRail
LT,h0410,0.0007731819843502392,scr2000,mustOut,frtRail
LT,h0411,0.0,scr2000,mustOut,frtRail
LT,h0412,0.0,scr2000,mustOut,frtRail
LT,h0413,0.0,scr2000,mustOut,frtRail
LT,h0414,0.0036388652621870865,scr2000,mustOut,frtRail
LT,h0415,0.012588365480795543,scr2000,mustOut,frtRail
LT,h0416,0.029537604269125682,scr2000,mustOut,frtRail
LT,h0417,0.04083500513507148,scr2000,mustOut,frtRail
LT,h0418,0.06316010496926065,scr2000,mustOut,frtRail
LT,h0419,0.11313622203522451,scr2000,mustOut,frtRail
LT,h0420,0.15653543106618212,scr2000,mustOut,frtRail
LT,h0421,0.14704261036539143,scr2000,mustOut,frtRail
LT,h0422,0.10987750547670001,scr2000,mustOut,frtRail
LT,h0423,0.07923092104336388,scr2000,mustOut,frtRail
LT,h0424,0.0945163444420669,scr2000,mustOut,frtRail
LT,h0425,0.16473186396390527,scr2000,mustOut,frtRail
LT,h0426,0.3281970244032028,scr2000,mustOut,frtRail
LT,h0427,0.4213697591089894,scr2000,mustOut,frtRail
LT,h0428,0.3724970737692319,scr2000,mustOut,frtRail
LT,h0429,0.21161474700811153,scr2000,mustOut,frtRail
LT,h0430,0.1324910890759873,scr2000,mustOut,frtRail
LT,h0431,0.11222459396997475,scr2000,mustOut,frtRail
LT,h0432,0.10230917847357107,scr2000,mustOut,frtRail
LT,h0433,0.05365331873919643,scr2000,mustOut,frtRail
LT,h0434,0.01124319054787848,scr2000,mustOut,frtRail
LT,h0435,0.0,scr2000,mustOut,frtRail
LT,h0436,0.0,scr2000,mustOut,frtRail
LT,h0437,0.0,scr2000,mustOut,frtRail
LT,h0438,0.0036388652621870865,scr2000,mustOut,frtRail
LT,h0439,0.012303813553396619,scr2000,mustOut,frtRail
LT,h0440,0.055011556031241284,scr2000,mustOut,frtRail
LT,h0441,0.1041221486401611,scr2000,mustOut,frtRail
LT,h0442,0.2087577786316178,scr2000,mustOut,frtRail
LT,h0443,0.26484248333382215,scr2000,mustOut,frtRail
LT,h0444,0.2664504364788206,scr2000,mustOut,frtRail
LT,h0445,0.17546503163144642,scr2000,mustOut,frtRail
LT,h0446,0.10957395632540362,scr2000,mustOut,frtRail
LT,h0447,0.07923092104336388,scr2000,mustOut,frtRail
LT,h0448,0.0945163444420669,scr2000,mustOut,frtRail
LT,h0449,0.16473186396390527,scr2000,mustOut,frtRail
LT,h0450,0.3281970244032028,scr2000,mustOut,frtRail
LT,h0451,0.4265226647378644,scr2000,mustOut,frtRail
LT,h0452,0.338048647625099,scr2000,mustOut,frtRail
LT,h0453,0.15194976078086125,scr2000,mustOut,frtRail
LT,h0454,0.05457303760567398,scr2000,mustOut,frtRail
LT,h0455,0.022019422693934546,scr2000,mustOut,frtRail
LT,h0456,0.01295664413269369,scr2000,mustOut,frtRail
LT,h0457,0.004991174441476271,scr2000,mustOut,frtRail
LT,h0458,0.001124582343364059,scr2000,mustOut,frtRail
LT,h0459,0.0,scr2000,mustOut,frtRail
LT,h0460,0.0,scr2000,mustOut,frtRail
LT,h0461,0.0,scr2000,mustOut,frtRail
LT,h0462,0.0036388652621870865,scr2000,mustOut,frtRail
LT,h0463,0.06145443081357116,scr2000,mustOut,frtRail
LT,h0464,0.2850548521204254,scr2000,mustOut,frtRail
LT,h0465,0.38996443915173806,scr2000,mustOut,frtRail
LT,h0466,0.2855953271303958,scr2000,mustOut,frtRail
LT,h0467,0.09233244953886621,scr2000,mustOut,frtRail
LT,h0468,0.05034449510938097,scr2000,mustOut,frtRail
LT,h0469,0.05518162775144532,scr2000,mustOut,frtRail
LT,h0470,0.0703142591896094,scr2000,mustOut,frtRail
LT,h0471,0.07923092104336388,scr2000,mustOut,frtRail
LT,h0472,0.0945163444420669,scr2000,mustOut,frtRail
LT,h0473,0.16473186396390527,scr2000,mustOut,frtRail
LT,h0474,0.3281970244032028,scr2000,mustOut,frtRail
LT,h0475,0.4265226647378644,scr2000,mustOut,frtRail
LT,h0476,0.338048647625099,scr2000,mustOut,frtRail
LT,h0477,0.15194976078086125,scr2000,mustOut,frtRail
LT,h0478,0.05457303760567398,scr2000,mustOut,frtRail
LT,h0479,0.022019422693934546,scr2000,mustOut,frtRail
LT,h0480,0.01295664413269369,scr2000,mustOut,frtRail
LT,h0481,0.004991174441476271,scr2000,mustOut,frtRail
LT,h0482,0.001124582343364059,scr2000,mustOut,frtRail
LT,h0483,0.0,scr2000,mustOut,frtRail
LT,h0484,0.0,scr2000,mustOut,frtRail
LT,h0485,0.0,scr2000,mustOut,frtRail
LT,h0486,0.0036388652621870865,scr2000,mustOut,frtRail
LT,h0487,0.06145443081357116,scr2000,mustOut,frtRail
LT,h0488,0.2850548521204254,scr2000,mustOut,frtRail
LT,h0489,0.38996443915173806,scr2000,mustOut,frtRail
LT,h0490,0.2855953271303958,scr2000,mustOut,frtRail
LT,h0491,0.09233244953886621,scr2000,mustOut,frtRail
LT,h0492,0.05034449510938097,scr2000,mustOut,frtRail
LT,h0493,0.09561720743219179,scr2000,mustOut,frtRail
LT,h0494,0.16200365972689867,scr2000,mustOut,frtRail
LT,h0495,0.247237767850855,scr2000,mustOut,frtRail
LT,h0496,0.23506916267014225,scr2000,mustOut,frtRail
LT,h0497,0.28182417015983535,scr2000,mustOut,frtRail
LT,h0498,0.3406680510819283,scr2000,mustOut,frtRail
LT,h0499,0.40173228234220565,scr2000,mustOut,frtRail
LT,h0500,0.3001008518792109,scr2000,mustOut,frtRail
LT,h0501,0.15194976078086125,scr2000,mustOut,frtRail
LT,h0502,0.05457303760567398,scr2000,mustOut,frtRail
LT,h0503,0.022019422693934546,scr2000,mustOut,frtRail
LT,h0504,0.01295664413269369,scr2000,mustOut,frtRail
LU,h0337,0.004991174441476271,scr2000,mustOut,frtRail
LU,h0338,0.001124582343364059,scr2000,mustOut,frtRail
LU,h0339,0.0,scr2000,mustOut,frtRail
LU,h0340,0.0,scr2000,mustOut,frtRail
LU,h0341,0.0008277996876940328,scr2000,mustOut,frtRail
LU,h0342,0.002902760757288197,scr2000,mustOut,frtRail
LU,h0343,0.0589595954704857,scr2000,mustOut,frtRail
LU,h0344,0.26770254822400014,scr2000,mustOut,frtRail
LU,h0345,0.38996443915173806,scr2000,mustOut,frtRail
LU,h0346,0.2855953271303958,scr2000,mustOut,frtRail
LU,h0347,0.09233244953886621,scr2000,mustOut,frtRail
LU,h0348,0.05034449510938097,scr2000,mustOut,frtRail
LU,h0349,0.10104675924386658,scr2000,mustOut,frtRail
LU,h0350,0.1687394200145734,scr2000,mustOut,frtRail
LU,h0351,0.23230650210312623,scr2000,mustOut,frtRail
LU,h0352,0.2620142078227696,scr2000,mustOut,frtRail
LU,h0353,0.336633131767583,scr2000,mustOut,frtRail
LU,h0354,0.43776030720753084,scr2000,mustOut,frtRail
LU,h0355,0.43971642,scr2000,mustOut,frtRail
LU,h0356,0.3081425209552586,scr2000,mustOut,frtRail
LU,h0357,0.15194976078086125,scr2000,mustOut,frtRail
LU,h0358,0.05457303760567398,scr2000,mustOut,frtRail
LU,h0359,0.022019422693934546,scr2000,mustOut,frtRail
LU,h0360,0.01295664413269369,scr2000,mustOut,frtRail
LU,h0361,0.004991174441476271,scr2000,mustOut,frtRail
LU,h0362,0.001124582343364059,scr2000,mustOut,frtRail
LU,h0363,0.0,scr2000,mustOut,frtRail
LU,h0364,0.0,scr2000,mustOut,frtRail
LU,h0365,0.00010400137801255494,scr2000,mustOut,frtRail
LU,h0366,0.0009235550108104215,scr2000,mustOut,frtRail
LU,h0367,0.04947256332769487,scr2000,mustOut,frtRail
LU,h0368,0.2614516381921459,scr2000,mustOut,frtRail
LU,h0369,0.38996443915173806,scr2000,mustOut,frtRail
LU,h0370,0.2855953271303958,scr2000,mustOut,frtRail
LU,h0371,0.09233244953886621,scr2000,mustOut,frtRail
LU,h0372,0.05034449510938097,scr2000,mustOut,frtRail
LU,h0373,0.05518162775144532,scr2000,mustOut,frtRail
LU,h0374,0.0703142591896094,scr2000,mustOut,frtRail
LU,h0375,0.07923092104336388,scr2000,mustOut,frtRail
LU,h0376,0.0945163444420669,scr2000,mustOut,frtRail
LU,h0377,0.16473186396390527,scr2000,mustOut,frtRail
LU,h0378,0.3281970244032028,scr2000,mustOut,frtRail
LU,h0379,0.4265226647378644,scr2000,mustOut,frtRail
LU,h0380,0.338048647625099,scr2000,mustOut,frtRail
LU,h0381,0.15194976078086125,scr2000,mustOut,frtRail
LU,h0382,0.05457303760567398,scr2000,mustOut,frtRail
LU,h0383,0.022019422693934546,scr2000,mustOut,frtRail
LU,h0384,0.01295664413269369,scr2000,mustOut,frtRail
LU,h0385,0.004991174441476271,scr2000,mustOut,frtRail
LU,h0386,0.001124582343364059,scr2000,mustOut,frtRail
LU,h0387,0.0,scr2000,mustOut,frtRail
LU,h0388,0.0,scr2000,mustOut,frtRail
LU,h0389,0.0,scr2000,mustOut,frtRail
LU,h0390,0.0036388652621870865,scr2000,mustOut,frtRail
LU,h0391,0.06145443081357116,scr2000,mustOut,frtRail
LU,h0392,0.2850548521204254,scr2000,mustOut,frtRail
LU,h0393,0.38996443915173806,scr2000,mustOut,frtRail
LU,h0394,0.2855953271303958,scr2000,mustOut,frtRail
LU,h0395,0.09233244953886621,scr2000,mustOut,frtRail
LU,h0396,0.05034449510938097,scr2000,mustOut,frtRail
LU,h0397,0.05518162775144532,scr2000,mustOut,frtRail
LU,h0398,0.0703142591896094,scr2000,mustOut,frtRail
LU,h0399,0.07923092104336388,scr2000,mustOut,frtRail
LU,h0400,0.0945163444420669,scr2000,mustOut,frtRail
LU,h0401,0.16473186396390527,scr2000,mustOut,frtRail
LU,h0402,0.3281970244032028,scr2000,mustOut,frtRail
LU,h0403,0.4314165142327533,scr2000,mustOut,frtRail
LU,h0404,0.40610729142520174,scr2000,mustOut,frtRail
LU,h0405,0.2508823817454351,scr2000,mustOut,frtRail
LU,h0406,0.1558952461266323,scr2000,mustOut,frtRail
LU,h0407,0.0757906618032289,scr2000,mustOut,frtRail
LU,h0408,0.03284670912305344,scr2000,mustOut,frtRail
LU,h0409,0.007314976979800423,scr2000,mustOut,frtRail
LU,h0410,0.0007731819843502392,scr2000,mustOut,frtRail
LU,h0411,0.0,scr2000,mustOut,frtRail
LU,h0412,0.0,scr2000,mustOut,frtRail
LU,h0413,0.0,scr2000,mustOut,frtRail
LU,h0414,0.0036388652621870865,scr2000,mustOut,frtRail
LU,h0415,0.012588365480795543,scr2000,mustOut,frtRail
LU,h0416,0.029537604269125682,scr2000,mustOut,frtRail
LU,h0417,0.04083500513507148,scr2000,mustOut,frtRail
LU,h0418,0.06316010496926065,scr2000,mustOut,frtRail
LU,h0419,0.11313622203522451,scr2000,mustOut,frtRail
LU,h0420,0.15653543106618212,scr2000,mustOut,frtRail
LU,h0421,0.14704261036539143,scr2000,mustOut,frtRail
LU,h0422,0.10987750547670001,scr2000,mustOut,frtRail
LU,h0423,0.07923092104336388,scr2000,mustOut,frtRail
LU,h0424,0.0945163444420669,scr2000,mustOut,frtRail
LU,h0425,0.16473186396390527,scr2000,mustOut,frtRail
LU,h0426,0.3281970244032028,scr2000,mustOut,frtRail
LU,h0427,0.4213697591089894,scr2000,mustOut,frtRail
LU,h0428,0.3724970737692319,scr2000,mustOut,frtRail
LU,h0429,0.21161474700811153,scr2000,mustOut,frtRail
LU,h0430,0.1324910890759873,scr2000,mustOut,frtRail
LU,h0431,0.11222459396997475,scr2000,mustOut,frtRail
LU,h0432,0.10230917847357107,scr2000,mustOut,frtRail
LU,h0433,0.05365331873919643,scr2000,mustOut,frtRail
LU,h0434,0.01124319054787848,scr2000,mustOut,frtRail
LU,h0435,0.0,scr2000,mustOut,frtRail
LU,h0436,0.0,scr2000,mustOut,frtRail
LU,h0437,0.0,scr2000,mustOut,frtRail
LU,h0438,0.0036388652621870865,scr2000,mustOut,frtRail
LU,h0439,0.012303813553396619,scr2000,mustOut,frtRail
LU,h0440,0.055011556031241284,scr2000,mustOut,frtRail
LU,h0441,0.1041221486401611,scr2000,mustOut,frtRail
LU,h0442,0.2087577786316178,scr2000,mustOut,frtRail
LU,h0443,0.26484248333382215,scr2000,mustOut,frtRail
LU,h0444,0.2664504364788206,scr2000,mustOut,frtRail
LU,h0445,0.17546503163144642,scr2000,mustOut,frtRail
LU,h0446,0.10957395632540362,scr2000,mustOut,frtRail
LU,h0447,0.07923092104336388,scr2000,mustOut,frtRail
LU,h0448,0.0945163444420669,scr2000,mustOut,frtRail
LU,h0449,0.16473186396390527,scr2000,mustOut,frtRail
LU,h0450,0.3281970244032028,scr2000,mustOut,frtRail
LU,h0451,0.4265226647378644,scr2000,mustOut,frtRail
LU,h0452,0.338048647625099,scr2000,mustOut,frtRail
LU,h0453,0.15194976078086125,scr2000,mustOut,frtRail
LU,h0454,0.05457303760567398,scr2000,mustOut,frtRail
LU,h0455,0.022019422693934546,scr2000,mustOut,frtRail
LU,h0456,0.01295664413269369,scr2000,mustOut,frtRail
LU,h0457,0.004991174441476271,scr2000,mustOut,frtRail
LU,h0458,0.001124582343364059,scr2000,mustOut,frtRail
LU,h0459,0.0,scr2000,mustOut,frtRail
LU,h0460,0.0,scr2000,mustOut,frtRail
LU,h0461,0.0,scr2000,mustOut,frtRail
LU,h0462,0.0036388652621870865,scr2000,mustOut,frtRail
LU,h0463,0.06145443081357116,scr2000,mustOut,frtRail
LU,h0464,0.2850548521204254,scr2000,mustOut,frtRail
LU,h0465,0.38996443915173806,scr2000,mustOut,frtRail
LU,h0466,0.2855953271303958,scr2000,mustOut,frtRail
LU,h0467,0.09233244953886621,scr2000,mustOut,frtRail
LU,h0468,0.05034449510938097,scr2000,mustOut,frtRail
LU,h0469,0.05518162775144532,scr2000,mustOut,frtRail
LU,h0470,0.0703142591896094,scr2000,mustOut,frtRail
LU,h0471,0.07923092104336388,scr2000,mustOut,frtRail
LU,h0472,0.0945163444420669,scr2000,mustOut,frtRail
LU,h0473,0.16473186396390527,scr2000,mustOut,frtRail
LU,h0474,0.3281970244032028,scr2000,mustOut,frtRail
LU,h0475,0.4265226647378644,scr2000,mustOut,frtRail
LU,h0476,0.338048647625099,scr2000,mustOut,frtRail
LU,h0477,0.15194976078086125,scr2000,mustOut,frtRail
LU,h0478,0.05457303760567398,scr2000,mustOut,frtRail
LU,h0479,0.022019422693934546,scr2000,mustOut,frtRail
LU,h0480,0.01295664413269369,scr2000,mustOut,frtRail
LU,h0481,0.004991174441476271,scr2000,mustOut,frtRail
LU,h0482,0.001124582343364059,scr2000,mustOut,frtRail
LU,h0483,0.0,scr2000,mustOut,frtRail
LU,h0484,0.0,scr2000,mustOut,frtRail
LU,h0485,0.0,scr2000,mustOut,frtRail
LU,h0486,0.0036388652621870865,scr2000,mustOut,frtRail
LU,h0487,0.06145443081357116,scr2000,mustOut,frtRail
LU,h0488,0.2850548521204254,scr2000,mustOut,frtRail
LU,h0489,0.38996443915173806,scr2000,mustOut,frtRail
LU,h0490,0.2855953271303958,scr2000,mustOut,frtRail
LU,h0491,0.09233244953886621,scr2000,mustOut,frtRail
LU,h0492,0.05034449510938097,scr2000,mustOut,frtRail
LU,h0493,0.09561720743219179,scr2000,mustOut,frtRail
LU,h0494,0.16200365972689867,scr2000,mustOut,frtRail
LU,h0495,0.247237767850855,scr2000,mustOut,frtRail
LU,h0496,0.23506916267014225,scr2000,mustOut,frtRail
LU,h0497,0.28182417015983535,scr2000,mustOut,frtRail
LU,h0498,0.3406680510819283,scr2000,mustOut,frtRail
LU,h0499,0.40173228234220565,scr2000,mustOut,frtRail
LU,h0500,0.3001008518792109,scr2000,mustOut,frtRail
LU,h0501,0.15194976078086125,scr2000,mustOut,frtRail
LU,h0502,0.05457303760567398,scr2000,mustOut,frtRail
LU,h0503,0.022019422693934546,scr2000,mustOut,frtRail
LU,h0504,0.01295664413269369,scr2000,mustOut,frtRail
NO,h0337,0.00499117444147627,scr2000,mustOut,frtRail
NO,h0338,0.0011245823433640584,scr2000,mustOut,frtRail
NO,h0339,0.0,scr2000,mustOut,frtRail
NO,h0340,0.0,scr2000,mustOut,frtRail
NO,h0341,0.000827799687694033,scr2000,mustOut,frtRail
NO,h0342,0.002902760757288196,scr2000,mustOut,frtRail
NO,h0343,0.05895959547048569,scr2000,mustOut,frtRail
NO,h0344,0.267702548224,scr2000,mustOut,frtRail
NO,h0345,0.38996443915173795,scr2000,mustOut,frtRail
NO,h0346,0.28559532713039576,scr2000,mustOut,frtRail
NO,h0347,0.09233244953886621,scr2000,mustOut,frtRail
NO,h0348,0.05034449510938096,scr2000,mustOut,frtRail
NO,h0349,0.10104675924386655,scr2000,mustOut,frtRail
NO,h0350,0.16873942001457345,scr2000,mustOut,frtRail
NO,h0351,0.23230650210312617,scr2000,mustOut,frtRail
NO,h0352,0.2620142078227696,scr2000,mustOut,frtRail
NO,h0353,0.3366331317675829,scr2000,mustOut,frtRail
NO,h0354,0.43776030720753073,scr2000,mustOut,frtRail
NO,h0355,0.43971641999999994,scr2000,mustOut,frtRail
NO,h0356,0.30814252095525857,scr2000,mustOut,frtRail
NO,h0357,0.15194976078086125,scr2000,mustOut,frtRail
NO,h0358,0.05457303760567397,scr2000,mustOut,frtRail
NO,h0359,0.02201942269393454,scr2000,mustOut,frtRail
NO,h0360,0.012956644132693686,scr2000,mustOut,frtRail
NO,h0361,0.00499117444147627,scr2000,mustOut,frtRail
NO,h0362,0.0011245823433640584,scr2000,mustOut,frtRail
NO,h0363,0.0,scr2000,mustOut,frtRail
NO,h0364,0.0,scr2000,mustOut,frtRail
NO,h0365,0.00010400137801255498,scr2000,mustOut,frtRail
NO,h0366,0.0009235550108104212,scr2000,mustOut,frtRail
NO,h0367,0.049472563327694855,scr2000,mustOut,frtRail
NO,h0368,0.2614516381921458,scr2000,mustOut,frtRail
NO,h0369,0.38996443915173795,scr2000,mustOut,frtRail
NO,h0370,0.28559532713039576,scr2000,mustOut,frtRail
NO,h0371,0.09233244953886621,scr2000,mustOut,frtRail
NO,h0372,0.05034449510938096,scr2000,mustOut,frtRail
NO,h0373,0.0551816277514453,scr2000,mustOut,frtRail
NO,h0374,0.07031425918960939,scr2000,mustOut,frtRail
NO,h0375,0.07923092104336386,scr2000,mustOut,frtRail
NO,h0376,0.0945163444420669,scr2000,mustOut,frtRail
NO,h0377,0.1647318639639052,scr2000,mustOut,frtRail
NO,h0378,0.3281970244032027,scr2000,mustOut,frtRail
NO,h0379,0.42652266473786427,scr2000,mustOut,frtRail
NO,h0380,0.3380486476250989,scr2000,mustOut,frtRail
NO,h0381,0.15194976078086125,scr2000,mustOut,frtRail
NO,h0382,0.05457303760567397,scr2000,mustOut,frtRail
NO,h0383,0.02201942269393454,scr2000,mustOut,frtRail
NO,h0384,0.012956644132693686,scr2000,mustOut,frtRail
NO,h0385,0.00499117444147627,scr2000,mustOut,frtRail
NO,h0386,0.0011245823433640584,scr2000,mustOut,frtRail
NO,h0387,0.0,scr2000,mustOut,frtRail
NO,h0388,0.0,scr2000,mustOut,frtRail
NO,h0389,0.0,scr2000,mustOut,frtRail
NO,h0390,0.003638865262187084,scr2000,mustOut,frtRail
NO,h0391,0.06145443081357114,scr2000,mustOut,frtRail
NO,h0392,0.2850548521204253,scr2000,mustOut,frtRail
NO,h0393,0.38996443915173795,scr2000,mustOut,frtRail
NO,h0394,0.28559532713039576,scr2000,mustOut,frtRail
NO,h0395,0.09233244953886621,scr2000,mustOut,frtRail
NO,h0396,0.05034449510938096,scr2000,mustOut,frtRail
NO,h0397,0.0551816277514453,scr2000,mustOut,frtRail
NO,h0398,0.07031425918960939,scr2000,mustOut,frtRail
NO,h0399,0.07923092104336386,scr2000,mustOut,frtRail
NO,h0400,0.0945163444420669,scr2000,mustOut,frtRail
NO,h0401,0.1647318639639052,scr2000,mustOut,frtRail
NO,h0402,0.3281970244032027,scr2000,mustOut,frtRail
NO,h0403,0.4314165142327532,scr2000,mustOut,frtRail
NO,h0404,0.40610729142520163,scr2000,mustOut,frtRail
NO,h0405,0.25088238174543503,scr2000,mustOut,frtRail
NO,h0406,0.15589524612663228,scr2000,mustOut,frtRail
NO,h0407,0.07579066180322887,scr2000,mustOut,frtRail
NO,h0408,0.03284670912305343,scr2000,mustOut,frtRail
NO,h0409,0.007314976979800421,scr2000,mustOut,frtRail
NO,h0410,0.000773181984350239,scr2000,mustOut,frtRail
NO,h0411,0.0,scr2000,mustOut,frtRail
NO,h0412,0.0,scr2000,mustOut,frtRail
NO,h0413,0.0,scr2000,mustOut,frtRail
NO,h0414,0.003638865262187084,scr2000,mustOut,frtRail
NO,h0415,0.012588365480795536,scr2000,mustOut,frtRail
NO,h0416,0.02953760426912566,scr2000,mustOut,frtRail
NO,h0417,0.04083500513507147,scr2000,mustOut,frtRail
NO,h0418,0.06316010496926062,scr2000,mustOut,frtRail
NO,h0419,0.11313622203522448,scr2000,mustOut,frtRail
NO,h0420,0.1565354310661821,scr2000,mustOut,frtRail
NO,h0421,0.14704261036539132,scr2000,mustOut,frtRail
NO,h0422,0.10987750547669999,scr2000,mustOut,frtRail
NO,h0423,0.07923092104336386,scr2000,mustOut,frtRail
NO,h0424,0.0945163444420669,scr2000,mustOut,frtRail
NO,h0425,0.1647318639639052,scr2000,mustOut,frtRail
NO,h0426,0.3281970244032027,scr2000,mustOut,frtRail
NO,h0427,0.4213697591089893,scr2000,mustOut,frtRail
NO,h0428,0.3724970737692318,scr2000,mustOut,frtRail
NO,h0429,0.21161474700811148,scr2000,mustOut,frtRail
NO,h0430,0.13249108907598725,scr2000,mustOut,frtRail
NO,h0431,0.11222459396997476,scr2000,mustOut,frtRail
NO,h0432,0.10230917847357109,scr2000,mustOut,frtRail
NO,h0433,0.05365331873919642,scr2000,mustOut,frtRail
NO,h0434,0.011243190547878477,scr2000,mustOut,frtRail
NO,h0435,0.0,scr2000,mustOut,frtRail
NO,h0436,0.0,scr2000,mustOut,frtRail
NO,h0437,0.0,scr2000,mustOut,frtRail
NO,h0438,0.003638865262187084,scr2000,mustOut,frtRail
NO,h0439,0.012303813553396615,scr2000,mustOut,frtRail
NO,h0440,0.05501155603124126,scr2000,mustOut,frtRail
NO,h0441,0.10412214864016107,scr2000,mustOut,frtRail
NO,h0442,0.20875777863161774,scr2000,mustOut,frtRail
NO,h0443,0.26484248333382204,scr2000,mustOut,frtRail
NO,h0444,0.26645043647882055,scr2000,mustOut,frtRail
NO,h0445,0.17546503163144636,scr2000,mustOut,frtRail
NO,h0446,0.10957395632540358,scr2000,mustOut,frtRail
NO,h0447,0.07923092104336386,scr2000,mustOut,frtRail
NO,h0448,0.0945163444420669,scr2000,mustOut,frtRail
NO,h0449,0.1647318639639052,scr2000,mustOut,frtRail
NO,h0450,0.3281970244032027,scr2000,mustOut,frtRail
NO,h0451,0.42652266473786427,scr2000,mustOut,frtRail
NO,h0452,0.3380486476250989,scr2000,mustOut,frtRail
NO,h0453,0.15194976078086125,scr2000,mustOut,frtRail
NO,h0454,0.05457303760567397,scr2000,mustOut,frtRail
NO,h0455,0.02201942269393454,scr2000,mustOut,frtRail
NO,h0456,0.012956644132693686,scr2000,mustOut,frtRail
NO,h0457,0.00499117444147627,scr2000,mustOut,frtRail
NO,h0458,0.0011245823433640584,scr2000,mustOut,frtRail
NO,h0459,0.0,scr2000,mustOut,frtRail
NO,h0460,0.0,scr2000,mustOut,frtRail
NO,h0461,0.0,scr2000,mustOut,frtRail
NO,h0462,0.003638865262187084,scr2000,mustOut,frtRail
NO,h0463,0.06145443081357114,scr2000,mustOut,frtRail
NO,h0464,0.2850548521204253,scr2000,mustOut,frtRail
NO,h0465,0.38996443915173795,scr2000,mustOut,frtRail
NO,h0466,0.28559532713039576,scr2000,mustOut,frtRail
NO,h0467,0.09233244953886621,scr2000,mustOut,frtRail
NO,h0468,0.05034449510938096,scr2000,mustOut,frtRail
NO,h0469,0.0551816277514453,scr2000,mustOut,frtRail
NO,h0470,0.07031425918960939,scr2000,mustOut,frtRail
NO,h0471,0.07923092104336386,scr2000,mustOut,frtRail
NO,h0472,0.0945163444420669,scr2000,mustOut,frtRail
NO,h0473,0.1647318639639052,scr2000,mustOut,frtRail
NO,h0474,0.3281970244032027,scr2000,mustOut,frtRail
NO,h0475,0.42652266473786427,scr2000,mustOut,frtRail
NO,h0476,0.3380486476250989,scr2000,mustOut,frtRail
NO,h0477,0.15194976078086125,scr2000,mustOut,frtRail
NO,h0478,0.05457303760567397,scr2000,mustOut,frtRail
NO,h0479,0.02201942269393454,scr2000,mustOut,frtRail
NO,h0480,0.012956644132693686,scr2000,mustOut,frtRail
NO,h0481,0.00499117444147627,scr2000,mustOut,frtRail
NO,h0482,0.0011245823433640584,scr2000,mustOut,frtRail
NO,h0483,0.0,scr2000,mustOut,frtRail
NO,h0484,0.0,scr2000,mustOut,frtRail
NO,h0485,0.0,scr2000,mustOut,frtRail
NO,h0486,0.003638865262187084,scr2000,mustOut,frtRail
NO,h0487,0.06145443081357114,scr2000,mustOut,frtRail
NO,h0488,0.2850548521204253,scr2000,mustOut,frtRail
NO,h0489,0.38996443915173795,scr2000,mustOut,frtRail
NO,h0490,0.28559532713039576,scr2000,mustOut,frtRail
NO,h0491,0.09233244953886621,scr2000,mustOut,frtRail
NO,h0492,0.05034449510938096,scr2000,mustOut,frtRail
NO,h0493,0.09561720743219172,scr2000,mustOut,frtRail
NO,h0494,0.16200365972689862,scr2000,mustOut,frtRail
NO,h0495,0.24723776785085494,scr2000,mustOut,frtRail
NO,h0496,0.23506916267014216,scr2000,mustOut,frtRail
NO,h0497,0.2818241701598353,scr2000,mustOut,frtRail
NO,h0498,0.3406680510819282,scr2000,mustOut,frtRail
NO,h0499,0.4017322823422057,scr2000,mustOut,frtRail
NO,h0500,0.3001008518792109,scr2000,mustOut,frtRail
NO,h0501,0.15194976078086125,scr2000,mustOut,frtRail
NO,h0502,0.05457303760567397,scr2000,mustOut,frtRail
NO,h0503,0.02201942269393454,scr2000,mustOut,frtRail
NO,h0504,0.012956644132693686,scr2000,mustOut,frtRail
PL,h0337,0.004991174441476271,scr2000,mustOut,frtRail
PL,h0338,0.001124582343364059,scr2000,mustOut,frtRail
PL,h0339,0.0,scr2000,mustOut,frtRail
PL,h0340,0.0,scr2000,mustOut,frtRail
PL,h0341,0.0008277996876940328,scr2000,mustOut,frtRail
PL,h0342,0.002902760757288197,scr2000,mustOut,frtRail
PL,h0343,0.0589595954704857,scr2000,mustOut,frtRail
PL,h0344,0.26770254822400014,scr2000,mustOut,frtRail
PL,h0345,0.38996443915173806,scr2000,mustOut,frtRail
PL,h0346,0.2855953271303958,scr2000,mustOut,frtRail
PL,h0347,0.09233244953886621,scr2000,mustOut,frtRail
PL,h0348,0.05034449510938097,scr2000,mustOut,frtRail
PL,h0349,0.10104675924386658,scr2000,mustOut,frtRail
PL,h0350,0.1687394200145734,scr2000,mustOut,frtRail
PL,h0351,0.2323065021031261,scr2000,mustOut,frtRail
PL,h0352,0.2620142078227696,scr2000,mustOut,frtRail
PL,h0353,0.3366331317675829,scr2000,mustOut,frtRail
PL,h0354,0.43776030720753084,scr2000,mustOut,frtRail
PL,h0355,0.43971642,scr2000,mustOut,frtRail
PL,h0356,0.3081425209552586,scr2000,mustOut,frtRail
PL,h0357,0.15194976078086125,scr2000,mustOut,frtRail
PL,h0358,0.05457303760567398,scr2000,mustOut,frtRail
PL,h0359,0.022019422693934546,scr2000,mustOut,frtRail
PL,h0360,0.012956644132693693,scr2000,mustOut,frtRail
PL,h0361,0.004991174441476271,scr2000,mustOut,frtRail
PL,h0362,0.001124582343364059,scr2000,mustOut,frtRail
PL,h0363,0.0,scr2000,mustOut,frtRail
PL,h0364,0.0,scr2000,mustOut,frtRail
PL,h0365,0.00010400137801255497,scr2000,mustOut,frtRail
PL,h0366,0.0009235550108104215,scr2000,mustOut,frtRail
PL,h0367,0.04947256332769487,scr2000,mustOut,frtRail
PL,h0368,0.2614516381921459,scr2000,mustOut,frtRail
PL,h0369,0.38996443915173806,scr2000,mustOut,frtRail
PL,h0370,0.2855953271303958,scr2000,mustOut,frtRail
PL,h0371,0.09233244953886621,scr2000,mustOut,frtRail
PL,h0372,0.05034449510938097,scr2000,mustOut,frtRail
PL,h0373,0.05518162775144532,scr2000,mustOut,frtRail
PL,h0374,0.0703142591896094,scr2000,mustOut,frtRail
PL,h0375,0.07923092104336388,scr2000,mustOut,frtRail
PL,h0376,0.0945163444420669,scr2000,mustOut,frtRail
PL,h0377,0.16473186396390527,scr2000,mustOut,frtRail
PL,h0378,0.3281970244032028,scr2000,mustOut,frtRail
PL,h0379,0.4265226647378644,scr2000,mustOut,frtRail
PL,h0380,0.338048647625099,scr2000,mustOut,frtRail
PL,h0381,0.15194976078086125,scr2000,mustOut,frtRail
PL,h0382,0.05457303760567398,scr2000,mustOut,frtRail
PL,h0383,0.022019422693934546,scr2000,mustOut,frtRail
PL,h0384,0.012956644132693693,scr2000,mustOut,frtRail
PL,h0385,0.004991174441476271,scr2000,mustOut,frtRail
PL,h0386,0.001124582343364059,scr2000,mustOut,frtRail
PL,h0387,0.0,scr2000,mustOut,frtRail
PL,h0388,0.0,scr2000,mustOut,frtRail
PL,h0389,0.0,scr2000,mustOut,frtRail
PL,h0390,0.0036388652621870865,scr2000,mustOut,frtRail
PL,h0391,0.06145443081357116,scr2000,mustOut,frtRail
PL,h0392,0.2850548521204254,scr2000,mustOut,frtRail
PL,h0393,0.38996443915173806,scr2000,mustOut,frtRail
PL,h0394,0.2855953271303958,scr2000,mustOut,frtRail
PL,h0395,0.09233244953886621,scr2000,mustOut,frtRail
PL,h0396,0.05034449510938097,scr2000,mustOut,frtRail
PL,h0397,0.05518162775144532,scr2000,mustOut,frtRail
PL,h0398,0.0703142591896094,scr2000,mustOut,frtRail
PL,h0399,0.07923092104336388,scr2000,mustOut,frtRail
PL,h0400,0.0945163444420669,scr2000,mustOut,frtRail
PL,h0401,0.16473186396390527,scr2000,mustOut,frtRail
PL,h0402,0.3281970244032028,scr2000,mustOut,frtRail
PL,h0403,0.4314165142327533,scr2000,mustOut,frtRail
PL,h0404,0.40610729142520174,scr2000,mustOut,frtRail
PL,h0405,0.2508823817454351,scr2000,mustOut,frtRail
PL,h0406,0.1558952461266323,scr2000,mustOut,frtRail
PL,h0407,0.0757906618032289,scr2000,mustOut,frtRail
PL,h0408,0.03284670912305344,scr2000,mustOut,frtRail
PL,h0409,0.007314976979800423,scr2000,mustOut,frtRail
PL,h0410,0.0007731819843502392,scr2000,mustOut,frtRail
PL,h0411,0.0,scr2000,mustOut,frtRail
PL,h0412,0.0,scr2000,mustOut,frtRail
PL,h0413,0.0,scr2000,mustOut,frtRail
PL,h0414,0.0036388652621870865,scr2000,mustOut,frtRail
PL,h0415,0.012588365480795543,scr2000,mustOut,frtRail
PL,h0416,0.029537604269125682,scr2000,mustOut,frtRail
PL,h0417,0.04083500513507148,scr2000,mustOut,frtRail
PL,h0418,0.06316010496926065,scr2000,mustOut,frtRail
PL,h0419,0.11313622203522451,scr2000,mustOut,frtRail
PL,h0420,0.15653543106618212,scr2000,mustOut,frtRail
PL,h0421,0.14704261036539143,scr2000,mustOut,frtRail
PL,h0422,0.10987750547670001,scr2000,mustOut,frtRail
PL,h0423,0.07923092104336388,scr2000,mustOut,frtRail
PL,h0424,0.0945163444420669,scr2000,mustOut,frtRail
PL,h0425,0.16473186396390527,scr2000,mustOut,frtRail
PL,h0426,0.3281970244032028,scr2000,mustOut,frtRail
PL,h0427,0.4213697591089894,scr2000,mustOut,frtRail
PL,h0428,0.3724970737692319,scr2000,mustOut,frtRail
PL,h0429,0.21161474700811153,scr2000,mustOut,frtRail
PL,h0430,0.1324910890759873,scr2000,mustOut,frtRail
PL,h0431,0.11222459396997475,scr2000,mustOut,frtRail
PL,h0432,0.10230917847357107,scr2000,mustOut,frtRail
PL,h0433,0.053653318739196425,scr2000,mustOut,frtRail
PL,h0434,0.01124319054787848,scr2000,mustOut,frtRail
PL,h0435,0.0,scr2000,mustOut,frtRail
PL,h0436,0.0,scr2000,mustOut,frtRail
PL,h0437,0.0,scr2000,mustOut,frtRail
PL,h0438,0.0036388652621870865,scr2000,mustOut,frtRail
PL,h0439,0.012303813553396619,scr2000,mustOut,frtRail
PL,h0440,0.055011556031241284,scr2000,mustOut,frtRail
PL,h0441,0.1041221486401611,scr2000,mustOut,frtRail
PL,h0442,0.2087577786316178,scr2000,mustOut,frtRail
PL,h0443,0.26484248333382215,scr2000,mustOut,frtRail
PL,h0444,0.2664504364788206,scr2000,mustOut,frtRail
PL,h0445,0.17546503163144642,scr2000,mustOut,frtRail
PL,h0446,0.10957395632540362,scr2000,mustOut,frtRail
PL,h0447,0.07923092104336388,scr2000,mustOut,frtRail
PL,h0448,0.0945163444420669,scr2000,mustOut,frtRail
PL,h0449,0.16473186396390527,scr2000,mustOut,frtRail
PL,h0450,0.3281970244032028,scr2000,mustOut,frtRail
PL,h0451,0.4265226647378644,scr2000,mustOut,frtRail
PL,h0452,0.338048647625099,scr2000,mustOut,frtRail
PL,h0453,0.15194976078086125,scr2000,mustOut,frtRail
PL,h0454,0.05457303760567398,scr2000,mustOut,frtRail
PL,h0455,0.022019422693934546,scr2000,mustOut,frtRail
PL,h0456,0.012956644132693693,scr2000,mustOut,frtRail
PL,h0457,0.004991174441476271,scr2000,mustOut,frtRail
PL,h0458,0.001124582343364059,scr2000,mustOut,frtRail
PL,h0459,0.0,scr2000,mustOut,frtRail
PL,h0460,0.0,scr2000,mustOut,frtRail
PL,h0461,0.0,scr2000,mustOut,frtRail
PL,h0462,0.0036388652621870865,scr2000,mustOut,frtRail
PL,h0463,0.06145443081357116,scr2000,mustOut,frtRail
PL,h0464,0.2850548521204254,scr2000,mustOut,frtRail
PL,h0465,0.38996443915173806,scr2000,mustOut,frtRail
PL,h0466,0.2855953271303958,scr2000,mustOut,frtRail
PL,h0467,0.09233244953886621,scr2000,mustOut,frtRail
PL,h0468,0.05034449510938097,scr2000,mustOut,frtRail
PL,h0469,0.05518162775144532,scr2000,mustOut,frtRail
PL,h0470,0.0703142591896094,scr2000,mustOut,frtRail
PL,h0471,0.07923092104336388,scr2000,mustOut,frtRail
PL,h0472,0.0945163444420669,scr2000,mustOut,frtRail
PL,h0473,0.16473186396390527,scr2000,mustOut,frtRail
PL,h0474,0.3281970244032028,scr2000,mustOut,frtRail
PL,h0475,0.4265226647378644,scr2000,mustOut,frtRail
PL,h0476,0.338048647625099,scr2000,mustOut,frtRail
PL,h0477,0.15194976078086125,scr2000,mustOut,frtRail
PL,h0478,0.05457303760567398,scr2000,mustOut,frtRail
PL,h0479,0.022019422693934546,scr2000,mustOut,frtRail
PL,h0480,0.012956644132693693,scr2000,mustOut,frtRail
PL,h0481,0.004991174441476271,scr2000,mustOut,frtRail
PL,h0482,0.001124582343364059,scr2000,mustOut,frtRail
PL,h0483,0.0,scr2000,mustOut,frtRail
PL,h0484,0.0,scr2000,mustOut,frtRail
PL,h0485,0.0,scr2000,mustOut,frtRail
PL,h0486,0.0036388652621870865,scr2000,mustOut,frtRail
PL,h0487,0.06145443081357116,scr2000,mustOut,frtRail
PL,h0488,0.2850548521204254,scr2000,mustOut,frtRail
PL,h0489,0.38996443915173806,scr2000,mustOut,frtRail
PL,h0490,0.2855953271303958,scr2000,mustOut,frtRail
PL,h0491,0.09233244953886621,scr2000,mustOut,frtRail
PL,h0492,0.05034449510938097,scr2000,mustOut,frtRail
PL,h0493,0.09561720743219182,scr2000,mustOut,frtRail
PL,h0494,0.16200365972689867,scr2000,mustOut,frtRail
PL,h0495,0.247237767850855,scr2000,mustOut,frtRail
PL,h0496,0.23506916267014225,scr2000,mustOut,frtRail
PL,h0497,0.28182417015983535,scr2000,mustOut,frtRail
PL,h0498,0.3406680510819283,scr2000,mustOut,frtRail
PL,h0499,0.40173228234220565,scr2000,mustOut,frtRail
PL,h0500,0.3001008518792109,scr2000,mustOut,frtRail
PL,h0501,0.15194976078086125,scr2000,mustOut,frtRail
PL,h0502,0.05457303760567398,scr2000,mustOut,frtRail
PL,h0503,0.022019422693934546,scr2000,mustOut,frtRail
PL,h0504,0.012956644132693693,scr2000,mustOut,frtRail
RO,h0337,0.004991174441476273,scr2000,mustOut,frtRail
RO,h0338,0.0011245823433640595,scr2000,mustOut,frtRail
RO,h0339,0.0,scr2000,mustOut,frtRail
RO,h0340,0.0,scr2000,mustOut,frtRail
RO,h0341,0.000827799687694033,scr2000,mustOut,frtRail
RO,h0342,0.002902760757288197,scr2000,mustOut,frtRail
RO,h0343,0.0589595954704857,scr2000,mustOut,frtRail
RO,h0344,0.2677025482240002,scr2000,mustOut,frtRail
RO,h0345,0.3899644391517381,scr2000,mustOut,frtRail
RO,h0346,0.2855953271303959,scr2000,mustOut,frtRail
RO,h0347,0.09233244953886625,scr2000,mustOut,frtRail
RO,h0348,0.05034449510938098,scr2000,mustOut,frtRail
RO,h0349,0.1010467592438666,scr2000,mustOut,frtRail
RO,h0350,0.16873942001457337,scr2000,mustOut,frtRail
RO,h0351,0.23230650210312612,scr2000,mustOut,frtRail
RO,h0352,0.26201420782276963,scr2000,mustOut,frtRail
RO,h0353,0.3366331317675831,scr2000,mustOut,frtRail
RO,h0354,0.4377603072075309,scr2000,mustOut,frtRail
RO,h0355,0.43971642000000005,scr2000,mustOut,frtRail
RO,h0356,0.3081425209552587,scr2000,mustOut,frtRail
RO,h0357,0.15194976078086128,scr2000,mustOut,frtRail
RO,h0358,0.05457303760567399,scr2000,mustOut,frtRail
RO,h0359,0.022019422693934546,scr2000,mustOut,frtRail
RO,h0360,0.012956644132693694,scr2000,mustOut,frtRail
RO,h0361,0.004991174441476273,scr2000,mustOut,frtRail
RO,h0362,0.0011245823433640595,scr2000,mustOut,frtRail
RO,h0363,0.0,scr2000,mustOut,frtRail
RO,h0364,0.0,scr2000,mustOut,frtRail
RO,h0365,0.00010400137801255496,scr2000,mustOut,frtRail
RO,h0366,0.0009235550108104216,scr2000,mustOut,frtRail
RO,h0367,0.04947256332769487,scr2000,mustOut,frtRail
RO,h0368,0.26145163819214595,scr2000,mustOut,frtRail
RO,h0369,0.3899644391517381,scr2000,mustOut,frtRail
RO,h0370,0.2855953271303959,scr2000,mustOut,frtRail
RO,h0371,0.09233244953886625,scr2000,mustOut,frtRail
RO,h0372,0.05034449510938098,scr2000,mustOut,frtRail
RO,h0373,0.05518162775144533,scr2000,mustOut,frtRail
RO,h0374,0.0703142591896094,scr2000,mustOut,frtRail
RO,h0375,0.07923092104336386,scr2000,mustOut,frtRail
RO,h0376,0.09451634444206691,scr2000,mustOut,frtRail
RO,h0377,0.1647318639639053,scr2000,mustOut,frtRail
RO,h0378,0.3281970244032028,scr2000,mustOut,frtRail
RO,h0379,0.42652266473786443,scr2000,mustOut,frtRail
RO,h0380,0.33804864762509906,scr2000,mustOut,frtRail
RO,h0381,0.15194976078086128,scr2000,mustOut,frtRail
RO,h0382,0.05457303760567399,scr2000,mustOut,frtRail
RO,h0383,0.022019422693934546,scr2000,mustOut,frtRail
RO,h0384,0.012956644132693694,scr2000,mustOut,frtRail
RO,h0385,0.004991174441476273,scr2000,mustOut,frtRail
RO,h0386,0.0011245823433640595,scr2000,mustOut,frtRail
RO,h0387,0.0,scr2000,mustOut,frtRail
RO,h0388,0.0,scr2000,mustOut,frtRail
RO,h0389,0.0,scr2000,mustOut,frtRail
RO,h0390,0.003638865262187087,scr2000,mustOut,frtRail
RO,h0391,0.06145443081357115,scr2000,mustOut,frtRail
RO,h0392,0.2850548521204254,scr2000,mustOut,frtRail
RO,h0393,0.3899644391517381,scr2000,mustOut,frtRail
RO,h0394,0.2855953271303959,scr2000,mustOut,frtRail
RO,h0395,0.09233244953886625,scr2000,mustOut,frtRail
RO,h0396,0.05034449510938098,scr2000,mustOut,frtRail
RO,h0397,0.05518162775144533,scr2000,mustOut,frtRail
RO,h0398,0.0703142591896094,scr2000,mustOut,frtRail
RO,h0399,0.07923092104336386,scr2000,mustOut,frtRail
RO,h0400,0.09451634444206691,scr2000,mustOut,frtRail
RO,h0401,0.1647318639639053,scr2000,mustOut,frtRail
RO,h0402,0.3281970244032028,scr2000,mustOut,frtRail
RO,h0403,0.43141651423275335,scr2000,mustOut,frtRail
RO,h0404,0.4061072914252018,scr2000,mustOut,frtRail
RO,h0405,0.25088238174543515,scr2000,mustOut,frtRail
RO,h0406,0.15589524612663233,scr2000,mustOut,frtRail
RO,h0407,0.0757906618032289,scr2000,mustOut,frtRail
RO,h0408,0.032846709123053444,scr2000,mustOut,frtRail
RO,h0409,0.007314976979800424,scr2000,mustOut,frtRail
RO,h0410,0.0007731819843502393,scr2000,mustOut,frtRail
RO,h0411,0.0,scr2000,mustOut,frtRail
RO,h0412,0.0,scr2000,mustOut,frtRail
RO,h0413,0.0,scr2000,mustOut,frtRail
RO,h0414,0.003638865262187087,scr2000,mustOut,frtRail
RO,h0415,0.012588365480795545,scr2000,mustOut,frtRail
RO,h0416,0.029537604269125686,scr2000,mustOut,frtRail
RO,h0417,0.04083500513507149,scr2000,mustOut,frtRail
RO,h0418,0.06316010496926065,scr2000,mustOut,frtRail
RO,h0419,0.11313622203522453,scr2000,mustOut,frtRail
RO,h0420,0.15653543106618215,scr2000,mustOut,frtRail
RO,h0421,0.14704261036539146,scr2000,mustOut,frtRail
RO,h0422,0.10987750547670007,scr2000,mustOut,frtRail
RO,h0423,0.07923092104336386,scr2000,mustOut,frtRail
RO,h0424,0.09451634444206691,scr2000,mustOut,frtRail
RO,h0425,0.1647318639639053,scr2000,mustOut,frtRail
RO,h0426,0.3281970244032028,scr2000,mustOut,frtRail
RO,h0427,0.42136975910898944,scr2000,mustOut,frtRail
RO,h0428,0.37249707376923197,scr2000,mustOut,frtRail
RO,h0429,0.2116147470081116,scr2000,mustOut,frtRail
RO,h0430,0.1324910890759873,scr2000,mustOut,frtRail
RO,h0431,0.11222459396997478,scr2000,mustOut,frtRail
RO,h0432,0.10230917847357109,scr2000,mustOut,frtRail
RO,h0433,0.05365331873919643,scr2000,mustOut,frtRail
RO,h0434,0.011243190547878482,scr2000,mustOut,frtRail
RO,h0435,0.0,scr2000,mustOut,frtRail
RO,h0436,0.0,scr2000,mustOut,frtRail
RO,h0437,0.0,scr2000,mustOut,frtRail
RO,h0438,0.003638865262187087,scr2000,mustOut,frtRail
RO,h0439,0.01230381355339662,scr2000,mustOut,frtRail
RO,h0440,0.05501155603124129,scr2000,mustOut,frtRail
RO,h0441,0.10412214864016112,scr2000,mustOut,frtRail
RO,h0442,0.20875777863161782,scr2000,mustOut,frtRail
RO,h0443,0.26484248333382215,scr2000,mustOut,frtRail
RO,h0444,0.26645043647882066,scr2000,mustOut,frtRail
RO,h0445,0.17546503163144644,scr2000,mustOut,frtRail
RO,h0446,0.10957395632540363,scr2000,mustOut,frtRail
RO,h0447,0.07923092104336386,scr2000,mustOut,frtRail
RO,h0448,0.09451634444206691,scr2000,mustOut,frtRail
RO,h0449,0.1647318639639053,scr2000,mustOut,frtRail
RO,h0450,0.3281970244032028,scr2000,mustOut,frtRail
RO,h0451,0.42652266473786443,scr2000,mustOut,frtRail
RO,h0452,0.33804864762509906,scr2000,mustOut,frtRail
RO,h0453,0.15194976078086128,scr2000,mustOut,frtRail
RO,h0454,0.05457303760567399,scr2000,mustOut,frtRail
RO,h0455,0.022019422693934546,scr2000,mustOut,frtRail
RO,h0456,0.012956644132693694,scr2000,mustOut,frtRail
RO,h0457,0.004991174441476273,scr2000,mustOut,frtRail
RO,h0458,0.0011245823433640595,scr2000,mustOut,frtRail
RO,h0459,0.0,scr2000,mustOut,frtRail
RO,h0460,0.0,scr2000,mustOut,frtRail
RO,h0461,0.0,scr2000,mustOut,frtRail
RO,h0462,0.003638865262187087,scr2000,mustOut,frtRail
RO,h0463,0.06145443081357115,scr2000,mustOut,frtRail
RO,h0464,0.2850548521204254,scr2000,mustOut,frtRail
RO,h0465,0.3899644391517381,scr2000,mustOut,frtRail
RO,h0466,0.2855953271303959,scr2000,mustOut,frtRail
RO,h0467,0.09233244953886625,scr2000,mustOut,frtRail
RO,h0468,0.05034449510938098,scr2000,mustOut,frtRail
RO,h0469,0.05518162775144533,scr2000,mustOut,frtRail
RO,h0470,0.0703142591896094,scr2000,mustOut,frtRail
RO,h0471,0.07923092104336386,scr2000,mustOut,frtRail
RO,h0472,0.09451634444206691,scr2000,mustOut,frtRail
RO,h0473,0.1647318639639053,scr2000,mustOut,frtRail
RO,h0474,0.3281970244032028,scr2000,mustOut,frtRail
RO,h0475,0.42652266473786443,scr2000,mustOut,frtRail
RO,h0476,0.33804864762509906,scr2000,mustOut,frtRail
RO,h0477,0.15194976078086128,scr2000,mustOut,frtRail
RO,h0478,0.05457303760567399,scr2000,mustOut,frtRail
RO,h0479,0.022019422693934546,scr2000,mustOut,frtRail
RO,h0480,0.012956644132693694,scr2000,mustOut,frtRail
RO,h0481,0.004991174441476273,scr2000,mustOut,frtRail
RO,h0482,0.0011245823433640595,scr2000,mustOut,frtRail
RO,h0483,0.0,scr2000,mustOut,frtRail
RO,h0484,0.0,scr2000,mustOut,frtRail
RO,h0485,0.0,scr2000,mustOut,frtRail
RO,h0486,0.003638865262187087,scr2000,mustOut,frtRail
RO,h0487,0.06145443081357115,scr2000,mustOut,frtRail
RO,h0488,0.2850548521204254,scr2000,mustOut,frtRail
RO,h0489,0.3899644391517381,scr2000,mustOut,frtRail
RO,h0490,0.2855953271303959,scr2000,mustOut,frtRail
RO,h0491,0.09233244953886625,scr2000,mustOut,frtRail
RO,h0492,0.05034449510938098,scr2000,mustOut,frtRail
RO,h0493,0.09561720743219183,scr2000,mustOut,frtRail
RO,h0494,0.16200365972689867,scr2000,mustOut,frtRail
RO,h0495,0.24723776785085502,scr2000,mustOut,frtRail
RO,h0496,0.23506916267014227,scr2000,mustOut,frtRail
RO,h0497,0.2818241701598354,scr2000,mustOut,frtRail
RO,h0498,0.3406680510819284,scr2000,mustOut,frtRail
RO,h0499,0.4017322823422057,scr2000,mustOut,frtRail
RO,h0500,0.30010085187921093,scr2000,mustOut,frtRail
RO,h0501,0.15194976078086128,scr2000,mustOut,frtRail
RO,h0502,0.05457303760567399,scr2000,mustOut,frtRail
RO,h0503,0.022019422693934546,scr2000,mustOut,frtRail
RO,h0504,0.012956644132693694,scr2000,mustOut,frtRail
PT,h0337,0.004991174441476271,scr2000,mustOut,frtRail
PT,h0338,0.001124582343364059,scr2000,mustOut,frtRail
PT,h0339,0.0,scr2000,mustOut,frtRail
PT,h0340,0.0,scr2000,mustOut,frtRail
PT,h0341,0.0008277996876940328,scr2000,mustOut,frtRail
PT,h0342,0.002902760757288197,scr2000,mustOut,frtRail
PT,h0343,0.0589595954704857,scr2000,mustOut,frtRail
PT,h0344,0.26770254822400014,scr2000,mustOut,frtRail
PT,h0345,0.38996443915173806,scr2000,mustOut,frtRail
PT,h0346,0.2855953271303958,scr2000,mustOut,frtRail
PT,h0347,0.09233244953886621,scr2000,mustOut,frtRail
PT,h0348,0.05034449510938097,scr2000,mustOut,frtRail
PT,h0349,0.10104675924386658,scr2000,mustOut,frtRail
PT,h0350,0.1687394200145734,scr2000,mustOut,frtRail
PT,h0351,0.23230650210312623,scr2000,mustOut,frtRail
PT,h0352,0.2620142078227696,scr2000,mustOut,frtRail
PT,h0353,0.336633131767583,scr2000,mustOut,frtRail
PT,h0354,0.43776030720753084,scr2000,mustOut,frtRail
PT,h0355,0.43971642,scr2000,mustOut,frtRail
PT,h0356,0.3081425209552586,scr2000,mustOut,frtRail
PT,h0357,0.15194976078086125,scr2000,mustOut,frtRail
PT,h0358,0.05457303760567398,scr2000,mustOut,frtRail
PT,h0359,0.022019422693934546,scr2000,mustOut,frtRail
PT,h0360,0.01295664413269369,scr2000,mustOut,frtRail
PT,h0361,0.004991174441476271,scr2000,mustOut,frtRail
PT,h0362,0.001124582343364059,scr2000,mustOut,frtRail
PT,h0363,0.0,scr2000,mustOut,frtRail
PT,h0364,0.0,scr2000,mustOut,frtRail
PT,h0365,0.00010400137801255494,scr2000,mustOut,frtRail
PT,h0366,0.0009235550108104215,scr2000,mustOut,frtRail
PT,h0367,0.04947256332769487,scr2000,mustOut,frtRail
PT,h0368,0.2614516381921459,scr2000,mustOut,frtRail
PT,h0369,0.38996443915173806,scr2000,mustOut,frtRail
PT,h0370,0.2855953271303958,scr2000,mustOut,frtRail
PT,h0371,0.09233244953886621,scr2000,mustOut,frtRail
PT,h0372,0.05034449510938097,scr2000,mustOut,frtRail
PT,h0373,0.05518162775144532,scr2000,mustOut,frtRail
PT,h0374,0.0703142591896094,scr2000,mustOut,frtRail
PT,h0375,0.07923092104336388,scr2000,mustOut,frtRail
PT,h0376,0.0945163444420669,scr2000,mustOut,frtRail
PT,h0377,0.16473186396390527,scr2000,mustOut,frtRail
PT,h0378,0.3281970244032028,scr2000,mustOut,frtRail
PT,h0379,0.4265226647378644,scr2000,mustOut,frtRail
PT,h0380,0.338048647625099,scr2000,mustOut,frtRail
PT,h0381,0.15194976078086125,scr2000,mustOut,frtRail
PT,h0382,0.05457303760567398,scr2000,mustOut,frtRail
PT,h0383,0.022019422693934546,scr2000,mustOut,frtRail
PT,h0384,0.01295664413269369,scr2000,mustOut,frtRail
PT,h0385,0.004991174441476271,scr2000,mustOut,frtRail
PT,h0386,0.001124582343364059,scr2000,mustOut,frtRail
PT,h0387,0.0,scr2000,mustOut,frtRail
PT,h0388,0.0,scr2000,mustOut,frtRail
PT,h0389,0.0,scr2000,mustOut,frtRail
PT,h0390,0.0036388652621870865,scr2000,mustOut,frtRail
PT,h0391,0.06145443081357116,scr2000,mustOut,frtRail
PT,h0392,0.2850548521204254,scr2000,mustOut,frtRail
PT,h0393,0.38996443915173806,scr2000,mustOut,frtRail
PT,h0394,0.2855953271303958,scr2000,mustOut,frtRail
PT,h0395,0.09233244953886621,scr2000,mustOut,frtRail
PT,h0396,0.05034449510938097,scr2000,mustOut,frtRail
PT,h0397,0.05518162775144532,scr2000,mustOut,frtRail
PT,h0398,0.0703142591896094,scr2000,mustOut,frtRail
PT,h0399,0.07923092104336388,scr2000,mustOut,frtRail
PT,h0400,0.0945163444420669,scr2000,mustOut,frtRail
PT,h0401,0.16473186396390527,scr2000,mustOut,frtRail
PT,h0402,0.3281970244032028,scr2000,mustOut,frtRail
PT,h0403,0.4314165142327533,scr2000,mustOut,frtRail
PT,h0404,0.40610729142520174,scr2000,mustOut,frtRail
PT,h0405,0.2508823817454351,scr2000,mustOut,frtRail
PT,h0406,0.1558952461266323,scr2000,mustOut,frtRail
PT,h0407,0.0757906618032289,scr2000,mustOut,frtRail
PT,h0408,0.03284670912305344,scr2000,mustOut,frtRail
PT,h0409,0.007314976979800423,scr2000,mustOut,frtRail
PT,h0410,0.0007731819843502392,scr2000,mustOut,frtRail
PT,h0411,0.0,scr2000,mustOut,frtRail
PT,h0412,0.0,scr2000,mustOut,frtRail
PT,h0413,0.0,scr2000,mustOut,frtRail
PT,h0414,0.0036388652621870865,scr2000,mustOut,frtRail
PT,h0415,0.012588365480795543,scr2000,mustOut,frtRail
PT,h0416,0.029537604269125682,scr2000,mustOut,frtRail
PT,h0417,0.04083500513507148,scr2000,mustOut,frtRail
PT,h0418,0.06316010496926065,scr2000,mustOut,frtRail
PT,h0419,0.11313622203522451,scr2000,mustOut,frtRail
PT,h0420,0.15653543106618212,scr2000,mustOut,frtRail
PT,h0421,0.14704261036539143,scr2000,mustOut,frtRail
PT,h0422,0.10987750547670001,scr2000,mustOut,frtRail
PT,h0423,0.07923092104336388,scr2000,mustOut,frtRail
PT,h0424,0.0945163444420669,scr2000,mustOut,frtRail
PT,h0425,0.16473186396390527,scr2000,mustOut,frtRail
PT,h0426,0.3281970244032028,scr2000,mustOut,frtRail
PT,h0427,0.4213697591089894,scr2000,mustOut,frtRail
PT,h0428,0.3724970737692319,scr2000,mustOut,frtRail
PT,h0429,0.21161474700811153,scr2000,mustOut,frtRail
PT,h0430,0.1324910890759873,scr2000,mustOut,frtRail
PT,h0431,0.11222459396997475,scr2000,mustOut,frtRail
PT,h0432,0.10230917847357107,scr2000,mustOut,frtRail
PT,h0433,0.05365331873919643,scr2000,mustOut,frtRail
PT,h0434,0.01124319054787848,scr2000,mustOut,frtRail
PT,h0435,0.0,scr2000,mustOut,frtRail
PT,h0436,0.0,scr2000,mustOut,frtRail
PT,h0437,0.0,scr2000,mustOut,frtRail
PT,h0438,0.0036388652621870865,scr2000,mustOut,frtRail
PT,h0439,0.012303813553396619,scr2000,mustOut,frtRail
PT,h0440,0.055011556031241284,scr2000,mustOut,frtRail
PT,h0441,0.1041221486401611,scr2000,mustOut,frtRail
PT,h0442,0.2087577786316178,scr2000,mustOut,frtRail
PT,h0443,0.26484248333382215,scr2000,mustOut,frtRail
PT,h0444,0.2664504364788206,scr2000,mustOut,frtRail
PT,h0445,0.17546503163144642,scr2000,mustOut,frtRail
PT,h0446,0.10957395632540362,scr2000,mustOut,frtRail
PT,h0447,0.07923092104336388,scr2000,mustOut,frtRail
PT,h0448,0.0945163444420669,scr2000,mustOut,frtRail
PT,h0449,0.16473186396390527,scr2000,mustOut,frtRail
PT,h0450,0.3281970244032028,scr2000,mustOut,frtRail
PT,h0451,0.4265226647378644,scr2000,mustOut,frtRail
PT,h0452,0.338048647625099,scr2000,mustOut,frtRail
PT,h0453,0.15194976078086125,scr2000,mustOut,frtRail
PT,h0454,0.05457303760567398,scr2000,mustOut,frtRail
PT,h0455,0.022019422693934546,scr2000,mustOut,frtRail
PT,h0456,0.01295664413269369,scr2000,mustOut,frtRail
PT,h0457,0.004991174441476271,scr2000,mustOut,frtRail
PT,h0458,0.001124582343364059,scr2000,mustOut,frtRail
PT,h0459,0.0,scr2000,mustOut,frtRail
PT,h0460,0.0,scr2000,mustOut,frtRail
PT,h0461,0.0,scr2000,mustOut,frtRail
PT,h0462,0.0036388652621870865,scr2000,mustOut,frtRail
PT,h0463,0.06145443081357116,scr2000,mustOut,frtRail
PT,h0464,0.2850548521204254,scr2000,mustOut,frtRail
PT,h0465,0.38996443915173806,scr2000,mustOut,frtRail
PT,h0466,0.2855953271303958,scr2000,mustOut,frtRail
PT,h0467,0.09233244953886621,scr2000,mustOut,frtRail
PT,h0468,0.05034449510938097,scr2000,mustOut,frtRail
PT,h0469,0.05518162775144532,scr2000,mustOut,frtRail
PT,h0470,0.0703142591896094,scr2000,mustOut,frtRail
PT,h0471,0.07923092104336388,scr2000,mustOut,frtRail
PT,h0472,0.0945163444420669,scr2000,mustOut,frtRail
PT,h0473,0.16473186396390527,scr2000,mustOut,frtRail
PT,h0474,0.3281970244032028,scr2000,mustOut,frtRail
PT,h0475,0.4265226647378644,scr2000,mustOut,frtRail
PT,h0476,0.338048647625099,scr2000,mustOut,frtRail
PT,h0477,0.15194976078086125,scr2000,mustOut,frtRail
PT,h0478,0.05457303760567398,scr2000,mustOut,frtRail
PT,h0479,0.022019422693934546,scr2000,mustOut,frtRail
PT,h0480,0.01295664413269369,scr2000,mustOut,frtRail
PT,h0481,0.004991174441476271,scr2000,mustOut,frtRail
PT,h0482,0.001124582343364059,scr2000,mustOut,frtRail
PT,h0483,0.0,scr2000,mustOut,frtRail
PT,h0484,0.0,scr2000,mustOut,frtRail
PT,h0485,0.0,scr2000,mustOut,frtRail
PT,h0486,0.0036388652621870865,scr2000,mustOut,frtRail
PT,h0487,0.06145443081357116,scr2000,mustOut,frtRail
PT,h0488,0.2850548521204254,scr2000,mustOut,frtRail
PT,h0489,0.38996443915173806,scr2000,mustOut,frtRail
PT,h0490,0.2855953271303958,scr2000,mustOut,frtRail
PT,h0491,0.09233244953886621,scr2000,mustOut,frtRail
PT,h0492,0.05034449510938097,scr2000,mustOut,frtRail
PT,h0493,0.09561720743219179,scr2000,mustOut,frtRail
PT,h0494,0.16200365972689867,scr2000,mustOut,frtRail
PT,h0495,0.247237767850855,scr2000,mustOut,frtRail
PT,h0496,0.23506916267014225,scr2000,mustOut,frtRail
PT,h0497,0.28182417015983535,scr2000,mustOut,frtRail
PT,h0498,0.3406680510819283,scr2000,mustOut,frtRail
PT,h0499,0.40173228234220565,scr2000,mustOut,frtRail
PT,h0500,0.3001008518792109,scr2000,mustOut,frtRail
PT,h0501,0.15194976078086125,scr2000,mustOut,frtRail
PT,h0502,0.05457303760567398,scr2000,mustOut,frtRail
PT,h0503,0.022019422693934546,scr2000,mustOut,frtRail
PT,h0504,0.01295664413269369,scr2000,mustOut,frtRail
SK,h0337,0.004991174441476271,scr2000,mustOut,frtRail
SK,h0338,0.001124582343364059,scr2000,mustOut,frtRail
SK,h0339,0.0,scr2000,mustOut,frtRail
SK,h0340,0.0,scr2000,mustOut,frtRail
SK,h0341,0.0008277996876940328,scr2000,mustOut,frtRail
SK,h0342,0.002902760757288197,scr2000,mustOut,frtRail
SK,h0343,0.0589595954704857,scr2000,mustOut,frtRail
SK,h0344,0.26770254822400014,scr2000,mustOut,frtRail
SK,h0345,0.38996443915173806,scr2000,mustOut,frtRail
SK,h0346,0.2855953271303958,scr2000,mustOut,frtRail
SK,h0347,0.09233244953886621,scr2000,mustOut,frtRail
SK,h0348,0.05034449510938097,scr2000,mustOut,frtRail
SK,h0349,0.10104675924386658,scr2000,mustOut,frtRail
SK,h0350,0.1687394200145734,scr2000,mustOut,frtRail
SK,h0351,0.23230650210312623,scr2000,mustOut,frtRail
SK,h0352,0.2620142078227696,scr2000,mustOut,frtRail
SK,h0353,0.336633131767583,scr2000,mustOut,frtRail
SK,h0354,0.43776030720753084,scr2000,mustOut,frtRail
SK,h0355,0.43971642,scr2000,mustOut,frtRail
SK,h0356,0.3081425209552586,scr2000,mustOut,frtRail
SK,h0357,0.15194976078086125,scr2000,mustOut,frtRail
SK,h0358,0.05457303760567398,scr2000,mustOut,frtRail
SK,h0359,0.022019422693934546,scr2000,mustOut,frtRail
SK,h0360,0.01295664413269369,scr2000,mustOut,frtRail
SK,h0361,0.004991174441476271,scr2000,mustOut,frtRail
SK,h0362,0.001124582343364059,scr2000,mustOut,frtRail
SK,h0363,0.0,scr2000,mustOut,frtRail
SK,h0364,0.0,scr2000,mustOut,frtRail
SK,h0365,0.00010400137801255494,scr2000,mustOut,frtRail
SK,h0366,0.0009235550108104215,scr2000,mustOut,frtRail
SK,h0367,0.04947256332769487,scr2000,mustOut,frtRail
SK,h0368,0.2614516381921459,scr2000,mustOut,frtRail
SK,h0369,0.38996443915173806,scr2000,mustOut,frtRail
SK,h0370,0.2855953271303958,scr2000,mustOut,frtRail
SK,h0371,0.09233244953886621,scr2000,mustOut,frtRail
SK,h0372,0.05034449510938097,scr2000,mustOut,frtRail
SK,h0373,0.05518162775144532,scr2000,mustOut,frtRail
SK,h0374,0.0703142591896094,scr2000,mustOut,frtRail
SK,h0375,0.07923092104336388,scr2000,mustOut,frtRail
SK,h0376,0.0945163444420669,scr2000,mustOut,frtRail
SK,h0377,0.16473186396390527,scr2000,mustOut,frtRail
SK,h0378,0.3281970244032028,scr2000,mustOut,frtRail
SK,h0379,0.4265226647378644,scr2000,mustOut,frtRail
SK,h0380,0.338048647625099,scr2000,mustOut,frtRail
SK,h0381,0.15194976078086125,scr2000,mustOut,frtRail
SK,h0382,0.05457303760567398,scr2000,mustOut,frtRail
SK,h0383,0.022019422693934546,scr2000,mustOut,frtRail
SK,h0384,0.01295664413269369,scr2000,mustOut,frtRail
SK,h0385,0.004991174441476271,scr2000,mustOut,frtRail
SK,h0386,0.001124582343364059,scr2000,mustOut,frtRail
SK,h0387,0.0,scr2000,mustOut,frtRail
SK,h0388,0.0,scr2000,mustOut,frtRail
SK,h0389,0.0,scr2000,mustOut,frtRail
SK,h0390,0.0036388652621870865,scr2000,mustOut,frtRail
SK,h0391,0.06145443081357116,scr2000,mustOut,frtRail
SK,h0392,0.2850548521204254,scr2000,mustOut,frtRail
SK,h0393,0.38996443915173806,scr2000,mustOut,frtRail
SK,h0394,0.2855953271303958,scr2000,mustOut,frtRail
SK,h0395,0.09233244953886621,scr2000,mustOut,frtRail
SK,h0396,0.05034449510938097,scr2000,mustOut,frtRail
SK,h0397,0.05518162775144532,scr2000,mustOut,frtRail
SK,h0398,0.0703142591896094,scr2000,mustOut,frtRail
SK,h0399,0.07923092104336388,scr2000,mustOut,frtRail
SK,h0400,0.0945163444420669,scr2000,mustOut,frtRail
SK,h0401,0.16473186396390527,scr2000,mustOut,frtRail
SK,h0402,0.3281970244032028,scr2000,mustOut,frtRail
SK,h0403,0.4314165142327533,scr2000,mustOut,frtRail
SK,h0404,0.40610729142520174,scr2000,mustOut,frtRail
SK,h0405,0.2508823817454351,scr2000,mustOut,frtRail
SK,h0406,0.1558952461266323,scr2000,mustOut,frtRail
SK,h0407,0.0757906618032289,scr2000,mustOut,frtRail
SK,h0408,0.03284670912305344,scr2000,mustOut,frtRail
SK,h0409,0.007314976979800423,scr2000,mustOut,frtRail
SK,h0410,0.0007731819843502392,scr2000,mustOut,frtRail
SK,h0411,0.0,scr2000,mustOut,frtRail
SK,h0412,0.0,scr2000,mustOut,frtRail
SK,h0413,0.0,scr2000,mustOut,frtRail
SK,h0414,0.0036388652621870865,scr2000,mustOut,frtRail
SK,h0415,0.012588365480795543,scr2000,mustOut,frtRail
SK,h0416,0.029537604269125682,scr2000,mustOut,frtRail
SK,h0417,0.04083500513507148,scr2000,mustOut,frtRail
SK,h0418,0.06316010496926065,scr2000,mustOut,frtRail
SK,h0419,0.11313622203522451,scr2000,mustOut,frtRail
SK,h0420,0.15653543106618212,scr2000,mustOut,frtRail
SK,h0421,0.14704261036539143,scr2000,mustOut,frtRail
SK,h0422,0.10987750547670001,scr2000,mustOut,frtRail
SK,h0423,0.07923092104336388,scr2000,mustOut,frtRail
SK,h0424,0.0945163444420669,scr2000,mustOut,frtRail
SK,h0425,0.16473186396390527,scr2000,mustOut,frtRail
SK,h0426,0.3281970244032028,scr2000,mustOut,frtRail
SK,h0427,0.4213697591089894,scr2000,mustOut,frtRail
SK,h0428,0.3724970737692319,scr2000,mustOut,frtRail
SK,h0429,0.21161474700811153,scr2000,mustOut,frtRail
SK,h0430,0.1324910890759873,scr2000,mustOut,frtRail
SK,h0431,0.11222459396997475,scr2000,mustOut,frtRail
SK,h0432,0.10230917847357107,scr2000,mustOut,frtRail
SK,h0433,0.05365331873919643,scr2000,mustOut,frtRail
SK,h0434,0.01124319054787848,scr2000,mustOut,frtRail
SK,h0435,0.0,scr2000,mustOut,frtRail
SK,h0436,0.0,scr2000,mustOut,frtRail
SK,h0437,0.0,scr2000,mustOut,frtRail
SK,h0438,0.0036388652621870865,scr2000,mustOut,frtRail
SK,h0439,0.012303813553396619,scr2000,mustOut,frtRail
SK,h0440,0.055011556031241284,scr2000,mustOut,frtRail
SK,h0441,0.1041221486401611,scr2000,mustOut,frtRail
SK,h0442,0.2087577786316178,scr2000,mustOut,frtRail
SK,h0443,0.26484248333382215,scr2000,mustOut,frtRail
SK,h0444,0.2664504364788206,scr2000,mustOut,frtRail
SK,h0445,0.17546503163144642,scr2000,mustOut,frtRail
SK,h0446,0.10957395632540362,scr2000,mustOut,frtRail
SK,h0447,0.07923092104336388,scr2000,mustOut,frtRail
SK,h0448,0.0945163444420669,scr2000,mustOut,frtRail
SK,h0449,0.16473186396390527,scr2000,mustOut,frtRail
SK,h0450,0.3281970244032028,scr2000,mustOut,frtRail
SK,h0451,0.4265226647378644,scr2000,mustOut,frtRail
SK,h0452,0.338048647625099,scr2000,mustOut,frtRail
SK,h0453,0.15194976078086125,scr2000,mustOut,frtRail
SK,h0454,0.05457303760567398,scr2000,mustOut,frtRail
SK,h0455,0.022019422693934546,scr2000,mustOut,frtRail
SK,h0456,0.01295664413269369,scr2000,mustOut,frtRail
SK,h0457,0.004991174441476271,scr2000,mustOut,frtRail
SK,h0458,0.001124582343364059,scr2000,mustOut,frtRail
SK,h0459,0.0,scr2000,mustOut,frtRail
SK,h0460,0.0,scr2000,mustOut,frtRail
SK,h0461,0.0,scr2000,mustOut,frtRail
SK,h0462,0.0036388652621870865,scr2000,mustOut,frtRail
SK,h0463,0.06145443081357116,scr2000,mustOut,frtRail
SK,h0464,0.2850548521204254,scr2000,mustOut,frtRail
SK,h0465,0.38996443915173806,scr2000,mustOut,frtRail
SK,h0466,0.2855953271303958,scr2000,mustOut,frtRail
SK,h0467,0.09233244953886621,scr2000,mustOut,frtRail
SK,h0468,0.05034449510938097,scr2000,mustOut,frtRail
SK,h0469,0.05518162775144532,scr2000,mustOut,frtRail
SK,h0470,0.0703142591896094,scr2000,mustOut,frtRail
SK,h0471,0.07923092104336388,scr2000,mustOut,frtRail
SK,h0472,0.0945163444420669,scr2000,mustOut,frtRail
SK,h0473,0.16473186396390527,scr2000,mustOut,frtRail
SK,h0474,0.3281970244032028,scr2000,mustOut,frtRail
SK,h0475,0.4265226647378644,scr2000,mustOut,frtRail
SK,h0476,0.338048647625099,scr2000,mustOut,frtRail
SK,h0477,0.15194976078086125,scr2000,mustOut,frtRail
SK,h0478,0.05457303760567398,scr2000,mustOut,frtRail
SK,h0479,0.022019422693934546,scr2000,mustOut,frtRail
SK,h0480,0.01295664413269369,scr2000,mustOut,frtRail
SK,h0481,0.004991174441476271,scr2000,mustOut,frtRail
SK,h0482,0.001124582343364059,scr2000,mustOut,frtRail
SK,h0483,0.0,scr2000,mustOut,frtRail
SK,h0484,0.0,scr2000,mustOut,frtRail
SK,h0485,0.0,scr2000,mustOut,frtRail
SK,h0486,0.0036388652621870865,scr2000,mustOut,frtRail
SK,h0487,0.06145443081357116,scr2000,mustOut,frtRail
SK,h0488,0.2850548521204254,scr2000,mustOut,frtRail
SK,h0489,0.38996443915173806,scr2000,mustOut,frtRail
SK,h0490,0.2855953271303958,scr2000,mustOut,frtRail
SK,h0491,0.09233244953886621,scr2000,mustOut,frtRail
SK,h0492,0.05034449510938097,scr2000,mustOut,frtRail
SK,h0493,0.09561720743219179,scr2000,mustOut,frtRail
SK,h0494,0.16200365972689867,scr2000,mustOut,frtRail
SK,h0495,0.247237767850855,scr2000,mustOut,frtRail
SK,h0496,0.23506916267014225,scr2000,mustOut,frtRail
SK,h0497,0.28182417015983535,scr2000,mustOut,frtRail
SK,h0498,0.3406680510819283,scr2000,mustOut,frtRail
SK,h0499,0.40173228234220565,scr2000,mustOut,frtRail
SK,h0500,0.3001008518792109,scr2000,mustOut,frtRail
SK,h0501,0.15194976078086125,scr2000,mustOut,frtRail
SK,h0502,0.05457303760567398,scr2000,mustOut,frtRail
SK,h0503,0.022019422693934546,scr2000,mustOut,frtRail
SK,h0504,0.01295664413269369,scr2000,mustOut,frtRail
SI,h0337,0.004991174441476271,scr2000,mustOut,frtRail
SI,h0338,0.001124582343364059,scr2000,mustOut,frtRail
SI,h0339,0.0,scr2000,mustOut,frtRail
SI,h0340,0.0,scr2000,mustOut,frtRail
SI,h0341,0.0008277996876940328,scr2000,mustOut,frtRail
SI,h0342,0.002902760757288197,scr2000,mustOut,frtRail
SI,h0343,0.0589595954704857,scr2000,mustOut,frtRail
SI,h0344,0.26770254822400014,scr2000,mustOut,frtRail
SI,h0345,0.38996443915173806,scr2000,mustOut,frtRail
SI,h0346,0.2855953271303958,scr2000,mustOut,frtRail
SI,h0347,0.09233244953886621,scr2000,mustOut,frtRail
SI,h0348,0.05034449510938097,scr2000,mustOut,frtRail
SI,h0349,0.10104675924386658,scr2000,mustOut,frtRail
SI,h0350,0.1687394200145734,scr2000,mustOut,frtRail
SI,h0351,0.23230650210312623,scr2000,mustOut,frtRail
SI,h0352,0.2620142078227696,scr2000,mustOut,frtRail
SI,h0353,0.336633131767583,scr2000,mustOut,frtRail
SI,h0354,0.43776030720753084,scr2000,mustOut,frtRail
SI,h0355,0.43971642,scr2000,mustOut,frtRail
SI,h0356,0.3081425209552586,scr2000,mustOut,frtRail
SI,h0357,0.15194976078086125,scr2000,mustOut,frtRail
SI,h0358,0.05457303760567398,scr2000,mustOut,frtRail
SI,h0359,0.022019422693934546,scr2000,mustOut,frtRail
SI,h0360,0.01295664413269369,scr2000,mustOut,frtRail
SI,h0361,0.004991174441476271,scr2000,mustOut,frtRail
SI,h0362,0.001124582343364059,scr2000,mustOut,frtRail
SI,h0363,0.0,scr2000,mustOut,frtRail
SI,h0364,0.0,scr2000,mustOut,frtRail
SI,h0365,0.00010400137801255494,scr2000,mustOut,frtRail
SI,h0366,0.0009235550108104215,scr2000,mustOut,frtRail
SI,h0367,0.04947256332769487,scr2000,mustOut,frtRail
SI,h0368,0.2614516381921459,scr2000,mustOut,frtRail
SI,h0369,0.38996443915173806,scr2000,mustOut,frtRail
SI,h0370,0.2855953271303958,scr2000,mustOut,frtRail
SI,h0371,0.09233244953886621,scr2000,mustOut,frtRail
SI,h0372,0.05034449510938097,scr2000,mustOut,frtRail
SI,h0373,0.05518162775144532,scr2000,mustOut,frtRail
SI,h0374,0.0703142591896094,scr2000,mustOut,frtRail
SI,h0375,0.07923092104336388,scr2000,mustOut,frtRail
SI,h0376,0.0945163444420669,scr2000,mustOut,frtRail
SI,h0377,0.16473186396390527,scr2000,mustOut,frtRail
SI,h0378,0.3281970244032028,scr2000,mustOut,frtRail
SI,h0379,0.4265226647378644,scr2000,mustOut,frtRail
SI,h0380,0.338048647625099,scr2000,mustOut,frtRail
SI,h0381,0.15194976078086125,scr2000,mustOut,frtRail
SI,h0382,0.05457303760567398,scr2000,mustOut,frtRail
SI,h0383,0.022019422693934546,scr2000,mustOut,frtRail
SI,h0384,0.01295664413269369,scr2000,mustOut,frtRail
SI,h0385,0.004991174441476271,scr2000,mustOut,frtRail
SI,h0386,0.001124582343364059,scr2000,mustOut,frtRail
SI,h0387,0.0,scr2000,mustOut,frtRail
SI,h0388,0.0,scr2000,mustOut,frtRail
SI,h0389,0.0,scr2000,mustOut,frtRail
SI,h0390,0.0036388652621870865,scr2000,mustOut,frtRail
SI,h0391,0.06145443081357116,scr2000,mustOut,frtRail
SI,h0392,0.2850548521204254,scr2000,mustOut,frtRail
SI,h0393,0.38996443915173806,scr2000,mustOut,frtRail
SI,h0394,0.2855953271303958,scr2000,mustOut,frtRail
SI,h0395,0.09233244953886621,scr2000,mustOut,frtRail
SI,h0396,0.05034449510938097,scr2000,mustOut,frtRail
SI,h0397,0.05518162775144532,scr2000,mustOut,frtRail
SI,h0398,0.0703142591896094,scr2000,mustOut,frtRail
SI,h0399,0.07923092104336388,scr2000,mustOut,frtRail
SI,h0400,0.0945163444420669,scr2000,mustOut,frtRail
SI,h0401,0.16473186396390527,scr2000,mustOut,frtRail
SI,h0402,0.3281970244032028,scr2000,mustOut,frtRail
SI,h0403,0.4314165142327533,scr2000,mustOut,frtRail
SI,h0404,0.40610729142520174,scr2000,mustOut,frtRail
SI,h0405,0.2508823817454351,scr2000,mustOut,frtRail
SI,h0406,0.1558952461266323,scr2000,mustOut,frtRail
SI,h0407,0.0757906618032289,scr2000,mustOut,frtRail
SI,h0408,0.03284670912305344,scr2000,mustOut,frtRail
SI,h0409,0.007314976979800423,scr2000,mustOut,frtRail
SI,h0410,0.0007731819843502392,scr2000,mustOut,frtRail
SI,h0411,0.0,scr2000,mustOut,frtRail
SI,h0412,0.0,scr2000,mustOut,frtRail
SI,h0413,0.0,scr2000,mustOut,frtRail
SI,h0414,0.0036388652621870865,scr2000,mustOut,frtRail
SI,h0415,0.012588365480795543,scr2000,mustOut,frtRail
SI,h0416,0.029537604269125682,scr2000,mustOut,frtRail
SI,h0417,0.04083500513507148,scr2000,mustOut,frtRail
SI,h0418,0.06316010496926065,scr2000,mustOut,frtRail
SI,h0419,0.11313622203522451,scr2000,mustOut,frtRail
SI,h0420,0.15653543106618212,scr2000,mustOut,frtRail
SI,h0421,0.14704261036539143,scr2000,mustOut,frtRail
SI,h0422,0.10987750547670001,scr2000,mustOut,frtRail
SI,h0423,0.07923092104336388,scr2000,mustOut,frtRail
SI,h0424,0.0945163444420669,scr2000,mustOut,frtRail
SI,h0425,0.16473186396390527,scr2000,mustOut,frtRail
SI,h0426,0.3281970244032028,scr2000,mustOut,frtRail
SI,h0427,0.4213697591089894,scr2000,mustOut,frtRail
SI,h0428,0.3724970737692319,scr2000,mustOut,frtRail
SI,h0429,0.21161474700811153,scr2000,mustOut,frtRail
SI,h0430,0.1324910890759873,scr2000,mustOut,frtRail
SI,h0431,0.11222459396997475,scr2000,mustOut,frtRail
SI,h0432,0.10230917847357107,scr2000,mustOut,frtRail
SI,h0433,0.05365331873919643,scr2000,mustOut,frtRail
SI,h0434,0.01124319054787848,scr2000,mustOut,frtRail
SI,h0435,0.0,scr2000,mustOut,frtRail
SI,h0436,0.0,scr2000,mustOut,frtRail
SI,h0437,0.0,scr2000,mustOut,frtRail
SI,h0438,0.0036388652621870865,scr2000,mustOut,frtRail
SI,h0439,0.012303813553396619,scr2000,mustOut,frtRail
SI,h0440,0.055011556031241284,scr2000,mustOut,frtRail
SI,h0441,0.1041221486401611,scr2000,mustOut,frtRail
SI,h0442,0.2087577786316178,scr2000,mustOut,frtRail
SI,h0443,0.26484248333382215,scr2000,mustOut,frtRail
SI,h0444,0.2664504364788206,scr2000,mustOut,frtRail
SI,h0445,0.17546503163144642,scr2000,mustOut,frtRail
SI,h0446,0.10957395632540362,scr2000,mustOut,frtRail
SI,h0447,0.07923092104336388,scr2000,mustOut,frtRail
SI,h0448,0.0945163444420669,scr2000,mustOut,frtRail
SI,h0449,0.16473186396390527,scr2000,mustOut,frtRail
SI,h0450,0.3281970244032028,scr2000,mustOut,frtRail
SI,h0451,0.4265226647378644,scr2000,mustOut,frtRail
SI,h0452,0.338048647625099,scr2000,mustOut,frtRail
SI,h0453,0.15194976078086125,scr2000,mustOut,frtRail
SI,h0454,0.05457303760567398,scr2000,mustOut,frtRail
SI,h0455,0.022019422693934546,scr2000,mustOut,frtRail
SI,h0456,0.01295664413269369,scr2000,mustOut,frtRail
SI,h0457,0.004991174441476271,scr2000,mustOut,frtRail
SI,h0458,0.001124582343364059,scr2000,mustOut,frtRail
SI,h0459,0.0,scr2000,mustOut,frtRail
SI,h0460,0.0,scr2000,mustOut,frtRail
SI,h0461,0.0,scr2000,mustOut,frtRail
SI,h0462,0.0036388652621870865,scr2000,mustOut,frtRail
SI,h0463,0.06145443081357116,scr2000,mustOut,frtRail
SI,h0464,0.2850548521204254,scr2000,mustOut,frtRail
SI,h0465,0.38996443915173806,scr2000,mustOut,frtRail
SI,h0466,0.2855953271303958,scr2000,mustOut,frtRail
SI,h0467,0.09233244953886621,scr2000,mustOut,frtRail
SI,h0468,0.05034449510938097,scr2000,mustOut,frtRail
SI,h0469,0.05518162775144532,scr2000,mustOut,frtRail
SI,h0470,0.0703142591896094,scr2000,mustOut,frtRail
SI,h0471,0.07923092104336388,scr2000,mustOut,frtRail
SI,h0472,0.0945163444420669,scr2000,mustOut,frtRail
SI,h0473,0.16473186396390527,scr2000,mustOut,frtRail
SI,h0474,0.3281970244032028,scr2000,mustOut,frtRail
SI,h0475,0.4265226647378644,scr2000,mustOut,frtRail
SI,h0476,0.338048647625099,scr2000,mustOut,frtRail
SI,h0477,0.15194976078086125,scr2000,mustOut,frtRail
SI,h0478,0.05457303760567398,scr2000,mustOut,frtRail
SI,h0479,0.022019422693934546,scr2000,mustOut,frtRail
SI,h0480,0.01295664413269369,scr2000,mustOut,frtRail
SI,h0481,0.004991174441476271,scr2000,mustOut,frtRail
SI,h0482,0.001124582343364059,scr2000,mustOut,frtRail
SI,h0483,0.0,scr2000,mustOut,frtRail
SI,h0484,0.0,scr2000,mustOut,frtRail
SI,h0485,0.0,scr2000,mustOut,frtRail
SI,h0486,0.0036388652621870865,scr2000,mustOut,frtRail
SI,h0487,0.06145443081357116,scr2000,mustOut,frtRail
SI,h0488,0.2850548521204254,scr2000,mustOut,frtRail
SI,h0489,0.38996443915173806,scr2000,mustOut,frtRail
SI,h0490,0.2855953271303958,scr2000,mustOut,frtRail
SI,h0491,0.09233244953886621,scr2000,mustOut,frtRail
SI,h0492,0.05034449510938097,scr2000,mustOut,frtRail
SI,h0493,0.09561720743219179,scr2000,mustOut,frtRail
SI,h0494,0.16200365972689867,scr2000,mustOut,frtRail
SI,h0495,0.247237767850855,scr2000,mustOut,frtRail
SI,h0496,0.23506916267014225,scr2000,mustOut,frtRail
SI,h0497,0.28182417015983535,scr2000,mustOut,frtRail
SI,h0498,0.3406680510819283,scr2000,mustOut,frtRail
SI,h0499,0.40173228234220565,scr2000,mustOut,frtRail
SI,h0500,0.3001008518792109,scr2000,mustOut,frtRail
SI,h0501,0.15194976078086125,scr2000,mustOut,frtRail
SI,h0502,0.05457303760567398,scr2000,mustOut,frtRail
SI,h0503,0.022019422693934546,scr2000,mustOut,frtRail
SI,h0504,0.01295664413269369,scr2000,mustOut,frtRail
SE,h0337,0.004991174441476271,scr2000,mustOut,frtRail
SE,h0338,0.001124582343364059,scr2000,mustOut,frtRail
SE,h0339,0.0,scr2000,mustOut,frtRail
SE,h0340,0.0,scr2000,mustOut,frtRail
SE,h0341,0.0008277996876940328,scr2000,mustOut,frtRail
SE,h0342,0.002902760757288197,scr2000,mustOut,frtRail
SE,h0343,0.0589595954704857,scr2000,mustOut,frtRail
SE,h0344,0.26770254822400014,scr2000,mustOut,frtRail
SE,h0345,0.38996443915173806,scr2000,mustOut,frtRail
SE,h0346,0.2855953271303958,scr2000,mustOut,frtRail
SE,h0347,0.09233244953886621,scr2000,mustOut,frtRail
SE,h0348,0.05034449510938097,scr2000,mustOut,frtRail
SE,h0349,0.10104675924386658,scr2000,mustOut,frtRail
SE,h0350,0.1687394200145734,scr2000,mustOut,frtRail
SE,h0351,0.23230650210312623,scr2000,mustOut,frtRail
SE,h0352,0.2620142078227696,scr2000,mustOut,frtRail
SE,h0353,0.336633131767583,scr2000,mustOut,frtRail
SE,h0354,0.43776030720753084,scr2000,mustOut,frtRail
SE,h0355,0.43971642,scr2000,mustOut,frtRail
SE,h0356,0.3081425209552586,scr2000,mustOut,frtRail
SE,h0357,0.15194976078086125,scr2000,mustOut,frtRail
SE,h0358,0.05457303760567398,scr2000,mustOut,frtRail
SE,h0359,0.022019422693934546,scr2000,mustOut,frtRail
SE,h0360,0.01295664413269369,scr2000,mustOut,frtRail
SE,h0361,0.004991174441476271,scr2000,mustOut,frtRail
SE,h0362,0.001124582343364059,scr2000,mustOut,frtRail
SE,h0363,0.0,scr2000,mustOut,frtRail
SE,h0364,0.0,scr2000,mustOut,frtRail
SE,h0365,0.00010400137801255494,scr2000,mustOut,frtRail
SE,h0366,0.0009235550108104215,scr2000,mustOut,frtRail
SE,h0367,0.04947256332769487,scr2000,mustOut,frtRail
SE,h0368,0.2614516381921459,scr2000,mustOut,frtRail
SE,h0369,0.38996443915173806,scr2000,mustOut,frtRail
SE,h0370,0.2855953271303958,scr2000,mustOut,frtRail
SE,h0371,0.09233244953886621,scr2000,mustOut,frtRail
SE,h0372,0.05034449510938097,scr2000,mustOut,frtRail
SE,h0373,0.05518162775144532,scr2000,mustOut,frtRail
SE,h0374,0.0703142591896094,scr2000,mustOut,frtRail
SE,h0375,0.07923092104336388,scr2000,mustOut,frtRail
SE,h0376,0.0945163444420669,scr2000,mustOut,frtRail
SE,h0377,0.16473186396390527,scr2000,mustOut,frtRail
SE,h0378,0.3281970244032028,scr2000,mustOut,frtRail
SE,h0379,0.4265226647378644,scr2000,mustOut,frtRail
SE,h0380,0.338048647625099,scr2000,mustOut,frtRail
SE,h0381,0.15194976078086125,scr2000,mustOut,frtRail
SE,h0382,0.05457303760567398,scr2000,mustOut,frtRail
SE,h0383,0.022019422693934546,scr2000,mustOut,frtRail
SE,h0384,0.01295664413269369,scr2000,mustOut,frtRail
SE,h0385,0.004991174441476271,scr2000,mustOut,frtRail
SE,h0386,0.001124582343364059,scr2000,mustOut,frtRail
SE,h0387,0.0,scr2000,mustOut,frtRail
SE,h0388,0.0,scr2000,mustOut,frtRail
SE,h0389,0.0,scr2000,mustOut,frtRail
SE,h0390,0.0036388652621870865,scr2000,mustOut,frtRail
SE,h0391,0.06145443081357116,scr2000,mustOut,frtRail
SE,h0392,0.2850548521204254,scr2000,mustOut,frtRail
SE,h0393,0.38996443915173806,scr2000,mustOut,frtRail
SE,h0394,0.2855953271303958,scr2000,mustOut,frtRail
SE,h0395,0.09233244953886621,scr2000,mustOut,frtRail
SE,h0396,0.05034449510938097,scr2000,mustOut,frtRail
SE,h0397,0.05518162775144532,scr2000,mustOut,frtRail
SE,h0398,0.0703142591896094,scr2000,mustOut,frtRail
SE,h0399,0.07923092104336388,scr2000,mustOut,frtRail
SE,h0400,0.0945163444420669,scr2000,mustOut,frtRail
SE,h0401,0.16473186396390527,scr2000,mustOut,frtRail
SE,h0402,0.3281970244032028,scr2000,mustOut,frtRail
SE,h0403,0.4314165142327533,scr2000,mustOut,frtRail
SE,h0404,0.40610729142520174,scr2000,mustOut,frtRail
SE,h0405,0.2508823817454351,scr2000,mustOut,frtRail
SE,h0406,0.1558952461266323,scr2000,mustOut,frtRail
SE,h0407,0.0757906618032289,scr2000,mustOut,frtRail
SE,h0408,0.03284670912305344,scr2000,mustOut,frtRail
SE,h0409,0.007314976979800423,scr2000,mustOut,frtRail
SE,h0410,0.0007731819843502392,scr2000,mustOut,frtRail
SE,h0411,0.0,scr2000,mustOut,frtRail
SE,h0412,0.0,scr2000,mustOut,frtRail
SE,h0413,0.0,scr2000,mustOut,frtRail
SE,h0414,0.0036388652621870865,scr2000,mustOut,frtRail
SE,h0415,0.012588365480795543,scr2000,mustOut,frtRail
SE,h0416,0.029537604269125682,scr2000,mustOut,frtRail
SE,h0417,0.04083500513507148,scr2000,mustOut,frtRail
SE,h0418,0.06316010496926065,scr2000,mustOut,frtRail
SE,h0419,0.11313622203522451,scr2000,mustOut,frtRail
SE,h0420,0.15653543106618212,scr2000,mustOut,frtRail
SE,h0421,0.14704261036539143,scr2000,mustOut,frtRail
SE,h0422,0.10987750547670001,scr2000,mustOut,frtRail
SE,h0423,0.07923092104336388,scr2000,mustOut,frtRail
SE,h0424,0.0945163444420669,scr2000,mustOut,frtRail
SE,h0425,0.16473186396390527,scr2000,mustOut,frtRail
SE,h0426,0.3281970244032028,scr2000,mustOut,frtRail
SE,h0427,0.4213697591089894,scr2000,mustOut,frtRail
SE,h0428,0.3724970737692319,scr2000,mustOut,frtRail
SE,h0429,0.21161474700811153,scr2000,mustOut,frtRail
SE,h0430,0.1324910890759873,scr2000,mustOut,frtRail
SE,h0431,0.11222459396997475,scr2000,mustOut,frtRail
SE,h0432,0.10230917847357107,scr2000,mustOut,frtRail
SE,h0433,0.05365331873919643,scr2000,mustOut,frtRail
SE,h0434,0.01124319054787848,scr2000,mustOut,frtRail
SE,h0435,0.0,scr2000,mustOut,frtRail
SE,h0436,0.0,scr2000,mustOut,frtRail
SE,h0437,0.0,scr2000,mustOut,frtRail
SE,h0438,0.0036388652621870865,scr2000,mustOut,frtRail
SE,h0439,0.012303813553396619,scr2000,mustOut,frtRail
SE,h0440,0.055011556031241284,scr2000,mustOut,frtRail
SE,h0441,0.1041221486401611,scr2000,mustOut,frtRail
SE,h0442,0.2087577786316178,scr2000,mustOut,frtRail
SE,h0443,0.26484248333382215,scr2000,mustOut,frtRail
SE,h0444,0.2664504364788206,scr2000,mustOut,frtRail
SE,h0445,0.17546503163144642,scr2000,mustOut,frtRail
SE,h0446,0.10957395632540362,scr2000,mustOut,frtRail
SE,h0447,0.07923092104336388,scr2000,mustOut,frtRail
SE,h0448,0.0945163444420669,scr2000,mustOut,frtRail
SE,h0449,0.16473186396390527,scr2000,mustOut,frtRail
SE,h0450,0.3281970244032028,scr2000,mustOut,frtRail
SE,h0451,0.4265226647378644,scr2000,mustOut,frtRail
SE,h0452,0.338048647625099,scr2000,mustOut,frtRail
SE,h0453,0.15194976078086125,scr2000,mustOut,frtRail
SE,h0454,0.05457303760567398,scr2000,mustOut,frtRail
SE,h0455,0.022019422693934546,scr2000,mustOut,frtRail
SE,h0456,0.01295664413269369,scr2000,mustOut,frtRail
SE,h0457,0.004991174441476271,scr2000,mustOut,frtRail
SE,h0458,0.001124582343364059,scr2000,mustOut,frtRail
SE,h0459,0.0,scr2000,mustOut,frtRail
SE,h0460,0.0,scr2000,mustOut,frtRail
SE,h0461,0.0,scr2000,mustOut,frtRail
SE,h0462,0.0036388652621870865,scr2000,mustOut,frtRail
SE,h0463,0.06145443081357116,scr2000,mustOut,frtRail
SE,h0464,0.2850548521204254,scr2000,mustOut,frtRail
SE,h0465,0.38996443915173806,scr2000,mustOut,frtRail
SE,h0466,0.2855953271303958,scr2000,mustOut,frtRail
SE,h0467,0.09233244953886621,scr2000,mustOut,frtRail
SE,h0468,0.05034449510938097,scr2000,mustOut,frtRail
SE,h0469,0.05518162775144532,scr2000,mustOut,frtRail
SE,h0470,0.0703142591896094,scr2000,mustOut,frtRail
SE,h0471,0.07923092104336388,scr2000,mustOut,frtRail
SE,h0472,0.0945163444420669,scr2000,mustOut,frtRail
SE,h0473,0.16473186396390527,scr2000,mustOut,frtRail
SE,h0474,0.3281970244032028,scr2000,mustOut,frtRail
SE,h0475,0.4265226647378644,scr2000,mustOut,frtRail
SE,h0476,0.338048647625099,scr2000,mustOut,frtRail
SE,h0477,0.15194976078086125,scr2000,mustOut,frtRail
SE,h0478,0.05457303760567398,scr2000,mustOut,frtRail
SE,h0479,0.022019422693934546,scr2000,mustOut,frtRail
SE,h0480,0.01295664413269369,scr2000,mustOut,frtRail
SE,h0481,0.004991174441476271,scr2000,mustOut,frtRail
SE,h0482,0.001124582343364059,scr2000,mustOut,frtRail
SE,h0483,0.0,scr2000,mustOut,frtRail
SE,h0484,0.0,scr2000,mustOut,frtRail
SE,h0485,0.0,scr2000,mustOut,frtRail
SE,h0486,0.0036388652621870865,scr2000,mustOut,frtRail
SE,h0487,0.06145443081357116,scr2000,mustOut,frtRail
SE,h0488,0.2850548521204254,scr2000,mustOut,frtRail
SE,h0489,0.38996443915173806,scr2000,mustOut,frtRail
SE,h0490,0.2855953271303958,scr2000,mustOut,frtRail
SE,h0491,0.09233244953886621,scr2000,mustOut,frtRail
SE,h0492,0.05034449510938097,scr2000,mustOut,frtRail
SE,h0493,0.09561720743219179,scr2000,mustOut,frtRail
SE,h0494,0.16200365972689867,scr2000,mustOut,frtRail
SE,h0495,0.247237767850855,scr2000,mustOut,frtRail
SE,h0496,0.23506916267014225,scr2000,mustOut,frtRail
SE,h0497,0.28182417015983535,scr2000,mustOut,frtRail
SE,h0498,0.3406680510819283,scr2000,mustOut,frtRail
SE,h0499,0.40173228234220565,scr2000,mustOut,frtRail
SE,h0500,0.3001008518792109,scr2000,mustOut,frtRail
SE,h0501,0.15194976078086125,scr2000,mustOut,frtRail
SE,h0502,0.05457303760567398,scr2000,mustOut,frtRail
SE,h0503,0.022019422693934546,scr2000,mustOut,frtRail
SE,h0504,0.01295664413269369,scr2000,mustOut,frtRail
UK,h0337,0.00499117444147627,scr2000,mustOut,frtRail
UK,h0338,0.0011245823433640584,scr2000,mustOut,frtRail
UK,h0339,0.0,scr2000,mustOut,frtRail
UK,h0340,0.0,scr2000,mustOut,frtRail
UK,h0341,0.000827799687694033,scr2000,mustOut,frtRail
UK,h0342,0.002902760757288196,scr2000,mustOut,frtRail
UK,h0343,0.05895959547048569,scr2000,mustOut,frtRail
UK,h0344,0.267702548224,scr2000,mustOut,frtRail
UK,h0345,0.38996443915173795,scr2000,mustOut,frtRail
UK,h0346,0.28559532713039576,scr2000,mustOut,frtRail
UK,h0347,0.09233244953886618,scr2000,mustOut,frtRail
UK,h0348,0.05034449510938096,scr2000,mustOut,frtRail
UK,h0349,0.10104675924386655,scr2000,mustOut,frtRail
UK,h0350,0.16873942001457345,scr2000,mustOut,frtRail
UK,h0351,0.23230650210312617,scr2000,mustOut,frtRail
UK,h0352,0.2620142078227696,scr2000,mustOut,frtRail
UK,h0353,0.3366331317675829,scr2000,mustOut,frtRail
UK,h0354,0.43776030720753073,scr2000,mustOut,frtRail
UK,h0355,0.43971641999999994,scr2000,mustOut,frtRail
UK,h0356,0.30814252095525857,scr2000,mustOut,frtRail
UK,h0357,0.15194976078086125,scr2000,mustOut,frtRail
UK,h0358,0.05457303760567397,scr2000,mustOut,frtRail
UK,h0359,0.02201942269393454,scr2000,mustOut,frtRail
UK,h0360,0.012956644132693686,scr2000,mustOut,frtRail
UK,h0361,0.00499117444147627,scr2000,mustOut,frtRail
UK,h0362,0.0011245823433640584,scr2000,mustOut,frtRail
UK,h0363,0.0,scr2000,mustOut,frtRail
UK,h0364,0.0,scr2000,mustOut,frtRail
UK,h0365,0.00010400137801255494,scr2000,mustOut,frtRail
UK,h0366,0.0009235550108104212,scr2000,mustOut,frtRail
UK,h0367,0.049472563327694855,scr2000,mustOut,frtRail
UK,h0368,0.2614516381921458,scr2000,mustOut,frtRail
UK,h0369,0.38996443915173795,scr2000,mustOut,frtRail
UK,h0370,0.28559532713039576,scr2000,mustOut,frtRail
UK,h0371,0.09233244953886618,scr2000,mustOut,frtRail
UK,h0372,0.05034449510938096,scr2000,mustOut,frtRail
UK,h0373,0.0551816277514453,scr2000,mustOut,frtRail
UK,h0374,0.07031425918960939,scr2000,mustOut,frtRail
UK,h0375,0.07923092104336386,scr2000,mustOut,frtRail
UK,h0376,0.0945163444420669,scr2000,mustOut,frtRail
UK,h0377,0.1647318639639052,scr2000,mustOut,frtRail
UK,h0378,0.3281970244032028,scr2000,mustOut,frtRail
UK,h0379,0.4265226647378643,scr2000,mustOut,frtRail
UK,h0380,0.338048647625099,scr2000,mustOut,frtRail
UK,h0381,0.15194976078086125,scr2000,mustOut,frtRail
UK,h0382,0.05457303760567397,scr2000,mustOut,frtRail
UK,h0383,0.02201942269393454,scr2000,mustOut,frtRail
UK,h0384,0.012956644132693686,scr2000,mustOut,frtRail
UK,h0385,0.00499117444147627,scr2000,mustOut,frtRail
UK,h0386,0.0011245823433640584,scr2000,mustOut,frtRail
UK,h0387,0.0,scr2000,mustOut,frtRail
UK,h0388,0.0,scr2000,mustOut,frtRail
UK,h0389,0.0,scr2000,mustOut,frtRail
UK,h0390,0.003638865262187084,scr2000,mustOut,frtRail
UK,h0391,0.06145443081357114,scr2000,mustOut,frtRail
UK,h0392,0.2850548521204253,scr2000,mustOut,frtRail
UK,h0393,0.38996443915173795,scr2000,mustOut,frtRail
UK,h0394,0.28559532713039576,scr2000,mustOut,frtRail
UK,h0395,0.09233244953886618,scr2000,mustOut,frtRail
UK,h0396,0.05034449510938096,scr2000,mustOut,frtRail
UK,h0397,0.0551816277514453,scr2000,mustOut,frtRail
UK,h0398,0.07031425918960939,scr2000,mustOut,frtRail
UK,h0399,0.07923092104336386,scr2000,mustOut,frtRail
UK,h0400,0.0945163444420669,scr2000,mustOut,frtRail
UK,h0401,0.1647318639639052,scr2000,mustOut,frtRail
UK,h0402,0.3281970244032028,scr2000,mustOut,frtRail
UK,h0403,0.4314165142327532,scr2000,mustOut,frtRail
UK,h0404,0.40610729142520163,scr2000,mustOut,frtRail
UK,h0405,0.25088238174543503,scr2000,mustOut,frtRail
UK,h0406,0.15589524612663228,scr2000,mustOut,frtRail
UK,h0407,0.07579066180322887,scr2000,mustOut,frtRail
UK,h0408,0.032846709123053416,scr2000,mustOut,frtRail
UK,h0409,0.007314976979800421,scr2000,mustOut,frtRail
UK,h0410,0.000773181984350239,scr2000,mustOut,frtRail
UK,h0411,0.0,scr2000,mustOut,frtRail
UK,h0412,0.0,scr2000,mustOut,frtRail
UK,h0413,0.0,scr2000,mustOut,frtRail
UK,h0414,0.003638865262187084,scr2000,mustOut,frtRail
UK,h0415,0.012588365480795536,scr2000,mustOut,frtRail
UK,h0416,0.02953760426912566,scr2000,mustOut,frtRail
UK,h0417,0.04083500513507147,scr2000,mustOut,frtRail
UK,h0418,0.06316010496926062,scr2000,mustOut,frtRail
UK,h0419,0.11313622203522448,scr2000,mustOut,frtRail
UK,h0420,0.1565354310661821,scr2000,mustOut,frtRail
UK,h0421,0.14704261036539132,scr2000,mustOut,frtRail
UK,h0422,0.10987750547669999,scr2000,mustOut,frtRail
UK,h0423,0.07923092104336386,scr2000,mustOut,frtRail
UK,h0424,0.0945163444420669,scr2000,mustOut,frtRail
UK,h0425,0.1647318639639052,scr2000,mustOut,frtRail
UK,h0426,0.3281970244032028,scr2000,mustOut,frtRail
UK,h0427,0.4213697591089893,scr2000,mustOut,frtRail
UK,h0428,0.3724970737692318,scr2000,mustOut,frtRail
UK,h0429,0.21161474700811148,scr2000,mustOut,frtRail
UK,h0430,0.13249108907598725,scr2000,mustOut,frtRail
UK,h0431,0.11222459396997476,scr2000,mustOut,frtRail
UK,h0432,0.10230917847357109,scr2000,mustOut,frtRail
UK,h0433,0.05365331873919642,scr2000,mustOut,frtRail
UK,h0434,0.011243190547878477,scr2000,mustOut,frtRail
UK,h0435,0.0,scr2000,mustOut,frtRail
UK,h0436,0.0,scr2000,mustOut,frtRail
UK,h0437,0.0,scr2000,mustOut,frtRail
UK,h0438,0.003638865262187084,scr2000,mustOut,frtRail
UK,h0439,0.012303813553396615,scr2000,mustOut,frtRail
UK,h0440,0.05501155603124126,scr2000,mustOut,frtRail
UK,h0441,0.10412214864016107,scr2000,mustOut,frtRail
UK,h0442,0.20875777863161774,scr2000,mustOut,frtRail
UK,h0443,0.26484248333382204,scr2000,mustOut,frtRail
UK,h0444,0.26645043647882055,scr2000,mustOut,frtRail
UK,h0445,0.17546503163144636,scr2000,mustOut,frtRail
UK,h0446,0.10957395632540358,scr2000,mustOut,frtRail
UK,h0447,0.07923092104336386,scr2000,mustOut,frtRail
UK,h0448,0.0945163444420669,scr2000,mustOut,frtRail
UK,h0449,0.1647318639639052,scr2000,mustOut,frtRail
UK,h0450,0.3281970244032028,scr2000,mustOut,frtRail
UK,h0451,0.4265226647378643,scr2000,mustOut,frtRail
UK,h0452,0.338048647625099,scr2000,mustOut,frtRail
UK,h0453,0.15194976078086125,scr2000,mustOut,frtRail
UK,h0454,0.05457303760567397,scr2000,mustOut,frtRail
UK,h0455,0.02201942269393454,scr2000,mustOut,frtRail
UK,h0456,0.012956644132693686,scr2000,mustOut,frtRail
UK,h0457,0.00499117444147627,scr2000,mustOut,frtRail
UK,h0458,0.0011245823433640584,scr2000,mustOut,frtRail
UK,h0459,0.0,scr2000,mustOut,frtRail
UK,h0460,0.0,scr2000,mustOut,frtRail
UK,h0461,0.0,scr2000,mustOut,frtRail
UK,h0462,0.003638865262187084,scr2000,mustOut,frtRail
UK,h0463,0.06145443081357114,scr2000,mustOut,frtRail
UK,h0464,0.2850548521204253,scr2000,mustOut,frtRail
UK,h0465,0.38996443915173795,scr2000,mustOut,frtRail
UK,h0466,0.28559532713039576,scr2000,mustOut,frtRail
UK,h0467,0.09233244953886618,scr2000,mustOut,frtRail
UK,h0468,0.05034449510938096,scr2000,mustOut,frtRail
UK,h0469,0.0551816277514453,scr2000,mustOut,frtRail
UK,h0470,0.07031425918960939,scr2000,mustOut,frtRail
UK,h0471,0.07923092104336386,scr2000,mustOut,frtRail
UK,h0472,0.0945163444420669,scr2000,mustOut,frtRail
UK,h0473,0.1647318639639052,scr2000,mustOut,frtRail
UK,h0474,0.3281970244032028,scr2000,mustOut,frtRail
UK,h0475,0.4265226647378643,scr2000,mustOut,frtRail
UK,h0476,0.338048647625099,scr2000,mustOut,frtRail
UK,h0477,0.15194976078086125,scr2000,mustOut,frtRail
UK,h0478,0.05457303760567397,scr2000,mustOut,frtRail
UK,h0479,0.02201942269393454,scr2000,mustOut,frtRail
UK,h0480,0.012956644132693686,scr2000,mustOut,frtRail
UK,h0481,0.00499117444147627,scr2000,mustOut,frtRail
UK,h0482,0.0011245823433640584,scr2000,mustOut,frtRail
UK,h0483,0.0,scr2000,mustOut,frtRail
UK,h0484,0.0,scr2000,mustOut,frtRail
UK,h0485,0.0,scr2000,mustOut,frtRail
UK,h0486,0.003638865262187084,scr2000,mustOut,frtRail
UK,h0487,0.06145443081357114,scr2000,mustOut,frtRail
UK,h0488,0.2850548521204253,scr2000,mustOut,frtRail
UK,h0489,0.38996443915173795,scr2000,mustOut,frtRail
UK,h0490,0.28559532713039576,scr2000,mustOut,frtRail
UK,h0491,0.09233244953886618,scr2000,mustOut,frtRail
UK,h0492,0.05034449510938096,scr2000,mustOut,frtRail
UK,h0493,0.09561720743219172,scr2000,mustOut,frtRail
UK,h0494,0.16200365972689862,scr2000,mustOut,frtRail
UK,h0495,0.24723776785085494,scr2000,mustOut,frtRail
UK,h0496,0.23506916267014216,scr2000,mustOut,frtRail
UK,h0497,0.2818241701598353,scr2000,mustOut,frtRail
UK,h0498,0.3406680510819282,scr2000,mustOut,frtRail
UK,h0499,0.4017322823422057,scr2000,mustOut,frtRail
UK,h0500,0.3001008518792109,scr2000,mustOut,frtRail
UK,h0501,0.15194976078086125,scr2000,mustOut,frtRail
UK,h0502,0.05457303760567397,scr2000,mustOut,frtRail
UK,h0503,0.02201942269393454,scr2000,mustOut,frtRail
UK,h0504,0.012956644132693686,scr2000,mustOut,frtRail
RS,h0337,0.004991174441476271,scr2000,mustOut,frtRail
RS,h0338,0.001124582343364059,scr2000,mustOut,frtRail
RS,h0339,0.0,scr2000,mustOut,frtRail
RS,h0340,0.0,scr2000,mustOut,frtRail
RS,h0341,0.0008277996876940328,scr2000,mustOut,frtRail
RS,h0342,0.002902760757288197,scr2000,mustOut,frtRail
RS,h0343,0.0589595954704857,scr2000,mustOut,frtRail
RS,h0344,0.26770254822400014,scr2000,mustOut,frtRail
RS,h0345,0.38996443915173806,scr2000,mustOut,frtRail
RS,h0346,0.2855953271303958,scr2000,mustOut,frtRail
RS,h0347,0.09233244953886621,scr2000,mustOut,frtRail
RS,h0348,0.05034449510938097,scr2000,mustOut,frtRail
RS,h0349,0.10104675924386658,scr2000,mustOut,frtRail
RS,h0350,0.1687394200145734,scr2000,mustOut,frtRail
RS,h0351,0.23230650210312623,scr2000,mustOut,frtRail
RS,h0352,0.2620142078227696,scr2000,mustOut,frtRail
RS,h0353,0.336633131767583,scr2000,mustOut,frtRail
RS,h0354,0.43776030720753084,scr2000,mustOut,frtRail
RS,h0355,0.43971642,scr2000,mustOut,frtRail
RS,h0356,0.3081425209552586,scr2000,mustOut,frtRail
RS,h0357,0.15194976078086125,scr2000,mustOut,frtRail
RS,h0358,0.05457303760567398,scr2000,mustOut,frtRail
RS,h0359,0.022019422693934546,scr2000,mustOut,frtRail
RS,h0360,0.01295664413269369,scr2000,mustOut,frtRail
RS,h0361,0.004991174441476271,scr2000,mustOut,frtRail
RS,h0362,0.001124582343364059,scr2000,mustOut,frtRail
RS,h0363,0.0,scr2000,mustOut,frtRail
RS,h0364,0.0,scr2000,mustOut,frtRail
RS,h0365,0.00010400137801255494,scr2000,mustOut,frtRail
RS,h0366,0.0009235550108104215,scr2000,mustOut,frtRail
RS,h0367,0.04947256332769487,scr2000,mustOut,frtRail
RS,h0368,0.2614516381921459,scr2000,mustOut,frtRail
RS,h0369,0.38996443915173806,scr2000,mustOut,frtRail
RS,h0370,0.2855953271303958,scr2000,mustOut,frtRail
RS,h0371,0.09233244953886621,scr2000,mustOut,frtRail
RS,h0372,0.05034449510938097,scr2000,mustOut,frtRail
RS,h0373,0.05518162775144532,scr2000,mustOut,frtRail
RS,h0374,0.0703142591896094,scr2000,mustOut,frtRail
RS,h0375,0.07923092104336388,scr2000,mustOut,frtRail
RS,h0376,0.0945163444420669,scr2000,mustOut,frtRail
RS,h0377,0.16473186396390527,scr2000,mustOut,frtRail
RS,h0378,0.3281970244032028,scr2000,mustOut,frtRail
RS,h0379,0.4265226647378644,scr2000,mustOut,frtRail
RS,h0380,0.338048647625099,scr2000,mustOut,frtRail
RS,h0381,0.15194976078086125,scr2000,mustOut,frtRail
RS,h0382,0.05457303760567398,scr2000,mustOut,frtRail
RS,h0383,0.022019422693934546,scr2000,mustOut,frtRail
RS,h0384,0.01295664413269369,scr2000,mustOut,frtRail
RS,h0385,0.004991174441476271,scr2000,mustOut,frtRail
RS,h0386,0.001124582343364059,scr2000,mustOut,frtRail
RS,h0387,0.0,scr2000,mustOut,frtRail
RS,h0388,0.0,scr2000,mustOut,frtRail
RS,h0389,0.0,scr2000,mustOut,frtRail
RS,h0390,0.0036388652621870865,scr2000,mustOut,frtRail
RS,h0391,0.06145443081357116,scr2000,mustOut,frtRail
RS,h0392,0.2850548521204254,scr2000,mustOut,frtRail
RS,h0393,0.38996443915173806,scr2000,mustOut,frtRail
RS,h0394,0.2855953271303958,scr2000,mustOut,frtRail
RS,h0395,0.09233244953886621,scr2000,mustOut,frtRail
RS,h0396,0.05034449510938097,scr2000,mustOut,frtRail
RS,h0397,0.05518162775144532,scr2000,mustOut,frtRail
RS,h0398,0.0703142591896094,scr2000,mustOut,frtRail
RS,h0399,0.07923092104336388,scr2000,mustOut,frtRail
RS,h0400,0.0945163444420669,scr2000,mustOut,frtRail
RS,h0401,0.16473186396390527,scr2000,mustOut,frtRail
RS,h0402,0.3281970244032028,scr2000,mustOut,frtRail
RS,h0403,0.4314165142327533,scr2000,mustOut,frtRail
RS,h0404,0.40610729142520174,scr2000,mustOut,frtRail
RS,h0405,0.2508823817454351,scr2000,mustOut,frtRail
RS,h0406,0.1558952461266323,scr2000,mustOut,frtRail
RS,h0407,0.0757906618032289,scr2000,mustOut,frtRail
RS,h0408,0.03284670912305344,scr2000,mustOut,frtRail
RS,h0409,0.007314976979800423,scr2000,mustOut,frtRail
RS,h0410,0.0007731819843502392,scr2000,mustOut,frtRail
RS,h0411,0.0,scr2000,mustOut,frtRail
RS,h0412,0.0,scr2000,mustOut,frtRail
RS,h0413,0.0,scr2000,mustOut,frtRail
RS,h0414,0.0036388652621870865,scr2000,mustOut,frtRail
RS,h0415,0.012588365480795543,scr2000,mustOut,frtRail
RS,h0416,0.029537604269125682,scr2000,mustOut,frtRail
RS,h0417,0.04083500513507148,scr2000,mustOut,frtRail
RS,h0418,0.06316010496926065,scr2000,mustOut,frtRail
RS,h0419,0.11313622203522451,scr2000,mustOut,frtRail
RS,h0420,0.15653543106618212,scr2000,mustOut,frtRail
RS,h0421,0.14704261036539143,scr2000,mustOut,frtRail
RS,h0422,0.10987750547670001,scr2000,mustOut,frtRail
RS,h0423,0.07923092104336388,scr2000,mustOut,frtRail
RS,h0424,0.0945163444420669,scr2000,mustOut,frtRail
RS,h0425,0.16473186396390527,scr2000,mustOut,frtRail
RS,h0426,0.3281970244032028,scr2000,mustOut,frtRail
RS,h0427,0.4213697591089894,scr2000,mustOut,frtRail
RS,h0428,0.3724970737692319,scr2000,mustOut,frtRail
RS,h0429,0.21161474700811153,scr2000,mustOut,frtRail
RS,h0430,0.1324910890759873,scr2000,mustOut,frtRail
RS,h0431,0.11222459396997475,scr2000,mustOut,frtRail
RS,h0432,0.10230917847357107,scr2000,mustOut,frtRail
RS,h0433,0.05365331873919643,scr2000,mustOut,frtRail
RS,h0434,0.01124319054787848,scr2000,mustOut,frtRail
RS,h0435,0.0,scr2000,mustOut,frtRail
RS,h0436,0.0,scr2000,mustOut,frtRail
RS,h0437,0.0,scr2000,mustOut,frtRail
RS,h0438,0.0036388652621870865,scr2000,mustOut,frtRail
RS,h0439,0.012303813553396619,scr2000,mustOut,frtRail
RS,h0440,0.055011556031241284,scr2000,mustOut,frtRail
RS,h0441,0.1041221486401611,scr2000,mustOut,frtRail
RS,h0442,0.2087577786316178,scr2000,mustOut,frtRail
RS,h0443,0.26484248333382215,scr2000,mustOut,frtRail
RS,h0444,0.2664504364788206,scr2000,mustOut,frtRail
RS,h0445,0.17546503163144642,scr2000,mustOut,frtRail
RS,h0446,0.10957395632540362,scr2000,mustOut,frtRail
RS,h0447,0.07923092104336388,scr2000,mustOut,frtRail
RS,h0448,0.0945163444420669,scr2000,mustOut,frtRail
RS,h0449,0.16473186396390527,scr2000,mustOut,frtRail
RS,h0450,0.3281970244032028,scr2000,mustOut,frtRail
RS,h0451,0.4265226647378644,scr2000,mustOut,frtRail
RS,h0452,0.338048647625099,scr2000,mustOut,frtRail
RS,h0453,0.15194976078086125,scr2000,mustOut,frtRail
RS,h0454,0.05457303760567398,scr2000,mustOut,frtRail
RS,h0455,0.022019422693934546,scr2000,mustOut,frtRail
RS,h0456,0.01295664413269369,scr2000,mustOut,frtRail
RS,h0457,0.004991174441476271,scr2000,mustOut,frtRail
RS,h0458,0.001124582343364059,scr2000,mustOut,frtRail
RS,h0459,0.0,scr2000,mustOut,frtRail
RS,h0460,0.0,scr2000,mustOut,frtRail
RS,h0461,0.0,scr2000,mustOut,frtRail
RS,h0462,0.0036388652621870865,scr2000,mustOut,frtRail
RS,h0463,0.06145443081357116,scr2000,mustOut,frtRail
RS,h0464,0.2850548521204254,scr2000,mustOut,frtRail
RS,h0465,0.38996443915173806,scr2000,mustOut,frtRail
RS,h0466,0.2855953271303958,scr2000,mustOut,frtRail
RS,h0467,0.09233244953886621,scr2000,mustOut,frtRail
RS,h0468,0.05034449510938097,scr2000,mustOut,frtRail
RS,h0469,0.05518162775144532,scr2000,mustOut,frtRail
RS,h0470,0.0703142591896094,scr2000,mustOut,frtRail
RS,h0471,0.07923092104336388,scr2000,mustOut,frtRail
RS,h0472,0.0945163444420669,scr2000,mustOut,frtRail
RS,h0473,0.16473186396390527,scr2000,mustOut,frtRail
RS,h0474,0.3281970244032028,scr2000,mustOut,frtRail
RS,h0475,0.4265226647378644,scr2000,mustOut,frtRail
RS,h0476,0.338048647625099,scr2000,mustOut,frtRail
RS,h0477,0.15194976078086125,scr2000,mustOut,frtRail
RS,h0478,0.05457303760567398,scr2000,mustOut,frtRail
RS,h0479,0.022019422693934546,scr2000,mustOut,frtRail
RS,h0480,0.01295664413269369,scr2000,mustOut,frtRail
RS,h0481,0.004991174441476271,scr2000,mustOut,frtRail
RS,h0482,0.001124582343364059,scr2000,mustOut,frtRail
RS,h0483,0.0,scr2000,mustOut,frtRail
RS,h0484,0.0,scr2000,mustOut,frtRail
RS,h0485,0.0,scr2000,mustOut,frtRail
RS,h0486,0.0036388652621870865,scr2000,mustOut,frtRail
RS,h0487,0.06145443081357116,scr2000,mustOut,frtRail
RS,h0488,0.2850548521204254,scr2000,mustOut,frtRail
RS,h0489,0.38996443915173806,scr2000,mustOut,frtRail
RS,h0490,0.2855953271303958,scr2000,mustOut,frtRail
RS,h0491,0.09233244953886621,scr2000,mustOut,frtRail
RS,h0492,0.05034449510938097,scr2000,mustOut,frtRail
RS,h0493,0.09561720743219179,scr2000,mustOut,frtRail
RS,h0494,0.16200365972689867,scr2000,mustOut,frtRail
RS,h0495,0.247237767850855,scr2000,mustOut,frtRail
RS,h0496,0.23506916267014225,scr2000,mustOut,frtRail
RS,h0497,0.28182417015983535,scr2000,mustOut,frtRail
RS,h0498,0.3406680510819283,scr2000,mustOut,frtRail
RS,h0499,0.40173228234220565,scr2000,mustOut,frtRail
RS,h0500,0.3001008518792109,scr2000,mustOut,frtRail
RS,h0501,0.15194976078086125,scr2000,mustOut,frtRail
RS,h0502,0.05457303760567398,scr2000,mustOut,frtRail
RS,h0503,0.022019422693934546,scr2000,mustOut,frtRail
RS,h0504,0.01295664413269369,scr2000,mustOut,frtRail
BA,h0337,0.004991174441476271,scr2000,mustOut,frtRail
BA,h0338,0.001124582343364059,scr2000,mustOut,frtRail
BA,h0339,0.0,scr2000,mustOut,frtRail
BA,h0340,0.0,scr2000,mustOut,frtRail
BA,h0341,0.0008277996876940328,scr2000,mustOut,frtRail
BA,h0342,0.002902760757288197,scr2000,mustOut,frtRail
BA,h0343,0.0589595954704857,scr2000,mustOut,frtRail
BA,h0344,0.26770254822400014,scr2000,mustOut,frtRail
BA,h0345,0.38996443915173806,scr2000,mustOut,frtRail
BA,h0346,0.2855953271303958,scr2000,mustOut,frtRail
BA,h0347,0.09233244953886621,scr2000,mustOut,frtRail
BA,h0348,0.05034449510938097,scr2000,mustOut,frtRail
BA,h0349,0.10104675924386658,scr2000,mustOut,frtRail
BA,h0350,0.1687394200145734,scr2000,mustOut,frtRail
BA,h0351,0.23230650210312623,scr2000,mustOut,frtRail
BA,h0352,0.2620142078227696,scr2000,mustOut,frtRail
BA,h0353,0.336633131767583,scr2000,mustOut,frtRail
BA,h0354,0.43776030720753084,scr2000,mustOut,frtRail
BA,h0355,0.43971642,scr2000,mustOut,frtRail
BA,h0356,0.3081425209552586,scr2000,mustOut,frtRail
BA,h0357,0.15194976078086125,scr2000,mustOut,frtRail
BA,h0358,0.05457303760567398,scr2000,mustOut,frtRail
BA,h0359,0.022019422693934546,scr2000,mustOut,frtRail
BA,h0360,0.01295664413269369,scr2000,mustOut,frtRail
BA,h0361,0.004991174441476271,scr2000,mustOut,frtRail
BA,h0362,0.001124582343364059,scr2000,mustOut,frtRail
BA,h0363,0.0,scr2000,mustOut,frtRail
BA,h0364,0.0,scr2000,mustOut,frtRail
BA,h0365,0.00010400137801255494,scr2000,mustOut,frtRail
BA,h0366,0.0009235550108104215,scr2000,mustOut,frtRail
BA,h0367,0.04947256332769487,scr2000,mustOut,frtRail
BA,h0368,0.2614516381921459,scr2000,mustOut,frtRail
BA,h0369,0.38996443915173806,scr2000,mustOut,frtRail
BA,h0370,0.2855953271303958,scr2000,mustOut,frtRail
BA,h0371,0.09233244953886621,scr2000,mustOut,frtRail
BA,h0372,0.05034449510938097,scr2000,mustOut,frtRail
BA,h0373,0.05518162775144532,scr2000,mustOut,frtRail
BA,h0374,0.0703142591896094,scr2000,mustOut,frtRail
BA,h0375,0.07923092104336388,scr2000,mustOut,frtRail
BA,h0376,0.0945163444420669,scr2000,mustOut,frtRail
BA,h0377,0.16473186396390527,scr2000,mustOut,frtRail
BA,h0378,0.3281970244032028,scr2000,mustOut,frtRail
BA,h0379,0.4265226647378644,scr2000,mustOut,frtRail
BA,h0380,0.338048647625099,scr2000,mustOut,frtRail
BA,h0381,0.15194976078086125,scr2000,mustOut,frtRail
BA,h0382,0.05457303760567398,scr2000,mustOut,frtRail
BA,h0383,0.022019422693934546,scr2000,mustOut,frtRail
BA,h0384,0.01295664413269369,scr2000,mustOut,frtRail
BA,h0385,0.004991174441476271,scr2000,mustOut,frtRail
BA,h0386,0.001124582343364059,scr2000,mustOut,frtRail
BA,h0387,0.0,scr2000,mustOut,frtRail
BA,h0388,0.0,scr2000,mustOut,frtRail
BA,h0389,0.0,scr2000,mustOut,frtRail
BA,h0390,0.0036388652621870865,scr2000,mustOut,frtRail
BA,h0391,0.06145443081357116,scr2000,mustOut,frtRail
BA,h0392,0.2850548521204254,scr2000,mustOut,frtRail
BA,h0393,0.38996443915173806,scr2000,mustOut,frtRail
BA,h0394,0.2855953271303958,scr2000,mustOut,frtRail
BA,h0395,0.09233244953886621,scr2000,mustOut,frtRail
BA,h0396,0.05034449510938097,scr2000,mustOut,frtRail
BA,h0397,0.05518162775144532,scr2000,mustOut,frtRail
BA,h0398,0.0703142591896094,scr2000,mustOut,frtRail
BA,h0399,0.07923092104336388,scr2000,mustOut,frtRail
BA,h0400,0.0945163444420669,scr2000,mustOut,frtRail
BA,h0401,0.16473186396390527,scr2000,mustOut,frtRail
BA,h0402,0.3281970244032028,scr2000,mustOut,frtRail
BA,h0403,0.4314165142327533,scr2000,mustOut,frtRail
BA,h0404,0.40610729142520174,scr2000,mustOut,frtRail
BA,h0405,0.2508823817454351,scr2000,mustOut,frtRail
BA,h0406,0.1558952461266323,scr2000,mustOut,frtRail
BA,h0407,0.0757906618032289,scr2000,mustOut,frtRail
BA,h0408,0.03284670912305344,scr2000,mustOut,frtRail
BA,h0409,0.007314976979800423,scr2000,mustOut,frtRail
BA,h0410,0.0007731819843502392,scr2000,mustOut,frtRail
BA,h0411,0.0,scr2000,mustOut,frtRail
BA,h0412,0.0,scr2000,mustOut,frtRail
BA,h0413,0.0,scr2000,mustOut,frtRail
BA,h0414,0.0036388652621870865,scr2000,mustOut,frtRail
BA,h0415,0.012588365480795543,scr2000,mustOut,frtRail
BA,h0416,0.029537604269125682,scr2000,mustOut,frtRail
BA,h0417,0.04083500513507148,scr2000,mustOut,frtRail
BA,h0418,0.06316010496926065,scr2000,mustOut,frtRail
BA,h0419,0.11313622203522451,scr2000,mustOut,frtRail
BA,h0420,0.15653543106618212,scr2000,mustOut,frtRail
BA,h0421,0.14704261036539143,scr2000,mustOut,frtRail
BA,h0422,0.10987750547670001,scr2000,mustOut,frtRail
BA,h0423,0.07923092104336388,scr2000,mustOut,frtRail
BA,h0424,0.0945163444420669,scr2000,mustOut,frtRail
BA,h0425,0.16473186396390527,scr2000,mustOut,frtRail
BA,h0426,0.3281970244032028,scr2000,mustOut,frtRail
BA,h0427,0.4213697591089894,scr2000,mustOut,frtRail
BA,h0428,0.3724970737692319,scr2000,mustOut,frtRail
BA,h0429,0.21161474700811153,scr2000,mustOut,frtRail
BA,h0430,0.1324910890759873,scr2000,mustOut,frtRail
BA,h0431,0.11222459396997475,scr2000,mustOut,frtRail
BA,h0432,0.10230917847357107,scr2000,mustOut,frtRail
BA,h0433,0.05365331873919643,scr2000,mustOut,frtRail
BA,h0434,0.01124319054787848,scr2000,mustOut,frtRail
BA,h0435,0.0,scr2000,mustOut,frtRail
BA,h0436,0.0,scr2000,mustOut,frtRail
BA,h0437,0.0,scr2000,mustOut,frtRail
BA,h0438,0.0036388652621870865,scr2000,mustOut,frtRail
BA,h0439,0.012303813553396619,scr2000,mustOut,frtRail
BA,h0440,0.055011556031241284,scr2000,mustOut,frtRail
BA,h0441,0.1041221486401611,scr2000,mustOut,frtRail
BA,h0442,0.2087577786316178,scr2000,mustOut,frtRail
BA,h0443,0.26484248333382215,scr2000,mustOut,frtRail
BA,h0444,0.2664504364788206,scr2000,mustOut,frtRail
BA,h0445,0.17546503163144642,scr2000,mustOut,frtRail
BA,h0446,0.10957395632540362,scr2000,mustOut,frtRail
BA,h0447,0.07923092104336388,scr2000,mustOut,frtRail
BA,h0448,0.0945163444420669,scr2000,mustOut,frtRail
BA,h0449,0.16473186396390527,scr2000,mustOut,frtRail
BA,h0450,0.3281970244032028,scr2000,mustOut,frtRail
BA,h0451,0.4265226647378644,scr2000,mustOut,frtRail
BA,h0452,0.338048647625099,scr2000,mustOut,frtRail
BA,h0453,0.15194976078086125,scr2000,mustOut,frtRail
BA,h0454,0.05457303760567398,scr2000,mustOut,frtRail
BA,h0455,0.022019422693934546,scr2000,mustOut,frtRail
BA,h0456,0.01295664413269369,scr2000,mustOut,frtRail
BA,h0457,0.004991174441476271,scr2000,mustOut,frtRail
BA,h0458,0.001124582343364059,scr2000,mustOut,frtRail
BA,h0459,0.0,scr2000,mustOut,frtRail
BA,h0460,0.0,scr2000,mustOut,frtRail
BA,h0461,0.0,scr2000,mustOut,frtRail
BA,h0462,0.0036388652621870865,scr2000,mustOut,frtRail
BA,h0463,0.06145443081357116,scr2000,mustOut,frtRail
BA,h0464,0.2850548521204254,scr2000,mustOut,frtRail
BA,h0465,0.38996443915173806,scr2000,mustOut,frtRail
BA,h0466,0.2855953271303958,scr2000,mustOut,frtRail
BA,h0467,0.09233244953886621,scr2000,mustOut,frtRail
BA,h0468,0.05034449510938097,scr2000,mustOut,frtRail
BA,h0469,0.05518162775144532,scr2000,mustOut,frtRail
BA,h0470,0.0703142591896094,scr2000,mustOut,frtRail
BA,h0471,0.07923092104336388,scr2000,mustOut,frtRail
BA,h0472,0.0945163444420669,scr2000,mustOut,frtRail
BA,h0473,0.16473186396390527,scr2000,mustOut,frtRail
BA,h0474,0.3281970244032028,scr2000,mustOut,frtRail
BA,h0475,0.4265226647378644,scr2000,mustOut,frtRail
BA,h0476,0.338048647625099,scr2000,mustOut,frtRail
BA,h0477,0.15194976078086125,scr2000,mustOut,frtRail
BA,h0478,0.05457303760567398,scr2000,mustOut,frtRail
BA,h0479,0.022019422693934546,scr2000,mustOut,frtRail
BA,h0480,0.01295664413269369,scr2000,mustOut,frtRail
BA,h0481,0.004991174441476271,scr2000,mustOut,frtRail
BA,h0482,0.001124582343364059,scr2000,mustOut,frtRail
BA,h0483,0.0,scr2000,mustOut,frtRail
BA,h0484,0.0,scr2000,mustOut,frtRail
BA,h0485,0.0,scr2000,mustOut,frtRail
BA,h0486,0.0036388652621870865,scr2000,mustOut,frtRail
BA,h0487,0.06145443081357116,scr2000,mustOut,frtRail
BA,h0488,0.2850548521204254,scr2000,mustOut,frtRail
BA,h0489,0.38996443915173806,scr2000,mustOut,frtRail
BA,h0490,0.2855953271303958,scr2000,mustOut,frtRail
BA,h0491,0.09233244953886621,scr2000,mustOut,frtRail
BA,h0492,0.05034449510938097,scr2000,mustOut,frtRail
BA,h0493,0.09561720743219179,scr2000,mustOut,frtRail
BA,h0494,0.16200365972689867,scr2000,mustOut,frtRail
BA,h0495,0.247237767850855,scr2000,mustOut,frtRail
BA,h0496,0.23506916267014225,scr2000,mustOut,frtRail
BA,h0497,0.28182417015983535,scr2000,mustOut,frtRail
BA,h0498,0.3406680510819283,scr2000,mustOut,frtRail
BA,h0499,0.40173228234220565,scr2000,mustOut,frtRail
BA,h0500,0.3001008518792109,scr2000,mustOut,frtRail
BA,h0501,0.15194976078086125,scr2000,mustOut,frtRail
BA,h0502,0.05457303760567398,scr2000,mustOut,frtRail
BA,h0503,0.022019422693934546,scr2000,mustOut,frtRail
BA,h0504,0.01295664413269369,scr2000,mustOut,frtRail
AL,h0337,0.004991174441476271,scr2000,mustOut,frtRail
AL,h0338,0.001124582343364059,scr2000,mustOut,frtRail
AL,h0339,0.0,scr2000,mustOut,frtRail
AL,h0340,0.0,scr2000,mustOut,frtRail
AL,h0341,0.0008277996876940328,scr2000,mustOut,frtRail
AL,h0342,0.002902760757288197,scr2000,mustOut,frtRail
AL,h0343,0.0589595954704857,scr2000,mustOut,frtRail
AL,h0344,0.26770254822400014,scr2000,mustOut,frtRail
AL,h0345,0.38996443915173806,scr2000,mustOut,frtRail
AL,h0346,0.2855953271303958,scr2000,mustOut,frtRail
AL,h0347,0.09233244953886621,scr2000,mustOut,frtRail
AL,h0348,0.05034449510938097,scr2000,mustOut,frtRail
AL,h0349,0.10104675924386658,scr2000,mustOut,frtRail
AL,h0350,0.1687394200145734,scr2000,mustOut,frtRail
AL,h0351,0.23230650210312623,scr2000,mustOut,frtRail
AL,h0352,0.2620142078227696,scr2000,mustOut,frtRail
AL,h0353,0.336633131767583,scr2000,mustOut,frtRail
AL,h0354,0.43776030720753084,scr2000,mustOut,frtRail
AL,h0355,0.43971642,scr2000,mustOut,frtRail
AL,h0356,0.3081425209552586,scr2000,mustOut,frtRail
AL,h0357,0.15194976078086125,scr2000,mustOut,frtRail
AL,h0358,0.05457303760567398,scr2000,mustOut,frtRail
AL,h0359,0.022019422693934546,scr2000,mustOut,frtRail
AL,h0360,0.01295664413269369,scr2000,mustOut,frtRail
AL,h0361,0.004991174441476271,scr2000,mustOut,frtRail
AL,h0362,0.001124582343364059,scr2000,mustOut,frtRail
AL,h0363,0.0,scr2000,mustOut,frtRail
AL,h0364,0.0,scr2000,mustOut,frtRail
AL,h0365,0.00010400137801255494,scr2000,mustOut,frtRail
AL,h0366,0.0009235550108104215,scr2000,mustOut,frtRail
AL,h0367,0.04947256332769487,scr2000,mustOut,frtRail
AL,h0368,0.2614516381921459,scr2000,mustOut,frtRail
AL,h0369,0.38996443915173806,scr2000,mustOut,frtRail
AL,h0370,0.2855953271303958,scr2000,mustOut,frtRail
AL,h0371,0.09233244953886621,scr2000,mustOut,frtRail
AL,h0372,0.05034449510938097,scr2000,mustOut,frtRail
AL,h0373,0.05518162775144532,scr2000,mustOut,frtRail
AL,h0374,0.0703142591896094,scr2000,mustOut,frtRail
AL,h0375,0.07923092104336388,scr2000,mustOut,frtRail
AL,h0376,0.0945163444420669,scr2000,mustOut,frtRail
AL,h0377,0.16473186396390527,scr2000,mustOut,frtRail
AL,h0378,0.3281970244032028,scr2000,mustOut,frtRail
AL,h0379,0.4265226647378644,scr2000,mustOut,frtRail
AL,h0380,0.338048647625099,scr2000,mustOut,frtRail
AL,h0381,0.15194976078086125,scr2000,mustOut,frtRail
AL,h0382,0.05457303760567398,scr2000,mustOut,frtRail
AL,h0383,0.022019422693934546,scr2000,mustOut,frtRail
AL,h0384,0.01295664413269369,scr2000,mustOut,frtRail
AL,h0385,0.004991174441476271,scr2000,mustOut,frtRail
AL,h0386,0.001124582343364059,scr2000,mustOut,frtRail
AL,h0387,0.0,scr2000,mustOut,frtRail
AL,h0388,0.0,scr2000,mustOut,frtRail
AL,h0389,0.0,scr2000,mustOut,frtRail
AL,h0390,0.0036388652621870865,scr2000,mustOut,frtRail
AL,h0391,0.06145443081357116,scr2000,mustOut,frtRail
AL,h0392,0.2850548521204254,scr2000,mustOut,frtRail
AL,h0393,0.38996443915173806,scr2000,mustOut,frtRail
AL,h0394,0.2855953271303958,scr2000,mustOut,frtRail
AL,h0395,0.09233244953886621,scr2000,mustOut,frtRail
AL,h0396,0.05034449510938097,scr2000,mustOut,frtRail
AL,h0397,0.05518162775144532,scr2000,mustOut,frtRail
AL,h0398,0.0703142591896094,scr2000,mustOut,frtRail
AL,h0399,0.07923092104336388,scr2000,mustOut,frtRail
AL,h0400,0.0945163444420669,scr2000,mustOut,frtRail
AL,h0401,0.16473186396390527,scr2000,mustOut,frtRail
AL,h0402,0.3281970244032028,scr2000,mustOut,frtRail
AL,h0403,0.4314165142327533,scr2000,mustOut,frtRail
AL,h0404,0.40610729142520174,scr2000,mustOut,frtRail
AL,h0405,0.2508823817454351,scr2000,mustOut,frtRail
AL,h0406,0.1558952461266323,scr2000,mustOut,frtRail
AL,h0407,0.0757906618032289,scr2000,mustOut,frtRail
AL,h0408,0.03284670912305344,scr2000,mustOut,frtRail
AL,h0409,0.007314976979800423,scr2000,mustOut,frtRail
AL,h0410,0.0007731819843502392,scr2000,mustOut,frtRail
AL,h0411,0.0,scr2000,mustOut,frtRail
AL,h0412,0.0,scr2000,mustOut,frtRail
AL,h0413,0.0,scr2000,mustOut,frtRail
AL,h0414,0.0036388652621870865,scr2000,mustOut,frtRail
AL,h0415,0.012588365480795543,scr2000,mustOut,frtRail
AL,h0416,0.029537604269125682,scr2000,mustOut,frtRail
AL,h0417,0.04083500513507148,scr2000,mustOut,frtRail
AL,h0418,0.06316010496926065,scr2000,mustOut,frtRail
AL,h0419,0.11313622203522451,scr2000,mustOut,frtRail
AL,h0420,0.15653543106618212,scr2000,mustOut,frtRail
AL,h0421,0.14704261036539143,scr2000,mustOut,frtRail
AL,h0422,0.10987750547670001,scr2000,mustOut,frtRail
AL,h0423,0.07923092104336388,scr2000,mustOut,frtRail
AL,h0424,0.0945163444420669,scr2000,mustOut,frtRail
AL,h0425,0.16473186396390527,scr2000,mustOut,frtRail
AL,h0426,0.3281970244032028,scr2000,mustOut,frtRail
AL,h0427,0.4213697591089894,scr2000,mustOut,frtRail
AL,h0428,0.3724970737692319,scr2000,mustOut,frtRail
AL,h0429,0.21161474700811153,scr2000,mustOut,frtRail
AL,h0430,0.1324910890759873,scr2000,mustOut,frtRail
AL,h0431,0.11222459396997475,scr2000,mustOut,frtRail
AL,h0432,0.10230917847357107,scr2000,mustOut,frtRail
AL,h0433,0.05365331873919643,scr2000,mustOut,frtRail
AL,h0434,0.01124319054787848,scr2000,mustOut,frtRail
AL,h0435,0.0,scr2000,mustOut,frtRail
AL,h0436,0.0,scr2000,mustOut,frtRail
AL,h0437,0.0,scr2000,mustOut,frtRail
AL,h0438,0.0036388652621870865,scr2000,mustOut,frtRail
AL,h0439,0.012303813553396619,scr2000,mustOut,frtRail
AL,h0440,0.055011556031241284,scr2000,mustOut,frtRail
AL,h0441,0.1041221486401611,scr2000,mustOut,frtRail
AL,h0442,0.2087577786316178,scr2000,mustOut,frtRail
AL,h0443,0.26484248333382215,scr2000,mustOut,frtRail
AL,h0444,0.2664504364788206,scr2000,mustOut,frtRail
AL,h0445,0.17546503163144642,scr2000,mustOut,frtRail
AL,h0446,0.10957395632540362,scr2000,mustOut,frtRail
AL,h0447,0.07923092104336388,scr2000,mustOut,frtRail
AL,h0448,0.0945163444420669,scr2000,mustOut,frtRail
AL,h0449,0.16473186396390527,scr2000,mustOut,frtRail
AL,h0450,0.3281970244032028,scr2000,mustOut,frtRail
AL,h0451,0.4265226647378644,scr2000,mustOut,frtRail
AL,h0452,0.338048647625099,scr2000,mustOut,frtRail
AL,h0453,0.15194976078086125,scr2000,mustOut,frtRail
AL,h0454,0.05457303760567398,scr2000,mustOut,frtRail
AL,h0455,0.022019422693934546,scr2000,mustOut,frtRail
AL,h0456,0.01295664413269369,scr2000,mustOut,frtRail
AL,h0457,0.004991174441476271,scr2000,mustOut,frtRail
AL,h0458,0.001124582343364059,scr2000,mustOut,frtRail
AL,h0459,0.0,scr2000,mustOut,frtRail
AL,h0460,0.0,scr2000,mustOut,frtRail
AL,h0461,0.0,scr2000,mustOut,frtRail
AL,h0462,0.0036388652621870865,scr2000,mustOut,frtRail
AL,h0463,0.06145443081357116,scr2000,mustOut,frtRail
AL,h0464,0.2850548521204254,scr2000,mustOut,frtRail
AL,h0465,0.38996443915173806,scr2000,mustOut,frtRail
AL,h0466,0.2855953271303958,scr2000,mustOut,frtRail
AL,h0467,0.09233244953886621,scr2000,mustOut,frtRail
AL,h0468,0.05034449510938097,scr2000,mustOut,frtRail
AL,h0469,0.05518162775144532,scr2000,mustOut,frtRail
AL,h0470,0.0703142591896094,scr2000,mustOut,frtRail
AL,h0471,0.07923092104336388,scr2000,mustOut,frtRail
AL,h0472,0.0945163444420669,scr2000,mustOut,frtRail
AL,h0473,0.16473186396390527,scr2000,mustOut,frtRail
AL,h0474,0.3281970244032028,scr2000,mustOut,frtRail
AL,h0475,0.4265226647378644,scr2000,mustOut,frtRail
AL,h0476,0.338048647625099,scr2000,mustOut,frtRail
AL,h0477,0.15194976078086125,scr2000,mustOut,frtRail
AL,h0478,0.05457303760567398,scr2000,mustOut,frtRail
AL,h0479,0.022019422693934546,scr2000,mustOut,frtRail
AL,h0480,0.01295664413269369,scr2000,mustOut,frtRail
AL,h0481,0.004991174441476271,scr2000,mustOut,frtRail
AL,h0482,0.001124582343364059,scr2000,mustOut,frtRail
AL,h0483,0.0,scr2000,mustOut,frtRail
AL,h0484,0.0,scr2000,mustOut,frtRail
AL,h0485,0.0,scr2000,mustOut,frtRail
AL,h0486,0.0036388652621870865,scr2000,mustOut,frtRail
AL,h0487,0.06145443081357116,scr2000,mustOut,frtRail
AL,h0488,0.2850548521204254,scr2000,mustOut,frtRail
AL,h0489,0.38996443915173806,scr2000,mustOut,frtRail
AL,h0490,0.2855953271303958,scr2000,mustOut,frtRail
AL,h0491,0.09233244953886621,scr2000,mustOut,frtRail
AL,h0492,0.05034449510938097,scr2000,mustOut,frtRail
AL,h0493,0.09561720743219179,scr2000,mustOut,frtRail
AL,h0494,0.16200365972689867,scr2000,mustOut,frtRail
AL,h0495,0.247237767850855,scr2000,mustOut,frtRail
AL,h0496,0.23506916267014225,scr2000,mustOut,frtRail
AL,h0497,0.28182417015983535,scr2000,mustOut,frtRail
AL,h0498,0.3406680510819283,scr2000,mustOut,frtRail
AL,h0499,0.40173228234220565,scr2000,mustOut,frtRail
AL,h0500,0.3001008518792109,scr2000,mustOut,frtRail
AL,h0501,0.15194976078086125,scr2000,mustOut,frtRail
AL,h0502,0.05457303760567398,scr2000,mustOut,frtRail
AL,h0503,0.022019422693934546,scr2000,mustOut,frtRail
AL,h0504,0.01295664413269369,scr2000,mustOut,frtRail
