region_1,timestep_6,value,scenario_1,parameter,technology_3
AT,h0145,1.9246492460074751,scr2081,stInflow,reservoir
AT,h0146,1.9735440342293031,scr2081,stInflow,reservoir
AT,h0147,2.0224627053402666,scr2081,stInflow,reservoir
AT,h0148,2.0224627053402666,scr2081,stInflow,reservoir
AT,h0149,2.0224627053402666,scr2081,stInflow,reservoir
AT,h0150,2.0224627053402666,scr2081,stInflow,reservoir
AT,h0151,2.0224627053402666,scr2081,stInflow,reservoir
AT,h0152,2.0224627053402666,scr2081,stInflow,reservoir
AT,h0153,2.0224627053402666,scr2081,stInflow,reservoir
AT,h0154,2.0224627053402666,scr2081,stInflow,reservoir
AT,h0155,2.0224627053402666,scr2081,stInflow,reservoir
AT,h0156,2.0224627053402666,scr2081,stInflow,reservoir
AT,h0157,1.9130761280307538,scr2081,stInflow,reservoir
AT,h0158,1.8038127163467115,scr2081,stInflow,reservoir
AT,h0159,1.6946796365853565,scr2081,stInflow,reservoir
AT,h0160,1.6946796365853565,scr2081,stInflow,reservoir
AT,h0161,1.6946796365853565,scr2081,stInflow,reservoir
AT,h0162,1.6946796365853565,scr2081,stInflow,reservoir
AT,h0163,1.6946796365853565,scr2081,stInflow,reservoir
AT,h0164,1.6946796365853565,scr2081,stInflow,reservoir
AT,h0165,1.6946796365853565,scr2081,stInflow,reservoir
AT,h0166,1.6946796365853565,scr2081,stInflow,reservoir
AT,h0167,1.6946796365853565,scr2081,stInflow,reservoir
AT,h0168,1.6946796365853565,scr2081,stInflow,reservoir
AT,h0169,1.5640959332900317,scr2081,stInflow,reservoir
AT,h0170,1.4337269355046698,scr2081,stInflow,reservoir
AT,h0171,1.3035914116542087,scr2081,stInflow,reservoir
AT,h0172,1.3035914116542087,scr2081,stInflow,reservoir
AT,h0173,1.3035914116542087,scr2081,stInflow,reservoir
AT,h0174,1.3035914116542087,scr2081,stInflow,reservoir
AT,h0175,1.3035914116542087,scr2081,stInflow,reservoir
AT,h0176,1.3035914116542087,scr2081,stInflow,reservoir
AT,h0177,1.3035914116542087,scr2081,stInflow,reservoir
AT,h0178,1.3035914116542087,scr2081,stInflow,reservoir
AT,h0179,1.3035914116542087,scr2081,stInflow,reservoir
AT,h0180,1.3035914116542087,scr2081,stInflow,reservoir
AT,h0181,1.1171367035808486,scr2081,stInflow,reservoir
AT,h0182,0.9312959397610514,scr2081,stInflow,reservoir
AT,h0183,0.7461877534094732,scr2081,stInflow,reservoir
AT,h0184,0.7461877534094732,scr2081,stInflow,reservoir
AT,h0185,0.7461877534094732,scr2081,stInflow,reservoir
AT,h0186,0.7461877534094732,scr2081,stInflow,reservoir
AT,h0187,0.7461877534094732,scr2081,stInflow,reservoir
AT,h0188,0.7461877534094732,scr2081,stInflow,reservoir
AT,h0189,0.7461877534094732,scr2081,stInflow,reservoir
AT,h0190,0.7461877534094732,scr2081,stInflow,reservoir
AT,h0191,0.7461877534094732,scr2081,stInflow,reservoir
AT,h0192,0.7461877534094732,scr2081,stInflow,reservoir
BG,h0145,0.20003100400954352,scr2081,stInflow,reservoir
BG,h0146,0.20614906314616868,scr2081,stInflow,reservoir
BG,h0147,0.21226714044077657,scr2081,stInflow,reservoir
BG,h0148,0.21226714044077657,scr2081,stInflow,reservoir
BG,h0149,0.21226714044077657,scr2081,stInflow,reservoir
BG,h0150,0.21226714044077657,scr2081,stInflow,reservoir
BG,h0151,0.21226714044077657,scr2081,stInflow,reservoir
BG,h0152,0.21226714044077657,scr2081,stInflow,reservoir
BG,h0153,0.21226714044077657,scr2081,stInflow,reservoir
BG,h0154,0.21226714044077657,scr2081,stInflow,reservoir
BG,h0155,0.21226714044077657,scr2081,stInflow,reservoir
BG,h0156,0.21226714044077657,scr2081,stInflow,reservoir
BG,h0157,0.20129409205967633,scr2081,stInflow,reservoir
BG,h0158,0.1903211035187746,scr2081,stInflow,reservoir
BG,h0159,0.179348178271181,scr2081,stInflow,reservoir
BG,h0160,0.179348178271181,scr2081,stInflow,reservoir
BG,h0161,0.179348178271181,scr2081,stInflow,reservoir
BG,h0162,0.179348178271181,scr2081,stInflow,reservoir
BG,h0163,0.179348178271181,scr2081,stInflow,reservoir
BG,h0164,0.179348178271181,scr2081,stInflow,reservoir
BG,h0165,0.179348178271181,scr2081,stInflow,reservoir
BG,h0166,0.179348178271181,scr2081,stInflow,reservoir
BG,h0167,0.179348178271181,scr2081,stInflow,reservoir
BG,h0168,0.179348178271181,scr2081,stInflow,reservoir
BG,h0169,0.16594257645633914,scr2081,stInflow,reservoir
BG,h0170,0.15253708304445848,scr2081,stInflow,reservoir
BG,h0171,0.13913170758401888,scr2081,stInflow,reservoir
BG,h0172,0.13913170758401888,scr2081,stInflow,reservoir
BG,h0173,0.13913170758401888,scr2081,stInflow,reservoir
BG,h0174,0.13913170758401888,scr2081,stInflow,reservoir
BG,h0175,0.13913170758401888,scr2081,stInflow,reservoir
BG,h0176,0.13913170758401888,scr2081,stInflow,reservoir
BG,h0177,0.13913170758401888,scr2081,stInflow,reservoir
BG,h0178,0.13913170758401888,scr2081,stInflow,reservoir
BG,h0179,0.13913170758401888,scr2081,stInflow,reservoir
BG,h0180,0.13913170758401888,scr2081,stInflow,reservoir
BG,h0181,0.11873685112480069,scr2081,stInflow,reservoir
BG,h0182,0.09834234667984372,scr2081,stInflow,reservoir
BG,h0183,0.07794826821470026,scr2081,stInflow,reservoir
BG,h0184,0.07794826821470026,scr2081,stInflow,reservoir
BG,h0185,0.07794826821470026,scr2081,stInflow,reservoir
BG,h0186,0.07794826821470026,scr2081,stInflow,reservoir
BG,h0187,0.07794826821470026,scr2081,stInflow,reservoir
BG,h0188,0.07794826821470026,scr2081,stInflow,reservoir
BG,h0189,0.07794826821470026,scr2081,stInflow,reservoir
BG,h0190,0.07794826821470026,scr2081,stInflow,reservoir
BG,h0191,0.07794826821470026,scr2081,stInflow,reservoir
BG,h0192,0.07794826821470026,scr2081,stInflow,reservoir
CH,h0145,3.6572099375745677,scr2081,stInflow,reservoir
CH,h0146,3.7691561688038457,scr2081,stInflow,reservoir
CH,h0147,3.8811679608610414,scr2081,stInflow,reservoir
CH,h0148,3.8811679608610414,scr2081,stInflow,reservoir
CH,h0149,3.8811679608610414,scr2081,stInflow,reservoir
CH,h0150,3.8811679608610414,scr2081,stInflow,reservoir
CH,h0151,3.8811679608610414,scr2081,stInflow,reservoir
CH,h0152,3.8811679608610414,scr2081,stInflow,reservoir
CH,h0153,3.8811679608610414,scr2081,stInflow,reservoir
CH,h0154,3.8811679608610414,scr2081,stInflow,reservoir
CH,h0155,3.8811679608610414,scr2081,stInflow,reservoir
CH,h0156,3.8811679608610414,scr2081,stInflow,reservoir
CH,h0157,3.5849810834336293,scr2081,stInflow,reservoir
CH,h0158,3.2892761212465147,scr2081,stInflow,reservoir
CH,h0159,2.9940947218825986,scr2081,stInflow,reservoir
CH,h0160,2.9940947218825986,scr2081,stInflow,reservoir
CH,h0161,2.9940947218825986,scr2081,stInflow,reservoir
CH,h0162,2.9940947218825986,scr2081,stInflow,reservoir
CH,h0163,2.9940947218825986,scr2081,stInflow,reservoir
CH,h0164,2.9940947218825986,scr2081,stInflow,reservoir
CH,h0165,2.9940947218825986,scr2081,stInflow,reservoir
CH,h0166,2.9940947218825986,scr2081,stInflow,reservoir
CH,h0167,2.9940947218825986,scr2081,stInflow,reservoir
CH,h0168,2.9940947218825986,scr2081,stInflow,reservoir
CH,h0169,2.63975722481341,scr2081,stInflow,reservoir
CH,h0170,2.286357165939582,scr2081,stInflow,reservoir
CH,h0171,1.9340343223601606,scr2081,stInflow,reservoir
CH,h0172,1.9340343223601606,scr2081,stInflow,reservoir
CH,h0173,1.9340343223601606,scr2081,stInflow,reservoir
CH,h0174,1.9340343223601606,scr2081,stInflow,reservoir
CH,h0175,1.9340343223601606,scr2081,stInflow,reservoir
CH,h0176,1.9340343223601606,scr2081,stInflow,reservoir
CH,h0177,1.9340343223601606,scr2081,stInflow,reservoir
CH,h0178,1.9340343223601606,scr2081,stInflow,reservoir
CH,h0179,1.9340343223601606,scr2081,stInflow,reservoir
CH,h0180,1.9340343223601606,scr2081,stInflow,reservoir
CH,h0181,1.4988455208508233,scr2081,stInflow,reservoir
CH,h0182,1.0661667952338516,scr2081,stInflow,reservoir
CH,h0183,0.6370167082916763,scr2081,stInflow,reservoir
CH,h0184,0.6370167082916763,scr2081,stInflow,reservoir
CH,h0185,0.6370167082916763,scr2081,stInflow,reservoir
CH,h0186,0.6370167082916763,scr2081,stInflow,reservoir
CH,h0187,0.6370167082916763,scr2081,stInflow,reservoir
CH,h0188,0.6370167082916763,scr2081,stInflow,reservoir
CH,h0189,0.6370167082916763,scr2081,stInflow,reservoir
CH,h0190,0.6370167082916763,scr2081,stInflow,reservoir
CH,h0191,0.6370167082916763,scr2081,stInflow,reservoir
CH,h0192,0.6370167082916763,scr2081,stInflow,reservoir
ES,h0145,8.021031202833514,scr2081,stInflow,reservoir
ES,h0146,8.156490968461423,scr2081,stInflow,reservoir
ES,h0147,8.292016907849279,scr2081,stInflow,reservoir
ES,h0148,8.292016907849279,scr2081,stInflow,reservoir
ES,h0149,8.292016907849279,scr2081,stInflow,reservoir
ES,h0150,8.292016907849279,scr2081,stInflow,reservoir
ES,h0151,8.292016907849279,scr2081,stInflow,reservoir
ES,h0152,8.292016907849279,scr2081,stInflow,reservoir
ES,h0153,8.292016907849279,scr2081,stInflow,reservoir
ES,h0154,8.292016907849279,scr2081,stInflow,reservoir
ES,h0155,8.292016907849279,scr2081,stInflow,reservoir
ES,h0156,8.292016907849279,scr2081,stInflow,reservoir
ES,h0157,7.946908465217538,scr2081,stInflow,reservoir
ES,h0158,7.602240271105588,scr2081,stInflow,reservoir
ES,h0159,7.258031229444749,scr2081,stInflow,reservoir
ES,h0160,7.258031229444749,scr2081,stInflow,reservoir
ES,h0161,7.258031229444749,scr2081,stInflow,reservoir
ES,h0162,7.258031229444749,scr2081,stInflow,reservoir
ES,h0163,7.258031229444749,scr2081,stInflow,reservoir
ES,h0164,7.258031229444749,scr2081,stInflow,reservoir
ES,h0165,7.258031229444749,scr2081,stInflow,reservoir
ES,h0166,7.258031229444749,scr2081,stInflow,reservoir
ES,h0167,7.258031229444749,scr2081,stInflow,reservoir
ES,h0168,7.258031229444749,scr2081,stInflow,reservoir
ES,h0169,6.828858610467654,scr2081,stInflow,reservoir
ES,h0170,6.400478938606158,scr2081,stInflow,reservoir
ES,h0171,5.972942545716421,scr2081,stInflow,reservoir
ES,h0172,5.972942545716421,scr2081,stInflow,reservoir
ES,h0173,5.972942545716421,scr2081,stInflow,reservoir
ES,h0174,5.972942545716421,scr2081,stInflow,reservoir
ES,h0175,5.972942545716421,scr2081,stInflow,reservoir
ES,h0176,5.972942545716421,scr2081,stInflow,reservoir
ES,h0177,5.972942545716421,scr2081,stInflow,reservoir
ES,h0178,5.972942545716421,scr2081,stInflow,reservoir
ES,h0179,5.972942545716421,scr2081,stInflow,reservoir
ES,h0180,5.972942545716421,scr2081,stInflow,reservoir
ES,h0181,5.031125544727544,scr2081,stInflow,reservoir
ES,h0182,4.094512592042392,scr2081,stInflow,reservoir
ES,h0183,3.164248485984236,scr2081,stInflow,reservoir
ES,h0184,3.164248485984236,scr2081,stInflow,reservoir
ES,h0185,3.164248485984236,scr2081,stInflow,reservoir
ES,h0186,3.164248485984236,scr2081,stInflow,reservoir
ES,h0187,3.164248485984236,scr2081,stInflow,reservoir
ES,h0188,3.164248485984236,scr2081,stInflow,reservoir
ES,h0189,3.164248485984236,scr2081,stInflow,reservoir
ES,h0190,3.164248485984236,scr2081,stInflow,reservoir
ES,h0191,3.164248485984236,scr2081,stInflow,reservoir
ES,h0192,3.164248485984236,scr2081,stInflow,reservoir
FR,h0145,3.6516700269101188,scr2081,stInflow,reservoir
FR,h0146,3.6887548468836777,scr2081,stInflow,reservoir
FR,h0147,3.7258470789043514,scr2081,stInflow,reservoir
FR,h0148,3.7258470789043514,scr2081,stInflow,reservoir
FR,h0149,3.7258470789043514,scr2081,stInflow,reservoir
FR,h0150,3.7258470789043514,scr2081,stInflow,reservoir
FR,h0151,3.7258470789043514,scr2081,stInflow,reservoir
FR,h0152,3.7258470789043514,scr2081,stInflow,reservoir
FR,h0153,3.7258470789043514,scr2081,stInflow,reservoir
FR,h0154,3.7258470789043514,scr2081,stInflow,reservoir
FR,h0155,3.7258470789043514,scr2081,stInflow,reservoir
FR,h0156,3.7258470789043514,scr2081,stInflow,reservoir
FR,h0157,3.625618549884261,scr2081,stInflow,reservoir
FR,h0158,3.525445078085243,scr2081,stInflow,reservoir
FR,h0159,3.4253281795616375,scr2081,stInflow,reservoir
FR,h0160,3.4253281795616375,scr2081,stInflow,reservoir
FR,h0161,3.4253281795616375,scr2081,stInflow,reservoir
FR,h0162,3.4253281795616375,scr2081,stInflow,reservoir
FR,h0163,3.4253281795616375,scr2081,stInflow,reservoir
FR,h0164,3.4253281795616375,scr2081,stInflow,reservoir
FR,h0165,3.4253281795616375,scr2081,stInflow,reservoir
FR,h0166,3.4253281795616375,scr2081,stInflow,reservoir
FR,h0167,3.4253281795616375,scr2081,stInflow,reservoir
FR,h0168,3.4253281795616375,scr2081,stInflow,reservoir
FR,h0169,3.273011629590954,scr2081,stInflow,reservoir
FR,h0170,3.1208360453474033,scr2081,stInflow,reservoir
FR,h0171,2.9688080965515344,scr2081,stInflow,reservoir
FR,h0172,2.9688080965515344,scr2081,stInflow,reservoir
FR,h0173,2.9688080965515344,scr2081,stInflow,reservoir
FR,h0174,2.9688080965515344,scr2081,stInflow,reservoir
FR,h0175,2.9688080965515344,scr2081,stInflow,reservoir
FR,h0176,2.9688080965515344,scr2081,stInflow,reservoir
FR,h0177,2.9688080965515344,scr2081,stInflow,reservoir
FR,h0178,2.9688080965515344,scr2081,stInflow,reservoir
FR,h0179,2.9688080965515344,scr2081,stInflow,reservoir
FR,h0180,2.9688080965515344,scr2081,stInflow,reservoir
FR,h0181,2.6617057533297093,scr2081,stInflow,reservoir
FR,h0182,2.355309994630659,scr2081,stInflow,reservoir
FR,h0183,2.049710574530927,scr2081,stInflow,reservoir
FR,h0184,2.049710574530927,scr2081,stInflow,reservoir
FR,h0185,2.049710574530927,scr2081,stInflow,reservoir
FR,h0186,2.049710574530927,scr2081,stInflow,reservoir
FR,h0187,2.049710574530927,scr2081,stInflow,reservoir
FR,h0188,2.049710574530927,scr2081,stInflow,reservoir
FR,h0189,2.049710574530927,scr2081,stInflow,reservoir
FR,h0190,2.049710574530927,scr2081,stInflow,reservoir
FR,h0191,2.049710574530927,scr2081,stInflow,reservoir
FR,h0192,2.049710574530927,scr2081,stInflow,reservoir
IT,h0145,0.9448542843030215,scr2081,stInflow,reservoir
IT,h0146,0.9658052660193391,scr2081,stInflow,reservoir
IT,h0147,0.9867562931847025,scr2081,stInflow,reservoir
IT,h0148,0.9867562931847025,scr2081,stInflow,reservoir
IT,h0149,0.9867562931847025,scr2081,stInflow,reservoir
IT,h0150,0.9867562931847025,scr2081,stInflow,reservoir
IT,h0151,0.9867562931847025,scr2081,stInflow,reservoir
IT,h0152,0.9867562931847025,scr2081,stInflow,reservoir
IT,h0153,0.9867562931847025,scr2081,stInflow,reservoir
IT,h0154,0.9867562931847025,scr2081,stInflow,reservoir
IT,h0155,0.9867562931847025,scr2081,stInflow,reservoir
IT,h0156,0.9867562931847025,scr2081,stInflow,reservoir
IT,h0157,0.9395180367095298,scr2081,stInflow,reservoir
IT,h0158,0.8922800178278241,scr2081,stInflow,reservoir
IT,h0159,0.8450422491273036,scr2081,stInflow,reservoir
IT,h0160,0.8450422491273036,scr2081,stInflow,reservoir
IT,h0161,0.8450422491273036,scr2081,stInflow,reservoir
IT,h0162,0.8450422491273036,scr2081,stInflow,reservoir
IT,h0163,0.8450422491273036,scr2081,stInflow,reservoir
IT,h0164,0.8450422491273036,scr2081,stInflow,reservoir
IT,h0165,0.8450422491273036,scr2081,stInflow,reservoir
IT,h0166,0.8450422491273036,scr2081,stInflow,reservoir
IT,h0167,0.8450422491273036,scr2081,stInflow,reservoir
IT,h0168,0.8450422491273036,scr2081,stInflow,reservoir
IT,h0169,0.7872943177564905,scr2081,stInflow,reservoir
IT,h0170,0.7295468103178503,scr2081,stInflow,reservoir
IT,h0171,0.6717997604300752,scr2081,stInflow,reservoir
IT,h0172,0.6717997604300752,scr2081,stInflow,reservoir
IT,h0173,0.6717997604300752,scr2081,stInflow,reservoir
IT,h0174,0.6717997604300752,scr2081,stInflow,reservoir
IT,h0175,0.6717997604300752,scr2081,stInflow,reservoir
IT,h0176,0.6717997604300752,scr2081,stInflow,reservoir
IT,h0177,0.6717997604300752,scr2081,stInflow,reservoir
IT,h0178,0.6717997604300752,scr2081,stInflow,reservoir
IT,h0179,0.6717997604300752,scr2081,stInflow,reservoir
IT,h0180,0.6717997604300752,scr2081,stInflow,reservoir
IT,h0181,0.5929059389574975,scr2081,stInflow,reservoir
IT,h0182,0.5140131703252996,scr2081,stInflow,reservoir
IT,h0183,0.4351216173031225,scr2081,stInflow,reservoir
IT,h0184,0.4351216173031225,scr2081,stInflow,reservoir
IT,h0185,0.4351216173031225,scr2081,stInflow,reservoir
IT,h0186,0.4351216173031225,scr2081,stInflow,reservoir
IT,h0187,0.4351216173031225,scr2081,stInflow,reservoir
IT,h0188,0.4351216173031225,scr2081,stInflow,reservoir
IT,h0189,0.4351216173031225,scr2081,stInflow,reservoir
IT,h0190,0.4351216173031225,scr2081,stInflow,reservoir
IT,h0191,0.4351216173031225,scr2081,stInflow,reservoir
IT,h0192,0.4351216173031225,scr2081,stInflow,reservoir
ME,h0145,0.23868993074617573,scr2081,stInflow,reservoir
ME,h0146,0.24182465686466442,scr2081,stInflow,reservoir
ME,h0147,0.24495897819470552,scr2081,stInflow,reservoir
ME,h0148,0.24495897819470552,scr2081,stInflow,reservoir
ME,h0149,0.24495897819470552,scr2081,stInflow,reservoir
ME,h0150,0.24495897819470552,scr2081,stInflow,reservoir
ME,h0151,0.24495897819470552,scr2081,stInflow,reservoir
ME,h0152,0.24495897819470552,scr2081,stInflow,reservoir
ME,h0153,0.24495897819470552,scr2081,stInflow,reservoir
ME,h0154,0.24495897819470552,scr2081,stInflow,reservoir
ME,h0155,0.24495897819470552,scr2081,stInflow,reservoir
ME,h0156,0.24495897819470552,scr2081,stInflow,reservoir
ME,h0157,0.22719389245674382,scr2081,stInflow,reservoir
ME,h0158,0.20941494569727637,scr2081,stInflow,reservoir
ME,h0159,0.1916209388412463,scr2081,stInflow,reservoir
ME,h0160,0.1916209388412463,scr2081,stInflow,reservoir
ME,h0161,0.1916209388412463,scr2081,stInflow,reservoir
ME,h0162,0.1916209388412463,scr2081,stInflow,reservoir
ME,h0163,0.1916209388412463,scr2081,stInflow,reservoir
ME,h0164,0.1916209388412463,scr2081,stInflow,reservoir
ME,h0165,0.1916209388412463,scr2081,stInflow,reservoir
ME,h0166,0.1916209388412463,scr2081,stInflow,reservoir
ME,h0167,0.1916209388412463,scr2081,stInflow,reservoir
ME,h0168,0.1916209388412463,scr2081,stInflow,reservoir
ME,h0169,0.17187630594679504,scr2081,stInflow,reservoir
ME,h0170,0.1521090331018285,scr2081,stInflow,reservoir
ME,h0171,0.13231611667122362,scr2081,stInflow,reservoir
ME,h0172,0.13231611667122362,scr2081,stInflow,reservoir
ME,h0173,0.13231611667122362,scr2081,stInflow,reservoir
ME,h0174,0.13231611667122362,scr2081,stInflow,reservoir
ME,h0175,0.13231611667122362,scr2081,stInflow,reservoir
ME,h0176,0.13231611667122362,scr2081,stInflow,reservoir
ME,h0177,0.13231611667122362,scr2081,stInflow,reservoir
ME,h0178,0.13231611667122362,scr2081,stInflow,reservoir
ME,h0179,0.13231611667122362,scr2081,stInflow,reservoir
ME,h0180,0.13231611667122362,scr2081,stInflow,reservoir
ME,h0181,0.11028052822048018,scr2081,stInflow,reservoir
ME,h0182,0.08820088013926289,scr2081,stInflow,reservoir
ME,h0183,0.06606578892164652,scr2081,stInflow,reservoir
ME,h0184,0.06606578892164652,scr2081,stInflow,reservoir
ME,h0185,0.06606578892164652,scr2081,stInflow,reservoir
ME,h0186,0.06606578892164652,scr2081,stInflow,reservoir
ME,h0187,0.06606578892164652,scr2081,stInflow,reservoir
ME,h0188,0.06606578892164652,scr2081,stInflow,reservoir
ME,h0189,0.06606578892164652,scr2081,stInflow,reservoir
ME,h0190,0.06606578892164652,scr2081,stInflow,reservoir
ME,h0191,0.06606578892164652,scr2081,stInflow,reservoir
ME,h0192,0.06606578892164652,scr2081,stInflow,reservoir
NO,h0145,12.954964205594127,scr2081,stInflow,reservoir
NO,h0146,13.315227733750067,scr2081,stInflow,reservoir
NO,h0147,13.675492236772575,scr2081,stInflow,reservoir
NO,h0148,13.675492236772575,scr2081,stInflow,reservoir
NO,h0149,13.675492236772575,scr2081,stInflow,reservoir
NO,h0150,13.675492236772575,scr2081,stInflow,reservoir
NO,h0151,13.675492236772575,scr2081,stInflow,reservoir
NO,h0152,13.675492236772575,scr2081,stInflow,reservoir
NO,h0153,13.675492236772575,scr2081,stInflow,reservoir
NO,h0154,13.675492236772575,scr2081,stInflow,reservoir
NO,h0155,13.675492236772575,scr2081,stInflow,reservoir
NO,h0156,13.675492236772575,scr2081,stInflow,reservoir
NO,h0157,15.58535133701604,scr2081,stInflow,reservoir
NO,h0158,17.495233899873135,scr2081,stInflow,reservoir
NO,h0159,19.40513735343383,scr2081,stInflow,reservoir
NO,h0160,19.40513735343383,scr2081,stInflow,reservoir
NO,h0161,19.40513735343383,scr2081,stInflow,reservoir
NO,h0162,19.40513735343383,scr2081,stInflow,reservoir
NO,h0163,19.40513735343383,scr2081,stInflow,reservoir
NO,h0164,19.40513735343383,scr2081,stInflow,reservoir
NO,h0165,19.40513735343383,scr2081,stInflow,reservoir
NO,h0166,19.40513735343383,scr2081,stInflow,reservoir
NO,h0167,19.40513735343383,scr2081,stInflow,reservoir
NO,h0168,19.40513735343383,scr2081,stInflow,reservoir
NO,h0169,20.7138109429887,scr2081,stInflow,reservoir
NO,h0170,22.02249280583913,scr2081,stInflow,reservoir
NO,h0171,23.331182449814392,scr2081,stInflow,reservoir
NO,h0172,23.331182449814392,scr2081,stInflow,reservoir
NO,h0173,23.331182449814392,scr2081,stInflow,reservoir
NO,h0174,23.331182449814392,scr2081,stInflow,reservoir
NO,h0175,23.331182449814392,scr2081,stInflow,reservoir
NO,h0176,23.331182449814392,scr2081,stInflow,reservoir
NO,h0177,23.331182449814392,scr2081,stInflow,reservoir
NO,h0178,23.331182449814392,scr2081,stInflow,reservoir
NO,h0179,23.331182449814392,scr2081,stInflow,reservoir
NO,h0180,23.331182449814392,scr2081,stInflow,reservoir
NO,h0181,24.20100637163449,scr2081,stInflow,reservoir
NO,h0182,25.070833420284693,scr2081,stInflow,reservoir
NO,h0183,25.940663487251683,scr2081,stInflow,reservoir
NO,h0184,25.940663487251683,scr2081,stInflow,reservoir
NO,h0185,25.940663487251683,scr2081,stInflow,reservoir
NO,h0186,25.940663487251683,scr2081,stInflow,reservoir
NO,h0187,25.940663487251683,scr2081,stInflow,reservoir
NO,h0188,25.940663487251683,scr2081,stInflow,reservoir
NO,h0189,25.940663487251683,scr2081,stInflow,reservoir
NO,h0190,25.940663487251683,scr2081,stInflow,reservoir
NO,h0191,25.940663487251683,scr2081,stInflow,reservoir
NO,h0192,25.940663487251683,scr2081,stInflow,reservoir
PT,h0145,3.8951187042698843,scr2081,stInflow,reservoir
PT,h0146,3.9643598920133316,scr2081,stInflow,reservoir
PT,h0147,4.033613177586255,scr2081,stInflow,reservoir
PT,h0148,4.033613177586255,scr2081,stInflow,reservoir
PT,h0149,4.033613177586255,scr2081,stInflow,reservoir
PT,h0150,4.033613177586255,scr2081,stInflow,reservoir
PT,h0151,4.033613177586255,scr2081,stInflow,reservoir
PT,h0152,4.033613177586255,scr2081,stInflow,reservoir
PT,h0153,4.033613177586255,scr2081,stInflow,reservoir
PT,h0154,4.033613177586255,scr2081,stInflow,reservoir
PT,h0155,4.033613177586255,scr2081,stInflow,reservoir
PT,h0156,4.033613177586255,scr2081,stInflow,reservoir
PT,h0157,3.757333898849532,scr2081,stInflow,reservoir
PT,h0158,3.4812578289326375,scr2081,stInflow,reservoir
PT,h0159,3.2054007837392358,scr2081,stInflow,reservoir
PT,h0160,3.2054007837392358,scr2081,stInflow,reservoir
PT,h0161,3.2054007837392358,scr2081,stInflow,reservoir
PT,h0162,3.2054007837392358,scr2081,stInflow,reservoir
PT,h0163,3.2054007837392358,scr2081,stInflow,reservoir
PT,h0164,3.2054007837392358,scr2081,stInflow,reservoir
PT,h0165,3.2054007837392358,scr2081,stInflow,reservoir
PT,h0166,3.2054007837392358,scr2081,stInflow,reservoir
PT,h0167,3.2054007837392358,scr2081,stInflow,reservoir
PT,h0168,3.2054007837392358,scr2081,stInflow,reservoir
PT,h0169,2.879118768938868,scr2081,stInflow,reservoir
PT,h0170,2.553206959729585,scr2081,stInflow,reservoir
PT,h0171,2.227711859632573,scr2081,stInflow,reservoir
PT,h0172,2.227711859632573,scr2081,stInflow,reservoir
PT,h0173,2.227711859632573,scr2081,stInflow,reservoir
PT,h0174,2.227711859632573,scr2081,stInflow,reservoir
PT,h0175,2.227711859632573,scr2081,stInflow,reservoir
PT,h0176,2.227711859632573,scr2081,stInflow,reservoir
PT,h0177,2.227711859632573,scr2081,stInflow,reservoir
PT,h0178,2.227711859632573,scr2081,stInflow,reservoir
PT,h0179,2.227711859632573,scr2081,stInflow,reservoir
PT,h0180,2.227711859632573,scr2081,stInflow,reservoir
PT,h0181,1.792061352871319,scr2081,stInflow,reservoir
PT,h0182,1.3574782208173028,scr2081,stInflow,reservoir
PT,h0183,0.9243069054402976,scr2081,stInflow,reservoir
PT,h0184,0.9243069054402976,scr2081,stInflow,reservoir
PT,h0185,0.9243069054402976,scr2081,stInflow,reservoir
PT,h0186,0.9243069054402976,scr2081,stInflow,reservoir
PT,h0187,0.9243069054402976,scr2081,stInflow,reservoir
PT,h0188,0.9243069054402976,scr2081,stInflow,reservoir
PT,h0189,0.9243069054402976,scr2081,stInflow,reservoir
PT,h0190,0.9243069054402976,scr2081,stInflow,reservoir
PT,h0191,0.9243069054402976,scr2081,stInflow,reservoir
PT,h0192,0.9243069054402976,scr2081,stInflow,reservoir
RO,h0145,1.5055491230897424,scr2081,stInflow,reservoir
RO,h0146,1.5356057716409879,scr2081,stInflow,reservoir
RO,h0147,1.5656740871114514,scr2081,stInflow,reservoir
RO,h0148,1.5656740871114514,scr2081,stInflow,reservoir
RO,h0149,1.5656740871114514,scr2081,stInflow,reservoir
RO,h0150,1.5656740871114514,scr2081,stInflow,reservoir
RO,h0151,1.5656740871114514,scr2081,stInflow,reservoir
RO,h0152,1.5656740871114514,scr2081,stInflow,reservoir
RO,h0153,1.5656740871114514,scr2081,stInflow,reservoir
RO,h0154,1.5656740871114514,scr2081,stInflow,reservoir
RO,h0155,1.5656740871114514,scr2081,stInflow,reservoir
RO,h0156,1.5656740871114514,scr2081,stInflow,reservoir
RO,h0157,1.5214006359428909,scr2081,stInflow,reservoir
RO,h0158,1.4771527139204823,scr2081,stInflow,reservoir
RO,h0159,1.4329310600023666,scr2081,stInflow,reservoir
RO,h0160,1.4329310600023666,scr2081,stInflow,reservoir
RO,h0161,1.4329310600023666,scr2081,stInflow,reservoir
RO,h0162,1.4329310600023666,scr2081,stInflow,reservoir
RO,h0163,1.4329310600023666,scr2081,stInflow,reservoir
RO,h0164,1.4329310600023666,scr2081,stInflow,reservoir
RO,h0165,1.4329310600023666,scr2081,stInflow,reservoir
RO,h0166,1.4329310600023666,scr2081,stInflow,reservoir
RO,h0167,1.4329310600023666,scr2081,stInflow,reservoir
RO,h0168,1.4329310600023666,scr2081,stInflow,reservoir
RO,h0169,1.3763574677593056,scr2081,stInflow,reservoir
RO,h0170,1.3198299779656035,scr2081,stInflow,reservoir
RO,h0171,1.2633505001445795,scr2081,stInflow,reservoir
RO,h0172,1.2633505001445795,scr2081,stInflow,reservoir
RO,h0173,1.2633505001445795,scr2081,stInflow,reservoir
RO,h0174,1.2633505001445795,scr2081,stInflow,reservoir
RO,h0175,1.2633505001445795,scr2081,stInflow,reservoir
RO,h0176,1.2633505001445795,scr2081,stInflow,reservoir
RO,h0177,1.2633505001445795,scr2081,stInflow,reservoir
RO,h0178,1.2633505001445795,scr2081,stInflow,reservoir
RO,h0179,1.2633505001445795,scr2081,stInflow,reservoir
RO,h0180,1.2633505001445795,scr2081,stInflow,reservoir
RO,h0181,1.1715926240472767,scr2081,stInflow,reservoir
RO,h0182,1.0799773888845388,scr2081,stInflow,reservoir
RO,h0183,0.9885165248124329,scr2081,stInflow,reservoir
RO,h0184,0.9885165248124329,scr2081,stInflow,reservoir
RO,h0185,0.9885165248124329,scr2081,stInflow,reservoir
RO,h0186,0.9885165248124329,scr2081,stInflow,reservoir
RO,h0187,0.9885165248124329,scr2081,stInflow,reservoir
RO,h0188,0.9885165248124329,scr2081,stInflow,reservoir
RO,h0189,0.9885165248124329,scr2081,stInflow,reservoir
RO,h0190,0.9885165248124329,scr2081,stInflow,reservoir
RO,h0191,0.9885165248124329,scr2081,stInflow,reservoir
RO,h0192,0.9885165248124329,scr2081,stInflow,reservoir
SE,h0145,7.501295940450022,scr2081,stInflow,reservoir
SE,h0146,7.601814855049917,scr2081,stInflow,reservoir
SE,h0147,7.702333902570855,scr2081,stInflow,reservoir
SE,h0148,7.702333902570855,scr2081,stInflow,reservoir
SE,h0149,7.702333902570855,scr2081,stInflow,reservoir
SE,h0150,7.702333902570855,scr2081,stInflow,reservoir
SE,h0151,7.702333902570855,scr2081,stInflow,reservoir
SE,h0152,7.702333902570855,scr2081,stInflow,reservoir
SE,h0153,7.702333902570855,scr2081,stInflow,reservoir
SE,h0154,7.702333902570855,scr2081,stInflow,reservoir
SE,h0155,7.702333902570855,scr2081,stInflow,reservoir
SE,h0156,7.702333902570855,scr2081,stInflow,reservoir
SE,h0157,8.596320392010512,scr2081,stInflow,reservoir
SE,h0158,9.490316195452543,scr2081,stInflow,reservoir
SE,h0159,10.384320432856711,scr2081,stInflow,reservoir
SE,h0160,10.384320432856711,scr2081,stInflow,reservoir
SE,h0161,10.384320432856711,scr2081,stInflow,reservoir
SE,h0162,10.384320432856711,scr2081,stInflow,reservoir
SE,h0163,10.384320432856711,scr2081,stInflow,reservoir
SE,h0164,10.384320432856711,scr2081,stInflow,reservoir
SE,h0165,10.384320432856711,scr2081,stInflow,reservoir
SE,h0166,10.384320432856711,scr2081,stInflow,reservoir
SE,h0167,10.384320432856711,scr2081,stInflow,reservoir
SE,h0168,10.384320432856711,scr2081,stInflow,reservoir
SE,h0169,11.121111744219416,scr2081,stInflow,reservoir
SE,h0170,11.857907940413618,scr2081,stInflow,reservoir
SE,h0171,12.594708717552045,scr2081,stInflow,reservoir
SE,h0172,12.594708717552045,scr2081,stInflow,reservoir
SE,h0173,12.594708717552045,scr2081,stInflow,reservoir
SE,h0174,12.594708717552045,scr2081,stInflow,reservoir
SE,h0175,12.594708717552045,scr2081,stInflow,reservoir
SE,h0176,12.594708717552045,scr2081,stInflow,reservoir
SE,h0177,12.594708717552045,scr2081,stInflow,reservoir
SE,h0178,12.594708717552045,scr2081,stInflow,reservoir
SE,h0179,12.594708717552045,scr2081,stInflow,reservoir
SE,h0180,12.594708717552045,scr2081,stInflow,reservoir
SE,h0181,13.10001264361734,scr2081,stInflow,reservoir
SE,h0182,13.605318519195514,scr2081,stInflow,reservoir
SE,h0183,14.110626271857026,scr2081,stInflow,reservoir
SE,h0184,14.110626271857026,scr2081,stInflow,reservoir
SE,h0185,14.110626271857026,scr2081,stInflow,reservoir
SE,h0186,14.110626271857026,scr2081,stInflow,reservoir
SE,h0187,14.110626271857026,scr2081,stInflow,reservoir
SE,h0188,14.110626271857026,scr2081,stInflow,reservoir
SE,h0189,14.110626271857026,scr2081,stInflow,reservoir
SE,h0190,14.110626271857026,scr2081,stInflow,reservoir
SE,h0191,14.110626271857026,scr2081,stInflow,reservoir
SE,h0192,14.110626271857026,scr2081,stInflow,reservoir
