region_2,timestep_6,value,scenario_1,parameter,technology_3
AT,h0625,0.493334568105638,scr1996,avaStIn,bevFrtRoadHeavy
AT,h0626,0.4632017435505986,scr1996,avaStIn,bevFrtRoadHeavy
AT,h0627,0.40586167201399803,scr1996,avaStIn,bevFrtRoadHeavy
AT,h0628,0.37542940117418766,scr1996,avaStIn,bevFrtRoadHeavy
AT,h0629,0.3494829321280122,scr1996,avaStIn,bevFrtRoadHeavy
AT,h0630,0.35885645542293787,scr1996,avaStIn,bevFrtRoadHeavy
AT,h0631,0.4271627999842167,scr1996,avaStIn,bevFrtRoadHeavy
AT,h0632,0.4666304625570774,scr1996,avaStIn,bevFrtRoadHeavy
AT,h0633,0.46454252395778894,scr1996,avaStIn,bevFrtRoadHeavy
AT,h0634,0.38626314885914326,scr1996,avaStIn,bevFrtRoadHeavy
AT,h0635,0.2971980180591345,scr1996,avaStIn,bevFrtRoadHeavy
AT,h0636,0.2128063989803195,scr1996,avaStIn,bevFrtRoadHeavy
AT,h0637,0.2991878082975745,scr1996,avaStIn,bevFrtRoadHeavy
AT,h0638,0.4032003190368414,scr1996,avaStIn,bevFrtRoadHeavy
AT,h0639,0.5064229620620608,scr1996,avaStIn,bevFrtRoadHeavy
AT,h0640,0.5258960900828242,scr1996,avaStIn,bevFrtRoadHeavy
AT,h0641,0.5311936661601067,scr1996,avaStIn,bevFrtRoadHeavy
AT,h0642,0.5191400740295649,scr1996,avaStIn,bevFrtRoadHeavy
AT,h0643,0.487999246455729,scr1996,avaStIn,bevFrtRoadHeavy
AT,h0644,0.453471252694726,scr1996,avaStIn,bevFrtRoadHeavy
AT,h0645,0.4424614943563938,scr1996,avaStIn,bevFrtRoadHeavy
AT,h0646,0.4500238401815295,scr1996,avaStIn,bevFrtRoadHeavy
AT,h0647,0.4798336382955313,scr1996,avaStIn,bevFrtRoadHeavy
AT,h0648,0.5094130309298635,scr1996,avaStIn,bevFrtRoadHeavy
AT,h0649,0.493334568105638,scr1996,avaStIn,bevFrtRoadHeavy
AT,h0650,0.4632017435505986,scr1996,avaStIn,bevFrtRoadHeavy
AT,h0651,0.40586167201399803,scr1996,avaStIn,bevFrtRoadHeavy
AT,h0652,0.37542940117418766,scr1996,avaStIn,bevFrtRoadHeavy
AT,h0653,0.3494829321280122,scr1996,avaStIn,bevFrtRoadHeavy
AT,h0654,0.35885645542293787,scr1996,avaStIn,bevFrtRoadHeavy
AT,h0655,0.4271627999842167,scr1996,avaStIn,bevFrtRoadHeavy
AT,h0656,0.4666304625570774,scr1996,avaStIn,bevFrtRoadHeavy
AT,h0657,0.46454252395778894,scr1996,avaStIn,bevFrtRoadHeavy
AT,h0658,0.38626314885914326,scr1996,avaStIn,bevFrtRoadHeavy
AT,h0659,0.2971980180591345,scr1996,avaStIn,bevFrtRoadHeavy
AT,h0660,0.2128063989803195,scr1996,avaStIn,bevFrtRoadHeavy
AT,h0661,0.19147246051579714,scr1996,avaStIn,bevFrtRoadHeavy
AT,h0662,0.23939442448318005,scr1996,avaStIn,bevFrtRoadHeavy
AT,h0663,0.33773465547710657,scr1996,avaStIn,bevFrtRoadHeavy
AT,h0664,0.4292306089773774,scr1996,avaStIn,bevFrtRoadHeavy
AT,h0665,0.48910241574048996,scr1996,avaStIn,bevFrtRoadHeavy
AT,h0666,0.50565171148628,scr1996,avaStIn,bevFrtRoadHeavy
AT,h0667,0.4832738135010004,scr1996,avaStIn,bevFrtRoadHeavy
AT,h0668,0.43919973354786634,scr1996,avaStIn,bevFrtRoadHeavy
AT,h0669,0.39846182242035866,scr1996,avaStIn,bevFrtRoadHeavy
AT,h0670,0.3773895874619484,scr1996,avaStIn,bevFrtRoadHeavy
AT,h0671,0.3760024970397353,scr1996,avaStIn,bevFrtRoadHeavy
AT,h0672,0.3856293857097626,scr1996,avaStIn,bevFrtRoadHeavy
BE,h0625,0.493334568105638,scr1996,avaStIn,bevFrtRoadHeavy
BE,h0626,0.4632017435505986,scr1996,avaStIn,bevFrtRoadHeavy
BE,h0627,0.40586167201399803,scr1996,avaStIn,bevFrtRoadHeavy
BE,h0628,0.37542940117418766,scr1996,avaStIn,bevFrtRoadHeavy
BE,h0629,0.3494829321280122,scr1996,avaStIn,bevFrtRoadHeavy
BE,h0630,0.35885645542293787,scr1996,avaStIn,bevFrtRoadHeavy
BE,h0631,0.4271627999842167,scr1996,avaStIn,bevFrtRoadHeavy
BE,h0632,0.4666304625570774,scr1996,avaStIn,bevFrtRoadHeavy
BE,h0633,0.46454252395778894,scr1996,avaStIn,bevFrtRoadHeavy
BE,h0634,0.38626314885914326,scr1996,avaStIn,bevFrtRoadHeavy
BE,h0635,0.2971980180591345,scr1996,avaStIn,bevFrtRoadHeavy
BE,h0636,0.2128063989803195,scr1996,avaStIn,bevFrtRoadHeavy
BE,h0637,0.2991878082975745,scr1996,avaStIn,bevFrtRoadHeavy
BE,h0638,0.4032003190368414,scr1996,avaStIn,bevFrtRoadHeavy
BE,h0639,0.5064229620620608,scr1996,avaStIn,bevFrtRoadHeavy
BE,h0640,0.5258960900828242,scr1996,avaStIn,bevFrtRoadHeavy
BE,h0641,0.5311936661601067,scr1996,avaStIn,bevFrtRoadHeavy
BE,h0642,0.5191400740295649,scr1996,avaStIn,bevFrtRoadHeavy
BE,h0643,0.487999246455729,scr1996,avaStIn,bevFrtRoadHeavy
BE,h0644,0.453471252694726,scr1996,avaStIn,bevFrtRoadHeavy
BE,h0645,0.4424614943563938,scr1996,avaStIn,bevFrtRoadHeavy
BE,h0646,0.4500238401815295,scr1996,avaStIn,bevFrtRoadHeavy
BE,h0647,0.4798336382955313,scr1996,avaStIn,bevFrtRoadHeavy
BE,h0648,0.5094130309298635,scr1996,avaStIn,bevFrtRoadHeavy
BE,h0649,0.493334568105638,scr1996,avaStIn,bevFrtRoadHeavy
BE,h0650,0.4632017435505986,scr1996,avaStIn,bevFrtRoadHeavy
BE,h0651,0.40586167201399803,scr1996,avaStIn,bevFrtRoadHeavy
BE,h0652,0.37542940117418766,scr1996,avaStIn,bevFrtRoadHeavy
BE,h0653,0.3494829321280122,scr1996,avaStIn,bevFrtRoadHeavy
BE,h0654,0.35885645542293787,scr1996,avaStIn,bevFrtRoadHeavy
BE,h0655,0.4271627999842167,scr1996,avaStIn,bevFrtRoadHeavy
BE,h0656,0.4666304625570774,scr1996,avaStIn,bevFrtRoadHeavy
BE,h0657,0.46454252395778894,scr1996,avaStIn,bevFrtRoadHeavy
BE,h0658,0.38626314885914326,scr1996,avaStIn,bevFrtRoadHeavy
BE,h0659,0.2971980180591345,scr1996,avaStIn,bevFrtRoadHeavy
BE,h0660,0.2128063989803195,scr1996,avaStIn,bevFrtRoadHeavy
BE,h0661,0.19147246051579714,scr1996,avaStIn,bevFrtRoadHeavy
BE,h0662,0.23939442448318005,scr1996,avaStIn,bevFrtRoadHeavy
BE,h0663,0.33773465547710657,scr1996,avaStIn,bevFrtRoadHeavy
BE,h0664,0.4292306089773774,scr1996,avaStIn,bevFrtRoadHeavy
BE,h0665,0.48910241574048996,scr1996,avaStIn,bevFrtRoadHeavy
BE,h0666,0.50565171148628,scr1996,avaStIn,bevFrtRoadHeavy
BE,h0667,0.4832738135010004,scr1996,avaStIn,bevFrtRoadHeavy
BE,h0668,0.43919973354786634,scr1996,avaStIn,bevFrtRoadHeavy
BE,h0669,0.39846182242035866,scr1996,avaStIn,bevFrtRoadHeavy
BE,h0670,0.3773895874619484,scr1996,avaStIn,bevFrtRoadHeavy
BE,h0671,0.3760024970397353,scr1996,avaStIn,bevFrtRoadHeavy
BE,h0672,0.3856293857097626,scr1996,avaStIn,bevFrtRoadHeavy
BG,h0625,0.493334568105638,scr1996,avaStIn,bevFrtRoadHeavy
BG,h0626,0.4632017435505986,scr1996,avaStIn,bevFrtRoadHeavy
BG,h0627,0.40586167201399803,scr1996,avaStIn,bevFrtRoadHeavy
BG,h0628,0.37542940117418766,scr1996,avaStIn,bevFrtRoadHeavy
BG,h0629,0.3494829321280122,scr1996,avaStIn,bevFrtRoadHeavy
BG,h0630,0.35885645542293787,scr1996,avaStIn,bevFrtRoadHeavy
BG,h0631,0.4271627999842167,scr1996,avaStIn,bevFrtRoadHeavy
BG,h0632,0.4666304625570774,scr1996,avaStIn,bevFrtRoadHeavy
BG,h0633,0.46454252395778894,scr1996,avaStIn,bevFrtRoadHeavy
BG,h0634,0.38626314885914326,scr1996,avaStIn,bevFrtRoadHeavy
BG,h0635,0.2971980180591345,scr1996,avaStIn,bevFrtRoadHeavy
BG,h0636,0.2128063989803195,scr1996,avaStIn,bevFrtRoadHeavy
BG,h0637,0.2991878082975745,scr1996,avaStIn,bevFrtRoadHeavy
BG,h0638,0.4032003190368414,scr1996,avaStIn,bevFrtRoadHeavy
BG,h0639,0.5064229620620608,scr1996,avaStIn,bevFrtRoadHeavy
BG,h0640,0.5258960900828242,scr1996,avaStIn,bevFrtRoadHeavy
BG,h0641,0.5311936661601067,scr1996,avaStIn,bevFrtRoadHeavy
BG,h0642,0.5191400740295649,scr1996,avaStIn,bevFrtRoadHeavy
BG,h0643,0.487999246455729,scr1996,avaStIn,bevFrtRoadHeavy
BG,h0644,0.453471252694726,scr1996,avaStIn,bevFrtRoadHeavy
BG,h0645,0.4424614943563938,scr1996,avaStIn,bevFrtRoadHeavy
BG,h0646,0.4500238401815295,scr1996,avaStIn,bevFrtRoadHeavy
BG,h0647,0.4798336382955313,scr1996,avaStIn,bevFrtRoadHeavy
BG,h0648,0.5094130309298635,scr1996,avaStIn,bevFrtRoadHeavy
BG,h0649,0.493334568105638,scr1996,avaStIn,bevFrtRoadHeavy
BG,h0650,0.4632017435505986,scr1996,avaStIn,bevFrtRoadHeavy
BG,h0651,0.40586167201399803,scr1996,avaStIn,bevFrtRoadHeavy
BG,h0652,0.37542940117418766,scr1996,avaStIn,bevFrtRoadHeavy
BG,h0653,0.3494829321280122,scr1996,avaStIn,bevFrtRoadHeavy
BG,h0654,0.35885645542293787,scr1996,avaStIn,bevFrtRoadHeavy
BG,h0655,0.4271627999842167,scr1996,avaStIn,bevFrtRoadHeavy
BG,h0656,0.4666304625570774,scr1996,avaStIn,bevFrtRoadHeavy
BG,h0657,0.46454252395778894,scr1996,avaStIn,bevFrtRoadHeavy
BG,h0658,0.38626314885914326,scr1996,avaStIn,bevFrtRoadHeavy
BG,h0659,0.2971980180591345,scr1996,avaStIn,bevFrtRoadHeavy
BG,h0660,0.2128063989803195,scr1996,avaStIn,bevFrtRoadHeavy
BG,h0661,0.19147246051579714,scr1996,avaStIn,bevFrtRoadHeavy
BG,h0662,0.23939442448318005,scr1996,avaStIn,bevFrtRoadHeavy
BG,h0663,0.33773465547710657,scr1996,avaStIn,bevFrtRoadHeavy
BG,h0664,0.4292306089773774,scr1996,avaStIn,bevFrtRoadHeavy
BG,h0665,0.48910241574048996,scr1996,avaStIn,bevFrtRoadHeavy
BG,h0666,0.50565171148628,scr1996,avaStIn,bevFrtRoadHeavy
BG,h0667,0.4832738135010004,scr1996,avaStIn,bevFrtRoadHeavy
BG,h0668,0.43919973354786634,scr1996,avaStIn,bevFrtRoadHeavy
BG,h0669,0.39846182242035866,scr1996,avaStIn,bevFrtRoadHeavy
BG,h0670,0.3773895874619484,scr1996,avaStIn,bevFrtRoadHeavy
BG,h0671,0.3760024970397353,scr1996,avaStIn,bevFrtRoadHeavy
BG,h0672,0.3856293857097626,scr1996,avaStIn,bevFrtRoadHeavy
CH,h0625,0.493334568105638,scr1996,avaStIn,bevFrtRoadHeavy
CH,h0626,0.4632017435505986,scr1996,avaStIn,bevFrtRoadHeavy
CH,h0627,0.40586167201399803,scr1996,avaStIn,bevFrtRoadHeavy
CH,h0628,0.37542940117418766,scr1996,avaStIn,bevFrtRoadHeavy
CH,h0629,0.3494829321280122,scr1996,avaStIn,bevFrtRoadHeavy
CH,h0630,0.35885645542293787,scr1996,avaStIn,bevFrtRoadHeavy
CH,h0631,0.4271627999842167,scr1996,avaStIn,bevFrtRoadHeavy
CH,h0632,0.4666304625570774,scr1996,avaStIn,bevFrtRoadHeavy
CH,h0633,0.46454252395778894,scr1996,avaStIn,bevFrtRoadHeavy
CH,h0634,0.38626314885914326,scr1996,avaStIn,bevFrtRoadHeavy
CH,h0635,0.2971980180591345,scr1996,avaStIn,bevFrtRoadHeavy
CH,h0636,0.2128063989803195,scr1996,avaStIn,bevFrtRoadHeavy
CH,h0637,0.2991878082975745,scr1996,avaStIn,bevFrtRoadHeavy
CH,h0638,0.4032003190368414,scr1996,avaStIn,bevFrtRoadHeavy
CH,h0639,0.5064229620620608,scr1996,avaStIn,bevFrtRoadHeavy
CH,h0640,0.5258960900828242,scr1996,avaStIn,bevFrtRoadHeavy
CH,h0641,0.5311936661601067,scr1996,avaStIn,bevFrtRoadHeavy
CH,h0642,0.5191400740295649,scr1996,avaStIn,bevFrtRoadHeavy
CH,h0643,0.487999246455729,scr1996,avaStIn,bevFrtRoadHeavy
CH,h0644,0.453471252694726,scr1996,avaStIn,bevFrtRoadHeavy
CH,h0645,0.4424614943563938,scr1996,avaStIn,bevFrtRoadHeavy
CH,h0646,0.4500238401815295,scr1996,avaStIn,bevFrtRoadHeavy
CH,h0647,0.4798336382955313,scr1996,avaStIn,bevFrtRoadHeavy
CH,h0648,0.5094130309298635,scr1996,avaStIn,bevFrtRoadHeavy
CH,h0649,0.493334568105638,scr1996,avaStIn,bevFrtRoadHeavy
CH,h0650,0.4632017435505986,scr1996,avaStIn,bevFrtRoadHeavy
CH,h0651,0.40586167201399803,scr1996,avaStIn,bevFrtRoadHeavy
CH,h0652,0.37542940117418766,scr1996,avaStIn,bevFrtRoadHeavy
CH,h0653,0.3494829321280122,scr1996,avaStIn,bevFrtRoadHeavy
CH,h0654,0.35885645542293787,scr1996,avaStIn,bevFrtRoadHeavy
CH,h0655,0.4271627999842167,scr1996,avaStIn,bevFrtRoadHeavy
CH,h0656,0.4666304625570774,scr1996,avaStIn,bevFrtRoadHeavy
CH,h0657,0.46454252395778894,scr1996,avaStIn,bevFrtRoadHeavy
CH,h0658,0.38626314885914326,scr1996,avaStIn,bevFrtRoadHeavy
CH,h0659,0.2971980180591345,scr1996,avaStIn,bevFrtRoadHeavy
CH,h0660,0.2128063989803195,scr1996,avaStIn,bevFrtRoadHeavy
CH,h0661,0.19147246051579714,scr1996,avaStIn,bevFrtRoadHeavy
CH,h0662,0.23939442448318005,scr1996,avaStIn,bevFrtRoadHeavy
CH,h0663,0.33773465547710657,scr1996,avaStIn,bevFrtRoadHeavy
CH,h0664,0.4292306089773774,scr1996,avaStIn,bevFrtRoadHeavy
CH,h0665,0.48910241574048996,scr1996,avaStIn,bevFrtRoadHeavy
CH,h0666,0.50565171148628,scr1996,avaStIn,bevFrtRoadHeavy
CH,h0667,0.4832738135010004,scr1996,avaStIn,bevFrtRoadHeavy
CH,h0668,0.43919973354786634,scr1996,avaStIn,bevFrtRoadHeavy
CH,h0669,0.39846182242035866,scr1996,avaStIn,bevFrtRoadHeavy
CH,h0670,0.3773895874619484,scr1996,avaStIn,bevFrtRoadHeavy
CH,h0671,0.3760024970397353,scr1996,avaStIn,bevFrtRoadHeavy
CH,h0672,0.3856293857097626,scr1996,avaStIn,bevFrtRoadHeavy
CZ,h0625,0.493334568105638,scr1996,avaStIn,bevFrtRoadHeavy
CZ,h0626,0.4632017435505986,scr1996,avaStIn,bevFrtRoadHeavy
CZ,h0627,0.40586167201399803,scr1996,avaStIn,bevFrtRoadHeavy
CZ,h0628,0.37542940117418766,scr1996,avaStIn,bevFrtRoadHeavy
CZ,h0629,0.3494829321280122,scr1996,avaStIn,bevFrtRoadHeavy
CZ,h0630,0.35885645542293787,scr1996,avaStIn,bevFrtRoadHeavy
CZ,h0631,0.4271627999842167,scr1996,avaStIn,bevFrtRoadHeavy
CZ,h0632,0.4666304625570774,scr1996,avaStIn,bevFrtRoadHeavy
CZ,h0633,0.46454252395778894,scr1996,avaStIn,bevFrtRoadHeavy
CZ,h0634,0.38626314885914326,scr1996,avaStIn,bevFrtRoadHeavy
CZ,h0635,0.2971980180591345,scr1996,avaStIn,bevFrtRoadHeavy
CZ,h0636,0.2128063989803195,scr1996,avaStIn,bevFrtRoadHeavy
CZ,h0637,0.2991878082975745,scr1996,avaStIn,bevFrtRoadHeavy
CZ,h0638,0.4032003190368414,scr1996,avaStIn,bevFrtRoadHeavy
CZ,h0639,0.5064229620620608,scr1996,avaStIn,bevFrtRoadHeavy
CZ,h0640,0.5258960900828242,scr1996,avaStIn,bevFrtRoadHeavy
CZ,h0641,0.5311936661601067,scr1996,avaStIn,bevFrtRoadHeavy
CZ,h0642,0.5191400740295649,scr1996,avaStIn,bevFrtRoadHeavy
CZ,h0643,0.487999246455729,scr1996,avaStIn,bevFrtRoadHeavy
CZ,h0644,0.453471252694726,scr1996,avaStIn,bevFrtRoadHeavy
CZ,h0645,0.4424614943563938,scr1996,avaStIn,bevFrtRoadHeavy
CZ,h0646,0.4500238401815295,scr1996,avaStIn,bevFrtRoadHeavy
CZ,h0647,0.4798336382955313,scr1996,avaStIn,bevFrtRoadHeavy
CZ,h0648,0.5094130309298635,scr1996,avaStIn,bevFrtRoadHeavy
CZ,h0649,0.493334568105638,scr1996,avaStIn,bevFrtRoadHeavy
CZ,h0650,0.4632017435505986,scr1996,avaStIn,bevFrtRoadHeavy
CZ,h0651,0.40586167201399803,scr1996,avaStIn,bevFrtRoadHeavy
CZ,h0652,0.37542940117418766,scr1996,avaStIn,bevFrtRoadHeavy
CZ,h0653,0.3494829321280122,scr1996,avaStIn,bevFrtRoadHeavy
CZ,h0654,0.35885645542293787,scr1996,avaStIn,bevFrtRoadHeavy
CZ,h0655,0.4271627999842167,scr1996,avaStIn,bevFrtRoadHeavy
CZ,h0656,0.4666304625570774,scr1996,avaStIn,bevFrtRoadHeavy
CZ,h0657,0.46454252395778894,scr1996,avaStIn,bevFrtRoadHeavy
CZ,h0658,0.38626314885914326,scr1996,avaStIn,bevFrtRoadHeavy
CZ,h0659,0.2971980180591345,scr1996,avaStIn,bevFrtRoadHeavy
CZ,h0660,0.2128063989803195,scr1996,avaStIn,bevFrtRoadHeavy
CZ,h0661,0.19147246051579714,scr1996,avaStIn,bevFrtRoadHeavy
CZ,h0662,0.23939442448318005,scr1996,avaStIn,bevFrtRoadHeavy
CZ,h0663,0.33773465547710657,scr1996,avaStIn,bevFrtRoadHeavy
CZ,h0664,0.4292306089773774,scr1996,avaStIn,bevFrtRoadHeavy
CZ,h0665,0.48910241574048996,scr1996,avaStIn,bevFrtRoadHeavy
CZ,h0666,0.50565171148628,scr1996,avaStIn,bevFrtRoadHeavy
CZ,h0667,0.4832738135010004,scr1996,avaStIn,bevFrtRoadHeavy
CZ,h0668,0.43919973354786634,scr1996,avaStIn,bevFrtRoadHeavy
CZ,h0669,0.39846182242035866,scr1996,avaStIn,bevFrtRoadHeavy
CZ,h0670,0.3773895874619484,scr1996,avaStIn,bevFrtRoadHeavy
CZ,h0671,0.3760024970397353,scr1996,avaStIn,bevFrtRoadHeavy
CZ,h0672,0.3856293857097626,scr1996,avaStIn,bevFrtRoadHeavy
DE,h0625,0.493334568105638,scr1996,avaStIn,bevFrtRoadHeavy
DE,h0626,0.4632017435505986,scr1996,avaStIn,bevFrtRoadHeavy
DE,h0627,0.40586167201399803,scr1996,avaStIn,bevFrtRoadHeavy
DE,h0628,0.37542940117418766,scr1996,avaStIn,bevFrtRoadHeavy
DE,h0629,0.3494829321280122,scr1996,avaStIn,bevFrtRoadHeavy
DE,h0630,0.35885645542293787,scr1996,avaStIn,bevFrtRoadHeavy
DE,h0631,0.4271627999842167,scr1996,avaStIn,bevFrtRoadHeavy
DE,h0632,0.4666304625570774,scr1996,avaStIn,bevFrtRoadHeavy
DE,h0633,0.46454252395778894,scr1996,avaStIn,bevFrtRoadHeavy
DE,h0634,0.38626314885914326,scr1996,avaStIn,bevFrtRoadHeavy
DE,h0635,0.2971980180591345,scr1996,avaStIn,bevFrtRoadHeavy
DE,h0636,0.2128063989803195,scr1996,avaStIn,bevFrtRoadHeavy
DE,h0637,0.2991878082975745,scr1996,avaStIn,bevFrtRoadHeavy
DE,h0638,0.4032003190368414,scr1996,avaStIn,bevFrtRoadHeavy
DE,h0639,0.5064229620620608,scr1996,avaStIn,bevFrtRoadHeavy
DE,h0640,0.5258960900828242,scr1996,avaStIn,bevFrtRoadHeavy
DE,h0641,0.5311936661601067,scr1996,avaStIn,bevFrtRoadHeavy
DE,h0642,0.5191400740295649,scr1996,avaStIn,bevFrtRoadHeavy
DE,h0643,0.487999246455729,scr1996,avaStIn,bevFrtRoadHeavy
DE,h0644,0.453471252694726,scr1996,avaStIn,bevFrtRoadHeavy
DE,h0645,0.4424614943563938,scr1996,avaStIn,bevFrtRoadHeavy
DE,h0646,0.4500238401815295,scr1996,avaStIn,bevFrtRoadHeavy
DE,h0647,0.4798336382955313,scr1996,avaStIn,bevFrtRoadHeavy
DE,h0648,0.5094130309298635,scr1996,avaStIn,bevFrtRoadHeavy
DE,h0649,0.493334568105638,scr1996,avaStIn,bevFrtRoadHeavy
DE,h0650,0.4632017435505986,scr1996,avaStIn,bevFrtRoadHeavy
DE,h0651,0.40586167201399803,scr1996,avaStIn,bevFrtRoadHeavy
DE,h0652,0.37542940117418766,scr1996,avaStIn,bevFrtRoadHeavy
DE,h0653,0.3494829321280122,scr1996,avaStIn,bevFrtRoadHeavy
DE,h0654,0.35885645542293787,scr1996,avaStIn,bevFrtRoadHeavy
DE,h0655,0.4271627999842167,scr1996,avaStIn,bevFrtRoadHeavy
DE,h0656,0.4666304625570774,scr1996,avaStIn,bevFrtRoadHeavy
DE,h0657,0.46454252395778894,scr1996,avaStIn,bevFrtRoadHeavy
DE,h0658,0.38626314885914326,scr1996,avaStIn,bevFrtRoadHeavy
DE,h0659,0.2971980180591345,scr1996,avaStIn,bevFrtRoadHeavy
DE,h0660,0.2128063989803195,scr1996,avaStIn,bevFrtRoadHeavy
DE,h0661,0.19147246051579714,scr1996,avaStIn,bevFrtRoadHeavy
DE,h0662,0.23939442448318005,scr1996,avaStIn,bevFrtRoadHeavy
DE,h0663,0.33773465547710657,scr1996,avaStIn,bevFrtRoadHeavy
DE,h0664,0.4292306089773774,scr1996,avaStIn,bevFrtRoadHeavy
DE,h0665,0.48910241574048996,scr1996,avaStIn,bevFrtRoadHeavy
DE,h0666,0.50565171148628,scr1996,avaStIn,bevFrtRoadHeavy
DE,h0667,0.4832738135010004,scr1996,avaStIn,bevFrtRoadHeavy
DE,h0668,0.43919973354786634,scr1996,avaStIn,bevFrtRoadHeavy
DE,h0669,0.39846182242035866,scr1996,avaStIn,bevFrtRoadHeavy
DE,h0670,0.3773895874619484,scr1996,avaStIn,bevFrtRoadHeavy
DE,h0671,0.3760024970397353,scr1996,avaStIn,bevFrtRoadHeavy
DE,h0672,0.3856293857097626,scr1996,avaStIn,bevFrtRoadHeavy
GR,h0625,0.493334568105638,scr1996,avaStIn,bevFrtRoadHeavy
GR,h0626,0.4632017435505986,scr1996,avaStIn,bevFrtRoadHeavy
GR,h0627,0.40586167201399803,scr1996,avaStIn,bevFrtRoadHeavy
GR,h0628,0.37542940117418766,scr1996,avaStIn,bevFrtRoadHeavy
GR,h0629,0.3494829321280122,scr1996,avaStIn,bevFrtRoadHeavy
GR,h0630,0.35885645542293787,scr1996,avaStIn,bevFrtRoadHeavy
GR,h0631,0.4271627999842167,scr1996,avaStIn,bevFrtRoadHeavy
GR,h0632,0.4666304625570774,scr1996,avaStIn,bevFrtRoadHeavy
GR,h0633,0.46454252395778894,scr1996,avaStIn,bevFrtRoadHeavy
GR,h0634,0.38626314885914326,scr1996,avaStIn,bevFrtRoadHeavy
GR,h0635,0.2971980180591345,scr1996,avaStIn,bevFrtRoadHeavy
GR,h0636,0.2128063989803195,scr1996,avaStIn,bevFrtRoadHeavy
GR,h0637,0.2991878082975745,scr1996,avaStIn,bevFrtRoadHeavy
GR,h0638,0.4032003190368414,scr1996,avaStIn,bevFrtRoadHeavy
GR,h0639,0.5064229620620608,scr1996,avaStIn,bevFrtRoadHeavy
GR,h0640,0.5258960900828242,scr1996,avaStIn,bevFrtRoadHeavy
GR,h0641,0.5311936661601067,scr1996,avaStIn,bevFrtRoadHeavy
GR,h0642,0.5191400740295649,scr1996,avaStIn,bevFrtRoadHeavy
GR,h0643,0.487999246455729,scr1996,avaStIn,bevFrtRoadHeavy
GR,h0644,0.453471252694726,scr1996,avaStIn,bevFrtRoadHeavy
GR,h0645,0.4424614943563938,scr1996,avaStIn,bevFrtRoadHeavy
GR,h0646,0.4500238401815295,scr1996,avaStIn,bevFrtRoadHeavy
GR,h0647,0.4798336382955313,scr1996,avaStIn,bevFrtRoadHeavy
GR,h0648,0.5094130309298635,scr1996,avaStIn,bevFrtRoadHeavy
GR,h0649,0.493334568105638,scr1996,avaStIn,bevFrtRoadHeavy
GR,h0650,0.4632017435505986,scr1996,avaStIn,bevFrtRoadHeavy
GR,h0651,0.40586167201399803,scr1996,avaStIn,bevFrtRoadHeavy
GR,h0652,0.37542940117418766,scr1996,avaStIn,bevFrtRoadHeavy
GR,h0653,0.3494829321280122,scr1996,avaStIn,bevFrtRoadHeavy
GR,h0654,0.35885645542293787,scr1996,avaStIn,bevFrtRoadHeavy
GR,h0655,0.4271627999842167,scr1996,avaStIn,bevFrtRoadHeavy
GR,h0656,0.4666304625570774,scr1996,avaStIn,bevFrtRoadHeavy
GR,h0657,0.46454252395778894,scr1996,avaStIn,bevFrtRoadHeavy
GR,h0658,0.38626314885914326,scr1996,avaStIn,bevFrtRoadHeavy
GR,h0659,0.2971980180591345,scr1996,avaStIn,bevFrtRoadHeavy
GR,h0660,0.2128063989803195,scr1996,avaStIn,bevFrtRoadHeavy
GR,h0661,0.19147246051579714,scr1996,avaStIn,bevFrtRoadHeavy
GR,h0662,0.23939442448318005,scr1996,avaStIn,bevFrtRoadHeavy
GR,h0663,0.33773465547710657,scr1996,avaStIn,bevFrtRoadHeavy
GR,h0664,0.4292306089773774,scr1996,avaStIn,bevFrtRoadHeavy
GR,h0665,0.48910241574048996,scr1996,avaStIn,bevFrtRoadHeavy
GR,h0666,0.50565171148628,scr1996,avaStIn,bevFrtRoadHeavy
GR,h0667,0.4832738135010004,scr1996,avaStIn,bevFrtRoadHeavy
GR,h0668,0.43919973354786634,scr1996,avaStIn,bevFrtRoadHeavy
GR,h0669,0.39846182242035866,scr1996,avaStIn,bevFrtRoadHeavy
GR,h0670,0.3773895874619484,scr1996,avaStIn,bevFrtRoadHeavy
GR,h0671,0.3760024970397353,scr1996,avaStIn,bevFrtRoadHeavy
GR,h0672,0.3856293857097626,scr1996,avaStIn,bevFrtRoadHeavy
ES,h0625,0.493334568105638,scr1996,avaStIn,bevFrtRoadHeavy
ES,h0626,0.4632017435505986,scr1996,avaStIn,bevFrtRoadHeavy
ES,h0627,0.40586167201399803,scr1996,avaStIn,bevFrtRoadHeavy
ES,h0628,0.37542940117418766,scr1996,avaStIn,bevFrtRoadHeavy
ES,h0629,0.3494829321280122,scr1996,avaStIn,bevFrtRoadHeavy
ES,h0630,0.35885645542293787,scr1996,avaStIn,bevFrtRoadHeavy
ES,h0631,0.4271627999842167,scr1996,avaStIn,bevFrtRoadHeavy
ES,h0632,0.4666304625570774,scr1996,avaStIn,bevFrtRoadHeavy
ES,h0633,0.46454252395778894,scr1996,avaStIn,bevFrtRoadHeavy
ES,h0634,0.38626314885914326,scr1996,avaStIn,bevFrtRoadHeavy
ES,h0635,0.2971980180591345,scr1996,avaStIn,bevFrtRoadHeavy
ES,h0636,0.2128063989803195,scr1996,avaStIn,bevFrtRoadHeavy
ES,h0637,0.2991878082975745,scr1996,avaStIn,bevFrtRoadHeavy
ES,h0638,0.4032003190368414,scr1996,avaStIn,bevFrtRoadHeavy
ES,h0639,0.5064229620620608,scr1996,avaStIn,bevFrtRoadHeavy
ES,h0640,0.5258960900828242,scr1996,avaStIn,bevFrtRoadHeavy
ES,h0641,0.5311936661601067,scr1996,avaStIn,bevFrtRoadHeavy
ES,h0642,0.5191400740295649,scr1996,avaStIn,bevFrtRoadHeavy
ES,h0643,0.487999246455729,scr1996,avaStIn,bevFrtRoadHeavy
ES,h0644,0.453471252694726,scr1996,avaStIn,bevFrtRoadHeavy
ES,h0645,0.4424614943563938,scr1996,avaStIn,bevFrtRoadHeavy
ES,h0646,0.4500238401815295,scr1996,avaStIn,bevFrtRoadHeavy
ES,h0647,0.4798336382955313,scr1996,avaStIn,bevFrtRoadHeavy
ES,h0648,0.5094130309298635,scr1996,avaStIn,bevFrtRoadHeavy
ES,h0649,0.493334568105638,scr1996,avaStIn,bevFrtRoadHeavy
ES,h0650,0.4632017435505986,scr1996,avaStIn,bevFrtRoadHeavy
ES,h0651,0.40586167201399803,scr1996,avaStIn,bevFrtRoadHeavy
ES,h0652,0.37542940117418766,scr1996,avaStIn,bevFrtRoadHeavy
ES,h0653,0.3494829321280122,scr1996,avaStIn,bevFrtRoadHeavy
ES,h0654,0.35885645542293787,scr1996,avaStIn,bevFrtRoadHeavy
ES,h0655,0.4271627999842167,scr1996,avaStIn,bevFrtRoadHeavy
ES,h0656,0.4666304625570774,scr1996,avaStIn,bevFrtRoadHeavy
ES,h0657,0.46454252395778894,scr1996,avaStIn,bevFrtRoadHeavy
ES,h0658,0.38626314885914326,scr1996,avaStIn,bevFrtRoadHeavy
ES,h0659,0.2971980180591345,scr1996,avaStIn,bevFrtRoadHeavy
ES,h0660,0.2128063989803195,scr1996,avaStIn,bevFrtRoadHeavy
ES,h0661,0.19147246051579714,scr1996,avaStIn,bevFrtRoadHeavy
ES,h0662,0.23939442448318005,scr1996,avaStIn,bevFrtRoadHeavy
ES,h0663,0.33773465547710657,scr1996,avaStIn,bevFrtRoadHeavy
ES,h0664,0.4292306089773774,scr1996,avaStIn,bevFrtRoadHeavy
ES,h0665,0.48910241574048996,scr1996,avaStIn,bevFrtRoadHeavy
ES,h0666,0.50565171148628,scr1996,avaStIn,bevFrtRoadHeavy
ES,h0667,0.4832738135010004,scr1996,avaStIn,bevFrtRoadHeavy
ES,h0668,0.43919973354786634,scr1996,avaStIn,bevFrtRoadHeavy
ES,h0669,0.39846182242035866,scr1996,avaStIn,bevFrtRoadHeavy
ES,h0670,0.3773895874619484,scr1996,avaStIn,bevFrtRoadHeavy
ES,h0671,0.3760024970397353,scr1996,avaStIn,bevFrtRoadHeavy
ES,h0672,0.3856293857097626,scr1996,avaStIn,bevFrtRoadHeavy
DK,h0625,0.493334568105638,scr1996,avaStIn,bevFrtRoadHeavy
DK,h0626,0.4632017435505986,scr1996,avaStIn,bevFrtRoadHeavy
DK,h0627,0.40586167201399803,scr1996,avaStIn,bevFrtRoadHeavy
DK,h0628,0.37542940117418766,scr1996,avaStIn,bevFrtRoadHeavy
DK,h0629,0.3494829321280122,scr1996,avaStIn,bevFrtRoadHeavy
DK,h0630,0.35885645542293787,scr1996,avaStIn,bevFrtRoadHeavy
DK,h0631,0.4271627999842167,scr1996,avaStIn,bevFrtRoadHeavy
DK,h0632,0.4666304625570774,scr1996,avaStIn,bevFrtRoadHeavy
DK,h0633,0.46454252395778894,scr1996,avaStIn,bevFrtRoadHeavy
DK,h0634,0.38626314885914326,scr1996,avaStIn,bevFrtRoadHeavy
DK,h0635,0.2971980180591345,scr1996,avaStIn,bevFrtRoadHeavy
DK,h0636,0.2128063989803195,scr1996,avaStIn,bevFrtRoadHeavy
DK,h0637,0.2991878082975745,scr1996,avaStIn,bevFrtRoadHeavy
DK,h0638,0.4032003190368414,scr1996,avaStIn,bevFrtRoadHeavy
DK,h0639,0.5064229620620608,scr1996,avaStIn,bevFrtRoadHeavy
DK,h0640,0.5258960900828242,scr1996,avaStIn,bevFrtRoadHeavy
DK,h0641,0.5311936661601067,scr1996,avaStIn,bevFrtRoadHeavy
DK,h0642,0.5191400740295649,scr1996,avaStIn,bevFrtRoadHeavy
DK,h0643,0.487999246455729,scr1996,avaStIn,bevFrtRoadHeavy
DK,h0644,0.453471252694726,scr1996,avaStIn,bevFrtRoadHeavy
DK,h0645,0.4424614943563938,scr1996,avaStIn,bevFrtRoadHeavy
DK,h0646,0.4500238401815295,scr1996,avaStIn,bevFrtRoadHeavy
DK,h0647,0.4798336382955313,scr1996,avaStIn,bevFrtRoadHeavy
DK,h0648,0.5094130309298635,scr1996,avaStIn,bevFrtRoadHeavy
DK,h0649,0.493334568105638,scr1996,avaStIn,bevFrtRoadHeavy
DK,h0650,0.4632017435505986,scr1996,avaStIn,bevFrtRoadHeavy
DK,h0651,0.40586167201399803,scr1996,avaStIn,bevFrtRoadHeavy
DK,h0652,0.37542940117418766,scr1996,avaStIn,bevFrtRoadHeavy
DK,h0653,0.3494829321280122,scr1996,avaStIn,bevFrtRoadHeavy
DK,h0654,0.35885645542293787,scr1996,avaStIn,bevFrtRoadHeavy
DK,h0655,0.4271627999842167,scr1996,avaStIn,bevFrtRoadHeavy
DK,h0656,0.4666304625570774,scr1996,avaStIn,bevFrtRoadHeavy
DK,h0657,0.46454252395778894,scr1996,avaStIn,bevFrtRoadHeavy
DK,h0658,0.38626314885914326,scr1996,avaStIn,bevFrtRoadHeavy
DK,h0659,0.2971980180591345,scr1996,avaStIn,bevFrtRoadHeavy
DK,h0660,0.2128063989803195,scr1996,avaStIn,bevFrtRoadHeavy
DK,h0661,0.19147246051579714,scr1996,avaStIn,bevFrtRoadHeavy
DK,h0662,0.23939442448318005,scr1996,avaStIn,bevFrtRoadHeavy
DK,h0663,0.33773465547710657,scr1996,avaStIn,bevFrtRoadHeavy
DK,h0664,0.4292306089773774,scr1996,avaStIn,bevFrtRoadHeavy
DK,h0665,0.48910241574048996,scr1996,avaStIn,bevFrtRoadHeavy
DK,h0666,0.50565171148628,scr1996,avaStIn,bevFrtRoadHeavy
DK,h0667,0.4832738135010004,scr1996,avaStIn,bevFrtRoadHeavy
DK,h0668,0.43919973354786634,scr1996,avaStIn,bevFrtRoadHeavy
DK,h0669,0.39846182242035866,scr1996,avaStIn,bevFrtRoadHeavy
DK,h0670,0.3773895874619484,scr1996,avaStIn,bevFrtRoadHeavy
DK,h0671,0.3760024970397353,scr1996,avaStIn,bevFrtRoadHeavy
DK,h0672,0.3856293857097626,scr1996,avaStIn,bevFrtRoadHeavy
EE,h0625,0.493334568105638,scr1996,avaStIn,bevFrtRoadHeavy
EE,h0626,0.4632017435505986,scr1996,avaStIn,bevFrtRoadHeavy
EE,h0627,0.40586167201399803,scr1996,avaStIn,bevFrtRoadHeavy
EE,h0628,0.37542940117418766,scr1996,avaStIn,bevFrtRoadHeavy
EE,h0629,0.3494829321280122,scr1996,avaStIn,bevFrtRoadHeavy
EE,h0630,0.35885645542293787,scr1996,avaStIn,bevFrtRoadHeavy
EE,h0631,0.4271627999842167,scr1996,avaStIn,bevFrtRoadHeavy
EE,h0632,0.4666304625570774,scr1996,avaStIn,bevFrtRoadHeavy
EE,h0633,0.46454252395778894,scr1996,avaStIn,bevFrtRoadHeavy
EE,h0634,0.38626314885914326,scr1996,avaStIn,bevFrtRoadHeavy
EE,h0635,0.2971980180591345,scr1996,avaStIn,bevFrtRoadHeavy
EE,h0636,0.2128063989803195,scr1996,avaStIn,bevFrtRoadHeavy
EE,h0637,0.2991878082975745,scr1996,avaStIn,bevFrtRoadHeavy
EE,h0638,0.4032003190368414,scr1996,avaStIn,bevFrtRoadHeavy
EE,h0639,0.5064229620620608,scr1996,avaStIn,bevFrtRoadHeavy
EE,h0640,0.5258960900828242,scr1996,avaStIn,bevFrtRoadHeavy
EE,h0641,0.5311936661601067,scr1996,avaStIn,bevFrtRoadHeavy
EE,h0642,0.5191400740295649,scr1996,avaStIn,bevFrtRoadHeavy
EE,h0643,0.487999246455729,scr1996,avaStIn,bevFrtRoadHeavy
EE,h0644,0.453471252694726,scr1996,avaStIn,bevFrtRoadHeavy
EE,h0645,0.4424614943563938,scr1996,avaStIn,bevFrtRoadHeavy
EE,h0646,0.4500238401815295,scr1996,avaStIn,bevFrtRoadHeavy
EE,h0647,0.4798336382955313,scr1996,avaStIn,bevFrtRoadHeavy
EE,h0648,0.5094130309298635,scr1996,avaStIn,bevFrtRoadHeavy
EE,h0649,0.493334568105638,scr1996,avaStIn,bevFrtRoadHeavy
EE,h0650,0.4632017435505986,scr1996,avaStIn,bevFrtRoadHeavy
EE,h0651,0.40586167201399803,scr1996,avaStIn,bevFrtRoadHeavy
EE,h0652,0.37542940117418766,scr1996,avaStIn,bevFrtRoadHeavy
EE,h0653,0.3494829321280122,scr1996,avaStIn,bevFrtRoadHeavy
EE,h0654,0.35885645542293787,scr1996,avaStIn,bevFrtRoadHeavy
EE,h0655,0.4271627999842167,scr1996,avaStIn,bevFrtRoadHeavy
EE,h0656,0.4666304625570774,scr1996,avaStIn,bevFrtRoadHeavy
EE,h0657,0.46454252395778894,scr1996,avaStIn,bevFrtRoadHeavy
EE,h0658,0.38626314885914326,scr1996,avaStIn,bevFrtRoadHeavy
EE,h0659,0.2971980180591345,scr1996,avaStIn,bevFrtRoadHeavy
EE,h0660,0.2128063989803195,scr1996,avaStIn,bevFrtRoadHeavy
EE,h0661,0.19147246051579714,scr1996,avaStIn,bevFrtRoadHeavy
EE,h0662,0.23939442448318005,scr1996,avaStIn,bevFrtRoadHeavy
EE,h0663,0.33773465547710657,scr1996,avaStIn,bevFrtRoadHeavy
EE,h0664,0.4292306089773774,scr1996,avaStIn,bevFrtRoadHeavy
EE,h0665,0.48910241574048996,scr1996,avaStIn,bevFrtRoadHeavy
EE,h0666,0.50565171148628,scr1996,avaStIn,bevFrtRoadHeavy
EE,h0667,0.4832738135010004,scr1996,avaStIn,bevFrtRoadHeavy
EE,h0668,0.43919973354786634,scr1996,avaStIn,bevFrtRoadHeavy
EE,h0669,0.39846182242035866,scr1996,avaStIn,bevFrtRoadHeavy
EE,h0670,0.3773895874619484,scr1996,avaStIn,bevFrtRoadHeavy
EE,h0671,0.3760024970397353,scr1996,avaStIn,bevFrtRoadHeavy
EE,h0672,0.3856293857097626,scr1996,avaStIn,bevFrtRoadHeavy
FI,h0625,0.493334568105638,scr1996,avaStIn,bevFrtRoadHeavy
FI,h0626,0.4632017435505986,scr1996,avaStIn,bevFrtRoadHeavy
FI,h0627,0.40586167201399803,scr1996,avaStIn,bevFrtRoadHeavy
FI,h0628,0.37542940117418766,scr1996,avaStIn,bevFrtRoadHeavy
FI,h0629,0.3494829321280122,scr1996,avaStIn,bevFrtRoadHeavy
FI,h0630,0.35885645542293787,scr1996,avaStIn,bevFrtRoadHeavy
FI,h0631,0.4271627999842167,scr1996,avaStIn,bevFrtRoadHeavy
FI,h0632,0.4666304625570774,scr1996,avaStIn,bevFrtRoadHeavy
FI,h0633,0.46454252395778894,scr1996,avaStIn,bevFrtRoadHeavy
FI,h0634,0.38626314885914326,scr1996,avaStIn,bevFrtRoadHeavy
FI,h0635,0.2971980180591345,scr1996,avaStIn,bevFrtRoadHeavy
FI,h0636,0.2128063989803195,scr1996,avaStIn,bevFrtRoadHeavy
FI,h0637,0.2991878082975745,scr1996,avaStIn,bevFrtRoadHeavy
FI,h0638,0.4032003190368414,scr1996,avaStIn,bevFrtRoadHeavy
FI,h0639,0.5064229620620608,scr1996,avaStIn,bevFrtRoadHeavy
FI,h0640,0.5258960900828242,scr1996,avaStIn,bevFrtRoadHeavy
FI,h0641,0.5311936661601067,scr1996,avaStIn,bevFrtRoadHeavy
FI,h0642,0.5191400740295649,scr1996,avaStIn,bevFrtRoadHeavy
FI,h0643,0.487999246455729,scr1996,avaStIn,bevFrtRoadHeavy
FI,h0644,0.453471252694726,scr1996,avaStIn,bevFrtRoadHeavy
FI,h0645,0.4424614943563938,scr1996,avaStIn,bevFrtRoadHeavy
FI,h0646,0.4500238401815295,scr1996,avaStIn,bevFrtRoadHeavy
FI,h0647,0.4798336382955313,scr1996,avaStIn,bevFrtRoadHeavy
FI,h0648,0.5094130309298635,scr1996,avaStIn,bevFrtRoadHeavy
FI,h0649,0.493334568105638,scr1996,avaStIn,bevFrtRoadHeavy
FI,h0650,0.4632017435505986,scr1996,avaStIn,bevFrtRoadHeavy
FI,h0651,0.40586167201399803,scr1996,avaStIn,bevFrtRoadHeavy
FI,h0652,0.37542940117418766,scr1996,avaStIn,bevFrtRoadHeavy
FI,h0653,0.3494829321280122,scr1996,avaStIn,bevFrtRoadHeavy
FI,h0654,0.35885645542293787,scr1996,avaStIn,bevFrtRoadHeavy
FI,h0655,0.4271627999842167,scr1996,avaStIn,bevFrtRoadHeavy
FI,h0656,0.4666304625570774,scr1996,avaStIn,bevFrtRoadHeavy
FI,h0657,0.46454252395778894,scr1996,avaStIn,bevFrtRoadHeavy
FI,h0658,0.38626314885914326,scr1996,avaStIn,bevFrtRoadHeavy
FI,h0659,0.2971980180591345,scr1996,avaStIn,bevFrtRoadHeavy
FI,h0660,0.2128063989803195,scr1996,avaStIn,bevFrtRoadHeavy
FI,h0661,0.19147246051579714,scr1996,avaStIn,bevFrtRoadHeavy
FI,h0662,0.23939442448318005,scr1996,avaStIn,bevFrtRoadHeavy
FI,h0663,0.33773465547710657,scr1996,avaStIn,bevFrtRoadHeavy
FI,h0664,0.4292306089773774,scr1996,avaStIn,bevFrtRoadHeavy
FI,h0665,0.48910241574048996,scr1996,avaStIn,bevFrtRoadHeavy
FI,h0666,0.50565171148628,scr1996,avaStIn,bevFrtRoadHeavy
FI,h0667,0.4832738135010004,scr1996,avaStIn,bevFrtRoadHeavy
FI,h0668,0.43919973354786634,scr1996,avaStIn,bevFrtRoadHeavy
FI,h0669,0.39846182242035866,scr1996,avaStIn,bevFrtRoadHeavy
FI,h0670,0.3773895874619484,scr1996,avaStIn,bevFrtRoadHeavy
FI,h0671,0.3760024970397353,scr1996,avaStIn,bevFrtRoadHeavy
FI,h0672,0.3856293857097626,scr1996,avaStIn,bevFrtRoadHeavy
FR,h0625,0.493334568105638,scr1996,avaStIn,bevFrtRoadHeavy
FR,h0626,0.4632017435505986,scr1996,avaStIn,bevFrtRoadHeavy
FR,h0627,0.40586167201399803,scr1996,avaStIn,bevFrtRoadHeavy
FR,h0628,0.37542940117418766,scr1996,avaStIn,bevFrtRoadHeavy
FR,h0629,0.3494829321280122,scr1996,avaStIn,bevFrtRoadHeavy
FR,h0630,0.35885645542293787,scr1996,avaStIn,bevFrtRoadHeavy
FR,h0631,0.4271627999842167,scr1996,avaStIn,bevFrtRoadHeavy
FR,h0632,0.4666304625570774,scr1996,avaStIn,bevFrtRoadHeavy
FR,h0633,0.46454252395778894,scr1996,avaStIn,bevFrtRoadHeavy
FR,h0634,0.38626314885914326,scr1996,avaStIn,bevFrtRoadHeavy
FR,h0635,0.2971980180591345,scr1996,avaStIn,bevFrtRoadHeavy
FR,h0636,0.2128063989803195,scr1996,avaStIn,bevFrtRoadHeavy
FR,h0637,0.2991878082975745,scr1996,avaStIn,bevFrtRoadHeavy
FR,h0638,0.4032003190368414,scr1996,avaStIn,bevFrtRoadHeavy
FR,h0639,0.5064229620620608,scr1996,avaStIn,bevFrtRoadHeavy
FR,h0640,0.5258960900828242,scr1996,avaStIn,bevFrtRoadHeavy
FR,h0641,0.5311936661601067,scr1996,avaStIn,bevFrtRoadHeavy
FR,h0642,0.5191400740295649,scr1996,avaStIn,bevFrtRoadHeavy
FR,h0643,0.487999246455729,scr1996,avaStIn,bevFrtRoadHeavy
FR,h0644,0.453471252694726,scr1996,avaStIn,bevFrtRoadHeavy
FR,h0645,0.4424614943563938,scr1996,avaStIn,bevFrtRoadHeavy
FR,h0646,0.4500238401815295,scr1996,avaStIn,bevFrtRoadHeavy
FR,h0647,0.4798336382955313,scr1996,avaStIn,bevFrtRoadHeavy
FR,h0648,0.5094130309298635,scr1996,avaStIn,bevFrtRoadHeavy
FR,h0649,0.493334568105638,scr1996,avaStIn,bevFrtRoadHeavy
FR,h0650,0.4632017435505986,scr1996,avaStIn,bevFrtRoadHeavy
FR,h0651,0.40586167201399803,scr1996,avaStIn,bevFrtRoadHeavy
FR,h0652,0.37542940117418766,scr1996,avaStIn,bevFrtRoadHeavy
FR,h0653,0.3494829321280122,scr1996,avaStIn,bevFrtRoadHeavy
FR,h0654,0.35885645542293787,scr1996,avaStIn,bevFrtRoadHeavy
FR,h0655,0.4271627999842167,scr1996,avaStIn,bevFrtRoadHeavy
FR,h0656,0.4666304625570774,scr1996,avaStIn,bevFrtRoadHeavy
FR,h0657,0.46454252395778894,scr1996,avaStIn,bevFrtRoadHeavy
FR,h0658,0.38626314885914326,scr1996,avaStIn,bevFrtRoadHeavy
FR,h0659,0.2971980180591345,scr1996,avaStIn,bevFrtRoadHeavy
FR,h0660,0.2128063989803195,scr1996,avaStIn,bevFrtRoadHeavy
FR,h0661,0.19147246051579714,scr1996,avaStIn,bevFrtRoadHeavy
FR,h0662,0.23939442448318005,scr1996,avaStIn,bevFrtRoadHeavy
FR,h0663,0.33773465547710657,scr1996,avaStIn,bevFrtRoadHeavy
FR,h0664,0.4292306089773774,scr1996,avaStIn,bevFrtRoadHeavy
FR,h0665,0.48910241574048996,scr1996,avaStIn,bevFrtRoadHeavy
FR,h0666,0.50565171148628,scr1996,avaStIn,bevFrtRoadHeavy
FR,h0667,0.4832738135010004,scr1996,avaStIn,bevFrtRoadHeavy
FR,h0668,0.43919973354786634,scr1996,avaStIn,bevFrtRoadHeavy
FR,h0669,0.39846182242035866,scr1996,avaStIn,bevFrtRoadHeavy
FR,h0670,0.3773895874619484,scr1996,avaStIn,bevFrtRoadHeavy
FR,h0671,0.3760024970397353,scr1996,avaStIn,bevFrtRoadHeavy
FR,h0672,0.3856293857097626,scr1996,avaStIn,bevFrtRoadHeavy
IT,h0625,0.493334568105638,scr1996,avaStIn,bevFrtRoadHeavy
IT,h0626,0.4632017435505986,scr1996,avaStIn,bevFrtRoadHeavy
IT,h0627,0.40586167201399803,scr1996,avaStIn,bevFrtRoadHeavy
IT,h0628,0.37542940117418766,scr1996,avaStIn,bevFrtRoadHeavy
IT,h0629,0.3494829321280122,scr1996,avaStIn,bevFrtRoadHeavy
IT,h0630,0.35885645542293787,scr1996,avaStIn,bevFrtRoadHeavy
IT,h0631,0.4271627999842167,scr1996,avaStIn,bevFrtRoadHeavy
IT,h0632,0.4666304625570774,scr1996,avaStIn,bevFrtRoadHeavy
IT,h0633,0.46454252395778894,scr1996,avaStIn,bevFrtRoadHeavy
IT,h0634,0.38626314885914326,scr1996,avaStIn,bevFrtRoadHeavy
IT,h0635,0.2971980180591345,scr1996,avaStIn,bevFrtRoadHeavy
IT,h0636,0.2128063989803195,scr1996,avaStIn,bevFrtRoadHeavy
IT,h0637,0.2991878082975745,scr1996,avaStIn,bevFrtRoadHeavy
IT,h0638,0.4032003190368414,scr1996,avaStIn,bevFrtRoadHeavy
IT,h0639,0.5064229620620608,scr1996,avaStIn,bevFrtRoadHeavy
IT,h0640,0.5258960900828242,scr1996,avaStIn,bevFrtRoadHeavy
IT,h0641,0.5311936661601067,scr1996,avaStIn,bevFrtRoadHeavy
IT,h0642,0.5191400740295649,scr1996,avaStIn,bevFrtRoadHeavy
IT,h0643,0.487999246455729,scr1996,avaStIn,bevFrtRoadHeavy
IT,h0644,0.453471252694726,scr1996,avaStIn,bevFrtRoadHeavy
IT,h0645,0.4424614943563938,scr1996,avaStIn,bevFrtRoadHeavy
IT,h0646,0.4500238401815295,scr1996,avaStIn,bevFrtRoadHeavy
IT,h0647,0.4798336382955313,scr1996,avaStIn,bevFrtRoadHeavy
IT,h0648,0.5094130309298635,scr1996,avaStIn,bevFrtRoadHeavy
IT,h0649,0.493334568105638,scr1996,avaStIn,bevFrtRoadHeavy
IT,h0650,0.4632017435505986,scr1996,avaStIn,bevFrtRoadHeavy
IT,h0651,0.40586167201399803,scr1996,avaStIn,bevFrtRoadHeavy
IT,h0652,0.37542940117418766,scr1996,avaStIn,bevFrtRoadHeavy
IT,h0653,0.3494829321280122,scr1996,avaStIn,bevFrtRoadHeavy
IT,h0654,0.35885645542293787,scr1996,avaStIn,bevFrtRoadHeavy
IT,h0655,0.4271627999842167,scr1996,avaStIn,bevFrtRoadHeavy
IT,h0656,0.4666304625570774,scr1996,avaStIn,bevFrtRoadHeavy
IT,h0657,0.46454252395778894,scr1996,avaStIn,bevFrtRoadHeavy
IT,h0658,0.38626314885914326,scr1996,avaStIn,bevFrtRoadHeavy
IT,h0659,0.2971980180591345,scr1996,avaStIn,bevFrtRoadHeavy
IT,h0660,0.2128063989803195,scr1996,avaStIn,bevFrtRoadHeavy
IT,h0661,0.19147246051579714,scr1996,avaStIn,bevFrtRoadHeavy
IT,h0662,0.23939442448318005,scr1996,avaStIn,bevFrtRoadHeavy
IT,h0663,0.33773465547710657,scr1996,avaStIn,bevFrtRoadHeavy
IT,h0664,0.4292306089773774,scr1996,avaStIn,bevFrtRoadHeavy
IT,h0665,0.48910241574048996,scr1996,avaStIn,bevFrtRoadHeavy
IT,h0666,0.50565171148628,scr1996,avaStIn,bevFrtRoadHeavy
IT,h0667,0.4832738135010004,scr1996,avaStIn,bevFrtRoadHeavy
IT,h0668,0.43919973354786634,scr1996,avaStIn,bevFrtRoadHeavy
IT,h0669,0.39846182242035866,scr1996,avaStIn,bevFrtRoadHeavy
IT,h0670,0.3773895874619484,scr1996,avaStIn,bevFrtRoadHeavy
IT,h0671,0.3760024970397353,scr1996,avaStIn,bevFrtRoadHeavy
IT,h0672,0.3856293857097626,scr1996,avaStIn,bevFrtRoadHeavy
NL,h0625,0.493334568105638,scr1996,avaStIn,bevFrtRoadHeavy
NL,h0626,0.4632017435505986,scr1996,avaStIn,bevFrtRoadHeavy
NL,h0627,0.40586167201399803,scr1996,avaStIn,bevFrtRoadHeavy
NL,h0628,0.37542940117418766,scr1996,avaStIn,bevFrtRoadHeavy
NL,h0629,0.3494829321280122,scr1996,avaStIn,bevFrtRoadHeavy
NL,h0630,0.35885645542293787,scr1996,avaStIn,bevFrtRoadHeavy
NL,h0631,0.4271627999842167,scr1996,avaStIn,bevFrtRoadHeavy
NL,h0632,0.4666304625570774,scr1996,avaStIn,bevFrtRoadHeavy
NL,h0633,0.46454252395778894,scr1996,avaStIn,bevFrtRoadHeavy
NL,h0634,0.38626314885914326,scr1996,avaStIn,bevFrtRoadHeavy
NL,h0635,0.2971980180591345,scr1996,avaStIn,bevFrtRoadHeavy
NL,h0636,0.2128063989803195,scr1996,avaStIn,bevFrtRoadHeavy
NL,h0637,0.2991878082975745,scr1996,avaStIn,bevFrtRoadHeavy
NL,h0638,0.4032003190368414,scr1996,avaStIn,bevFrtRoadHeavy
NL,h0639,0.5064229620620608,scr1996,avaStIn,bevFrtRoadHeavy
NL,h0640,0.5258960900828242,scr1996,avaStIn,bevFrtRoadHeavy
NL,h0641,0.5311936661601067,scr1996,avaStIn,bevFrtRoadHeavy
NL,h0642,0.5191400740295649,scr1996,avaStIn,bevFrtRoadHeavy
NL,h0643,0.487999246455729,scr1996,avaStIn,bevFrtRoadHeavy
NL,h0644,0.453471252694726,scr1996,avaStIn,bevFrtRoadHeavy
NL,h0645,0.4424614943563938,scr1996,avaStIn,bevFrtRoadHeavy
NL,h0646,0.4500238401815295,scr1996,avaStIn,bevFrtRoadHeavy
NL,h0647,0.4798336382955313,scr1996,avaStIn,bevFrtRoadHeavy
NL,h0648,0.5094130309298635,scr1996,avaStIn,bevFrtRoadHeavy
NL,h0649,0.493334568105638,scr1996,avaStIn,bevFrtRoadHeavy
NL,h0650,0.4632017435505986,scr1996,avaStIn,bevFrtRoadHeavy
NL,h0651,0.40586167201399803,scr1996,avaStIn,bevFrtRoadHeavy
NL,h0652,0.37542940117418766,scr1996,avaStIn,bevFrtRoadHeavy
NL,h0653,0.3494829321280122,scr1996,avaStIn,bevFrtRoadHeavy
NL,h0654,0.35885645542293787,scr1996,avaStIn,bevFrtRoadHeavy
NL,h0655,0.4271627999842167,scr1996,avaStIn,bevFrtRoadHeavy
NL,h0656,0.4666304625570774,scr1996,avaStIn,bevFrtRoadHeavy
NL,h0657,0.46454252395778894,scr1996,avaStIn,bevFrtRoadHeavy
NL,h0658,0.38626314885914326,scr1996,avaStIn,bevFrtRoadHeavy
NL,h0659,0.2971980180591345,scr1996,avaStIn,bevFrtRoadHeavy
NL,h0660,0.2128063989803195,scr1996,avaStIn,bevFrtRoadHeavy
NL,h0661,0.19147246051579714,scr1996,avaStIn,bevFrtRoadHeavy
NL,h0662,0.23939442448318005,scr1996,avaStIn,bevFrtRoadHeavy
NL,h0663,0.33773465547710657,scr1996,avaStIn,bevFrtRoadHeavy
NL,h0664,0.4292306089773774,scr1996,avaStIn,bevFrtRoadHeavy
NL,h0665,0.48910241574048996,scr1996,avaStIn,bevFrtRoadHeavy
NL,h0666,0.50565171148628,scr1996,avaStIn,bevFrtRoadHeavy
NL,h0667,0.4832738135010004,scr1996,avaStIn,bevFrtRoadHeavy
NL,h0668,0.43919973354786634,scr1996,avaStIn,bevFrtRoadHeavy
NL,h0669,0.39846182242035866,scr1996,avaStIn,bevFrtRoadHeavy
NL,h0670,0.3773895874619484,scr1996,avaStIn,bevFrtRoadHeavy
NL,h0671,0.3760024970397353,scr1996,avaStIn,bevFrtRoadHeavy
NL,h0672,0.3856293857097626,scr1996,avaStIn,bevFrtRoadHeavy
IE,h0625,0.493334568105638,scr1996,avaStIn,bevFrtRoadHeavy
IE,h0626,0.4632017435505986,scr1996,avaStIn,bevFrtRoadHeavy
IE,h0627,0.40586167201399803,scr1996,avaStIn,bevFrtRoadHeavy
IE,h0628,0.37542940117418766,scr1996,avaStIn,bevFrtRoadHeavy
IE,h0629,0.3494829321280122,scr1996,avaStIn,bevFrtRoadHeavy
IE,h0630,0.35885645542293787,scr1996,avaStIn,bevFrtRoadHeavy
IE,h0631,0.4271627999842167,scr1996,avaStIn,bevFrtRoadHeavy
IE,h0632,0.4666304625570774,scr1996,avaStIn,bevFrtRoadHeavy
IE,h0633,0.46454252395778894,scr1996,avaStIn,bevFrtRoadHeavy
IE,h0634,0.38626314885914326,scr1996,avaStIn,bevFrtRoadHeavy
IE,h0635,0.2971980180591345,scr1996,avaStIn,bevFrtRoadHeavy
IE,h0636,0.2128063989803195,scr1996,avaStIn,bevFrtRoadHeavy
IE,h0637,0.2991878082975745,scr1996,avaStIn,bevFrtRoadHeavy
IE,h0638,0.4032003190368414,scr1996,avaStIn,bevFrtRoadHeavy
IE,h0639,0.5064229620620608,scr1996,avaStIn,bevFrtRoadHeavy
IE,h0640,0.5258960900828242,scr1996,avaStIn,bevFrtRoadHeavy
IE,h0641,0.5311936661601067,scr1996,avaStIn,bevFrtRoadHeavy
IE,h0642,0.5191400740295649,scr1996,avaStIn,bevFrtRoadHeavy
IE,h0643,0.487999246455729,scr1996,avaStIn,bevFrtRoadHeavy
IE,h0644,0.453471252694726,scr1996,avaStIn,bevFrtRoadHeavy
IE,h0645,0.4424614943563938,scr1996,avaStIn,bevFrtRoadHeavy
IE,h0646,0.4500238401815295,scr1996,avaStIn,bevFrtRoadHeavy
IE,h0647,0.4798336382955313,scr1996,avaStIn,bevFrtRoadHeavy
IE,h0648,0.5094130309298635,scr1996,avaStIn,bevFrtRoadHeavy
IE,h0649,0.493334568105638,scr1996,avaStIn,bevFrtRoadHeavy
IE,h0650,0.4632017435505986,scr1996,avaStIn,bevFrtRoadHeavy
IE,h0651,0.40586167201399803,scr1996,avaStIn,bevFrtRoadHeavy
IE,h0652,0.37542940117418766,scr1996,avaStIn,bevFrtRoadHeavy
IE,h0653,0.3494829321280122,scr1996,avaStIn,bevFrtRoadHeavy
IE,h0654,0.35885645542293787,scr1996,avaStIn,bevFrtRoadHeavy
IE,h0655,0.4271627999842167,scr1996,avaStIn,bevFrtRoadHeavy
IE,h0656,0.4666304625570774,scr1996,avaStIn,bevFrtRoadHeavy
IE,h0657,0.46454252395778894,scr1996,avaStIn,bevFrtRoadHeavy
IE,h0658,0.38626314885914326,scr1996,avaStIn,bevFrtRoadHeavy
IE,h0659,0.2971980180591345,scr1996,avaStIn,bevFrtRoadHeavy
IE,h0660,0.2128063989803195,scr1996,avaStIn,bevFrtRoadHeavy
IE,h0661,0.19147246051579714,scr1996,avaStIn,bevFrtRoadHeavy
IE,h0662,0.23939442448318005,scr1996,avaStIn,bevFrtRoadHeavy
IE,h0663,0.33773465547710657,scr1996,avaStIn,bevFrtRoadHeavy
IE,h0664,0.4292306089773774,scr1996,avaStIn,bevFrtRoadHeavy
IE,h0665,0.48910241574048996,scr1996,avaStIn,bevFrtRoadHeavy
IE,h0666,0.50565171148628,scr1996,avaStIn,bevFrtRoadHeavy
IE,h0667,0.4832738135010004,scr1996,avaStIn,bevFrtRoadHeavy
IE,h0668,0.43919973354786634,scr1996,avaStIn,bevFrtRoadHeavy
IE,h0669,0.39846182242035866,scr1996,avaStIn,bevFrtRoadHeavy
IE,h0670,0.3773895874619484,scr1996,avaStIn,bevFrtRoadHeavy
IE,h0671,0.3760024970397353,scr1996,avaStIn,bevFrtRoadHeavy
IE,h0672,0.3856293857097626,scr1996,avaStIn,bevFrtRoadHeavy
HR,h0625,0.493334568105638,scr1996,avaStIn,bevFrtRoadHeavy
HR,h0626,0.4632017435505986,scr1996,avaStIn,bevFrtRoadHeavy
HR,h0627,0.40586167201399803,scr1996,avaStIn,bevFrtRoadHeavy
HR,h0628,0.37542940117418766,scr1996,avaStIn,bevFrtRoadHeavy
HR,h0629,0.3494829321280122,scr1996,avaStIn,bevFrtRoadHeavy
HR,h0630,0.35885645542293787,scr1996,avaStIn,bevFrtRoadHeavy
HR,h0631,0.4271627999842167,scr1996,avaStIn,bevFrtRoadHeavy
HR,h0632,0.4666304625570774,scr1996,avaStIn,bevFrtRoadHeavy
HR,h0633,0.46454252395778894,scr1996,avaStIn,bevFrtRoadHeavy
HR,h0634,0.38626314885914326,scr1996,avaStIn,bevFrtRoadHeavy
HR,h0635,0.2971980180591345,scr1996,avaStIn,bevFrtRoadHeavy
HR,h0636,0.2128063989803195,scr1996,avaStIn,bevFrtRoadHeavy
HR,h0637,0.2991878082975745,scr1996,avaStIn,bevFrtRoadHeavy
HR,h0638,0.4032003190368414,scr1996,avaStIn,bevFrtRoadHeavy
HR,h0639,0.5064229620620608,scr1996,avaStIn,bevFrtRoadHeavy
HR,h0640,0.5258960900828242,scr1996,avaStIn,bevFrtRoadHeavy
HR,h0641,0.5311936661601067,scr1996,avaStIn,bevFrtRoadHeavy
HR,h0642,0.5191400740295649,scr1996,avaStIn,bevFrtRoadHeavy
HR,h0643,0.487999246455729,scr1996,avaStIn,bevFrtRoadHeavy
HR,h0644,0.453471252694726,scr1996,avaStIn,bevFrtRoadHeavy
HR,h0645,0.4424614943563938,scr1996,avaStIn,bevFrtRoadHeavy
HR,h0646,0.4500238401815295,scr1996,avaStIn,bevFrtRoadHeavy
HR,h0647,0.4798336382955313,scr1996,avaStIn,bevFrtRoadHeavy
HR,h0648,0.5094130309298635,scr1996,avaStIn,bevFrtRoadHeavy
HR,h0649,0.493334568105638,scr1996,avaStIn,bevFrtRoadHeavy
HR,h0650,0.4632017435505986,scr1996,avaStIn,bevFrtRoadHeavy
HR,h0651,0.40586167201399803,scr1996,avaStIn,bevFrtRoadHeavy
HR,h0652,0.37542940117418766,scr1996,avaStIn,bevFrtRoadHeavy
HR,h0653,0.3494829321280122,scr1996,avaStIn,bevFrtRoadHeavy
HR,h0654,0.35885645542293787,scr1996,avaStIn,bevFrtRoadHeavy
HR,h0655,0.4271627999842167,scr1996,avaStIn,bevFrtRoadHeavy
HR,h0656,0.4666304625570774,scr1996,avaStIn,bevFrtRoadHeavy
HR,h0657,0.46454252395778894,scr1996,avaStIn,bevFrtRoadHeavy
HR,h0658,0.38626314885914326,scr1996,avaStIn,bevFrtRoadHeavy
HR,h0659,0.2971980180591345,scr1996,avaStIn,bevFrtRoadHeavy
HR,h0660,0.2128063989803195,scr1996,avaStIn,bevFrtRoadHeavy
HR,h0661,0.19147246051579714,scr1996,avaStIn,bevFrtRoadHeavy
HR,h0662,0.23939442448318005,scr1996,avaStIn,bevFrtRoadHeavy
HR,h0663,0.33773465547710657,scr1996,avaStIn,bevFrtRoadHeavy
HR,h0664,0.4292306089773774,scr1996,avaStIn,bevFrtRoadHeavy
HR,h0665,0.48910241574048996,scr1996,avaStIn,bevFrtRoadHeavy
HR,h0666,0.50565171148628,scr1996,avaStIn,bevFrtRoadHeavy
HR,h0667,0.4832738135010004,scr1996,avaStIn,bevFrtRoadHeavy
HR,h0668,0.43919973354786634,scr1996,avaStIn,bevFrtRoadHeavy
HR,h0669,0.39846182242035866,scr1996,avaStIn,bevFrtRoadHeavy
HR,h0670,0.3773895874619484,scr1996,avaStIn,bevFrtRoadHeavy
HR,h0671,0.3760024970397353,scr1996,avaStIn,bevFrtRoadHeavy
HR,h0672,0.3856293857097626,scr1996,avaStIn,bevFrtRoadHeavy
HU,h0625,0.493334568105638,scr1996,avaStIn,bevFrtRoadHeavy
HU,h0626,0.4632017435505986,scr1996,avaStIn,bevFrtRoadHeavy
HU,h0627,0.40586167201399803,scr1996,avaStIn,bevFrtRoadHeavy
HU,h0628,0.37542940117418766,scr1996,avaStIn,bevFrtRoadHeavy
HU,h0629,0.3494829321280122,scr1996,avaStIn,bevFrtRoadHeavy
HU,h0630,0.35885645542293787,scr1996,avaStIn,bevFrtRoadHeavy
HU,h0631,0.4271627999842167,scr1996,avaStIn,bevFrtRoadHeavy
HU,h0632,0.4666304625570774,scr1996,avaStIn,bevFrtRoadHeavy
HU,h0633,0.46454252395778894,scr1996,avaStIn,bevFrtRoadHeavy
HU,h0634,0.38626314885914326,scr1996,avaStIn,bevFrtRoadHeavy
HU,h0635,0.2971980180591345,scr1996,avaStIn,bevFrtRoadHeavy
HU,h0636,0.2128063989803195,scr1996,avaStIn,bevFrtRoadHeavy
HU,h0637,0.2991878082975745,scr1996,avaStIn,bevFrtRoadHeavy
HU,h0638,0.4032003190368414,scr1996,avaStIn,bevFrtRoadHeavy
HU,h0639,0.5064229620620608,scr1996,avaStIn,bevFrtRoadHeavy
HU,h0640,0.5258960900828242,scr1996,avaStIn,bevFrtRoadHeavy
HU,h0641,0.5311936661601067,scr1996,avaStIn,bevFrtRoadHeavy
HU,h0642,0.5191400740295649,scr1996,avaStIn,bevFrtRoadHeavy
HU,h0643,0.487999246455729,scr1996,avaStIn,bevFrtRoadHeavy
HU,h0644,0.453471252694726,scr1996,avaStIn,bevFrtRoadHeavy
HU,h0645,0.4424614943563938,scr1996,avaStIn,bevFrtRoadHeavy
HU,h0646,0.4500238401815295,scr1996,avaStIn,bevFrtRoadHeavy
HU,h0647,0.4798336382955313,scr1996,avaStIn,bevFrtRoadHeavy
HU,h0648,0.5094130309298635,scr1996,avaStIn,bevFrtRoadHeavy
HU,h0649,0.493334568105638,scr1996,avaStIn,bevFrtRoadHeavy
HU,h0650,0.4632017435505986,scr1996,avaStIn,bevFrtRoadHeavy
HU,h0651,0.40586167201399803,scr1996,avaStIn,bevFrtRoadHeavy
HU,h0652,0.37542940117418766,scr1996,avaStIn,bevFrtRoadHeavy
HU,h0653,0.3494829321280122,scr1996,avaStIn,bevFrtRoadHeavy
HU,h0654,0.35885645542293787,scr1996,avaStIn,bevFrtRoadHeavy
HU,h0655,0.4271627999842167,scr1996,avaStIn,bevFrtRoadHeavy
HU,h0656,0.4666304625570774,scr1996,avaStIn,bevFrtRoadHeavy
HU,h0657,0.46454252395778894,scr1996,avaStIn,bevFrtRoadHeavy
HU,h0658,0.38626314885914326,scr1996,avaStIn,bevFrtRoadHeavy
HU,h0659,0.2971980180591345,scr1996,avaStIn,bevFrtRoadHeavy
HU,h0660,0.2128063989803195,scr1996,avaStIn,bevFrtRoadHeavy
HU,h0661,0.19147246051579714,scr1996,avaStIn,bevFrtRoadHeavy
HU,h0662,0.23939442448318005,scr1996,avaStIn,bevFrtRoadHeavy
HU,h0663,0.33773465547710657,scr1996,avaStIn,bevFrtRoadHeavy
HU,h0664,0.4292306089773774,scr1996,avaStIn,bevFrtRoadHeavy
HU,h0665,0.48910241574048996,scr1996,avaStIn,bevFrtRoadHeavy
HU,h0666,0.50565171148628,scr1996,avaStIn,bevFrtRoadHeavy
HU,h0667,0.4832738135010004,scr1996,avaStIn,bevFrtRoadHeavy
HU,h0668,0.43919973354786634,scr1996,avaStIn,bevFrtRoadHeavy
HU,h0669,0.39846182242035866,scr1996,avaStIn,bevFrtRoadHeavy
HU,h0670,0.3773895874619484,scr1996,avaStIn,bevFrtRoadHeavy
HU,h0671,0.3760024970397353,scr1996,avaStIn,bevFrtRoadHeavy
HU,h0672,0.3856293857097626,scr1996,avaStIn,bevFrtRoadHeavy
MK,h0625,0.493334568105638,scr1996,avaStIn,bevFrtRoadHeavy
MK,h0626,0.4632017435505986,scr1996,avaStIn,bevFrtRoadHeavy
MK,h0627,0.40586167201399803,scr1996,avaStIn,bevFrtRoadHeavy
MK,h0628,0.37542940117418766,scr1996,avaStIn,bevFrtRoadHeavy
MK,h0629,0.3494829321280122,scr1996,avaStIn,bevFrtRoadHeavy
MK,h0630,0.35885645542293787,scr1996,avaStIn,bevFrtRoadHeavy
MK,h0631,0.4271627999842167,scr1996,avaStIn,bevFrtRoadHeavy
MK,h0632,0.4666304625570774,scr1996,avaStIn,bevFrtRoadHeavy
MK,h0633,0.46454252395778894,scr1996,avaStIn,bevFrtRoadHeavy
MK,h0634,0.38626314885914326,scr1996,avaStIn,bevFrtRoadHeavy
MK,h0635,0.2971980180591345,scr1996,avaStIn,bevFrtRoadHeavy
MK,h0636,0.2128063989803195,scr1996,avaStIn,bevFrtRoadHeavy
MK,h0637,0.2991878082975745,scr1996,avaStIn,bevFrtRoadHeavy
MK,h0638,0.4032003190368414,scr1996,avaStIn,bevFrtRoadHeavy
MK,h0639,0.5064229620620608,scr1996,avaStIn,bevFrtRoadHeavy
MK,h0640,0.5258960900828242,scr1996,avaStIn,bevFrtRoadHeavy
MK,h0641,0.5311936661601067,scr1996,avaStIn,bevFrtRoadHeavy
MK,h0642,0.5191400740295649,scr1996,avaStIn,bevFrtRoadHeavy
MK,h0643,0.487999246455729,scr1996,avaStIn,bevFrtRoadHeavy
MK,h0644,0.453471252694726,scr1996,avaStIn,bevFrtRoadHeavy
MK,h0645,0.4424614943563938,scr1996,avaStIn,bevFrtRoadHeavy
MK,h0646,0.4500238401815295,scr1996,avaStIn,bevFrtRoadHeavy
MK,h0647,0.4798336382955313,scr1996,avaStIn,bevFrtRoadHeavy
MK,h0648,0.5094130309298635,scr1996,avaStIn,bevFrtRoadHeavy
MK,h0649,0.493334568105638,scr1996,avaStIn,bevFrtRoadHeavy
MK,h0650,0.4632017435505986,scr1996,avaStIn,bevFrtRoadHeavy
MK,h0651,0.40586167201399803,scr1996,avaStIn,bevFrtRoadHeavy
MK,h0652,0.37542940117418766,scr1996,avaStIn,bevFrtRoadHeavy
MK,h0653,0.3494829321280122,scr1996,avaStIn,bevFrtRoadHeavy
MK,h0654,0.35885645542293787,scr1996,avaStIn,bevFrtRoadHeavy
MK,h0655,0.4271627999842167,scr1996,avaStIn,bevFrtRoadHeavy
MK,h0656,0.4666304625570774,scr1996,avaStIn,bevFrtRoadHeavy
MK,h0657,0.46454252395778894,scr1996,avaStIn,bevFrtRoadHeavy
MK,h0658,0.38626314885914326,scr1996,avaStIn,bevFrtRoadHeavy
MK,h0659,0.2971980180591345,scr1996,avaStIn,bevFrtRoadHeavy
MK,h0660,0.2128063989803195,scr1996,avaStIn,bevFrtRoadHeavy
MK,h0661,0.19147246051579714,scr1996,avaStIn,bevFrtRoadHeavy
MK,h0662,0.23939442448318005,scr1996,avaStIn,bevFrtRoadHeavy
MK,h0663,0.33773465547710657,scr1996,avaStIn,bevFrtRoadHeavy
MK,h0664,0.4292306089773774,scr1996,avaStIn,bevFrtRoadHeavy
MK,h0665,0.48910241574048996,scr1996,avaStIn,bevFrtRoadHeavy
MK,h0666,0.50565171148628,scr1996,avaStIn,bevFrtRoadHeavy
MK,h0667,0.4832738135010004,scr1996,avaStIn,bevFrtRoadHeavy
MK,h0668,0.43919973354786634,scr1996,avaStIn,bevFrtRoadHeavy
MK,h0669,0.39846182242035866,scr1996,avaStIn,bevFrtRoadHeavy
MK,h0670,0.3773895874619484,scr1996,avaStIn,bevFrtRoadHeavy
MK,h0671,0.3760024970397353,scr1996,avaStIn,bevFrtRoadHeavy
MK,h0672,0.3856293857097626,scr1996,avaStIn,bevFrtRoadHeavy
LV,h0625,0.493334568105638,scr1996,avaStIn,bevFrtRoadHeavy
LV,h0626,0.4632017435505986,scr1996,avaStIn,bevFrtRoadHeavy
LV,h0627,0.40586167201399803,scr1996,avaStIn,bevFrtRoadHeavy
LV,h0628,0.37542940117418766,scr1996,avaStIn,bevFrtRoadHeavy
LV,h0629,0.3494829321280122,scr1996,avaStIn,bevFrtRoadHeavy
LV,h0630,0.35885645542293787,scr1996,avaStIn,bevFrtRoadHeavy
LV,h0631,0.4271627999842167,scr1996,avaStIn,bevFrtRoadHeavy
LV,h0632,0.4666304625570774,scr1996,avaStIn,bevFrtRoadHeavy
LV,h0633,0.46454252395778894,scr1996,avaStIn,bevFrtRoadHeavy
LV,h0634,0.38626314885914326,scr1996,avaStIn,bevFrtRoadHeavy
LV,h0635,0.2971980180591345,scr1996,avaStIn,bevFrtRoadHeavy
LV,h0636,0.2128063989803195,scr1996,avaStIn,bevFrtRoadHeavy
LV,h0637,0.2991878082975745,scr1996,avaStIn,bevFrtRoadHeavy
LV,h0638,0.4032003190368414,scr1996,avaStIn,bevFrtRoadHeavy
LV,h0639,0.5064229620620608,scr1996,avaStIn,bevFrtRoadHeavy
LV,h0640,0.5258960900828242,scr1996,avaStIn,bevFrtRoadHeavy
LV,h0641,0.5311936661601067,scr1996,avaStIn,bevFrtRoadHeavy
LV,h0642,0.5191400740295649,scr1996,avaStIn,bevFrtRoadHeavy
LV,h0643,0.487999246455729,scr1996,avaStIn,bevFrtRoadHeavy
LV,h0644,0.453471252694726,scr1996,avaStIn,bevFrtRoadHeavy
LV,h0645,0.4424614943563938,scr1996,avaStIn,bevFrtRoadHeavy
LV,h0646,0.4500238401815295,scr1996,avaStIn,bevFrtRoadHeavy
LV,h0647,0.4798336382955313,scr1996,avaStIn,bevFrtRoadHeavy
LV,h0648,0.5094130309298635,scr1996,avaStIn,bevFrtRoadHeavy
LV,h0649,0.493334568105638,scr1996,avaStIn,bevFrtRoadHeavy
LV,h0650,0.4632017435505986,scr1996,avaStIn,bevFrtRoadHeavy
LV,h0651,0.40586167201399803,scr1996,avaStIn,bevFrtRoadHeavy
LV,h0652,0.37542940117418766,scr1996,avaStIn,bevFrtRoadHeavy
LV,h0653,0.3494829321280122,scr1996,avaStIn,bevFrtRoadHeavy
LV,h0654,0.35885645542293787,scr1996,avaStIn,bevFrtRoadHeavy
LV,h0655,0.4271627999842167,scr1996,avaStIn,bevFrtRoadHeavy
LV,h0656,0.4666304625570774,scr1996,avaStIn,bevFrtRoadHeavy
LV,h0657,0.46454252395778894,scr1996,avaStIn,bevFrtRoadHeavy
LV,h0658,0.38626314885914326,scr1996,avaStIn,bevFrtRoadHeavy
LV,h0659,0.2971980180591345,scr1996,avaStIn,bevFrtRoadHeavy
LV,h0660,0.2128063989803195,scr1996,avaStIn,bevFrtRoadHeavy
LV,h0661,0.19147246051579714,scr1996,avaStIn,bevFrtRoadHeavy
LV,h0662,0.23939442448318005,scr1996,avaStIn,bevFrtRoadHeavy
LV,h0663,0.33773465547710657,scr1996,avaStIn,bevFrtRoadHeavy
LV,h0664,0.4292306089773774,scr1996,avaStIn,bevFrtRoadHeavy
LV,h0665,0.48910241574048996,scr1996,avaStIn,bevFrtRoadHeavy
LV,h0666,0.50565171148628,scr1996,avaStIn,bevFrtRoadHeavy
LV,h0667,0.4832738135010004,scr1996,avaStIn,bevFrtRoadHeavy
LV,h0668,0.43919973354786634,scr1996,avaStIn,bevFrtRoadHeavy
LV,h0669,0.39846182242035866,scr1996,avaStIn,bevFrtRoadHeavy
LV,h0670,0.3773895874619484,scr1996,avaStIn,bevFrtRoadHeavy
LV,h0671,0.3760024970397353,scr1996,avaStIn,bevFrtRoadHeavy
LV,h0672,0.3856293857097626,scr1996,avaStIn,bevFrtRoadHeavy
ME,h0625,0.493334568105638,scr1996,avaStIn,bevFrtRoadHeavy
ME,h0626,0.4632017435505986,scr1996,avaStIn,bevFrtRoadHeavy
ME,h0627,0.40586167201399803,scr1996,avaStIn,bevFrtRoadHeavy
ME,h0628,0.37542940117418766,scr1996,avaStIn,bevFrtRoadHeavy
ME,h0629,0.3494829321280122,scr1996,avaStIn,bevFrtRoadHeavy
ME,h0630,0.35885645542293787,scr1996,avaStIn,bevFrtRoadHeavy
ME,h0631,0.4271627999842167,scr1996,avaStIn,bevFrtRoadHeavy
ME,h0632,0.4666304625570774,scr1996,avaStIn,bevFrtRoadHeavy
ME,h0633,0.46454252395778894,scr1996,avaStIn,bevFrtRoadHeavy
ME,h0634,0.38626314885914326,scr1996,avaStIn,bevFrtRoadHeavy
ME,h0635,0.2971980180591345,scr1996,avaStIn,bevFrtRoadHeavy
ME,h0636,0.2128063989803195,scr1996,avaStIn,bevFrtRoadHeavy
ME,h0637,0.2991878082975745,scr1996,avaStIn,bevFrtRoadHeavy
ME,h0638,0.4032003190368414,scr1996,avaStIn,bevFrtRoadHeavy
ME,h0639,0.5064229620620608,scr1996,avaStIn,bevFrtRoadHeavy
ME,h0640,0.5258960900828242,scr1996,avaStIn,bevFrtRoadHeavy
ME,h0641,0.5311936661601067,scr1996,avaStIn,bevFrtRoadHeavy
ME,h0642,0.5191400740295649,scr1996,avaStIn,bevFrtRoadHeavy
ME,h0643,0.487999246455729,scr1996,avaStIn,bevFrtRoadHeavy
ME,h0644,0.453471252694726,scr1996,avaStIn,bevFrtRoadHeavy
ME,h0645,0.4424614943563938,scr1996,avaStIn,bevFrtRoadHeavy
ME,h0646,0.4500238401815295,scr1996,avaStIn,bevFrtRoadHeavy
ME,h0647,0.4798336382955313,scr1996,avaStIn,bevFrtRoadHeavy
ME,h0648,0.5094130309298635,scr1996,avaStIn,bevFrtRoadHeavy
ME,h0649,0.493334568105638,scr1996,avaStIn,bevFrtRoadHeavy
ME,h0650,0.4632017435505986,scr1996,avaStIn,bevFrtRoadHeavy
ME,h0651,0.40586167201399803,scr1996,avaStIn,bevFrtRoadHeavy
ME,h0652,0.37542940117418766,scr1996,avaStIn,bevFrtRoadHeavy
ME,h0653,0.3494829321280122,scr1996,avaStIn,bevFrtRoadHeavy
ME,h0654,0.35885645542293787,scr1996,avaStIn,bevFrtRoadHeavy
ME,h0655,0.4271627999842167,scr1996,avaStIn,bevFrtRoadHeavy
ME,h0656,0.4666304625570774,scr1996,avaStIn,bevFrtRoadHeavy
ME,h0657,0.46454252395778894,scr1996,avaStIn,bevFrtRoadHeavy
ME,h0658,0.38626314885914326,scr1996,avaStIn,bevFrtRoadHeavy
ME,h0659,0.2971980180591345,scr1996,avaStIn,bevFrtRoadHeavy
ME,h0660,0.2128063989803195,scr1996,avaStIn,bevFrtRoadHeavy
ME,h0661,0.19147246051579714,scr1996,avaStIn,bevFrtRoadHeavy
ME,h0662,0.23939442448318005,scr1996,avaStIn,bevFrtRoadHeavy
ME,h0663,0.33773465547710657,scr1996,avaStIn,bevFrtRoadHeavy
ME,h0664,0.4292306089773774,scr1996,avaStIn,bevFrtRoadHeavy
ME,h0665,0.48910241574048996,scr1996,avaStIn,bevFrtRoadHeavy
ME,h0666,0.50565171148628,scr1996,avaStIn,bevFrtRoadHeavy
ME,h0667,0.4832738135010004,scr1996,avaStIn,bevFrtRoadHeavy
ME,h0668,0.43919973354786634,scr1996,avaStIn,bevFrtRoadHeavy
ME,h0669,0.39846182242035866,scr1996,avaStIn,bevFrtRoadHeavy
ME,h0670,0.3773895874619484,scr1996,avaStIn,bevFrtRoadHeavy
ME,h0671,0.3760024970397353,scr1996,avaStIn,bevFrtRoadHeavy
ME,h0672,0.3856293857097626,scr1996,avaStIn,bevFrtRoadHeavy
LT,h0625,0.493334568105638,scr1996,avaStIn,bevFrtRoadHeavy
LT,h0626,0.4632017435505986,scr1996,avaStIn,bevFrtRoadHeavy
LT,h0627,0.40586167201399803,scr1996,avaStIn,bevFrtRoadHeavy
LT,h0628,0.37542940117418766,scr1996,avaStIn,bevFrtRoadHeavy
LT,h0629,0.3494829321280122,scr1996,avaStIn,bevFrtRoadHeavy
LT,h0630,0.35885645542293787,scr1996,avaStIn,bevFrtRoadHeavy
LT,h0631,0.4271627999842167,scr1996,avaStIn,bevFrtRoadHeavy
LT,h0632,0.4666304625570774,scr1996,avaStIn,bevFrtRoadHeavy
LT,h0633,0.46454252395778894,scr1996,avaStIn,bevFrtRoadHeavy
LT,h0634,0.38626314885914326,scr1996,avaStIn,bevFrtRoadHeavy
LT,h0635,0.2971980180591345,scr1996,avaStIn,bevFrtRoadHeavy
LT,h0636,0.2128063989803195,scr1996,avaStIn,bevFrtRoadHeavy
LT,h0637,0.2991878082975745,scr1996,avaStIn,bevFrtRoadHeavy
LT,h0638,0.4032003190368414,scr1996,avaStIn,bevFrtRoadHeavy
LT,h0639,0.5064229620620608,scr1996,avaStIn,bevFrtRoadHeavy
LT,h0640,0.5258960900828242,scr1996,avaStIn,bevFrtRoadHeavy
LT,h0641,0.5311936661601067,scr1996,avaStIn,bevFrtRoadHeavy
LT,h0642,0.5191400740295649,scr1996,avaStIn,bevFrtRoadHeavy
LT,h0643,0.487999246455729,scr1996,avaStIn,bevFrtRoadHeavy
LT,h0644,0.453471252694726,scr1996,avaStIn,bevFrtRoadHeavy
LT,h0645,0.4424614943563938,scr1996,avaStIn,bevFrtRoadHeavy
LT,h0646,0.4500238401815295,scr1996,avaStIn,bevFrtRoadHeavy
LT,h0647,0.4798336382955313,scr1996,avaStIn,bevFrtRoadHeavy
LT,h0648,0.5094130309298635,scr1996,avaStIn,bevFrtRoadHeavy
LT,h0649,0.493334568105638,scr1996,avaStIn,bevFrtRoadHeavy
LT,h0650,0.4632017435505986,scr1996,avaStIn,bevFrtRoadHeavy
LT,h0651,0.40586167201399803,scr1996,avaStIn,bevFrtRoadHeavy
LT,h0652,0.37542940117418766,scr1996,avaStIn,bevFrtRoadHeavy
LT,h0653,0.3494829321280122,scr1996,avaStIn,bevFrtRoadHeavy
LT,h0654,0.35885645542293787,scr1996,avaStIn,bevFrtRoadHeavy
LT,h0655,0.4271627999842167,scr1996,avaStIn,bevFrtRoadHeavy
LT,h0656,0.4666304625570774,scr1996,avaStIn,bevFrtRoadHeavy
LT,h0657,0.46454252395778894,scr1996,avaStIn,bevFrtRoadHeavy
LT,h0658,0.38626314885914326,scr1996,avaStIn,bevFrtRoadHeavy
LT,h0659,0.2971980180591345,scr1996,avaStIn,bevFrtRoadHeavy
LT,h0660,0.2128063989803195,scr1996,avaStIn,bevFrtRoadHeavy
LT,h0661,0.19147246051579714,scr1996,avaStIn,bevFrtRoadHeavy
LT,h0662,0.23939442448318005,scr1996,avaStIn,bevFrtRoadHeavy
LT,h0663,0.33773465547710657,scr1996,avaStIn,bevFrtRoadHeavy
LT,h0664,0.4292306089773774,scr1996,avaStIn,bevFrtRoadHeavy
LT,h0665,0.48910241574048996,scr1996,avaStIn,bevFrtRoadHeavy
LT,h0666,0.50565171148628,scr1996,avaStIn,bevFrtRoadHeavy
LT,h0667,0.4832738135010004,scr1996,avaStIn,bevFrtRoadHeavy
LT,h0668,0.43919973354786634,scr1996,avaStIn,bevFrtRoadHeavy
LT,h0669,0.39846182242035866,scr1996,avaStIn,bevFrtRoadHeavy
LT,h0670,0.3773895874619484,scr1996,avaStIn,bevFrtRoadHeavy
LT,h0671,0.3760024970397353,scr1996,avaStIn,bevFrtRoadHeavy
LT,h0672,0.3856293857097626,scr1996,avaStIn,bevFrtRoadHeavy
LU,h0625,0.493334568105638,scr1996,avaStIn,bevFrtRoadHeavy
LU,h0626,0.4632017435505986,scr1996,avaStIn,bevFrtRoadHeavy
LU,h0627,0.40586167201399803,scr1996,avaStIn,bevFrtRoadHeavy
LU,h0628,0.37542940117418766,scr1996,avaStIn,bevFrtRoadHeavy
LU,h0629,0.3494829321280122,scr1996,avaStIn,bevFrtRoadHeavy
LU,h0630,0.35885645542293787,scr1996,avaStIn,bevFrtRoadHeavy
LU,h0631,0.4271627999842167,scr1996,avaStIn,bevFrtRoadHeavy
LU,h0632,0.4666304625570774,scr1996,avaStIn,bevFrtRoadHeavy
LU,h0633,0.46454252395778894,scr1996,avaStIn,bevFrtRoadHeavy
LU,h0634,0.38626314885914326,scr1996,avaStIn,bevFrtRoadHeavy
LU,h0635,0.2971980180591345,scr1996,avaStIn,bevFrtRoadHeavy
LU,h0636,0.2128063989803195,scr1996,avaStIn,bevFrtRoadHeavy
LU,h0637,0.2991878082975745,scr1996,avaStIn,bevFrtRoadHeavy
LU,h0638,0.4032003190368414,scr1996,avaStIn,bevFrtRoadHeavy
LU,h0639,0.5064229620620608,scr1996,avaStIn,bevFrtRoadHeavy
LU,h0640,0.5258960900828242,scr1996,avaStIn,bevFrtRoadHeavy
LU,h0641,0.5311936661601067,scr1996,avaStIn,bevFrtRoadHeavy
LU,h0642,0.5191400740295649,scr1996,avaStIn,bevFrtRoadHeavy
LU,h0643,0.487999246455729,scr1996,avaStIn,bevFrtRoadHeavy
LU,h0644,0.453471252694726,scr1996,avaStIn,bevFrtRoadHeavy
LU,h0645,0.4424614943563938,scr1996,avaStIn,bevFrtRoadHeavy
LU,h0646,0.4500238401815295,scr1996,avaStIn,bevFrtRoadHeavy
LU,h0647,0.4798336382955313,scr1996,avaStIn,bevFrtRoadHeavy
LU,h0648,0.5094130309298635,scr1996,avaStIn,bevFrtRoadHeavy
LU,h0649,0.493334568105638,scr1996,avaStIn,bevFrtRoadHeavy
LU,h0650,0.4632017435505986,scr1996,avaStIn,bevFrtRoadHeavy
LU,h0651,0.40586167201399803,scr1996,avaStIn,bevFrtRoadHeavy
LU,h0652,0.37542940117418766,scr1996,avaStIn,bevFrtRoadHeavy
LU,h0653,0.3494829321280122,scr1996,avaStIn,bevFrtRoadHeavy
LU,h0654,0.35885645542293787,scr1996,avaStIn,bevFrtRoadHeavy
LU,h0655,0.4271627999842167,scr1996,avaStIn,bevFrtRoadHeavy
LU,h0656,0.4666304625570774,scr1996,avaStIn,bevFrtRoadHeavy
LU,h0657,0.46454252395778894,scr1996,avaStIn,bevFrtRoadHeavy
LU,h0658,0.38626314885914326,scr1996,avaStIn,bevFrtRoadHeavy
LU,h0659,0.2971980180591345,scr1996,avaStIn,bevFrtRoadHeavy
LU,h0660,0.2128063989803195,scr1996,avaStIn,bevFrtRoadHeavy
LU,h0661,0.19147246051579714,scr1996,avaStIn,bevFrtRoadHeavy
LU,h0662,0.23939442448318005,scr1996,avaStIn,bevFrtRoadHeavy
LU,h0663,0.33773465547710657,scr1996,avaStIn,bevFrtRoadHeavy
LU,h0664,0.4292306089773774,scr1996,avaStIn,bevFrtRoadHeavy
LU,h0665,0.48910241574048996,scr1996,avaStIn,bevFrtRoadHeavy
LU,h0666,0.50565171148628,scr1996,avaStIn,bevFrtRoadHeavy
LU,h0667,0.4832738135010004,scr1996,avaStIn,bevFrtRoadHeavy
LU,h0668,0.43919973354786634,scr1996,avaStIn,bevFrtRoadHeavy
LU,h0669,0.39846182242035866,scr1996,avaStIn,bevFrtRoadHeavy
LU,h0670,0.3773895874619484,scr1996,avaStIn,bevFrtRoadHeavy
LU,h0671,0.3760024970397353,scr1996,avaStIn,bevFrtRoadHeavy
LU,h0672,0.3856293857097626,scr1996,avaStIn,bevFrtRoadHeavy
NO,h0625,0.493334568105638,scr1996,avaStIn,bevFrtRoadHeavy
NO,h0626,0.4632017435505986,scr1996,avaStIn,bevFrtRoadHeavy
NO,h0627,0.40586167201399803,scr1996,avaStIn,bevFrtRoadHeavy
NO,h0628,0.37542940117418766,scr1996,avaStIn,bevFrtRoadHeavy
NO,h0629,0.3494829321280122,scr1996,avaStIn,bevFrtRoadHeavy
NO,h0630,0.35885645542293787,scr1996,avaStIn,bevFrtRoadHeavy
NO,h0631,0.4271627999842167,scr1996,avaStIn,bevFrtRoadHeavy
NO,h0632,0.4666304625570774,scr1996,avaStIn,bevFrtRoadHeavy
NO,h0633,0.46454252395778894,scr1996,avaStIn,bevFrtRoadHeavy
NO,h0634,0.38626314885914326,scr1996,avaStIn,bevFrtRoadHeavy
NO,h0635,0.2971980180591345,scr1996,avaStIn,bevFrtRoadHeavy
NO,h0636,0.2128063989803195,scr1996,avaStIn,bevFrtRoadHeavy
NO,h0637,0.2991878082975745,scr1996,avaStIn,bevFrtRoadHeavy
NO,h0638,0.4032003190368414,scr1996,avaStIn,bevFrtRoadHeavy
NO,h0639,0.5064229620620608,scr1996,avaStIn,bevFrtRoadHeavy
NO,h0640,0.5258960900828242,scr1996,avaStIn,bevFrtRoadHeavy
NO,h0641,0.5311936661601067,scr1996,avaStIn,bevFrtRoadHeavy
NO,h0642,0.5191400740295649,scr1996,avaStIn,bevFrtRoadHeavy
NO,h0643,0.487999246455729,scr1996,avaStIn,bevFrtRoadHeavy
NO,h0644,0.453471252694726,scr1996,avaStIn,bevFrtRoadHeavy
NO,h0645,0.4424614943563938,scr1996,avaStIn,bevFrtRoadHeavy
NO,h0646,0.4500238401815295,scr1996,avaStIn,bevFrtRoadHeavy
NO,h0647,0.4798336382955313,scr1996,avaStIn,bevFrtRoadHeavy
NO,h0648,0.5094130309298635,scr1996,avaStIn,bevFrtRoadHeavy
NO,h0649,0.493334568105638,scr1996,avaStIn,bevFrtRoadHeavy
NO,h0650,0.4632017435505986,scr1996,avaStIn,bevFrtRoadHeavy
NO,h0651,0.40586167201399803,scr1996,avaStIn,bevFrtRoadHeavy
NO,h0652,0.37542940117418766,scr1996,avaStIn,bevFrtRoadHeavy
NO,h0653,0.3494829321280122,scr1996,avaStIn,bevFrtRoadHeavy
NO,h0654,0.35885645542293787,scr1996,avaStIn,bevFrtRoadHeavy
NO,h0655,0.4271627999842167,scr1996,avaStIn,bevFrtRoadHeavy
NO,h0656,0.4666304625570774,scr1996,avaStIn,bevFrtRoadHeavy
NO,h0657,0.46454252395778894,scr1996,avaStIn,bevFrtRoadHeavy
NO,h0658,0.38626314885914326,scr1996,avaStIn,bevFrtRoadHeavy
NO,h0659,0.2971980180591345,scr1996,avaStIn,bevFrtRoadHeavy
NO,h0660,0.2128063989803195,scr1996,avaStIn,bevFrtRoadHeavy
NO,h0661,0.19147246051579714,scr1996,avaStIn,bevFrtRoadHeavy
NO,h0662,0.23939442448318005,scr1996,avaStIn,bevFrtRoadHeavy
NO,h0663,0.33773465547710657,scr1996,avaStIn,bevFrtRoadHeavy
NO,h0664,0.4292306089773774,scr1996,avaStIn,bevFrtRoadHeavy
NO,h0665,0.48910241574048996,scr1996,avaStIn,bevFrtRoadHeavy
NO,h0666,0.50565171148628,scr1996,avaStIn,bevFrtRoadHeavy
NO,h0667,0.4832738135010004,scr1996,avaStIn,bevFrtRoadHeavy
NO,h0668,0.43919973354786634,scr1996,avaStIn,bevFrtRoadHeavy
NO,h0669,0.39846182242035866,scr1996,avaStIn,bevFrtRoadHeavy
NO,h0670,0.3773895874619484,scr1996,avaStIn,bevFrtRoadHeavy
NO,h0671,0.3760024970397353,scr1996,avaStIn,bevFrtRoadHeavy
NO,h0672,0.3856293857097626,scr1996,avaStIn,bevFrtRoadHeavy
PL,h0625,0.493334568105638,scr1996,avaStIn,bevFrtRoadHeavy
PL,h0626,0.4632017435505986,scr1996,avaStIn,bevFrtRoadHeavy
PL,h0627,0.40586167201399803,scr1996,avaStIn,bevFrtRoadHeavy
PL,h0628,0.37542940117418766,scr1996,avaStIn,bevFrtRoadHeavy
PL,h0629,0.3494829321280122,scr1996,avaStIn,bevFrtRoadHeavy
PL,h0630,0.35885645542293787,scr1996,avaStIn,bevFrtRoadHeavy
PL,h0631,0.4271627999842167,scr1996,avaStIn,bevFrtRoadHeavy
PL,h0632,0.4666304625570774,scr1996,avaStIn,bevFrtRoadHeavy
PL,h0633,0.46454252395778894,scr1996,avaStIn,bevFrtRoadHeavy
PL,h0634,0.38626314885914326,scr1996,avaStIn,bevFrtRoadHeavy
PL,h0635,0.2971980180591345,scr1996,avaStIn,bevFrtRoadHeavy
PL,h0636,0.2128063989803195,scr1996,avaStIn,bevFrtRoadHeavy
PL,h0637,0.2991878082975745,scr1996,avaStIn,bevFrtRoadHeavy
PL,h0638,0.4032003190368414,scr1996,avaStIn,bevFrtRoadHeavy
PL,h0639,0.5064229620620608,scr1996,avaStIn,bevFrtRoadHeavy
PL,h0640,0.5258960900828242,scr1996,avaStIn,bevFrtRoadHeavy
PL,h0641,0.5311936661601067,scr1996,avaStIn,bevFrtRoadHeavy
PL,h0642,0.5191400740295649,scr1996,avaStIn,bevFrtRoadHeavy
PL,h0643,0.487999246455729,scr1996,avaStIn,bevFrtRoadHeavy
PL,h0644,0.453471252694726,scr1996,avaStIn,bevFrtRoadHeavy
PL,h0645,0.4424614943563938,scr1996,avaStIn,bevFrtRoadHeavy
PL,h0646,0.4500238401815295,scr1996,avaStIn,bevFrtRoadHeavy
PL,h0647,0.4798336382955313,scr1996,avaStIn,bevFrtRoadHeavy
PL,h0648,0.5094130309298635,scr1996,avaStIn,bevFrtRoadHeavy
PL,h0649,0.493334568105638,scr1996,avaStIn,bevFrtRoadHeavy
PL,h0650,0.4632017435505986,scr1996,avaStIn,bevFrtRoadHeavy
PL,h0651,0.40586167201399803,scr1996,avaStIn,bevFrtRoadHeavy
PL,h0652,0.37542940117418766,scr1996,avaStIn,bevFrtRoadHeavy
PL,h0653,0.3494829321280122,scr1996,avaStIn,bevFrtRoadHeavy
PL,h0654,0.35885645542293787,scr1996,avaStIn,bevFrtRoadHeavy
PL,h0655,0.4271627999842167,scr1996,avaStIn,bevFrtRoadHeavy
PL,h0656,0.4666304625570774,scr1996,avaStIn,bevFrtRoadHeavy
PL,h0657,0.46454252395778894,scr1996,avaStIn,bevFrtRoadHeavy
PL,h0658,0.38626314885914326,scr1996,avaStIn,bevFrtRoadHeavy
PL,h0659,0.2971980180591345,scr1996,avaStIn,bevFrtRoadHeavy
PL,h0660,0.2128063989803195,scr1996,avaStIn,bevFrtRoadHeavy
PL,h0661,0.19147246051579714,scr1996,avaStIn,bevFrtRoadHeavy
PL,h0662,0.23939442448318005,scr1996,avaStIn,bevFrtRoadHeavy
PL,h0663,0.33773465547710657,scr1996,avaStIn,bevFrtRoadHeavy
PL,h0664,0.4292306089773774,scr1996,avaStIn,bevFrtRoadHeavy
PL,h0665,0.48910241574048996,scr1996,avaStIn,bevFrtRoadHeavy
PL,h0666,0.50565171148628,scr1996,avaStIn,bevFrtRoadHeavy
PL,h0667,0.4832738135010004,scr1996,avaStIn,bevFrtRoadHeavy
PL,h0668,0.43919973354786634,scr1996,avaStIn,bevFrtRoadHeavy
PL,h0669,0.39846182242035866,scr1996,avaStIn,bevFrtRoadHeavy
PL,h0670,0.3773895874619484,scr1996,avaStIn,bevFrtRoadHeavy
PL,h0671,0.3760024970397353,scr1996,avaStIn,bevFrtRoadHeavy
PL,h0672,0.3856293857097626,scr1996,avaStIn,bevFrtRoadHeavy
RO,h0625,0.493334568105638,scr1996,avaStIn,bevFrtRoadHeavy
RO,h0626,0.4632017435505986,scr1996,avaStIn,bevFrtRoadHeavy
RO,h0627,0.40586167201399803,scr1996,avaStIn,bevFrtRoadHeavy
RO,h0628,0.37542940117418766,scr1996,avaStIn,bevFrtRoadHeavy
RO,h0629,0.3494829321280122,scr1996,avaStIn,bevFrtRoadHeavy
RO,h0630,0.35885645542293787,scr1996,avaStIn,bevFrtRoadHeavy
RO,h0631,0.4271627999842167,scr1996,avaStIn,bevFrtRoadHeavy
RO,h0632,0.4666304625570774,scr1996,avaStIn,bevFrtRoadHeavy
RO,h0633,0.46454252395778894,scr1996,avaStIn,bevFrtRoadHeavy
RO,h0634,0.38626314885914326,scr1996,avaStIn,bevFrtRoadHeavy
RO,h0635,0.2971980180591345,scr1996,avaStIn,bevFrtRoadHeavy
RO,h0636,0.2128063989803195,scr1996,avaStIn,bevFrtRoadHeavy
RO,h0637,0.2991878082975745,scr1996,avaStIn,bevFrtRoadHeavy
RO,h0638,0.4032003190368414,scr1996,avaStIn,bevFrtRoadHeavy
RO,h0639,0.5064229620620608,scr1996,avaStIn,bevFrtRoadHeavy
RO,h0640,0.5258960900828242,scr1996,avaStIn,bevFrtRoadHeavy
RO,h0641,0.5311936661601067,scr1996,avaStIn,bevFrtRoadHeavy
RO,h0642,0.5191400740295649,scr1996,avaStIn,bevFrtRoadHeavy
RO,h0643,0.487999246455729,scr1996,avaStIn,bevFrtRoadHeavy
RO,h0644,0.453471252694726,scr1996,avaStIn,bevFrtRoadHeavy
RO,h0645,0.4424614943563938,scr1996,avaStIn,bevFrtRoadHeavy
RO,h0646,0.4500238401815295,scr1996,avaStIn,bevFrtRoadHeavy
RO,h0647,0.4798336382955313,scr1996,avaStIn,bevFrtRoadHeavy
RO,h0648,0.5094130309298635,scr1996,avaStIn,bevFrtRoadHeavy
RO,h0649,0.493334568105638,scr1996,avaStIn,bevFrtRoadHeavy
RO,h0650,0.4632017435505986,scr1996,avaStIn,bevFrtRoadHeavy
RO,h0651,0.40586167201399803,scr1996,avaStIn,bevFrtRoadHeavy
RO,h0652,0.37542940117418766,scr1996,avaStIn,bevFrtRoadHeavy
RO,h0653,0.3494829321280122,scr1996,avaStIn,bevFrtRoadHeavy
RO,h0654,0.35885645542293787,scr1996,avaStIn,bevFrtRoadHeavy
RO,h0655,0.4271627999842167,scr1996,avaStIn,bevFrtRoadHeavy
RO,h0656,0.4666304625570774,scr1996,avaStIn,bevFrtRoadHeavy
RO,h0657,0.46454252395778894,scr1996,avaStIn,bevFrtRoadHeavy
RO,h0658,0.38626314885914326,scr1996,avaStIn,bevFrtRoadHeavy
RO,h0659,0.2971980180591345,scr1996,avaStIn,bevFrtRoadHeavy
RO,h0660,0.2128063989803195,scr1996,avaStIn,bevFrtRoadHeavy
RO,h0661,0.19147246051579714,scr1996,avaStIn,bevFrtRoadHeavy
RO,h0662,0.23939442448318005,scr1996,avaStIn,bevFrtRoadHeavy
RO,h0663,0.33773465547710657,scr1996,avaStIn,bevFrtRoadHeavy
RO,h0664,0.4292306089773774,scr1996,avaStIn,bevFrtRoadHeavy
RO,h0665,0.48910241574048996,scr1996,avaStIn,bevFrtRoadHeavy
RO,h0666,0.50565171148628,scr1996,avaStIn,bevFrtRoadHeavy
RO,h0667,0.4832738135010004,scr1996,avaStIn,bevFrtRoadHeavy
RO,h0668,0.43919973354786634,scr1996,avaStIn,bevFrtRoadHeavy
RO,h0669,0.39846182242035866,scr1996,avaStIn,bevFrtRoadHeavy
RO,h0670,0.3773895874619484,scr1996,avaStIn,bevFrtRoadHeavy
RO,h0671,0.3760024970397353,scr1996,avaStIn,bevFrtRoadHeavy
RO,h0672,0.3856293857097626,scr1996,avaStIn,bevFrtRoadHeavy
PT,h0625,0.493334568105638,scr1996,avaStIn,bevFrtRoadHeavy
PT,h0626,0.4632017435505986,scr1996,avaStIn,bevFrtRoadHeavy
PT,h0627,0.40586167201399803,scr1996,avaStIn,bevFrtRoadHeavy
PT,h0628,0.37542940117418766,scr1996,avaStIn,bevFrtRoadHeavy
PT,h0629,0.3494829321280122,scr1996,avaStIn,bevFrtRoadHeavy
PT,h0630,0.35885645542293787,scr1996,avaStIn,bevFrtRoadHeavy
PT,h0631,0.4271627999842167,scr1996,avaStIn,bevFrtRoadHeavy
PT,h0632,0.4666304625570774,scr1996,avaStIn,bevFrtRoadHeavy
PT,h0633,0.46454252395778894,scr1996,avaStIn,bevFrtRoadHeavy
PT,h0634,0.38626314885914326,scr1996,avaStIn,bevFrtRoadHeavy
PT,h0635,0.2971980180591345,scr1996,avaStIn,bevFrtRoadHeavy
PT,h0636,0.2128063989803195,scr1996,avaStIn,bevFrtRoadHeavy
PT,h0637,0.2991878082975745,scr1996,avaStIn,bevFrtRoadHeavy
PT,h0638,0.4032003190368414,scr1996,avaStIn,bevFrtRoadHeavy
PT,h0639,0.5064229620620608,scr1996,avaStIn,bevFrtRoadHeavy
PT,h0640,0.5258960900828242,scr1996,avaStIn,bevFrtRoadHeavy
PT,h0641,0.5311936661601067,scr1996,avaStIn,bevFrtRoadHeavy
PT,h0642,0.5191400740295649,scr1996,avaStIn,bevFrtRoadHeavy
PT,h0643,0.487999246455729,scr1996,avaStIn,bevFrtRoadHeavy
PT,h0644,0.453471252694726,scr1996,avaStIn,bevFrtRoadHeavy
PT,h0645,0.4424614943563938,scr1996,avaStIn,bevFrtRoadHeavy
PT,h0646,0.4500238401815295,scr1996,avaStIn,bevFrtRoadHeavy
PT,h0647,0.4798336382955313,scr1996,avaStIn,bevFrtRoadHeavy
PT,h0648,0.5094130309298635,scr1996,avaStIn,bevFrtRoadHeavy
PT,h0649,0.493334568105638,scr1996,avaStIn,bevFrtRoadHeavy
PT,h0650,0.4632017435505986,scr1996,avaStIn,bevFrtRoadHeavy
PT,h0651,0.40586167201399803,scr1996,avaStIn,bevFrtRoadHeavy
PT,h0652,0.37542940117418766,scr1996,avaStIn,bevFrtRoadHeavy
PT,h0653,0.3494829321280122,scr1996,avaStIn,bevFrtRoadHeavy
PT,h0654,0.35885645542293787,scr1996,avaStIn,bevFrtRoadHeavy
PT,h0655,0.4271627999842167,scr1996,avaStIn,bevFrtRoadHeavy
PT,h0656,0.4666304625570774,scr1996,avaStIn,bevFrtRoadHeavy
PT,h0657,0.46454252395778894,scr1996,avaStIn,bevFrtRoadHeavy
PT,h0658,0.38626314885914326,scr1996,avaStIn,bevFrtRoadHeavy
PT,h0659,0.2971980180591345,scr1996,avaStIn,bevFrtRoadHeavy
PT,h0660,0.2128063989803195,scr1996,avaStIn,bevFrtRoadHeavy
PT,h0661,0.19147246051579714,scr1996,avaStIn,bevFrtRoadHeavy
PT,h0662,0.23939442448318005,scr1996,avaStIn,bevFrtRoadHeavy
PT,h0663,0.33773465547710657,scr1996,avaStIn,bevFrtRoadHeavy
PT,h0664,0.4292306089773774,scr1996,avaStIn,bevFrtRoadHeavy
PT,h0665,0.48910241574048996,scr1996,avaStIn,bevFrtRoadHeavy
PT,h0666,0.50565171148628,scr1996,avaStIn,bevFrtRoadHeavy
PT,h0667,0.4832738135010004,scr1996,avaStIn,bevFrtRoadHeavy
PT,h0668,0.43919973354786634,scr1996,avaStIn,bevFrtRoadHeavy
PT,h0669,0.39846182242035866,scr1996,avaStIn,bevFrtRoadHeavy
PT,h0670,0.3773895874619484,scr1996,avaStIn,bevFrtRoadHeavy
PT,h0671,0.3760024970397353,scr1996,avaStIn,bevFrtRoadHeavy
PT,h0672,0.3856293857097626,scr1996,avaStIn,bevFrtRoadHeavy
SK,h0625,0.493334568105638,scr1996,avaStIn,bevFrtRoadHeavy
SK,h0626,0.4632017435505986,scr1996,avaStIn,bevFrtRoadHeavy
SK,h0627,0.40586167201399803,scr1996,avaStIn,bevFrtRoadHeavy
SK,h0628,0.37542940117418766,scr1996,avaStIn,bevFrtRoadHeavy
SK,h0629,0.3494829321280122,scr1996,avaStIn,bevFrtRoadHeavy
SK,h0630,0.35885645542293787,scr1996,avaStIn,bevFrtRoadHeavy
SK,h0631,0.4271627999842167,scr1996,avaStIn,bevFrtRoadHeavy
SK,h0632,0.4666304625570774,scr1996,avaStIn,bevFrtRoadHeavy
SK,h0633,0.46454252395778894,scr1996,avaStIn,bevFrtRoadHeavy
SK,h0634,0.38626314885914326,scr1996,avaStIn,bevFrtRoadHeavy
SK,h0635,0.2971980180591345,scr1996,avaStIn,bevFrtRoadHeavy
SK,h0636,0.2128063989803195,scr1996,avaStIn,bevFrtRoadHeavy
SK,h0637,0.2991878082975745,scr1996,avaStIn,bevFrtRoadHeavy
SK,h0638,0.4032003190368414,scr1996,avaStIn,bevFrtRoadHeavy
SK,h0639,0.5064229620620608,scr1996,avaStIn,bevFrtRoadHeavy
SK,h0640,0.5258960900828242,scr1996,avaStIn,bevFrtRoadHeavy
SK,h0641,0.5311936661601067,scr1996,avaStIn,bevFrtRoadHeavy
SK,h0642,0.5191400740295649,scr1996,avaStIn,bevFrtRoadHeavy
SK,h0643,0.487999246455729,scr1996,avaStIn,bevFrtRoadHeavy
SK,h0644,0.453471252694726,scr1996,avaStIn,bevFrtRoadHeavy
SK,h0645,0.4424614943563938,scr1996,avaStIn,bevFrtRoadHeavy
SK,h0646,0.4500238401815295,scr1996,avaStIn,bevFrtRoadHeavy
SK,h0647,0.4798336382955313,scr1996,avaStIn,bevFrtRoadHeavy
SK,h0648,0.5094130309298635,scr1996,avaStIn,bevFrtRoadHeavy
SK,h0649,0.493334568105638,scr1996,avaStIn,bevFrtRoadHeavy
SK,h0650,0.4632017435505986,scr1996,avaStIn,bevFrtRoadHeavy
SK,h0651,0.40586167201399803,scr1996,avaStIn,bevFrtRoadHeavy
SK,h0652,0.37542940117418766,scr1996,avaStIn,bevFrtRoadHeavy
SK,h0653,0.3494829321280122,scr1996,avaStIn,bevFrtRoadHeavy
SK,h0654,0.35885645542293787,scr1996,avaStIn,bevFrtRoadHeavy
SK,h0655,0.4271627999842167,scr1996,avaStIn,bevFrtRoadHeavy
SK,h0656,0.4666304625570774,scr1996,avaStIn,bevFrtRoadHeavy
SK,h0657,0.46454252395778894,scr1996,avaStIn,bevFrtRoadHeavy
SK,h0658,0.38626314885914326,scr1996,avaStIn,bevFrtRoadHeavy
SK,h0659,0.2971980180591345,scr1996,avaStIn,bevFrtRoadHeavy
SK,h0660,0.2128063989803195,scr1996,avaStIn,bevFrtRoadHeavy
SK,h0661,0.19147246051579714,scr1996,avaStIn,bevFrtRoadHeavy
SK,h0662,0.23939442448318005,scr1996,avaStIn,bevFrtRoadHeavy
SK,h0663,0.33773465547710657,scr1996,avaStIn,bevFrtRoadHeavy
SK,h0664,0.4292306089773774,scr1996,avaStIn,bevFrtRoadHeavy
SK,h0665,0.48910241574048996,scr1996,avaStIn,bevFrtRoadHeavy
SK,h0666,0.50565171148628,scr1996,avaStIn,bevFrtRoadHeavy
SK,h0667,0.4832738135010004,scr1996,avaStIn,bevFrtRoadHeavy
SK,h0668,0.43919973354786634,scr1996,avaStIn,bevFrtRoadHeavy
SK,h0669,0.39846182242035866,scr1996,avaStIn,bevFrtRoadHeavy
SK,h0670,0.3773895874619484,scr1996,avaStIn,bevFrtRoadHeavy
SK,h0671,0.3760024970397353,scr1996,avaStIn,bevFrtRoadHeavy
SK,h0672,0.3856293857097626,scr1996,avaStIn,bevFrtRoadHeavy
SI,h0625,0.493334568105638,scr1996,avaStIn,bevFrtRoadHeavy
SI,h0626,0.4632017435505986,scr1996,avaStIn,bevFrtRoadHeavy
SI,h0627,0.40586167201399803,scr1996,avaStIn,bevFrtRoadHeavy
SI,h0628,0.37542940117418766,scr1996,avaStIn,bevFrtRoadHeavy
SI,h0629,0.3494829321280122,scr1996,avaStIn,bevFrtRoadHeavy
SI,h0630,0.35885645542293787,scr1996,avaStIn,bevFrtRoadHeavy
SI,h0631,0.4271627999842167,scr1996,avaStIn,bevFrtRoadHeavy
SI,h0632,0.4666304625570774,scr1996,avaStIn,bevFrtRoadHeavy
SI,h0633,0.46454252395778894,scr1996,avaStIn,bevFrtRoadHeavy
SI,h0634,0.38626314885914326,scr1996,avaStIn,bevFrtRoadHeavy
SI,h0635,0.2971980180591345,scr1996,avaStIn,bevFrtRoadHeavy
SI,h0636,0.2128063989803195,scr1996,avaStIn,bevFrtRoadHeavy
SI,h0637,0.2991878082975745,scr1996,avaStIn,bevFrtRoadHeavy
SI,h0638,0.4032003190368414,scr1996,avaStIn,bevFrtRoadHeavy
SI,h0639,0.5064229620620608,scr1996,avaStIn,bevFrtRoadHeavy
SI,h0640,0.5258960900828242,scr1996,avaStIn,bevFrtRoadHeavy
SI,h0641,0.5311936661601067,scr1996,avaStIn,bevFrtRoadHeavy
SI,h0642,0.5191400740295649,scr1996,avaStIn,bevFrtRoadHeavy
SI,h0643,0.487999246455729,scr1996,avaStIn,bevFrtRoadHeavy
SI,h0644,0.453471252694726,scr1996,avaStIn,bevFrtRoadHeavy
SI,h0645,0.4424614943563938,scr1996,avaStIn,bevFrtRoadHeavy
SI,h0646,0.4500238401815295,scr1996,avaStIn,bevFrtRoadHeavy
SI,h0647,0.4798336382955313,scr1996,avaStIn,bevFrtRoadHeavy
SI,h0648,0.5094130309298635,scr1996,avaStIn,bevFrtRoadHeavy
SI,h0649,0.493334568105638,scr1996,avaStIn,bevFrtRoadHeavy
SI,h0650,0.4632017435505986,scr1996,avaStIn,bevFrtRoadHeavy
SI,h0651,0.40586167201399803,scr1996,avaStIn,bevFrtRoadHeavy
SI,h0652,0.37542940117418766,scr1996,avaStIn,bevFrtRoadHeavy
SI,h0653,0.3494829321280122,scr1996,avaStIn,bevFrtRoadHeavy
SI,h0654,0.35885645542293787,scr1996,avaStIn,bevFrtRoadHeavy
SI,h0655,0.4271627999842167,scr1996,avaStIn,bevFrtRoadHeavy
SI,h0656,0.4666304625570774,scr1996,avaStIn,bevFrtRoadHeavy
SI,h0657,0.46454252395778894,scr1996,avaStIn,bevFrtRoadHeavy
SI,h0658,0.38626314885914326,scr1996,avaStIn,bevFrtRoadHeavy
SI,h0659,0.2971980180591345,scr1996,avaStIn,bevFrtRoadHeavy
SI,h0660,0.2128063989803195,scr1996,avaStIn,bevFrtRoadHeavy
SI,h0661,0.19147246051579714,scr1996,avaStIn,bevFrtRoadHeavy
SI,h0662,0.23939442448318005,scr1996,avaStIn,bevFrtRoadHeavy
SI,h0663,0.33773465547710657,scr1996,avaStIn,bevFrtRoadHeavy
SI,h0664,0.4292306089773774,scr1996,avaStIn,bevFrtRoadHeavy
SI,h0665,0.48910241574048996,scr1996,avaStIn,bevFrtRoadHeavy
SI,h0666,0.50565171148628,scr1996,avaStIn,bevFrtRoadHeavy
SI,h0667,0.4832738135010004,scr1996,avaStIn,bevFrtRoadHeavy
SI,h0668,0.43919973354786634,scr1996,avaStIn,bevFrtRoadHeavy
SI,h0669,0.39846182242035866,scr1996,avaStIn,bevFrtRoadHeavy
SI,h0670,0.3773895874619484,scr1996,avaStIn,bevFrtRoadHeavy
SI,h0671,0.3760024970397353,scr1996,avaStIn,bevFrtRoadHeavy
SI,h0672,0.3856293857097626,scr1996,avaStIn,bevFrtRoadHeavy
SE,h0625,0.493334568105638,scr1996,avaStIn,bevFrtRoadHeavy
SE,h0626,0.4632017435505986,scr1996,avaStIn,bevFrtRoadHeavy
SE,h0627,0.40586167201399803,scr1996,avaStIn,bevFrtRoadHeavy
SE,h0628,0.37542940117418766,scr1996,avaStIn,bevFrtRoadHeavy
SE,h0629,0.3494829321280122,scr1996,avaStIn,bevFrtRoadHeavy
SE,h0630,0.35885645542293787,scr1996,avaStIn,bevFrtRoadHeavy
SE,h0631,0.4271627999842167,scr1996,avaStIn,bevFrtRoadHeavy
SE,h0632,0.4666304625570774,scr1996,avaStIn,bevFrtRoadHeavy
SE,h0633,0.46454252395778894,scr1996,avaStIn,bevFrtRoadHeavy
SE,h0634,0.38626314885914326,scr1996,avaStIn,bevFrtRoadHeavy
SE,h0635,0.2971980180591345,scr1996,avaStIn,bevFrtRoadHeavy
SE,h0636,0.2128063989803195,scr1996,avaStIn,bevFrtRoadHeavy
SE,h0637,0.2991878082975745,scr1996,avaStIn,bevFrtRoadHeavy
SE,h0638,0.4032003190368414,scr1996,avaStIn,bevFrtRoadHeavy
SE,h0639,0.5064229620620608,scr1996,avaStIn,bevFrtRoadHeavy
SE,h0640,0.5258960900828242,scr1996,avaStIn,bevFrtRoadHeavy
SE,h0641,0.5311936661601067,scr1996,avaStIn,bevFrtRoadHeavy
SE,h0642,0.5191400740295649,scr1996,avaStIn,bevFrtRoadHeavy
SE,h0643,0.487999246455729,scr1996,avaStIn,bevFrtRoadHeavy
SE,h0644,0.453471252694726,scr1996,avaStIn,bevFrtRoadHeavy
SE,h0645,0.4424614943563938,scr1996,avaStIn,bevFrtRoadHeavy
SE,h0646,0.4500238401815295,scr1996,avaStIn,bevFrtRoadHeavy
SE,h0647,0.4798336382955313,scr1996,avaStIn,bevFrtRoadHeavy
SE,h0648,0.5094130309298635,scr1996,avaStIn,bevFrtRoadHeavy
SE,h0649,0.493334568105638,scr1996,avaStIn,bevFrtRoadHeavy
SE,h0650,0.4632017435505986,scr1996,avaStIn,bevFrtRoadHeavy
SE,h0651,0.40586167201399803,scr1996,avaStIn,bevFrtRoadHeavy
SE,h0652,0.37542940117418766,scr1996,avaStIn,bevFrtRoadHeavy
SE,h0653,0.3494829321280122,scr1996,avaStIn,bevFrtRoadHeavy
SE,h0654,0.35885645542293787,scr1996,avaStIn,bevFrtRoadHeavy
SE,h0655,0.4271627999842167,scr1996,avaStIn,bevFrtRoadHeavy
SE,h0656,0.4666304625570774,scr1996,avaStIn,bevFrtRoadHeavy
SE,h0657,0.46454252395778894,scr1996,avaStIn,bevFrtRoadHeavy
SE,h0658,0.38626314885914326,scr1996,avaStIn,bevFrtRoadHeavy
SE,h0659,0.2971980180591345,scr1996,avaStIn,bevFrtRoadHeavy
SE,h0660,0.2128063989803195,scr1996,avaStIn,bevFrtRoadHeavy
SE,h0661,0.19147246051579714,scr1996,avaStIn,bevFrtRoadHeavy
SE,h0662,0.23939442448318005,scr1996,avaStIn,bevFrtRoadHeavy
SE,h0663,0.33773465547710657,scr1996,avaStIn,bevFrtRoadHeavy
SE,h0664,0.4292306089773774,scr1996,avaStIn,bevFrtRoadHeavy
SE,h0665,0.48910241574048996,scr1996,avaStIn,bevFrtRoadHeavy
SE,h0666,0.50565171148628,scr1996,avaStIn,bevFrtRoadHeavy
SE,h0667,0.4832738135010004,scr1996,avaStIn,bevFrtRoadHeavy
SE,h0668,0.43919973354786634,scr1996,avaStIn,bevFrtRoadHeavy
SE,h0669,0.39846182242035866,scr1996,avaStIn,bevFrtRoadHeavy
SE,h0670,0.3773895874619484,scr1996,avaStIn,bevFrtRoadHeavy
SE,h0671,0.3760024970397353,scr1996,avaStIn,bevFrtRoadHeavy
SE,h0672,0.3856293857097626,scr1996,avaStIn,bevFrtRoadHeavy
UK,h0625,0.493334568105638,scr1996,avaStIn,bevFrtRoadHeavy
UK,h0626,0.4632017435505986,scr1996,avaStIn,bevFrtRoadHeavy
UK,h0627,0.40586167201399803,scr1996,avaStIn,bevFrtRoadHeavy
UK,h0628,0.37542940117418766,scr1996,avaStIn,bevFrtRoadHeavy
UK,h0629,0.3494829321280122,scr1996,avaStIn,bevFrtRoadHeavy
UK,h0630,0.35885645542293787,scr1996,avaStIn,bevFrtRoadHeavy
UK,h0631,0.4271627999842167,scr1996,avaStIn,bevFrtRoadHeavy
UK,h0632,0.4666304625570774,scr1996,avaStIn,bevFrtRoadHeavy
UK,h0633,0.46454252395778894,scr1996,avaStIn,bevFrtRoadHeavy
UK,h0634,0.38626314885914326,scr1996,avaStIn,bevFrtRoadHeavy
UK,h0635,0.2971980180591345,scr1996,avaStIn,bevFrtRoadHeavy
UK,h0636,0.2128063989803195,scr1996,avaStIn,bevFrtRoadHeavy
UK,h0637,0.2991878082975745,scr1996,avaStIn,bevFrtRoadHeavy
UK,h0638,0.4032003190368414,scr1996,avaStIn,bevFrtRoadHeavy
UK,h0639,0.5064229620620608,scr1996,avaStIn,bevFrtRoadHeavy
UK,h0640,0.5258960900828242,scr1996,avaStIn,bevFrtRoadHeavy
UK,h0641,0.5311936661601067,scr1996,avaStIn,bevFrtRoadHeavy
UK,h0642,0.5191400740295649,scr1996,avaStIn,bevFrtRoadHeavy
UK,h0643,0.487999246455729,scr1996,avaStIn,bevFrtRoadHeavy
UK,h0644,0.453471252694726,scr1996,avaStIn,bevFrtRoadHeavy
UK,h0645,0.4424614943563938,scr1996,avaStIn,bevFrtRoadHeavy
UK,h0646,0.4500238401815295,scr1996,avaStIn,bevFrtRoadHeavy
UK,h0647,0.4798336382955313,scr1996,avaStIn,bevFrtRoadHeavy
UK,h0648,0.5094130309298635,scr1996,avaStIn,bevFrtRoadHeavy
UK,h0649,0.493334568105638,scr1996,avaStIn,bevFrtRoadHeavy
UK,h0650,0.4632017435505986,scr1996,avaStIn,bevFrtRoadHeavy
UK,h0651,0.40586167201399803,scr1996,avaStIn,bevFrtRoadHeavy
UK,h0652,0.37542940117418766,scr1996,avaStIn,bevFrtRoadHeavy
UK,h0653,0.3494829321280122,scr1996,avaStIn,bevFrtRoadHeavy
UK,h0654,0.35885645542293787,scr1996,avaStIn,bevFrtRoadHeavy
UK,h0655,0.4271627999842167,scr1996,avaStIn,bevFrtRoadHeavy
UK,h0656,0.4666304625570774,scr1996,avaStIn,bevFrtRoadHeavy
UK,h0657,0.46454252395778894,scr1996,avaStIn,bevFrtRoadHeavy
UK,h0658,0.38626314885914326,scr1996,avaStIn,bevFrtRoadHeavy
UK,h0659,0.2971980180591345,scr1996,avaStIn,bevFrtRoadHeavy
UK,h0660,0.2128063989803195,scr1996,avaStIn,bevFrtRoadHeavy
UK,h0661,0.19147246051579714,scr1996,avaStIn,bevFrtRoadHeavy
UK,h0662,0.23939442448318005,scr1996,avaStIn,bevFrtRoadHeavy
UK,h0663,0.33773465547710657,scr1996,avaStIn,bevFrtRoadHeavy
UK,h0664,0.4292306089773774,scr1996,avaStIn,bevFrtRoadHeavy
UK,h0665,0.48910241574048996,scr1996,avaStIn,bevFrtRoadHeavy
UK,h0666,0.50565171148628,scr1996,avaStIn,bevFrtRoadHeavy
UK,h0667,0.4832738135010004,scr1996,avaStIn,bevFrtRoadHeavy
UK,h0668,0.43919973354786634,scr1996,avaStIn,bevFrtRoadHeavy
UK,h0669,0.39846182242035866,scr1996,avaStIn,bevFrtRoadHeavy
UK,h0670,0.3773895874619484,scr1996,avaStIn,bevFrtRoadHeavy
UK,h0671,0.3760024970397353,scr1996,avaStIn,bevFrtRoadHeavy
UK,h0672,0.3856293857097626,scr1996,avaStIn,bevFrtRoadHeavy
RS,h0625,0.493334568105638,scr1996,avaStIn,bevFrtRoadHeavy
RS,h0626,0.4632017435505986,scr1996,avaStIn,bevFrtRoadHeavy
RS,h0627,0.40586167201399803,scr1996,avaStIn,bevFrtRoadHeavy
RS,h0628,0.37542940117418766,scr1996,avaStIn,bevFrtRoadHeavy
RS,h0629,0.3494829321280122,scr1996,avaStIn,bevFrtRoadHeavy
RS,h0630,0.35885645542293787,scr1996,avaStIn,bevFrtRoadHeavy
RS,h0631,0.4271627999842167,scr1996,avaStIn,bevFrtRoadHeavy
RS,h0632,0.4666304625570774,scr1996,avaStIn,bevFrtRoadHeavy
RS,h0633,0.46454252395778894,scr1996,avaStIn,bevFrtRoadHeavy
RS,h0634,0.38626314885914326,scr1996,avaStIn,bevFrtRoadHeavy
RS,h0635,0.2971980180591345,scr1996,avaStIn,bevFrtRoadHeavy
RS,h0636,0.2128063989803195,scr1996,avaStIn,bevFrtRoadHeavy
RS,h0637,0.2991878082975745,scr1996,avaStIn,bevFrtRoadHeavy
RS,h0638,0.4032003190368414,scr1996,avaStIn,bevFrtRoadHeavy
RS,h0639,0.5064229620620608,scr1996,avaStIn,bevFrtRoadHeavy
RS,h0640,0.5258960900828242,scr1996,avaStIn,bevFrtRoadHeavy
RS,h0641,0.5311936661601067,scr1996,avaStIn,bevFrtRoadHeavy
RS,h0642,0.5191400740295649,scr1996,avaStIn,bevFrtRoadHeavy
RS,h0643,0.487999246455729,scr1996,avaStIn,bevFrtRoadHeavy
RS,h0644,0.453471252694726,scr1996,avaStIn,bevFrtRoadHeavy
RS,h0645,0.4424614943563938,scr1996,avaStIn,bevFrtRoadHeavy
RS,h0646,0.4500238401815295,scr1996,avaStIn,bevFrtRoadHeavy
RS,h0647,0.4798336382955313,scr1996,avaStIn,bevFrtRoadHeavy
RS,h0648,0.5094130309298635,scr1996,avaStIn,bevFrtRoadHeavy
RS,h0649,0.493334568105638,scr1996,avaStIn,bevFrtRoadHeavy
RS,h0650,0.4632017435505986,scr1996,avaStIn,bevFrtRoadHeavy
RS,h0651,0.40586167201399803,scr1996,avaStIn,bevFrtRoadHeavy
RS,h0652,0.37542940117418766,scr1996,avaStIn,bevFrtRoadHeavy
RS,h0653,0.3494829321280122,scr1996,avaStIn,bevFrtRoadHeavy
RS,h0654,0.35885645542293787,scr1996,avaStIn,bevFrtRoadHeavy
RS,h0655,0.4271627999842167,scr1996,avaStIn,bevFrtRoadHeavy
RS,h0656,0.4666304625570774,scr1996,avaStIn,bevFrtRoadHeavy
RS,h0657,0.46454252395778894,scr1996,avaStIn,bevFrtRoadHeavy
RS,h0658,0.38626314885914326,scr1996,avaStIn,bevFrtRoadHeavy
RS,h0659,0.2971980180591345,scr1996,avaStIn,bevFrtRoadHeavy
RS,h0660,0.2128063989803195,scr1996,avaStIn,bevFrtRoadHeavy
RS,h0661,0.19147246051579714,scr1996,avaStIn,bevFrtRoadHeavy
RS,h0662,0.23939442448318005,scr1996,avaStIn,bevFrtRoadHeavy
RS,h0663,0.33773465547710657,scr1996,avaStIn,bevFrtRoadHeavy
RS,h0664,0.4292306089773774,scr1996,avaStIn,bevFrtRoadHeavy
RS,h0665,0.48910241574048996,scr1996,avaStIn,bevFrtRoadHeavy
RS,h0666,0.50565171148628,scr1996,avaStIn,bevFrtRoadHeavy
RS,h0667,0.4832738135010004,scr1996,avaStIn,bevFrtRoadHeavy
RS,h0668,0.43919973354786634,scr1996,avaStIn,bevFrtRoadHeavy
RS,h0669,0.39846182242035866,scr1996,avaStIn,bevFrtRoadHeavy
RS,h0670,0.3773895874619484,scr1996,avaStIn,bevFrtRoadHeavy
RS,h0671,0.3760024970397353,scr1996,avaStIn,bevFrtRoadHeavy
RS,h0672,0.3856293857097626,scr1996,avaStIn,bevFrtRoadHeavy
BA,h0625,0.493334568105638,scr1996,avaStIn,bevFrtRoadHeavy
BA,h0626,0.4632017435505986,scr1996,avaStIn,bevFrtRoadHeavy
BA,h0627,0.40586167201399803,scr1996,avaStIn,bevFrtRoadHeavy
BA,h0628,0.37542940117418766,scr1996,avaStIn,bevFrtRoadHeavy
BA,h0629,0.3494829321280122,scr1996,avaStIn,bevFrtRoadHeavy
BA,h0630,0.35885645542293787,scr1996,avaStIn,bevFrtRoadHeavy
BA,h0631,0.4271627999842167,scr1996,avaStIn,bevFrtRoadHeavy
BA,h0632,0.4666304625570774,scr1996,avaStIn,bevFrtRoadHeavy
BA,h0633,0.46454252395778894,scr1996,avaStIn,bevFrtRoadHeavy
BA,h0634,0.38626314885914326,scr1996,avaStIn,bevFrtRoadHeavy
BA,h0635,0.2971980180591345,scr1996,avaStIn,bevFrtRoadHeavy
BA,h0636,0.2128063989803195,scr1996,avaStIn,bevFrtRoadHeavy
BA,h0637,0.2991878082975745,scr1996,avaStIn,bevFrtRoadHeavy
BA,h0638,0.4032003190368414,scr1996,avaStIn,bevFrtRoadHeavy
BA,h0639,0.5064229620620608,scr1996,avaStIn,bevFrtRoadHeavy
BA,h0640,0.5258960900828242,scr1996,avaStIn,bevFrtRoadHeavy
BA,h0641,0.5311936661601067,scr1996,avaStIn,bevFrtRoadHeavy
BA,h0642,0.5191400740295649,scr1996,avaStIn,bevFrtRoadHeavy
BA,h0643,0.487999246455729,scr1996,avaStIn,bevFrtRoadHeavy
BA,h0644,0.453471252694726,scr1996,avaStIn,bevFrtRoadHeavy
BA,h0645,0.4424614943563938,scr1996,avaStIn,bevFrtRoadHeavy
BA,h0646,0.4500238401815295,scr1996,avaStIn,bevFrtRoadHeavy
BA,h0647,0.4798336382955313,scr1996,avaStIn,bevFrtRoadHeavy
BA,h0648,0.5094130309298635,scr1996,avaStIn,bevFrtRoadHeavy
BA,h0649,0.493334568105638,scr1996,avaStIn,bevFrtRoadHeavy
BA,h0650,0.4632017435505986,scr1996,avaStIn,bevFrtRoadHeavy
BA,h0651,0.40586167201399803,scr1996,avaStIn,bevFrtRoadHeavy
BA,h0652,0.37542940117418766,scr1996,avaStIn,bevFrtRoadHeavy
BA,h0653,0.3494829321280122,scr1996,avaStIn,bevFrtRoadHeavy
BA,h0654,0.35885645542293787,scr1996,avaStIn,bevFrtRoadHeavy
BA,h0655,0.4271627999842167,scr1996,avaStIn,bevFrtRoadHeavy
BA,h0656,0.4666304625570774,scr1996,avaStIn,bevFrtRoadHeavy
BA,h0657,0.46454252395778894,scr1996,avaStIn,bevFrtRoadHeavy
BA,h0658,0.38626314885914326,scr1996,avaStIn,bevFrtRoadHeavy
BA,h0659,0.2971980180591345,scr1996,avaStIn,bevFrtRoadHeavy
BA,h0660,0.2128063989803195,scr1996,avaStIn,bevFrtRoadHeavy
BA,h0661,0.19147246051579714,scr1996,avaStIn,bevFrtRoadHeavy
BA,h0662,0.23939442448318005,scr1996,avaStIn,bevFrtRoadHeavy
BA,h0663,0.33773465547710657,scr1996,avaStIn,bevFrtRoadHeavy
BA,h0664,0.4292306089773774,scr1996,avaStIn,bevFrtRoadHeavy
BA,h0665,0.48910241574048996,scr1996,avaStIn,bevFrtRoadHeavy
BA,h0666,0.50565171148628,scr1996,avaStIn,bevFrtRoadHeavy
BA,h0667,0.4832738135010004,scr1996,avaStIn,bevFrtRoadHeavy
BA,h0668,0.43919973354786634,scr1996,avaStIn,bevFrtRoadHeavy
BA,h0669,0.39846182242035866,scr1996,avaStIn,bevFrtRoadHeavy
BA,h0670,0.3773895874619484,scr1996,avaStIn,bevFrtRoadHeavy
BA,h0671,0.3760024970397353,scr1996,avaStIn,bevFrtRoadHeavy
BA,h0672,0.3856293857097626,scr1996,avaStIn,bevFrtRoadHeavy
AL,h0625,0.493334568105638,scr1996,avaStIn,bevFrtRoadHeavy
AL,h0626,0.4632017435505986,scr1996,avaStIn,bevFrtRoadHeavy
AL,h0627,0.40586167201399803,scr1996,avaStIn,bevFrtRoadHeavy
AL,h0628,0.37542940117418766,scr1996,avaStIn,bevFrtRoadHeavy
AL,h0629,0.3494829321280122,scr1996,avaStIn,bevFrtRoadHeavy
AL,h0630,0.35885645542293787,scr1996,avaStIn,bevFrtRoadHeavy
AL,h0631,0.4271627999842167,scr1996,avaStIn,bevFrtRoadHeavy
AL,h0632,0.4666304625570774,scr1996,avaStIn,bevFrtRoadHeavy
AL,h0633,0.46454252395778894,scr1996,avaStIn,bevFrtRoadHeavy
AL,h0634,0.38626314885914326,scr1996,avaStIn,bevFrtRoadHeavy
AL,h0635,0.2971980180591345,scr1996,avaStIn,bevFrtRoadHeavy
AL,h0636,0.2128063989803195,scr1996,avaStIn,bevFrtRoadHeavy
AL,h0637,0.2991878082975745,scr1996,avaStIn,bevFrtRoadHeavy
AL,h0638,0.4032003190368414,scr1996,avaStIn,bevFrtRoadHeavy
AL,h0639,0.5064229620620608,scr1996,avaStIn,bevFrtRoadHeavy
AL,h0640,0.5258960900828242,scr1996,avaStIn,bevFrtRoadHeavy
AL,h0641,0.5311936661601067,scr1996,avaStIn,bevFrtRoadHeavy
AL,h0642,0.5191400740295649,scr1996,avaStIn,bevFrtRoadHeavy
AL,h0643,0.487999246455729,scr1996,avaStIn,bevFrtRoadHeavy
AL,h0644,0.453471252694726,scr1996,avaStIn,bevFrtRoadHeavy
AL,h0645,0.4424614943563938,scr1996,avaStIn,bevFrtRoadHeavy
AL,h0646,0.4500238401815295,scr1996,avaStIn,bevFrtRoadHeavy
AL,h0647,0.4798336382955313,scr1996,avaStIn,bevFrtRoadHeavy
AL,h0648,0.5094130309298635,scr1996,avaStIn,bevFrtRoadHeavy
AL,h0649,0.493334568105638,scr1996,avaStIn,bevFrtRoadHeavy
AL,h0650,0.4632017435505986,scr1996,avaStIn,bevFrtRoadHeavy
AL,h0651,0.40586167201399803,scr1996,avaStIn,bevFrtRoadHeavy
AL,h0652,0.37542940117418766,scr1996,avaStIn,bevFrtRoadHeavy
AL,h0653,0.3494829321280122,scr1996,avaStIn,bevFrtRoadHeavy
AL,h0654,0.35885645542293787,scr1996,avaStIn,bevFrtRoadHeavy
AL,h0655,0.4271627999842167,scr1996,avaStIn,bevFrtRoadHeavy
AL,h0656,0.4666304625570774,scr1996,avaStIn,bevFrtRoadHeavy
AL,h0657,0.46454252395778894,scr1996,avaStIn,bevFrtRoadHeavy
AL,h0658,0.38626314885914326,scr1996,avaStIn,bevFrtRoadHeavy
AL,h0659,0.2971980180591345,scr1996,avaStIn,bevFrtRoadHeavy
AL,h0660,0.2128063989803195,scr1996,avaStIn,bevFrtRoadHeavy
AL,h0661,0.19147246051579714,scr1996,avaStIn,bevFrtRoadHeavy
AL,h0662,0.23939442448318005,scr1996,avaStIn,bevFrtRoadHeavy
AL,h0663,0.33773465547710657,scr1996,avaStIn,bevFrtRoadHeavy
AL,h0664,0.4292306089773774,scr1996,avaStIn,bevFrtRoadHeavy
AL,h0665,0.48910241574048996,scr1996,avaStIn,bevFrtRoadHeavy
AL,h0666,0.50565171148628,scr1996,avaStIn,bevFrtRoadHeavy
AL,h0667,0.4832738135010004,scr1996,avaStIn,bevFrtRoadHeavy
AL,h0668,0.43919973354786634,scr1996,avaStIn,bevFrtRoadHeavy
AL,h0669,0.39846182242035866,scr1996,avaStIn,bevFrtRoadHeavy
AL,h0670,0.3773895874619484,scr1996,avaStIn,bevFrtRoadHeavy
AL,h0671,0.3760024970397353,scr1996,avaStIn,bevFrtRoadHeavy
AL,h0672,0.3856293857097626,scr1996,avaStIn,bevFrtRoadHeavy
